# seed = 4, gamma = 1.0, beta = 0.98, dee = 1.0, dcc = 25.0, dec = 50.0, dsCnd = 150.0, dLocalhost = 0.02, hostBroker = CLOUD 
#
# The columns have the following meaning: 
# instant[SECONDS] commCountUploadPartial delaySumUploadPartial[SECONDS] delayMaxUploadPartial[SECONDS] commCountUploadTot delaySumUploadTot[SECONDS] delayMaxUploadTot[SECONDS] commCountDownloadPartial delaySumDownloadPartial[SECONDS] delayMaxDownloadPartial[SECONDS] commCountDownloadTot delaySumDownloadTot[SECONDS] delayMaxDownloadTot[SECONDS] commCountDownloadMaxPartial delaySumDownloadMaxPartial[SECONDS] delayMaxDownloadMaxPartial[SECONDS] commCountDownloadMaxTot delaySumDownloadMaxTot[SECONDS] delayMaxDownloadMaxTot[SECONDS] runOnCloudPartial runOnEdgePartial runOnSmartphonePartial runOnCloudTot runOnEdgeTot runOnSmartphoneTot minTemp maxTemp avgTemp varianceTemp
0.0 0 0.0 0.0 0 0.0 0.0 0 0.0 0.0 0 0.0 0.0 0 0.0 0.0 0 0.0 0.0 0 0 0 0 0 0 17.0 25.0 21.0 0.0
900.0 376 60.27 0.2 376 60.27 0.2 15178 3358.17 0.29 15178 3358.17 0.29 370 73.58 0.29 370 73.58 0.29 6 10 294 6 10 294 18.9 21.0 19.37 0.77
1800.0 356 60.99 0.36 732 121.26 0.36 15458 147577.87 19.65 30636 150936.04 19.65 352 2999.8 19.65 722 3073.38 19.65 6 10 294 12 20 588 18.7 21.0 18.9 0.01
2700.0 310 60.16 0.21 1042 181.42 0.36 15115 3394.51 0.29 45751 154330.55 19.65 310 74.33 0.29 1032 3147.72 19.65 6 10 294 18 30 882 17.6 21.0 18.31 0.08
3600.0 310 60.16 0.21 1352 241.57 0.36 15112 3394.48 0.29 60863 157725.03 19.65 310 74.33 0.29 1342 3222.04 19.65 6 10 294 24 40 1176 17.6 21.0 18.24 0.07
4500.0 376 60.3 0.21 1728 301.87 0.36 15171 3394.52 0.29 76034 161119.54 19.65 370 74.33 0.29 1712 3296.38 19.65 6 10 294 30 50 1470 17.6 21.0 18.24 0.07
5400.0 356 61.0 0.36 2084 362.87 0.36 15473 9497.83 19.69 91507 170617.37 19.69 352 94.05 19.69 2064 3390.42 19.69 6 10 294 36 60 1764 17.6 21.0 18.24 0.07
6300.0 310 60.16 0.21 2394 423.03 0.36 15139 3405.36 0.3 106646 174022.72 19.69 310 74.47 0.3 2374 3464.89 19.69 6 10 294 42 70 2058 17.6 21.0 18.24 0.07
7200.0 310 60.16 0.21 2704 483.19 0.36 15137 3405.32 0.3 121783 177428.05 19.69 310 74.46 0.3 2684 3539.35 19.69 6 10 294 48 80 2352 17.6 21.0 18.26 0.06
8100.0 376 60.3 0.21 3080 543.5 0.36 15194 3405.36 0.3 136977 180833.41 19.69 370 74.47 0.3 3054 3613.82 19.69 6 10 294 54 90 2646 17.6 21.0 18.26 0.06
9000.0 356 60.99 0.36 3436 604.49 0.36 15492 9507.15 19.72 152469 190340.56 19.72 352 94.02 19.72 3406 3707.85 19.72 6 10 294 60 100 2940 17.6 21.0 18.26 0.06
9900.0 310 60.16 0.21 3746 664.65 0.36 15156 3403.27 0.29 167625 193743.82 19.72 310 74.38 0.29 3716 3782.23 19.72 6 10 294 66 110 3234 17.6 21.0 18.23 0.06
10800.0 310 60.16 0.21 4056 724.81 0.36 15161 3403.29 0.29 182786 197147.12 19.72 310 74.38 0.29 4026 3856.61 19.72 6 10 294 72 120 3528 17.6 21.0 18.16 0.07
11700.0 376 60.3 0.21 4432 785.11 0.36 15221 3403.27 0.29 198007 200550.39 19.72 370 74.38 0.29 4396 3930.99 19.72 6 10 294 78 130 3822 17.6 21.0 18.16 0.07
12600.0 354 60.94 0.36 4786 846.05 0.36 15175 3407.08 0.3 213182 203957.47 19.72 350 74.47 0.3 4746 4005.46 19.72 6 10 294 84 140 4116 17.6 21.0 18.16 0.07
13500.0 310 60.16 0.21 5096 906.22 0.36 15101 3406.87 0.3 228283 207364.34 19.72 310 74.46 0.3 5056 4079.92 19.72 6 10 294 90 150 4410 17.6 21.0 18.15 0.07
14400.0 310 60.16 0.21 5406 966.38 0.36 15105 3406.87 0.3 243388 210771.2 19.72 310 74.46 0.3 5366 4154.37 19.72 6 10 294 96 160 4704 17.6 21.0 18.14 0.07
15300.0 376 60.31 0.21 5782 1026.68 0.36 15165 3406.87 0.3 258553 214178.07 19.72 370 74.46 0.3 5736 4228.83 19.72 6 10 294 102 170 4998 17.6 21.0 18.14 0.07
16200.0 354 60.94 0.36 6136 1087.62 0.36 15136 3404.67 0.3 273689 217582.74 19.72 350 74.43 0.3 6086 4303.26 19.72 6 10 294 108 180 5292 17.6 21.0 18.14 0.07
17100.0 310 60.16 0.21 6446 1147.78 0.36 15099 3400.75 0.29 288788 220983.5 19.72 310 74.33 0.29 6396 4377.6 19.72 6 10 294 114 190 5586 17.6 21.0 18.12 0.06
18000.0 310 60.16 0.21 6756 1207.93 0.36 15100 3400.72 0.29 303888 224384.22 19.72 310 74.33 0.29 6706 4451.93 19.72 6 10 294 120 200 5880 17.6 21.0 18.11 0.07
18900.0 376 60.3 0.21 7132 1268.23 0.36 15159 3400.75 0.29 319047 227784.97 19.72 370 74.34 0.29 7076 4526.27 19.72 6 10 294 126 210 6174 17.6 21.0 18.11 0.07
19800.0 354 60.94 0.36 7486 1329.17 0.36 15132 3404.55 0.3 334179 231189.52 19.72 350 74.42 0.3 7426 4600.69 19.72 6 10 294 132 220 6468 17.6 21.0 18.11 0.07
20700.0 310 60.16 0.21 7796 1389.33 0.36 15102 3404.53 0.3 349281 234594.06 19.72 310 74.41 0.3 7736 4675.1 19.72 6 10 294 138 230 6762 17.6 21.0 18.09 0.06
21600.0 310 60.16 0.21 8106 1449.49 0.36 15101 3404.54 0.3 364382 237998.6 19.72 310 74.41 0.3 8046 4749.52 19.72 6 10 294 144 240 7056 17.6 21.0 18.08 0.06
22500.0 376 60.3 0.21 8482 1509.79 0.36 15160 3404.54 0.3 379542 241403.14 19.72 370 74.42 0.3 8416 4823.93 19.72 6 10 294 150 250 7350 17.6 21.0 18.08 0.06
23400.0 354 60.94 0.36 8836 1570.73 0.36 15128 3408.08 0.3 394670 244811.21 19.72 350 74.5 0.3 8766 4898.43 19.72 6 10 294 156 260 7644 17.6 21.0 18.08 0.06
24300.0 310 60.17 0.21 9146 1630.89 0.36 15084 3411.8 0.3 409754 248223.02 19.72 310 74.56 0.3 9076 4972.99 19.72 6 10 294 162 270 7938 17.6 21.0 18.07 0.06
25200.0 310 60.17 0.21 9456 1691.06 0.36 15095 3411.8 0.3 424849 251634.82 19.72 310 74.56 0.3 9386 5047.55 19.72 6 10 294 168 280 8232 17.5 21.0 18.05 0.06
26100.0 376 60.31 0.21 9832 1751.37 0.36 15155 3411.81 0.3 440004 255046.62 19.72 370 74.56 0.3 9756 5122.11 19.72 6 10 294 174 290 8526 17.5 21.0 18.05 0.06
27000.0 354 60.94 0.36 10186 1812.31 0.36 15127 3411.81 0.3 455131 258458.44 19.72 350 74.57 0.3 10106 5196.69 19.72 6 10 294 180 300 8820 17.5 21.0 18.05 0.06
27900.0 310 60.16 0.21 10496 1872.48 0.36 15088 3407.87 0.3 470219 261866.31 19.72 310 74.48 0.3 10416 5271.17 19.72 6 10 294 186 310 9114 17.5 21.0 18.02 0.06
28800.0 310 60.16 0.21 10806 1932.64 0.36 15096 3407.89 0.3 485315 265274.2 19.72 310 74.48 0.3 10726 5345.65 19.72 6 10 294 192 320 9408 17.5 21.0 18.01 0.06
29700.0 376 60.31 0.21 11182 1992.94 0.36 15155 3407.87 0.3 500470 268682.07 19.72 370 74.49 0.3 11096 5420.14 19.72 6 10 294 198 330 9702 17.5 21.0 18.01 0.06
30600.0 354 60.94 0.36 11536 2053.88 0.36 15118 3407.9 0.3 515588 272089.97 19.72 350 74.49 0.3 11446 5494.63 19.72 6 10 294 204 340 9996 17.5 21.0 18.01 0.06
31500.0 310 60.17 0.21 11846 2114.05 0.36 15086 3411.8 0.3 530674 275501.78 19.72 310 74.56 0.3 11756 5569.19 19.72 6 10 294 210 350 10290 17.5 21.0 17.98 0.06
32400.0 310 60.17 0.21 12156 2174.22 0.36 15090 3411.8 0.3 545764 278913.58 19.72 310 74.56 0.3 12066 5643.75 19.72 6 10 294 216 360 10584 17.4 21.0 17.97 0.06
33300.0 376 60.31 0.21 12532 2234.53 0.36 15150 3411.81 0.3 560914 282325.38 19.72 370 74.56 0.3 12436 5718.31 19.72 6 10 294 222 370 10878 17.4 21.0 17.97 0.06
34200.0 354 60.94 0.36 12886 2295.47 0.36 15112 3411.81 0.3 576026 285737.2 19.72 350 74.57 0.3 12786 5792.88 19.72 6 10 294 228 380 11172 17.4 21.0 17.97 0.06
35100.0 310 60.17 0.21 13196 2355.63 0.36 15080 3411.8 0.3 591106 289149.0 19.72 310 74.56 0.3 13096 5867.44 19.72 6 10 294 234 390 11466 17.4 21.0 17.95 0.06
36000.0 310 60.17 0.21 13506 2415.8 0.36 15095 3411.8 0.3 606201 292560.8 19.72 310 74.56 0.3 13406 5942.0 19.72 6 10 294 240 400 11760 17.4 21.0 17.92 0.06
36900.0 376 60.31 0.21 13882 2476.11 0.36 15155 3411.81 0.3 621356 295972.61 19.72 370 74.56 0.3 13776 6016.57 19.72 6 10 294 246 410 12054 17.4 21.0 17.92 0.06
37800.0 354 60.94 0.36 14236 2537.05 0.36 15116 3403.02 0.29 636472 299375.63 19.72 350 74.39 0.29 14126 6090.96 19.72 6 10 294 252 420 12348 17.4 21.0 17.92 0.06
38700.0 310 60.16 0.21 14546 2597.2 0.36 15079 3402.99 0.29 651551 302778.62 19.72 310 74.38 0.29 14436 6165.34 19.72 6 10 294 258 430 12642 17.4 21.0 17.9 0.07
39600.0 310 60.16 0.21 14856 2657.36 0.36 15089 3403.0 0.29 666640 306181.62 19.72 310 74.38 0.29 14746 6239.72 19.72 6 10 294 264 440 12936 17.3 21.0 17.89 0.07
40500.0 376 60.3 0.21 15232 2717.67 0.36 15147 3402.99 0.29 681787 309584.61 19.72 370 74.38 0.29 15116 6314.11 19.72 6 10 294 270 450 13230 17.3 21.0 17.89 0.07
41400.0 354 60.94 0.36 15586 2778.61 0.36 15110 3411.81 0.3 696897 312996.43 19.72 350 74.57 0.3 15466 6388.68 19.72 6 10 294 276 460 13524 17.3 21.0 17.89 0.07
42300.0 310 60.16 0.21 15896 2838.77 0.36 15086 3408.06 0.3 711983 316404.48 19.72 310 74.49 0.3 15776 6463.16 19.72 6 10 294 282 470 13818 17.3 21.0 17.86 0.07
43200.0 310 60.16 0.21 16206 2898.93 0.36 15089 3408.06 0.3 727072 319812.55 19.72 310 74.49 0.3 16086 6537.65 19.72 6 10 294 288 480 14112 17.2 21.0 17.85 0.08
44100.0 376 60.31 0.21 16582 2959.24 0.36 15148 3408.06 0.3 742220 323220.6 19.72 370 74.49 0.3 16456 6612.14 19.72 6 10 294 294 490 14406 17.2 21.0 17.85 0.08
45000.0 354 60.94 0.36 16936 3020.18 0.36 15100 3408.08 0.3 757320 326628.68 19.72 350 74.5 0.3 16806 6686.64 19.72 6 10 294 300 500 14700 17.2 21.0 17.85 0.08
45900.0 310 60.16 0.21 17246 3080.34 0.36 15072 3407.64 0.3 772392 330036.32 19.72 310 74.47 0.3 17116 6761.11 19.72 6 10 294 306 510 14994 17.2 21.0 17.82 0.09
46800.0 310 60.16 0.21 17556 3140.5 0.36 15082 3407.64 0.3 787474 333443.96 19.72 310 74.47 0.3 17426 6835.58 19.72 6 10 294 312 520 15288 17.2 21.0 17.81 0.09
47700.0 376 60.31 0.21 17932 3200.81 0.36 15142 3407.64 0.3 802616 336851.6 19.72 370 74.48 0.3 17796 6910.06 19.72 6 10 294 318 530 15582 17.2 21.0 17.81 0.09
48600.0 354 60.94 0.36 18286 3261.75 0.36 15099 3407.65 0.3 817715 340259.25 19.72 350 74.48 0.3 18146 6984.54 19.72 6 10 294 324 540 15876 17.2 21.0 17.81 0.09
49500.0 310 60.17 0.21 18596 3321.92 0.36 15076 3411.8 0.3 832791 343671.05 19.72 310 74.56 0.3 18456 7059.11 19.72 6 10 294 330 550 16170 17.2 21.0 17.78 0.1
50400.0 310 60.17 0.21 18906 3382.08 0.36 15096 3411.8 0.3 847887 347082.85 19.72 310 74.56 0.3 18766 7133.67 19.72 6 10 294 336 560 16464 17.1 21.0 17.76 0.1
51300.0 376 60.31 0.21 19282 3442.39 0.36 15156 3411.81 0.3 863043 350494.66 19.72 370 74.56 0.3 19136 7208.23 19.72 6 10 294 342 570 16758 17.1 21.0 17.76 0.1
52200.0 354 60.94 0.36 19636 3503.34 0.36 15109 3411.81 0.3 878152 353906.47 19.72 350 74.57 0.3 19486 7282.8 19.72 6 10 294 348 580 17052 17.1 21.0 17.76 0.1
53100.0 310 60.17 0.21 19946 3563.5 0.36 15060 3411.8 0.3 893212 357318.28 19.72 310 74.56 0.3 19796 7357.36 19.72 6 10 294 354 590 17346 17.1 21.0 17.75 0.11
54000.0 310 60.17 0.21 20256 3623.67 0.36 15066 3411.8 0.3 908278 360730.08 19.72 310 74.56 0.3 20106 7431.92 19.72 6 10 294 360 600 17640 17.1 21.0 17.74 0.11
54900.0 376 60.31 0.21 20632 3683.98 0.36 15125 3411.81 0.3 923403 364141.88 19.72 370 74.56 0.3 20476 7506.48 19.72 6 10 294 366 610 17934 17.1 21.0 17.74 0.11
55800.0 354 60.94 0.36 20986 3744.92 0.36 15094 3411.81 0.3 938497 367553.7 19.72 350 74.57 0.3 20826 7581.05 19.72 6 10 294 372 620 18228 17.1 21.0 17.74 0.11
56700.0 310 60.17 0.21 21296 3805.09 0.36 15070 3411.8 0.3 953567 370965.5 19.72 310 74.56 0.3 21136 7655.61 19.72 6 10 294 378 630 18522 17.1 21.0 17.72 0.12
57600.0 310 60.17 0.21 21606 3865.25 0.36 15077 3411.8 0.3 968644 374377.3 19.72 310 74.56 0.3 21446 7730.17 19.72 6 10 294 384 640 18816 17.1 21.0 17.7 0.12
58500.0 376 60.31 0.21 21982 3925.56 0.36 15137 3411.81 0.3 983781 377789.11 19.72 370 74.56 0.3 21816 7804.73 19.72 6 10 294 390 650 19110 17.1 21.0 17.7 0.12
59400.0 354 60.94 0.36 22336 3986.5 0.36 15087 3406.88 0.3 998868 381195.99 19.72 350 74.47 0.3 22166 7879.2 19.72 6 10 294 396 660 19404 17.1 21.0 17.7 0.12
60300.0 310 60.16 0.21 22646 4046.66 0.36 15059 3406.87 0.3 1013927 384602.86 19.72 310 74.46 0.3 22476 7953.66 19.72 6 10 294 402 670 19698 17.0 21.0 17.68 0.13
61200.0 310 60.16 0.21 22956 4106.83 0.36 15073 3406.87 0.3 1029000 388009.72 19.72 310 74.46 0.3 22786 8028.12 19.72 6 10 294 408 680 19992 17.0 21.0 17.67 0.13
62100.0 376 60.31 0.21 23332 4167.13 0.36 15131 3406.87 0.3 1044131 391416.59 19.72 370 74.46 0.3 23156 8102.58 19.72 6 10 294 414 690 20286 17.0 21.0 17.67 0.13
63000.0 354 60.93 0.36 23686 4228.07 0.36 15091 3401.17 0.29 1059222 394817.77 19.72 350 74.35 0.29 23506 8176.93 19.72 6 10 294 420 700 20580 17.0 21.0 17.67 0.13
63900.0 310 60.15 0.21 23996 4288.22 0.36 15063 3397.16 0.29 1074285 398214.93 19.72 310 74.26 0.29 23816 8251.2 19.72 6 10 294 426 710 20874 17.0 21.0 17.66 0.14
64800.0 310 60.15 0.21 24306 4348.37 0.36 15067 3397.17 0.29 1089352 401612.1 19.72 310 74.26 0.29 24126 8325.46 19.72 6 10 294 432 720 21168 17.0 21.0 17.65 0.14
65700.0 376 60.29 0.21 24682 4408.66 0.36 15127 3397.16 0.29 1104479 405009.26 19.72 370 74.26 0.29 24496 8399.72 19.72 6 10 294 438 730 21462 17.0 21.0 17.65 0.14
66600.0 354 60.93 0.36 25036 4469.59 0.36 15084 3396.71 0.29 1119563 408405.97 19.72 350 74.26 0.29 24846 8473.99 19.72 6 10 294 444 740 21756 17.0 21.0 17.65 0.14
67500.0 310 60.15 0.21 25346 4529.74 0.36 15039 3393.2 0.29 1134602 411799.18 19.72 310 74.18 0.29 25156 8548.16 19.72 6 10 294 450 750 22050 17.0 21.0 17.64 0.15
68400.0 310 60.15 0.21 25656 4589.89 0.36 15046 3393.24 0.29 1149648 415192.42 19.72 310 74.18 0.29 25466 8622.34 19.72 6 10 294 456 760 22344 17.0 21.0 17.63 0.15
69300.0 376 60.29 0.21 26032 4650.19 0.36 15106 3393.2 0.29 1164754 418585.62 19.72 370 74.18 0.29 25836 8696.52 19.72 6 10 294 462 770 22638 17.0 21.0 17.63 0.15
70200.0 354 60.93 0.36 26386 4711.11 0.36 15079 3396.52 0.29 1179833 421982.15 19.72 350 74.26 0.29 26186 8770.78 19.72 6 10 294 468 780 22932 17.0 21.0 17.63 0.15
71100.0 310 60.15 0.21 26696 4771.27 0.36 15048 3396.53 0.29 1194881 425378.68 19.72 310 74.25 0.29 26496 8845.03 19.72 6 10 294 474 790 23226 17.0 21.0 17.63 0.15
72000.0 310 60.15 0.21 27006 4831.42 0.36 15052 3396.53 0.29 1209933 428775.21 19.72 310 74.25 0.29 26806 8919.28 19.72 6 10 294 480 800 23520 17.0 21.0 17.62 0.16
72900.0 376 60.29 0.21 27382 4891.71 0.36 15107 3396.54 0.29 1225040 432171.75 19.72 370 74.25 0.29 27176 8993.53 19.72 6 10 294 486 810 23814 17.0 21.0 17.62 0.16
73800.0 354 60.93 0.36 27736 4952.64 0.36 15075 3396.54 0.29 1240115 435568.29 19.72 350 74.26 0.29 27526 9067.79 19.72 6 10 294 492 820 24108 17.0 21.0 17.62 0.16
74700.0 310 60.16 0.21 28046 5012.8 0.36 15037 3400.87 0.29 1255152 438969.16 19.72 310 74.33 0.29 27836 9142.12 19.72 6 10 294 498 830 24402 17.0 21.0 17.61 0.16
75600.0 310 60.16 0.21 28356 5072.95 0.36 15036 3400.88 0.29 1270188 442370.04 19.72 310 74.33 0.29 28146 9216.46 19.72 6 10 294 504 840 24696 17.0 21.0 17.6 0.16
76500.0 376 60.3 0.21 28732 5133.25 0.36 15096 3400.88 0.29 1285284 445770.92 19.72 370 74.34 0.29 28516 9290.79 19.72 6 10 294 510 850 24990 17.0 21.0 17.6 0.16
77400.0 354 60.93 0.36 29086 5194.18 0.36 15066 3397.18 0.29 1300350 449168.1 19.72 350 74.27 0.29 28866 9365.07 19.72 6 10 294 516 860 25284 17.0 21.0 17.6 0.16
78300.0 310 60.15 0.21 29396 5254.34 0.36 15026 3397.16 0.29 1315376 452565.26 19.72 310 74.26 0.29 29176 9439.33 19.72 6 10 294 522 870 25578 17.0 21.0 17.6 0.16
79200.0 310 60.15 0.21 29706 5314.49 0.36 15032 3397.17 0.29 1330408 455962.43 19.72 310 74.26 0.29 29486 9513.59 19.72 6 10 294 528 880 25872 17.0 21.0 17.6 0.16
80100.0 376 60.29 0.21 30082 5374.78 0.36 15092 3397.16 0.29 1345500 459359.59 19.72 370 74.26 0.29 29856 9587.85 19.72 6 10 294 534 890 26166 17.0 21.0 17.6 0.16
81000.0 354 60.93 0.36 30436 5435.72 0.36 15058 3400.9 0.29 1360558 462760.49 19.72 350 74.34 0.29 30206 9662.2 19.72 6 10 294 540 900 26460 17.0 21.0 17.6 0.16
81900.0 310 60.16 0.21 30746 5495.88 0.36 15019 3404.41 0.29 1375577 466164.9 19.72 310 74.41 0.29 30516 9736.61 19.72 6 10 294 546 910 26754 17.0 21.0 17.59 0.15
82800.0 310 60.16 0.21 31056 5556.04 0.36 15019 3404.43 0.29 1390596 469569.33 19.72 310 74.41 0.29 30826 9811.02 19.72 6 10 294 552 920 27048 17.0 21.0 17.59 0.15
83700.0 376 60.3 0.21 31432 5616.34 0.36 15075 3404.41 0.29 1405671 472973.74 19.72 370 74.41 0.29 31196 9885.43 19.72 6 10 294 558 930 27342 17.0 21.0 17.59 0.15
84600.0 354 60.94 0.36 31786 5677.27 0.36 15050 3404.45 0.29 1420721 476378.19 19.72 350 74.42 0.29 31546 9959.86 19.72 6 10 294 564 940 27636 17.0 21.0 17.59 0.15
85500.0 310 60.16 0.21 32096 5737.43 0.36 15015 3400.71 0.29 1435736 479778.9 19.72 310 74.34 0.29 31856 10034.19 19.72 6 10 294 570 950 27930 17.0 21.0 17.6 0.14
86400.0 310 60.16 0.21 32406 5797.59 0.36 15015 3400.92 0.29 1450751 483179.82 19.72 310 74.33 0.29 32166 10108.53 19.72 6 10 294 576 960 28224 17.0 21.0 17.6 0.14
87300.0 376 60.3 0.21 32782 5857.89 0.36 15075 3400.91 0.29 1465826 486580.72 19.72 370 74.34 0.29 32536 10182.87 19.72 6 10 294 582 970 28518 17.0 21.0 17.6 0.14
88200.0 354 60.94 0.36 33136 5918.83 0.36 15045 3407.85 0.3 1480871 489988.57 19.72 350 74.48 0.3 32886 10257.35 19.72 6 10 294 588 980 28812 17.0 21.0 17.6 0.14
89100.0 310 60.17 0.21 33446 5978.99 0.36 15063 3412.0 0.3 1495934 493400.57 19.72 310 74.56 0.3 33196 10331.91 19.72 6 10 294 594 990 29106 17.1 21.0 17.62 0.11
90000.0 310 60.17 0.21 33756 6039.16 0.36 15097 3412.0 0.3 1511031 496812.58 19.72 310 74.56 0.3 33506 10406.47 19.72 6 10 294 600 1000 29400 17.1 21.0 17.7 0.08
90900.0 376 60.31 0.21 34132 6099.47 0.36 15157 3412.01 0.3 1526188 500224.58 19.72 370 74.56 0.3 33876 10481.03 19.72 6 10 294 606 1010 29694 17.1 21.0 17.7 0.08
91800.0 354 60.93 0.36 34486 6160.4 0.36 15111 3400.04 0.29 1541299 503624.62 19.72 350 74.33 0.29 34226 10555.36 19.72 6 10 294 612 1020 29988 17.1 21.0 17.71 0.08
92700.0 310 60.15 0.21 34796 6220.55 0.36 15141 3392.0 0.29 1556440 507016.62 19.72 310 74.16 0.29 34536 10629.52 19.72 6 10 294 618 1030 30282 17.1 23.8 19.22 2.12
93600.0 310 60.15 0.21 35106 6280.7 0.36 15144 3392.04 0.29 1571584 510408.66 19.72 310 74.16 0.29 34846 10703.68 19.72 6 10 294 624 1040 30576 17.1 23.8 20.55 4.71
94500.0 376 60.29 0.21 35482 6340.99 0.36 15199 3392.0 0.29 1586783 513800.66 19.72 370 74.16 0.29 35216 10777.84 19.72 6 10 294 630 1050 30870 17.1 23.8 20.55 4.71
95400.0 354 60.93 0.36 35836 6401.91 0.36 15173 3392.05 0.29 1601956 517192.72 19.72 350 74.17 0.29 35566 10852.01 19.72 6 10 294 636 1060 31164 17.1 23.8 20.55 4.72
96300.0 310 60.15 0.21 36146 6462.06 0.36 15136 3392.0 0.29 1617092 520584.72 19.72 310 74.16 0.29 35876 10926.16 19.72 6 10 294 642 1070 31458 17.4 24.0 20.94 4.53
97200.0 310 60.15 0.21 36456 6522.21 0.36 15131 3392.04 0.29 1632223 523976.76 19.72 310 74.16 0.29 36186 11000.32 19.72 6 10 294 648 1080 31752 17.4 24.0 21.06 4.69
98100.0 376 60.29 0.21 36832 6582.5 0.36 15190 3392.0 0.29 1647413 527368.76 19.72 370 74.16 0.29 36556 11074.48 19.72 6 10 294 654 1090 32046 17.4 24.0 21.06 4.69
99000.0 354 60.92 0.36 37186 6643.42 0.36 15168 3384.28 0.29 1662581 530753.03 19.72 350 74.01 0.29 36906 11148.49 19.72 6 10 294 660 1100 32340 17.4 24.0 21.06 4.69
99900.0 310 60.14 0.21 37496 6703.56 0.36 15135 3384.23 0.29 1677716 534137.26 19.72 310 74.0 0.29 37216 11222.5 19.72 6 10 294 666 1110 32634 17.7 24.0 21.37 3.91
100800.0 310 60.14 0.21 37806 6763.7 0.36 15135 3384.26 0.29 1692851 537521.53 19.72 310 74.0 0.29 37526 11296.5 19.72 6 10 294 672 1120 32928 17.7 24.0 21.42 3.89
101700.0 376 60.28 0.21 38182 6823.99 0.36 15195 3384.23 0.29 1708046 540905.75 19.72 370 74.01 0.29 37896 11370.51 19.72 6 10 294 678 1130 33222 17.8 24.0 21.43 3.88
102600.0 354 60.92 0.36 38536 6884.91 0.36 15163 3383.75 0.29 1723209 544289.51 19.72 350 74.0 0.29 38246 11444.5 19.72 6 10 294 684 1140 33516 17.8 24.0 21.43 3.88
103500.0 310 60.14 0.21 38846 6945.05 0.36 15132 3383.73 0.29 1738341 547673.23 19.72 310 73.99 0.29 38556 11518.5 19.72 6 10 294 690 1150 33810 18.2 24.0 21.67 3.12
104400.0 310 60.14 0.21 39156 7005.19 0.36 15131 3383.74 0.29 1753472 551056.98 19.72 310 73.99 0.29 38866 11592.48 19.72 6 10 294 696 1160 34104 18.2 24.0 21.73 3.12
105300.0 376 60.28 0.21 39532 7065.47 0.36 15187 3383.73 0.29 1768659 554440.7 19.72 370 73.99 0.29 39236 11666.48 19.72 6 10 294 702 1170 34398 18.5 24.0 21.73 3.11
106200.0 354 60.91 0.36 39886 7126.39 0.36 15164 3376.93 0.29 1783823 557817.63 19.72 350 73.86 0.29 39586 11740.34 19.72 6 10 294 708 1180 34692 18.5 24.0 21.73 3.11
107100.0 310 60.13 0.21 40196 7186.52 0.36 15123 3373.05 0.29 1798946 561190.68 19.72 310 73.78 0.29 39896 11814.12 19.72 6 10 294 714 1190 34986 18.8 24.0 21.73 2.86
108000.0 310 60.13 0.21 40506 7246.65 0.36 15122 3373.04 0.29 1814068 564563.72 19.72 310 73.77 0.29 40206 11887.89 19.72 6 10 294 720 1200 35280 18.8 24.0 21.74 2.86
108900.0 376 60.27 0.21 40882 7306.92 0.36 15181 3373.05 0.29 1829249 567936.77 19.72 370 73.78 0.29 40576 11961.67 19.72 6 10 294 726 1210 35574 18.9 24.0 21.74 2.86
109800.0 354 60.91 0.36 41236 7367.83 0.36 15160 3373.04 0.29 1844409 571309.81 19.72 350 73.77 0.29 40926 12035.44 19.72 6 10 294 732 1220 35868 18.9 24.0 21.74 2.86
110700.0 310 60.13 0.21 41546 7427.96 0.36 15119 3373.05 0.29 1859528 574682.86 19.72 310 73.78 0.29 41236 12109.22 19.72 6 10 294 738 1230 36162 18.9 24.0 21.63 2.79
111600.0 310 60.13 0.21 41856 7488.09 0.36 15114 3373.04 0.29 1874642 578055.89 19.72 310 73.77 0.29 41546 12182.99 19.72 6 10 294 744 1240 36456 18.9 23.9 21.56 2.66
112500.0 376 60.27 0.21 42232 7548.37 0.36 15173 3373.05 0.29 1889815 581428.95 19.72 370 73.78 0.29 41916 12256.77 19.72 6 10 294 750 1250 36750 18.9 23.9 21.56 2.66
113400.0 354 60.91 0.36 42586 7609.28 0.36 15152 3373.05 0.29 1904967 584801.99 19.72 350 73.78 0.29 42266 12330.55 19.72 6 10 294 756 1260 37044 18.9 23.9 21.56 2.66
114300.0 310 60.13 0.21 42896 7669.41 0.36 15114 3373.05 0.29 1920081 588175.04 19.72 310 73.78 0.29 42576 12404.33 19.72 6 10 294 762 1270 37338 18.9 24.0 23.33 0.17
115200.0 310 60.13 0.21 43206 7729.54 0.36 15114 3373.04 0.29 1935195 591548.08 19.72 310 73.77 0.29 42886 12478.1 19.72 6 10 294 768 1280 37632 18.9 24.0 23.49 0.12
116100.0 376 60.27 0.21 43582 7789.82 0.36 15174 3373.05 0.29 1950369 594921.13 19.72 370 73.78 0.29 43256 12551.88 19.72 6 10 294 774 1290 37926 21.0 24.0 23.5 0.05
117000.0 354 60.91 0.36 43936 7850.72 0.36 15153 3373.05 0.29 1965522 598294.18 19.72 350 73.78 0.29 43606 12625.66 19.72 6 10 294 780 1300 38220 21.0 24.0 23.5 0.05
117900.0 310 60.13 0.21 44246 7910.85 0.36 15113 3373.05 0.29 1980635 601667.23 19.72 310 73.78 0.29 43916 12699.44 19.72 6 10 294 786 1310 38514 21.0 24.0 23.56 0.04
118800.0 310 60.13 0.21 44556 7970.99 0.36 15113 3373.04 0.29 1995748 605040.27 19.72 310 73.77 0.29 44226 12773.21 19.72 6 10 294 792 1320 38808 21.0 24.0 23.59 0.04
119700.0 376 60.27 0.21 44932 8031.26 0.36 15171 3373.05 0.29 2010919 608413.32 19.72 370 73.78 0.29 44596 12846.99 19.72 6 10 294 798 1330 39102 21.0 24.0 23.59 0.04
120600.0 354 60.91 0.36 45286 8092.17 0.36 15151 3373.04 0.29 2026070 611786.36 19.72 350 73.77 0.29 44946 12920.76 19.72 6 10 294 804 1340 39396 21.0 24.0 23.59 0.04
121500.0 310 60.13 0.21 45596 8152.3 0.36 15110 3373.05 0.29 2041180 615159.4 19.72 310 73.78 0.29 45256 12994.54 19.72 6 10 294 810 1350 39690 21.0 24.0 23.63 0.03
122400.0 310 60.13 0.21 45906 8212.43 0.36 15103 3373.04 0.29 2056283 618532.44 19.72 310 73.77 0.29 45566 13068.31 19.72 6 10 294 816 1360 39984 21.0 24.0 23.65 0.03
123300.0 376 60.27 0.21 46282 8272.71 0.36 15163 3373.05 0.29 2071446 621905.49 19.72 370 73.78 0.29 45936 13142.09 19.72 6 10 294 822 1370 40278 21.0 24.0 23.65 0.03
124200.0 354 60.91 0.36 46636 8333.62 0.36 15143 3373.05 0.29 2086589 625278.54 19.72 350 73.78 0.29 46286 13215.87 19.72 6 10 294 828 1380 40572 21.0 24.0 23.65 0.03
125100.0 310 60.13 0.21 46946 8393.75 0.36 15100 3373.05 0.29 2101689 628651.59 19.72 310 73.78 0.29 46596 13289.65 19.72 6 10 294 834 1390 40866 21.0 24.0 23.69 0.03
126000.0 310 60.13 0.21 47256 8453.88 0.36 15099 3373.04 0.29 2116788 632024.63 19.72 310 73.77 0.29 46906 13363.42 19.72 6 10 294 840 1400 41160 21.0 24.0 23.71 0.03
126900.0 376 60.27 0.21 47632 8514.15 0.36 15155 3373.05 0.29 2131943 635397.68 19.72 370 73.78 0.29 47276 13437.2 19.72 6 10 294 846 1410 41454 21.0 24.0 23.71 0.03
127800.0 354 60.91 0.36 47986 8575.06 0.36 15133 3373.04 0.29 2147076 638770.72 19.72 350 73.77 0.29 47626 13510.97 19.72 6 10 294 852 1420 41748 21.0 24.0 23.71 0.03
128700.0 310 60.13 0.21 48296 8635.19 0.36 15093 3373.05 0.29 2162169 642143.77 19.72 310 73.78 0.29 47936 13584.75 19.72 6 10 294 858 1430 42042 21.0 24.0 23.74 0.03
129600.0 310 60.13 0.21 48606 8695.32 0.36 15093 3373.04 0.29 2177262 645516.8 19.72 310 73.77 0.29 48246 13658.52 19.72 6 10 294 864 1440 42336 21.0 24.0 23.76 0.03
130500.0 376 60.27 0.21 48982 8755.6 0.36 15153 3373.05 0.29 2192415 648889.85 19.72 370 73.78 0.29 48616 13732.3 19.72 6 10 294 870 1450 42630 21.0 24.0 23.76 0.03
131400.0 354 60.91 0.36 49336 8816.51 0.36 15132 3373.05 0.29 2207547 652262.9 19.72 350 73.78 0.29 48966 13806.08 19.72 6 10 294 876 1460 42924 21.0 24.0 23.76 0.03
132300.0 310 60.13 0.21 49646 8876.64 0.36 15091 3373.05 0.29 2222638 655635.95 19.72 310 73.78 0.29 49276 13879.86 19.72 6 10 294 882 1470 43218 21.0 24.0 23.78 0.03
133200.0 310 60.13 0.21 49956 8936.77 0.36 15088 3373.04 0.29 2237726 659008.99 19.72 310 73.77 0.29 49586 13953.63 19.72 6 10 294 888 1480 43512 21.0 24.0 23.79 0.03
134100.0 376 60.27 0.21 50332 8997.04 0.36 15147 3373.05 0.29 2252873 662382.04 19.72 370 73.78 0.29 49956 14027.41 19.72 6 10 294 894 1490 43806 21.0 24.0 23.79 0.03
135000.0 354 60.91 0.36 50686 9057.95 0.36 15127 3373.04 0.29 2268000 665755.08 19.72 350 73.77 0.29 50306 14101.18 19.72 6 10 294 900 1500 44100 21.0 24.0 23.8 0.03
135900.0 310 60.13 0.21 50996 9118.08 0.36 15084 3373.05 0.29 2283084 669128.13 19.72 310 73.78 0.29 50616 14174.96 19.72 6 10 294 906 1510 44394 21.0 24.0 23.82 0.03
136800.0 310 60.13 0.21 51306 9178.22 0.36 15084 3373.04 0.29 2298168 672501.16 19.72 310 73.77 0.29 50926 14248.73 19.72 6 10 294 912 1520 44688 21.0 24.0 23.83 0.03
137700.0 376 60.27 0.21 51682 9238.49 0.36 15144 3373.05 0.29 2313312 675874.21 19.72 370 73.78 0.29 51296 14322.51 19.72 6 10 294 918 1530 44982 21.0 24.0 23.83 0.03
138600.0 354 60.91 0.36 52036 9299.4 0.36 15121 3373.05 0.29 2328433 679247.26 19.72 350 73.78 0.29 51646 14396.29 19.72 6 10 294 924 1540 45276 21.0 24.0 23.83 0.03
139500.0 310 60.13 0.21 52346 9359.53 0.36 15081 3373.05 0.29 2343514 682620.31 19.72 310 73.78 0.29 51956 14470.07 19.72 6 10 294 930 1550 45570 21.0 24.0 23.84 0.03
140400.0 310 60.13 0.21 52656 9419.66 0.36 15080 3373.04 0.29 2358594 685993.35 19.72 310 73.77 0.29 52266 14543.84 19.72 6 10 294 936 1560 45864 21.0 24.0 23.85 0.03
141300.0 376 60.27 0.21 53032 9479.94 0.36 15137 3373.05 0.29 2373731 689366.4 19.72 370 73.78 0.29 52636 14617.62 19.72 6 10 294 942 1570 46158 21.0 24.0 23.85 0.03
142200.0 354 60.91 0.36 53386 9540.84 0.36 15117 3373.04 0.29 2388848 692739.44 19.72 350 73.77 0.29 52986 14691.39 19.72 6 10 294 948 1580 46452 21.0 24.0 23.85 0.03
143100.0 310 60.13 0.21 53696 9600.98 0.36 15077 3373.05 0.29 2403925 696112.49 19.72 310 73.78 0.29 53296 14765.17 19.72 6 10 294 954 1590 46746 21.0 24.0 23.87 0.03
144000.0 310 60.13 0.21 54006 9661.11 0.36 15075 3373.04 0.29 2419000 699485.52 19.72 310 73.77 0.29 53606 14838.94 19.72 6 10 294 960 1600 47040 21.0 24.0 23.88 0.03
144900.0 376 60.27 0.21 54382 9721.38 0.36 15135 3373.05 0.29 2434135 702858.57 19.72 370 73.78 0.29 53976 14912.72 19.72 6 10 294 966 1610 47334 21.0 24.0 23.88 0.03
145800.0 354 60.91 0.36 54736 9782.29 0.36 15115 3373.05 0.29 2449250 706231.62 19.72 350 73.78 0.29 54326 14986.5 19.72 6 10 294 972 1620 47628 21.0 24.0 23.88 0.03
146700.0 310 60.13 0.21 55046 9842.42 0.36 15066 3373.05 0.29 2464316 709604.67 19.72 310 73.78 0.29 54636 15060.28 19.72 6 10 294 978 1630 47922 21.0 24.0 23.88 0.03
147600.0 310 60.13 0.21 55356 9902.55 0.36 15066 3373.04 0.29 2479382 712977.71 19.72 310 73.77 0.29 54946 15134.05 19.72 6 10 294 984 1640 48216 21.0 24.0 23.88 0.03
148500.0 376 60.27 0.21 55732 9962.83 0.36 15126 3373.05 0.29 2494508 716350.76 19.72 370 73.78 0.29 55316 15207.83 19.72 6 10 294 990 1650 48510 21.0 24.0 23.88 0.03
149400.0 354 60.91 0.36 56086 10023.74 0.36 15105 3373.04 0.29 2509613 719723.8 19.72 350 73.77 0.29 55666 15281.6 19.72 6 10 294 996 1660 48804 21.0 24.0 23.88 0.03
150300.0 310 60.13 0.21 56396 10083.87 0.36 15065 3373.05 0.29 2524678 723096.84 19.72 310 73.78 0.29 55976 15355.38 19.72 6 10 294 1002 1670 49098 21.0 24.0 23.88 0.03
151200.0 310 60.13 0.21 56706 10144.0 0.36 15064 3373.04 0.29 2539742 726469.88 19.72 310 73.77 0.29 56286 15429.15 19.72 6 10 294 1008 1680 49392 21.0 24.0 23.89 0.03
152100.0 376 60.27 0.21 57082 10204.27 0.36 15120 3373.05 0.29 2554862 729842.93 19.72 370 73.78 0.29 56656 15502.93 19.72 6 10 294 1014 1690 49686 21.0 24.0 23.89 0.03
153000.0 354 60.91 0.36 57436 10265.18 0.36 15100 3373.05 0.29 2569962 733215.98 19.72 350 73.78 0.29 57006 15576.71 19.72 6 10 294 1020 1700 49980 21.0 24.0 23.89 0.03
153900.0 310 60.13 0.21 57746 10325.31 0.36 15059 3373.05 0.29 2585021 736589.03 19.72 310 73.78 0.29 57316 15650.49 19.72 6 10 294 1026 1710 50274 21.0 24.0 23.88 0.04
154800.0 310 60.13 0.21 58056 10385.45 0.36 15056 3373.04 0.29 2600077 739962.06 19.72 310 73.77 0.29 57626 15724.26 19.72 6 10 294 1032 1720 50568 21.0 24.0 23.88 0.04
155700.0 376 60.27 0.21 58432 10445.72 0.36 15116 3373.05 0.29 2615193 743335.11 19.72 370 73.78 0.29 57996 15798.04 19.72 6 10 294 1038 1730 50862 21.0 24.0 23.88 0.04
156600.0 354 60.91 0.36 58786 10506.63 0.36 15095 3373.04 0.29 2630288 746708.15 19.72 350 73.77 0.29 58346 15871.81 19.72 6 10 294 1044 1740 51156 21.0 24.0 23.88 0.04
157500.0 310 60.13 0.21 59096 10566.76 0.36 15053 3373.05 0.29 2645341 750081.2 19.72 310 73.78 0.29 58656 15945.59 19.72 6 10 294 1050 1750 51450 21.0 24.0 23.88 0.04
158400.0 310 60.13 0.21 59406 10626.89 0.36 15053 3373.04 0.29 2660394 753454.24 19.72 310 73.77 0.29 58966 16019.36 19.72 6 10 294 1056 1760 51744 21.0 24.0 23.88 0.04
159300.0 376 60.27 0.21 59782 10687.17 0.36 15112 3373.05 0.29 2675506 756827.29 19.72 370 73.78 0.29 59336 16093.14 19.72 6 10 294 1062 1770 52038 21.0 24.0 23.88 0.04
160200.0 354 60.91 0.36 60136 10748.07 0.36 15090 3373.05 0.29 2690596 760200.33 19.72 350 73.78 0.29 59686 16166.92 19.72 6 10 294 1068 1780 52332 21.0 24.0 23.88 0.04
161100.0 310 60.13 0.21 60446 10808.21 0.36 15050 3373.05 0.29 2705646 763573.38 19.72 310 73.78 0.29 59996 16240.7 19.72 6 10 294 1074 1790 52626 21.0 24.0 23.85 0.04
162000.0 310 60.13 0.21 60756 10868.34 0.36 15049 3373.04 0.29 2720695 766946.42 19.72 310 73.77 0.29 60306 16314.47 19.72 6 10 294 1080 1800 52920 21.0 24.0 23.85 0.04
162900.0 376 60.27 0.21 61132 10928.61 0.36 15105 3373.05 0.29 2735800 770319.47 19.72 370 73.78 0.29 60676 16388.25 19.72 6 10 294 1086 1810 53214 21.0 24.0 23.85 0.04
163800.0 354 60.91 0.36 61486 10989.52 0.36 15085 3373.04 0.29 2750885 773692.51 19.72 350 73.77 0.29 61026 16462.02 19.72 6 10 294 1092 1820 53508 21.0 24.0 23.85 0.04
164700.0 310 60.13 0.21 61796 11049.65 0.36 15045 3373.05 0.29 2765930 777065.55 19.72 310 73.78 0.29 61336 16535.8 19.72 6 10 294 1098 1830 53802 21.0 24.0 23.83 0.05
165600.0 310 60.13 0.21 62106 11109.78 0.36 15043 3373.04 0.29 2780973 780438.59 19.72 310 73.77 0.29 61646 16609.57 19.72 6 10 294 1104 1840 54096 21.0 24.0 23.82 0.04
166500.0 376 60.27 0.21 62482 11170.05 0.36 15103 3373.05 0.29 2796076 783811.64 19.72 370 73.78 0.29 62016 16683.35 19.72 6 10 294 1110 1850 54390 21.0 24.0 23.82 0.04
167400.0 354 60.91 0.36 62836 11230.96 0.36 15083 3373.05 0.29 2811159 787184.69 19.72 350 73.78 0.29 62366 16757.13 19.72 6 10 294 1116 1860 54684 21.0 24.0 23.82 0.04
168300.0 310 60.13 0.21 63146 11291.09 0.36 15037 3373.05 0.29 2826196 790557.74 19.72 310 73.78 0.29 62676 16830.91 19.72 6 10 294 1122 1870 54978 21.0 24.0 23.8 0.05
169200.0 310 60.13 0.21 63456 11351.23 0.36 15038 3373.04 0.29 2841234 793930.77 19.72 310 73.77 0.29 62986 16904.68 19.72 6 10 294 1128 1880 55272 21.0 24.0 23.79 0.05
170100.0 376 60.27 0.21 63832 11411.5 0.36 15098 3373.05 0.29 2856332 797303.82 19.72 370 73.78 0.29 63356 16978.46 19.72 6 10 294 1134 1890 55566 21.0 24.0 23.79 0.05
171000.0 354 60.91 0.36 64186 11472.4 0.36 15076 3373.04 0.29 2871408 800676.86 19.72 350 73.77 0.29 63706 17052.23 19.72 6 10 294 1140 1900 55860 21.0 24.0 23.79 0.05
171900.0 310 60.13 0.21 64496 11532.54 0.36 15033 3373.05 0.29 2886441 804049.91 19.72 310 73.78 0.29 64016 17126.01 19.72 6 10 294 1146 1910 56154 21.0 24.0 23.75 0.05
172800.0 310 60.13 0.21 64806 11592.67 0.36 15033 3373.04 0.29 2901474 807422.95 19.72 310 73.77 0.29 64326 17199.78 19.72 6 10 294 1152 1920 56448 21.0 24.0 23.74 0.05
173700.0 376 60.27 0.21 65182 11652.94 0.36 15089 3373.05 0.29 2916563 810796.0 19.72 370 73.78 0.29 64696 17273.56 19.72 6 10 294 1158 1930 56742 21.0 24.0 23.74 0.05
174600.0 354 60.91 0.36 65536 11713.85 0.36 15067 3373.05 0.29 2931630 814169.04 19.72 350 73.78 0.29 65046 17347.34 19.72 6 10 294 1164 1940 57036 21.0 24.0 23.74 0.05
175500.0 310 60.13 0.21 65846 11773.98 0.36 15027 3372.85 0.29 2946657 817541.89 19.72 310 73.78 0.29 65356 17421.12 19.72 6 10 294 1170 1950 57330 21.0 23.9 23.7 0.05
176400.0 310 60.13 0.21 66156 11834.11 0.36 15027 3372.84 0.29 2961684 820914.73 19.72 310 73.77 0.29 65666 17494.89 19.72 6 10 294 1176 1960 57624 21.0 23.9 23.68 0.05
177300.0 376 60.27 0.21 66532 11894.39 0.36 15087 3372.85 0.29 2976771 824287.58 19.72 370 73.78 0.29 66036 17568.67 19.72 6 10 294 1182 1970 57918 21.0 23.9 23.68 0.05
178200.0 354 60.91 0.36 66886 11955.3 0.36 15065 3372.85 0.29 2991836 827660.42 19.72 350 73.78 0.29 66386 17642.45 19.72 6 10 294 1188 1980 58212 21.0 23.9 23.68 0.05
179100.0 310 60.13 0.21 67196 12015.43 0.36 15018 3373.05 0.29 3006854 831033.47 19.72 310 73.78 0.29 66696 17716.23 19.72 6 10 294 1194 1990 58506 21.0 23.9 23.61 0.05
180000.0 310 60.13 0.21 67506 12075.56 0.36 15024 3373.04 0.29 3021878 834406.51 19.72 310 73.77 0.29 67006 17790.0 19.72 6 10 294 1200 2000 58800 21.0 23.9 23.58 0.05
180900.0 376 60.27 0.21 67882 12135.83 0.36 15083 3373.05 0.29 3036961 837779.56 19.72 370 73.78 0.29 67376 17863.78 19.72 6 10 294 1206 2010 59094 21.0 23.9 23.58 0.05
181800.0 354 60.91 0.36 68236 12196.74 0.36 15056 3372.85 0.29 3052017 841152.4 19.72 350 73.78 0.29 67726 17937.56 19.72 6 10 294 1212 2020 59388 21.0 23.9 23.58 0.05
182700.0 310 60.13 0.21 68546 12256.87 0.36 15013 3373.05 0.29 3067030 844525.45 19.72 310 73.78 0.29 68036 18011.34 19.72 6 10 294 1218 2030 59682 21.0 23.8 23.5 0.05
183600.0 310 60.13 0.21 68856 12317.01 0.36 15019 3373.04 0.29 3082049 847898.49 19.72 310 73.77 0.29 68346 18085.11 19.72 6 10 294 1224 2040 59976 21.0 23.8 23.45 0.04
184500.0 376 60.27 0.21 69232 12377.28 0.36 15071 3373.05 0.29 3097120 851271.54 19.72 370 73.78 0.29 68716 18158.89 19.72 6 10 294 1230 2050 60270 21.0 23.8 23.45 0.04
185400.0 354 60.91 0.36 69586 12438.19 0.36 15047 3373.05 0.29 3112167 854644.58 19.72 350 73.78 0.29 69066 18232.67 19.72 6 10 294 1236 2060 60564 21.0 23.8 23.45 0.04
186300.0 310 60.13 0.21 69896 12498.32 0.36 15010 3373.05 0.29 3127177 858017.63 19.72 310 73.78 0.29 69376 18306.45 19.72 6 10 294 1242 2070 60858 21.0 23.7 23.33 0.05
187200.0 310 60.13 0.21 70206 12558.45 0.36 15004 3373.04 0.29 3142181 861390.67 19.72 310 73.77 0.29 69686 18380.22 19.72 6 10 294 1248 2080 61152 21.0 23.7 23.27 0.04
188100.0 376 60.27 0.21 70582 12618.73 0.36 15063 3373.05 0.29 3157244 864763.72 19.72 370 73.78 0.29 70056 18454.0 19.72 6 10 294 1254 2090 61446 21.0 23.7 23.27 0.04
189000.0 354 60.91 0.36 70936 12679.63 0.36 15040 3373.05 0.29 3172284 868136.76 19.72 350 73.78 0.29 70406 18527.78 19.72 6 10 294 1260 2100 61740 21.0 23.7 23.27 0.04
189900.0 310 60.13 0.21 71246 12739.77 0.36 14998 3373.05 0.29 3187282 871509.81 19.72 310 73.78 0.29 70716 18601.56 19.72 6 10 294 1266 2110 62034 21.0 23.5 23.11 0.05
190800.0 310 60.13 0.21 71556 12799.9 0.36 14998 3373.04 0.29 3202280 874882.85 19.72 310 73.77 0.29 71026 18675.33 19.72 6 10 294 1272 2120 62328 21.0 23.5 23.02 0.04
191700.0 376 60.27 0.21 71932 12860.17 0.36 15056 3373.05 0.29 3217336 878255.89 19.72 370 73.78 0.29 71396 18749.11 19.72 6 10 294 1278 2130 62622 21.0 23.5 23.02 0.04
192600.0 354 60.91 0.36 72286 12921.08 0.36 15024 3372.85 0.29 3232360 881628.74 19.72 350 73.78 0.29 71746 18822.89 19.72 6 10 294 1284 2140 62916 21.0 23.5 23.02 0.04
193500.0 310 60.13 0.21 72596 12981.21 0.36 14989 3373.05 0.29 3247349 885001.79 19.72 310 73.78 0.29 72056 18896.67 19.72 6 10 294 1290 2150 63210 21.0 23.3 22.83 0.04
194400.0 310 60.13 0.21 72906 13041.34 0.36 14991 3373.04 0.29 3262340 888374.82 19.72 310 73.77 0.29 72366 18970.44 19.72 6 10 294 1296 2160 63504 21.0 23.3 22.74 0.03
195300.0 376 60.27 0.21 73282 13101.62 0.36 15043 3373.05 0.29 3277383 891747.87 19.72 370 73.78 0.29 72736 19044.22 19.72 6 10 294 1302 2170 63798 21.0 23.3 22.74 0.03
196200.0 354 60.91 0.36 73636 13162.53 0.36 15020 3373.05 0.29 3292403 895120.92 19.72 350 73.78 0.29 73086 19118.0 19.72 6 10 294 1308 2180 64092 21.0 23.3 22.73 0.03
197100.0 310 60.13 0.21 73946 13222.66 0.36 14981 3373.05 0.29 3307384 898493.97 19.72 310 73.78 0.29 73396 19191.78 19.72 6 10 294 1314 2190 64386 21.0 23.1 22.54 0.03
198000.0 310 60.13 0.21 74256 13282.79 0.36 14968 3372.84 0.29 3322352 901866.8 19.72 310 73.77 0.29 73706 19265.55 19.72 6 10 294 1320 2200 64680 21.0 23.1 22.43 0.03
198900.0 376 60.27 0.21 74632 13343.06 0.36 15028 3372.85 0.29 3337380 905239.65 19.72 370 73.78 0.29 74076 19339.33 19.72 6 10 294 1326 2210 64974 21.0 23.1 22.43 0.03
199800.0 354 60.91 0.36 74986 13403.97 0.36 15006 3372.84 0.29 3352386 908612.49 19.72 350 73.77 0.29 74426 19413.1 19.72 6 10 294 1332 2220 65268 21.0 23.1 22.43 0.03
200700.0 310 60.13 0.21 75296 13464.1 0.36 14973 3372.85 0.29 3367359 911985.33 19.72 310 73.78 0.29 74736 19486.88 19.72 6 10 294 1338 2230 65562 21.0 22.8 22.27 0.02
201600.0 310 60.13 0.21 75606 13524.24 0.36 14971 3372.84 0.29 3382330 915358.17 19.72 310 73.77 0.29 75046 19560.65 19.72 6 10 294 1344 2240 65856 21.0 22.8 22.2 0.03
202500.0 376 60.27 0.21 75982 13584.51 0.36 15031 3372.85 0.29 3397361 918731.02 19.72 370 73.78 0.29 75416 19634.43 19.72 6 10 294 1350 2250 66150 21.0 22.8 22.2 0.03
203400.0 354 60.91 0.36 76336 13645.42 0.36 15007 3372.85 0.29 3412368 922103.87 19.72 350 73.78 0.29 75766 19708.21 19.72 6 10 294 1356 2260 66444 21.0 22.8 22.2 0.03
204300.0 310 60.13 0.21 76646 13705.55 0.36 14975 3372.85 0.29 3427343 925476.71 19.72 310 73.78 0.29 76076 19781.99 19.72 6 10 294 1362 2270 66738 21.0 22.6 22.07 0.02
205200.0 310 60.13 0.21 76956 13765.68 0.36 14976 3372.84 0.29 3442319 928849.55 19.72 310 73.77 0.29 76386 19855.76 19.72 6 10 294 1368 2280 67032 21.0 22.6 22.07 0.02
206100.0 376 60.27 0.21 77332 13825.95 0.36 15034 3372.85 0.29 3457353 932222.4 19.72 370 73.78 0.29 76756 19929.54 19.72 6 10 294 1374 2290 67326 21.0 22.6 22.07 0.02
207000.0 354 60.91 0.36 77686 13886.86 0.36 15007 3372.84 0.29 3472360 935595.23 19.72 350 73.77 0.29 77106 20003.31 19.72 6 10 294 1380 2300 67620 21.0 22.6 22.07 0.02
207900.0 310 60.13 0.21 77996 13946.99 0.36 14973 3372.85 0.29 3487333 938968.08 19.72 310 73.78 0.29 77416 20077.09 19.72 6 10 294 1386 2310 67914 21.0 22.2 22.02 0.01
208800.0 310 60.13 0.21 78306 14007.12 0.36 14972 3372.64 0.29 3502305 942340.72 19.72 310 73.77 0.29 77726 20150.86 19.72 6 10 294 1392 2320 68208 21.0 22.2 22.02 0.01
209700.0 376 60.27 0.21 78682 14067.4 0.36 15031 3372.65 0.29 3517336 945713.37 19.72 370 73.78 0.29 78096 20224.64 19.72 6 10 294 1398 2330 68502 21.0 22.2 22.02 0.01
210600.0 354 60.91 0.36 79036 14128.31 0.36 15001 3372.65 0.29 3532337 949086.01 19.72 350 73.78 0.29 78446 20298.42 19.72 6 10 294 1404 2340 68796 21.0 22.2 22.02 0.01
211500.0 310 60.13 0.21 79346 14188.44 0.36 14960 3372.65 0.29 3547297 952458.66 19.72 310 73.78 0.29 78756 20372.2 19.72 6 10 294 1410 2350 69090 21.0 22.0 22.0 0.0
212400.0 310 60.13 0.21 79656 14248.57 0.36 14960 3372.64 0.29 3562257 955831.29 19.72 310 73.77 0.29 79066 20445.97 19.72 6 10 294 1416 2360 69384 21.0 22.0 22.0 0.0
213300.0 376 60.27 0.21 80032 14308.84 0.36 15018 3372.65 0.29 3577275 959203.94 19.72 370 73.78 0.29 79436 20519.75 19.72 6 10 294 1422 2370 69678 21.0 22.0 22.0 0.0
214200.0 354 60.91 0.36 80386 14369.75 0.36 14984 3372.64 0.29 3592259 962576.58 19.72 350 73.77 0.29 79786 20593.52 19.72 6 10 294 1428 2380 69972 21.0 22.0 22.0 0.0
215100.0 310 60.13 0.21 80696 14429.88 0.36 14944 3372.65 0.29 3607203 965949.23 19.72 310 73.78 0.29 80096 20667.3 19.72 6 10 294 1434 2390 70266 21.0 22.0 22.0 0.0
216000.0 310 60.13 0.21 81006 14490.01 0.36 14941 3372.64 0.29 3622144 969321.86 19.72 310 73.77 0.29 80406 20741.07 19.72 6 10 294 1440 2400 70560 21.0 22.0 22.0 0.0
216900.0 376 60.27 0.21 81382 14550.29 0.36 14997 3372.65 0.29 3637141 972694.51 19.72 370 73.78 0.29 80776 20814.85 19.72 6 10 294 1446 2410 70854 21.0 22.0 22.0 0.0
217800.0 354 60.91 0.36 81736 14611.2 0.36 14976 3372.65 0.29 3652117 976067.15 19.72 350 73.78 0.29 81126 20888.63 19.72 6 10 294 1452 2420 71148 21.0 22.0 22.0 0.0
218700.0 310 60.13 0.21 82046 14671.33 0.36 14928 3372.65 0.29 3667045 979439.8 19.72 310 73.78 0.29 81436 20962.41 19.72 6 10 294 1458 2430 71442 21.0 22.0 22.0 0.0
219600.0 310 60.13 0.21 82356 14731.46 0.36 14927 3372.64 0.29 3681972 982812.44 19.72 310 73.77 0.29 81746 21036.18 19.72 6 10 294 1464 2440 71736 21.0 22.0 22.0 0.0
220500.0 376 60.27 0.21 82732 14791.73 0.36 14978 3372.65 0.29 3696950 986185.08 19.72 370 73.78 0.29 82116 21109.96 19.72 6 10 294 1470 2450 72030 21.0 22.0 22.0 0.0
221400.0 354 60.91 0.36 83086 14852.64 0.36 14956 3376.44 0.29 3711906 989561.52 19.72 350 73.86 0.29 82466 21183.82 19.72 6 10 294 1476 2460 72324 21.0 22.0 21.99 0.0
222300.0 310 60.14 0.21 83396 14912.78 0.36 15007 3378.14 0.29 3726913 992939.66 19.72 310 73.88 0.29 82776 21257.7 19.72 6 10 294 1482 2470 72618 19.8 22.0 21.11 0.08
223200.0 310 60.14 0.21 83706 14972.92 0.36 15035 3378.13 0.29 3741948 996317.8 19.72 310 73.88 0.29 83086 21331.58 19.72 6 10 294 1488 2480 72912 19.8 22.0 20.58 0.15
224100.0 376 60.28 0.21 84082 15033.19 0.36 15095 3378.14 0.29 3757043 999695.94 19.72 370 73.88 0.29 83456 21405.46 19.72 6 10 294 1494 2490 73206 19.8 21.8 20.57 0.15
225000.0 354 60.91 0.36 84436 15094.11 0.36 15075 3376.8 0.29 3772118 1003072.73 19.72 350 73.85 0.29 83806 21479.31 19.72 6 10 294 1500 2500 73500 19.8 21.8 20.57 0.15
225900.0 310 60.14 0.21 84746 15154.24 0.36 15037 3377.44 0.29 3787155 1006450.18 19.72 310 73.87 0.29 84116 21553.18 19.72 6 10 294 1506 2510 73794 19.8 21.7 20.51 0.14
226800.0 310 60.14 0.21 85056 15214.38 0.36 15037 3377.44 0.29 3802192 1009827.61 19.72 310 73.86 0.29 84426 21627.04 19.72 6 10 294 1512 2520 74088 19.8 21.7 20.48 0.16
227700.0 376 60.28 0.21 85432 15274.65 0.36 15097 3377.45 0.29 3817289 1013205.06 19.72 370 73.87 0.29 84796 21700.91 19.72 6 10 294 1518 2530 74382 19.8 21.7 20.48 0.16
228600.0 354 60.91 0.36 85786 15335.57 0.36 15073 3378.28 0.29 3832362 1016583.34 19.72 350 73.89 0.29 85146 21774.8 19.72 6 10 294 1524 2540 74676 19.8 21.7 20.48 0.16
229500.0 310 60.14 0.21 86096 15395.7 0.36 15035 3377.63 0.29 3847397 1019960.96 19.72 310 73.87 0.29 85456 21848.67 19.72 6 10 294 1530 2550 74970 19.9 21.6 20.48 0.15
230400.0 310 60.14 0.21 86406 15455.84 0.36 15035 3377.61 0.29 3862432 1023338.58 19.72 310 73.87 0.29 85766 21922.54 19.72 6 10 294 1536 2560 75264 19.9 21.6 20.46 0.16
231300.0 376 60.28 0.21 86782 15516.11 0.36 15093 3377.63 0.29 3877525 1026716.21 19.72 370 73.87 0.29 86136 21996.42 19.72 6 10 294 1542 2570 75558 19.8 21.6 20.46 0.16
232200.0 354 60.91 0.36 87136 15577.03 0.36 15070 3377.49 0.29 3892595 1030093.7 19.72 350 73.87 0.29 86486 22070.29 19.72 6 10 294 1548 2580 75852 19.8 21.6 20.46 0.16
233100.0 310 60.14 0.21 87446 15637.16 0.36 15033 3378.14 0.29 3907628 1033471.85 19.72 310 73.88 0.29 86796 22144.17 19.72 6 10 294 1554 2590 76146 19.8 21.5 20.51 0.16
234000.0 310 60.14 0.21 87756 15697.3 0.36 15030 3378.13 0.29 3922658 1036849.98 19.72 310 73.88 0.29 87106 22218.05 19.72 6 10 294 1560 2600 76440 19.8 21.5 20.5 0.17
234900.0 376 60.28 0.21 88132 15757.58 0.36 15090 3378.15 0.29 3937748 1040228.13 19.72 370 73.88 0.29 87476 22291.93 19.72 6 10 294 1566 2610 76734 19.8 21.5 20.5 0.17
235800.0 354 60.91 0.36 88486 15818.49 0.36 15061 3375.79 0.29 3952809 1043603.91 19.72 350 73.84 0.29 87826 22365.78 19.72 6 10 294 1572 2620 77028 19.8 21.5 20.5 0.17
236700.0 310 60.13 0.21 88796 15878.62 0.36 15030 3374.71 0.29 3967839 1046978.62 19.72 310 73.81 0.29 88136 22439.59 19.72 6 10 294 1578 2630 77322 19.8 21.4 20.55 0.16
237600.0 310 60.13 0.21 89106 15938.75 0.36 15029 3374.7 0.29 3982868 1050353.32 19.72 310 73.81 0.29 88446 22513.39 19.72 6 10 294 1584 2640 77616 19.8 21.4 20.55 0.16
238500.0 376 60.27 0.21 89482 15999.02 0.36 15080 3374.71 0.29 3997948 1053728.03 19.72 370 73.81 0.29 88816 22587.21 19.72 6 10 294 1590 2650 77910 19.7 21.4 20.55 0.16
239400.0 354 60.91 0.36 89836 16059.94 0.36 15038 3376.45 0.29 4012986 1057104.48 19.72 350 73.86 0.29 89166 22661.06 19.72 6 10 294 1596 2660 78204 19.7 21.4 20.55 0.16
240300.0 310 60.13 0.21 90146 16120.07 0.36 15017 3376.46 0.29 4028003 1060480.94 19.72 310 73.85 0.29 89476 22734.91 19.72 6 10 294 1602 2670 78498 19.7 21.6 20.6 0.17
241200.0 310 60.13 0.21 90456 16180.2 0.36 15012 3376.45 0.29 4043015 1063857.38 19.72 310 73.85 0.29 89786 22808.76 19.72 6 10 294 1608 2680 78792 19.7 21.6 20.6 0.17
242100.0 376 60.28 0.21 90832 16240.48 0.36 15071 3376.46 0.29 4058086 1067233.84 19.72 370 73.85 0.29 90156 22882.61 19.72 6 10 294 1614 2690 79086 19.7 21.6 20.6 0.17
243000.0 354 60.91 0.36 91186 16301.39 0.36 15034 3376.44 0.29 4073120 1070610.27 19.72 350 73.86 0.29 90506 22956.47 19.72 6 10 294 1620 2700 79380 19.7 21.6 20.6 0.17
243900.0 310 60.13 0.21 91496 16361.53 0.36 15009 3377.25 0.29 4088129 1073987.53 19.72 310 73.86 0.29 90816 23030.33 19.72 6 10 294 1626 2710 79674 19.7 21.8 20.65 0.18
244800.0 310 60.13 0.21 91806 16421.66 0.36 15007 3377.24 0.29 4103136 1077364.77 19.72 310 73.86 0.29 91126 23104.19 19.72 6 10 294 1632 2720 79968 19.7 21.8 20.64 0.18
245700.0 376 60.28 0.21 92182 16481.94 0.36 15067 3377.25 0.29 4118203 1080742.02 19.72 370 73.87 0.29 91496 23178.06 19.72 6 10 294 1638 2730 80262 19.6 21.8 20.64 0.18
246600.0 354 60.91 0.36 92536 16542.85 0.36 15023 3377.37 0.29 4133226 1084119.4 19.72 350 73.88 0.29 91846 23251.94 19.72 6 10 294 1644 2740 80556 19.6 21.8 20.64 0.18
247500.0 310 60.13 0.21 92846 16602.99 0.36 15001 3377.26 0.29 4148227 1087496.66 19.72 310 73.86 0.29 92156 23325.8 19.72 6 10 294 1650 2750 80850 19.6 21.9 20.63 0.19
248400.0 310 60.13 0.21 93156 16663.12 0.36 14999 3377.24 0.29 4163226 1090873.9 19.72 310 73.86 0.29 92466 23399.66 19.72 6 10 294 1656 2760 81144 19.6 21.9 20.63 0.2
249300.0 376 60.28 0.21 93532 16723.4 0.36 15049 3377.26 0.29 4178275 1094251.16 19.72 370 73.87 0.29 92836 23473.52 19.72 6 10 294 1662 2770 81438 19.5 21.9 20.63 0.2
250200.0 354 60.91 0.36 93886 16784.31 0.36 15015 3376.56 0.29 4193290 1097627.71 19.72 350 73.86 0.29 93186 23547.38 19.72 6 10 294 1668 2780 81732 19.5 21.9 20.63 0.2
251100.0 310 60.13 0.21 94196 16844.45 0.36 14998 3376.56 0.29 4208288 1101004.28 19.72 310 73.85 0.29 93496 23621.23 19.72 6 10 294 1674 2790 82026 19.5 22.0 20.6 0.21
252000.0 310 60.13 0.21 94506 16904.58 0.36 15005 3376.55 0.29 4223293 1104380.83 19.72 310 73.85 0.29 93806 23695.07 19.72 6 10 294 1680 2800 82320 19.5 22.0 20.57 0.24
252900.0 376 60.28 0.21 94882 16964.86 0.36 15064 3376.36 0.29 4238357 1107757.2 19.72 370 73.85 0.29 94176 23768.93 19.72 6 10 294 1686 2810 82614 19.5 22.0 20.57 0.24
253800.0 354 60.91 0.36 95236 17025.77 0.36 15024 3376.29 0.29 4253381 1111133.49 19.72 350 73.85 0.29 94526 23842.77 19.72 6 10 294 1692 2820 82908 19.5 22.0 20.57 0.24
254700.0 310 60.13 0.21 95546 17085.91 0.36 15032 3376.81 0.29 4268413 1114510.3 19.72 310 73.85 0.29 94836 23916.62 19.72 6 10 294 1698 2830 83202 19.5 21.8 20.44 0.22
255600.0 310 60.13 0.21 95856 17146.04 0.36 15037 3376.8 0.29 4283450 1117887.1 19.72 310 73.85 0.29 95146 23990.48 19.72 6 10 294 1704 2840 83496 19.5 21.8 20.4 0.24
256500.0 376 60.28 0.21 96232 17206.32 0.36 15097 3376.82 0.29 4298547 1121263.92 19.72 370 73.86 0.29 95516 24064.33 19.72 6 10 294 1710 2850 83790 19.3 21.8 20.4 0.24
257400.0 354 60.91 0.36 96586 17267.23 0.36 15056 3376.15 0.29 4313603 1124640.07 19.72 350 73.85 0.29 95866 24138.18 19.72 6 10 294 1716 2860 84084 19.3 21.8 20.4 0.24
258300.0 310 60.13 0.21 96896 17327.36 0.36 15044 3376.81 0.29 4328647 1128016.88 19.72 310 73.85 0.29 96176 24212.03 19.72 6 10 294 1722 2870 84378 19.3 21.6 20.23 0.23
259200.0 310 60.13 0.21 97206 17387.5 0.36 15045 3376.81 0.29 4343692 1131393.69 19.72 310 73.85 0.29 96486 24285.88 19.72 6 10 294 1728 2880 84672 19.3 21.6 20.16 0.27
260100.0 376 60.28 0.21 97582 17447.78 0.36 15105 3376.82 0.29 4358797 1134770.51 19.72 370 73.86 0.29 96856 24359.74 19.72 6 10 294 1734 2890 84966 19.2 21.6 20.16 0.27
261000.0 356 60.97 0.36 97938 17508.75 0.36 15392 148763.9 19.72 4374189 1283534.41 19.72 352 3019.57 19.72 97208 27379.31 19.72 6 10 294 1740 2900 85260 19.2 21.6 20.16 0.27
261900.0 310 60.13 0.21 98248 17568.88 0.36 15063 3374.58 0.29 4389252 1286908.99 19.72 310 73.81 0.29 97518 27453.12 19.72 6 10 294 1746 2910 85554 18.9 21.0 19.71 0.19
262800.0 310 60.13 0.21 98558 17629.02 0.36 15066 3374.59 0.29 4404318 1290283.58 19.72 310 73.81 0.29 97828 27526.93 19.72 6 10 294 1752 2920 85848 18.9 21.0 19.64 0.25
263700.0 376 60.28 0.21 98934 17689.29 0.36 15126 3374.59 0.29 4419444 1293658.16 19.72 370 73.82 0.29 98198 27600.75 19.72 6 10 294 1758 2930 86142 18.9 21.0 19.65 0.25
264600.0 356 60.99 0.36 99290 17750.28 0.36 15415 149123.94 19.74 4434859 1442782.1 19.74 352 3027.2 19.74 98550 30627.95 19.74 6 10 294 1764 2940 86436 18.9 21.0 19.64 0.25
265500.0 310 60.17 0.21 99600 17810.45 0.36 15140 3416.47 0.3 4449999 1446198.57 19.74 310 74.62 0.3 98860 30702.57 19.74 6 10 294 1770 2950 86730 17.3 21.0 18.15 0.15
266400.0 310 60.17 0.21 99910 17870.61 0.36 15148 3416.39 0.3 4465147 1449614.96 19.74 310 74.62 0.3 99170 30777.19 19.74 6 10 294 1776 2960 87024 17.3 21.0 17.83 0.05
267300.0 376 60.31 0.21 100286 17930.92 0.36 15208 3416.46 0.3 4480355 1453031.43 19.74 370 74.62 0.3 99540 30851.82 19.74 6 10 294 1782 2970 87318 17.3 21.0 17.83 0.05
268200.0 356 61.01 0.36 100642 17991.93 0.36 15496 149119.33 19.73 4495851 1602150.76 19.74 352 3025.45 19.73 99892 33877.26 19.74 6 10 294 1788 2980 87612 17.3 21.0 17.83 0.05
269100.0 310 60.16 0.21 100952 18052.1 0.36 15141 3412.1 0.3 4510992 1605562.86 19.74 310 74.54 0.3 100202 33951.81 19.74 6 10 294 1794 2990 87906 17.3 21.0 17.8 0.05
270000.0 310 60.16 0.21 101262 18112.26 0.36 15141 3412.01 0.3 4526133 1608974.86 19.74 310 74.54 0.3 100512 34026.35 19.74 6 10 294 1800 3000 88200 17.3 21.0 17.78 0.06
270900.0 376 60.31 0.21 101638 18172.57 0.36 15200 3412.1 0.3 4541333 1612386.96 19.74 370 74.55 0.3 100882 34100.89 19.74 6 10 294 1806 3010 88494 17.3 21.0 17.78 0.06
271800.0 354 60.94 0.36 101992 18233.51 0.36 15177 3411.09 0.3 4556510 1615798.05 19.74 350 74.52 0.3 101232 34175.42 19.74 6 10 294 1812 3020 88788 17.3 21.0 17.78 0.06
272700.0 310 60.16 0.21 102302 18293.67 0.36 15141 3411.17 0.3 4571651 1619209.22 19.74 310 74.52 0.3 101542 34249.94 19.74 6 10 294 1818 3030 89082 17.3 21.0 17.77 0.06
273600.0 310 60.16 0.21 102612 18353.84 0.36 15141 3411.09 0.3 4586792 1622620.31 19.74 310 74.52 0.3 101852 34324.46 19.74 6 10 294 1824 3040 89376 17.3 21.0 17.76 0.06
274500.0 376 60.31 0.21 102988 18414.14 0.36 15198 3411.17 0.3 4601990 1626031.48 19.74 370 74.53 0.3 102222 34398.99 19.74 6 10 294 1830 3050 89670 17.3 21.0 17.76 0.06
275400.0 354 60.94 0.36 103342 18475.09 0.36 15174 3415.56 0.3 4617164 1629447.04 19.74 350 74.62 0.3 102572 34473.61 19.74 6 10 294 1836 3060 89964 17.3 21.0 17.76 0.06
276300.0 310 60.16 0.21 103652 18535.25 0.36 15132 3411.33 0.3 4632296 1632858.37 19.74 310 74.53 0.3 102882 34548.15 19.74 6 10 294 1842 3070 90258 17.3 21.0 17.75 0.05
277200.0 310 60.16 0.21 103962 18595.42 0.36 15135 3411.24 0.3 4647431 1636269.61 19.74 310 74.53 0.3 103192 34622.67 19.74 6 10 294 1848 3080 90552 17.3 21.0 17.73 0.05
278100.0 376 60.3 0.21 104338 18655.72 0.36 15195 3411.33 0.3 4662626 1639680.95 19.74 370 74.53 0.3 103562 34697.21 19.74 6 10 294 1854 3090 90846 17.3 21.0 17.73 0.05
279000.0 354 60.94 0.36 104692 18716.66 0.36 15172 3407.72 0.3 4677798 1643088.67 19.74 350 74.46 0.3 103912 34771.67 19.74 6 10 294 1860 3100 91140 17.3 21.0 17.73 0.05
279900.0 310 60.16 0.21 105002 18776.82 0.36 15129 3412.09 0.3 4692927 1646500.76 19.74 310 74.54 0.3 104222 34846.22 19.74 6 10 294 1866 3110 91434 17.3 21.0 17.72 0.05
280800.0 310 60.16 0.21 105312 18836.98 0.36 15131 3412.01 0.3 4708058 1649912.77 19.74 310 74.54 0.3 104532 34920.76 19.74 6 10 294 1872 3120 91728 17.3 21.0 17.71 0.05
281700.0 376 60.31 0.21 105688 18897.29 0.36 15188 3412.1 0.3 4723246 1653324.86 19.74 370 74.55 0.3 104902 34995.3 19.74 6 10 294 1878 3130 92022 17.3 21.0 17.71 0.05
282600.0 354 60.94 0.36 106042 18958.23 0.36 15166 3411.34 0.3 4738412 1656736.2 19.74 350 74.54 0.3 105252 35069.84 19.74 6 10 294 1884 3140 92316 17.3 21.0 17.71 0.05
283500.0 310 60.16 0.21 106352 19018.39 0.36 15126 3407.34 0.3 4753538 1660143.55 19.74 310 74.45 0.3 105562 35144.29 19.74 6 10 294 1890 3150 92610 17.3 21.0 17.7 0.05
284400.0 310 60.16 0.21 106662 19078.55 0.36 15127 3407.27 0.3 4768665 1663550.82 19.74 310 74.45 0.3 105872 35218.73 19.74 6 10 294 1896 3160 92904 17.3 21.0 17.69 0.05
285300.0 376 60.3 0.21 107038 19138.86 0.36 15187 3407.34 0.3 4783852 1666958.16 19.74 370 74.45 0.3 106242 35293.18 19.74 6 10 294 1902 3170 93198 17.3 21.0 17.69 0.05
286200.0 354 60.94 0.36 107392 19199.79 0.36 15165 3407.04 0.3 4799017 1670365.2 19.74 350 74.45 0.3 106592 35367.63 19.74 6 10 294 1908 3180 93492 17.3 21.0 17.69 0.05
287100.0 310 60.16 0.21 107702 19259.95 0.36 15125 3406.87 0.3 4814142 1673772.07 19.74 310 74.44 0.3 106902 35442.07 19.74 6 10 294 1914 3190 93786 17.3 21.0 17.69 0.05
288000.0 310 60.16 0.21 108012 19320.11 0.36 15125 3406.79 0.3 4829267 1677178.86 19.74 310 74.44 0.3 107212 35516.51 19.74 6 10 294 1920 3200 94080 17.3 21.0 17.68 0.05
288900.0 376 60.3 0.21 108388 19380.42 0.36 15185 3406.87 0.3 4844452 1680585.73 19.74 370 74.44 0.3 107582 35590.95 19.74 6 10 294 1926 3210 94374 17.3 21.0 17.68 0.05
289800.0 354 60.94 0.36 108742 19441.36 0.36 15156 3411.25 0.3 4859608 1683996.98 19.74 350 74.54 0.3 107932 35665.49 19.74 6 10 294 1932 3220 94668 17.3 21.0 17.68 0.05
290700.0 310 60.17 0.21 109052 19501.52 0.36 15118 3415.64 0.3 4874726 1687412.62 19.74 310 74.62 0.3 108242 35740.11 19.74 6 10 294 1938 3230 94962 17.3 21.0 17.69 0.04
291600.0 310 60.17 0.21 109362 19561.69 0.36 15119 3415.55 0.3 4889845 1690828.17 19.74 310 74.61 0.3 108552 35814.72 19.74 6 10 294 1944 3240 95256 17.3 21.0 17.68 0.04
292500.0 376 60.31 0.21 109738 19622.0 0.36 15176 3415.64 0.3 4905021 1694243.81 19.74 370 74.62 0.3 108922 35889.34 19.74 6 10 294 1950 3250 95550 17.3 21.0 17.68 0.04
293400.0 354 60.94 0.36 110092 19682.94 0.36 15154 3411.86 0.3 4920175 1697655.67 19.74 350 74.55 0.3 109272 35963.89 19.74 6 10 294 1956 3260 95844 17.3 21.0 17.68 0.04
294300.0 310 60.16 0.21 110402 19743.11 0.36 15116 3411.94 0.3 4935291 1701067.61 19.74 310 74.54 0.3 109582 36038.43 19.74 6 10 294 1962 3270 96138 17.4 21.0 17.69 0.04
295200.0 310 60.16 0.21 110712 19803.27 0.36 15111 3411.85 0.3 4950402 1704479.46 19.74 310 74.54 0.3 109892 36112.97 19.74 6 10 294 1968 3280 96432 17.4 21.0 17.68 0.04
296100.0 376 60.31 0.21 111088 19863.58 0.36 15171 3411.94 0.3 4965573 1707891.39 19.74 370 74.54 0.3 110262 36187.51 19.74 6 10 294 1974 3290 96726 17.4 21.0 17.68 0.04
297000.0 354 60.94 0.36 111442 19924.52 0.36 15147 3415.56 0.3 4980720 1711306.95 19.74 350 74.62 0.3 110612 36262.13 19.74 6 10 294 1980 3300 97020 17.4 21.0 17.68 0.04
297900.0 310 60.17 0.21 111752 19984.69 0.36 15106 3415.64 0.3 4995826 1714722.59 19.74 310 74.62 0.3 110922 36336.75 19.74 6 10 294 1986 3310 97314 17.4 21.0 17.68 0.04
298800.0 310 60.17 0.21 112062 20044.86 0.36 15108 3415.55 0.3 5010934 1718138.14 19.74 310 74.61 0.3 111232 36411.37 19.74 6 10 294 1992 3320 97608 17.4 21.0 17.68 0.04
299700.0 376 60.31 0.21 112438 20105.17 0.36 15168 3415.64 0.3 5026102 1721553.78 19.74 370 74.62 0.3 111602 36485.98 19.74 6 10 294 1998 3330 97902 17.4 21.0 17.68 0.04
300600.0 354 60.94 0.36 112792 20166.11 0.36 15143 3415.56 0.3 5041245 1724969.34 19.74 350 74.62 0.3 111952 36560.61 19.74 6 10 294 2004 3340 98196 17.4 21.0 17.68 0.04
301500.0 310 60.16 0.21 113102 20226.28 0.36 15107 3411.47 0.3 5056352 1728380.81 19.74 310 74.53 0.3 112262 36635.14 19.74 6 10 294 2010 3350 98490 17.4 21.0 17.69 0.04
302400.0 310 60.16 0.21 113412 20286.44 0.36 15107 3411.39 0.3 5071459 1731792.21 19.74 310 74.53 0.3 112572 36709.67 19.74 6 10 294 2016 3360 98784 17.4 21.0 17.68 0.04
303300.0 376 60.31 0.21 113788 20346.75 0.36 15164 3411.47 0.3 5086623 1735203.68 19.74 370 74.53 0.3 112942 36784.2 19.74 6 10 294 2022 3370 99078 17.4 21.0 17.68 0.04
304200.0 354 60.94 0.36 114142 20407.68 0.36 15139 3407.86 0.3 5101762 1738611.54 19.74 350 74.46 0.3 113292 36858.67 19.74 6 10 294 2028 3380 99372 17.4 21.0 17.68 0.04
305100.0 310 60.16 0.21 114452 20467.85 0.36 15105 3412.09 0.3 5116867 1742023.64 19.74 310 74.54 0.3 113602 36933.21 19.74 6 10 294 2034 3390 99666 17.4 21.0 17.69 0.04
306000.0 310 60.16 0.21 114762 20528.01 0.36 15105 3412.01 0.3 5131972 1745435.64 19.74 310 74.54 0.3 113912 37007.75 19.74 6 10 294 2040 3400 99960 17.4 21.0 17.68 0.04
306900.0 376 60.31 0.21 115138 20588.32 0.36 15165 3412.1 0.3 5147137 1748847.74 19.74 370 74.55 0.3 114282 37082.29 19.74 6 10 294 2046 3410 100254 17.4 21.0 17.68 0.04
307800.0 354 60.94 0.36 115492 20649.26 0.36 15135 3415.56 0.3 5162272 1752263.3 19.74 350 74.62 0.3 114632 37156.92 19.74 6 10 294 2052 3420 100548 17.4 21.0 17.68 0.04
308700.0 310 60.17 0.21 115802 20709.43 0.36 15097 3415.64 0.3 5177369 1755678.94 19.74 310 74.62 0.3 114942 37231.54 19.74 6 10 294 2058 3430 100842 17.4 21.0 17.7 0.04
309600.0 310 60.17 0.21 116112 20769.6 0.36 15096 3415.55 0.3 5192465 1759094.49 19.74 310 74.61 0.3 115252 37306.15 19.74 6 10 294 2064 3440 101136 17.4 21.0 17.69 0.04
310500.0 376 60.31 0.21 116488 20829.91 0.36 15155 3415.64 0.3 5207620 1762510.13 19.74 370 74.62 0.3 115622 37380.77 19.74 6 10 294 2070 3450 101430 17.4 21.0 17.69 0.04
311400.0 354 60.94 0.36 116842 20890.85 0.36 15125 3411.86 0.3 5222745 1765921.99 19.74 350 74.55 0.3 115972 37455.32 19.74 6 10 294 2076 3460 101724 17.4 21.0 17.69 0.04
312300.0 310 60.16 0.21 117152 20951.01 0.36 15095 3411.94 0.3 5237840 1769333.92 19.74 310 74.54 0.3 116282 37529.86 19.74 6 10 294 2082 3470 102018 17.4 21.0 17.71 0.05
313200.0 310 60.16 0.21 117462 21011.18 0.36 15093 3411.85 0.3 5252933 1772745.77 19.74 310 74.54 0.3 116592 37604.4 19.74 6 10 294 2088 3480 102312 17.3 21.0 17.71 0.05
314100.0 376 60.31 0.21 117838 21071.49 0.36 15147 3411.94 0.3 5268080 1776157.71 19.74 370 74.54 0.3 116962 37678.94 19.74 6 10 294 2094 3490 102606 17.3 21.0 17.71 0.05
315000.0 354 60.94 0.36 118192 21132.43 0.36 15115 3415.56 0.3 5283195 1779573.27 19.74 350 74.62 0.3 117312 37753.56 19.74 6 10 294 2100 3500 102900 17.3 21.0 17.71 0.05
315900.0 310 60.16 0.21 118502 21192.59 0.36 15076 3411.33 0.3 5298271 1782984.6 19.74 310 74.53 0.3 117622 37828.1 19.74 6 10 294 2106 3510 103194 17.3 21.0 17.72 0.05
316800.0 310 60.16 0.21 118812 21252.76 0.36 15071 3411.24 0.3 5313342 1786395.84 19.74 310 74.53 0.3 117932 37902.62 19.74 6 10 294 2112 3520 103488 17.3 21.0 17.72 0.05
317700.0 376 60.31 0.21 119188 21313.06 0.36 15126 3411.33 0.3 5328468 1789807.17 19.74 370 74.53 0.3 118302 37977.16 19.74 6 10 294 2118 3530 103782 17.3 21.0 17.72 0.05
318600.0 354 60.94 0.36 119542 21374.0 0.36 15100 3411.25 0.3 5343568 1793218.42 19.74 350 74.54 0.3 118652 38051.7 19.74 6 10 294 2124 3540 104076 17.3 21.0 17.72 0.05
319500.0 310 60.17 0.21 119852 21434.17 0.36 15070 3415.64 0.3 5358638 1796634.06 19.74 310 74.62 0.3 118962 38126.31 19.74 6 10 294 2130 3550 104370 17.3 21.0 17.73 0.05
320400.0 310 60.17 0.21 120162 21494.34 0.36 15067 3415.55 0.3 5373705 1800049.61 19.74 310 74.61 0.3 119272 38200.93 19.74 6 10 294 2136 3560 104664 17.3 21.0 17.72 0.05
321300.0 376 60.31 0.21 120538 21554.65 0.36 15124 3415.64 0.3 5388829 1803465.25 19.74 370 74.62 0.3 119642 38275.55 19.74 6 10 294 2142 3570 104958 17.3 21.0 17.72 0.05
322200.0 354 60.93 0.36 120892 21615.58 0.36 15088 3403.96 0.29 5403917 1806869.21 19.74 350 74.39 0.29 119992 38349.93 19.74 6 10 294 2148 3580 105252 17.3 21.0 17.72 0.05
323100.0 310 60.15 0.21 121202 21675.74 0.36 15055 3400.36 0.29 5418972 1810269.57 19.74 310 74.31 0.29 120302 38424.24 19.74 6 10 294 2154 3590 105546 17.3 21.0 17.73 0.05
324000.0 310 60.15 0.21 121512 21735.89 0.36 15063 3400.31 0.29 5434035 1813669.87 19.74 310 74.31 0.29 120612 38498.55 19.74 6 10 294 2160 3600 105840 17.3 21.0 17.74 0.06
324900.0 376 60.3 0.21 121888 21796.19 0.36 15123 3400.36 0.29 5449158 1817070.23 19.74 370 74.31 0.29 120982 38572.86 19.74 6 10 294 2166 3610 106134 17.3 21.0 17.74 0.06
325800.0 354 60.94 0.36 122242 21857.13 0.36 15092 3411.4 0.3 5464250 1820481.63 19.74 350 74.54 0.3 121332 38647.4 19.74 6 10 294 2172 3620 106428 17.3 21.0 17.74 0.06
326700.0 310 60.17 0.21 122552 21917.29 0.36 15057 3415.63 0.3 5479307 1823897.26 19.74 310 74.62 0.3 121642 38722.01 19.74 6 10 294 2178 3630 106722 17.3 21.0 17.75 0.06
327600.0 310 60.17 0.21 122862 21977.46 0.36 15053 3415.55 0.3 5494360 1827312.81 19.74 310 74.61 0.3 121952 38796.63 19.74 6 10 294 2184 3640 107016 17.2 21.0 17.75 0.06
328500.0 376 60.31 0.21 123238 22037.77 0.36 15112 3415.64 0.3 5509472 1830728.45 19.74 370 74.62 0.3 122322 38871.25 19.74 6 10 294 2190 3650 107310 17.2 21.0 17.75 0.06
329400.0 354 60.94 0.36 123592 22098.72 0.36 15073 3415.56 0.3 5524545 1834144.01 19.74 350 74.62 0.3 122672 38945.87 19.74 6 10 294 2196 3660 107604 17.2 21.0 17.75 0.06
330300.0 310 60.17 0.21 123902 22158.88 0.36 15044 3415.64 0.3 5539589 1837559.65 19.74 310 74.62 0.3 122982 39020.49 19.74 6 10 294 2202 3670 107898 17.2 21.0 17.77 0.06
331200.0 310 60.17 0.21 124212 22219.05 0.36 15042 3415.55 0.3 5554631 1840975.2 19.74 310 74.61 0.3 123292 39095.1 19.74 6 10 294 2208 3680 108192 17.2 21.0 17.77 0.06
332100.0 376 60.31 0.21 124588 22279.36 0.36 15099 3415.64 0.3 5569730 1844390.83 19.74 370 74.62 0.3 123662 39169.72 19.74 6 10 294 2214 3690 108486 17.2 21.0 17.77 0.06
333000.0 354 60.94 0.36 124942 22340.3 0.36 15047 3412.02 0.3 5584777 1847802.85 19.74 350 74.55 0.3 124012 39244.27 19.74 6 10 294 2220 3700 108780 17.2 21.0 17.77 0.06
333900.0 310 60.16 0.21 125252 22400.47 0.36 15000 3412.09 0.3 5599777 1851214.94 19.74 310 74.54 0.3 124322 39318.82 19.74 6 10 294 2226 3710 109074 17.2 21.0 17.77 0.07
334800.0 310 60.16 0.21 125562 22460.63 0.36 15003 3412.01 0.3 5614780 1854626.95 19.74 310 74.54 0.3 124632 39393.36 19.74 6 10 294 2232 3720 109368 17.2 21.0 17.77 0.07
335700.0 376 60.31 0.21 125938 22520.94 0.36 15053 3412.09 0.3 5629833 1858039.04 19.74 370 74.55 0.3 125002 39467.9 19.74 6 10 294 2238 3730 109662 17.2 21.0 17.77 0.07
336600.0 354 60.94 0.36 126292 22581.88 0.36 15016 3415.36 0.3 5644849 1861454.4 19.74 350 74.62 0.3 125352 39542.53 19.74 6 10 294 2244 3740 109956 17.2 21.0 17.77 0.07
337500.0 310 60.17 0.21 126602 22642.05 0.36 14985 3415.43 0.3 5659834 1864869.84 19.74 310 74.62 0.3 125662 39617.14 19.74 6 10 294 2250 3750 110250 17.2 21.0 17.78 0.07
338400.0 310 60.17 0.21 126912 22702.22 0.36 14991 3415.15 0.3 5674825 1868284.99 19.74 310 74.61 0.3 125972 39691.76 19.74 6 10 294 2256 3760 110544 17.2 21.0 17.79 0.07
339300.0 376 60.31 0.21 127288 22762.53 0.36 15043 3415.04 0.3 5689868 1871700.02 19.74 370 74.62 0.3 126342 39766.38 19.74 6 10 294 2262 3770 110838 17.2 21.0 17.79 0.07
340200.0 354 60.94 0.36 127642 22823.47 0.36 14993 3410.5 0.3 5704861 1875110.52 19.74 350 74.53 0.3 126692 39840.91 19.74 6 10 294 2268 3780 111132 17.2 21.0 17.79 0.07
341100.0 310 60.16 0.21 127952 22883.63 0.36 14943 3410.76 0.3 5719804 1878521.29 19.74 310 74.52 0.3 127002 39915.43 19.74 6 10 294 2274 3790 111426 17.2 21.0 17.8 0.07
342000.0 310 60.16 0.21 128262 22943.8 0.36 14940 3410.69 0.3 5734744 1881931.97 19.74 310 74.52 0.3 127312 39989.96 19.74 6 10 294 2280 3800 111720 17.2 21.0 17.8 0.07
342900.0 376 60.3 0.21 128638 23004.1 0.36 14995 3410.77 0.3 5749739 1885342.74 19.74 370 74.53 0.3 127682 40064.48 19.74 6 10 294 2286 3810 112014 17.2 21.0 17.8 0.07
343800.0 354 60.94 0.36 128992 23065.04 0.36 14957 3406.95 0.3 5764696 1888749.69 19.74 350 74.46 0.3 128032 40138.94 19.74 6 10 294 2292 3820 112308 17.2 21.0 17.8 0.07
344700.0 310 60.16 0.21 129302 23125.2 0.36 14924 3407.0 0.3 5779620 1892156.69 19.74 310 74.45 0.3 128342 40213.4 19.74 6 10 294 2298 3830 112602 17.2 21.0 17.8 0.08
345600.0 310 60.16 0.21 129612 23185.36 0.36 14921 3406.94 0.3 5794541 1895563.63 19.74 310 74.45 0.3 128652 40287.85 19.74 6 10 294 2304 3840 112896 17.2 21.0 17.8 0.08
