# seed = 8, gamma = 0.66, beta = 0.0, dee = 1.0, dcc = 100.0, dec = 10.0, dsCnd = 500.0, dLocalhost = 0.02, hostBroker = CLOUD 
#
# The columns have the following meaning: 
# instant[SECONDS] commCountUploadPartial delaySumUploadPartial[SECONDS] delayMaxUploadPartial[SECONDS] commCountUploadTot delaySumUploadTot[SECONDS] delayMaxUploadTot[SECONDS] commCountDownloadPartial delaySumDownloadPartial[SECONDS] delayMaxDownloadPartial[SECONDS] commCountDownloadTot delaySumDownloadTot[SECONDS] delayMaxDownloadTot[SECONDS] commCountDownloadMaxPartial delaySumDownloadMaxPartial[SECONDS] delayMaxDownloadMaxPartial[SECONDS] commCountDownloadMaxTot delaySumDownloadMaxTot[SECONDS] delayMaxDownloadMaxTot[SECONDS] runOnCloudPartial runOnEdgePartial runOnSmartphonePartial runOnCloudTot runOnEdgeTot runOnSmartphoneTot minTemp maxTemp avgTemp varianceTemp
0.0 0 0.0 0.0 0 0.0 0.0 0 0.0 0.0 0 0.0 0.0 0 0.0 0.0 0 0.0 0.0 0 0 0 0 0 0 17.0 25.0 21.0 0.0
900.0 376 31.72 0.1 376 31.72 0.1 15771 2373.89 0.51 15771 2373.89 0.51 370 45.52 0.2 370 45.52 0.2 304 6 0 304 6 0 18.9 21.0 19.36 0.76
1800.0 356 32.55 0.36 732 64.27 0.36 16060 168075.36 20.29 31831 170449.24 20.29 352 3282.58 20.29 722 3328.1 20.29 304 6 0 608 12 0 18.9 18.9 18.9 0.0
2700.0 310 31.62 0.11 1042 95.89 0.36 15712 2425.9 0.51 47543 172875.14 20.29 310 46.45 0.2 1032 3374.56 20.29 304 6 0 912 18 0 17.6 18.9 18.3 0.06
3600.0 310 31.62 0.11 1352 127.5 0.36 15712 2425.9 0.51 63255 175301.04 20.29 310 46.45 0.2 1342 3421.01 20.29 304 6 0 1216 24 0 17.6 18.9 18.24 0.06
4500.0 376 31.76 0.11 1728 159.26 0.36 15768 2423.97 0.51 79023 177725.01 20.29 370 46.56 0.2 1712 3467.57 20.29 304 6 0 1520 30 0 17.6 18.7 18.24 0.05
5400.0 356 32.56 0.36 2084 191.82 0.36 16084 8740.27 20.35 95107 186465.28 20.35 352 67.18 20.35 2064 3534.75 20.35 304 6 0 1824 36 0 17.6 18.7 18.24 0.05
6300.0 310 31.62 0.11 2394 223.44 0.36 15761 2443.77 0.51 110868 188909.06 20.35 310 46.73 0.21 2374 3581.48 20.35 304 6 0 2128 42 0 17.6 18.7 18.24 0.05
7200.0 310 31.62 0.11 2704 255.06 0.36 15759 2442.82 0.51 126627 191351.88 20.35 310 46.73 0.21 2684 3628.21 20.35 304 6 0 2432 48 0 17.6 18.7 18.25 0.04
8100.0 376 31.77 0.11 3080 286.83 0.36 15814 2440.32 0.51 142441 193792.19 20.35 370 46.83 0.21 3054 3675.04 20.35 304 6 0 2736 54 0 17.6 18.7 18.25 0.04
9000.0 356 32.56 0.36 3436 319.39 0.36 16113 8752.61 20.38 158554 202544.8 20.38 352 67.29 20.38 3406 3742.33 20.38 304 6 0 3040 60 0 17.6 18.7 18.25 0.04
9900.0 310 31.62 0.11 3746 351.01 0.36 15776 2447.75 0.51 174330 204992.56 20.38 310 46.78 0.2 3716 3789.11 20.38 304 6 0 3344 66 0 17.6 18.7 18.24 0.04
10800.0 310 31.62 0.11 4056 382.63 0.36 15776 2447.76 0.51 190106 207440.31 20.38 310 46.78 0.2 4026 3835.89 20.38 304 6 0 3648 72 0 17.6 18.7 18.15 0.05
11700.0 376 31.76 0.11 4432 414.39 0.36 15836 2447.87 0.51 205942 209888.18 20.38 370 46.89 0.2 4396 3882.78 20.38 304 6 0 3952 78 0 17.6 18.7 18.15 0.05
12600.0 354 32.4 0.36 4786 446.79 0.36 15793 2440.39 0.51 221735 212328.57 20.38 350 47.17 0.21 4746 3929.95 20.38 304 6 0 4256 84 0 17.6 18.7 18.15 0.05
13500.0 310 31.62 0.11 5096 478.42 0.36 15724 2425.31 0.51 237459 214753.89 20.38 310 46.87 0.21 5056 3976.81 20.38 304 6 0 4560 90 0 17.6 18.7 18.15 0.05
14400.0 310 31.62 0.11 5406 510.04 0.36 15727 2426.83 0.51 253186 217180.72 20.38 310 46.86 0.21 5366 4023.68 20.38 304 6 0 4864 96 0 17.6 18.7 18.13 0.05
15300.0 376 31.77 0.11 5782 541.81 0.36 15786 2426.44 0.51 268972 219607.15 20.38 370 46.97 0.21 5736 4070.64 20.38 304 6 0 5168 102 0 17.6 18.7 18.13 0.05
16200.0 354 32.4 0.36 6136 574.2 0.36 15758 2413.85 0.51 284730 222021.01 20.38 350 46.99 0.21 6086 4117.64 20.38 304 6 0 5472 108 0 17.6 18.7 18.13 0.05
17100.0 310 31.61 0.11 6446 605.82 0.36 15718 2408.61 0.51 300448 224429.61 20.38 310 46.6 0.2 6396 4164.23 20.38 304 6 0 5776 114 0 17.6 18.7 18.11 0.04
18000.0 310 31.61 0.11 6756 637.43 0.36 15721 2410.12 0.51 316169 226839.73 20.38 310 46.59 0.2 6706 4210.83 20.38 304 6 0 6080 120 0 17.6 18.7 18.1 0.04
18900.0 376 31.76 0.11 7132 669.19 0.36 15780 2409.73 0.51 331949 229249.46 20.38 370 46.7 0.2 7076 4257.52 20.38 304 6 0 6384 126 0 17.6 18.6 18.1 0.04
19800.0 354 32.4 0.36 7486 701.59 0.36 15754 2414.97 0.51 347703 231664.43 20.38 350 47.05 0.2 7426 4304.58 20.38 304 6 0 6688 132 0 17.6 18.6 18.1 0.04
20700.0 310 31.62 0.11 7796 733.21 0.36 15721 2418.27 0.51 363424 234082.7 20.38 310 46.76 0.2 7736 4351.33 20.38 304 6 0 6992 138 0 17.6 18.6 18.08 0.03
21600.0 310 31.62 0.11 8106 764.83 0.36 15723 2419.27 0.51 379147 236501.97 20.38 310 46.75 0.2 8046 4398.09 20.38 304 6 0 7296 144 0 17.6 18.6 18.07 0.03
22500.0 376 31.76 0.11 8482 796.59 0.36 15783 2419.4 0.51 394930 238921.37 20.38 370 46.86 0.2 8416 4444.94 20.38 304 6 0 7600 150 0 17.6 18.6 18.07 0.03
23400.0 354 32.4 0.36 8836 828.99 0.36 15752 2417.03 0.51 410682 241338.4 20.38 350 47.12 0.2 8766 4492.06 20.38 304 6 0 7904 156 0 17.6 18.6 18.07 0.03
24300.0 310 31.63 0.11 9146 860.62 0.36 15717 2424.84 0.51 426399 243763.24 20.38 310 46.93 0.21 9076 4538.99 20.38 304 6 0 8208 162 0 17.5 18.6 18.05 0.03
25200.0 310 31.63 0.11 9456 892.25 0.36 15723 2427.88 0.51 442122 246191.12 20.38 310 46.93 0.21 9386 4585.91 20.38 304 6 0 8512 168 0 17.5 18.6 18.04 0.03
26100.0 376 31.77 0.11 9832 924.02 0.36 15782 2427.49 0.51 457904 248618.62 20.38 370 47.03 0.21 9756 4632.95 20.38 304 6 0 8816 174 0 17.5 18.6 18.03 0.03
27000.0 354 32.4 0.36 10186 956.42 0.36 15751 2422.06 0.51 473655 251040.68 20.38 350 47.23 0.21 10106 4680.17 20.38 304 6 0 9120 180 0 17.5 18.6 18.03 0.03
27900.0 310 31.62 0.11 10496 988.04 0.36 15716 2417.84 0.51 489371 253458.52 20.38 310 46.8 0.2 10416 4726.97 20.38 304 6 0 9424 186 0 17.5 18.6 18.01 0.03
28800.0 310 31.62 0.11 10806 1019.66 0.36 15727 2423.43 0.51 505098 255881.95 20.38 310 46.8 0.2 10726 4773.77 20.38 304 6 0 9728 192 0 17.5 18.6 17.99 0.03
29700.0 376 31.77 0.11 11182 1051.43 0.36 15786 2423.04 0.51 520884 258304.99 20.38 370 46.9 0.2 11096 4820.67 20.38 304 6 0 10032 198 0 17.5 18.6 17.99 0.03
30600.0 354 32.4 0.36 11536 1083.83 0.36 15751 2415.57 0.51 536635 260720.56 20.38 350 47.1 0.2 11446 4867.76 20.38 304 6 0 10336 204 0 17.5 18.6 17.99 0.03
31500.0 310 31.63 0.11 11846 1115.46 0.36 15716 2424.33 0.51 552351 263144.89 20.38 310 46.93 0.21 11756 4914.69 20.38 304 6 0 10640 210 0 17.4 18.6 17.97 0.03
32400.0 310 31.63 0.11 12156 1147.08 0.36 15722 2427.37 0.51 568073 265572.26 20.38 310 46.93 0.21 12066 4961.62 20.38 304 6 0 10944 216 0 17.4 18.6 17.95 0.03
33300.0 376 31.77 0.11 12532 1178.85 0.36 15782 2427.49 0.51 583855 267999.75 20.38 370 47.03 0.21 12436 5008.65 20.38 304 6 0 11248 222 0 17.4 18.5 17.95 0.03
34200.0 354 32.4 0.36 12886 1211.26 0.36 15741 2416.96 0.51 599596 270416.72 20.38 350 47.23 0.21 12786 5055.88 20.38 304 6 0 11552 228 0 17.4 18.5 17.95 0.03
35100.0 310 31.63 0.11 13196 1242.88 0.36 15709 2420.76 0.51 615305 272837.48 20.38 310 46.93 0.21 13096 5102.8 20.38 304 6 0 11856 234 0 17.4 18.5 17.93 0.03
36000.0 310 31.63 0.11 13506 1274.51 0.36 15722 2427.37 0.51 631027 275264.85 20.38 310 46.93 0.21 13406 5149.73 20.38 304 6 0 12160 240 0 17.4 18.5 17.91 0.03
36900.0 376 31.77 0.11 13882 1306.28 0.36 15782 2427.49 0.51 646809 277692.35 20.38 370 47.03 0.21 13776 5196.76 20.38 304 6 0 12464 246 0 17.4 18.5 17.91 0.03
37800.0 354 32.4 0.36 14236 1338.68 0.36 15740 2407.27 0.51 662549 280099.62 20.38 350 47.04 0.2 14126 5243.8 20.38 304 6 0 12768 252 0 17.4 18.5 17.91 0.03
38700.0 310 31.62 0.11 14546 1370.3 0.36 15708 2411.06 0.51 678257 282510.67 20.38 310 46.74 0.2 14436 5290.55 20.38 304 6 0 13072 258 0 17.3 18.5 17.88 0.03
39600.0 310 31.62 0.11 14856 1401.92 0.36 15722 2418.19 0.51 693979 284928.86 20.38 310 46.74 0.2 14746 5337.29 20.38 304 6 0 13376 264 0 17.3 18.5 17.87 0.04
40500.0 376 31.76 0.11 15232 1433.68 0.36 15779 2416.77 0.51 709758 287345.63 20.38 370 46.85 0.2 15116 5384.14 20.38 304 6 0 13680 270 0 17.3 18.5 17.87 0.04
41400.0 354 32.4 0.36 15586 1466.08 0.36 15738 2415.43 0.51 725496 289761.06 20.38 350 47.23 0.21 15466 5431.36 20.38 304 6 0 13984 276 0 17.3 18.5 17.87 0.04
42300.0 310 31.62 0.11 15896 1497.71 0.36 15700 2410.64 0.51 741196 292171.7 20.38 310 46.82 0.2 15776 5478.18 20.38 304 6 0 14288 282 0 17.3 18.5 17.84 0.04
43200.0 310 31.62 0.11 16206 1529.33 0.36 15714 2417.75 0.51 756910 294589.46 20.38 310 46.81 0.2 16086 5524.99 20.38 304 6 0 14592 288 0 17.3 18.5 17.83 0.04
44100.0 376 31.77 0.11 16582 1561.1 0.36 15773 2417.37 0.51 772683 297006.83 20.38 370 46.92 0.2 16456 5571.91 20.38 304 6 0 14896 294 0 17.2 18.4 17.82 0.04
45000.0 354 32.4 0.36 16936 1593.5 0.36 15737 2409.38 0.51 788420 299416.21 20.38 350 47.12 0.2 16806 5619.03 20.38 304 6 0 15200 300 0 17.2 18.4 17.82 0.04
45900.0 310 31.62 0.11 17246 1625.12 0.36 15704 2411.94 0.51 804124 301828.15 20.38 310 46.8 0.2 17116 5665.83 20.38 304 6 0 15504 306 0 17.2 18.5 17.8 0.05
46800.0 310 31.62 0.11 17556 1656.74 0.36 15713 2416.52 0.51 819837 304244.67 20.38 310 46.8 0.2 17426 5712.63 20.38 304 6 0 15808 312 0 17.2 18.5 17.79 0.06
47700.0 376 31.77 0.11 17932 1688.51 0.36 15772 2416.12 0.51 835609 306660.79 20.38 370 46.9 0.2 17796 5759.54 20.38 304 6 0 16112 318 0 17.2 18.5 17.78 0.06
48600.0 354 32.4 0.36 18286 1720.91 0.36 15729 2404.58 0.51 851338 309065.37 20.38 350 47.1 0.2 18146 5806.64 20.38 304 6 0 16416 324 0 17.2 18.5 17.78 0.06
49500.0 310 31.63 0.11 18596 1752.53 0.36 15703 2417.7 0.51 867041 311483.07 20.38 310 46.93 0.21 18456 5853.57 20.38 304 6 0 16720 330 0 17.1 18.5 17.76 0.06
50400.0 310 31.63 0.11 18906 1784.16 0.36 15719 2425.84 0.51 882760 313908.91 20.38 310 46.93 0.21 18766 5900.49 20.38 304 6 0 17024 336 0 17.1 18.5 17.74 0.07
51300.0 376 31.77 0.11 19282 1815.93 0.36 15779 2425.96 0.51 898539 316334.87 20.38 370 47.03 0.21 19136 5947.52 20.38 304 6 0 17328 342 0 17.1 18.5 17.74 0.07
52200.0 354 32.4 0.36 19636 1848.33 0.36 15736 2414.41 0.51 914275 318749.29 20.38 350 47.23 0.21 19486 5994.75 20.38 304 6 0 17632 348 0 17.1 18.5 17.74 0.07
53100.0 310 31.63 0.11 19946 1879.96 0.36 15692 2412.09 0.51 929967 321161.38 20.38 310 46.93 0.21 19796 6041.68 20.38 304 6 0 17936 354 0 17.1 18.6 17.72 0.07
54000.0 310 31.63 0.11 20256 1911.59 0.36 15703 2417.68 0.51 945670 323579.06 20.38 310 46.93 0.21 20106 6088.61 20.38 304 6 0 18240 360 0 17.1 18.6 17.71 0.08
54900.0 376 31.77 0.11 20632 1943.36 0.36 15761 2416.78 0.51 961431 325995.84 20.38 370 47.03 0.21 20476 6135.64 20.38 304 6 0 18544 366 0 17.1 18.6 17.71 0.08
55800.0 354 32.4 0.36 20986 1975.76 0.36 15729 2410.84 0.51 977160 328406.69 20.38 350 47.23 0.21 20826 6182.86 20.38 304 6 0 18848 372 0 17.1 18.6 17.71 0.08
56700.0 310 31.63 0.11 21296 2007.39 0.36 15698 2415.15 0.51 992858 330821.84 20.38 310 46.93 0.21 21136 6229.79 20.38 304 6 0 19152 378 0 17.1 18.6 17.69 0.09
57600.0 310 31.63 0.11 21606 2039.01 0.36 15713 2422.78 0.51 1008571 333244.62 20.38 310 46.93 0.21 21446 6276.72 20.38 304 6 0 19456 384 0 17.1 18.6 17.67 0.09
58500.0 376 31.77 0.11 21982 2070.78 0.36 15773 2422.9 0.51 1024344 335667.53 20.38 370 47.03 0.21 21816 6323.75 20.38 304 6 0 19760 390 0 17.1 18.6 17.67 0.09
59400.0 354 32.4 0.36 22336 2103.19 0.36 15728 2407.24 0.51 1040072 338074.77 20.38 350 47.17 0.21 22166 6370.92 20.38 304 6 0 20064 396 0 17.1 18.6 17.67 0.09
60300.0 310 31.62 0.11 22646 2134.81 0.36 15692 2408.99 0.51 1055764 340483.76 20.38 310 46.87 0.21 22476 6417.78 20.38 304 6 0 20368 402 0 17.0 18.6 17.65 0.1
61200.0 310 31.62 0.11 22956 2166.43 0.36 15703 2414.59 0.51 1071467 342898.35 20.38 310 46.86 0.21 22786 6464.65 20.38 304 6 0 20672 408 0 17.0 18.6 17.64 0.1
62100.0 376 31.77 0.11 23332 2198.2 0.36 15760 2413.18 0.51 1087227 345311.53 20.38 370 46.97 0.21 23156 6511.61 20.38 304 6 0 20976 414 0 17.0 18.6 17.64 0.1
63000.0 354 32.39 0.36 23686 2230.59 0.36 15720 2394.58 0.51 1102947 347706.11 20.38 350 47.0 0.21 23506 6558.61 20.38 304 6 0 21280 420 0 17.0 18.6 17.64 0.1
63900.0 310 31.61 0.11 23996 2262.21 0.36 15689 2393.1 0.51 1118636 350099.21 20.38 310 46.58 0.2 23816 6605.19 20.38 304 6 0 21584 426 0 17.0 18.6 17.63 0.11
64800.0 310 31.61 0.11 24306 2293.82 0.36 15693 2395.14 0.51 1134329 352494.35 20.38 310 46.58 0.2 24126 6651.77 20.38 304 6 0 21888 432 0 17.0 18.6 17.62 0.12
65700.0 376 31.75 0.11 24682 2325.58 0.36 15753 2395.24 0.51 1150082 354889.59 20.38 370 46.68 0.2 24496 6698.45 20.38 304 6 0 22192 438 0 17.0 18.6 17.62 0.12
66600.0 354 32.39 0.36 25036 2357.97 0.36 15715 2384.23 0.51 1165797 357273.82 20.38 350 46.84 0.2 24846 6745.29 20.38 304 6 0 22496 444 0 17.0 18.6 17.62 0.12
67500.0 310 31.61 0.11 25346 2389.58 0.36 15674 2377.71 0.51 1181471 359651.53 20.38 310 46.43 0.2 25156 6791.72 20.38 304 6 0 22800 450 0 17.0 18.7 17.61 0.12
68400.0 310 31.61 0.11 25656 2421.19 0.36 15677 2379.24 0.51 1197148 362030.77 20.38 310 46.43 0.2 25466 6838.15 20.38 304 6 0 23104 456 0 17.0 18.7 17.6 0.12
69300.0 376 31.75 0.11 26032 2452.94 0.36 15736 2378.83 0.51 1212884 364409.6 20.38 370 46.54 0.2 25836 6884.69 20.38 304 6 0 23408 462 0 17.0 18.7 17.6 0.12
70200.0 354 32.39 0.36 26386 2485.33 0.36 15704 2377.46 0.51 1228588 366787.06 20.38 350 46.82 0.2 26186 6931.5 20.38 304 6 0 23712 468 0 17.0 18.7 17.6 0.12
71100.0 310 31.61 0.11 26696 2516.94 0.36 15669 2380.42 0.51 1244257 369167.48 20.38 310 46.53 0.2 26496 6978.03 20.38 304 6 0 24016 474 0 17.0 18.7 17.6 0.13
72000.0 310 31.61 0.11 27006 2548.55 0.36 15675 2383.48 0.51 1259932 371550.96 20.38 310 46.53 0.2 26806 7024.56 20.38 304 6 0 24320 480 0 17.0 18.7 17.59 0.13
72900.0 376 31.75 0.11 27382 2580.31 0.36 15732 2382.05 0.51 1275664 373933.01 20.38 370 46.63 0.2 27176 7071.19 20.38 304 6 0 24624 486 0 17.0 18.7 17.58 0.13
73800.0 354 32.39 0.36 27736 2612.7 0.36 15705 2378.68 0.51 1291369 376311.69 20.38 350 46.83 0.2 27526 7118.02 20.38 304 6 0 24928 492 0 17.0 18.7 17.58 0.13
74700.0 310 31.62 0.11 28046 2644.31 0.36 15666 2384.44 0.51 1307035 378696.13 20.38 310 46.64 0.2 27836 7164.66 20.38 304 6 0 25232 498 0 17.0 18.7 17.58 0.13
75600.0 310 31.62 0.11 28356 2675.93 0.36 15661 2381.89 0.51 1322696 381078.02 20.38 310 46.64 0.2 28146 7211.3 20.38 304 6 0 25536 504 0 17.0 18.7 17.57 0.13
76500.0 376 31.76 0.11 28732 2707.69 0.36 15721 2381.99 0.51 1338417 383460.01 20.38 370 46.74 0.2 28516 7258.05 20.38 304 6 0 25840 510 0 17.0 18.7 17.57 0.13
77400.0 354 32.39 0.36 29086 2740.08 0.36 15689 2373.0 0.51 1354106 385833.01 20.38 350 46.88 0.2 28866 7304.93 20.38 304 6 0 26144 516 0 17.0 18.7 17.57 0.13
78300.0 310 31.61 0.11 29396 2771.7 0.36 15652 2374.23 0.51 1369758 388207.24 20.38 310 46.58 0.2 29176 7351.51 20.38 304 6 0 26448 522 0 17.0 18.6 17.57 0.13
79200.0 310 31.61 0.11 29706 2803.31 0.36 15655 2375.76 0.51 1385413 390583.0 20.38 310 46.58 0.2 29486 7398.09 20.38 304 6 0 26752 528 0 17.0 18.6 17.56 0.13
80100.0 376 31.75 0.11 30082 2835.06 0.36 15715 2375.86 0.51 1401128 392958.86 20.38 370 46.68 0.2 29856 7444.77 20.38 304 6 0 27056 534 0 17.0 18.6 17.56 0.13
81000.0 354 32.39 0.36 30436 2867.46 0.36 15684 2374.48 0.51 1416812 395333.34 20.38 350 46.96 0.2 30206 7491.73 20.38 304 6 0 27360 540 0 17.0 18.6 17.56 0.13
81900.0 310 31.62 0.11 30746 2899.08 0.36 15650 2383.26 0.51 1432462 397716.6 20.38 310 46.78 0.21 30516 7538.51 20.38 304 6 0 27664 546 0 17.0 18.6 17.56 0.13
82800.0 310 31.62 0.11 31056 2930.7 0.36 15651 2383.76 0.51 1448113 400100.36 20.38 310 46.78 0.21 30826 7585.29 20.38 304 6 0 27968 552 0 17.0 18.6 17.56 0.12
83700.0 376 31.76 0.11 31432 2962.46 0.36 15708 2382.35 0.51 1463821 402482.7 20.38 370 46.88 0.21 31196 7632.17 20.38 304 6 0 28272 558 0 17.0 18.6 17.56 0.12
84600.0 354 32.4 0.36 31786 2994.86 0.36 15678 2377.43 0.51 1479499 404860.13 20.38 350 47.08 0.21 31546 7679.25 20.38 304 6 0 28576 564 0 17.0 18.6 17.56 0.12
85500.0 310 31.62 0.11 32096 3026.48 0.36 15648 2375.98 0.51 1495147 407236.11 20.38 310 46.66 0.2 31856 7725.91 20.38 304 6 0 28880 570 0 17.0 18.6 17.57 0.12
86400.0 310 31.62 0.11 32406 3058.1 0.36 15651 2377.5 0.51 1510798 409613.61 20.38 310 46.65 0.2 32166 7772.56 20.38 304 6 0 29184 576 0 17.0 18.6 17.57 0.11
87300.0 376 31.76 0.11 32782 3089.86 0.36 15711 2377.61 0.51 1526509 411991.22 20.38 370 46.76 0.2 32536 7819.32 20.38 304 6 0 29488 582 0 17.0 18.6 17.57 0.11
88200.0 354 32.4 0.36 33136 3122.26 0.36 15674 2376.53 0.51 1542183 414367.74 20.38 350 47.1 0.2 32886 7866.42 20.38 304 6 0 29792 588 0 17.0 18.6 17.57 0.11
89100.0 310 31.63 0.11 33446 3153.88 0.36 15697 2414.64 0.51 1557880 416782.38 20.38 310 46.93 0.21 33196 7913.35 20.38 304 6 0 30096 594 0 17.1 18.5 17.59 0.08
90000.0 310 31.63 0.11 33756 3185.51 0.36 15728 2430.43 0.51 1573608 419212.82 20.38 310 46.93 0.21 33506 7960.27 20.38 304 6 0 30400 600 0 17.1 18.5 17.67 0.05
90900.0 376 31.77 0.11 34132 3217.28 0.36 15787 2430.04 0.51 1589395 421642.86 20.38 370 47.03 0.21 33876 8007.3 20.38 304 6 0 30704 606 0 17.1 18.5 17.67 0.05
91800.0 354 32.39 0.36 34486 3249.67 0.36 15737 2400.44 0.51 1605132 424043.3 20.38 350 46.94 0.2 34226 8054.24 20.38 304 6 0 31008 612 0 17.1 18.5 17.67 0.05
92700.0 310 31.61 0.11 34796 3281.28 0.36 15756 2418.25 0.51 1620888 426461.55 20.38 310 46.41 0.2 34536 8100.65 20.38 304 6 0 31312 618 0 17.1 23.8 19.36 2.46
93600.0 310 31.61 0.11 35106 3312.89 0.36 15757 2418.76 0.51 1636645 428880.31 20.38 310 46.41 0.2 34846 8147.06 20.38 304 6 0 31616 624 0 17.1 23.8 20.69 5.01
94500.0 376 31.75 0.11 35482 3344.64 0.36 15811 2415.8 0.51 1652456 431296.11 20.38 370 46.51 0.2 35216 8193.57 20.38 304 6 0 31920 630 0 17.1 23.8 20.72 5.03
95400.0 354 32.39 0.36 35836 3377.03 0.36 15788 2414.47 0.51 1668244 433710.58 20.38 350 46.71 0.2 35566 8240.27 20.38 304 6 0 32224 636 0 17.1 23.8 20.72 5.03
96300.0 310 31.61 0.11 36146 3408.64 0.36 15761 2420.79 0.51 1684005 436131.37 20.38 310 46.41 0.2 35876 8286.68 20.38 304 6 0 32528 642 0 17.1 24.0 21.1 4.83
97200.0 310 31.61 0.11 36456 3440.24 0.36 15760 2420.29 0.51 1699765 438551.66 20.38 310 46.41 0.2 36186 8333.09 20.38 304 6 0 32832 648 0 17.4 24.0 21.22 4.92
98100.0 376 31.75 0.11 36832 3472.0 0.36 15819 2419.88 0.51 1715584 440971.54 20.38 370 46.51 0.2 36556 8379.6 20.38 304 6 0 33136 654 0 17.4 24.0 21.22 4.92
99000.0 354 32.38 0.36 37186 3504.38 0.36 15796 2413.08 0.51 1731380 443384.62 20.38 350 46.6 0.2 36906 8426.19 20.38 304 6 0 33440 660 0 17.4 24.0 21.22 4.92
99900.0 310 31.6 0.11 37496 3535.98 0.36 15758 2413.83 0.51 1747138 445798.44 20.38 310 46.3 0.2 37216 8472.49 20.38 304 6 0 33744 666 0 17.5 24.0 21.5 4.14
100800.0 310 31.6 0.11 37806 3567.58 0.36 15752 2410.74 0.51 1762890 448209.18 20.38 310 46.29 0.2 37526 8518.79 20.38 304 6 0 34048 672 0 17.7 24.0 21.56 4.07
101700.0 376 31.75 0.11 38182 3599.33 0.36 15812 2410.87 0.51 1778702 450620.05 20.38 370 46.4 0.2 37896 8565.19 20.38 304 6 0 34352 678 0 17.8 24.0 21.56 4.06
102600.0 354 32.38 0.36 38536 3631.71 0.36 15785 2405.83 0.51 1794487 453025.88 20.38 350 46.57 0.2 38246 8611.75 20.38 304 6 0 34656 684 0 17.8 24.0 21.56 4.06
103500.0 310 31.6 0.11 38846 3663.31 0.36 15752 2409.11 0.51 1810239 455434.99 20.38 310 46.27 0.2 38556 8658.02 20.38 304 6 0 34960 690 0 18.0 24.0 21.79 3.27
104400.0 310 31.6 0.11 39156 3694.91 0.36 15753 2409.61 0.51 1825992 457844.61 20.38 310 46.26 0.2 38866 8704.28 20.38 304 6 0 35264 696 0 18.2 24.0 21.86 3.18
105300.0 376 31.75 0.11 39532 3726.66 0.36 15810 2408.2 0.51 1841802 460252.8 20.38 370 46.37 0.2 39236 8750.65 20.38 304 6 0 35568 702 0 18.5 24.0 21.86 3.17
106200.0 354 32.37 0.36 39886 3759.03 0.36 15788 2398.7 0.51 1857590 462651.5 20.38 350 46.39 0.2 39586 8797.04 20.38 304 6 0 35872 708 0 18.5 24.0 21.86 3.17
107100.0 310 31.59 0.1 40196 3790.62 0.36 15748 2393.26 0.51 1873338 465044.76 20.38 310 45.99 0.2 39896 8843.03 20.38 304 6 0 36176 714 0 18.8 24.0 21.86 2.96
108000.0 310 31.59 0.1 40506 3822.22 0.36 15746 2392.21 0.51 1889084 467436.97 20.38 310 45.98 0.2 40206 8889.01 20.38 304 6 0 36480 720 0 18.8 24.0 21.86 2.95
108900.0 376 31.74 0.1 40882 3853.95 0.36 15803 2390.81 0.51 1904887 469827.78 20.38 370 46.09 0.2 40576 8935.1 20.38 304 6 0 36784 726 0 18.9 24.0 21.86 2.95
109800.0 354 32.37 0.36 41236 3886.32 0.36 15781 2389.96 0.51 1920668 472217.75 20.38 350 46.28 0.2 40926 8981.38 20.38 304 6 0 37088 732 0 18.9 24.0 21.86 2.95
110700.0 310 31.59 0.1 41546 3917.91 0.36 15745 2391.73 0.51 1936413 474609.47 20.38 310 45.99 0.2 41236 9027.37 20.38 304 6 0 37392 738 0 18.9 24.0 21.75 2.86
111600.0 310 31.59 0.1 41856 3949.5 0.36 15738 2388.13 0.51 1952151 476997.61 20.38 310 45.98 0.2 41546 9073.35 20.38 304 6 0 37696 744 0 18.9 24.0 21.69 2.75
112500.0 376 31.74 0.1 42232 3981.24 0.36 15796 2387.24 0.51 1967947 479384.85 20.38 370 46.09 0.2 41916 9119.44 20.38 304 6 0 38000 750 0 18.9 23.9 21.69 2.75
113400.0 354 32.37 0.36 42586 4013.61 0.36 15770 2384.35 0.51 1983717 481769.2 20.38 350 46.28 0.2 42266 9165.72 20.38 304 6 0 38304 756 0 18.9 23.9 21.69 2.75
114300.0 310 31.59 0.1 42896 4045.2 0.36 15738 2388.16 0.51 1999455 484157.36 20.38 310 45.99 0.2 42576 9211.71 20.38 304 6 0 38608 762 0 18.9 24.0 23.3 0.26
115200.0 310 31.59 0.1 43206 4076.79 0.36 15737 2387.62 0.51 2015192 486544.98 20.38 310 45.98 0.2 42886 9257.69 20.38 304 6 0 38912 768 0 18.9 24.0 23.5 0.1
116100.0 376 31.74 0.1 43582 4108.53 0.36 15797 2387.75 0.51 2030989 488932.73 20.38 370 46.09 0.2 43256 9303.78 20.38 304 6 0 39216 774 0 22.6 24.0 23.52 0.04
117000.0 354 32.37 0.36 43936 4140.9 0.36 15776 2387.41 0.51 2046765 491320.14 20.38 350 46.28 0.2 43606 9350.07 20.38 304 6 0 39520 780 0 22.6 24.0 23.52 0.04
117900.0 310 31.59 0.1 44246 4172.49 0.36 15736 2387.14 0.51 2062501 493707.28 20.38 310 45.99 0.2 43916 9396.05 20.38 304 6 0 39824 786 0 22.7 24.0 23.57 0.02
118800.0 310 31.59 0.1 44556 4204.08 0.36 15735 2386.6 0.51 2078236 496093.88 20.38 310 45.98 0.2 44226 9442.04 20.38 304 6 0 40128 792 0 22.7 24.0 23.6 0.02
119700.0 376 31.74 0.1 44932 4235.82 0.36 15791 2384.69 0.51 2094027 498478.57 20.38 370 46.09 0.2 44596 9488.13 20.38 304 6 0 40432 798 0 22.7 24.0 23.6 0.02
120600.0 354 32.37 0.36 45286 4268.19 0.36 15771 2384.86 0.51 2109798 500863.44 20.38 350 46.28 0.2 44946 9534.41 20.38 304 6 0 40736 804 0 22.7 24.0 23.6 0.02
121500.0 310 31.59 0.1 45596 4299.78 0.36 15728 2383.06 0.51 2125526 503246.49 20.38 310 45.99 0.2 45256 9580.4 20.38 304 6 0 41040 810 0 22.8 24.0 23.64 0.01
122400.0 310 31.59 0.1 45906 4331.37 0.36 15727 2382.52 0.51 2141253 505629.01 20.38 310 45.98 0.2 45566 9626.38 20.38 304 6 0 41344 816 0 22.8 24.0 23.67 0.01
123300.0 376 31.74 0.1 46282 4363.1 0.36 15786 2382.14 0.51 2157039 508011.15 20.38 370 46.09 0.2 45936 9672.47 20.38 304 6 0 41648 822 0 22.8 24.0 23.67 0.01
124200.0 354 32.37 0.36 46636 4395.47 0.36 15765 2381.8 0.51 2172804 510392.96 20.38 350 46.28 0.2 46286 9718.75 20.38 304 6 0 41952 828 0 22.8 24.0 23.67 0.01
125100.0 310 31.59 0.1 46946 4427.07 0.36 15719 2378.47 0.51 2188523 512771.42 20.38 310 45.99 0.2 46596 9764.74 20.38 304 6 0 42256 834 0 22.9 24.0 23.7 0.01
126000.0 310 31.59 0.1 47256 4458.66 0.36 15719 2378.44 0.51 2204242 515149.87 20.38 310 45.98 0.2 46906 9810.72 20.38 304 6 0 42560 840 0 22.9 24.0 23.73 0.01
126900.0 376 31.74 0.1 47632 4490.39 0.36 15778 2378.06 0.51 2220020 517527.93 20.38 370 46.09 0.2 47276 9856.81 20.38 304 6 0 42864 846 0 22.9 24.0 23.73 0.01
127800.0 354 32.37 0.36 47986 4522.76 0.36 15755 2376.7 0.51 2235775 519904.63 20.38 350 46.28 0.2 47626 9903.09 20.38 304 6 0 43168 852 0 22.9 24.0 23.73 0.01
128700.0 310 31.59 0.1 48296 4554.35 0.36 15715 2376.43 0.51 2251490 522281.06 20.38 310 45.99 0.2 47936 9949.08 20.38 304 6 0 43472 858 0 23.1 24.0 23.75 0.01
129600.0 310 31.59 0.1 48606 4585.95 0.36 15714 2375.89 0.51 2267204 524656.95 20.38 310 45.98 0.2 48246 9995.06 20.38 304 6 0 43776 864 0 23.1 24.0 23.77 0.01
130500.0 376 31.74 0.1 48982 4617.68 0.36 15772 2375.0 0.51 2282976 527031.95 20.38 370 46.09 0.2 48616 10041.15 20.38 304 6 0 44080 870 0 23.1 24.0 23.77 0.01
131400.0 354 32.37 0.36 49336 4650.05 0.36 15752 2375.17 0.51 2298728 529407.12 20.38 350 46.28 0.2 48966 10087.44 20.38 304 6 0 44384 876 0 23.1 24.0 23.77 0.01
132300.0 310 31.59 0.1 49646 4681.64 0.36 15712 2374.9 0.51 2314440 531782.02 20.38 310 45.99 0.2 49276 10133.42 20.38 304 6 0 44688 882 0 23.2 24.0 23.79 0.01
133200.0 310 31.59 0.1 49956 4713.23 0.36 15710 2373.85 0.51 2330150 534155.87 20.38 310 45.98 0.2 49586 10179.41 20.38 304 6 0 44992 888 0 23.2 24.0 23.81 0.01
134100.0 376 31.74 0.1 50332 4744.97 0.36 15770 2373.98 0.51 2345920 536529.85 20.38 370 46.09 0.2 49956 10225.5 20.38 304 6 0 45296 894 0 23.2 24.0 23.81 0.01
135000.0 354 32.37 0.36 50686 4777.34 0.36 15749 2373.64 0.51 2361669 538903.5 20.38 350 46.28 0.2 50306 10271.78 20.38 304 6 0 45600 900 0 23.2 24.0 23.81 0.01
135900.0 310 31.59 0.1 50996 4808.93 0.36 15708 2372.86 0.51 2377377 541276.35 20.38 310 45.99 0.2 50616 10317.77 20.38 304 6 0 45904 906 0 23.3 24.0 23.83 0.01
136800.0 310 31.59 0.1 51306 4840.52 0.36 15708 2372.83 0.51 2393085 543649.19 20.38 310 45.98 0.2 50926 10363.75 20.38 304 6 0 46208 912 0 23.3 24.0 23.84 0.01
137700.0 376 31.74 0.1 51682 4872.26 0.36 15768 2372.96 0.51 2408853 546022.14 20.38 370 46.09 0.2 51296 10409.84 20.38 304 6 0 46512 918 0 23.3 24.0 23.84 0.01
138600.0 354 32.37 0.36 52036 4904.63 0.36 15747 2372.62 0.51 2424600 548394.77 20.38 350 46.28 0.2 51646 10456.12 20.38 304 6 0 46816 924 0 23.3 24.0 23.84 0.01
139500.0 310 31.59 0.1 52346 4936.22 0.36 15707 2372.35 0.51 2440307 550767.11 20.38 310 45.99 0.2 51956 10502.11 20.38 304 6 0 47120 930 0 23.4 24.0 23.85 0.01
140400.0 310 31.59 0.1 52656 4967.81 0.36 15706 2371.81 0.51 2456013 553138.93 20.38 310 45.98 0.2 52266 10548.09 20.38 304 6 0 47424 936 0 23.4 24.0 23.86 0.01
141300.0 376 31.74 0.1 53032 4999.55 0.36 15764 2370.92 0.51 2471777 555509.85 20.38 370 46.09 0.2 52636 10594.18 20.38 304 6 0 47728 942 0 23.4 24.0 23.86 0.01
142200.0 354 32.37 0.36 53386 5031.91 0.36 15744 2371.09 0.51 2487521 557880.94 20.38 350 46.28 0.2 52986 10640.46 20.38 304 6 0 48032 948 0 23.4 24.0 23.86 0.01
143100.0 310 31.59 0.1 53696 5063.51 0.36 15703 2370.31 0.51 2503224 560251.25 20.38 310 45.99 0.2 53296 10686.45 20.38 304 6 0 48336 954 0 23.5 24.0 23.88 0.01
144000.0 310 31.59 0.1 54006 5095.1 0.36 15700 2368.75 0.51 2518924 562620.0 20.38 310 45.98 0.2 53606 10732.43 20.38 304 6 0 48640 960 0 23.5 24.0 23.89 0.01
144900.0 376 31.74 0.1 54382 5126.83 0.36 15760 2368.88 0.51 2534684 564988.88 20.38 370 46.09 0.2 53976 10778.52 20.38 304 6 0 48944 966 0 23.5 24.0 23.89 0.01
145800.0 354 32.37 0.36 54736 5159.2 0.36 15740 2369.05 0.51 2550424 567357.93 20.38 350 46.28 0.2 54326 10824.81 20.38 304 6 0 49248 972 0 23.5 24.0 23.89 0.01
146700.0 310 31.59 0.1 55046 5190.8 0.36 15697 2367.25 0.51 2566121 569725.18 20.38 310 45.99 0.2 54636 10870.79 20.38 304 6 0 49552 978 0 23.6 24.0 23.89 0.01
147600.0 310 31.59 0.1 55356 5222.39 0.36 15697 2367.22 0.51 2581818 572092.4 20.38 310 45.98 0.2 54946 10916.78 20.38 304 6 0 49856 984 0 23.6 24.0 23.89 0.01
148500.0 376 31.74 0.1 55732 5254.12 0.36 15754 2365.82 0.51 2597572 574458.22 20.38 370 46.09 0.2 55316 10962.87 20.38 304 6 0 50160 990 0 23.6 24.0 23.89 0.01
149400.0 354 32.37 0.36 56086 5286.49 0.36 15734 2365.99 0.51 2613306 576824.22 20.38 350 46.28 0.2 55666 11009.15 20.38 304 6 0 50464 996 0 23.6 24.0 23.89 0.01
150300.0 310 31.59 0.1 56396 5318.08 0.36 15694 2365.72 0.51 2629000 579189.93 20.38 310 45.99 0.2 55976 11055.14 20.38 304 6 0 50768 1002 0 23.7 24.0 23.89 0.01
151200.0 310 31.59 0.1 56706 5349.68 0.36 15693 2365.18 0.51 2644693 581555.12 20.38 310 45.98 0.2 56286 11101.12 20.38 304 6 0 51072 1008 0 23.7 24.0 23.9 0.01
152100.0 376 31.74 0.1 57082 5381.41 0.36 15750 2363.78 0.51 2660443 583918.89 20.38 370 46.09 0.2 56656 11147.21 20.38 304 6 0 51376 1014 0 23.7 24.0 23.9 0.01
153000.0 354 32.37 0.36 57436 5413.78 0.36 15730 2363.95 0.51 2676173 586282.85 20.38 350 46.28 0.2 57006 11193.49 20.38 304 6 0 51680 1020 0 23.7 24.0 23.9 0.01
153900.0 310 31.59 0.1 57746 5445.37 0.36 15689 2363.17 0.51 2691862 588646.02 20.38 310 45.99 0.2 57316 11239.48 20.38 304 6 0 51984 1026 0 23.6 24.0 23.9 0.01
154800.0 310 31.59 0.1 58056 5476.96 0.36 15684 2360.59 0.51 2707546 591006.61 20.38 310 45.98 0.2 57626 11285.46 20.38 304 6 0 52288 1032 0 23.6 24.0 23.9 0.01
155700.0 376 31.74 0.1 58432 5508.7 0.36 15744 2360.72 0.51 2723290 593367.33 20.38 370 46.09 0.2 57996 11331.55 20.38 304 6 0 52592 1038 0 23.6 24.0 23.9 0.01
156600.0 354 32.37 0.36 58786 5541.07 0.36 15724 2360.89 0.51 2739014 595728.22 20.38 350 46.28 0.2 58346 11377.84 20.38 304 6 0 52896 1044 0 23.6 24.0 23.9 0.01
157500.0 310 31.59 0.1 59096 5572.66 0.36 15684 2360.62 0.51 2754698 598088.84 20.38 310 45.99 0.2 58656 11423.82 20.38 304 6 0 53200 1050 0 23.5 24.0 23.89 0.01
158400.0 310 31.59 0.1 59406 5604.25 0.36 15684 2360.59 0.51 2770382 600449.43 20.38 310 45.98 0.2 58966 11469.8 20.38 304 6 0 53504 1056 0 23.5 24.0 23.89 0.01
159300.0 376 31.74 0.1 59782 5635.99 0.36 15743 2360.21 0.51 2786125 602809.64 20.38 370 46.09 0.2 59336 11515.89 20.38 304 6 0 53808 1062 0 23.5 24.0 23.89 0.01
160200.0 354 32.37 0.36 60136 5668.36 0.36 15721 2359.36 0.51 2801846 605169.0 20.38 350 46.28 0.2 59686 11562.18 20.38 304 6 0 54112 1068 0 23.5 24.0 23.89 0.01
161100.0 310 31.59 0.1 60446 5699.95 0.36 15681 2359.09 0.51 2817527 607528.09 20.38 310 45.99 0.2 59996 11608.16 20.38 304 6 0 54416 1074 0 23.4 24.0 23.87 0.02
162000.0 310 31.59 0.1 60756 5731.54 0.36 15677 2357.02 0.51 2833204 609885.11 20.38 310 45.98 0.2 60306 11654.15 20.38 304 6 0 54720 1080 0 23.4 24.0 23.87 0.02
162900.0 376 31.73 0.1 61132 5763.27 0.36 15735 2356.13 0.51 2848939 612241.24 20.38 370 46.09 0.2 60676 11700.24 20.38 304 6 0 55024 1086 0 23.4 24.0 23.87 0.02
163800.0 354 32.37 0.36 61486 5795.64 0.36 15715 2356.3 0.51 2864654 614597.55 20.38 350 46.28 0.2 61026 11746.52 20.38 304 6 0 55328 1092 0 23.4 24.0 23.87 0.02
164700.0 310 31.59 0.1 61796 5827.23 0.36 15675 2356.03 0.51 2880329 616953.57 20.38 310 45.99 0.2 61336 11792.51 20.38 304 6 0 55632 1098 0 23.3 24.0 23.85 0.02
165600.0 310 31.59 0.1 62106 5858.82 0.36 15674 2355.49 0.51 2896003 619309.07 20.38 310 45.98 0.2 61646 11838.49 20.38 304 6 0 55936 1104 0 23.3 24.0 23.84 0.02
166500.0 376 31.74 0.1 62482 5890.56 0.36 15733 2355.11 0.51 2911736 621664.18 20.38 370 46.09 0.2 62016 11884.58 20.38 304 6 0 56240 1110 0 23.3 24.0 23.83 0.02
167400.0 354 32.37 0.36 62836 5922.93 0.36 15711 2354.26 0.51 2927447 624018.44 20.38 350 46.28 0.2 62366 11930.86 20.38 304 6 0 56544 1116 0 23.3 24.0 23.83 0.02
168300.0 310 31.59 0.1 63146 5954.52 0.36 15669 2352.97 0.51 2943116 626371.41 20.38 310 45.99 0.2 62676 11976.85 20.38 304 6 0 56848 1122 0 23.2 24.0 23.81 0.03
169200.0 310 31.59 0.1 63456 5986.11 0.36 15669 2352.94 0.51 2958785 628724.35 20.38 310 45.98 0.2 62986 12022.83 20.38 304 6 0 57152 1128 0 23.2 24.0 23.8 0.02
170100.0 376 31.73 0.1 63832 6017.84 0.36 15729 2353.07 0.51 2974514 631077.42 20.38 370 46.09 0.2 63356 12068.92 20.38 304 6 0 57456 1134 0 23.2 24.0 23.8 0.02
171000.0 354 32.37 0.36 64186 6050.21 0.36 15707 2352.22 0.51 2990221 633429.64 20.38 350 46.28 0.2 63706 12115.21 20.38 304 6 0 57760 1140 0 23.2 24.0 23.8 0.02
171900.0 310 31.59 0.1 64496 6081.81 0.36 15665 2350.93 0.51 3005886 635780.57 20.38 310 45.99 0.2 64016 12161.19 20.38 304 6 0 58064 1146 0 23.1 24.0 23.78 0.03
172800.0 310 31.59 0.1 64806 6113.4 0.36 15663 2349.88 0.51 3021549 638130.45 20.38 310 45.98 0.2 64326 12207.17 20.38 304 6 0 58368 1152 0 23.1 24.0 23.76 0.03
173700.0 376 31.74 0.1 65182 6145.13 0.36 15718 2347.46 0.51 3037267 640477.91 20.38 370 46.09 0.2 64696 12253.26 20.38 304 6 0 58672 1158 0 23.1 24.0 23.76 0.03
174600.0 354 32.37 0.36 65536 6177.5 0.36 15695 2346.1 0.51 3052962 642824.02 20.38 350 46.28 0.2 65046 12299.55 20.38 304 6 0 58976 1164 0 23.1 24.0 23.76 0.03
175500.0 310 31.59 0.1 65846 6209.09 0.36 15651 2343.79 0.51 3068613 645167.8 20.38 310 45.99 0.2 65356 12345.53 20.38 304 6 0 59280 1170 0 22.9 24.0 23.71 0.03
176400.0 310 31.59 0.1 66156 6240.69 0.36 15646 2341.21 0.51 3084259 647509.01 20.38 310 45.98 0.2 65666 12391.52 20.38 304 6 0 59584 1176 0 22.9 23.9 23.7 0.03
177300.0 376 31.74 0.1 66532 6272.42 0.36 15704 2340.32 0.51 3099963 649849.33 20.38 370 46.09 0.2 66036 12437.61 20.38 304 6 0 59888 1182 0 22.9 23.9 23.7 0.03
178200.0 354 32.37 0.36 66886 6304.79 0.36 15682 2339.47 0.51 3115645 652188.81 20.38 350 46.28 0.2 66386 12483.89 20.38 304 6 0 60192 1188 0 22.9 23.9 23.7 0.03
179100.0 310 31.59 0.1 67196 6336.38 0.36 15644 2340.22 0.51 3131289 654529.02 20.38 310 45.99 0.2 66696 12529.88 20.38 304 6 0 60496 1194 0 22.8 23.9 23.64 0.03
180000.0 310 31.59 0.1 67506 6367.97 0.36 15650 2343.25 0.51 3146939 656872.28 20.38 310 45.98 0.2 67006 12575.86 20.38 304 6 0 60800 1200 0 22.8 23.9 23.6 0.03
180900.0 376 31.74 0.1 67882 6399.71 0.36 15710 2343.38 0.51 3162649 659215.66 20.38 370 46.09 0.2 67376 12621.95 20.38 304 6 0 61104 1206 0 22.8 23.9 23.6 0.03
181800.0 354 32.37 0.36 68236 6432.08 0.36 15673 2334.88 0.51 3178322 661550.54 20.38 350 46.28 0.2 67726 12668.23 20.38 304 6 0 61408 1212 0 22.8 23.9 23.6 0.03
182700.0 310 31.59 0.1 68546 6463.67 0.36 15645 2340.73 0.51 3193967 663891.27 20.38 310 45.99 0.2 68036 12714.22 20.38 304 6 0 61712 1218 0 22.7 23.8 23.51 0.03
183600.0 310 31.59 0.1 68856 6495.26 0.36 15647 2341.72 0.51 3209614 666232.99 20.38 310 45.98 0.2 68346 12760.2 20.38 304 6 0 62016 1224 0 22.7 23.8 23.47 0.02
184500.0 376 31.74 0.1 69232 6527.0 0.36 15701 2338.79 0.51 3225315 668571.78 20.38 370 46.09 0.2 68716 12806.29 20.38 304 6 0 62320 1230 0 22.7 23.8 23.47 0.02
185400.0 354 32.37 0.36 69586 6559.37 0.36 15677 2336.92 0.51 3240992 670908.7 20.38 350 46.28 0.2 69066 12852.58 20.38 304 6 0 62624 1236 0 22.7 23.8 23.47 0.02
186300.0 310 31.59 0.1 69896 6590.96 0.36 15638 2337.16 0.51 3256630 673245.86 20.38 310 45.99 0.2 69376 12898.56 20.38 304 6 0 62928 1242 0 22.4 23.7 23.34 0.03
187200.0 310 31.59 0.1 70206 6622.55 0.36 15635 2335.6 0.51 3272265 675581.46 20.38 310 45.98 0.2 69686 12944.54 20.38 304 6 0 63232 1248 0 22.4 23.7 23.29 0.03
188100.0 376 31.74 0.1 70582 6654.29 0.36 15692 2334.2 0.51 3287957 677915.66 20.38 370 46.09 0.2 70056 12990.63 20.38 304 6 0 63536 1254 0 22.4 23.7 23.29 0.03
189000.0 354 32.37 0.36 70936 6686.66 0.36 15669 2332.84 0.51 3303626 680248.51 20.38 350 46.28 0.2 70406 13036.92 20.38 304 6 0 63840 1260 0 22.4 23.7 23.29 0.03
189900.0 310 31.59 0.1 71246 6718.25 0.36 15625 2330.53 0.51 3319251 682579.03 20.38 310 45.99 0.2 70716 13082.9 20.38 304 6 0 64144 1266 0 22.1 23.5 23.12 0.04
190800.0 310 31.59 0.1 71556 6749.84 0.36 15626 2331.01 0.51 3334877 684910.05 20.38 310 45.98 0.2 71026 13128.89 20.38 304 6 0 64448 1272 0 22.1 23.5 23.04 0.03
191700.0 376 31.74 0.1 71932 6781.57 0.36 15685 2330.63 0.51 3350562 687240.67 20.38 370 46.09 0.2 71396 13174.98 20.38 304 6 0 64752 1278 0 22.1 23.5 23.03 0.03
192600.0 354 32.37 0.36 72286 6813.94 0.36 15658 2327.23 0.51 3366220 689567.91 20.38 350 46.28 0.2 71746 13221.26 20.38 304 6 0 65056 1284 0 22.1 23.5 23.03 0.03
193500.0 310 31.59 0.1 72596 6845.54 0.36 15619 2327.47 0.51 3381839 691895.37 20.38 310 45.99 0.2 72056 13267.25 20.38 304 6 0 65360 1290 0 22.0 23.3 22.85 0.04
194400.0 310 31.59 0.1 72906 6877.13 0.36 15623 2329.48 0.51 3397462 694224.86 20.38 310 45.98 0.2 72366 13313.23 20.38 304 6 0 65664 1296 0 22.0 23.3 22.74 0.03
195300.0 376 31.74 0.1 73282 6908.86 0.36 15680 2328.08 0.51 3413142 696552.94 20.38 370 46.09 0.2 72736 13359.32 20.38 304 6 0 65968 1302 0 22.0 23.3 22.74 0.03
196200.0 354 32.37 0.36 73636 6941.23 0.36 15658 2327.23 0.51 3428800 698880.17 20.38 350 46.28 0.2 73086 13405.6 20.38 304 6 0 66272 1308 0 22.0 23.3 22.74 0.03
197100.0 310 31.59 0.1 73946 6972.82 0.36 15610 2322.88 0.51 3444410 701203.05 20.38 310 45.99 0.2 73396 13451.59 20.38 304 6 0 66576 1314 0 22.0 23.1 22.55 0.03
198000.0 310 31.59 0.1 74256 7004.42 0.36 15587 2311.12 0.51 3459997 703514.17 20.38 310 45.98 0.2 73706 13497.57 20.38 304 6 0 66880 1320 0 22.0 23.1 22.43 0.03
198900.0 376 31.74 0.1 74632 7036.15 0.36 15646 2310.74 0.51 3475643 705824.91 20.38 370 46.09 0.2 74076 13543.66 20.38 304 6 0 67184 1326 0 22.0 23.1 22.42 0.03
199800.0 354 32.37 0.36 74986 7068.52 0.36 15622 2308.87 0.51 3491265 708133.78 20.38 350 46.28 0.2 74426 13589.95 20.38 304 6 0 67488 1332 0 22.0 23.1 22.42 0.03
200700.0 310 31.59 0.1 75296 7100.11 0.36 15604 2319.82 0.51 3506869 710453.6 20.38 310 45.99 0.2 74736 13635.93 20.38 304 6 0 67792 1338 0 22.0 22.8 22.26 0.02
201600.0 310 31.59 0.1 75606 7131.7 0.36 15603 2319.28 0.51 3522472 712772.88 20.38 310 45.98 0.2 75046 13681.91 20.38 304 6 0 68096 1344 0 22.0 22.8 22.18 0.02
202500.0 376 31.74 0.1 75982 7163.44 0.36 15662 2318.9 0.51 3538134 715091.78 20.38 370 46.09 0.2 75416 13728.0 20.38 304 6 0 68400 1350 0 22.0 22.8 22.18 0.02
203400.0 354 32.37 0.36 76336 7195.81 0.36 15630 2312.95 0.51 3553764 717404.74 20.38 350 46.28 0.2 75766 13774.29 20.38 304 6 0 68704 1356 0 22.0 22.8 22.18 0.02
204300.0 310 31.59 0.1 76646 7227.4 0.36 15601 2318.29 0.51 3569365 719723.02 20.38 310 45.99 0.2 76076 13820.27 20.38 304 6 0 69008 1362 0 22.0 22.6 22.07 0.01
205200.0 310 31.59 0.1 76956 7258.99 0.36 15600 2317.75 0.51 3584965 722040.78 20.38 310 45.98 0.2 76386 13866.26 20.38 304 6 0 69312 1368 0 22.0 22.6 22.06 0.01
206100.0 376 31.73 0.1 77332 7290.72 0.36 15659 2317.37 0.51 3600624 724358.14 20.38 370 46.09 0.2 76756 13912.35 20.38 304 6 0 69616 1374 0 22.0 22.6 22.06 0.01
207000.0 354 32.37 0.36 77686 7323.09 0.36 15626 2310.91 0.51 3616250 726669.06 20.38 350 46.28 0.2 77106 13958.63 20.38 304 6 0 69920 1380 0 22.0 22.6 22.06 0.01
207900.0 310 31.59 0.1 77996 7354.69 0.36 15598 2316.76 0.51 3631848 728985.82 20.38 310 45.99 0.2 77416 14004.62 20.38 304 6 0 70224 1386 0 22.0 22.2 22.02 0.0
208800.0 310 31.59 0.1 78306 7386.28 0.36 15592 2313.67 0.51 3647440 731299.49 20.38 310 45.98 0.2 77726 14050.6 20.38 304 6 0 70528 1392 0 22.0 22.2 22.02 0.0
209700.0 376 31.74 0.1 78682 7418.01 0.36 15652 2313.8 0.51 3663092 733613.29 20.38 370 46.09 0.2 78096 14096.69 20.38 304 6 0 70832 1398 0 22.0 22.2 22.02 0.0
210600.0 354 32.37 0.36 79036 7450.38 0.36 15619 2307.34 0.51 3678711 735920.63 20.38 350 46.28 0.2 78446 14142.97 20.38 304 6 0 71136 1404 0 22.0 22.2 22.02 0.0
211500.0 310 31.59 0.1 79346 7481.97 0.36 15575 2305.03 0.51 3694286 738225.66 20.38 310 45.99 0.2 78756 14188.96 20.38 304 6 0 71440 1410 0 22.0 22.0 22.0 0.0
212400.0 310 31.59 0.1 79656 7513.57 0.36 15575 2305.0 0.51 3709861 740530.66 20.38 310 45.98 0.2 79066 14234.94 20.38 304 6 0 71744 1416 0 22.0 22.0 22.0 0.0
213300.0 376 31.73 0.1 80032 7545.3 0.36 15631 2303.09 0.51 3725492 742833.75 20.38 370 46.09 0.2 79436 14281.03 20.38 304 6 0 72048 1422 0 22.0 22.0 22.0 0.0
214200.0 354 32.37 0.36 80386 7577.67 0.36 15604 2299.69 0.51 3741096 745133.44 20.38 350 46.28 0.2 79786 14327.32 20.38 304 6 0 72352 1428 0 22.0 22.0 22.0 0.0
215100.0 310 31.59 0.1 80696 7609.26 0.36 15563 2298.91 0.51 3756659 747432.35 20.38 310 45.99 0.2 80096 14373.3 20.38 304 6 0 72656 1434 0 22.0 22.0 22.0 0.0
216000.0 310 31.59 0.1 81006 7640.85 0.36 15557 2295.82 0.51 3772216 749728.17 20.38 310 45.98 0.2 80406 14419.28 20.38 304 6 0 72960 1440 0 22.0 22.0 22.0 0.0
216900.0 376 31.74 0.1 81382 7672.59 0.36 15614 2294.42 0.51 3787830 752022.59 20.38 370 46.09 0.2 80776 14465.37 20.38 304 6 0 73264 1446 0 22.0 22.0 22.0 0.0
217800.0 354 32.37 0.36 81736 7704.95 0.36 15594 2294.59 0.51 3803424 754317.19 20.38 350 46.28 0.2 81126 14511.66 20.38 304 6 0 73568 1452 0 22.0 22.0 22.0 0.0
218700.0 310 31.59 0.1 82046 7736.55 0.36 15549 2291.77 0.51 3818973 756608.95 20.38 310 45.99 0.2 81436 14557.64 20.38 304 6 0 73872 1458 0 22.0 22.0 22.0 0.0
219600.0 310 31.59 0.1 82356 7768.14 0.36 15545 2289.7 0.51 3834518 758898.66 20.38 310 45.98 0.2 81746 14603.63 20.38 304 6 0 74176 1464 0 22.0 22.0 22.0 0.0
220500.0 376 31.74 0.1 82732 7799.87 0.36 15600 2287.28 0.51 3850118 761185.93 20.38 370 46.09 0.2 82116 14649.72 20.38 304 6 0 74480 1470 0 22.0 22.0 22.0 0.0
221400.0 354 32.37 0.36 83086 7832.25 0.36 15578 2288.99 0.51 3865696 763474.93 20.38 350 46.33 0.2 82466 14696.04 20.38 304 6 0 74784 1476 0 22.0 22.0 22.0 0.0
222300.0 310 31.6 0.1 83396 7863.84 0.36 15641 2343.07 0.51 3881337 765817.99 20.38 310 46.06 0.2 82776 14742.1 20.38 304 6 0 75088 1482 0 19.8 22.0 21.11 0.09
223200.0 310 31.6 0.1 83706 7895.44 0.36 15665 2355.32 0.51 3897002 768173.31 20.38 310 46.06 0.2 83086 14788.17 20.38 304 6 0 75392 1488 0 19.8 22.0 20.55 0.16
224100.0 376 31.74 0.1 84082 7927.18 0.36 15725 2355.41 0.51 3912727 770528.72 20.38 370 46.16 0.2 83456 14834.33 20.38 304 6 0 75696 1494 0 19.8 21.8 20.53 0.15
225000.0 354 32.37 0.36 84436 7959.55 0.36 15705 2355.61 0.51 3928432 772884.32 20.38 350 46.37 0.2 83806 14880.7 20.38 304 6 0 76000 1500 0 19.8 21.8 20.53 0.15
225900.0 310 31.6 0.1 84746 7991.15 0.36 15666 2356.22 0.51 3944098 775240.54 20.38 310 46.07 0.2 84116 14926.77 20.38 304 6 0 76304 1506 0 19.8 21.7 20.48 0.13
226800.0 310 31.6 0.1 85056 8022.74 0.36 15667 2356.7 0.51 3959765 777597.25 20.38 310 46.07 0.2 84426 14972.84 20.38 304 6 0 76608 1512 0 19.8 21.7 20.44 0.15
227700.0 376 31.74 0.1 85432 8054.48 0.36 15727 2356.83 0.51 3975492 779954.08 20.38 370 46.17 0.2 84796 15019.01 20.38 304 6 0 76912 1518 0 19.8 21.7 20.44 0.15
228600.0 354 32.37 0.36 85786 8086.85 0.36 15702 2354.25 0.51 3991194 782308.33 20.38 350 46.36 0.2 85146 15065.37 20.38 304 6 0 77216 1524 0 19.8 21.7 20.44 0.15
229500.0 310 31.6 0.1 86096 8118.45 0.36 15662 2353.04 0.51 4006856 784661.37 20.38 310 46.05 0.2 85456 15111.42 20.38 304 6 0 77520 1530 0 19.8 21.6 20.44 0.14
230400.0 310 31.6 0.1 86406 8150.05 0.36 15662 2353.02 0.51 4022518 787014.39 20.38 310 46.04 0.2 85766 15157.46 20.38 304 6 0 77824 1536 0 19.9 21.6 20.42 0.14
231300.0 376 31.74 0.1 86782 8181.78 0.36 15721 2352.63 0.51 4038239 789367.02 20.38 370 46.15 0.2 86136 15203.61 20.38 304 6 0 78128 1542 0 19.8 21.6 20.42 0.14
232200.0 354 32.37 0.36 87136 8214.15 0.36 15699 2352.43 0.51 4053938 791719.45 20.38 350 46.36 0.2 86486 15249.97 20.38 304 6 0 78432 1548 0 19.8 21.6 20.42 0.14
233100.0 310 31.6 0.1 87446 8245.75 0.36 15661 2354.1 0.51 4069599 794073.54 20.38 310 46.08 0.2 86796 15296.05 20.38 304 6 0 78736 1554 0 19.8 21.5 20.47 0.15
234000.0 310 31.6 0.1 87756 8277.35 0.36 15659 2353.05 0.51 4085258 796426.6 20.38 310 46.07 0.2 87106 15342.12 20.38 304 6 0 79040 1560 0 19.8 21.5 20.46 0.15
234900.0 376 31.74 0.1 88132 8309.09 0.36 15719 2353.18 0.51 4100977 798779.78 20.38 370 46.18 0.2 87476 15388.3 20.38 304 6 0 79344 1566 0 19.8 21.5 20.46 0.15
235800.0 354 32.37 0.36 88486 8341.46 0.36 15692 2347.68 0.51 4116669 801127.45 20.38 350 46.33 0.2 87826 15434.63 20.38 304 6 0 79648 1572 0 19.8 21.5 20.46 0.15
236700.0 310 31.59 0.1 88796 8373.05 0.36 15660 2350.62 0.51 4132329 803478.07 20.38 310 46.03 0.2 88136 15480.67 20.38 304 6 0 79952 1578 0 19.8 21.4 20.51 0.15
237600.0 310 31.59 0.1 89106 8404.64 0.36 15659 2350.09 0.51 4147988 805828.16 20.38 310 46.03 0.2 88446 15526.69 20.38 304 6 0 80256 1584 0 19.8 21.4 20.52 0.15
238500.0 376 31.73 0.1 89482 8436.38 0.36 15713 2347.15 0.51 4163701 808175.32 20.38 370 46.13 0.2 88816 15572.83 20.38 304 6 0 80560 1590 0 19.7 21.4 20.52 0.15
239400.0 354 32.37 0.36 89836 8468.75 0.36 15681 2342.01 0.51 4179382 810517.33 20.38 350 46.35 0.2 89166 15619.18 20.38 304 6 0 80864 1596 0 19.7 21.4 20.52 0.15
240300.0 310 31.59 0.1 90146 8500.34 0.36 15644 2343.24 0.51 4195026 812860.57 20.38 310 46.05 0.2 89476 15665.22 20.38 304 6 0 81168 1602 0 19.7 21.6 20.56 0.16
241200.0 310 31.59 0.1 90456 8531.94 0.36 15637 2339.67 0.51 4210663 815200.24 20.38 310 46.05 0.2 89786 15711.27 20.38 304 6 0 81472 1608 0 19.7 21.6 20.56 0.16
242100.0 376 31.74 0.1 90832 8563.68 0.36 15696 2339.26 0.51 4226359 817539.5 20.38 370 46.15 0.2 90156 15757.42 20.38 304 6 0 81776 1614 0 19.7 21.6 20.56 0.16
243000.0 354 32.37 0.36 91186 8596.05 0.36 15661 2332.13 0.51 4242020 819871.63 20.38 350 46.35 0.2 90506 15803.77 20.38 304 6 0 82080 1620 0 19.7 21.6 20.56 0.16
243900.0 310 31.6 0.1 91496 8627.64 0.36 15646 2344.83 0.51 4257666 822216.45 20.38 310 46.05 0.2 90816 15849.81 20.38 304 6 0 82384 1626 0 19.7 21.8 20.61 0.18
244800.0 310 31.6 0.1 91806 8659.24 0.36 15640 2341.75 0.51 4273306 824558.2 20.38 310 46.04 0.2 91126 15895.85 20.38 304 6 0 82688 1632 0 19.7 21.8 20.61 0.18
245700.0 376 31.74 0.1 92182 8690.98 0.36 15700 2341.87 0.51 4289006 826900.07 20.38 370 46.15 0.2 91496 15942.0 20.38 304 6 0 82992 1638 0 19.6 21.8 20.61 0.18
246600.0 354 32.37 0.36 92536 8723.35 0.36 15652 2327.24 0.51 4304658 829227.32 20.38 350 46.34 0.2 91846 15988.34 20.38 304 6 0 83296 1644 0 19.6 21.8 20.61 0.18
247500.0 310 31.6 0.1 92846 8754.95 0.36 15629 2335.18 0.51 4320287 831562.49 20.38 310 46.03 0.2 92156 16034.36 20.38 304 6 0 83600 1650 0 19.6 21.9 20.6 0.19
248400.0 310 31.6 0.1 93156 8786.54 0.36 15630 2335.69 0.51 4335917 833898.19 20.38 310 46.03 0.2 92466 16080.39 20.38 304 6 0 83904 1656 0 19.6 21.9 20.6 0.2
249300.0 376 31.74 0.1 93532 8818.28 0.36 15684 2332.73 0.51 4351601 836230.91 20.38 370 46.13 0.2 92836 16126.52 20.38 304 6 0 84208 1662 0 19.5 21.9 20.6 0.2
250200.0 354 32.37 0.36 93886 8850.65 0.36 15641 2321.57 0.51 4367242 838552.49 20.38 350 46.33 0.2 93186 16172.85 20.38 304 6 0 84512 1668 0 19.5 21.9 20.6 0.2
251100.0 310 31.6 0.1 94196 8882.25 0.36 15625 2333.5 0.51 4382867 840885.98 20.38 310 46.03 0.2 93496 16218.89 20.38 304 6 0 84816 1674 0 19.5 22.0 20.57 0.21
252000.0 310 31.6 0.1 94506 8913.84 0.36 15635 2338.58 0.51 4398502 843224.56 20.38 310 46.03 0.2 93806 16264.92 20.38 304 6 0 85120 1680 0 19.5 22.0 20.54 0.23
252900.0 376 31.74 0.1 94882 8945.58 0.36 15694 2338.19 0.51 4414196 845562.75 20.38 370 46.13 0.2 94176 16311.05 20.38 304 6 0 85424 1686 0 19.5 22.0 20.53 0.24
253800.0 354 32.37 0.36 95236 8977.95 0.36 15653 2327.35 0.51 4429849 847890.1 20.38 350 46.33 0.2 94526 16357.38 20.38 304 6 0 85728 1692 0 19.5 22.0 20.53 0.24
254700.0 310 31.6 0.1 95546 9009.55 0.36 15659 2350.99 0.51 4445508 850241.08 20.38 310 46.04 0.2 94836 16403.41 20.38 304 6 0 86032 1698 0 19.5 21.8 20.41 0.24
255600.0 310 31.6 0.1 95856 9041.14 0.36 15665 2354.03 0.51 4461173 852595.11 20.38 310 46.03 0.2 95146 16449.45 20.38 304 6 0 86336 1704 0 19.5 21.8 20.37 0.25
256500.0 376 31.74 0.1 96232 9072.88 0.36 15725 2354.15 0.51 4476898 854949.26 20.38 370 46.14 0.2 95516 16495.59 20.38 304 6 0 86640 1710 0 19.3 21.8 20.37 0.26
257400.0 354 32.37 0.36 96586 9105.25 0.36 15668 2335.56 0.51 4492566 857284.82 20.38 350 46.34 0.2 95866 16541.92 20.38 304 6 0 86944 1716 0 19.3 21.8 20.37 0.26
258300.0 310 31.6 0.1 96896 9136.85 0.36 15672 2358.73 0.51 4508238 859643.55 20.38 310 46.06 0.2 96176 16587.98 20.38 304 6 0 87248 1722 0 19.3 21.8 20.19 0.24
259200.0 310 31.6 0.1 97206 9168.44 0.36 15675 2360.23 0.51 4523913 862003.78 20.38 310 46.05 0.2 96486 16634.03 20.38 304 6 0 87552 1728 0 19.3 21.6 20.12 0.28
260100.0 376 31.74 0.1 97582 9200.18 0.36 15735 2360.36 0.51 4539648 864364.14 20.38 370 46.16 0.2 96856 16680.19 20.38 304 6 0 87856 1734 0 19.2 21.6 20.12 0.28
261000.0 356 32.54 0.36 97938 9232.72 0.36 16024 169706.89 20.37 4555672 1034071.04 20.38 352 3308.77 20.37 97208 19988.96 20.38 304 6 0 88160 1740 0 19.2 21.6 20.12 0.28
261900.0 310 31.59 0.1 98248 9264.31 0.36 15691 2366.67 0.51 4571363 1036437.71 20.38 310 46.01 0.2 97518 20034.98 20.38 304 6 0 88464 1746 0 18.9 21.6 19.65 0.19
262800.0 310 31.59 0.1 98558 9295.91 0.36 15690 2366.14 0.51 4587053 1038803.85 20.38 310 46.01 0.2 97828 20080.99 20.38 304 6 0 88768 1752 0 18.9 20.8 19.59 0.24
263700.0 376 31.74 0.1 98934 9327.64 0.36 15750 2366.27 0.51 4602803 1041170.12 20.38 370 46.11 0.2 98198 20127.1 20.38 304 6 0 89072 1758 0 18.9 20.8 19.59 0.24
264600.0 356 32.55 0.36 99290 9360.19 0.36 16037 169544.61 20.36 4618840 1210714.72 20.38 352 3306.07 20.36 98550 23433.16 20.38 304 6 0 89376 1764 0 18.9 20.8 19.59 0.24
265500.0 310 31.62 0.11 99600 9391.82 0.36 15725 2427.16 0.51 4634565 1213141.88 20.38 310 46.77 0.21 98860 23479.93 20.38 304 6 0 89680 1770 0 17.3 20.2 18.13 0.14
266400.0 310 31.62 0.11 99910 9423.44 0.36 15745 2437.34 0.51 4650310 1215579.22 20.38 310 46.77 0.21 99170 23526.71 20.38 304 6 0 89984 1776 0 17.3 20.2 17.81 0.05
267300.0 376 31.77 0.11 100286 9455.2 0.36 15805 2437.46 0.51 4666115 1218016.68 20.38 370 46.87 0.21 99540 23573.58 20.38 304 6 0 90288 1782 0 17.3 18.8 17.8 0.02
268200.0 356 32.57 0.36 100642 9487.77 0.36 16095 169426.58 20.36 4682210 1387443.26 20.38 352 3304.11 20.36 99892 26877.69 20.38 304 6 0 90592 1788 0 17.3 18.8 17.8 0.02
269100.0 310 31.62 0.11 100952 9519.4 0.36 15733 2431.23 0.51 4697943 1389874.48 20.38 310 46.73 0.21 100202 26924.42 20.38 304 6 0 90896 1794 0 17.3 18.7 17.77 0.02
270000.0 310 31.62 0.11 101262 9551.02 0.36 15734 2431.67 0.51 4713677 1392306.15 20.38 310 46.73 0.21 100512 26971.15 20.38 304 6 0 91200 1800 0 17.3 18.7 17.75 0.02
270900.0 376 31.77 0.11 101638 9582.78 0.36 15794 2431.83 0.51 4729471 1394737.98 20.38 370 46.83 0.21 100882 27017.99 20.38 304 6 0 91504 1806 0 17.3 18.7 17.75 0.02
271800.0 354 32.4 0.36 101992 9615.18 0.36 15772 2429.94 0.51 4745243 1397167.92 20.38 350 47.01 0.21 101232 27065.0 20.38 304 6 0 91808 1812 0 17.3 18.7 17.75 0.02
272700.0 310 31.62 0.11 102302 9646.8 0.36 15732 2429.69 0.51 4760975 1399597.62 20.38 310 46.71 0.21 101542 27111.71 20.38 304 6 0 92112 1818 0 17.3 18.6 17.74 0.02
273600.0 310 31.62 0.11 102612 9678.42 0.36 15732 2429.64 0.51 4776707 1402027.26 20.38 310 46.71 0.21 101852 27158.41 20.38 304 6 0 92416 1824 0 17.3 18.6 17.73 0.02
274500.0 376 31.77 0.11 102988 9710.19 0.36 15787 2427.25 0.51 4792494 1404454.5 20.38 370 46.81 0.21 102222 27205.23 20.38 304 6 0 92720 1830 0 17.3 18.6 17.73 0.02
275400.0 354 32.4 0.36 103342 9742.59 0.36 15766 2430.97 0.51 4808260 1406885.47 20.38 350 47.09 0.21 102572 27252.32 20.38 304 6 0 93024 1836 0 17.3 18.6 17.73 0.02
276300.0 310 31.62 0.11 103652 9774.21 0.36 15726 2426.94 0.51 4823986 1409312.41 20.38 310 46.72 0.21 102882 27299.04 20.38 304 6 0 93328 1842 0 17.3 18.5 17.71 0.02
277200.0 310 31.62 0.11 103962 9805.83 0.36 15726 2426.88 0.51 4839712 1411739.3 20.38 310 46.72 0.21 103192 27345.75 20.38 304 6 0 93632 1848 0 17.3 18.5 17.7 0.02
278100.0 376 31.76 0.11 104338 9837.59 0.36 15786 2427.05 0.51 4855498 1414166.34 20.38 370 46.82 0.21 103562 27392.57 20.38 304 6 0 93936 1854 0 17.3 18.5 17.7 0.02
279000.0 354 32.4 0.36 104692 9869.99 0.36 15764 2423.09 0.51 4871262 1416589.43 20.38 350 46.95 0.2 103912 27439.52 20.38 304 6 0 94240 1860 0 17.3 18.5 17.7 0.02
279900.0 310 31.62 0.11 105002 9901.61 0.36 15722 2425.61 0.51 4886984 1419015.04 20.38 310 46.73 0.21 104222 27486.25 20.38 304 6 0 94544 1866 0 17.3 18.4 17.69 0.02
280800.0 310 31.62 0.11 105312 9933.23 0.36 15725 2427.08 0.51 4902709 1421442.12 20.38 310 46.73 0.21 104532 27532.98 20.38 304 6 0 94848 1872 0 17.3 18.4 17.68 0.02
281700.0 376 31.77 0.11 105688 9965.0 0.36 15784 2426.73 0.51 4918493 1423868.85 20.38 370 46.83 0.21 104902 27579.82 20.38 304 6 0 95152 1878 0 17.3 18.4 17.68 0.02
282600.0 354 32.4 0.36 106042 9997.4 0.36 15759 2421.36 0.51 4934252 1426290.21 20.38 350 46.97 0.2 105252 27626.79 20.38 304 6 0 95456 1884 0 17.3 18.4 17.68 0.02
283500.0 310 31.62 0.11 106352 10029.01 0.36 15718 2414.16 0.51 4949970 1428704.37 20.38 310 46.54 0.2 105562 27673.33 20.38 304 6 0 95760 1890 0 17.3 18.3 17.67 0.01
284400.0 310 31.62 0.11 106662 10060.63 0.36 15719 2414.62 0.51 4965689 1431118.99 20.38 310 46.54 0.2 105872 27719.87 20.38 304 6 0 96064 1896 0 17.3 18.3 17.67 0.01
285300.0 376 31.76 0.11 107038 10092.39 0.36 15779 2414.77 0.51 4981468 1433533.75 20.38 370 46.64 0.2 106242 27766.51 20.38 304 6 0 96368 1902 0 17.3 18.3 17.67 0.01
286200.0 354 32.39 0.36 107392 10124.78 0.36 15757 2415.85 0.51 4997225 1435949.61 20.38 350 46.88 0.2 106592 27813.39 20.38 304 6 0 96672 1908 0 17.3 18.3 17.67 0.01
287100.0 310 31.62 0.11 107702 10156.4 0.36 15711 2415.2 0.51 5012936 1438364.81 20.38 310 46.63 0.2 106902 27860.03 20.38 304 6 0 96976 1914 0 17.3 18.2 17.66 0.01
288000.0 310 31.62 0.11 108012 10188.02 0.36 15710 2414.64 0.51 5028646 1440779.45 20.38 310 46.63 0.2 107212 27906.66 20.38 304 6 0 97280 1920 0 17.3 18.2 17.66 0.01
288900.0 376 31.76 0.11 108388 10219.78 0.36 15770 2414.8 0.51 5044416 1443194.24 20.38 370 46.74 0.2 107582 27953.39 20.38 304 6 0 97584 1926 0 17.3 18.2 17.66 0.01
289800.0 354 32.4 0.36 108742 10252.18 0.36 15746 2416.98 0.51 5060162 1445611.23 20.38 350 47.02 0.21 107932 28000.41 20.38 304 6 0 97888 1932 0 17.3 18.2 17.66 0.01
290700.0 310 31.62 0.11 109052 10283.8 0.36 15713 2424.09 0.51 5075875 1448035.32 20.38 310 46.79 0.21 108242 28047.2 20.38 304 6 0 98192 1938 0 17.3 18.2 17.66 0.01
291600.0 310 31.62 0.11 109362 10315.43 0.36 15716 2425.56 0.51 5091591 1450460.89 20.38 310 46.79 0.21 108552 28093.99 20.38 304 6 0 98496 1944 0 17.3 18.1 17.65 0.01
292500.0 376 31.77 0.11 109738 10347.2 0.36 15772 2423.69 0.51 5107363 1452884.57 20.38 370 46.89 0.21 108922 28140.89 20.38 304 6 0 98800 1950 0 17.3 18.1 17.65 0.01
293400.0 354 32.4 0.36 110092 10379.59 0.36 15745 2413.83 0.51 5123108 1455298.4 20.38 350 46.96 0.2 109272 28187.85 20.38 304 6 0 99104 1956 0 17.3 18.1 17.65 0.01
294300.0 310 31.62 0.11 110402 10411.21 0.36 15707 2414.61 0.51 5138815 1457713.01 20.38 310 46.66 0.2 109582 28234.51 20.38 304 6 0 99408 1962 0 17.4 18.1 17.66 0.01
295200.0 310 31.62 0.11 110712 10442.83 0.36 15705 2413.52 0.51 5154520 1460126.54 20.38 310 46.66 0.2 109892 28281.18 20.38 304 6 0 99712 1968 0 17.4 18.0 17.66 0.01
296100.0 376 31.76 0.11 111088 10474.6 0.36 15765 2413.69 0.51 5170285 1462540.23 20.38 370 46.77 0.2 110262 28327.94 20.38 304 6 0 100016 1974 0 17.4 18.0 17.66 0.01
297000.0 354 32.4 0.36 111442 10507.0 0.36 15739 2417.19 0.51 5186024 1464957.42 20.38 350 47.09 0.21 110612 28375.03 20.38 304 6 0 100320 1980 0 17.4 18.0 17.66 0.01
297900.0 310 31.62 0.11 111752 10538.62 0.36 15696 2415.42 0.51 5201720 1467372.85 20.38 310 46.79 0.21 110922 28421.83 20.38 304 6 0 100624 1986 0 17.4 18.0 17.66 0.01
298800.0 310 31.62 0.11 112062 10570.25 0.36 15697 2415.87 0.51 5217417 1469788.72 20.38 310 46.79 0.21 111232 28468.62 20.38 304 6 0 100928 1992 0 17.4 18.0 17.66 0.01
299700.0 376 31.77 0.11 112438 10602.02 0.36 15757 2416.04 0.51 5233174 1472204.76 20.38 370 46.89 0.21 111602 28515.51 20.38 304 6 0 101232 1998 0 17.4 18.0 17.66 0.01
300600.0 354 32.4 0.36 112792 10634.42 0.36 15733 2414.14 0.51 5248907 1474618.9 20.38 350 47.09 0.21 111952 28562.6 20.38 304 6 0 101536 2004 0 17.4 18.0 17.66 0.01
301500.0 310 31.62 0.11 113102 10666.04 0.36 15698 2410.17 0.51 5264605 1477029.06 20.38 310 46.67 0.2 112262 28609.27 20.38 304 6 0 101840 2010 0 17.4 18.0 17.67 0.01
302400.0 310 31.62 0.11 113412 10697.66 0.36 15700 2411.13 0.51 5280305 1479440.2 20.38 310 46.67 0.2 112572 28655.94 20.38 304 6 0 102144 2016 0 17.4 17.9 17.67 0.01
303300.0 376 31.76 0.11 113788 10729.42 0.36 15755 2408.74 0.51 5296060 1481848.94 20.38 370 46.77 0.2 112942 28702.7 20.38 304 6 0 102448 2022 0 17.4 17.9 17.67 0.01
304200.0 354 32.39 0.36 114142 10761.82 0.36 15729 2402.75 0.51 5311789 1484251.68 20.38 350 46.9 0.2 113292 28749.61 20.38 304 6 0 102752 2028 0 17.4 17.9 17.67 0.01
305100.0 310 31.62 0.11 114452 10793.44 0.36 15690 2409.29 0.51 5327479 1486660.97 20.38 310 46.73 0.21 113602 28796.34 20.38 304 6 0 103056 2034 0 17.4 17.9 17.67 0.01
306000.0 310 31.62 0.11 114762 10825.06 0.36 15691 2409.74 0.51 5343170 1489070.71 20.38 310 46.73 0.21 113912 28843.07 20.38 304 6 0 103360 2040 0 17.4 17.8 17.67 0.01
306900.0 376 31.77 0.11 115138 10856.83 0.36 15751 2409.9 0.51 5358921 1491480.61 20.38 370 46.83 0.21 114282 28889.9 20.38 304 6 0 103664 2046 0 17.4 17.9 17.67 0.01
307800.0 354 32.4 0.36 115492 10889.23 0.36 15727 2411.08 0.51 5374648 1493891.68 20.38 350 47.09 0.21 114632 28936.99 20.38 304 6 0 103968 2052 0 17.4 17.9 17.67 0.01
308700.0 310 31.62 0.11 115802 10920.85 0.36 15697 2415.93 0.51 5390345 1496307.62 20.38 310 46.79 0.21 114942 28983.79 20.38 304 6 0 104272 2058 0 17.4 17.9 17.69 0.01
309600.0 310 31.62 0.11 116112 10952.48 0.36 15703 2418.93 0.51 5406048 1498726.55 20.38 310 46.79 0.21 115252 29030.58 20.38 304 6 0 104576 2064 0 17.4 17.9 17.69 0.01
310500.0 376 31.77 0.11 116488 10984.24 0.36 15762 2418.59 0.51 5421810 1501145.14 20.38 370 46.89 0.21 115622 29077.47 20.38 304 6 0 104880 2070 0 17.4 17.9 17.69 0.01
311400.0 354 32.4 0.36 116842 11016.64 0.36 15725 2403.63 0.51 5437535 1503548.77 20.38 350 46.96 0.2 115972 29124.43 20.38 304 6 0 105184 2076 0 17.4 17.9 17.69 0.01
312300.0 310 31.62 0.11 117152 11048.26 0.36 15686 2403.9 0.51 5453221 1505952.67 20.38 310 46.66 0.2 116282 29171.1 20.38 304 6 0 105488 2082 0 17.4 18.0 17.7 0.01
313200.0 310 31.62 0.11 117462 11079.88 0.36 15685 2403.32 0.51 5468906 1508355.99 20.38 310 46.66 0.2 116592 29217.76 20.38 304 6 0 105792 2088 0 17.4 18.0 17.7 0.01
314100.0 376 31.76 0.11 117838 11111.65 0.36 15742 2401.96 0.51 5484648 1510757.96 20.38 370 46.77 0.2 116962 29264.52 20.38 304 6 0 106096 2094 0 17.3 18.0 17.7 0.01
315000.0 354 32.4 0.36 118192 11144.05 0.36 15712 2403.42 0.51 5500360 1513161.38 20.38 350 47.09 0.21 117312 29311.62 20.38 304 6 0 106400 2100 0 17.3 18.0 17.7 0.01
315900.0 310 31.62 0.11 118502 11175.67 0.36 15676 2401.44 0.51 5516036 1515562.83 20.38 310 46.72 0.21 117622 29358.33 20.38 304 6 0 106704 2106 0 17.3 18.1 17.71 0.02
316800.0 310 31.62 0.11 118812 11207.29 0.36 15673 2399.85 0.51 5531709 1517962.68 20.38 310 46.72 0.21 117932 29405.05 20.38 304 6 0 107008 2112 0 17.3 18.1 17.72 0.02
317700.0 376 31.76 0.11 119188 11239.05 0.36 15731 2399.0 0.51 5547440 1520361.68 20.38 370 46.82 0.21 118302 29451.87 20.38 304 6 0 107312 2118 0 17.3 18.1 17.72 0.02
318600.0 354 32.4 0.36 119542 11271.45 0.36 15697 2392.0 0.51 5563137 1522753.67 20.38 350 47.02 0.21 118652 29498.88 20.38 304 6 0 107616 2124 0 17.3 18.1 17.72 0.02
319500.0 310 31.62 0.11 119852 11303.08 0.36 15661 2397.57 0.51 5578798 1525151.24 20.38 310 46.79 0.21 118962 29545.67 20.38 304 6 0 107920 2130 0 17.3 18.2 17.73 0.02
320400.0 310 31.62 0.11 120162 11334.7 0.36 15661 2397.51 0.51 5594459 1527548.76 20.38 310 46.79 0.21 119272 29592.47 20.38 304 6 0 108224 2136 0 17.3 18.2 17.73 0.02
321300.0 376 31.77 0.11 120538 11366.47 0.36 15717 2395.64 0.51 5610176 1529944.4 20.38 370 46.89 0.21 119642 29639.36 20.38 304 6 0 108528 2142 0 17.3 18.2 17.73 0.02
322200.0 354 32.39 0.36 120892 11398.86 0.36 15685 2378.58 0.51 5625861 1532322.98 20.38 350 46.87 0.2 119992 29686.23 20.38 304 6 0 108832 2148 0 17.3 18.2 17.73 0.02
323100.0 310 31.61 0.11 121202 11430.47 0.36 15658 2379.24 0.51 5641519 1534702.22 20.38 310 46.46 0.2 120302 29732.69 20.38 304 6 0 109136 2154 0 17.3 18.2 17.74 0.02
324000.0 310 31.61 0.11 121512 11462.08 0.36 15657 2378.65 0.51 5657176 1537080.86 20.38 310 46.46 0.2 120612 29779.15 20.38 304 6 0 109440 2160 0 17.3 18.2 17.74 0.02
324900.0 376 31.76 0.11 121888 11493.84 0.36 15714 2377.3 0.51 5672890 1539458.16 20.38 370 46.56 0.2 120982 29825.71 20.38 304 6 0 109744 2166 0 17.3 18.2 17.74 0.02
325800.0 354 32.4 0.36 122242 11526.24 0.36 15682 2381.85 0.51 5688572 1541840.01 20.38 350 46.97 0.2 121332 29872.68 20.38 304 6 0 110048 2172 0 17.3 18.2 17.74 0.02
326700.0 310 31.62 0.11 122552 11557.86 0.36 15650 2391.96 0.51 5704222 1544231.97 20.38 310 46.79 0.21 121642 29919.47 20.38 304 6 0 110352 2178 0 17.3 18.3 17.76 0.03
327600.0 310 31.62 0.11 122862 11589.49 0.36 15653 2393.43 0.51 5719875 1546625.41 20.38 310 46.79 0.21 121952 29966.26 20.38 304 6 0 110656 2184 0 17.3 18.3 17.76 0.03
328500.0 376 31.77 0.11 123238 11621.25 0.36 15709 2391.56 0.51 5735584 1549016.96 20.38 370 46.89 0.21 122322 30013.16 20.38 304 6 0 110960 2190 0 17.2 18.3 17.76 0.03
329400.0 354 32.4 0.36 123592 11653.65 0.36 15674 2384.05 0.51 5751258 1551401.01 20.38 350 47.09 0.21 122672 30060.25 20.38 304 6 0 111264 2196 0 17.2 18.3 17.76 0.03
330300.0 310 31.62 0.11 123902 11685.28 0.36 15636 2384.82 0.51 5766894 1553785.83 20.38 310 46.79 0.21 122982 30107.04 20.38 304 6 0 111568 2202 0 17.2 18.4 17.77 0.03
331200.0 310 31.62 0.11 124212 11716.9 0.36 15633 2383.23 0.51 5782527 1556169.07 20.38 310 46.79 0.21 123292 30153.83 20.38 304 6 0 111872 2208 0 17.2 18.4 17.77 0.04
332100.0 376 31.77 0.11 124588 11748.67 0.36 15690 2381.87 0.51 5798217 1558550.94 20.38 370 46.89 0.21 123662 30200.73 20.38 304 6 0 112176 2214 0 17.2 18.4 17.77 0.04
333000.0 354 32.4 0.36 124942 11781.07 0.36 15636 2361.59 0.51 5813853 1560912.52 20.38 350 47.03 0.21 124012 30247.76 20.38 304 6 0 112480 2220 0 17.2 18.4 17.77 0.04
333900.0 310 31.62 0.11 125252 11812.69 0.36 15596 2361.35 0.51 5829449 1563273.87 20.38 310 46.73 0.21 124322 30294.49 20.38 304 6 0 112784 2226 0 17.2 18.5 17.78 0.04
334800.0 310 31.62 0.11 125562 11844.31 0.36 15596 2361.29 0.51 5845045 1565635.16 20.38 310 46.73 0.21 124632 30341.22 20.38 304 6 0 113088 2232 0 17.2 18.5 17.78 0.04
335700.0 376 31.77 0.11 125938 11876.08 0.36 15650 2358.39 0.51 5860695 1567993.55 20.38 370 46.83 0.21 125002 30388.05 20.38 304 6 0 113392 2238 0 17.2 18.5 17.78 0.04
336600.0 354 32.4 0.36 126292 11908.48 0.36 15609 2350.9 0.51 5876304 1570344.45 20.38 350 47.09 0.21 125352 30435.14 20.38 304 6 0 113696 2244 0 17.2 18.5 17.78 0.04
337500.0 310 31.62 0.11 126602 11940.1 0.36 15577 2354.73 0.51 5891881 1572699.18 20.38 310 46.79 0.21 125662 30481.94 20.38 304 6 0 114000 2250 0 17.2 18.5 17.79 0.04
338400.0 310 31.62 0.11 126912 11971.73 0.36 15579 2355.69 0.51 5907460 1575054.88 20.38 310 46.79 0.21 125972 30528.73 20.38 304 6 0 114304 2256 0 17.2 18.5 17.8 0.05
339300.0 376 31.77 0.11 127288 12003.5 0.36 15631 2351.78 0.51 5923091 1577406.65 20.38 370 46.89 0.21 126342 30575.62 20.38 304 6 0 114608 2262 0 17.2 18.5 17.8 0.05
340200.0 354 32.4 0.36 127642 12035.9 0.36 15585 2334.57 0.51 5938676 1579741.23 20.38 350 47.01 0.21 126692 30622.63 20.38 304 6 0 114912 2268 0 17.2 18.5 17.8 0.05
341100.0 310 31.62 0.11 127952 12067.52 0.36 15540 2331.77 0.51 5954216 1582073.0 20.38 310 46.71 0.21 127002 30669.34 20.38 304 6 0 115216 2274 0 17.2 18.5 17.8 0.05
342000.0 310 31.62 0.11 128262 12099.14 0.36 15533 2328.15 0.51 5969749 1584401.15 20.38 310 46.71 0.21 127312 30716.05 20.38 304 6 0 115520 2280 0 17.2 18.5 17.8 0.05
342900.0 376 31.76 0.11 128638 12130.9 0.36 15586 2324.74 0.51 5985335 1586725.89 20.38 370 46.81 0.21 127682 30762.86 20.38 304 6 0 115824 2286 0 17.2 18.5 17.8 0.05
343800.0 354 32.4 0.36 128992 12163.3 0.36 15548 2311.24 0.51 6000883 1589037.12 20.38 350 46.92 0.2 128032 30809.78 20.38 304 6 0 116128 2292 0 17.2 18.5 17.8 0.05
344700.0 310 31.62 0.11 129302 12194.91 0.36 15512 2313.04 0.51 6016395 1591350.16 20.38 310 46.62 0.2 128342 30856.4 20.38 304 6 0 116432 2298 0 17.2 18.6 17.81 0.05
345600.0 310 31.62 0.11 129612 12226.53 0.36 15510 2311.96 0.51 6031905 1593662.12 20.38 310 46.62 0.2 128652 30903.02 20.38 304 6 0 116736 2304 0 17.2 18.6 17.81 0.05
