# seed = 3, gamma = 0.66, beta = 0.66, dee = 0.1, dcc = 25.0, dec = 10.0, dsCnd = 50.0, dLocalhost = 0.02, hostBroker = EDGE 
#
# The columns have the following meaning: 
# instant[SECONDS] commCountUploadPartial delaySumUploadPartial[SECONDS] delayMaxUploadPartial[SECONDS] commCountUploadTot delaySumUploadTot[SECONDS] delayMaxUploadTot[SECONDS] commCountDownloadPartial delaySumDownloadPartial[SECONDS] delayMaxDownloadPartial[SECONDS] commCountDownloadTot delaySumDownloadTot[SECONDS] delayMaxDownloadTot[SECONDS] commCountDownloadMaxPartial delaySumDownloadMaxPartial[SECONDS] delayMaxDownloadMaxPartial[SECONDS] commCountDownloadMaxTot delaySumDownloadMaxTot[SECONDS] delayMaxDownloadMaxTot[SECONDS] runOnCloudPartial runOnEdgePartial runOnSmartphonePartial runOnCloudTot runOnEdgeTot runOnSmartphoneTot minTemp maxTemp avgTemp varianceTemp
0.0 0 0.0 0.0 0 0.0 0.0 0 0.0 0.0 0 0.0 0.0 0 0.0 0.0 0 0.0 0.0 0 0 0 0 0 0 17.0 25.0 21.0 0.0
900.0 376 11.58 0.05 376 11.58 0.05 15972 1056.76 0.13 15972 1056.76 0.13 370 25.4 0.13 370 25.4 0.13 106 6 198 106 6 198 18.9 21.0 19.16 0.49
1800.0 356 12.3 0.36 732 23.87 0.36 16258 170380.99 20.48 32230 171437.75 20.48 352 3304.63 20.48 722 3330.03 20.48 106 6 198 212 12 396 18.6 21.0 18.9 0.02
2700.0 310 11.45 0.05 1042 35.32 0.36 15916 1099.88 0.13 48146 172537.63 20.48 310 26.22 0.13 1032 3356.24 20.48 106 6 198 318 18 594 17.6 18.9 18.29 0.05
3600.0 310 11.45 0.05 1352 46.77 0.36 15915 1099.96 0.13 64061 173637.6 20.48 310 26.21 0.13 1342 3382.46 20.48 106 6 198 424 24 792 17.6 18.9 18.24 0.05
4500.0 376 11.59 0.05 1728 58.36 0.36 15971 1099.96 0.13 80032 174737.55 20.48 370 26.23 0.13 1712 3408.69 20.48 106 6 198 530 30 990 17.6 18.7 18.24 0.05
5400.0 356 12.3 0.36 2084 70.67 0.36 16281 7467.22 20.54 96313 182204.77 20.54 352 46.83 20.54 2064 3455.51 20.54 106 6 198 636 36 1188 17.6 18.7 18.24 0.05
6300.0 310 11.45 0.05 2394 82.12 0.36 15959 1111.24 0.13 112272 183316.01 20.54 310 26.39 0.13 2374 3481.91 20.54 106 6 198 742 42 1386 17.6 18.7 18.24 0.05
7200.0 310 11.45 0.05 2704 93.57 0.36 15963 1111.44 0.13 128235 184427.45 20.54 310 26.39 0.13 2684 3508.3 20.54 106 6 198 848 48 1584 17.6 18.7 18.25 0.04
8100.0 376 11.59 0.05 3080 105.16 0.36 16020 1111.39 0.13 144255 185538.84 20.54 370 26.41 0.13 3054 3534.7 20.54 106 6 198 954 54 1782 17.6 18.7 18.25 0.04
9000.0 356 12.3 0.36 3436 117.47 0.36 16304 7466.31 20.54 160559 193005.15 20.54 352 46.84 20.54 3406 3581.54 20.54 106 6 198 1060 60 1980 17.6 18.7 18.25 0.04
9900.0 310 11.45 0.05 3746 128.92 0.36 15949 1108.54 0.13 176508 194113.68 20.54 310 26.36 0.13 3716 3607.9 20.54 106 6 198 1166 66 2178 17.6 18.7 18.23 0.04
10800.0 310 11.45 0.05 4056 140.37 0.36 15956 1108.73 0.13 192464 195222.41 20.54 310 26.36 0.13 4026 3634.26 20.54 106 6 198 1272 72 2376 17.6 18.7 18.16 0.05
11700.0 376 11.59 0.05 4432 151.96 0.36 16016 1108.64 0.13 208480 196331.05 20.54 370 26.38 0.13 4396 3660.63 20.54 106 6 198 1378 78 2574 17.6 18.7 18.16 0.05
12600.0 354 12.23 0.36 4786 164.19 0.36 15979 1112.64 0.13 224459 197443.69 20.54 350 26.47 0.13 4746 3687.1 20.54 106 6 198 1484 84 2772 17.6 18.7 18.16 0.05
13500.0 310 11.45 0.05 5096 175.64 0.36 15900 1111.57 0.13 240359 198555.26 20.54 310 26.44 0.13 5056 3713.54 20.54 106 6 198 1590 90 2970 17.6 18.7 18.15 0.04
14400.0 310 11.45 0.05 5406 187.09 0.36 15897 1111.77 0.13 256256 199667.03 20.54 310 26.44 0.13 5366 3739.98 20.54 106 6 198 1696 96 3168 17.6 18.7 18.14 0.05
15300.0 376 11.59 0.05 5782 198.68 0.36 15956 1111.66 0.13 272212 200778.69 20.54 370 26.46 0.13 5736 3766.44 20.54 106 6 198 1802 102 3366 17.6 18.7 18.14 0.05
16200.0 354 12.23 0.36 6136 210.91 0.36 15930 1106.69 0.13 288142 201885.38 20.54 350 26.37 0.13 6086 3792.81 20.54 106 6 198 1908 108 3564 17.6 18.7 18.14 0.04
17100.0 310 11.45 0.05 6446 222.36 0.36 15896 1102.85 0.13 304038 202988.23 20.54 310 26.26 0.13 6396 3819.07 20.54 106 6 198 2014 114 3762 17.6 18.7 18.12 0.04
18000.0 310 11.45 0.05 6756 233.81 0.36 15899 1102.98 0.13 319937 204091.21 20.54 310 26.26 0.13 6706 3845.33 20.54 106 6 198 2120 120 3960 17.6 18.7 18.11 0.04
18900.0 376 11.59 0.05 7132 245.4 0.36 15956 1102.92 0.13 335893 205194.13 20.54 370 26.28 0.13 7076 3871.61 20.54 106 6 198 2226 126 4158 17.6 18.6 18.11 0.04
19800.0 354 12.23 0.36 7486 257.62 0.36 15928 1107.95 0.13 351821 206302.08 20.54 350 26.4 0.13 7426 3898.01 20.54 106 6 198 2332 132 4356 17.6 18.6 18.11 0.04
20700.0 310 11.45 0.05 7796 269.07 0.36 15897 1107.77 0.13 367718 207409.86 20.54 310 26.37 0.13 7736 3924.37 20.54 106 6 198 2438 138 4554 17.6 18.6 18.08 0.03
21600.0 310 11.45 0.05 8106 280.52 0.36 15901 1107.92 0.13 383619 208517.78 20.54 310 26.37 0.13 8046 3950.74 20.54 106 6 198 2544 144 4752 17.6 18.6 18.07 0.03
22500.0 376 11.59 0.05 8482 292.12 0.36 15960 1107.86 0.13 399579 209625.63 20.54 370 26.38 0.13 8416 3977.12 20.54 106 6 198 2650 150 4950 17.6 18.6 18.07 0.03
23400.0 354 12.23 0.36 8836 304.34 0.36 15922 1110.49 0.13 415501 210736.13 20.54 350 26.44 0.13 8766 4003.57 20.54 106 6 198 2756 156 5148 17.6 18.6 18.07 0.03
24300.0 310 11.45 0.05 9146 315.8 0.36 15881 1113.99 0.13 431382 211850.12 20.54 310 26.49 0.13 9076 4030.05 20.54 106 6 198 2862 162 5346 17.6 18.6 18.06 0.03
25200.0 310 11.45 0.05 9456 327.25 0.36 15886 1114.18 0.13 447268 212964.3 20.54 310 26.49 0.13 9386 4056.54 20.54 106 6 198 2968 168 5544 17.5 18.6 18.04 0.03
26100.0 376 11.6 0.05 9832 338.84 0.36 15946 1114.09 0.13 463214 214078.39 20.54 370 26.5 0.13 9756 4083.04 20.54 106 6 198 3074 174 5742 17.5 18.6 18.04 0.03
27000.0 354 12.23 0.36 10186 351.07 0.36 15915 1114.1 0.13 479129 215192.49 20.54 350 26.52 0.13 10106 4109.56 20.54 106 6 198 3180 180 5940 17.5 18.6 18.04 0.03
27900.0 310 11.45 0.05 10496 362.53 0.36 15885 1110.02 0.13 495014 216302.51 20.54 310 26.4 0.13 10416 4135.96 20.54 106 6 198 3286 186 6138 17.5 18.6 18.01 0.03
28800.0 310 11.45 0.05 10806 373.98 0.36 15893 1110.15 0.13 510907 217412.66 20.54 310 26.4 0.13 10726 4162.37 20.54 106 6 198 3392 192 6336 17.5 18.6 18.0 0.03
29700.0 376 11.59 0.05 11182 385.57 0.36 15949 1110.04 0.13 526856 218522.69 20.54 370 26.42 0.13 11096 4188.79 20.54 106 6 198 3498 198 6534 17.5 18.6 18.0 0.03
30600.0 354 12.23 0.36 11536 397.8 0.36 15911 1109.64 0.13 542767 219632.33 20.54 350 26.43 0.13 11446 4215.22 20.54 106 6 198 3604 204 6732 17.5 18.6 18.0 0.03
31500.0 310 11.45 0.05 11846 409.25 0.36 15881 1113.99 0.13 558648 220746.33 20.54 310 26.49 0.13 11756 4241.71 20.54 106 6 198 3710 210 6930 17.5 18.6 17.97 0.03
32400.0 310 11.45 0.05 12156 420.7 0.36 15889 1114.18 0.13 574537 221860.51 20.54 310 26.49 0.13 12066 4268.19 20.54 106 6 198 3816 216 7128 17.4 18.6 17.96 0.03
33300.0 376 11.6 0.05 12532 432.3 0.36 15946 1114.09 0.13 590483 222974.6 20.54 370 26.5 0.13 12436 4294.7 20.54 106 6 198 3922 222 7326 17.4 18.5 17.96 0.03
34200.0 354 12.23 0.36 12886 444.53 0.36 15908 1113.86 0.13 606391 224088.45 20.54 350 26.52 0.13 12786 4321.21 20.54 106 6 198 4028 228 7524 17.4 18.5 17.95 0.03
35100.0 310 11.45 0.05 13196 455.98 0.36 15874 1113.63 0.13 622265 225202.09 20.54 310 26.49 0.13 13096 4347.7 20.54 106 6 198 4134 234 7722 17.4 18.5 17.93 0.03
36000.0 310 11.45 0.05 13506 467.43 0.36 15886 1114.06 0.13 638151 226316.15 20.54 310 26.49 0.13 13406 4374.19 20.54 106 6 198 4240 240 7920 17.4 18.5 17.91 0.03
36900.0 376 11.6 0.05 13882 479.03 0.36 15946 1113.97 0.13 654097 227430.12 20.54 370 26.5 0.13 13776 4400.69 20.54 106 6 198 4346 246 8118 17.4 18.5 17.91 0.03
37800.0 354 12.23 0.36 14236 491.26 0.36 15902 1107.46 0.13 669999 228537.58 20.54 350 26.4 0.13 14126 4427.09 20.54 106 6 198 4452 252 8316 17.4 18.5 17.91 0.03
38700.0 310 11.45 0.05 14546 502.71 0.36 15866 1107.27 0.13 685865 229644.85 20.54 310 26.37 0.13 14436 4453.45 20.54 106 6 198 4558 258 8514 17.4 18.5 17.89 0.03
39600.0 310 11.45 0.05 14856 514.16 0.36 15879 1107.6 0.13 701744 230752.45 20.54 310 26.37 0.13 14746 4479.82 20.54 106 6 198 4664 264 8712 17.3 18.5 17.87 0.04
40500.0 376 11.59 0.05 15232 525.75 0.36 15935 1107.41 0.13 717679 231859.86 20.54 370 26.38 0.13 15116 4506.2 20.54 106 6 198 4770 270 8910 17.3 18.5 17.87 0.04
41400.0 354 12.23 0.36 15586 537.98 0.36 15899 1113.61 0.13 733578 232973.47 20.54 350 26.52 0.13 15466 4532.72 20.54 106 6 198 4876 276 9108 17.3 18.5 17.87 0.04
42300.0 310 11.45 0.05 15896 549.43 0.36 15870 1109.91 0.13 749448 234083.39 20.54 310 26.41 0.13 15776 4559.14 20.54 106 6 198 4982 282 9306 17.3 18.5 17.85 0.04
43200.0 310 11.45 0.05 16206 560.88 0.36 15884 1110.16 0.13 765332 235193.55 20.54 310 26.41 0.13 16086 4585.55 20.54 106 6 198 5088 288 9504 17.3 18.5 17.83 0.04
44100.0 376 11.59 0.05 16582 572.47 0.36 15943 1110.05 0.13 781275 236303.61 20.54 370 26.43 0.13 16456 4611.98 20.54 106 6 198 5194 294 9702 17.2 18.4 17.83 0.04
45000.0 354 12.23 0.36 16936 584.7 0.36 15900 1109.9 0.13 797175 237413.5 20.54 350 26.44 0.13 16806 4638.42 20.54 106 6 198 5300 300 9900 17.2 18.4 17.83 0.04
45900.0 310 11.45 0.05 17246 596.15 0.36 15865 1109.07 0.13 813040 238522.57 20.54 310 26.4 0.13 17116 4664.82 20.54 106 6 198 5406 306 10098 17.2 18.5 17.8 0.05
46800.0 310 11.45 0.05 17556 607.61 0.36 15884 1109.48 0.13 828924 239632.05 20.54 310 26.4 0.13 17426 4691.22 20.54 106 6 198 5512 312 10296 17.2 18.5 17.79 0.05
47700.0 376 11.59 0.05 17932 619.2 0.36 15943 1109.35 0.13 844867 240741.4 20.54 370 26.41 0.13 17796 4717.63 20.54 106 6 198 5618 318 10494 17.2 18.5 17.79 0.05
48600.0 354 12.23 0.36 18286 631.43 0.36 15899 1109.03 0.13 860766 241850.43 20.54 350 26.43 0.13 18146 4744.06 20.54 106 6 198 5724 324 10692 17.2 18.5 17.79 0.06
49500.0 310 11.45 0.05 18596 642.88 0.36 15873 1113.99 0.13 876639 242964.43 20.54 310 26.49 0.13 18456 4770.55 20.54 106 6 198 5830 330 10890 17.2 18.5 17.75 0.06
50400.0 310 11.45 0.05 18906 654.33 0.36 15883 1114.24 0.13 892522 244078.67 20.54 310 26.49 0.13 18766 4797.03 20.54 106 6 198 5936 336 11088 17.1 18.5 17.74 0.07
51300.0 376 11.6 0.05 19282 665.93 0.36 15941 1114.03 0.13 908463 245192.7 20.54 370 26.5 0.13 19136 4823.54 20.54 106 6 198 6042 342 11286 17.1 18.5 17.74 0.07
52200.0 354 12.23 0.36 19636 678.16 0.36 15892 1113.49 0.13 924355 246306.19 20.54 350 26.52 0.13 19486 4850.05 20.54 106 6 198 6148 348 11484 17.1 18.5 17.74 0.07
53100.0 310 11.45 0.05 19946 689.61 0.36 15856 1113.33 0.13 940211 247419.53 20.54 310 26.49 0.13 19796 4876.54 20.54 106 6 198 6254 354 11682 17.1 18.6 17.73 0.07
54000.0 310 11.45 0.05 20256 701.06 0.36 15861 1113.46 0.13 956072 248532.99 20.54 310 26.49 0.13 20106 4903.03 20.54 106 6 198 6360 360 11880 17.1 18.6 17.71 0.07
54900.0 376 11.6 0.05 20632 712.66 0.36 15918 1113.31 0.13 971990 249646.3 20.54 370 26.5 0.13 20476 4929.53 20.54 106 6 198 6466 366 12078 17.1 18.6 17.71 0.07
55800.0 354 12.23 0.36 20986 724.89 0.36 15884 1113.31 0.13 987874 250759.62 20.54 350 26.52 0.13 20826 4956.05 20.54 106 6 198 6572 372 12276 17.1 18.6 17.71 0.07
56700.0 310 11.45 0.05 21296 736.34 0.36 15861 1113.69 0.13 1003735 251873.31 20.54 310 26.49 0.13 21136 4982.53 20.54 106 6 198 6678 378 12474 17.1 18.6 17.69 0.08
57600.0 310 11.45 0.05 21606 747.79 0.36 15871 1113.82 0.13 1019606 252987.13 20.54 310 26.49 0.13 21446 5009.02 20.54 106 6 198 6784 384 12672 17.1 18.6 17.68 0.09
58500.0 376 11.6 0.05 21982 759.39 0.36 15931 1113.73 0.13 1035537 254100.86 20.54 370 26.5 0.13 21816 5035.52 20.54 106 6 198 6890 390 12870 17.1 18.6 17.68 0.09
59400.0 354 12.23 0.36 22336 771.62 0.36 15880 1110.48 0.13 1051417 255211.35 20.54 350 26.47 0.13 22166 5061.99 20.54 106 6 198 6996 396 13068 17.1 18.6 17.68 0.09
60300.0 310 11.45 0.05 22646 783.07 0.36 15851 1110.61 0.13 1067268 256321.95 20.54 310 26.44 0.13 22476 5088.43 20.54 106 6 198 7102 402 13266 17.0 18.6 17.66 0.1
61200.0 310 11.45 0.05 22956 794.52 0.36 15869 1111.11 0.13 1083137 257433.06 20.54 310 26.44 0.13 22786 5114.87 20.54 106 6 198 7208 408 13464 17.0 18.6 17.64 0.1
62100.0 376 11.59 0.05 23332 806.11 0.36 15928 1111.0 0.13 1099065 258544.06 20.54 370 26.46 0.13 23156 5141.32 20.54 106 6 198 7314 414 13662 17.0 18.6 17.64 0.1
63000.0 354 12.23 0.36 23686 818.34 0.36 15887 1103.68 0.13 1114952 259647.74 20.54 350 26.33 0.13 23506 5167.66 20.54 106 6 198 7420 420 13860 17.0 18.6 17.64 0.1
63900.0 310 11.45 0.05 23996 829.79 0.36 15845 1099.36 0.13 1130797 260747.1 20.54 310 26.23 0.13 23816 5193.89 20.54 106 6 198 7526 426 14058 17.0 18.6 17.63 0.11
64800.0 310 11.45 0.05 24306 841.23 0.36 15850 1099.55 0.13 1146647 261846.65 20.54 310 26.23 0.13 24126 5220.11 20.54 106 6 198 7632 432 14256 17.0 18.6 17.62 0.11
65700.0 376 11.59 0.05 24682 852.82 0.36 15910 1099.49 0.13 1162557 262946.13 20.54 370 26.24 0.13 24496 5246.35 20.54 106 6 198 7738 438 14454 17.0 18.6 17.62 0.11
66600.0 354 12.22 0.36 25036 865.04 0.36 15873 1097.53 0.13 1178430 264043.66 20.54 350 26.22 0.13 24846 5272.57 20.54 106 6 198 7844 444 14652 17.0 18.6 17.62 0.11
67500.0 310 11.45 0.05 25346 876.49 0.36 15843 1092.37 0.13 1194273 265136.03 20.54 310 26.09 0.13 25156 5298.66 20.54 106 6 198 7950 450 14850 17.0 18.7 17.61 0.12
68400.0 310 11.45 0.05 25656 887.94 0.36 15844 1092.43 0.13 1210117 266228.47 20.54 310 26.08 0.13 25466 5324.74 20.54 106 6 198 8056 456 15048 17.0 18.7 17.61 0.12
69300.0 376 11.59 0.05 26032 899.52 0.36 15904 1092.39 0.13 1226021 267320.86 20.54 370 26.1 0.13 25836 5350.84 20.54 106 6 198 8162 462 15246 17.0 18.7 17.61 0.12
70200.0 354 12.22 0.36 26386 911.75 0.36 15860 1096.83 0.13 1241881 268417.69 20.54 350 26.21 0.13 26186 5377.05 20.54 106 6 198 8268 468 15444 17.0 18.7 17.61 0.12
71100.0 310 11.45 0.05 26696 923.2 0.36 15832 1098.22 0.13 1257713 269515.91 20.54 310 26.2 0.13 26496 5403.25 20.54 106 6 198 8374 474 15642 17.0 18.7 17.6 0.12
72000.0 310 11.45 0.05 27006 934.64 0.36 15847 1098.69 0.13 1273560 270614.6 20.54 310 26.2 0.13 26806 5429.45 20.54 106 6 198 8480 480 15840 17.0 18.7 17.59 0.12
72900.0 376 11.59 0.05 27382 946.23 0.36 15902 1098.59 0.13 1289462 271713.19 20.54 370 26.22 0.13 27176 5455.67 20.54 106 6 198 8586 486 16038 17.0 18.7 17.59 0.12
73800.0 354 12.22 0.36 27736 958.45 0.36 15870 1098.48 0.13 1305332 272811.67 20.54 350 26.23 0.13 27526 5481.9 20.54 106 6 198 8692 492 16236 17.0 18.7 17.59 0.12
74700.0 310 11.45 0.05 28046 969.9 0.36 15828 1102.16 0.13 1321160 273913.82 20.54 310 26.28 0.13 27836 5508.18 20.54 106 6 198 8798 498 16434 17.0 18.7 17.58 0.13
75600.0 310 11.45 0.05 28356 981.35 0.36 15829 1102.22 0.13 1336989 275016.04 20.54 310 26.28 0.13 28146 5534.46 20.54 106 6 198 8904 504 16632 17.0 18.7 17.58 0.12
76500.0 376 11.59 0.05 28732 992.94 0.36 15889 1102.18 0.13 1352878 276118.22 20.54 370 26.29 0.13 28516 5560.75 20.54 106 6 198 9010 510 16830 17.0 18.7 17.58 0.12
77400.0 354 12.22 0.36 29086 1005.17 0.36 15856 1099.1 0.13 1368734 277217.32 20.54 350 26.26 0.13 28866 5587.01 20.54 106 6 198 9116 516 17028 17.0 18.7 17.58 0.12
78300.0 310 11.45 0.05 29396 1016.61 0.36 15823 1098.94 0.13 1384557 278316.25 20.54 310 26.23 0.13 29176 5613.24 20.54 106 6 198 9222 522 17226 17.0 18.6 17.57 0.12
79200.0 310 11.45 0.05 29706 1028.06 0.36 15826 1099.13 0.13 1400383 279415.38 20.54 310 26.23 0.13 29486 5639.47 20.54 106 6 198 9328 528 17424 17.0 18.6 17.56 0.12
80100.0 376 11.59 0.05 30082 1039.65 0.36 15886 1099.07 0.13 1416269 280514.45 20.54 370 26.24 0.13 29856 5665.71 20.54 106 6 198 9434 534 17622 17.0 18.6 17.56 0.12
81000.0 354 12.23 0.36 30436 1051.87 0.36 15852 1101.23 0.13 1432121 281615.67 20.54 350 26.3 0.13 30206 5692.0 20.54 106 6 198 9540 540 17820 17.0 18.6 17.56 0.12
81900.0 310 11.45 0.05 30746 1063.32 0.36 15816 1105.08 0.13 1447937 282720.75 20.54 310 26.35 0.13 30516 5718.35 20.54 106 6 198 9646 546 18018 17.0 18.6 17.56 0.12
82800.0 310 11.45 0.05 31056 1074.77 0.36 15816 1105.12 0.13 1463753 283825.87 20.54 310 26.35 0.13 30826 5744.7 20.54 106 6 198 9752 552 18216 17.0 18.6 17.56 0.11
83700.0 376 11.59 0.05 31432 1086.36 0.36 15873 1105.05 0.13 1479626 284930.92 20.54 370 26.36 0.13 31196 5771.06 20.54 106 6 198 9858 558 18414 17.0 18.6 17.56 0.11
84600.0 354 12.23 0.36 31786 1098.59 0.36 15846 1105.09 0.13 1495472 286036.01 20.54 350 26.38 0.13 31546 5797.44 20.54 106 6 198 9964 564 18612 17.0 18.6 17.56 0.11
85500.0 310 11.45 0.05 32096 1110.04 0.36 15819 1100.26 0.13 1511291 287136.27 20.54 310 26.25 0.13 31856 5823.69 20.54 106 6 198 10070 570 18810 17.0 18.6 17.57 0.11
86400.0 310 11.45 0.05 32406 1121.49 0.36 15815 1100.17 0.13 1527106 288236.44 20.54 310 26.25 0.13 32166 5849.94 20.54 106 6 198 10176 576 19008 17.0 18.6 17.57 0.11
87300.0 376 11.59 0.05 32782 1133.08 0.36 15875 1100.11 0.13 1542981 289336.55 20.54 370 26.27 0.13 32536 5876.2 20.54 106 6 198 10282 582 19206 17.0 18.6 17.57 0.11
88200.0 354 12.23 0.36 33136 1145.31 0.36 15838 1107.89 0.13 1558819 290444.44 20.54 350 26.43 0.13 32886 5902.63 20.54 106 6 198 10388 588 19404 17.0 18.6 17.57 0.1
89100.0 310 11.45 0.05 33446 1156.76 0.36 15852 1113.21 0.13 1574671 291557.66 20.54 310 26.49 0.13 33196 5929.12 20.54 106 6 198 10494 594 19602 17.1 18.5 17.59 0.07
90000.0 310 11.45 0.05 33756 1168.21 0.36 15896 1114.18 0.13 1590567 292671.84 20.54 310 26.49 0.13 33506 5955.6 20.54 106 6 198 10600 600 19800 17.1 18.5 17.67 0.05
90900.0 376 11.6 0.05 34132 1179.81 0.36 15956 1114.09 0.13 1606523 293785.93 20.54 370 26.5 0.13 33876 5982.11 20.54 106 6 198 10706 606 19998 17.1 18.5 17.67 0.05
91800.0 354 12.22 0.36 34486 1192.03 0.36 15920 1101.63 0.13 1622443 294887.56 20.54 350 26.28 0.13 34226 6008.38 20.54 106 6 198 10812 612 20196 17.1 21.3 17.71 0.12
92700.0 310 11.45 0.05 34796 1203.48 0.36 15935 1093.31 0.13 1638378 295980.87 20.54 310 26.07 0.13 34536 6034.45 20.54 106 6 198 10918 618 20394 17.1 23.8 19.41 2.7
93600.0 310 11.45 0.05 35106 1214.92 0.36 15938 1093.36 0.13 1654316 297074.23 20.54 310 26.06 0.13 34846 6060.51 20.54 106 6 198 11024 624 20592 17.1 23.8 20.64 4.85
94500.0 376 11.59 0.05 35482 1226.51 0.36 15996 1093.32 0.13 1670312 298167.55 20.54 370 26.08 0.13 35216 6086.6 20.54 106 6 198 11130 630 20790 17.1 23.8 20.66 4.85
95400.0 354 12.22 0.36 35836 1238.73 0.36 15973 1093.39 0.13 1686285 299260.94 20.54 350 26.1 0.13 35566 6112.69 20.54 106 6 198 11236 636 20988 17.1 23.9 20.67 4.86
96300.0 310 11.45 0.05 36146 1250.18 0.36 15933 1093.24 0.13 1702218 300354.18 20.54 310 26.07 0.13 35876 6138.76 20.54 106 6 198 11342 642 21186 17.1 24.0 21.06 4.63
97200.0 310 11.45 0.05 36456 1261.62 0.36 15931 1093.24 0.13 1718149 301447.42 20.54 310 26.06 0.13 36186 6164.82 20.54 106 6 198 11448 648 21384 17.4 24.0 21.17 4.73
98100.0 376 11.59 0.05 36832 1273.21 0.36 15988 1093.14 0.13 1734137 302540.56 20.54 370 26.08 0.13 36556 6190.9 20.54 106 6 198 11554 654 21582 17.4 24.0 21.18 4.73
99000.0 354 12.22 0.36 37186 1285.43 0.36 15964 1087.23 0.13 1750101 303627.79 20.54 350 25.98 0.13 36906 6216.89 20.54 106 6 198 11660 660 21780 17.4 24.0 21.19 4.68
99900.0 310 11.44 0.05 37496 1296.87 0.36 15928 1087.24 0.13 1766029 304715.03 20.54 310 25.96 0.13 37216 6242.84 20.54 106 6 198 11766 666 21978 17.5 24.0 21.48 3.93
100800.0 310 11.44 0.05 37806 1308.32 0.36 15926 1087.25 0.13 1781955 305802.28 20.54 310 25.95 0.13 37526 6268.8 20.54 106 6 198 11872 672 22176 17.7 24.0 21.53 3.89
101700.0 376 11.59 0.05 38182 1319.9 0.36 15985 1087.2 0.13 1797940 306889.48 20.54 370 25.97 0.13 37896 6294.77 20.54 106 6 198 11978 678 22374 17.8 24.0 21.53 3.88
102600.0 354 12.22 0.36 38536 1332.12 0.36 15955 1086.1 0.13 1813895 307975.57 20.54 350 25.97 0.13 38246 6320.74 20.54 106 6 198 12084 684 22572 17.8 24.0 21.54 3.85
103500.0 310 11.44 0.05 38846 1343.56 0.36 15924 1086.19 0.13 1829819 309061.76 20.54 310 25.94 0.13 38556 6346.68 20.54 106 6 198 12190 690 22770 18.0 24.0 21.77 3.12
104400.0 310 11.44 0.05 39156 1355.01 0.36 15924 1086.24 0.13 1845743 310148.01 20.54 310 25.94 0.13 38866 6372.62 20.54 106 6 198 12296 696 22968 18.2 24.0 21.83 3.09
105300.0 376 11.59 0.05 39532 1366.59 0.36 15983 1086.21 0.13 1861726 311234.21 20.54 370 25.96 0.13 39236 6398.57 20.54 106 6 198 12402 702 23166 18.5 24.0 21.83 3.07
106200.0 354 12.22 0.36 39886 1378.81 0.36 15960 1078.85 0.13 1877686 312313.06 20.54 350 25.83 0.13 39586 6424.4 20.54 106 6 198 12508 708 23364 18.5 24.0 21.83 3.07
107100.0 310 11.44 0.05 40196 1390.25 0.36 15922 1074.93 0.13 1893608 313387.99 20.54 310 25.72 0.13 39896 6450.12 20.54 106 6 198 12614 714 23562 18.8 24.0 21.83 2.85
108000.0 310 11.44 0.05 40506 1401.68 0.36 15919 1074.93 0.13 1909527 314462.92 20.54 310 25.72 0.13 40206 6475.84 20.54 106 6 198 12720 720 23760 18.8 24.0 21.83 2.85
108900.0 376 11.58 0.05 40882 1413.26 0.36 15979 1074.88 0.13 1925506 315537.8 20.54 370 25.74 0.13 40576 6501.58 20.54 106 6 198 12826 726 23958 18.9 24.0 21.83 2.84
109800.0 354 12.21 0.36 41236 1425.48 0.36 15957 1074.9 0.13 1941463 316612.7 20.54 350 25.75 0.13 40926 6527.33 20.54 106 6 198 12932 732 24156 18.9 24.0 21.83 2.84
110700.0 310 11.44 0.05 41546 1436.92 0.36 15918 1074.8 0.13 1957381 317687.5 20.54 310 25.72 0.13 41236 6553.05 20.54 106 6 198 13038 738 24354 18.9 24.0 21.72 2.76
111600.0 310 11.44 0.05 41856 1448.35 0.36 15907 1074.51 0.13 1973288 318762.01 20.54 310 25.72 0.13 41546 6578.77 20.54 106 6 198 13144 744 24552 18.9 24.0 21.65 2.65
112500.0 376 11.58 0.05 42232 1459.93 0.36 15967 1074.46 0.13 1989255 319836.47 20.54 370 25.74 0.13 41916 6604.51 20.54 106 6 198 13250 750 24750 18.9 23.9 21.65 2.65
113400.0 354 12.21 0.36 42586 1472.15 0.36 15942 1074.48 0.13 2005197 320910.95 20.54 350 25.75 0.13 42266 6630.26 20.54 106 6 198 13356 756 24948 18.9 23.9 21.68 2.64
114300.0 310 11.44 0.05 42896 1483.59 0.36 15911 1074.74 0.13 2021108 321985.7 20.54 310 25.72 0.13 42576 6655.99 20.54 106 6 198 13462 762 25146 18.9 24.0 23.33 0.21
115200.0 310 11.44 0.05 43206 1495.02 0.36 15911 1074.81 0.13 2037019 323060.51 20.54 310 25.72 0.13 42886 6681.71 20.54 106 6 198 13568 768 25344 18.9 24.0 23.5 0.1
116100.0 376 11.58 0.05 43582 1506.61 0.36 15970 1074.76 0.13 2052989 324135.27 20.54 370 25.74 0.13 43256 6707.45 20.54 106 6 198 13674 774 25542 22.6 24.0 23.51 0.03
117000.0 354 12.21 0.36 43936 1518.82 0.36 15945 1074.78 0.13 2068934 325210.05 20.54 350 25.75 0.13 43606 6733.2 20.54 106 6 198 13780 780 25740 22.6 24.0 23.51 0.03
117900.0 310 11.44 0.05 44246 1530.26 0.36 15905 1074.68 0.13 2084839 326284.73 20.54 310 25.72 0.13 43916 6758.92 20.54 106 6 198 13886 786 25938 22.7 24.0 23.57 0.02
118800.0 310 11.44 0.05 44556 1541.7 0.36 15903 1074.75 0.13 2100742 327359.48 20.54 310 25.72 0.13 44226 6784.64 20.54 106 6 198 13992 792 26136 22.7 24.0 23.59 0.02
119700.0 376 11.58 0.05 44932 1553.28 0.36 15963 1074.7 0.13 2116705 328434.18 20.54 370 25.74 0.13 44596 6810.38 20.54 106 6 198 14098 798 26334 22.7 24.0 23.6 0.02
120600.0 354 12.21 0.36 45286 1565.49 0.36 15943 1074.78 0.13 2132648 329508.96 20.54 350 25.75 0.13 44946 6836.13 20.54 106 6 198 14204 804 26532 22.7 24.0 23.6 0.02
121500.0 310 11.44 0.05 45596 1576.93 0.36 15903 1074.68 0.13 2148551 330583.65 20.54 310 25.72 0.13 45256 6861.85 20.54 106 6 198 14310 810 26730 22.8 24.0 23.64 0.01
122400.0 310 11.44 0.05 45906 1588.37 0.36 15900 1074.63 0.13 2164451 331658.27 20.54 310 25.72 0.13 45566 6887.57 20.54 106 6 198 14416 816 26928 22.8 24.0 23.66 0.01
123300.0 376 11.58 0.05 46282 1599.95 0.36 15960 1074.58 0.13 2180411 332732.86 20.54 370 25.74 0.13 45936 6913.31 20.54 106 6 198 14522 822 27126 22.8 24.0 23.66 0.01
124200.0 354 12.21 0.36 46636 1612.16 0.36 15940 1074.66 0.13 2196351 333807.52 20.54 350 25.75 0.13 46286 6939.06 20.54 106 6 198 14628 828 27324 22.8 24.0 23.67 0.01
125100.0 310 11.44 0.05 46946 1623.6 0.36 15896 1074.5 0.13 2212247 334882.02 20.54 310 25.72 0.13 46596 6964.78 20.54 106 6 198 14734 834 27522 22.9 24.0 23.69 0.01
126000.0 310 11.44 0.05 47256 1635.04 0.36 15896 1074.57 0.13 2228143 335956.59 20.54 310 25.72 0.13 46906 6990.51 20.54 106 6 198 14840 840 27720 22.9 24.0 23.72 0.01
126900.0 376 11.58 0.05 47632 1646.62 0.36 15954 1074.52 0.13 2244097 337031.11 20.54 370 25.74 0.13 47276 7016.24 20.54 106 6 198 14946 846 27918 22.9 24.0 23.72 0.01
127800.0 354 12.21 0.36 47986 1658.83 0.36 15931 1074.48 0.13 2260028 338105.59 20.54 350 25.75 0.13 47626 7041.99 20.54 106 6 198 15052 852 28116 22.9 24.0 23.72 0.01
128700.0 310 11.44 0.05 48296 1670.27 0.36 15891 1074.38 0.13 2275919 339179.98 20.54 310 25.72 0.13 47936 7067.72 20.54 106 6 198 15158 858 28314 23.1 24.0 23.75 0.01
129600.0 310 11.44 0.05 48606 1681.71 0.36 15890 1074.39 0.13 2291809 340254.36 20.54 310 25.72 0.13 48246 7093.44 20.54 106 6 198 15264 864 28512 23.1 24.0 23.76 0.01
130500.0 376 11.58 0.05 48982 1693.29 0.36 15948 1074.34 0.13 2307757 341328.71 20.54 370 25.74 0.13 48616 7119.18 20.54 106 6 198 15370 870 28710 23.1 24.0 23.76 0.01
131400.0 354 12.21 0.36 49336 1705.5 0.36 15928 1074.42 0.13 2323685 342403.12 20.54 350 25.75 0.13 48966 7144.93 20.54 106 6 198 15476 876 28908 23.1 24.0 23.77 0.01
132300.0 310 11.44 0.05 49646 1716.94 0.36 15886 1074.26 0.13 2339571 343477.39 20.54 310 25.72 0.13 49276 7170.65 20.54 106 6 198 15582 882 29106 23.2 24.0 23.78 0.01
133200.0 310 11.44 0.05 49956 1728.38 0.36 15882 1074.27 0.13 2355453 344551.66 20.54 310 25.72 0.13 49586 7196.37 20.54 106 6 198 15688 888 29304 23.2 24.0 23.79 0.01
134100.0 376 11.58 0.05 50332 1739.96 0.36 15942 1074.22 0.13 2371395 345625.88 20.54 370 25.74 0.13 49956 7222.11 20.54 106 6 198 15794 894 29502 23.2 24.0 23.8 0.01
135000.0 354 12.21 0.36 50686 1752.17 0.36 15922 1074.3 0.13 2387317 346700.18 20.54 350 25.75 0.13 50306 7247.86 20.54 106 6 198 15900 900 29700 23.2 24.0 23.8 0.01
135900.0 310 11.44 0.05 50996 1763.61 0.36 15880 1074.2 0.13 2403197 347774.38 20.54 310 25.72 0.13 50616 7273.58 20.54 106 6 198 16006 906 29898 23.3 24.0 23.83 0.01
136800.0 310 11.44 0.05 51306 1775.05 0.36 15879 1074.21 0.13 2419076 348848.59 20.54 310 25.72 0.13 50926 7299.3 20.54 106 6 198 16112 912 30096 23.3 24.0 23.84 0.01
137700.0 376 11.58 0.05 51682 1786.63 0.36 15938 1074.1 0.13 2435014 349922.69 20.54 370 25.74 0.13 51296 7325.04 20.54 106 6 198 16218 918 30294 23.3 24.0 23.84 0.01
138600.0 354 12.21 0.36 52036 1798.85 0.36 15914 1074.18 0.13 2450928 350996.87 20.54 350 25.75 0.13 51646 7350.79 20.54 106 6 198 16324 924 30492 23.3 24.0 23.84 0.01
139500.0 310 11.44 0.05 52346 1810.28 0.36 15874 1074.08 0.13 2466802 352070.96 20.54 310 25.72 0.13 51956 7376.52 20.54 106 6 198 16430 930 30690 23.4 24.0 23.85 0.01
140400.0 310 11.44 0.05 52656 1821.72 0.36 15874 1074.15 0.13 2482676 353145.1 20.54 310 25.72 0.13 52266 7402.24 20.54 106 6 198 16536 936 30888 23.4 24.0 23.85 0.01
141300.0 376 11.58 0.05 53032 1833.3 0.36 15930 1073.98 0.13 2498606 354219.09 20.54 370 25.74 0.13 52636 7427.97 20.54 106 6 198 16642 942 31086 23.4 24.0 23.85 0.01
142200.0 354 12.21 0.36 53386 1845.52 0.36 15910 1074.06 0.13 2514516 355293.14 20.54 350 25.75 0.13 52986 7453.73 20.54 106 6 198 16748 948 31284 23.4 24.0 23.85 0.01
143100.0 310 11.44 0.05 53696 1856.95 0.36 15870 1073.96 0.13 2530386 356367.11 20.54 310 25.72 0.13 53296 7479.45 20.54 106 6 198 16854 954 31482 23.5 24.0 23.88 0.01
144000.0 310 11.44 0.05 54006 1868.39 0.36 15869 1073.97 0.13 2546255 357441.08 20.54 310 25.72 0.13 53606 7505.17 20.54 106 6 198 16960 960 31680 23.5 24.0 23.88 0.01
144900.0 376 11.58 0.05 54382 1879.97 0.36 15929 1073.92 0.13 2562184 358515.0 20.54 370 25.74 0.13 53976 7530.91 20.54 106 6 198 17066 966 31878 23.5 24.0 23.88 0.01
145800.0 354 12.21 0.36 54736 1892.19 0.36 15908 1073.94 0.13 2578092 359588.94 20.54 350 25.75 0.13 54326 7556.66 20.54 106 6 198 17172 972 32076 23.5 24.0 23.88 0.01
146700.0 310 11.44 0.05 55046 1903.63 0.36 15863 1073.78 0.13 2593955 360662.72 20.54 310 25.72 0.13 54636 7582.38 20.54 106 6 198 17278 978 32274 23.6 24.0 23.88 0.01
147600.0 310 11.44 0.05 55356 1915.06 0.36 15863 1073.85 0.13 2609818 361736.57 20.54 310 25.72 0.13 54946 7608.1 20.54 106 6 198 17384 984 32472 23.6 24.0 23.88 0.01
148500.0 376 11.58 0.05 55732 1926.64 0.36 15920 1073.74 0.13 2625738 362810.31 20.54 370 25.74 0.13 55316 7633.84 20.54 106 6 198 17490 990 32670 23.6 24.0 23.88 0.01
149400.0 354 12.21 0.36 56086 1938.86 0.36 15894 1073.64 0.13 2641632 363883.95 20.54 350 25.75 0.13 55666 7659.59 20.54 106 6 198 17596 996 32868 23.6 24.0 23.89 0.01
150300.0 310 11.44 0.05 56396 1950.3 0.36 15853 1073.54 0.13 2657485 364957.49 20.54 310 25.72 0.13 55976 7685.31 20.54 106 6 198 17702 1002 33066 23.7 24.0 23.89 0.01
151200.0 310 11.44 0.05 56706 1961.73 0.36 15852 1073.61 0.13 2673337 366031.1 20.54 310 25.72 0.13 56286 7711.03 20.54 106 6 198 17808 1008 33264 23.7 24.0 23.9 0.01
152100.0 376 11.58 0.05 57082 1973.32 0.36 15911 1073.56 0.13 2689248 367104.66 20.54 370 25.74 0.13 56656 7736.77 20.54 106 6 198 17914 1014 33462 23.7 24.0 23.9 0.01
153000.0 354 12.21 0.36 57436 1985.53 0.36 15891 1073.64 0.13 2705139 368178.3 20.54 350 25.75 0.13 57006 7762.52 20.54 106 6 198 18020 1020 33660 23.7 24.0 23.9 0.01
153900.0 310 11.44 0.05 57746 1996.97 0.36 15851 1073.54 0.13 2720990 369251.85 20.54 310 25.72 0.13 57316 7788.25 20.54 106 6 198 18126 1026 33858 23.6 24.0 23.89 0.01
154800.0 310 11.44 0.05 58056 2008.41 0.36 15847 1073.55 0.13 2736837 370325.39 20.54 310 25.72 0.13 57626 7813.97 20.54 106 6 198 18232 1032 34056 23.6 24.0 23.89 0.01
155700.0 376 11.58 0.05 58432 2019.99 0.36 15907 1073.5 0.13 2752744 371398.9 20.54 370 25.74 0.13 57996 7839.7 20.54 106 6 198 18338 1038 34254 23.6 24.0 23.89 0.01
156600.0 354 12.21 0.36 58786 2032.2 0.36 15885 1073.58 0.13 2768629 372472.48 20.54 350 25.75 0.13 58346 7865.46 20.54 106 6 198 18444 1044 34452 23.6 24.0 23.89 0.01
157500.0 310 11.44 0.05 59096 2043.64 0.36 15844 1073.42 0.13 2784473 373545.9 20.54 310 25.72 0.13 58656 7891.18 20.54 106 6 198 18550 1050 34650 23.5 24.0 23.88 0.01
158400.0 310 11.44 0.05 59406 2055.08 0.36 15844 1073.49 0.13 2800317 374619.39 20.54 310 25.72 0.13 58966 7916.9 20.54 106 6 198 18656 1056 34848 23.5 24.0 23.88 0.01
159300.0 376 11.58 0.05 59782 2066.66 0.36 15900 1073.44 0.13 2816217 375692.83 20.54 370 25.74 0.13 59336 7942.64 20.54 106 6 198 18762 1062 35046 23.5 24.0 23.88 0.01
160200.0 354 12.21 0.36 60136 2078.87 0.36 15876 1073.4 0.13 2832093 376766.23 20.54 350 25.75 0.13 59686 7968.39 20.54 106 6 198 18868 1068 35244 23.5 24.0 23.88 0.01
161100.0 310 11.44 0.05 60446 2090.31 0.36 15836 1073.3 0.13 2847929 377839.53 20.54 310 25.72 0.13 59996 7994.11 20.54 106 6 198 18974 1074 35442 23.4 24.0 23.86 0.01
162000.0 310 11.44 0.05 60756 2101.75 0.36 15835 1073.37 0.13 2863764 378912.9 20.54 310 25.72 0.13 60306 8019.83 20.54 106 6 198 19080 1080 35640 23.4 24.0 23.86 0.01
162900.0 376 11.58 0.05 61132 2113.32 0.36 15894 1073.32 0.13 2879658 379986.21 20.54 370 25.73 0.13 60676 8045.57 20.54 106 6 198 19186 1086 35838 23.4 24.0 23.86 0.01
163800.0 354 12.21 0.36 61486 2125.54 0.36 15874 1073.4 0.13 2895532 381059.61 20.54 350 25.75 0.13 61026 8071.32 20.54 106 6 198 19292 1092 36036 23.4 24.0 23.86 0.01
164700.0 310 11.44 0.05 61796 2136.98 0.36 15833 1073.24 0.13 2911365 382132.86 20.54 310 25.72 0.13 61336 8097.04 20.54 106 6 198 19398 1098 36234 23.3 24.0 23.83 0.02
165600.0 310 11.44 0.05 62106 2148.42 0.36 15832 1073.25 0.13 2927197 383206.1 20.54 310 25.72 0.13 61646 8122.76 20.54 106 6 198 19504 1104 36432 23.3 24.0 23.82 0.02
166500.0 376 11.58 0.05 62482 2160.0 0.36 15892 1073.2 0.13 2943089 384279.31 20.54 370 25.74 0.13 62016 8148.5 20.54 106 6 198 19610 1110 36630 23.3 24.0 23.82 0.02
167400.0 354 12.21 0.36 62836 2172.21 0.36 15871 1073.28 0.13 2958960 385352.58 20.54 350 25.75 0.13 62366 8174.25 20.54 106 6 198 19716 1116 36828 23.3 24.0 23.82 0.02
168300.0 310 11.44 0.05 63146 2183.65 0.36 15831 1073.18 0.13 2974791 386425.77 20.54 310 25.72 0.13 62676 8199.97 20.54 106 6 198 19822 1122 37026 23.2 24.0 23.8 0.02
169200.0 310 11.44 0.05 63456 2195.09 0.36 15828 1073.19 0.13 2990619 387498.95 20.54 310 25.72 0.13 62986 8225.69 20.54 106 6 198 19928 1128 37224 23.2 24.0 23.79 0.02
170100.0 376 11.58 0.05 63832 2206.66 0.36 15888 1073.14 0.13 3006507 388572.09 20.54 370 25.73 0.13 63356 8251.43 20.54 106 6 198 20034 1134 37422 23.2 24.0 23.79 0.02
171000.0 354 12.21 0.36 64186 2218.88 0.36 15865 1073.1 0.13 3022372 389645.19 20.54 350 25.75 0.13 63706 8277.18 20.54 106 6 198 20140 1140 37620 23.2 24.0 23.79 0.02
171900.0 310 11.44 0.05 64496 2230.32 0.36 15822 1072.88 0.13 3038194 390718.07 20.54 310 25.72 0.13 64016 8302.9 20.54 106 6 198 20246 1146 37818 23.1 24.0 23.76 0.03
172800.0 310 11.44 0.05 64806 2241.75 0.36 15820 1072.95 0.13 3054014 391791.02 20.54 310 25.72 0.13 64326 8328.62 20.54 106 6 198 20352 1152 38016 23.1 24.0 23.74 0.02
173700.0 376 11.58 0.05 65182 2253.33 0.36 15876 1072.72 0.13 3069890 392863.74 20.54 370 25.74 0.13 64696 8354.36 20.54 106 6 198 20458 1158 38214 23.1 24.0 23.74 0.02
174600.0 354 12.21 0.36 65536 2265.55 0.36 15856 1072.8 0.13 3085746 393936.54 20.54 350 25.75 0.13 65046 8380.11 20.54 106 6 198 20564 1164 38412 23.1 24.0 23.74 0.02
175500.0 310 11.44 0.05 65846 2276.99 0.36 15817 1072.76 0.13 3101563 395009.3 20.54 310 25.72 0.13 65356 8405.84 20.54 106 6 198 20670 1170 38610 22.9 24.0 23.69 0.03
176400.0 310 11.44 0.05 66156 2288.42 0.36 15813 1072.89 0.13 3117376 396082.19 20.54 310 25.72 0.13 65666 8431.56 20.54 106 6 198 20776 1176 38808 22.9 23.9 23.68 0.03
177300.0 376 11.58 0.05 66532 2300.01 0.36 15872 1072.84 0.13 3133248 397155.03 20.54 370 25.74 0.13 66036 8457.29 20.54 106 6 198 20882 1182 39006 22.9 23.9 23.68 0.03
178200.0 354 12.21 0.36 66886 2312.22 0.36 15848 1072.8 0.13 3149096 398227.83 20.54 350 25.75 0.13 66386 8483.05 20.54 106 6 198 20988 1188 39204 22.9 23.9 23.68 0.03
179100.0 310 11.44 0.05 67196 2323.66 0.36 15811 1072.76 0.13 3164907 399300.59 20.54 310 25.72 0.13 66696 8508.77 20.54 106 6 198 21094 1194 39402 22.8 23.9 23.62 0.03
180000.0 310 11.44 0.05 67506 2335.1 0.36 15816 1073.01 0.13 3180723 400373.6 20.54 310 25.72 0.13 67006 8534.49 20.54 106 6 198 21200 1200 39600 22.8 23.9 23.58 0.02
180900.0 376 11.58 0.05 67882 2346.68 0.36 15875 1072.96 0.13 3196598 401446.56 20.54 370 25.74 0.13 67376 8560.23 20.54 106 6 198 21306 1206 39798 22.8 23.9 23.58 0.02
181800.0 354 12.21 0.36 68236 2358.89 0.36 15847 1072.92 0.13 3212445 402519.48 20.54 350 25.75 0.13 67726 8585.98 20.54 106 6 198 21412 1212 39996 22.8 23.9 23.58 0.02
182700.0 310 11.44 0.05 68546 2370.33 0.36 15812 1072.82 0.13 3228257 403592.3 20.54 310 25.72 0.13 68036 8611.7 20.54 106 6 198 21518 1218 40194 22.7 23.8 23.49 0.03
183600.0 310 11.44 0.05 68856 2381.77 0.36 15807 1072.95 0.13 3244064 404665.25 20.54 310 25.72 0.13 68346 8637.42 20.54 106 6 198 21624 1224 40392 22.7 23.8 23.45 0.02
184500.0 376 11.58 0.05 69232 2393.35 0.36 15862 1072.72 0.13 3259926 405737.97 20.54 370 25.74 0.13 68716 8663.16 20.54 106 6 198 21730 1230 40590 22.7 23.8 23.45 0.02
185400.0 354 12.21 0.36 69586 2405.56 0.36 15836 1072.74 0.13 3275762 406810.71 20.54 350 25.75 0.13 69066 8688.91 20.54 106 6 198 21836 1236 40788 22.7 23.8 23.44 0.02
186300.0 310 11.44 0.05 69896 2417.0 0.36 15803 1072.82 0.13 3291565 407883.53 20.54 310 25.72 0.13 69376 8714.63 20.54 106 6 198 21942 1242 40986 22.4 23.7 23.33 0.03
187200.0 310 11.44 0.05 70206 2428.44 0.36 15801 1072.83 0.13 3307366 408956.36 20.54 310 25.72 0.13 69686 8740.35 20.54 106 6 198 22048 1248 41184 22.4 23.7 23.27 0.02
188100.0 376 11.58 0.05 70582 2440.02 0.36 15860 1072.78 0.13 3323226 410029.14 20.54 370 25.74 0.13 70056 8766.09 20.54 106 6 198 22154 1254 41382 22.4 23.7 23.27 0.02
189000.0 354 12.21 0.36 70936 2452.23 0.36 15837 1072.8 0.13 3339063 411101.94 20.54 350 25.75 0.13 70406 8791.84 20.54 106 6 198 22260 1260 41580 22.4 23.7 23.27 0.02
189900.0 310 11.44 0.05 71246 2463.67 0.36 15795 1072.52 0.13 3354858 412174.46 20.54 310 25.72 0.13 70716 8817.57 20.54 106 6 198 22366 1266 41778 22.1 23.5 23.1 0.03
190800.0 310 11.44 0.05 71556 2475.11 0.36 15794 1072.65 0.13 3370652 413247.11 20.54 310 25.72 0.13 71026 8843.29 20.54 106 6 198 22472 1272 41976 22.1 23.5 23.02 0.02
191700.0 376 11.58 0.05 71932 2486.69 0.36 15850 1072.6 0.13 3386502 414319.71 20.54 370 25.74 0.13 71396 8869.02 20.54 106 6 198 22578 1278 42174 22.1 23.5 23.02 0.02
192600.0 354 12.21 0.36 72286 2498.9 0.36 15824 1072.56 0.13 3402326 415392.27 20.54 350 25.75 0.13 71746 8894.78 20.54 106 6 198 22684 1284 42372 22.1 23.5 23.02 0.02
193500.0 310 11.44 0.05 72596 2510.34 0.36 15785 1072.58 0.13 3418111 416464.85 20.54 310 25.72 0.13 72056 8920.5 20.54 106 6 198 22790 1290 42570 22.0 23.3 22.83 0.03
194400.0 310 11.44 0.05 72906 2521.78 0.36 15785 1072.53 0.13 3433896 417537.38 20.54 310 25.72 0.13 72366 8946.22 20.54 106 6 198 22896 1296 42768 22.0 23.3 22.73 0.02
195300.0 376 11.58 0.05 73282 2533.36 0.36 15838 1072.3 0.13 3449734 418609.68 20.54 370 25.74 0.13 72736 8971.96 20.54 106 6 198 23002 1302 42966 22.0 23.3 22.73 0.02
196200.0 354 12.21 0.36 73636 2545.57 0.36 15816 1072.32 0.13 3465550 419682.0 20.54 350 25.75 0.13 73086 8997.71 20.54 106 6 198 23108 1308 43164 22.0 23.3 22.73 0.02
197100.0 310 11.44 0.05 73946 2557.01 0.36 15780 1072.22 0.13 3481330 420754.22 20.54 310 25.72 0.13 73396 9023.43 20.54 106 6 198 23214 1314 43362 22.0 23.1 22.54 0.02
198000.0 310 11.44 0.05 74256 2568.45 0.36 15757 1071.87 0.13 3497087 421826.09 20.54 310 25.72 0.13 73706 9049.15 20.54 106 6 198 23320 1320 43560 22.0 23.1 22.42 0.02
198900.0 376 11.58 0.05 74632 2580.03 0.36 15817 1071.82 0.13 3512904 422897.91 20.54 370 25.74 0.13 74076 9074.89 20.54 106 6 198 23426 1326 43758 22.0 23.1 22.42 0.02
199800.0 354 12.21 0.36 74986 2592.25 0.36 15792 1071.66 0.13 3528696 423969.57 20.54 350 25.75 0.13 74426 9100.64 20.54 106 6 198 23532 1332 43956 22.0 23.1 22.42 0.02
200700.0 310 11.44 0.05 75296 2603.68 0.36 15762 1071.92 0.13 3544458 425041.49 20.54 310 25.72 0.13 74736 9126.36 20.54 106 6 198 23638 1338 44154 22.0 22.8 22.26 0.01
201600.0 310 11.44 0.05 75606 2615.12 0.36 15762 1071.99 0.13 3560220 426113.48 20.54 310 25.72 0.13 75046 9152.08 20.54 106 6 198 23744 1344 44352 22.0 22.8 22.19 0.02
202500.0 376 11.58 0.05 75982 2626.7 0.36 15822 1071.94 0.13 3576042 427185.42 20.54 370 25.74 0.13 75416 9177.82 20.54 106 6 198 23850 1350 44550 22.0 22.8 22.19 0.02
203400.0 354 12.21 0.36 76336 2638.92 0.36 15797 1071.84 0.13 3591839 428257.26 20.54 350 25.75 0.13 75766 9203.57 20.54 106 6 198 23956 1356 44748 22.0 22.8 22.19 0.02
204300.0 310 11.44 0.05 76646 2650.35 0.36 15765 1071.98 0.13 3607604 429329.24 20.54 310 25.72 0.13 76076 9229.3 20.54 106 6 198 24062 1362 44946 22.0 22.6 22.07 0.01
205200.0 310 11.44 0.05 76956 2661.79 0.36 15764 1071.99 0.13 3623368 430401.23 20.54 310 25.72 0.13 76386 9255.02 20.54 106 6 198 24168 1368 45144 22.0 22.6 22.06 0.01
206100.0 376 11.58 0.05 77332 2673.37 0.36 15824 1071.94 0.13 3639192 431473.16 20.54 370 25.73 0.13 76756 9280.75 20.54 106 6 198 24274 1374 45342 22.0 22.6 22.06 0.01
207000.0 354 12.21 0.36 77686 2685.58 0.36 15794 1071.72 0.13 3654986 432544.88 20.54 350 25.75 0.13 77106 9306.5 20.54 106 6 198 24380 1380 45540 22.0 22.6 22.06 0.01
207900.0 310 11.44 0.05 77996 2697.02 0.36 15758 1071.8 0.13 3670744 433616.68 20.54 310 25.72 0.13 77416 9332.23 20.54 106 6 198 24486 1386 45738 22.0 22.2 22.02 0.0
208800.0 310 11.44 0.05 78306 2708.46 0.36 15754 1071.75 0.13 3686498 434688.43 20.54 310 25.72 0.13 77726 9357.95 20.54 106 6 198 24592 1392 45936 22.0 22.2 22.02 0.0
209700.0 376 11.58 0.05 78682 2720.04 0.36 15814 1071.7 0.13 3702312 435760.13 20.54 370 25.74 0.13 78096 9383.68 20.54 106 6 198 24698 1398 46134 22.0 22.2 22.02 0.0
210600.0 354 12.21 0.36 79036 2732.26 0.36 15787 1071.54 0.13 3718099 436831.67 20.54 350 25.75 0.13 78446 9409.44 20.54 106 6 198 24804 1404 46332 22.0 22.2 22.02 0.0
211500.0 310 11.44 0.05 79346 2743.69 0.36 15746 1071.56 0.13 3733845 437903.23 20.54 310 25.72 0.13 78756 9435.16 20.54 106 6 198 24910 1410 46530 22.0 22.0 22.0 0.0
212400.0 310 11.44 0.05 79656 2755.13 0.36 15746 1071.63 0.13 3749591 438974.86 20.54 310 25.72 0.13 79066 9460.88 20.54 106 6 198 25016 1416 46728 22.0 22.0 22.0 0.0
213300.0 376 11.58 0.05 80032 2766.71 0.36 15803 1071.52 0.13 3765394 440046.37 20.54 370 25.73 0.13 79436 9486.61 20.54 106 6 198 25122 1422 46926 22.0 22.0 22.0 0.0
214200.0 354 12.21 0.36 80386 2778.92 0.36 15776 1071.48 0.13 3781170 441117.85 20.54 350 25.75 0.13 79786 9512.37 20.54 106 6 198 25228 1428 47124 22.0 22.0 22.0 0.0
215100.0 310 11.44 0.05 80696 2790.36 0.36 15734 1071.38 0.13 3796904 442189.23 20.54 310 25.72 0.13 80096 9538.09 20.54 106 6 198 25334 1434 47322 22.0 22.0 22.0 0.0
216000.0 310 11.44 0.05 81006 2801.8 0.36 15729 1071.33 0.13 3812633 443260.56 20.54 310 25.72 0.13 80406 9563.81 20.54 106 6 198 25440 1440 47520 22.0 22.0 22.0 0.0
216900.0 376 11.58 0.05 81382 2813.38 0.36 15788 1071.28 0.13 3828421 444331.84 20.54 370 25.74 0.13 80776 9589.55 20.54 106 6 198 25546 1446 47718 22.0 22.0 22.0 0.0
217800.0 354 12.21 0.36 81736 2825.59 0.36 15767 1071.36 0.13 3844188 445403.2 20.54 350 25.75 0.13 81126 9615.3 20.54 106 6 198 25652 1452 47916 22.0 22.0 22.0 0.0
218700.0 310 11.44 0.05 82046 2837.03 0.36 15718 1071.02 0.13 3859906 446474.22 20.54 310 25.72 0.13 81436 9641.02 20.54 106 6 198 25758 1458 48114 22.0 22.0 22.0 0.0
219600.0 310 11.44 0.05 82356 2848.47 0.36 15713 1070.85 0.13 3875619 447545.06 20.54 310 25.72 0.13 81746 9666.74 20.54 106 6 198 25864 1464 48312 22.0 22.0 22.0 0.0
220500.0 376 11.58 0.05 82732 2860.05 0.36 15773 1070.8 0.13 3891392 448615.87 20.54 370 25.74 0.13 82116 9692.48 20.54 106 6 198 25970 1470 48510 22.0 22.0 22.0 0.0
221400.0 354 12.22 0.36 83086 2872.27 0.36 15754 1074.08 0.13 3907146 449689.94 20.54 350 25.81 0.13 82466 9718.28 20.54 106 6 198 26076 1476 48708 19.8 22.0 21.98 0.02
222300.0 310 11.44 0.05 83396 2883.71 0.36 15802 1076.95 0.13 3922948 450766.89 20.54 310 25.8 0.13 82776 9744.09 20.54 106 6 198 26182 1482 48906 19.8 22.0 21.08 0.07
223200.0 310 11.44 0.05 83706 2895.15 0.36 15819 1077.3 0.13 3938767 451844.19 20.54 310 25.8 0.13 83086 9769.88 20.54 106 6 198 26288 1488 49104 19.8 22.0 20.57 0.14
224100.0 376 11.58 0.05 84082 2906.73 0.36 15879 1077.27 0.13 3954646 452921.45 20.54 370 25.82 0.13 83456 9795.7 20.54 106 6 198 26394 1494 49302 19.8 21.8 20.56 0.13
225000.0 354 12.22 0.36 84436 2918.94 0.36 15856 1076.13 0.13 3970502 453997.58 20.54 350 25.81 0.13 83806 9821.51 20.54 106 6 198 26500 1500 49500 19.8 21.8 20.56 0.13
225900.0 310 11.44 0.05 84746 2930.38 0.36 15822 1076.89 0.13 3986324 455074.47 20.54 310 25.79 0.13 84116 9847.3 20.54 106 6 198 26606 1506 49698 19.8 21.7 20.5 0.12
226800.0 310 11.44 0.05 85056 2941.82 0.36 15824 1077.0 0.13 4002148 456151.47 20.54 310 25.79 0.13 84426 9873.09 20.54 106 6 198 26712 1512 49896 19.8 21.7 20.46 0.14
227700.0 376 11.58 0.05 85432 2953.41 0.36 15883 1076.97 0.13 4018031 457228.43 20.54 370 25.81 0.13 84796 9898.9 20.54 106 6 198 26818 1518 50094 19.8 21.7 20.46 0.14
228600.0 354 12.22 0.36 85786 2965.62 0.36 15855 1077.64 0.13 4033886 458306.07 20.54 350 25.84 0.13 85146 9924.74 20.54 106 6 198 26924 1524 50292 19.8 21.7 20.46 0.14
229500.0 310 11.44 0.05 86096 2977.06 0.36 15820 1076.92 0.13 4049706 459382.99 20.54 310 25.79 0.13 85456 9950.53 20.54 106 6 198 27030 1530 50490 19.8 21.6 20.46 0.13
230400.0 310 11.44 0.05 86406 2988.5 0.36 15820 1076.97 0.13 4065526 460459.96 20.54 310 25.79 0.13 85766 9976.32 20.54 106 6 198 27136 1536 50688 19.9 21.6 20.45 0.14
231300.0 376 11.58 0.05 86782 3000.08 0.36 15879 1076.87 0.13 4081405 461536.83 20.54 370 25.81 0.13 86136 10002.13 20.54 106 6 198 27242 1542 50886 19.8 21.6 20.45 0.14
232200.0 354 12.22 0.36 87136 3012.3 0.36 15852 1076.87 0.13 4097257 462613.7 20.54 350 25.82 0.13 86486 10027.95 20.54 106 6 198 27348 1548 51084 19.8 21.6 20.45 0.14
233100.0 310 11.44 0.05 87446 3023.74 0.36 15815 1077.48 0.13 4113072 463691.18 20.54 310 25.81 0.13 86796 10053.76 20.54 106 6 198 27454 1554 51282 19.8 21.5 20.5 0.14
234000.0 310 11.44 0.05 87756 3035.18 0.36 15814 1077.53 0.13 4128886 464768.71 20.54 310 25.8 0.13 87106 10079.56 20.54 106 6 198 27560 1560 51480 19.8 21.5 20.49 0.15
234900.0 376 11.58 0.05 88132 3046.76 0.36 15874 1077.5 0.13 4144760 465846.21 20.54 370 25.82 0.13 87476 10105.38 20.54 106 6 198 27666 1566 51678 19.8 21.5 20.49 0.15
235800.0 354 12.22 0.36 88486 3058.97 0.36 15846 1075.84 0.13 4160606 466922.06 20.54 350 25.81 0.13 87826 10131.19 20.54 106 6 198 27772 1572 51876 19.8 21.5 20.49 0.15
236700.0 310 11.44 0.05 88796 3070.41 0.36 15811 1074.51 0.13 4176417 467996.56 20.54 310 25.75 0.13 88136 10156.94 20.54 106 6 198 27878 1578 52074 19.8 21.4 20.54 0.15
237600.0 310 11.44 0.05 89106 3081.85 0.36 15809 1074.45 0.13 4192226 469071.02 20.54 310 25.75 0.13 88446 10182.7 20.54 106 6 198 27984 1584 52272 19.8 21.4 20.55 0.14
238500.0 376 11.58 0.05 89482 3093.43 0.36 15868 1074.34 0.13 4208094 470145.36 20.54 370 25.77 0.13 88816 10208.46 20.54 106 6 198 28090 1590 52470 19.7 21.4 20.55 0.15
239400.0 354 12.22 0.36 89836 3105.64 0.36 15836 1075.42 0.13 4223930 471220.77 20.54 350 25.8 0.13 89166 10234.26 20.54 106 6 198 28196 1596 52668 19.7 21.4 20.55 0.15
240300.0 310 11.44 0.05 90146 3117.08 0.36 15799 1075.34 0.13 4239729 472296.11 20.54 310 25.77 0.13 89476 10260.03 20.54 106 6 198 28302 1602 52866 19.7 21.6 20.6 0.16
241200.0 310 11.44 0.05 90456 3128.52 0.36 15794 1075.27 0.13 4255523 473371.38 20.54 310 25.77 0.13 89786 10285.8 20.54 106 6 198 28408 1608 53064 19.7 21.6 20.6 0.16
242100.0 376 11.58 0.05 90832 3140.1 0.36 15853 1075.18 0.13 4271376 474446.55 20.54 370 25.78 0.13 90156 10311.58 20.54 106 6 198 28514 1614 53262 19.7 21.6 20.6 0.16
243000.0 354 12.22 0.36 91186 3152.32 0.36 15829 1075.29 0.13 4287205 475521.84 20.54 350 25.8 0.13 90506 10337.38 20.54 106 6 198 28620 1620 53460 19.7 21.6 20.6 0.16
243900.0 310 11.44 0.05 91496 3163.76 0.36 15796 1076.03 0.13 4303001 476597.87 20.54 310 25.78 0.13 90816 10363.16 20.54 106 6 198 28726 1626 53658 19.7 21.8 20.65 0.17
244800.0 310 11.44 0.05 91806 3175.2 0.36 15793 1076.08 0.13 4318794 477673.94 20.54 310 25.78 0.13 91126 10388.95 20.54 106 6 198 28832 1632 53856 19.7 21.8 20.64 0.17
245700.0 376 11.58 0.05 92182 3186.78 0.36 15852 1076.05 0.13 4334646 478749.99 20.54 370 25.8 0.13 91496 10414.75 20.54 106 6 198 28938 1638 54054 19.6 21.8 20.64 0.17
246600.0 354 12.22 0.36 92536 3199.0 0.36 15815 1075.78 0.13 4350461 479825.77 20.54 350 25.82 0.13 91846 10440.57 20.54 106 6 198 29044 1644 54252 19.6 21.8 20.64 0.17
247500.0 310 11.44 0.05 92846 3210.44 0.36 15796 1075.76 0.13 4366257 480901.52 20.54 310 25.79 0.13 92156 10466.35 20.54 106 6 198 29150 1650 54450 19.6 21.9 20.63 0.18
248400.0 310 11.44 0.05 93156 3221.88 0.36 15794 1075.81 0.13 4382051 481977.33 20.54 310 25.78 0.13 92466 10492.14 20.54 106 6 198 29256 1656 54648 19.6 21.9 20.63 0.18
249300.0 376 11.58 0.05 93532 3233.46 0.36 15848 1075.71 0.13 4397899 483053.04 20.54 370 25.8 0.13 92836 10517.94 20.54 106 6 198 29362 1662 54846 19.5 21.9 20.62 0.18
250200.0 354 12.22 0.36 93886 3245.67 0.36 15806 1075.11 0.13 4413705 484128.15 20.54 350 25.82 0.13 93186 10543.75 20.54 106 6 198 29468 1668 55044 19.5 21.9 20.63 0.18
251100.0 310 11.44 0.05 94196 3257.11 0.36 15785 1075.36 0.13 4429490 485203.52 20.54 310 25.78 0.13 93496 10569.54 20.54 106 6 198 29574 1674 55242 19.5 22.0 20.6 0.2
252000.0 310 11.44 0.05 94506 3268.55 0.36 15791 1075.54 0.13 4445281 486279.05 20.54 310 25.78 0.13 93806 10595.32 20.54 106 6 198 29680 1680 55440 19.5 22.0 20.56 0.22
252900.0 376 11.58 0.05 94882 3280.13 0.36 15851 1075.5 0.13 4461132 487354.55 20.54 370 25.8 0.13 94176 10621.12 20.54 106 6 198 29786 1686 55638 19.5 22.0 20.56 0.22
253800.0 354 12.22 0.36 95236 3292.35 0.36 15816 1074.9 0.13 4476948 488429.45 20.54 350 25.81 0.13 94526 10646.92 20.54 106 6 198 29892 1692 55836 19.5 22.0 20.56 0.22
254700.0 310 11.44 0.05 95546 3303.79 0.36 15818 1076.39 0.13 4492766 489505.84 20.54 310 25.78 0.13 94836 10672.71 20.54 106 6 198 29998 1698 56034 19.5 21.8 20.43 0.21
255600.0 310 11.44 0.05 95856 3315.23 0.36 15826 1076.57 0.13 4508592 490582.41 20.54 310 25.78 0.13 95146 10698.49 20.54 106 6 198 30104 1704 56232 19.5 21.8 20.4 0.23
256500.0 376 11.58 0.05 96232 3326.81 0.36 15886 1076.53 0.13 4524478 491658.94 20.54 370 25.8 0.13 95516 10724.29 20.54 106 6 198 30210 1710 56430 19.3 21.8 20.39 0.23
257400.0 354 12.22 0.36 96586 3339.03 0.36 15843 1075.74 0.13 4540321 492734.68 20.54 350 25.81 0.13 95866 10750.1 20.54 106 6 198 30316 1716 56628 19.3 21.8 20.39 0.23
258300.0 310 11.44 0.05 96896 3350.46 0.36 15833 1077.04 0.13 4556154 493811.72 20.54 310 25.8 0.13 96176 10775.9 20.54 106 6 198 30422 1722 56826 19.3 21.8 20.21 0.23
259200.0 310 11.44 0.05 97206 3361.9 0.36 15836 1077.1 0.13 4571990 494888.82 20.54 310 25.79 0.13 96486 10801.69 20.54 106 6 198 30528 1728 57024 19.3 21.6 20.15 0.26
260100.0 376 11.58 0.05 97582 3373.49 0.36 15895 1077.0 0.13 4587885 495965.81 20.54 370 25.81 0.13 96856 10827.5 20.54 106 6 198 30634 1734 57222 19.2 21.6 20.15 0.26
261000.0 356 12.29 0.36 97938 3385.78 0.36 16184 171317.52 20.52 4604069 667283.33 20.54 352 3318.77 20.52 97208 14146.28 20.54 106 6 198 30740 1740 57420 19.2 21.6 20.14 0.26
261900.0 310 11.44 0.05 98248 3397.22 0.36 15849 1075.87 0.13 4619918 668359.2 20.54 310 25.77 0.13 97518 14172.05 20.54 106 6 198 30846 1746 57618 18.9 21.6 19.65 0.22
262800.0 310 11.44 0.05 98558 3408.65 0.36 15851 1076.01 0.13 4635769 669435.21 20.54 310 25.77 0.13 97828 14197.82 20.54 106 6 198 30952 1752 57816 18.9 20.8 19.62 0.24
263700.0 376 11.58 0.05 98934 3420.23 0.36 15911 1075.95 0.13 4651680 670511.16 20.54 370 25.79 0.13 98198 14223.6 20.54 106 6 198 31058 1758 58014 18.9 20.8 19.62 0.24
264600.0 356 12.3 0.36 99290 3432.53 0.36 16198 171424.14 20.53 4667878 841935.3 20.54 352 3322.15 20.53 98550 17545.75 20.54 106 6 198 31164 1764 58212 18.4 21.0 19.61 0.26
265500.0 310 11.45 0.05 99600 3443.98 0.36 15914 1113.82 0.13 4683792 843049.11 20.54 310 26.46 0.13 98860 17572.22 20.54 106 6 198 31270 1770 58410 17.3 20.2 18.05 0.15
266400.0 310 11.45 0.05 99910 3455.44 0.36 15921 1114.1 0.13 4699713 844163.21 20.54 310 26.46 0.13 99170 17598.68 20.54 106 6 198 31376 1776 58608 17.3 18.9 17.81 0.03
267300.0 376 11.59 0.05 100286 3467.03 0.36 15981 1114.01 0.13 4715694 845277.22 20.54 370 26.48 0.13 99540 17625.16 20.54 106 6 198 31482 1782 58806 17.3 18.8 17.8 0.02
268200.0 356 12.31 0.36 100642 3479.34 0.36 16272 171435.79 20.53 4731966 1016713.01 20.54 352 3321.69 20.53 99892 20946.85 20.54 106 6 198 31588 1788 59004 17.3 21.0 17.81 0.06
269100.0 310 11.45 0.05 100952 3490.79 0.36 15920 1111.23 0.13 4747886 1017824.24 20.54 310 26.41 0.13 100202 20973.27 20.54 106 6 198 31694 1794 59202 17.3 18.7 17.77 0.02
270000.0 310 11.45 0.05 101262 3502.24 0.36 15921 1111.4 0.13 4763807 1018935.64 20.54 310 26.41 0.13 100512 20999.68 20.54 106 6 198 31800 1800 59400 17.3 18.7 17.76 0.02
270900.0 376 11.59 0.05 101638 3513.83 0.36 15980 1111.31 0.13 4779787 1020046.95 20.54 370 26.43 0.13 100882 21026.11 20.54 106 6 198 31906 1806 59598 17.3 18.7 17.76 0.02
271800.0 354 12.23 0.36 101992 3526.06 0.36 15958 1110.04 0.13 4795745 1021156.98 20.54 350 26.42 0.13 101232 21052.53 20.54 106 6 198 32012 1812 59796 17.3 18.7 17.76 0.02
272700.0 310 11.45 0.05 102302 3537.51 0.36 15918 1109.86 0.13 4811663 1022266.84 20.54 310 26.39 0.13 101542 21078.91 20.54 106 6 198 32118 1818 59994 17.3 18.6 17.74 0.02
273600.0 310 11.45 0.05 102612 3548.96 0.36 15918 1109.94 0.13 4827581 1023376.79 20.54 310 26.39 0.13 101852 21105.3 20.54 106 6 198 32224 1824 60192 17.3 18.6 17.73 0.02
274500.0 376 11.59 0.05 102988 3560.56 0.36 15976 1109.76 0.13 4843557 1024486.55 20.54 370 26.4 0.13 102222 21131.7 20.54 106 6 198 32330 1830 60390 17.3 18.6 17.73 0.02
275400.0 354 12.23 0.36 103342 3572.79 0.36 15955 1114.16 0.13 4859512 1025600.71 20.54 350 26.5 0.13 102572 21158.2 20.54 106 6 198 32436 1836 60588 17.3 18.6 17.73 0.02
276300.0 310 11.45 0.05 103652 3584.24 0.36 15916 1110.43 0.13 4875428 1026711.13 20.54 310 26.4 0.13 102882 21184.59 20.54 106 6 198 32542 1842 60786 17.3 18.5 17.72 0.02
277200.0 310 11.45 0.05 103962 3595.69 0.36 15915 1110.51 0.13 4891343 1027821.64 20.54 310 26.39 0.13 103192 21210.99 20.54 106 6 198 32648 1848 60984 17.3 18.5 17.7 0.02
278100.0 376 11.59 0.05 104338 3607.28 0.36 15975 1110.44 0.13 4907318 1028932.08 20.54 370 26.41 0.13 103562 21237.4 20.54 106 6 198 32754 1854 61182 17.3 18.5 17.7 0.02
279000.0 354 12.23 0.36 104692 3619.51 0.36 15953 1107.57 0.13 4923271 1030039.65 20.54 350 26.37 0.13 103912 21263.77 20.54 106 6 198 32860 1860 61380 17.3 18.5 17.71 0.02
279900.0 310 11.45 0.05 105002 3630.96 0.36 15914 1111.11 0.13 4939185 1031150.76 20.54 310 26.41 0.13 104222 21290.18 20.54 106 6 198 32966 1866 61578 17.3 18.4 17.69 0.02
280800.0 310 11.45 0.05 105312 3642.41 0.36 15915 1111.22 0.13 4955100 1032261.98 20.54 310 26.41 0.13 104532 21316.6 20.54 106 6 198 33072 1872 61776 17.3 18.4 17.68 0.02
281700.0 376 11.59 0.05 105688 3654.0 0.36 15971 1111.13 0.13 4971071 1033373.11 20.54 370 26.43 0.13 104902 21343.03 20.54 106 6 198 33178 1878 61974 17.3 18.4 17.68 0.02
282600.0 354 12.23 0.36 106042 3666.23 0.36 15949 1110.47 0.13 4987020 1034483.58 20.54 350 26.43 0.13 105252 21369.45 20.54 106 6 198 33284 1884 62172 17.3 18.4 17.68 0.02
283500.0 310 11.45 0.05 106352 3677.68 0.36 15913 1106.66 0.13 5002933 1035590.24 20.54 310 26.32 0.13 105562 21395.78 20.54 106 6 198 33390 1890 62370 17.3 18.3 17.67 0.01
284400.0 310 11.45 0.05 106662 3689.13 0.36 15911 1106.67 0.13 5018844 1036696.91 20.54 310 26.32 0.13 105872 21422.1 20.54 106 6 198 33496 1896 62568 17.3 18.3 17.67 0.01
285300.0 376 11.59 0.05 107038 3700.72 0.36 15968 1106.62 0.13 5034812 1037803.53 20.54 370 26.34 0.13 106242 21448.43 20.54 106 6 198 33602 1902 62766 17.3 18.3 17.67 0.01
286200.0 354 12.23 0.36 107392 3712.95 0.36 15944 1105.51 0.13 5050756 1038909.04 20.54 350 26.33 0.13 106592 21474.77 20.54 106 6 198 33708 1908 62964 17.3 18.3 17.67 0.01
287100.0 310 11.45 0.05 107702 3724.4 0.36 15900 1106.03 0.13 5066656 1040015.07 20.54 310 26.32 0.13 106902 21501.08 20.54 106 6 198 33814 1914 63162 17.3 18.2 17.66 0.01
288000.0 310 11.45 0.05 108012 3735.85 0.36 15900 1106.11 0.13 5082556 1041121.18 20.54 310 26.32 0.13 107212 21527.4 20.54 106 6 198 33920 1920 63360 17.3 18.2 17.66 0.01
288900.0 376 11.59 0.05 108388 3747.44 0.36 15960 1106.05 0.13 5098516 1042227.22 20.54 370 26.33 0.13 107582 21553.73 20.54 106 6 198 34026 1926 63558 17.3 18.2 17.66 0.01
289800.0 354 12.23 0.36 108742 3759.67 0.36 15938 1110.3 0.13 5114454 1043337.52 20.54 350 26.43 0.13 107932 21580.16 20.54 106 6 198 34132 1932 63756 17.3 18.2 17.66 0.01
290700.0 310 11.45 0.05 109052 3771.12 0.36 15899 1113.92 0.13 5130353 1044451.44 20.54 310 26.47 0.13 108242 21606.62 20.54 106 6 198 34238 1938 63954 17.3 18.1 17.66 0.01
291600.0 310 11.45 0.05 109362 3782.58 0.36 15899 1113.95 0.13 5146252 1045565.39 20.54 310 26.47 0.13 108552 21633.09 20.54 106 6 198 34344 1944 64152 17.3 18.1 17.66 0.01
292500.0 376 11.6 0.05 109738 3794.17 0.36 15954 1113.76 0.13 5162206 1046679.15 20.54 370 26.48 0.13 108922 21659.57 20.54 106 6 198 34450 1950 64350 17.3 18.1 17.66 0.01
293400.0 354 12.23 0.36 110092 3806.4 0.36 15934 1109.67 0.13 5178140 1047788.82 20.54 350 26.42 0.13 109272 21685.99 20.54 106 6 198 34556 1956 64548 17.3 18.1 17.66 0.01
294300.0 310 11.45 0.05 110402 3817.85 0.36 15899 1109.65 0.13 5194039 1048898.47 20.54 310 26.39 0.13 109582 21712.38 20.54 106 6 198 34662 1962 64746 17.4 18.0 17.66 0.01
295200.0 310 11.45 0.05 110712 3829.3 0.36 15898 1109.64 0.13 5209937 1050008.11 20.54 310 26.39 0.13 109892 21738.77 20.54 106 6 198 34768 1968 64944 17.4 18.0 17.66 0.01
296100.0 376 11.59 0.05 111088 3840.9 0.36 15958 1109.55 0.13 5225895 1051117.66 20.54 370 26.4 0.13 110262 21765.17 20.54 106 6 198 34874 1974 65142 17.4 18.0 17.66 0.01
297000.0 354 12.23 0.36 111442 3853.12 0.36 15931 1113.75 0.13 5241826 1052231.4 20.54 350 26.5 0.13 110612 21791.67 20.54 106 6 198 34980 1980 65340 17.4 18.0 17.66 0.01
297900.0 310 11.45 0.05 111752 3864.58 0.36 15889 1113.56 0.13 5257715 1053344.96 20.54 310 26.47 0.13 110922 21818.13 20.54 106 6 198 35086 1986 65538 17.4 18.0 17.66 0.01
298800.0 310 11.45 0.05 112062 3876.03 0.36 15888 1113.65 0.13 5273603 1054458.62 20.54 310 26.47 0.13 111232 21844.6 20.54 106 6 198 35192 1992 65736 17.4 18.0 17.66 0.01
299700.0 376 11.6 0.05 112438 3887.63 0.36 15948 1113.58 0.13 5289551 1055572.19 20.54 370 26.48 0.13 111602 21871.08 20.54 106 6 198 35298 1998 65934 17.4 18.0 17.66 0.01
300600.0 354 12.23 0.36 112792 3899.85 0.36 15919 1113.57 0.13 5305470 1056685.76 20.54 350 26.5 0.13 111952 21897.58 20.54 106 6 198 35404 2004 66132 17.4 18.0 17.66 0.01
301500.0 310 11.45 0.05 113102 3911.31 0.36 15883 1108.52 0.13 5321353 1057794.28 20.54 310 26.37 0.13 112262 21923.95 20.54 106 6 198 35510 2010 66330 17.4 17.9 17.67 0.01
302400.0 310 11.45 0.05 113412 3922.76 0.36 15885 1108.66 0.13 5337238 1058902.94 20.54 310 26.37 0.13 112572 21950.33 20.54 106 6 198 35616 2016 66528 17.4 17.9 17.66 0.01
303300.0 376 11.59 0.05 113788 3934.35 0.36 15941 1108.48 0.13 5353179 1060011.43 20.54 370 26.39 0.13 112942 21976.72 20.54 106 6 198 35722 2022 66726 17.4 17.9 17.66 0.01
304200.0 354 12.23 0.36 114142 3946.58 0.36 15916 1105.67 0.13 5369095 1061117.1 20.54 350 26.35 0.13 113292 22003.07 20.54 106 6 198 35828 2028 66924 17.4 17.9 17.66 0.01
305100.0 310 11.45 0.05 114452 3958.03 0.36 15877 1110.45 0.13 5384972 1062227.54 20.54 310 26.41 0.13 113602 22029.48 20.54 106 6 198 35934 2034 67122 17.4 17.8 17.66 0.01
306000.0 310 11.45 0.05 114762 3969.48 0.36 15876 1110.56 0.13 5400848 1063338.11 20.54 310 26.41 0.13 113912 22055.9 20.54 106 6 198 36040 2040 67320 17.4 17.9 17.66 0.01
306900.0 376 11.59 0.05 115138 3981.07 0.36 15936 1110.47 0.13 5416784 1064448.57 20.54 370 26.43 0.13 114282 22082.32 20.54 106 6 198 36146 2046 67518 17.4 17.9 17.66 0.01
307800.0 354 12.23 0.36 115492 3993.3 0.36 15911 1113.38 0.13 5432695 1065561.96 20.54 350 26.5 0.13 114632 22108.82 20.54 106 6 198 36252 2052 67716 17.4 17.9 17.66 0.01
308700.0 310 11.45 0.05 115802 4004.76 0.36 15872 1113.26 0.13 5448567 1066675.21 20.54 310 26.47 0.13 114942 22135.29 20.54 106 6 198 36358 2058 67914 17.4 17.9 17.68 0.01
309600.0 310 11.45 0.05 116112 4016.21 0.36 15879 1113.53 0.13 5464446 1067788.75 20.54 310 26.47 0.13 115252 22161.76 20.54 106 6 198 36464 2064 68112 17.4 17.9 17.68 0.01
310500.0 376 11.6 0.05 116488 4027.81 0.36 15937 1113.4 0.13 5480383 1068902.14 20.54 370 26.48 0.13 115622 22188.24 20.54 106 6 198 36570 2070 68310 17.4 17.9 17.68 0.01
311400.0 354 12.23 0.36 116842 4040.03 0.36 15905 1109.07 0.13 5496288 1070011.21 20.54 350 26.42 0.13 115972 22214.66 20.54 106 6 198 36676 2076 68508 17.4 18.0 17.68 0.01
312300.0 310 11.45 0.05 117152 4051.48 0.36 15862 1108.93 0.13 5512150 1071120.14 20.54 310 26.39 0.13 116282 22241.04 20.54 106 6 198 36782 2082 68706 17.4 18.0 17.68 0.01
313200.0 310 11.45 0.05 117462 4062.93 0.36 15863 1109.09 0.13 5528013 1072229.24 20.54 310 26.39 0.13 116592 22267.43 20.54 106 6 198 36888 2088 68904 17.3 18.0 17.68 0.01
314100.0 376 11.59 0.05 117838 4074.53 0.36 15920 1108.89 0.13 5543933 1073338.13 20.54 370 26.4 0.13 116962 22293.83 20.54 106 6 198 36994 2094 69102 17.3 18.0 17.68 0.01
315000.0 354 12.23 0.36 118192 4086.76 0.36 15892 1112.91 0.13 5559825 1074451.04 20.54 350 26.5 0.13 117312 22320.33 20.54 106 6 198 37100 2100 69300 17.3 18.1 17.69 0.01
315900.0 310 11.45 0.05 118502 4098.21 0.36 15861 1109.17 0.13 5575686 1075560.2 20.54 310 26.4 0.13 117622 22346.73 20.54 106 6 198 37206 2106 69498 17.3 18.1 17.7 0.01
316800.0 310 11.45 0.05 118812 4109.66 0.36 15861 1109.31 0.13 5591547 1076669.51 20.54 310 26.39 0.13 117932 22373.12 20.54 106 6 198 37312 2112 69696 17.3 18.1 17.7 0.01
317700.0 376 11.59 0.05 119188 4121.25 0.36 15917 1109.18 0.13 5607464 1077778.69 20.54 370 26.41 0.13 118302 22399.53 20.54 106 6 198 37418 2118 69894 17.3 18.1 17.7 0.01
318600.0 354 12.23 0.36 119542 4133.48 0.36 15877 1109.04 0.13 5623341 1078887.73 20.54 350 26.43 0.13 118652 22425.96 20.54 106 6 198 37524 2124 70092 17.3 18.2 17.7 0.02
319500.0 310 11.45 0.05 119852 4144.94 0.36 15842 1112.54 0.13 5639183 1080000.27 20.54 310 26.47 0.13 118962 22452.43 20.54 106 6 198 37630 2130 70290 17.3 18.2 17.71 0.02
320400.0 310 11.45 0.05 120162 4156.39 0.36 15838 1112.57 0.13 5655021 1081112.84 20.54 310 26.47 0.13 119272 22478.89 20.54 106 6 198 37736 2136 70488 17.3 18.2 17.71 0.02
321300.0 376 11.6 0.05 120538 4167.98 0.36 15898 1112.5 0.13 5670919 1082225.34 20.54 370 26.48 0.13 119642 22505.38 20.54 106 6 198 37842 2142 70686 17.3 18.2 17.71 0.02
322200.0 354 12.23 0.36 120892 4180.21 0.36 15866 1102.1 0.13 5686785 1083327.44 20.54 350 26.3 0.13 119992 22531.68 20.54 106 6 198 37948 2148 70884 17.3 18.2 17.71 0.02
323100.0 310 11.45 0.05 121202 4191.66 0.36 15832 1097.04 0.13 5702617 1084424.47 20.54 310 26.17 0.13 120302 22557.85 20.54 106 6 198 38054 2154 71082 17.3 18.2 17.72 0.02
324000.0 310 11.45 0.05 121512 4203.1 0.36 15836 1097.18 0.13 5718453 1085521.65 20.54 310 26.17 0.13 120612 22584.02 20.54 106 6 198 38160 2160 71280 17.3 18.2 17.72 0.02
324900.0 376 11.59 0.05 121888 4214.69 0.36 15890 1097.11 0.13 5734343 1086618.77 20.54 370 26.18 0.13 120982 22610.2 20.54 106 6 198 38266 2166 71478 17.3 18.2 17.72 0.02
325800.0 354 12.23 0.36 122242 4226.92 0.36 15858 1107.61 0.13 5750201 1087726.38 20.54 350 26.4 0.13 121332 22636.6 20.54 106 6 198 38372 2172 71676 17.3 18.3 17.72 0.02
326700.0 310 11.45 0.05 122552 4238.37 0.36 15822 1112.3 0.13 5766023 1088838.67 20.54 310 26.47 0.13 121642 22663.07 20.54 106 6 198 38478 2178 71874 17.3 18.3 17.73 0.02
327600.0 310 11.45 0.05 122862 4249.83 0.36 15818 1112.09 0.13 5781841 1089950.77 20.54 310 26.47 0.13 121952 22689.54 20.54 106 6 198 38584 2184 72072 17.2 18.3 17.73 0.03
328500.0 376 11.6 0.05 123238 4261.42 0.36 15876 1112.02 0.13 5797717 1091062.78 20.54 370 26.48 0.13 122322 22716.02 20.54 106 6 198 38690 2190 72270 17.2 18.3 17.73 0.03
329400.0 354 12.23 0.36 123592 4273.65 0.36 15847 1112.12 0.13 5813564 1092174.91 20.54 350 26.5 0.13 122672 22742.52 20.54 106 6 198 38796 2196 72468 17.2 18.4 17.73 0.03
330300.0 310 11.45 0.05 123902 4285.1 0.36 15818 1112.3 0.13 5829382 1093287.21 20.54 310 26.47 0.13 122982 22768.99 20.54 106 6 198 38902 2202 72666 17.2 18.4 17.75 0.03
331200.0 310 11.45 0.05 124212 4296.56 0.36 15819 1112.45 0.13 5845201 1094399.66 20.54 310 26.47 0.13 123292 22795.46 20.54 106 6 198 39008 2208 72864 17.2 18.4 17.75 0.03
332100.0 376 11.6 0.05 124588 4308.15 0.36 15875 1112.26 0.13 5861076 1095511.91 20.54 370 26.48 0.13 123662 22821.94 20.54 106 6 198 39114 2214 73062 17.2 18.4 17.75 0.03
333000.0 354 12.23 0.36 124942 4320.38 0.36 15823 1108.85 0.13 5876899 1096620.77 20.54 350 26.45 0.13 124012 22848.38 20.54 106 6 198 39220 2220 73260 17.2 18.5 17.75 0.03
333900.0 310 11.45 0.05 125252 4331.83 0.36 15784 1108.71 0.13 5892683 1097729.47 20.54 310 26.41 0.13 124322 22874.8 20.54 106 6 198 39326 2226 73458 17.2 18.5 17.76 0.03
334800.0 310 11.45 0.05 125562 4343.28 0.36 15786 1108.76 0.13 5908469 1098838.24 20.54 310 26.41 0.13 124632 22901.21 20.54 106 6 198 39432 2232 73656 17.2 18.5 17.76 0.04
335700.0 376 11.59 0.05 125938 4354.88 0.36 15837 1108.6 0.13 5924306 1099946.84 20.54 370 26.43 0.13 125002 22927.64 20.54 106 6 198 39538 2238 73854 17.2 18.5 17.76 0.04
336600.0 354 12.23 0.36 126292 4367.11 0.36 15793 1111.1 0.13 5940099 1101057.94 20.54 350 26.5 0.13 125352 22954.14 20.54 106 6 198 39644 2244 74052 17.2 18.5 17.76 0.04
337500.0 310 11.45 0.05 126602 4378.56 0.36 15764 1111.16 0.13 5955863 1102169.1 20.54 310 26.47 0.13 125662 22980.61 20.54 106 6 198 39750 2250 74250 17.2 18.5 17.77 0.04
338400.0 310 11.45 0.05 126912 4390.01 0.36 15767 1111.37 0.13 5971630 1103280.47 20.54 310 26.47 0.13 125972 23007.07 20.54 106 6 198 39856 2256 74448 17.2 18.5 17.78 0.04
339300.0 376 11.6 0.05 127288 4401.61 0.36 15822 1111.3 0.13 5987452 1104391.77 20.54 370 26.48 0.13 126342 23033.56 20.54 106 6 198 39962 2262 74646 17.2 18.5 17.78 0.04
340200.0 354 12.23 0.36 127642 4413.83 0.36 15766 1106.25 0.13 6003218 1105498.02 20.54 350 26.42 0.13 126692 23059.97 20.54 106 6 198 40068 2268 74844 17.2 18.5 17.78 0.04
341100.0 310 11.45 0.05 127952 4425.29 0.36 15717 1106.2 0.13 6018935 1106604.22 20.54 310 26.39 0.13 127002 23086.36 20.54 106 6 198 40174 2274 75042 17.2 18.5 17.78 0.04
342000.0 310 11.45 0.05 128262 4436.74 0.36 15712 1106.16 0.13 6034647 1107710.38 20.54 310 26.39 0.13 127312 23112.75 20.54 106 6 198 40280 2280 75240 17.2 18.5 17.78 0.04
342900.0 376 11.59 0.05 128638 4448.33 0.36 15769 1106.09 0.13 6050416 1108816.47 20.54 370 26.4 0.13 127682 23139.14 20.54 106 6 198 40386 2286 75438 17.2 18.5 17.78 0.04
343800.0 354 12.23 0.36 128992 4460.55 0.36 15737 1101.59 0.13 6066153 1109918.06 20.54 350 26.34 0.13 128032 23165.48 20.54 106 6 198 40492 2292 75636 17.2 18.6 17.78 0.04
344700.0 310 11.45 0.05 129302 4472.0 0.36 15703 1101.41 0.13 6081856 1111019.47 20.54 310 26.3 0.13 128342 23191.79 20.54 106 6 198 40598 2298 75834 17.2 18.6 17.78 0.04
345600.0 310 11.45 0.05 129612 4483.45 0.36 15700 1101.5 0.13 6097556 1112120.97 20.54 310 26.31 0.13 128652 23218.09 20.54 106 6 198 40704 2304 76032 17.2 18.6 17.78 0.04
