# seed = 9, gamma = 1.0, beta = 0.0, dee = 10.0, dcc = 5.0, dec = 300.0, dsCnd = 50.0, dLocalhost = 0.02, hostBroker = EDGE 
#
# The columns have the following meaning: 
# instant[SECONDS] commCountUploadPartial delaySumUploadPartial[SECONDS] delayMaxUploadPartial[SECONDS] commCountUploadTot delaySumUploadTot[SECONDS] delayMaxUploadTot[SECONDS] commCountDownloadPartial delaySumDownloadPartial[SECONDS] delayMaxDownloadPartial[SECONDS] commCountDownloadTot delaySumDownloadTot[SECONDS] delayMaxDownloadTot[SECONDS] commCountDownloadMaxPartial delaySumDownloadMaxPartial[SECONDS] delayMaxDownloadMaxPartial[SECONDS] commCountDownloadMaxTot delaySumDownloadMaxTot[SECONDS] delayMaxDownloadMaxTot[SECONDS] runOnCloudPartial runOnEdgePartial runOnSmartphonePartial runOnCloudTot runOnEdgeTot runOnSmartphoneTot minTemp maxTemp avgTemp varianceTemp
0.0 0 0.0 0.0 0 0.0 0.0 0 0.0 0.0 0 0.0 0.0 0 0.0 0.0 0 0.0 0.0 0 0 0 0 0 0 17.0 25.0 21.0 0.0
900.0 376 91.32 0.3 376 91.32 0.3 14874 4890.63 0.38 14874 4890.63 0.38 370 105.65 0.38 370 105.65 0.38 300 10 0 300 10 0 18.9 21.0 19.5 0.9
1800.0 356 92.04 0.36 732 183.35 0.36 15157 139506.32 19.36 30031 144396.95 19.36 352 2882.71 19.36 722 2988.35 19.36 300 10 0 600 20 0 18.8 21.0 18.91 0.01
2700.0 310 91.21 0.31 1042 274.56 0.36 14813 4936.16 0.39 44844 149333.11 19.36 310 106.62 0.39 1032 3094.97 19.36 300 10 0 900 30 0 17.7 21.0 18.44 0.05
3600.0 310 91.21 0.31 1352 365.77 0.36 14809 4934.87 0.39 59653 154267.97 19.36 310 106.62 0.39 1342 3201.59 19.36 300 10 0 1200 40 0 17.6 21.0 18.24 0.08
4500.0 376 91.35 0.31 1728 457.12 0.36 14865 4933.36 0.39 74518 159201.34 19.36 370 106.62 0.39 1712 3308.22 19.36 300 10 0 1500 50 0 17.6 21.0 18.24 0.08
5400.0 356 92.05 0.36 2084 549.17 0.36 15191 10967.3 19.46 89709 170168.64 19.46 352 126.18 19.46 2064 3434.39 19.46 300 10 0 1800 60 0 17.6 21.0 18.24 0.08
6300.0 310 91.22 0.31 2394 640.39 0.36 14879 4965.28 0.39 104588 175133.92 19.46 310 107.05 0.39 2374 3541.44 19.46 300 10 0 2100 70 0 17.6 21.0 18.25 0.07
7200.0 310 91.22 0.31 2704 731.6 0.36 14882 4966.41 0.39 119470 180100.33 19.46 310 107.05 0.39 2684 3648.5 19.46 300 10 0 2400 80 0 17.6 21.0 18.27 0.06
8100.0 376 91.36 0.31 3080 822.97 0.36 14942 4966.34 0.39 134412 185066.66 19.46 370 107.05 0.39 3054 3755.55 19.46 300 10 0 2700 90 0 17.6 21.0 18.27 0.06
9000.0 356 92.05 0.36 3436 915.02 0.36 15215 10973.88 19.42 149627 196040.55 19.46 352 126.29 19.42 3406 3881.84 19.46 300 10 0 3000 100 0 17.6 21.0 18.27 0.06
9900.0 310 91.21 0.31 3746 1006.23 0.36 14846 4944.04 0.39 164473 200984.58 19.46 310 106.74 0.39 3716 3988.58 19.46 300 10 0 3300 110 0 17.6 21.0 18.25 0.06
10800.0 310 91.21 0.31 4056 1097.44 0.36 14851 4945.88 0.39 179324 205930.46 19.46 310 106.74 0.39 4026 4095.31 19.46 300 10 0 3600 120 0 17.6 21.0 18.17 0.08
11700.0 376 91.35 0.31 4432 1188.79 0.36 14911 4945.79 0.39 194235 210876.25 19.46 370 106.74 0.39 4396 4202.05 19.46 300 10 0 3900 130 0 17.6 21.0 18.17 0.08
12600.0 354 91.99 0.36 4786 1280.78 0.36 14870 4942.34 0.39 209105 215818.59 19.46 350 106.82 0.39 4746 4308.87 19.46 300 10 0 4200 140 0 17.6 21.0 18.17 0.08
13500.0 310 91.21 0.31 5096 1371.99 0.36 14796 4930.35 0.39 223901 220748.94 19.46 310 106.82 0.39 5056 4415.69 19.46 300 10 0 4500 150 0 17.6 21.0 18.16 0.07
14400.0 310 91.21 0.31 5406 1463.2 0.36 14797 4930.79 0.39 238698 225679.73 19.46 310 106.82 0.39 5366 4522.51 19.46 300 10 0 4800 160 0 17.6 21.0 18.15 0.07
15300.0 376 91.36 0.31 5782 1554.56 0.36 14856 4930.35 0.39 253554 230610.09 19.46 370 106.82 0.39 5736 4629.33 19.46 300 10 0 5100 170 0 17.6 21.0 18.15 0.07
16200.0 354 91.99 0.36 6136 1646.55 0.36 14825 4925.87 0.39 268379 235535.96 19.46 350 106.81 0.39 6086 4736.13 19.46 300 10 0 5400 180 0 17.6 21.0 18.15 0.07
17100.0 310 91.21 0.31 6446 1737.76 0.36 14786 4917.72 0.39 283165 240453.68 19.46 310 106.62 0.39 6396 4842.76 19.46 300 10 0 5700 190 0 17.6 21.0 18.13 0.07
18000.0 310 91.21 0.31 6756 1828.96 0.36 14786 4917.79 0.39 297951 245371.47 19.46 310 106.62 0.39 6706 4949.38 19.46 300 10 0 6000 200 0 17.6 21.0 18.12 0.07
18900.0 376 91.35 0.31 7132 1920.31 0.36 14845 4917.37 0.39 312796 250288.84 19.46 370 106.62 0.39 7076 5056.01 19.46 300 10 0 6300 210 0 17.6 21.0 18.12 0.07
19800.0 354 91.98 0.36 7486 2012.3 0.36 14817 4914.3 0.39 327613 255203.14 19.46 350 106.62 0.39 7426 5162.62 19.46 300 10 0 6600 220 0 17.6 21.0 18.12 0.07
20700.0 310 91.21 0.31 7796 2103.51 0.36 14789 4922.42 0.39 342402 260125.56 19.46 310 106.7 0.39 7736 5269.32 19.46 300 10 0 6900 230 0 17.6 21.0 18.1 0.06
21600.0 310 91.21 0.31 8106 2194.72 0.36 14791 4923.2 0.39 357193 265048.76 19.46 310 106.7 0.39 8046 5376.03 19.46 300 10 0 7200 240 0 17.6 21.0 18.09 0.06
22500.0 376 91.35 0.31 8482 2286.07 0.36 14850 4922.78 0.39 372043 269971.54 19.46 370 106.7 0.39 8416 5482.73 19.46 300 10 0 7500 250 0 17.6 21.0 18.09 0.06
23400.0 354 91.99 0.36 8836 2378.06 0.36 14815 4921.65 0.39 386858 274893.19 19.46 350 106.79 0.39 8766 5589.52 19.46 300 10 0 7800 260 0 17.6 21.0 18.09 0.06
24300.0 310 91.22 0.31 9146 2469.28 0.36 14781 4928.23 0.39 401639 279821.42 19.46 310 106.88 0.39 9076 5696.4 19.46 300 10 0 8100 270 0 17.5 21.0 18.07 0.06
25200.0 310 91.22 0.31 9456 2560.49 0.36 14782 4928.67 0.39 416421 284750.09 19.46 310 106.89 0.39 9386 5803.29 19.46 300 10 0 8400 280 0 17.5 21.0 18.06 0.06
26100.0 376 91.36 0.31 9832 2651.85 0.36 14842 4928.59 0.39 431263 289678.68 19.46 370 106.89 0.39 9756 5910.17 19.46 300 10 0 8700 290 0 17.5 21.0 18.06 0.06
27000.0 354 91.99 0.36 10186 2743.85 0.36 14811 4924.82 0.39 446074 294603.5 19.46 350 106.89 0.39 10106 6017.06 19.46 300 10 0 9000 300 0 17.5 21.0 18.06 0.06
27900.0 310 91.21 0.31 10496 2835.06 0.36 14787 4926.59 0.39 460861 299530.09 19.46 310 106.8 0.39 10416 6123.87 19.46 300 10 0 9300 310 0 17.5 21.0 18.03 0.06
28800.0 310 91.21 0.31 10806 2926.27 0.36 14792 4928.42 0.39 475653 304458.51 19.46 310 106.81 0.39 10726 6230.67 19.46 300 10 0 9600 320 0 17.5 21.0 18.02 0.05
29700.0 376 91.36 0.31 11182 3017.63 0.36 14851 4927.99 0.39 490504 309386.5 19.46 370 106.81 0.39 11096 6337.48 19.46 300 10 0 9900 330 0 17.5 21.0 18.02 0.05
30600.0 354 91.99 0.36 11536 3109.62 0.36 14811 4921.07 0.39 505315 314307.57 19.46 350 106.81 0.39 11446 6444.29 19.46 300 10 0 10200 340 0 17.5 21.0 18.02 0.05
31500.0 310 91.22 0.31 11846 3200.83 0.36 14783 4928.93 0.39 520098 319236.5 19.46 310 106.88 0.39 11756 6551.17 19.46 300 10 0 10500 350 0 17.4 21.0 17.99 0.06
32400.0 310 91.22 0.31 12156 3292.05 0.36 14787 4930.42 0.39 534885 324166.92 19.46 310 106.89 0.39 12066 6658.06 19.46 300 10 0 10800 360 0 17.4 21.0 17.98 0.06
33300.0 376 91.36 0.31 12532 3383.41 0.36 14847 4930.34 0.39 549732 329097.26 19.46 370 106.89 0.39 12436 6764.94 19.46 300 10 0 11100 370 0 17.4 21.0 17.98 0.06
34200.0 354 91.99 0.36 12886 3475.4 0.36 14806 4923.07 0.39 564538 334020.33 19.46 350 106.89 0.39 12786 6871.83 19.46 300 10 0 11400 380 0 17.4 21.0 17.98 0.06
35100.0 310 91.22 0.31 13196 3566.62 0.36 14772 4925.09 0.39 579310 338945.41 19.46 310 106.88 0.39 13096 6978.72 19.46 300 10 0 11700 390 0 17.4 21.0 17.95 0.06
36000.0 310 91.22 0.31 13506 3657.84 0.36 14787 4930.42 0.39 594097 343875.83 19.46 310 106.89 0.39 13406 7085.6 19.46 300 10 0 12000 400 0 17.4 21.0 17.94 0.06
36900.0 376 91.36 0.31 13882 3749.2 0.36 14847 4930.34 0.39 608944 348806.17 19.46 370 106.89 0.39 13776 7192.49 19.46 300 10 0 12300 410 0 17.4 21.0 17.94 0.06
37800.0 354 91.99 0.36 14236 3841.18 0.36 14808 4916.8 0.39 623752 353722.96 19.46 350 106.74 0.39 14126 7299.23 19.46 300 10 0 12600 420 0 17.4 21.0 17.94 0.06
38700.0 310 91.21 0.31 14546 3932.39 0.36 14770 4917.41 0.39 638522 358640.38 19.46 310 106.73 0.39 14436 7405.96 19.46 300 10 0 12900 430 0 17.3 21.0 17.91 0.06
39600.0 310 91.21 0.31 14856 4023.6 0.36 14779 4920.64 0.39 653301 363561.02 19.46 310 106.74 0.39 14746 7512.7 19.46 300 10 0 13200 440 0 17.3 21.0 17.9 0.07
40500.0 376 91.35 0.31 15232 4114.95 0.36 14838 4920.21 0.39 668139 368481.23 19.46 370 106.74 0.39 15116 7619.44 19.46 300 10 0 13500 450 0 17.3 21.0 17.9 0.07
41400.0 354 91.99 0.36 15586 4206.95 0.36 14801 4921.32 0.39 682940 373402.55 19.46 350 106.89 0.39 15466 7726.33 19.46 300 10 0 13800 460 0 17.3 21.0 17.9 0.07
42300.0 310 91.21 0.31 15896 4298.16 0.36 14781 4923.68 0.39 697721 378326.23 19.46 310 106.79 0.39 15776 7833.11 19.46 300 10 0 14100 470 0 17.3 21.0 17.87 0.07
43200.0 310 91.21 0.31 16206 4389.37 0.36 14791 4927.25 0.39 712512 383253.48 19.46 310 106.79 0.39 16086 7939.9 19.46 300 10 0 14400 480 0 17.2 21.0 17.86 0.08
44100.0 376 91.36 0.31 16582 4480.73 0.36 14851 4927.18 0.39 727363 388180.66 19.46 370 106.79 0.39 16456 8046.69 19.46 300 10 0 14700 490 0 17.2 21.0 17.86 0.08
45000.0 354 91.99 0.36 16936 4572.72 0.36 14802 4917.1 0.39 742165 393097.76 19.46 350 106.79 0.39 16806 8153.48 19.46 300 10 0 15000 500 0 17.2 21.0 17.86 0.08
45900.0 310 91.21 0.31 17246 4663.93 0.36 14773 4922.12 0.39 756938 398019.88 19.46 310 106.81 0.39 17116 8260.29 19.46 300 10 0 15300 510 0 17.2 21.0 17.83 0.08
46800.0 310 91.21 0.31 17556 4755.15 0.36 14781 4925.0 0.39 771719 402944.88 19.46 310 106.82 0.39 17426 8367.11 19.46 300 10 0 15600 520 0 17.2 21.0 17.82 0.09
47700.0 376 91.36 0.31 17932 4846.5 0.36 14841 4924.92 0.39 786560 407869.8 19.46 370 106.81 0.39 17796 8473.92 19.46 300 10 0 15900 530 0 17.2 21.0 17.82 0.09
48600.0 354 91.99 0.36 18286 4938.49 0.36 14797 4916.6 0.39 801357 412786.4 19.46 350 106.82 0.39 18146 8580.74 19.46 300 10 0 16200 540 0 17.2 21.0 17.82 0.09
49500.0 310 91.22 0.31 18596 5029.71 0.36 14777 4926.83 0.39 816134 417713.24 19.46 310 106.88 0.39 18456 8687.62 19.46 300 10 0 16500 550 0 17.1 21.0 17.79 0.1
50400.0 310 91.22 0.31 18906 5120.93 0.36 14794 4932.87 0.39 830928 422646.11 19.46 310 106.89 0.39 18766 8794.51 19.46 300 10 0 16800 560 0 17.1 21.0 17.77 0.11
51300.0 376 91.36 0.31 19282 5212.29 0.36 14853 4932.44 0.39 845781 427578.54 19.46 370 106.89 0.39 19136 8901.4 19.46 300 10 0 17100 570 0 17.1 21.0 17.77 0.11
52200.0 354 91.99 0.36 19636 5304.28 0.36 14810 4924.47 0.39 860591 432503.01 19.46 350 106.89 0.39 19486 9008.29 19.46 300 10 0 17400 580 0 17.1 21.0 17.77 0.11
53100.0 310 91.22 0.31 19946 5395.5 0.36 14761 4921.24 0.39 875352 437424.25 19.46 310 106.88 0.39 19796 9115.17 19.46 300 10 0 17700 590 0 17.1 21.0 17.76 0.11
54000.0 310 91.22 0.31 20256 5486.71 0.36 14764 4922.37 0.39 890116 442346.62 19.46 310 106.89 0.39 20106 9222.06 19.46 300 10 0 18000 600 0 17.1 21.0 17.75 0.11
54900.0 376 91.36 0.31 20632 5578.07 0.36 14818 4920.19 0.39 904934 447266.8 19.46 370 106.89 0.39 20476 9328.94 19.46 300 10 0 18300 610 0 17.1 21.0 17.75 0.11
55800.0 354 91.99 0.36 20986 5670.06 0.36 14788 4916.77 0.39 919722 452183.57 19.46 350 106.89 0.39 20826 9435.83 19.46 300 10 0 18600 620 0 17.1 21.0 17.75 0.11
56700.0 310 91.22 0.31 21296 5761.28 0.36 14765 4922.64 0.39 934487 457106.21 19.46 310 106.88 0.39 21136 9542.71 19.46 300 10 0 18900 630 0 17.1 21.0 17.72 0.12
57600.0 310 91.22 0.31 21606 5852.5 0.36 14778 4927.27 0.39 949265 462033.48 19.46 310 106.89 0.39 21446 9649.6 19.46 300 10 0 19200 640 0 17.1 21.0 17.72 0.13
58500.0 376 91.36 0.31 21982 5943.86 0.36 14838 4927.19 0.39 964103 466960.66 19.46 370 106.89 0.39 21816 9756.49 19.46 300 10 0 19500 650 0 17.1 21.0 17.72 0.13
59400.0 354 91.99 0.36 22336 6035.85 0.36 14790 4914.34 0.39 978893 471875.0 19.46 350 106.82 0.39 22166 9863.31 19.46 300 10 0 19800 660 0 17.1 21.0 17.72 0.13
60300.0 310 91.21 0.31 22646 6127.06 0.36 14759 4917.4 0.39 993652 476792.41 19.46 310 106.82 0.39 22476 9970.13 19.46 300 10 0 20100 670 0 17.0 21.0 17.69 0.14
61200.0 310 91.21 0.31 22956 6218.27 0.36 14774 4922.74 0.39 1008426 481715.14 19.46 310 106.82 0.39 22786 10076.95 19.46 300 10 0 20400 680 0 17.0 21.0 17.68 0.14
62100.0 376 91.36 0.31 23332 6309.63 0.36 14831 4921.6 0.39 1023257 486636.75 19.46 370 106.82 0.39 23156 10183.77 19.46 300 10 0 20700 690 0 17.0 21.0 17.68 0.14
63000.0 354 91.98 0.36 23686 6401.61 0.36 14788 4906.1 0.39 1038045 491542.85 19.46 350 106.66 0.39 23506 10290.43 19.46 300 10 0 21000 700 0 17.0 21.0 17.68 0.14
63900.0 310 91.2 0.31 23996 6492.82 0.36 14749 4903.1 0.39 1052794 496445.95 19.46 310 106.59 0.39 23816 10397.01 19.46 300 10 0 21300 710 0 17.0 21.0 17.67 0.15
64800.0 310 91.2 0.31 24306 6584.02 0.36 14753 4904.63 0.39 1067547 501350.58 19.46 310 106.59 0.39 24126 10503.6 19.46 300 10 0 21600 720 0 17.0 21.0 17.66 0.15
65700.0 376 91.34 0.31 24682 6675.37 0.36 14813 4904.5 0.39 1082360 506255.08 19.46 370 106.59 0.39 24496 10610.19 19.46 300 10 0 21900 730 0 17.0 21.0 17.66 0.15
66600.0 354 91.98 0.36 25036 6767.35 0.36 14775 4898.61 0.39 1097135 511153.69 19.46 350 106.6 0.39 24846 10716.79 19.46 300 10 0 22200 740 0 17.0 21.0 17.66 0.15
67500.0 310 91.2 0.31 25346 6858.55 0.36 14734 4890.09 0.39 1111869 516043.78 19.46 310 106.42 0.39 25156 10823.21 19.46 300 10 0 22500 750 0 17.0 21.0 17.65 0.16
68400.0 310 91.2 0.31 25656 6949.75 0.36 14741 4892.66 0.39 1126610 520936.44 19.46 310 106.43 0.39 25466 10929.63 19.46 300 10 0 22800 760 0 17.0 21.0 17.65 0.16
69300.0 376 91.34 0.31 26032 7041.09 0.36 14800 4892.19 0.39 1141410 525828.63 19.46 370 106.43 0.39 25836 11036.06 19.46 300 10 0 23100 770 0 17.0 21.0 17.65 0.16
70200.0 354 91.98 0.36 26386 7133.07 0.36 14763 4894.85 0.39 1156173 530723.48 19.46 350 106.61 0.39 26186 11142.67 19.46 300 10 0 23400 780 0 17.0 21.0 17.65 0.16
71100.0 310 91.2 0.31 26696 7224.28 0.36 14734 4897.33 0.39 1170907 535620.81 19.46 310 106.57 0.39 26496 11249.24 19.46 300 10 0 23700 790 0 17.0 21.0 17.63 0.16
72000.0 310 91.2 0.31 27006 7315.48 0.36 14743 4900.59 0.39 1185650 540521.4 19.46 310 106.58 0.39 26806 11355.82 19.46 300 10 0 24000 800 0 17.0 21.0 17.63 0.17
72900.0 376 91.34 0.31 27382 7406.83 0.36 14801 4899.79 0.39 1200451 545421.19 19.46 370 106.58 0.39 27176 11462.39 19.46 300 10 0 24300 810 0 17.0 21.0 17.63 0.17
73800.0 354 91.98 0.36 27736 7498.81 0.36 14764 4893.94 0.39 1215215 550315.13 19.46 350 106.58 0.39 27526 11568.97 19.46 300 10 0 24600 820 0 17.0 21.0 17.63 0.17
74700.0 310 91.21 0.31 28046 7590.02 0.36 14723 4898.05 0.39 1229938 555213.18 19.46 310 106.67 0.39 27836 11675.65 19.46 300 10 0 24900 830 0 17.0 21.0 17.62 0.17
75600.0 310 91.21 0.31 28356 7681.22 0.36 14720 4897.12 0.39 1244658 560110.3 19.46 310 106.68 0.39 28146 11782.32 19.46 300 10 0 25200 840 0 17.0 21.0 17.62 0.17
76500.0 376 91.35 0.31 28732 7772.57 0.36 14779 4896.65 0.39 1259437 565006.95 19.46 370 106.67 0.39 28516 11889.0 19.46 300 10 0 25500 850 0 17.0 21.0 17.62 0.17
77400.0 354 91.98 0.36 29086 7864.56 0.36 14750 4889.58 0.39 1274187 569896.53 19.46 350 106.59 0.39 28866 11995.59 19.46 300 10 0 25800 860 0 17.0 21.0 17.62 0.17
78300.0 310 91.2 0.31 29396 7955.76 0.36 14710 4889.45 0.39 1288897 574785.98 19.46 310 106.59 0.39 29176 12102.17 19.46 300 10 0 26100 870 0 17.0 21.0 17.61 0.17
79200.0 310 91.2 0.31 29706 8046.96 0.36 14717 4892.03 0.39 1303614 579678.01 19.46 310 106.59 0.39 29486 12208.76 19.46 300 10 0 26400 880 0 17.0 21.0 17.61 0.17
80100.0 376 91.34 0.31 30082 8138.31 0.36 14777 4891.9 0.39 1318391 584569.92 19.46 370 106.59 0.39 29856 12315.35 19.46 300 10 0 26700 890 0 17.0 21.0 17.61 0.17
81000.0 354 91.98 0.36 30436 8230.29 0.36 14748 4890.98 0.39 1333139 589460.9 19.46 350 106.64 0.39 30206 12421.99 19.46 300 10 0 27000 900 0 17.0 21.0 17.61 0.17
81900.0 310 91.21 0.31 30746 8321.5 0.36 14710 4895.01 0.39 1347849 594355.91 19.46 310 106.7 0.39 30516 12528.69 19.46 300 10 0 27300 910 0 17.0 21.0 17.61 0.17
82800.0 310 91.21 0.31 31056 8412.71 0.36 14713 4896.2 0.39 1362562 599252.11 19.46 310 106.71 0.39 30826 12635.4 19.46 300 10 0 27600 920 0 17.0 21.0 17.61 0.16
83700.0 376 91.35 0.31 31432 8504.06 0.36 14771 4895.36 0.39 1377333 604147.47 19.46 370 106.71 0.39 31196 12742.11 19.46 300 10 0 27900 930 0 17.0 21.0 17.61 0.16
84600.0 354 91.99 0.36 31786 8596.05 0.36 14741 4892.01 0.39 1392074 609039.48 19.46 350 106.71 0.39 31546 12848.82 19.46 300 10 0 28200 940 0 17.0 21.0 17.61 0.16
85500.0 310 91.21 0.31 32096 8687.26 0.36 14712 4892.39 0.39 1406786 613931.87 19.46 310 106.63 0.39 31856 12955.45 19.46 300 10 0 28500 950 0 17.0 21.0 17.62 0.16
86400.0 310 91.21 0.31 32406 8778.46 0.36 14707 4890.79 0.39 1421493 618822.65 19.46 310 106.64 0.39 32166 13062.09 19.46 300 10 0 28800 960 0 17.0 21.0 17.62 0.15
87300.0 376 91.35 0.31 32782 8869.81 0.36 14767 4890.64 0.39 1436260 623713.29 19.46 370 106.64 0.39 32536 13168.73 19.46 300 10 0 29100 970 0 17.0 21.0 17.62 0.15
88200.0 354 91.99 0.36 33136 8961.8 0.36 14734 4894.55 0.39 1450994 628607.84 19.46 350 106.82 0.39 32886 13275.54 19.46 300 10 0 29400 980 0 17.0 21.0 17.62 0.15
89100.0 310 91.22 0.31 33446 9053.02 0.36 14762 4921.58 0.39 1465756 633529.43 19.46 310 106.88 0.39 33196 13382.43 19.46 300 10 0 29700 990 0 17.1 21.0 17.65 0.12
90000.0 310 91.22 0.31 33756 9144.23 0.36 14792 4932.17 0.39 1480548 638461.6 19.46 310 106.89 0.39 33506 13489.32 19.46 300 10 0 30000 1000 0 17.1 21.0 17.7 0.09
90900.0 376 91.36 0.31 34132 9235.59 0.36 14852 4932.09 0.39 1495400 643393.68 19.46 370 106.89 0.39 33876 13596.2 19.46 300 10 0 30300 1010 0 17.1 21.0 17.7 0.09
91800.0 354 91.98 0.36 34486 9327.58 0.36 14801 4910.34 0.39 1510201 648304.02 19.46 350 106.65 0.39 34226 13702.85 19.46 300 10 0 30600 1020 0 17.1 21.0 17.71 0.09
92700.0 310 91.2 0.31 34796 9418.78 0.36 14829 4922.46 0.39 1525030 653226.48 19.46 310 106.4 0.39 34536 13809.26 19.46 300 10 0 30900 1030 0 17.1 23.8 19.4 2.35
93600.0 310 91.2 0.31 35106 9509.98 0.36 14832 4923.63 0.39 1539862 658150.11 19.46 310 106.41 0.39 34846 13915.67 19.46 300 10 0 31200 1040 0 17.1 23.8 20.49 5.22
94500.0 376 91.34 0.31 35482 9601.32 0.36 14891 4923.16 0.39 1554753 663073.27 19.46 370 106.41 0.39 35216 14022.07 19.46 300 10 0 31500 1050 0 17.1 23.8 20.49 5.22
95400.0 354 91.98 0.36 35836 9693.3 0.36 14869 4922.58 0.39 1569622 667995.85 19.46 350 106.41 0.39 35566 14128.48 19.46 300 10 0 31800 1060 0 17.1 23.8 20.49 5.21
96300.0 310 91.2 0.31 36146 9784.5 0.36 14827 4921.76 0.39 1584449 672917.61 19.46 310 106.4 0.39 35876 14234.89 19.46 300 10 0 32100 1070 0 17.1 24.0 20.82 5.13
97200.0 310 91.2 0.31 36456 9875.7 0.36 14823 4920.48 0.39 1599272 677838.08 19.46 310 106.41 0.39 36186 14341.29 19.46 300 10 0 32400 1080 0 17.4 24.0 20.99 5.12
98100.0 376 91.34 0.31 36832 9967.04 0.36 14880 4919.31 0.39 1614152 682757.39 19.46 370 106.41 0.39 36556 14447.7 19.46 300 10 0 32700 1090 0 17.4 24.0 20.99 5.12
99000.0 354 91.97 0.36 37186 10059.01 0.36 14856 4911.62 0.39 1629008 687669.01 19.46 350 106.27 0.39 36906 14553.97 19.46 300 10 0 33000 1100 0 17.4 24.0 20.99 5.12
99900.0 310 91.19 0.31 37496 10150.21 0.36 14817 4911.88 0.39 1643825 692580.89 19.46 310 106.27 0.39 37216 14660.24 19.46 300 10 0 33300 1110 0 17.5 24.0 21.22 4.49
100800.0 310 91.19 0.31 37806 10241.4 0.36 14820 4913.02 0.39 1658645 697493.91 19.46 310 106.27 0.39 37526 14766.51 19.46 300 10 0 33600 1120 0 17.8 24.0 21.35 4.24
101700.0 376 91.34 0.31 38182 10332.74 0.36 14880 4912.93 0.39 1673525 702406.84 19.46 370 106.27 0.39 37896 14872.79 19.46 300 10 0 33900 1130 0 17.8 24.0 21.35 4.24
102600.0 354 91.97 0.36 38536 10424.71 0.36 14851 4908.1 0.39 1688376 707314.94 19.46 350 106.23 0.39 38246 14979.02 19.46 300 10 0 34200 1140 0 17.8 24.0 21.36 4.24
103500.0 310 91.19 0.31 38846 10515.9 0.36 14812 4908.34 0.39 1703188 712223.28 19.46 310 106.23 0.39 38556 15085.25 19.46 300 10 0 34500 1150 0 18.0 24.0 21.51 3.65
104400.0 310 91.19 0.31 39156 10607.1 0.36 14815 4909.5 0.39 1718003 717132.78 19.46 310 106.23 0.39 38866 15191.48 19.46 300 10 0 34800 1160 0 18.5 24.0 21.66 3.38
105300.0 376 91.34 0.31 39532 10698.43 0.36 14872 4908.34 0.39 1732875 722041.12 19.46 370 106.23 0.39 39236 15297.72 19.46 300 10 0 35100 1170 0 18.5 24.0 21.66 3.38
106200.0 354 91.97 0.36 39886 10790.4 0.36 14852 4905.77 0.39 1747727 726946.9 19.46 350 106.19 0.39 39586 15403.9 19.46 300 10 0 35400 1180 0 18.5 24.0 21.66 3.38
107100.0 310 91.18 0.3 40196 10881.59 0.36 14812 4897.23 0.39 1762539 731844.13 19.46 310 106.01 0.39 39896 15509.91 19.46 300 10 0 35700 1190 0 18.8 24.0 21.65 3.18
108000.0 310 91.18 0.3 40506 10972.77 0.36 14811 4896.87 0.39 1777350 736741.0 19.46 310 106.0 0.39 40206 15615.92 19.46 300 10 0 36000 1200 0 18.9 24.0 21.67 3.13
108900.0 376 91.33 0.3 40882 11064.1 0.36 14867 4895.48 0.39 1792217 741636.48 19.46 370 106.01 0.39 40576 15721.93 19.46 300 10 0 36300 1210 0 18.9 24.0 21.67 3.13
109800.0 354 91.96 0.36 41236 11156.06 0.36 14844 4894.42 0.39 1807061 746530.91 19.46 350 106.01 0.39 40926 15827.93 19.46 300 10 0 36600 1220 0 18.9 24.0 21.67 3.13
110700.0 310 91.18 0.3 41546 11247.24 0.36 14801 4893.38 0.39 1821862 751424.29 19.46 310 106.01 0.39 41236 15933.94 19.46 300 10 0 36900 1230 0 18.9 24.0 21.56 3.05
111600.0 310 91.18 0.3 41856 11338.42 0.36 14799 4892.67 0.39 1836661 756316.96 19.46 310 106.0 0.39 41546 16039.94 19.46 300 10 0 37200 1240 0 18.9 23.9 21.5 2.91
112500.0 376 91.33 0.3 42232 11429.75 0.36 14857 4891.98 0.39 1851518 761208.94 19.46 370 106.01 0.39 41916 16145.95 19.46 300 10 0 37500 1250 0 18.9 23.9 21.5 2.91
113400.0 354 91.96 0.36 42586 11521.71 0.36 14830 4889.52 0.39 1866348 766098.46 19.46 350 106.01 0.39 42266 16251.96 19.46 300 10 0 37800 1260 0 18.9 23.9 21.5 2.91
114300.0 310 91.18 0.3 42896 11612.9 0.36 14800 4893.03 0.39 1881148 770991.49 19.46 310 106.01 0.39 42576 16357.97 19.46 300 10 0 38100 1270 0 18.9 24.0 22.87 0.87
115200.0 310 91.18 0.3 43206 11704.08 0.36 14801 4893.37 0.39 1895949 775884.87 19.46 310 106.0 0.39 42886 16463.97 19.46 300 10 0 38400 1280 0 21.0 24.0 23.5 0.05
116100.0 376 91.33 0.3 43582 11795.41 0.36 14859 4892.68 0.39 1910808 780777.55 19.46 370 106.01 0.39 43256 16569.98 19.46 300 10 0 38700 1290 0 21.0 24.0 23.5 0.05
117000.0 354 91.96 0.36 43936 11887.37 0.36 14837 4891.97 0.39 1925645 785669.52 19.46 350 106.01 0.39 43606 16675.99 19.46 300 10 0 39000 1300 0 21.0 24.0 23.5 0.05
117900.0 310 91.18 0.3 44246 11978.55 0.36 14797 4891.98 0.39 1940442 790561.5 19.46 310 106.01 0.39 43916 16782.0 19.46 300 10 0 39300 1310 0 21.0 24.0 23.54 0.04
118800.0 310 91.18 0.3 44556 12069.74 0.36 14797 4891.97 0.39 1955239 795453.47 19.46 310 106.0 0.39 44226 16888.0 19.46 300 10 0 39600 1320 0 21.0 24.0 23.59 0.04
119700.0 376 91.33 0.3 44932 12161.06 0.36 14856 4891.63 0.39 1970095 800345.11 19.46 370 106.01 0.39 44596 16994.01 19.46 300 10 0 39900 1330 0 21.0 24.0 23.59 0.04
120600.0 354 91.96 0.36 45286 12253.02 0.36 14836 4891.62 0.39 1984931 805236.73 19.46 350 106.01 0.39 44946 17100.02 19.46 300 10 0 40200 1340 0 21.0 24.0 23.59 0.04
121500.0 310 91.18 0.3 45596 12344.21 0.36 14794 4890.93 0.39 1999725 810127.66 19.46 310 106.01 0.39 45256 17206.03 19.46 300 10 0 40500 1350 0 21.0 24.0 23.63 0.03
122400.0 310 91.18 0.3 45906 12435.39 0.36 14790 4889.52 0.39 2014515 815017.18 19.46 310 106.0 0.39 45566 17312.03 19.46 300 10 0 40800 1360 0 21.0 24.0 23.65 0.03
123300.0 376 91.33 0.3 46282 12526.72 0.36 14850 4889.53 0.39 2029365 819906.71 19.46 370 106.01 0.39 45936 17418.04 19.46 300 10 0 41100 1370 0 21.0 24.0 23.65 0.03
124200.0 354 91.96 0.36 46636 12618.68 0.36 14830 4889.52 0.39 2044195 824796.24 19.46 350 106.01 0.39 46286 17524.05 19.46 300 10 0 41400 1380 0 21.0 24.0 23.65 0.03
125100.0 310 91.18 0.3 46946 12709.86 0.36 14790 4889.53 0.39 2058985 829685.77 19.46 310 106.01 0.39 46596 17630.05 19.46 300 10 0 41700 1390 0 21.0 24.0 23.69 0.03
126000.0 310 91.18 0.3 47256 12801.05 0.36 14790 4889.52 0.39 2073775 834575.29 19.46 310 106.0 0.39 46906 17736.06 19.46 300 10 0 42000 1400 0 21.0 24.0 23.71 0.03
126900.0 376 91.33 0.3 47632 12892.37 0.36 14850 4889.53 0.39 2088625 839464.82 19.46 370 106.01 0.39 47276 17842.07 19.46 300 10 0 42300 1410 0 21.0 24.0 23.71 0.03
127800.0 354 91.96 0.36 47986 12984.33 0.36 14824 4887.42 0.39 2103449 844352.24 19.46 350 106.01 0.39 47626 17948.08 19.46 300 10 0 42600 1420 0 21.0 24.0 23.71 0.03
128700.0 310 91.18 0.3 48296 13075.52 0.36 14784 4887.43 0.39 2118233 849239.67 19.46 310 106.01 0.39 47936 18054.08 19.46 300 10 0 42900 1430 0 21.0 24.0 23.75 0.03
129600.0 310 91.18 0.3 48606 13166.7 0.36 14782 4886.72 0.39 2133015 854126.4 19.46 310 106.0 0.39 48246 18160.09 19.46 300 10 0 43200 1440 0 21.0 24.0 23.76 0.03
130500.0 376 91.33 0.3 48982 13258.03 0.36 14842 4886.73 0.39 2147857 859013.13 19.46 370 106.01 0.39 48616 18266.1 19.46 300 10 0 43500 1450 0 21.0 24.0 23.76 0.03
131400.0 354 91.96 0.36 49336 13349.99 0.36 14822 4886.72 0.39 2162679 863899.85 19.46 350 106.01 0.39 48966 18372.1 19.46 300 10 0 43800 1460 0 21.0 24.0 23.76 0.03
132300.0 310 91.18 0.3 49646 13441.17 0.36 14781 4886.38 0.39 2177460 868786.23 19.46 310 106.01 0.39 49276 18478.11 19.46 300 10 0 44100 1470 0 21.0 24.0 23.78 0.03
133200.0 310 91.18 0.3 49956 13532.36 0.36 14780 4886.02 0.39 2192240 873672.25 19.46 310 106.0 0.39 49586 18584.12 19.46 300 10 0 44400 1480 0 21.0 24.0 23.8 0.03
134100.0 376 91.33 0.3 50332 13623.68 0.36 14840 4886.03 0.39 2207080 878558.28 19.46 370 106.01 0.39 49956 18690.13 19.46 300 10 0 44700 1490 0 21.0 24.0 23.8 0.03
135000.0 354 91.96 0.36 50686 13715.64 0.36 14819 4885.67 0.39 2221899 883443.96 19.46 350 106.01 0.39 50306 18796.13 19.46 300 10 0 45000 1500 0 21.0 24.0 23.8 0.03
135900.0 310 91.18 0.3 50996 13806.83 0.36 14776 4884.63 0.39 2236675 888328.59 19.46 310 106.01 0.39 50616 18902.14 19.46 300 10 0 45300 1510 0 21.0 24.0 23.82 0.03
136800.0 310 91.18 0.3 51306 13898.01 0.36 14775 4884.27 0.39 2251450 893212.86 19.46 310 106.0 0.39 50926 19008.15 19.46 300 10 0 45600 1520 0 21.0 24.0 23.84 0.03
137700.0 376 91.33 0.3 51682 13989.34 0.36 14835 4884.28 0.39 2266285 898097.14 19.46 370 106.01 0.39 51296 19114.16 19.46 300 10 0 45900 1530 0 21.0 24.0 23.84 0.03
138600.0 354 91.96 0.36 52036 14081.3 0.36 14813 4883.57 0.39 2281098 902980.72 19.46 350 106.01 0.39 51646 19220.16 19.46 300 10 0 46200 1540 0 21.0 24.0 23.84 0.03
139500.0 310 91.18 0.3 52346 14172.48 0.36 14773 4883.58 0.39 2295871 907864.29 19.46 310 106.01 0.39 51956 19326.17 19.46 300 10 0 46500 1550 0 21.0 24.0 23.85 0.03
140400.0 310 91.18 0.3 52656 14263.67 0.36 14771 4882.87 0.39 2310642 912747.17 19.46 310 106.0 0.39 52266 19432.17 19.46 300 10 0 46800 1560 0 21.0 24.0 23.85 0.03
141300.0 376 91.33 0.3 53032 14354.99 0.36 14830 4882.53 0.39 2325472 917629.7 19.46 370 106.01 0.39 52636 19538.18 19.46 300 10 0 47100 1570 0 21.0 24.0 23.85 0.03
142200.0 354 91.96 0.36 53386 14446.95 0.36 14810 4882.52 0.39 2340282 922512.22 19.46 350 106.01 0.39 52986 19644.19 19.46 300 10 0 47400 1580 0 21.0 24.0 23.85 0.03
143100.0 310 91.18 0.3 53696 14538.14 0.36 14769 4882.18 0.39 2355051 927394.4 19.46 310 106.01 0.39 53296 19750.2 19.46 300 10 0 47700 1590 0 21.0 24.0 23.87 0.03
144000.0 310 91.18 0.3 54006 14629.32 0.36 14766 4881.12 0.39 2369817 932275.52 19.46 310 106.0 0.39 53606 19856.2 19.46 300 10 0 48000 1600 0 21.0 24.0 23.88 0.03
144900.0 376 91.33 0.3 54382 14720.65 0.36 14826 4881.13 0.39 2384643 937156.66 19.46 370 106.01 0.39 53976 19962.21 19.46 300 10 0 48300 1610 0 21.0 24.0 23.88 0.03
145800.0 354 91.96 0.36 54736 14812.61 0.36 14806 4881.12 0.39 2399449 942037.78 19.46 350 106.01 0.39 54326 20068.22 19.46 300 10 0 48600 1620 0 21.0 24.0 23.88 0.03
146700.0 310 91.18 0.3 55046 14903.79 0.36 14765 4880.78 0.39 2414214 946918.56 19.46 310 106.01 0.39 54636 20174.23 19.46 300 10 0 48900 1630 0 21.0 24.0 23.88 0.03
147600.0 310 91.18 0.3 55356 14994.98 0.36 14765 4880.77 0.39 2428979 951799.33 19.46 310 106.0 0.39 54946 20280.23 19.46 300 10 0 49200 1640 0 21.0 24.0 23.88 0.03
148500.0 376 91.33 0.3 55732 15086.3 0.36 14824 4880.43 0.39 2443803 956679.76 19.46 370 106.01 0.39 55316 20386.24 19.46 300 10 0 49500 1650 0 21.0 24.0 23.88 0.03
149400.0 354 91.96 0.36 56086 15178.27 0.36 14804 4880.42 0.39 2458607 961560.19 19.46 350 106.01 0.39 55666 20492.25 19.46 300 10 0 49800 1660 0 21.0 24.0 23.88 0.03
150300.0 310 91.18 0.3 56396 15269.45 0.36 14764 4880.43 0.39 2473371 966440.62 19.46 310 106.01 0.39 55976 20598.26 19.46 300 10 0 50100 1670 0 21.0 24.0 23.88 0.03
151200.0 310 91.18 0.3 56706 15360.63 0.36 14761 4879.37 0.39 2488132 971319.99 19.46 310 106.0 0.39 56286 20704.26 19.46 300 10 0 50400 1680 0 21.0 24.0 23.89 0.03
152100.0 376 91.33 0.3 57082 15451.96 0.36 14818 4878.33 0.39 2502950 976198.32 19.46 370 106.01 0.39 56656 20810.27 19.46 300 10 0 50700 1690 0 21.0 24.0 23.89 0.03
153000.0 354 91.96 0.36 57436 15543.92 0.36 14798 4878.32 0.39 2517748 981076.64 19.46 350 106.01 0.39 57006 20916.28 19.46 300 10 0 51000 1700 0 21.0 24.0 23.89 0.03
153900.0 310 91.18 0.3 57746 15635.1 0.36 14756 4877.63 0.39 2532504 985954.27 19.46 310 106.01 0.39 57316 21022.28 19.46 300 10 0 51300 1710 0 21.0 24.0 23.88 0.03
154800.0 310 91.18 0.3 58056 15726.29 0.36 14754 4876.92 0.39 2547258 990831.2 19.46 310 106.0 0.39 57626 21128.29 19.46 300 10 0 51600 1720 0 21.0 24.0 23.88 0.03
155700.0 376 91.33 0.3 58432 15817.62 0.36 14814 4876.93 0.39 2562072 995708.13 19.46 370 106.01 0.39 57996 21234.3 19.46 300 10 0 51900 1730 0 21.0 24.0 23.88 0.03
156600.0 354 91.96 0.36 58786 15909.58 0.36 14792 4876.22 0.39 2576864 1000584.35 19.46 350 106.01 0.39 58346 21340.31 19.46 300 10 0 52200 1740 0 21.0 24.0 23.88 0.03
157500.0 310 91.18 0.3 59096 16000.76 0.36 14748 4874.83 0.39 2591612 1005459.18 19.46 310 106.01 0.39 58656 21446.31 19.46 300 10 0 52500 1750 0 21.0 24.0 23.87 0.04
158400.0 310 91.18 0.3 59406 16091.94 0.36 14748 4874.82 0.39 2606360 1010334.0 19.46 310 106.0 0.39 58966 21552.32 19.46 300 10 0 52800 1760 0 21.0 24.0 23.87 0.04
159300.0 376 91.33 0.3 59782 16183.27 0.36 14807 4874.48 0.39 2621167 1015208.48 19.46 370 106.01 0.39 59336 21658.33 19.46 300 10 0 53100 1770 0 21.0 24.0 23.87 0.04
160200.0 354 91.96 0.36 60136 16275.23 0.36 14783 4873.07 0.39 2635950 1020081.56 19.46 350 106.01 0.39 59686 21764.33 19.46 300 10 0 53400 1780 0 21.0 24.0 23.87 0.04
161100.0 310 91.18 0.3 60446 16366.42 0.36 14743 4873.08 0.39 2650693 1024954.64 19.46 310 106.01 0.39 59996 21870.34 19.46 300 10 0 53700 1790 0 21.0 24.0 23.84 0.04
162000.0 310 91.18 0.3 60756 16457.6 0.36 14742 4872.72 0.39 2665435 1029827.36 19.46 310 106.0 0.39 60306 21976.35 19.46 300 10 0 54000 1800 0 21.0 24.0 23.84 0.04
162900.0 376 91.32 0.3 61132 16548.92 0.36 14800 4872.03 0.39 2680235 1034699.39 19.46 370 106.01 0.39 60676 22082.36 19.46 300 10 0 54300 1810 0 21.0 24.0 23.84 0.04
163800.0 354 91.96 0.36 61486 16640.88 0.36 14780 4872.02 0.39 2695015 1039571.42 19.46 350 106.01 0.39 61026 22188.36 19.46 300 10 0 54600 1820 0 21.0 24.0 23.84 0.04
164700.0 310 91.18 0.3 61796 16732.07 0.36 14739 4871.68 0.39 2709754 1044443.09 19.46 310 106.01 0.39 61336 22294.37 19.46 300 10 0 54900 1830 0 21.0 24.0 23.81 0.04
165600.0 310 91.18 0.3 62106 16823.25 0.36 14735 4870.27 0.39 2724489 1049313.37 19.46 310 106.0 0.39 61646 22400.37 19.46 300 10 0 55200 1840 0 21.0 24.0 23.81 0.04
166500.0 376 91.33 0.3 62482 16914.58 0.36 14794 4869.93 0.39 2739283 1054183.3 19.46 370 106.01 0.39 62016 22506.38 19.46 300 10 0 55500 1850 0 21.0 24.0 23.81 0.04
167400.0 354 91.96 0.36 62836 17006.54 0.36 14774 4869.92 0.39 2754057 1059053.22 19.46 350 106.01 0.39 62366 22612.39 19.46 300 10 0 55800 1860 0 21.0 24.0 23.81 0.04
168300.0 310 91.18 0.3 63146 17097.72 0.36 14731 4868.88 0.39 2768788 1063922.1 19.46 310 106.01 0.39 62676 22718.4 19.46 300 10 0 56100 1870 0 21.0 24.0 23.78 0.05
169200.0 310 91.18 0.3 63456 17188.91 0.36 14731 4868.87 0.39 2783519 1068790.97 19.46 310 106.0 0.39 62986 22824.4 19.46 300 10 0 56400 1880 0 21.0 24.0 23.77 0.05
170100.0 376 91.32 0.3 63832 17280.23 0.36 14789 4868.18 0.39 2798308 1073659.16 19.46 370 106.01 0.39 63356 22930.41 19.46 300 10 0 56700 1890 0 21.0 24.0 23.77 0.05
171000.0 354 91.96 0.36 64186 17372.19 0.36 14765 4866.77 0.39 2813073 1078525.93 19.46 350 106.01 0.39 63706 23036.42 19.46 300 10 0 57000 1900 0 21.0 24.0 23.77 0.05
171900.0 310 91.18 0.3 64496 17463.37 0.36 14724 4866.43 0.39 2827797 1083392.36 19.46 310 106.01 0.39 64016 23142.43 19.46 300 10 0 57300 1910 0 21.0 24.0 23.74 0.05
172800.0 310 91.18 0.3 64806 17554.56 0.36 14722 4865.72 0.39 2842519 1088258.08 19.46 310 106.0 0.39 64326 23248.43 19.46 300 10 0 57600 1920 0 21.0 24.0 23.73 0.05
173700.0 376 91.33 0.3 65182 17645.88 0.36 14779 4864.68 0.39 2857298 1093122.76 19.46 370 106.01 0.39 64696 23354.44 19.46 300 10 0 57900 1930 0 21.0 24.0 23.73 0.05
174600.0 354 91.96 0.36 65536 17737.85 0.36 14758 4864.32 0.39 2872056 1097987.09 19.46 350 106.01 0.39 65046 23460.45 19.46 300 10 0 58200 1940 0 21.0 24.0 23.73 0.05
175500.0 310 91.18 0.3 65846 17829.03 0.36 14717 4863.98 0.39 2886773 1102851.07 19.46 310 106.01 0.39 65356 23566.46 19.46 300 10 0 58500 1950 0 21.0 24.0 23.69 0.05
176400.0 310 91.18 0.3 66156 17920.21 0.36 14717 4863.97 0.39 2901490 1107715.04 19.46 310 106.0 0.39 65666 23672.46 19.46 300 10 0 58800 1960 0 21.0 23.9 23.66 0.05
177300.0 376 91.33 0.3 66532 18011.54 0.36 14777 4863.98 0.39 2916267 1112579.02 19.46 370 106.01 0.39 66036 23778.47 19.46 300 10 0 59100 1970 0 21.0 23.9 23.66 0.05
178200.0 354 91.96 0.36 66886 18103.5 0.36 14755 4863.27 0.39 2931022 1117442.29 19.46 350 106.01 0.39 66386 23884.48 19.46 300 10 0 59400 1980 0 21.0 23.9 23.66 0.05
179100.0 310 91.18 0.3 67196 18194.68 0.36 14710 4861.53 0.39 2945732 1122303.82 19.46 310 106.01 0.39 66696 23990.48 19.46 300 10 0 59700 1990 0 21.0 23.9 23.61 0.05
180000.0 310 91.18 0.3 67506 18285.87 0.36 14712 4862.22 0.39 2960444 1127166.05 19.46 310 106.0 0.39 67006 24096.49 19.46 300 10 0 60000 2000 0 21.0 23.9 23.57 0.05
180900.0 376 91.33 0.3 67882 18377.2 0.36 14769 4861.18 0.39 2975213 1132027.23 19.46 370 106.01 0.39 67376 24202.5 19.46 300 10 0 60300 2010 0 21.0 23.9 23.57 0.05
181800.0 354 91.96 0.36 68236 18469.16 0.36 14745 4859.77 0.39 2989958 1136887.0 19.46 350 106.01 0.39 67726 24308.51 19.46 300 10 0 60600 2020 0 21.0 23.9 23.57 0.05
182700.0 310 91.18 0.3 68546 18560.34 0.36 14702 4858.73 0.39 3004660 1141745.73 19.46 310 106.01 0.39 68036 24414.51 19.46 300 10 0 60900 2030 0 21.0 23.8 23.49 0.05
183600.0 310 91.18 0.3 68856 18651.52 0.36 14703 4859.07 0.39 3019363 1146604.8 19.46 310 106.0 0.39 68346 24520.52 19.46 300 10 0 61200 2040 0 21.0 23.8 23.43 0.04
184500.0 376 91.33 0.3 69232 18742.85 0.36 14758 4857.33 0.39 3034121 1151462.13 19.46 370 106.01 0.39 68716 24626.53 19.46 300 10 0 61500 2050 0 21.0 23.8 23.43 0.04
185400.0 354 91.96 0.36 69586 18834.81 0.36 14734 4855.92 0.39 3048855 1156318.06 19.46 350 106.01 0.39 69066 24732.53 19.46 300 10 0 61800 2060 0 21.0 23.8 23.43 0.04
186300.0 310 91.18 0.3 69896 18926.0 0.36 14698 4857.33 0.39 3063553 1161175.39 19.46 310 106.01 0.39 69376 24838.54 19.46 300 10 0 62100 2070 0 21.0 23.7 23.33 0.05
187200.0 310 91.18 0.3 70206 19017.18 0.36 14693 4855.57 0.39 3078246 1166030.96 19.46 310 106.0 0.39 69686 24944.55 19.46 300 10 0 62400 2080 0 21.0 23.7 23.25 0.04
188100.0 376 91.33 0.3 70582 19108.51 0.36 14752 4855.23 0.39 3092998 1170886.19 19.46 370 106.01 0.39 70056 25050.56 19.46 300 10 0 62700 2090 0 21.0 23.7 23.25 0.04
189000.0 354 91.96 0.36 70936 19200.47 0.36 14729 4854.17 0.39 3107727 1175740.37 19.46 350 106.01 0.39 70406 25156.56 19.46 300 10 0 63000 2100 0 21.0 23.7 23.25 0.04
189900.0 310 91.18 0.3 71246 19291.65 0.36 14692 4855.23 0.39 3122419 1180595.59 19.46 310 106.01 0.39 70716 25262.57 19.46 300 10 0 63300 2110 0 21.0 23.5 23.11 0.05
190800.0 310 91.18 0.3 71556 19382.83 0.36 14689 4854.17 0.39 3137108 1185449.77 19.46 310 106.0 0.39 71026 25368.58 19.46 300 10 0 63600 2120 0 21.0 23.5 23.0 0.04
191700.0 376 91.33 0.3 71932 19474.16 0.36 14746 4853.13 0.39 3151854 1190302.9 19.46 370 106.01 0.39 71396 25474.59 19.46 300 10 0 63900 2130 0 21.0 23.5 23.0 0.04
192600.0 354 91.96 0.36 72286 19566.12 0.36 14719 4850.67 0.39 3166573 1195153.57 19.46 350 106.01 0.39 71746 25580.59 19.46 300 10 0 64200 2140 0 21.0 23.5 23.0 0.04
193500.0 310 91.18 0.3 72596 19657.31 0.36 14683 4852.08 0.39 3181256 1200005.65 19.46 310 106.01 0.39 72056 25686.6 19.46 300 10 0 64500 2150 0 21.0 23.3 22.85 0.04
194400.0 310 91.18 0.3 72906 19748.49 0.36 14686 4853.12 0.39 3195942 1204858.77 19.46 310 106.0 0.39 72366 25792.6 19.46 300 10 0 64800 2160 0 21.0 23.3 22.72 0.04
195300.0 376 91.33 0.3 73282 19839.82 0.36 14738 4850.33 0.39 3210680 1209709.11 19.46 370 106.01 0.39 72736 25898.61 19.46 300 10 0 65100 2170 0 21.0 23.3 22.72 0.04
196200.0 354 91.96 0.36 73636 19931.78 0.36 14717 4849.97 0.39 3225397 1214559.08 19.46 350 106.01 0.39 73086 26004.62 19.46 300 10 0 65400 2180 0 21.0 23.3 22.72 0.04
197100.0 310 91.18 0.3 73946 20022.96 0.36 14682 4851.73 0.39 3240079 1219410.81 19.46 310 106.01 0.39 73396 26110.63 19.46 300 10 0 65700 2190 0 21.0 23.1 22.56 0.03
198000.0 310 91.18 0.3 74256 20114.14 0.36 14658 4843.32 0.39 3254737 1224254.13 19.46 310 106.0 0.39 73706 26216.63 19.46 300 10 0 66000 2200 0 21.0 23.1 22.4 0.04
198900.0 376 91.33 0.3 74632 20205.47 0.36 14718 4843.33 0.39 3269455 1229097.46 19.46 370 106.01 0.39 74076 26322.64 19.46 300 10 0 66300 2210 0 21.0 23.1 22.4 0.04
199800.0 354 91.96 0.36 74986 20297.43 0.36 14695 4842.27 0.39 3284150 1233939.74 19.46 350 106.01 0.39 74426 26428.65 19.46 300 10 0 66600 2220 0 21.0 23.1 22.4 0.04
200700.0 310 91.18 0.3 75296 20388.62 0.36 14660 4844.03 0.39 3298810 1238783.77 19.46 310 106.01 0.39 74736 26534.66 19.46 300 10 0 66900 2230 0 21.0 22.8 22.25 0.02
201600.0 310 91.18 0.3 75606 20479.8 0.36 14662 4844.72 0.39 3313472 1243628.49 19.46 310 106.0 0.39 75046 26640.66 19.46 300 10 0 67200 2240 0 21.0 22.8 22.18 0.03
202500.0 376 91.33 0.3 75982 20571.13 0.36 14722 4844.73 0.39 3328194 1248473.22 19.46 370 106.01 0.39 75416 26746.67 19.46 300 10 0 67500 2250 0 21.0 22.8 22.18 0.03
203400.0 354 91.96 0.36 76336 20663.09 0.36 14692 4841.22 0.39 3342886 1253314.44 19.46 350 106.01 0.39 75766 26852.68 19.46 300 10 0 67800 2260 0 21.0 22.8 22.18 0.03
204300.0 310 91.18 0.3 76646 20754.27 0.36 14663 4845.08 0.39 3357549 1258159.52 19.46 310 106.01 0.39 76076 26958.69 19.46 300 10 0 68100 2270 0 21.0 22.6 22.06 0.01
205200.0 310 91.18 0.3 76956 20845.46 0.36 14661 4844.37 0.39 3372210 1263003.9 19.46 310 106.0 0.39 76386 27064.69 19.46 300 10 0 68400 2280 0 21.0 22.6 22.06 0.01
206100.0 376 91.32 0.3 77332 20936.78 0.36 14719 4843.68 0.39 3386929 1267847.58 19.46 370 106.01 0.39 76756 27170.7 19.46 300 10 0 68700 2290 0 21.0 22.6 22.06 0.01
207000.0 354 91.96 0.36 77686 21028.74 0.36 14689 4840.17 0.39 3401618 1272687.75 19.46 350 106.01 0.39 77106 27276.71 19.46 300 10 0 69000 2300 0 21.0 22.6 22.06 0.01
207900.0 310 91.18 0.3 77996 21119.92 0.36 14657 4842.98 0.39 3416275 1277530.73 19.46 310 106.01 0.39 77416 27382.71 19.46 300 10 0 69300 2310 0 21.0 22.2 22.02 0.01
208800.0 310 91.18 0.3 78306 21211.11 0.36 14653 4841.57 0.39 3430928 1282372.3 19.46 310 106.0 0.39 77726 27488.72 19.46 300 10 0 69600 2320 0 21.0 22.2 22.02 0.01
209700.0 376 91.33 0.3 78682 21302.43 0.36 14711 4840.88 0.39 3445639 1287213.18 19.46 370 106.01 0.39 78096 27594.73 19.46 300 10 0 69900 2330 0 21.0 22.2 22.02 0.01
210600.0 354 91.96 0.36 79036 21394.39 0.36 14679 4836.67 0.39 3460318 1292049.86 19.46 350 106.01 0.39 78446 27700.74 19.46 300 10 0 70200 2340 0 21.0 22.2 22.02 0.01
211500.0 310 91.18 0.3 79346 21485.58 0.36 14640 4837.03 0.39 3474958 1296886.89 19.46 310 106.01 0.39 78756 27806.74 19.46 300 10 0 70500 2350 0 21.0 22.0 22.0 0.0
212400.0 310 91.18 0.3 79656 21576.76 0.36 14640 4837.02 0.39 3489598 1301723.91 19.46 310 106.0 0.39 79066 27912.75 19.46 300 10 0 70800 2360 0 21.0 22.0 22.0 0.0
213300.0 376 91.32 0.3 80032 21668.09 0.36 14696 4835.63 0.39 3504294 1306559.54 19.46 370 106.01 0.39 79436 28018.76 19.46 300 10 0 71100 2370 0 21.0 22.0 22.0 0.0
214200.0 354 91.96 0.36 80386 21760.05 0.36 14666 4832.12 0.39 3518960 1311391.67 19.46 350 106.01 0.39 79786 28124.76 19.46 300 10 0 71400 2380 0 21.0 22.0 22.0 0.0
215100.0 310 91.18 0.3 80696 21851.23 0.36 14624 4831.43 0.39 3533584 1316223.1 19.46 310 106.01 0.39 80096 28230.77 19.46 300 10 0 71700 2390 0 21.0 22.0 22.0 0.0
216000.0 310 91.18 0.3 81006 21942.41 0.36 14622 4830.72 0.39 3548206 1321053.82 19.46 310 106.0 0.39 80406 28336.78 19.46 300 10 0 72000 2400 0 21.0 22.0 22.0 0.0
216900.0 376 91.33 0.3 81382 22033.74 0.36 14680 4830.03 0.39 3562886 1325883.85 19.46 370 106.01 0.39 80776 28442.79 19.46 300 10 0 72300 2410 0 21.0 22.0 22.0 0.0
217800.0 354 91.96 0.36 81736 22125.7 0.36 14654 4827.92 0.39 3577540 1330711.77 19.46 350 106.01 0.39 81126 28548.79 19.46 300 10 0 72600 2420 0 21.0 22.0 22.0 0.0
218700.0 310 91.18 0.3 82046 22216.89 0.36 14608 4825.83 0.39 3592148 1335537.6 19.46 310 106.01 0.39 81436 28654.8 19.46 300 10 0 72900 2430 0 21.0 22.0 22.0 0.0
219600.0 310 91.18 0.3 82356 22308.07 0.36 14608 4825.82 0.39 3606756 1340363.42 19.46 310 106.0 0.39 81746 28760.81 19.46 300 10 0 73200 2440 0 21.0 22.0 22.0 0.0
220500.0 376 91.33 0.3 82732 22399.4 0.36 14662 4823.73 0.39 3621418 1345187.16 19.46 370 106.01 0.39 82116 28866.81 19.46 300 10 0 73500 2450 0 21.0 22.0 22.0 0.0
221400.0 354 91.96 0.36 83086 22491.36 0.36 14640 4829.94 0.39 3636058 1350017.1 19.46 350 106.15 0.39 82466 28972.97 19.46 300 10 0 73800 2460 0 21.0 22.0 22.0 0.0
222300.0 310 91.19 0.3 83396 22582.55 0.36 14694 4864.57 0.39 3650752 1354881.67 19.46 310 106.19 0.39 82776 29079.15 19.46 300 10 0 74100 2470 0 20.4 22.0 21.29 0.06
223200.0 310 91.19 0.3 83706 22673.74 0.36 14726 4875.82 0.39 3665478 1359757.48 19.46 310 106.19 0.39 83086 29185.34 19.46 300 10 0 74400 2480 0 19.8 21.8 20.55 0.13
224100.0 376 91.33 0.3 84082 22765.07 0.36 14786 4875.77 0.39 3680264 1364633.26 19.46 370 106.19 0.39 83456 29291.52 19.46 300 10 0 74700 2490 0 19.8 21.8 20.55 0.13
225000.0 354 91.96 0.36 84436 22857.03 0.36 14764 4869.98 0.39 3695028 1369503.23 19.46 350 106.08 0.39 83806 29397.61 19.46 300 10 0 75000 2500 0 19.8 21.8 20.55 0.13
225900.0 310 91.19 0.3 84746 22948.22 0.36 14725 4875.69 0.39 3709753 1374378.93 19.46 310 106.2 0.39 84116 29503.8 19.46 300 10 0 75300 2510 0 19.8 21.7 20.5 0.12
226800.0 310 91.19 0.3 85056 23039.4 0.36 14729 4877.11 0.39 3724482 1379256.03 19.46 310 106.19 0.39 84426 29609.99 19.46 300 10 0 75600 2520 0 19.8 21.7 20.46 0.14
227700.0 376 91.33 0.3 85432 23130.74 0.36 14789 4877.1 0.39 3739271 1384133.13 19.46 370 106.2 0.39 84796 29716.19 19.46 300 10 0 75900 2530 0 19.8 21.7 20.46 0.14
228600.0 354 91.97 0.36 85786 23222.7 0.36 14766 4876.79 0.39 3754037 1389009.92 19.46 350 106.21 0.39 85146 29822.4 19.46 300 10 0 76200 2540 0 19.8 21.7 20.46 0.14
229500.0 310 91.19 0.3 86096 23313.89 0.36 14724 4874.7 0.39 3768761 1393884.62 19.46 310 106.18 0.39 85456 29928.58 19.46 300 10 0 76500 2550 0 19.8 21.6 20.44 0.14
230400.0 310 91.19 0.3 86406 23405.08 0.36 14724 4874.72 0.39 3783485 1398759.34 19.46 310 106.18 0.39 85766 30034.76 19.46 300 10 0 76800 2560 0 19.8 21.6 20.45 0.14
231300.0 376 91.33 0.3 86782 23496.4 0.36 14783 4874.35 0.39 3798268 1403633.69 19.46 370 106.18 0.39 86136 30140.94 19.46 300 10 0 77100 2570 0 19.8 21.6 20.45 0.14
232200.0 354 91.96 0.36 87136 23588.37 0.36 14761 4873.59 0.39 3813029 1408507.28 19.46 350 106.18 0.39 86486 30247.12 19.46 300 10 0 77400 2580 0 19.8 21.6 20.45 0.14
233100.0 310 91.19 0.3 87446 23679.55 0.36 14719 4874.25 0.39 3827748 1413381.52 19.46 310 106.21 0.39 86796 30353.33 19.46 300 10 0 77700 2590 0 19.8 21.5 20.48 0.15
234000.0 310 91.19 0.3 87756 23770.74 0.36 14714 4872.51 0.39 3842462 1418254.03 19.46 310 106.21 0.39 87106 30459.54 19.46 300 10 0 78000 2600 0 19.8 21.5 20.49 0.15
234900.0 376 91.33 0.3 88132 23862.07 0.36 14774 4872.5 0.39 3857236 1423126.53 19.46 370 106.21 0.39 87476 30565.75 19.46 300 10 0 78300 2610 0 19.8 21.5 20.49 0.15
235800.0 354 91.96 0.36 88486 23954.04 0.36 14749 4869.07 0.39 3871985 1427995.6 19.46 350 106.17 0.39 87826 30671.92 19.46 300 10 0 78600 2620 0 19.8 21.5 20.49 0.15
236700.0 310 91.19 0.3 88796 24045.22 0.36 14710 4862.99 0.39 3886695 1432858.59 19.46 310 106.04 0.39 88136 30777.96 19.46 300 10 0 78900 2630 0 19.8 21.4 20.51 0.16
237600.0 310 91.19 0.3 89106 24136.41 0.36 14716 4865.08 0.39 3901411 1437723.67 19.46 310 106.04 0.39 88446 30883.99 19.46 300 10 0 79200 2640 0 19.7 21.4 20.55 0.14
238500.0 376 91.32 0.3 89482 24227.73 0.36 14769 4862.64 0.39 3916180 1442586.31 19.46 370 106.04 0.39 88816 30990.04 19.46 300 10 0 79500 2650 0 19.7 21.4 20.55 0.14
239400.0 354 91.96 0.36 89836 24319.69 0.36 14740 4860.38 0.39 3930920 1447446.69 19.46 350 106.05 0.39 89166 31096.09 19.46 300 10 0 79800 2660 0 19.7 21.4 20.55 0.14
240300.0 310 91.19 0.3 90146 24410.88 0.36 14697 4859.31 0.39 3945617 1452306.0 19.46 310 106.05 0.39 89476 31202.14 19.46 300 10 0 80100 2670 0 19.7 21.6 20.58 0.16
241200.0 310 91.19 0.3 90456 24502.07 0.36 14694 4858.28 0.39 3960311 1457164.27 19.46 310 106.05 0.39 89786 31308.2 19.46 300 10 0 80400 2680 0 19.7 21.6 20.61 0.16
242100.0 376 91.33 0.3 90832 24593.4 0.36 14753 4857.91 0.39 3975064 1462022.18 19.46 370 106.06 0.39 90156 31414.25 19.46 300 10 0 80700 2690 0 19.7 21.6 20.61 0.16
243000.0 354 91.96 0.36 91186 24685.36 0.36 14728 4856.08 0.39 3989792 1466878.26 19.46 350 106.05 0.39 90506 31520.31 19.46 300 10 0 81000 2700 0 19.7 21.6 20.61 0.16
243900.0 310 91.19 0.3 91496 24776.55 0.36 14695 4864.35 0.39 4004487 1471742.61 19.46 310 106.17 0.39 90816 31626.48 19.46 300 10 0 81300 2710 0 19.7 21.8 20.62 0.17
244800.0 310 91.19 0.3 91806 24867.73 0.36 14700 4866.12 0.39 4019187 1476608.73 19.46 310 106.17 0.39 91126 31732.66 19.46 300 10 0 81600 2720 0 19.6 21.8 20.66 0.17
245700.0 376 91.33 0.3 92182 24959.06 0.36 14760 4866.1 0.39 4033947 1481474.83 19.46 370 106.18 0.39 91496 31838.83 19.46 300 10 0 81900 2730 0 19.6 21.8 20.66 0.17
246600.0 354 91.96 0.36 92536 25051.03 0.36 14714 4857.55 0.39 4048661 1486332.37 19.46 350 106.19 0.39 91846 31945.02 19.46 300 10 0 82200 2740 0 19.6 21.8 20.66 0.17
247500.0 310 91.19 0.3 92846 25142.22 0.36 14684 4859.92 0.39 4063345 1491192.29 19.46 310 106.16 0.39 92156 32051.18 19.46 300 10 0 82500 2750 0 19.6 21.9 20.62 0.19
248400.0 310 91.19 0.3 93156 25233.4 0.36 14680 4858.56 0.39 4078025 1496050.85 19.46 310 106.16 0.39 92466 32157.34 19.46 300 10 0 82800 2760 0 19.5 21.9 20.64 0.19
249300.0 376 91.33 0.3 93532 25324.73 0.36 14732 4855.72 0.39 4092757 1500906.57 19.46 370 106.16 0.39 92836 32263.5 19.46 300 10 0 83100 2770 0 19.5 21.9 20.64 0.19
250200.0 354 91.96 0.36 93886 25416.7 0.36 14692 4848.39 0.39 4107449 1505754.95 19.46 350 106.16 0.39 93186 32369.66 19.46 300 10 0 83400 2780 0 19.5 21.9 20.64 0.19
251100.0 310 91.19 0.3 94196 25507.88 0.36 14675 4856.91 0.39 4122124 1510611.86 19.46 310 106.17 0.39 93496 32475.82 19.46 300 10 0 83700 2790 0 19.5 22.0 20.6 0.21
252000.0 310 91.19 0.3 94506 25599.07 0.36 14689 4861.83 0.39 4136813 1515473.69 19.46 310 106.16 0.39 93806 32581.99 19.46 300 10 0 84000 2800 0 19.5 22.0 20.59 0.23
252900.0 376 91.33 0.3 94882 25690.4 0.36 14749 4861.81 0.39 4151562 1520335.5 19.46 370 106.17 0.39 94176 32688.15 19.46 300 10 0 84300 2810 0 19.5 22.0 20.59 0.23
253800.0 354 91.96 0.36 95236 25782.36 0.36 14700 4851.75 0.39 4166262 1525187.25 19.46 350 106.17 0.39 94526 32794.32 19.46 300 10 0 84600 2820 0 19.5 22.0 20.59 0.23
254700.0 310 91.19 0.3 95546 25873.55 0.36 14719 4872.6 0.39 4180981 1530059.85 19.46 310 106.17 0.39 94836 32900.49 19.46 300 10 0 84900 2830 0 19.5 21.8 20.45 0.23
255600.0 310 91.19 0.3 95856 25964.74 0.36 14726 4875.07 0.39 4195707 1534934.92 19.46 310 106.17 0.39 95146 33006.66 19.46 300 10 0 85200 2840 0 19.3 21.8 20.42 0.25
256500.0 376 91.33 0.3 96232 26056.07 0.36 14786 4875.05 0.39 4210493 1539809.97 19.46 370 106.17 0.39 95516 33112.84 19.46 300 10 0 85500 2850 0 19.3 21.8 20.42 0.25
257400.0 354 91.96 0.36 96586 26148.03 0.36 14728 4861.21 0.39 4225221 1544671.17 19.46 350 106.16 0.39 95866 33219.0 19.46 300 10 0 85800 2860 0 19.3 21.8 20.42 0.25
258300.0 310 91.19 0.3 96896 26239.22 0.36 14734 4878.23 0.39 4239955 1549549.41 19.46 310 106.18 0.39 96176 33325.18 19.46 300 10 0 86100 2870 0 19.3 21.8 20.26 0.25
259200.0 310 91.19 0.3 97206 26330.4 0.36 14741 4880.7 0.39 4254696 1554430.11 19.46 310 106.18 0.39 96486 33431.36 19.46 300 10 0 86400 2880 0 19.2 21.6 20.18 0.28
260100.0 376 91.33 0.3 97582 26421.73 0.36 14801 4880.69 0.39 4269497 1559310.79 19.46 370 106.18 0.39 96856 33537.55 19.46 300 10 0 86700 2890 0 19.2 21.6 20.18 0.28
261000.0 356 92.03 0.36 97938 26513.76 0.36 15089 140605.4 19.43 4284586 1699916.2 19.46 352 2902.64 19.43 97208 36440.19 19.46 300 10 0 87000 2900 0 19.2 21.6 20.18 0.28
261900.0 310 91.19 0.3 98248 26604.94 0.36 14766 4880.76 0.39 4299352 1704796.96 19.46 310 106.02 0.39 97518 36546.21 19.46 300 10 0 87300 2910 0 18.9 21.6 19.83 0.27
262800.0 310 91.19 0.3 98558 26696.13 0.36 14769 4881.82 0.39 4314121 1709678.77 19.46 310 106.02 0.39 97828 36652.24 19.46 300 10 0 87600 2920 0 18.9 21.0 19.66 0.27
263700.0 376 91.33 0.3 98934 26787.46 0.36 14829 4881.81 0.39 4328950 1714560.59 19.46 370 106.03 0.39 98198 36758.26 19.46 300 10 0 87900 2930 0 18.9 21.0 19.66 0.27
264600.0 356 92.04 0.36 99290 26879.5 0.36 15119 140568.58 19.42 4344069 1855129.16 19.46 352 2901.28 19.42 98550 39659.54 19.46 300 10 0 88200 2940 0 18.9 21.0 19.65 0.27
265500.0 310 91.21 0.31 99600 26970.71 0.36 14795 4936.06 0.39 4358864 1860065.22 19.46 310 106.92 0.39 98860 39766.47 19.46 300 10 0 88500 2950 0 17.3 21.0 18.36 0.27
266400.0 310 91.21 0.31 99910 27061.92 0.36 14820 4944.88 0.39 4373684 1865010.1 19.46 310 106.92 0.39 99170 39873.39 19.46 300 10 0 88800 2960 0 17.3 21.0 17.81 0.06
267300.0 376 91.36 0.31 100286 27153.28 0.36 14880 4944.81 0.39 4388564 1869954.91 19.46 370 106.93 0.39 99540 39980.32 19.46 300 10 0 89100 2970 0 17.3 21.0 17.81 0.06
268200.0 356 92.06 0.36 100642 27245.34 0.36 15171 140680.49 19.43 4403735 2010635.4 19.46 352 2903.79 19.43 99892 42884.1 19.46 300 10 0 89400 2980 0 17.3 21.0 17.81 0.06
269100.0 310 91.21 0.31 100952 27336.55 0.36 14824 4943.23 0.39 4418559 2015578.63 19.46 310 106.87 0.39 100202 42990.98 19.46 300 10 0 89700 2990 0 17.3 21.0 17.79 0.06
270000.0 310 91.21 0.31 101262 27427.76 0.36 14823 4942.95 0.39 4433382 2020521.58 19.46 310 106.88 0.39 100512 43097.85 19.46 300 10 0 90000 3000 0 17.3 21.0 17.78 0.06
270900.0 376 91.36 0.31 101638 27519.12 0.36 14883 4942.88 0.39 4448265 2025464.46 19.46 370 106.88 0.39 100882 43204.73 19.46 300 10 0 90300 3010 0 17.3 21.0 17.78 0.06
271800.0 354 91.99 0.36 101992 27611.11 0.36 14861 4942.49 0.39 4463126 2030406.94 19.46 350 106.88 0.39 101232 43311.61 19.46 300 10 0 90600 3020 0 17.3 21.0 17.78 0.06
272700.0 310 91.21 0.31 102302 27702.33 0.36 14822 4942.77 0.39 4477948 2035349.72 19.46 310 106.88 0.39 101542 43418.49 19.46 300 10 0 90900 3030 0 17.3 21.0 17.76 0.06
273600.0 310 91.21 0.31 102612 27793.54 0.36 14825 4943.89 0.39 4492773 2040293.6 19.46 310 106.88 0.39 101852 43525.37 19.46 300 10 0 91200 3040 0 17.3 21.0 17.74 0.05
274500.0 376 91.36 0.31 102988 27884.9 0.36 14884 4943.48 0.39 4507657 2045237.08 19.46 370 106.88 0.39 102222 43632.25 19.46 300 10 0 91500 3050 0 17.3 21.0 17.74 0.05
275400.0 354 91.99 0.36 103342 27976.89 0.36 14863 4947.01 0.39 4522520 2050184.09 19.46 350 106.96 0.39 102572 43739.22 19.46 300 10 0 91800 3060 0 17.3 21.0 17.74 0.05
276300.0 310 91.21 0.31 103652 28068.1 0.36 14821 4942.63 0.39 4537341 2055126.72 19.46 310 106.88 0.39 102882 43846.1 19.46 300 10 0 92100 3070 0 17.3 21.0 17.73 0.05
277200.0 310 91.21 0.31 103962 28159.32 0.36 14818 4941.65 0.39 4552159 2060068.38 19.46 310 106.89 0.39 103192 43952.99 19.46 300 10 0 92400 3080 0 17.3 21.0 17.72 0.05
278100.0 376 91.35 0.31 104338 28250.67 0.36 14878 4941.59 0.39 4567037 2065009.96 19.46 370 106.89 0.39 103562 44059.87 19.46 300 10 0 92700 3090 0 17.3 21.0 17.72 0.05
279000.0 354 91.99 0.36 104692 28342.66 0.36 14855 4936.55 0.39 4581892 2069946.51 19.46 350 106.8 0.39 103912 44166.67 19.46 300 10 0 93000 3100 0 17.3 21.0 17.72 0.05
279900.0 310 91.21 0.31 105002 28433.87 0.36 14812 4939.02 0.39 4596704 2074885.53 19.46 310 106.87 0.39 104222 44273.55 19.46 300 10 0 93300 3110 0 17.3 21.0 17.71 0.05
280800.0 310 91.21 0.31 105312 28525.09 0.36 14813 4939.45 0.39 4611517 2079824.98 19.46 310 106.88 0.39 104532 44380.42 19.46 300 10 0 93600 3120 0 17.3 21.0 17.7 0.05
281700.0 376 91.36 0.31 105688 28616.44 0.36 14872 4939.03 0.39 4626389 2084764.01 19.46 370 106.88 0.39 104902 44487.3 19.46 300 10 0 93900 3130 0 17.3 21.0 17.7 0.05
282600.0 354 91.99 0.36 106042 28708.43 0.36 14849 4938.3 0.39 4641238 2089702.31 19.46 350 106.88 0.39 105252 44594.18 19.46 300 10 0 94200 3140 0 17.3 21.0 17.7 0.05
283500.0 310 91.21 0.31 106352 28799.64 0.36 14808 4934.19 0.39 4656046 2094636.5 19.46 310 106.8 0.39 105562 44700.98 19.46 300 10 0 94500 3150 0 17.3 21.0 17.69 0.05
284400.0 310 91.21 0.31 106662 28890.85 0.36 14812 4935.64 0.39 4670858 2099572.14 19.46 310 106.8 0.39 105872 44807.78 19.46 300 10 0 94800 3160 0 17.3 21.0 17.68 0.05
285300.0 376 91.35 0.31 107038 28982.21 0.36 14868 4934.19 0.39 4685726 2104506.34 19.46 370 106.8 0.39 106242 44914.59 19.46 300 10 0 95100 3170 0 17.3 21.0 17.68 0.05
286200.0 354 91.99 0.36 107392 29074.2 0.36 14848 4934.22 0.39 4700574 2109440.56 19.46 350 106.8 0.39 106592 45021.39 19.46 300 10 0 95400 3180 0 17.3 21.0 17.68 0.05
287100.0 310 91.21 0.31 107702 29165.41 0.36 14808 4934.26 0.39 4715382 2114374.82 19.46 310 106.8 0.39 106902 45128.19 19.46 300 10 0 95700 3190 0 17.3 21.0 17.68 0.05
288000.0 310 91.21 0.31 108012 29256.62 0.36 14806 4933.63 0.39 4730188 2119308.45 19.46 310 106.8 0.39 107212 45235.0 19.46 300 10 0 96000 3200 0 17.3 21.0 17.68 0.05
288900.0 376 91.35 0.31 108388 29347.97 0.36 14866 4933.56 0.39 4745054 2124242.02 19.46 370 106.8 0.39 107582 45341.8 19.46 300 10 0 96300 3210 0 17.3 21.0 17.68 0.05
289800.0 354 91.99 0.36 108742 29439.96 0.36 14840 4935.35 0.39 4759894 2129177.37 19.46 350 106.89 0.39 107932 45448.69 19.46 300 10 0 96600 3220 0 17.3 21.0 17.68 0.05
290700.0 310 91.22 0.31 109052 29531.18 0.36 14804 4940.29 0.39 4774698 2134117.66 19.46 310 106.96 0.39 108242 45555.65 19.46 300 10 0 96900 3230 0 17.3 21.0 17.67 0.04
291600.0 310 91.22 0.31 109362 29622.39 0.36 14800 4938.96 0.39 4789498 2139056.62 19.46 310 106.96 0.39 108552 45662.61 19.46 300 10 0 97200 3240 0 17.3 21.0 17.67 0.04
292500.0 376 91.36 0.31 109738 29713.75 0.36 14859 4938.55 0.39 4804357 2143995.17 19.46 370 106.96 0.39 108922 45769.57 19.46 300 10 0 97500 3250 0 17.3 21.0 17.67 0.04
293400.0 354 91.99 0.36 110092 29805.75 0.36 14836 4937.56 0.39 4819193 2148932.73 19.46 350 106.96 0.39 109272 45876.54 19.46 300 10 0 97800 3260 0 17.3 21.0 17.67 0.04
294300.0 310 91.21 0.31 110402 29896.96 0.36 14798 4933.48 0.39 4833991 2153866.21 19.46 310 106.86 0.39 109582 45983.4 19.46 300 10 0 98100 3270 0 17.4 21.0 17.67 0.04
295200.0 310 91.21 0.31 110712 29988.18 0.36 14796 4932.83 0.39 4848787 2158799.04 19.46 310 106.86 0.39 109892 46090.26 19.46 300 10 0 98400 3280 0 17.4 21.0 17.67 0.04
296100.0 376 91.36 0.31 111088 30079.53 0.36 14856 4932.78 0.39 4863643 2163731.82 19.46 370 106.86 0.39 110262 46197.12 19.46 300 10 0 98700 3290 0 17.4 21.0 17.67 0.04
297000.0 354 91.99 0.36 111442 30171.52 0.36 14834 4932.13 0.39 4878477 2168663.95 19.46 350 106.86 0.39 110612 46303.98 19.46 300 10 0 99000 3300 0 17.4 21.0 17.67 0.04
297900.0 310 91.22 0.31 111752 30262.74 0.36 14795 4937.14 0.39 4893272 2173601.09 19.46 310 106.96 0.39 110922 46410.95 19.46 300 10 0 99300 3310 0 17.4 21.0 17.67 0.04
298800.0 310 91.22 0.31 112062 30353.96 0.36 14795 4937.21 0.39 4908067 2178538.3 19.46 310 106.96 0.39 111232 46517.91 19.46 300 10 0 99600 3320 0 17.4 21.0 17.68 0.04
299700.0 376 91.36 0.31 112438 30445.32 0.36 14855 4937.15 0.39 4922922 2183475.45 19.46 370 106.96 0.39 111602 46624.87 19.46 300 10 0 99900 3330 0 17.4 21.0 17.68 0.04
300600.0 354 91.99 0.36 112792 30537.31 0.36 14830 4935.46 0.39 4937752 2188410.91 19.46 350 106.96 0.39 111952 46731.84 19.46 300 10 0 100200 3340 0 17.4 21.0 17.68 0.04
301500.0 310 91.21 0.31 113102 30628.53 0.36 14789 4931.73 0.39 4952541 2193342.64 19.46 310 106.89 0.39 112262 46838.73 19.46 300 10 0 100500 3350 0 17.4 21.0 17.67 0.04
302400.0 310 91.21 0.31 113412 30719.74 0.36 14793 4933.19 0.39 4967334 2198275.83 19.46 310 106.89 0.39 112572 46945.62 19.46 300 10 0 100800 3360 0 17.4 21.0 17.68 0.04
303300.0 376 91.36 0.31 113788 30811.1 0.36 14847 4931.03 0.39 4982181 2203206.86 19.46 370 106.89 0.39 112942 47052.51 19.46 300 10 0 101100 3370 0 17.4 21.0 17.68 0.04
304200.0 354 91.99 0.36 114142 30903.08 0.36 14824 4925.98 0.39 4997005 2208132.84 19.46 350 106.81 0.39 113292 47159.32 19.46 300 10 0 101400 3380 0 17.4 21.0 17.68 0.04
305100.0 310 91.21 0.31 114452 30994.3 0.36 14782 4928.52 0.39 5011787 2213061.36 19.46 310 106.87 0.39 113602 47266.19 19.46 300 10 0 101700 3390 0 17.4 21.0 17.67 0.04
306000.0 310 91.21 0.31 114762 31085.51 0.36 14786 4930.0 0.39 5026573 2217991.36 19.46 310 106.88 0.39 113912 47373.07 19.46 300 10 0 102000 3400 0 17.4 21.0 17.68 0.04
306900.0 376 91.36 0.31 115138 31176.87 0.36 14846 4929.93 0.39 5041419 2222921.29 19.46 370 106.88 0.39 114282 47479.94 19.46 300 10 0 102300 3410 0 17.4 21.0 17.68 0.04
307800.0 354 91.99 0.36 115492 31268.86 0.36 14824 4933.36 0.39 5056243 2227854.65 19.46 350 106.96 0.39 114632 47586.91 19.46 300 10 0 102600 3420 0 17.4 21.0 17.68 0.04
308700.0 310 91.22 0.31 115802 31360.08 0.36 14784 4933.29 0.39 5071027 2232787.95 19.46 310 106.96 0.39 114942 47693.87 19.46 300 10 0 102900 3430 0 17.4 21.0 17.68 0.04
309600.0 310 91.22 0.31 116112 31451.3 0.36 14794 4936.86 0.39 5085821 2237724.81 19.46 310 106.96 0.39 115252 47800.83 19.46 300 10 0 103200 3440 0 17.4 21.0 17.69 0.04
310500.0 376 91.36 0.31 116488 31542.66 0.36 14851 4935.75 0.39 5100672 2242660.55 19.46 370 106.96 0.39 115622 47907.79 19.46 300 10 0 103500 3450 0 17.4 21.0 17.69 0.04
311400.0 354 91.99 0.36 116842 31634.65 0.36 14821 4932.31 0.39 5115493 2247592.86 19.46 350 106.96 0.39 115972 48014.76 19.46 300 10 0 103800 3460 0 17.4 21.0 17.69 0.04
312300.0 310 91.21 0.31 117152 31725.86 0.36 14772 4924.38 0.39 5130265 2252517.24 19.46 310 106.86 0.39 116282 48121.62 19.46 300 10 0 104100 3470 0 17.4 21.0 17.69 0.04
313200.0 310 91.21 0.31 117462 31817.08 0.36 14779 4926.88 0.39 5145044 2257444.12 19.46 310 106.86 0.39 116592 48228.48 19.46 300 10 0 104400 3480 0 17.3 21.0 17.7 0.05
314100.0 376 91.36 0.31 117838 31908.43 0.36 14837 4926.13 0.39 5159881 2262370.25 19.46 370 106.86 0.39 116962 48335.34 19.46 300 10 0 104700 3490 0 17.3 21.0 17.7 0.05
315000.0 354 91.99 0.36 118192 32000.43 0.36 14813 4924.78 0.39 5174694 2267295.03 19.46 350 106.86 0.39 117312 48442.2 19.46 300 10 0 105000 3500 0 17.3 21.0 17.7 0.05
315900.0 310 91.21 0.31 118502 32091.64 0.36 14764 4922.68 0.39 5189458 2272217.72 19.46 310 106.88 0.39 117622 48549.09 19.46 300 10 0 105300 3510 0 17.3 21.0 17.7 0.05
316800.0 310 91.21 0.31 118812 32182.85 0.36 14767 4923.8 0.39 5204225 2277141.52 19.46 310 106.89 0.39 117932 48655.97 19.46 300 10 0 105600 3520 0 17.3 21.0 17.71 0.05
317700.0 376 91.36 0.31 119188 32274.21 0.36 14824 4922.69 0.39 5219049 2282064.2 19.46 370 106.89 0.39 118302 48762.86 19.46 300 10 0 105900 3530 0 17.3 21.0 17.71 0.05
318600.0 354 91.99 0.36 119542 32366.2 0.36 14799 4921.0 0.39 5233848 2286985.21 19.46 350 106.89 0.39 118652 48869.75 19.46 300 10 0 106200 3540 0 17.3 21.0 17.71 0.05
319500.0 310 91.22 0.31 119852 32457.42 0.36 14752 4922.09 0.39 5248600 2291907.3 19.46 310 106.96 0.39 118962 48976.71 19.46 300 10 0 106500 3550 0 17.3 21.0 17.72 0.05
320400.0 310 91.22 0.31 120162 32548.63 0.36 14756 4923.56 0.39 5263356 2296830.86 19.46 310 106.96 0.39 119272 49083.67 19.46 300 10 0 106800 3560 0 17.3 21.0 17.72 0.05
321300.0 376 91.36 0.31 120538 32639.99 0.36 14814 4922.8 0.39 5278170 2301753.66 19.46 370 106.96 0.39 119642 49190.63 19.46 300 10 0 107100 3570 0 17.3 21.0 17.72 0.05
322200.0 354 91.98 0.36 120892 32731.98 0.36 14788 4909.87 0.39 5292958 2306663.53 19.46 350 106.73 0.39 119992 49297.37 19.46 300 10 0 107400 3580 0 17.3 21.0 17.72 0.05
323100.0 310 91.2 0.31 121202 32823.18 0.36 14747 4896.31 0.39 5307705 2311559.84 19.46 310 106.45 0.39 120302 49403.82 19.46 300 10 0 107700 3590 0 17.3 21.0 17.73 0.05
324000.0 310 91.2 0.31 121512 32914.39 0.36 14751 4897.79 0.39 5322456 2316457.63 19.46 310 106.45 0.39 120612 49510.27 19.46 300 10 0 108000 3600 0 17.3 21.0 17.73 0.06
324900.0 376 91.35 0.31 121888 33005.73 0.36 14810 4897.36 0.39 5337266 2321354.99 19.46 370 106.45 0.39 120982 49616.72 19.46 300 10 0 108300 3610 0 17.3 21.0 17.73 0.06
325800.0 354 91.99 0.36 122242 33097.72 0.36 14779 4914.29 0.39 5352045 2326269.29 19.46 350 106.89 0.39 121332 49723.61 19.46 300 10 0 108600 3620 0 17.3 21.0 17.73 0.06
326700.0 310 91.22 0.31 122552 33188.94 0.36 14737 4916.84 0.39 5366782 2331186.13 19.46 310 106.96 0.39 121642 49830.57 19.46 300 10 0 108900 3630 0 17.3 21.0 17.74 0.06
327600.0 310 91.22 0.31 122862 33280.16 0.36 14739 4917.61 0.39 5381521 2336103.74 19.46 310 106.96 0.39 121952 49937.54 19.46 300 10 0 109200 3640 0 17.2 21.0 17.75 0.06
328500.0 376 91.36 0.31 123238 33371.52 0.36 14797 4916.85 0.39 5396318 2341020.58 19.46 370 106.96 0.39 122322 50044.5 19.46 300 10 0 109500 3650 0 17.2 21.0 17.75 0.06
329400.0 354 91.99 0.36 123592 33463.51 0.36 14764 4912.36 0.39 5411082 2345932.95 19.46 350 106.96 0.39 122672 50151.47 19.46 300 10 0 109800 3660 0 17.2 21.0 17.75 0.06
330300.0 310 91.22 0.31 123902 33554.73 0.36 14726 4912.99 0.39 5425808 2350845.94 19.46 310 106.96 0.39 122982 50258.43 19.46 300 10 0 110100 3670 0 17.2 21.0 17.76 0.06
331200.0 310 91.22 0.31 124212 33645.95 0.36 14733 4915.51 0.39 5440541 2355761.45 19.46 310 106.96 0.39 123292 50365.39 19.46 300 10 0 110400 3680 0 17.2 21.0 17.76 0.06
332100.0 376 91.36 0.31 124588 33737.31 0.36 14790 4914.4 0.39 5455331 2360675.84 19.46 370 106.96 0.39 123662 50472.35 19.46 300 10 0 110700 3690 0 17.2 21.0 17.76 0.06
333000.0 354 91.99 0.36 124942 33829.3 0.36 14749 4903.05 0.39 5470080 2365578.9 19.46 350 106.88 0.39 124012 50579.23 19.46 300 10 0 111000 3700 0 17.2 21.0 17.76 0.06
333900.0 310 91.21 0.31 125252 33920.51 0.36 14695 4898.07 0.39 5484775 2370476.97 19.46 310 106.87 0.39 124322 50686.1 19.46 300 10 0 111300 3710 0 17.2 21.0 17.77 0.06
334800.0 310 91.21 0.31 125562 34011.72 0.36 14702 4900.6 0.39 5499477 2375377.57 19.46 310 106.88 0.39 124632 50792.98 19.46 300 10 0 111600 3720 0 17.2 21.0 17.78 0.07
335700.0 376 91.36 0.31 125938 34103.08 0.36 14746 4894.93 0.39 5514223 2380272.5 19.46 370 106.88 0.39 125002 50899.85 19.46 300 10 0 111900 3730 0 17.2 21.0 17.78 0.07
336600.0 354 91.99 0.36 126292 34195.08 0.36 14717 4895.91 0.39 5528940 2385168.41 19.46 350 106.96 0.39 125352 51006.82 19.46 300 10 0 112200 3740 0 17.2 21.0 17.78 0.07
337500.0 310 91.22 0.31 126602 34286.29 0.36 14663 4890.94 0.39 5543603 2390059.35 19.46 310 106.96 0.39 125662 51113.78 19.46 300 10 0 112500 3750 0 17.2 21.0 17.78 0.07
338400.0 310 91.22 0.31 126912 34377.51 0.36 14680 4896.96 0.39 5558283 2394956.31 19.46 310 106.96 0.39 125972 51220.74 19.46 300 10 0 112800 3760 0 17.2 21.0 17.79 0.07
339300.0 376 91.36 0.31 127288 34468.87 0.36 14731 4893.75 0.39 5573014 2399850.06 19.46 370 106.96 0.39 126342 51327.71 19.46 300 10 0 113100 3770 0 17.2 21.0 17.79 0.07
340200.0 354 91.99 0.36 127642 34560.86 0.36 14695 4884.39 0.39 5587709 2404734.45 19.46 350 106.88 0.39 126692 51434.59 19.46 300 10 0 113400 3780 0 17.2 21.0 17.79 0.07
341100.0 310 91.21 0.31 127952 34652.07 0.36 14636 4877.67 0.39 5602345 2409612.12 19.46 310 106.88 0.39 127002 51541.47 19.46 300 10 0 113700 3790 0 17.2 21.0 17.8 0.07
342000.0 310 91.21 0.31 128262 34743.29 0.36 14638 4878.44 0.39 5616983 2414490.56 19.46 310 106.88 0.39 127312 51648.35 19.46 300 10 0 114000 3800 0 17.2 21.0 17.8 0.07
342900.0 376 91.35 0.31 128638 34834.64 0.36 14694 4876.98 0.39 5631677 2419367.53 19.46 370 106.88 0.39 127682 51755.23 19.46 300 10 0 114300 3810 0 17.2 21.0 17.8 0.07
343800.0 354 91.99 0.36 128992 34926.63 0.36 14661 4867.15 0.39 5646338 2424234.68 19.46 350 106.77 0.39 128032 51862.0 19.46 300 10 0 114600 3820 0 17.2 21.0 17.8 0.07
344700.0 310 91.21 0.31 129302 35017.84 0.36 14616 4865.33 0.39 5660954 2429100.01 19.46 310 106.76 0.39 128342 51968.76 19.46 300 10 0 114900 3830 0 17.2 21.0 17.8 0.07
345600.0 310 91.21 0.31 129612 35109.05 0.36 14613 4864.34 0.39 5675567 2433964.35 19.46 310 106.77 0.39 128652 52075.53 19.46 300 10 0 115200 3840 0 17.2 21.0 17.8 0.08
