# seed = 8, gamma = 0.33, beta = 0.33, dee = 0.1, dcc = 5.0, dec = 1000.0, dsCnd = 150.0, dLocalhost = 0.02, hostBroker = CLOUD 
#
# The columns have the following meaning: 
# instant[SECONDS] commCountUploadPartial delaySumUploadPartial[SECONDS] delayMaxUploadPartial[SECONDS] commCountUploadTot delaySumUploadTot[SECONDS] delayMaxUploadTot[SECONDS] commCountDownloadPartial delaySumDownloadPartial[SECONDS] delayMaxDownloadPartial[SECONDS] commCountDownloadTot delaySumDownloadTot[SECONDS] delayMaxDownloadTot[SECONDS] commCountDownloadMaxPartial delaySumDownloadMaxPartial[SECONDS] delayMaxDownloadMaxPartial[SECONDS] commCountDownloadMaxTot delaySumDownloadMaxTot[SECONDS] delayMaxDownloadMaxTot[SECONDS] runOnCloudPartial runOnEdgePartial runOnSmartphonePartial runOnCloudTot runOnEdgeTot runOnSmartphoneTot minTemp maxTemp avgTemp varianceTemp
0.0 0 0.0 0.0 0 0.0 0.0 0 0.0 0.0 0 0.0 0.0 0 0.0 0.0 0 0.0 0.0 0 0 0 0 0 0 17.0 25.0 21.0 0.0
900.0 376 115.36 1.15 376 115.36 1.15 15771 6017.79 1.18 15771 6017.79 1.18 370 360.08 1.18 370 360.08 1.18 208 3 99 208 3 99 18.9 21.0 19.13 0.43
1800.0 356 116.07 1.15 732 231.43 1.15 16060 165436.18 21.34 31831 171453.97 21.34 352 3468.04 21.34 722 3828.12 21.34 208 3 99 416 6 198 18.9 18.9 18.9 0.0
2700.0 310 115.22 1.15 1042 346.65 1.15 15712 6043.74 1.19 47543 177497.71 21.34 310 360.48 1.19 1032 4188.6 21.34 208 3 99 624 9 297 17.6 18.9 18.28 0.06
3600.0 310 115.22 1.15 1352 461.88 1.15 15712 6043.67 1.19 63255 183541.39 21.34 310 360.47 1.19 1342 4549.06 21.34 208 3 99 832 12 396 17.6 18.9 18.24 0.06
4500.0 376 115.35 1.15 1728 577.23 1.15 15768 6040.31 1.19 79023 189581.69 21.34 370 360.5 1.19 1712 4909.56 21.34 208 3 99 1040 15 495 17.6 18.7 18.24 0.05
5400.0 356 116.07 1.15 2084 693.3 1.15 16084 12436.0 21.4 95107 202017.69 21.4 352 381.93 21.4 2064 5291.49 21.4 208 3 99 1248 18 594 17.6 18.7 18.24 0.05
6300.0 310 115.23 1.15 2394 808.53 1.15 15761 6056.34 1.19 110868 208074.03 21.4 310 360.63 1.19 2374 5652.12 21.4 208 3 99 1456 21 693 17.6 18.7 18.24 0.05
7200.0 310 115.23 1.15 2704 923.75 1.15 15759 6052.81 1.19 126627 214126.84 21.4 310 360.62 1.19 2684 6012.73 21.4 208 3 99 1664 24 792 17.6 18.7 18.25 0.04
8100.0 376 115.37 1.15 3080 1039.12 1.15 15814 6051.08 1.19 142441 220177.92 21.4 370 360.75 1.19 3054 6373.48 21.4 208 3 99 1872 27 891 17.6 18.7 18.25 0.04
9000.0 356 116.07 1.15 3436 1155.19 1.15 16113 12449.43 21.43 158554 232627.35 21.43 352 382.01 21.43 3406 6755.49 21.43 208 3 99 2080 30 990 17.6 18.7 18.25 0.04
9900.0 310 115.23 1.15 3746 1270.42 1.15 15775 6059.21 1.19 174329 238686.56 21.43 310 360.68 1.19 3716 7116.17 21.43 208 3 99 2288 33 1089 17.6 18.7 18.22 0.04
10800.0 310 115.23 1.15 4056 1385.64 1.15 15776 6059.08 1.19 190105 244745.63 21.43 310 360.67 1.19 4026 7476.84 21.43 208 3 99 2496 36 1188 17.6 18.7 18.15 0.05
11700.0 376 115.37 1.15 4432 1501.01 1.15 15836 6059.71 1.19 205941 250805.35 21.43 370 360.8 1.19 4396 7837.64 21.43 208 3 99 2704 39 1287 17.6 18.7 18.15 0.05
12600.0 354 116.0 1.15 4786 1617.02 1.15 15793 6043.72 1.19 221734 256849.06 21.43 350 360.72 1.19 4746 8198.36 21.43 208 3 99 2912 42 1386 17.6 18.7 18.15 0.05
13500.0 310 115.23 1.15 5096 1732.24 1.15 15723 6024.32 1.19 237457 262873.38 21.43 310 360.72 1.19 5056 8559.08 21.43 208 3 99 3120 45 1485 17.6 18.7 18.15 0.05
14400.0 310 115.23 1.15 5406 1847.47 1.15 15726 6026.44 1.19 253183 268899.82 21.43 310 360.7 1.19 5366 8919.78 21.43 208 3 99 3328 48 1584 17.6 18.7 18.13 0.05
15300.0 376 115.37 1.15 5782 1962.84 1.15 15785 6025.96 1.19 268968 274925.78 21.43 370 360.84 1.19 5736 9280.62 21.43 208 3 99 3536 51 1683 17.6 18.7 18.13 0.05
16200.0 354 116.0 1.15 6136 2078.84 1.15 15758 6012.12 1.19 284726 280937.9 21.43 350 360.62 1.19 6086 9641.24 21.43 208 3 99 3744 54 1782 17.6 18.7 18.13 0.05
17100.0 310 115.22 1.15 6446 2194.06 1.15 15717 6008.1 1.19 300443 286946.0 21.43 310 360.56 1.19 6396 10001.8 21.43 208 3 99 3952 57 1881 17.6 18.7 18.11 0.04
18000.0 310 115.22 1.15 6756 2309.29 1.15 15720 6010.28 1.19 316163 292956.28 21.43 310 360.54 1.19 6706 10362.34 21.43 208 3 99 4160 60 1980 17.6 18.7 18.1 0.04
18900.0 376 115.37 1.15 7132 2424.65 1.15 15778 6008.59 1.19 331941 298964.87 21.43 370 360.67 1.19 7076 10723.01 21.43 208 3 99 4368 63 2079 17.6 18.6 18.1 0.04
19800.0 354 116.0 1.15 7486 2540.66 1.15 15752 6008.59 1.19 347693 304973.46 21.43 350 360.67 1.19 7426 11083.68 21.43 208 3 99 4576 66 2178 17.6 18.6 18.1 0.04
20700.0 310 115.23 1.15 7796 2655.88 1.15 15721 6015.63 1.19 363414 310989.09 21.43 310 360.66 1.19 7736 11444.34 21.43 208 3 99 4784 69 2277 17.6 18.6 18.08 0.03
21600.0 310 115.23 1.15 8106 2771.11 1.15 15723 6016.63 1.19 379137 317005.71 21.43 310 360.64 1.19 8046 11804.98 21.43 208 3 99 4992 72 2376 17.6 18.6 18.07 0.03
22500.0 376 115.37 1.15 8482 2886.48 1.15 15783 6017.26 1.19 394920 323022.98 21.43 370 360.78 1.19 8416 12165.76 21.43 208 3 99 5200 75 2475 17.6 18.6 18.07 0.03
23400.0 354 116.0 1.15 8836 3002.48 1.15 15753 6011.0 1.19 410673 329033.98 21.43 350 360.69 1.19 8766 12526.45 21.43 208 3 99 5408 78 2574 17.6 18.6 18.07 0.03
24300.0 310 115.23 1.15 9146 3117.71 1.15 15717 6017.43 1.19 426390 335051.41 21.43 310 360.74 1.19 9076 12887.2 21.43 208 3 99 5616 81 2673 17.5 18.6 18.05 0.03
25200.0 310 115.23 1.15 9456 3232.93 1.15 15723 6023.02 1.19 442113 341074.43 21.43 310 360.73 1.19 9386 13247.92 21.43 208 3 99 5824 84 2772 17.5 18.6 18.04 0.03
26100.0 376 115.37 1.15 9832 3348.3 1.15 15781 6021.38 1.19 457894 347095.81 21.43 370 360.86 1.19 9756 13608.78 21.43 208 3 99 6032 87 2871 17.5 18.6 18.03 0.03
27000.0 354 116.0 1.15 10186 3464.31 1.15 15751 6011.54 1.19 473645 353107.35 21.43 350 360.75 1.19 10106 13969.53 21.43 208 3 99 6240 90 2970 17.5 18.6 18.03 0.03
27900.0 310 115.23 1.15 10496 3579.54 1.15 15718 6013.12 1.19 489363 359120.47 21.43 310 360.68 1.19 10416 14330.21 21.43 208 3 99 6448 93 3069 17.5 18.6 18.01 0.03
28800.0 310 115.23 1.15 10806 3694.76 1.15 15727 6017.58 1.19 505090 365138.05 21.43 310 360.66 1.19 10726 14690.87 21.43 208 3 99 6656 96 3168 17.5 18.6 17.99 0.03
29700.0 376 115.37 1.15 11182 3810.13 1.15 15786 6017.05 1.19 520876 371155.11 21.43 370 360.8 1.19 11096 15051.67 21.43 208 3 99 6864 99 3267 17.5 18.6 17.99 0.03
30600.0 354 116.0 1.15 11536 3926.13 1.15 15749 6002.65 1.19 536625 377157.76 21.43 350 360.69 1.19 11446 15412.36 21.43 208 3 99 7072 102 3366 17.5 18.6 17.99 0.03
31500.0 310 115.23 1.15 11846 4041.36 1.15 15717 6013.98 1.19 552342 383171.74 21.43 310 360.74 1.19 11756 15773.1 21.43 208 3 99 7280 105 3465 17.4 18.6 17.97 0.03
32400.0 310 115.23 1.15 12156 4156.59 1.15 15722 6019.57 1.19 568064 389191.31 21.43 310 360.73 1.19 12066 16133.83 21.43 208 3 99 7488 108 3564 17.4 18.6 17.95 0.03
33300.0 376 115.37 1.15 12532 4271.96 1.15 15782 6020.23 1.19 583846 395211.54 21.43 370 360.86 1.19 12436 16494.69 21.43 208 3 99 7696 111 3663 17.4 18.5 17.95 0.03
34200.0 354 116.0 1.15 12886 4387.96 1.15 15742 6006.94 1.19 599588 401218.49 21.43 350 360.75 1.19 12786 16855.44 21.43 208 3 99 7904 114 3762 17.4 18.5 17.95 0.03
35100.0 310 115.23 1.15 13196 4503.19 1.15 15711 6011.69 1.19 615299 407230.17 21.43 310 360.74 1.19 13096 17216.18 21.43 208 3 99 8112 117 3861 17.4 18.5 17.93 0.03
36000.0 310 115.23 1.15 13506 4618.42 1.15 15722 6018.42 1.19 631021 413248.59 21.43 310 360.73 1.19 13406 17576.91 21.43 208 3 99 8320 120 3960 17.4 18.5 17.91 0.03
36900.0 376 115.37 1.15 13882 4733.79 1.15 15780 6016.78 1.19 646801 419265.37 21.43 370 360.86 1.19 13776 17937.77 21.43 208 3 99 8528 123 4059 17.4 18.5 17.91 0.03
37800.0 354 116.0 1.15 14236 4849.79 1.15 15738 5994.76 1.19 662539 425260.13 21.43 350 360.67 1.19 14126 18298.43 21.43 208 3 99 8736 126 4158 17.4 18.5 17.91 0.03
38700.0 310 115.23 1.15 14546 4965.01 1.15 15709 6006.38 1.19 678248 431266.51 21.43 310 360.66 1.19 14436 18659.09 21.43 208 3 99 8944 129 4257 17.3 18.5 17.88 0.03
39600.0 310 115.23 1.15 14856 5080.24 1.15 15722 6015.44 1.19 693970 437281.95 21.43 310 360.64 1.19 14746 19019.74 21.43 208 3 99 9152 132 4356 17.3 18.5 17.87 0.04
40500.0 376 115.37 1.15 15232 5195.61 1.15 15779 6014.92 1.19 709749 443296.87 21.43 370 360.78 1.19 15116 19380.51 21.43 208 3 99 9360 135 4455 17.3 18.5 17.87 0.04
41400.0 354 116.0 1.15 15586 5311.61 1.15 15738 6001.19 1.19 725487 449298.06 21.43 350 360.75 1.19 15466 19741.26 21.43 208 3 99 9568 138 4554 17.3 18.5 17.87 0.04
42300.0 310 115.23 1.15 15896 5426.84 1.15 15700 6001.92 1.19 741187 455299.98 21.43 310 360.69 1.19 15776 20101.95 21.43 208 3 99 9776 141 4653 17.3 18.5 17.84 0.04
43200.0 310 115.23 1.15 16206 5542.07 1.15 15714 6009.83 1.19 756901 461309.81 21.43 310 360.67 1.19 16086 20462.62 21.43 208 3 99 9984 144 4752 17.3 18.5 17.83 0.04
44100.0 376 115.37 1.15 16582 5657.43 1.15 15773 6009.31 1.19 772674 467319.12 21.43 370 360.8 1.19 16456 20823.42 21.43 208 3 99 10192 147 4851 17.2 18.4 17.82 0.04
45000.0 354 116.0 1.15 16936 5773.44 1.15 15739 5997.2 1.19 788413 473316.33 21.43 350 360.69 1.19 16806 21184.11 21.43 208 3 99 10400 150 4950 17.2 18.4 17.82 0.04
45900.0 310 115.23 1.15 17246 5888.66 1.15 15706 6005.48 1.19 804119 479321.8 21.43 310 360.69 1.19 17116 21544.8 21.43 208 3 99 10608 153 5049 17.2 18.4 17.8 0.05
46800.0 310 115.23 1.15 17556 6003.89 1.15 15713 6013.39 1.19 819832 485335.19 21.43 310 360.67 1.19 17426 21905.47 21.43 208 3 99 10816 156 5148 17.2 18.5 17.79 0.06
47700.0 376 115.37 1.15 17932 6119.26 1.15 15770 6010.57 1.19 835602 491345.76 21.43 370 360.81 1.19 17796 22266.28 21.43 208 3 99 11024 159 5247 17.2 18.5 17.78 0.06
48600.0 354 116.0 1.15 18286 6235.26 1.15 15728 5992.71 1.19 851330 497338.47 21.43 350 360.69 1.19 18146 22626.97 21.43 208 3 99 11232 162 5346 17.2 18.5 17.78 0.06
49500.0 310 115.23 1.15 18596 6350.49 1.15 15705 6005.94 1.19 867035 503344.41 21.43 310 360.74 1.19 18456 22987.71 21.43 208 3 99 11440 165 5445 17.1 18.5 17.76 0.06
50400.0 310 115.23 1.15 18906 6465.72 1.15 15719 6013.82 1.19 882754 509358.23 21.43 310 360.73 1.19 18766 23348.44 21.43 208 3 99 11648 168 5544 17.1 18.5 17.74 0.07
51300.0 376 115.37 1.15 19282 6581.09 1.15 15778 6013.33 1.19 898532 515371.56 21.43 370 360.86 1.19 19136 23709.3 21.43 208 3 99 11856 171 5643 17.1 18.5 17.74 0.07
52200.0 354 116.0 1.15 19636 6697.09 1.15 15735 5995.44 1.19 914267 521367.0 21.43 350 360.75 1.19 19486 24070.05 21.43 208 3 99 12064 174 5742 17.1 18.5 17.74 0.07
53100.0 310 115.23 1.15 19946 6812.32 1.15 15692 5996.74 1.19 929959 527363.74 21.43 310 360.74 1.19 19796 24430.79 21.43 208 3 99 12272 177 5841 17.1 18.5 17.72 0.07
54000.0 310 115.23 1.15 20256 6927.55 1.15 15702 6006.92 1.19 945661 533370.66 21.43 310 360.73 1.19 20106 24791.52 21.43 208 3 99 12480 180 5940 17.1 18.6 17.71 0.08
54900.0 376 115.37 1.15 20632 7042.92 1.15 15759 6005.28 1.19 961420 539375.93 21.43 370 360.86 1.19 20476 25152.38 21.43 208 3 99 12688 183 6039 17.1 18.6 17.71 0.08
55800.0 354 116.0 1.15 20986 7158.92 1.15 15728 5995.44 1.19 977148 545371.38 21.43 350 360.75 1.19 20826 25513.13 21.43 208 3 99 12896 186 6138 17.1 18.6 17.71 0.08
56700.0 310 115.23 1.15 21296 7274.15 1.15 15699 6002.49 1.19 992847 551373.86 21.43 310 360.74 1.19 21136 25873.87 21.43 208 3 99 13104 189 6237 17.1 18.6 17.69 0.09
57600.0 310 115.23 1.15 21606 7389.38 1.15 15712 6012.67 1.19 1008559 557386.53 21.43 310 360.73 1.19 21446 26234.6 21.43 208 3 99 13312 192 6336 17.1 18.6 17.67 0.09
58500.0 376 115.37 1.15 21982 7504.74 1.15 15772 6013.33 1.19 1024331 563399.86 21.43 370 360.86 1.19 21816 26595.46 21.43 208 3 99 13520 195 6435 17.1 18.6 17.67 0.09
59400.0 354 116.0 1.15 22336 7620.75 1.15 15727 5991.97 1.19 1040058 569391.83 21.43 350 360.72 1.19 22166 26956.19 21.43 208 3 99 13728 198 6534 17.1 18.6 17.67 0.09
60300.0 310 115.23 1.15 22646 7735.98 1.15 15692 5994.42 1.19 1055750 575386.24 21.43 310 360.72 1.19 22476 27316.91 21.43 208 3 99 13936 201 6633 17.0 18.6 17.65 0.1
61200.0 310 115.23 1.15 22956 7851.2 1.15 15701 5999.99 1.19 1071451 581386.24 21.43 310 360.7 1.19 22786 27677.61 21.43 208 3 99 14144 204 6732 17.0 18.6 17.64 0.1
62100.0 376 115.37 1.15 23332 7966.57 1.15 15757 5997.21 1.19 1087208 587383.44 21.43 370 360.84 1.19 23156 28038.45 21.43 208 3 99 14352 207 6831 17.0 18.6 17.64 0.1
63000.0 354 116.0 1.15 23686 8082.57 1.15 15718 5979.33 1.19 1102926 593362.77 21.43 350 360.63 1.19 23506 28399.08 21.43 208 3 99 14560 210 6930 17.0 18.6 17.64 0.1
63900.0 310 115.22 1.15 23996 8197.8 1.15 15689 5983.31 1.19 1118615 599346.08 21.43 310 360.57 1.19 23816 28759.65 21.43 208 3 99 14768 213 7029 17.0 18.6 17.63 0.11
64800.0 310 115.22 1.15 24306 8313.02 1.15 15693 5986.64 1.19 1134308 605332.72 21.43 310 360.55 1.19 24126 29120.2 21.43 208 3 99 14976 216 7128 17.0 18.6 17.62 0.12
65700.0 376 115.35 1.15 24682 8428.37 1.15 15752 5985.63 1.19 1150060 611318.34 21.43 370 360.58 1.19 24496 29480.78 21.43 208 3 99 15184 219 7227 17.0 18.6 17.62 0.12
66600.0 354 116.0 1.15 25036 8544.37 1.15 15713 5971.68 1.19 1165773 617290.03 21.43 350 360.55 1.19 24846 29841.33 21.43 208 3 99 15392 222 7326 17.0 18.6 17.62 0.12
67500.0 310 115.22 1.15 25346 8659.6 1.15 15672 5966.73 1.19 1181445 623256.75 21.43 310 360.49 1.19 25156 30201.82 21.43 208 3 99 15600 225 7425 17.0 18.6 17.61 0.12
68400.0 310 115.22 1.15 25656 8774.82 1.15 15676 5968.94 1.19 1197121 629225.69 21.43 310 360.47 1.19 25466 30562.29 21.43 208 3 99 15808 228 7524 17.0 18.7 17.6 0.12
69300.0 376 115.36 1.15 26032 8890.18 1.15 15735 5969.51 1.19 1212856 635195.2 21.43 370 360.6 1.19 25836 30922.89 21.43 208 3 99 16016 231 7623 17.0 18.7 17.6 0.12
70200.0 354 116.0 1.15 26386 9006.18 1.15 15703 5963.33 1.19 1228559 641158.53 21.43 350 360.54 1.19 26186 31283.43 21.43 208 3 99 16224 234 7722 17.0 18.7 17.6 0.12
71100.0 310 115.22 1.15 26696 9121.41 1.15 15668 5965.56 1.19 1244227 647124.1 21.43 310 360.53 1.19 26496 31643.97 21.43 208 3 99 16432 237 7821 17.0 18.7 17.6 0.13
72000.0 310 115.22 1.15 27006 9236.63 1.15 15673 5970.05 1.19 1259900 653094.15 21.43 310 360.52 1.19 26806 32004.48 21.43 208 3 99 16640 240 7920 17.0 18.7 17.59 0.13
72900.0 376 115.35 1.15 27382 9351.98 1.15 15730 5967.88 1.19 1275630 659062.03 21.43 370 360.55 1.19 27176 32365.04 21.43 208 3 99 16848 243 8019 17.0 18.7 17.58 0.13
73800.0 354 116.0 1.15 27736 9467.98 1.15 15703 5963.17 1.19 1291333 665025.2 21.43 350 360.54 1.19 27526 32725.58 21.43 208 3 99 17056 246 8118 17.0 18.7 17.58 0.13
74700.0 310 115.22 1.15 28046 9583.21 1.15 15666 5967.3 1.19 1306999 670992.5 21.43 310 360.59 1.19 27836 33086.17 21.43 208 3 99 17264 249 8217 17.0 18.7 17.58 0.13
75600.0 310 115.22 1.15 28356 9698.43 1.15 15660 5960.29 1.19 1322659 676952.79 21.43 310 360.58 1.19 28146 33446.74 21.43 208 3 99 17472 252 8316 17.0 18.7 17.57 0.13
76500.0 376 115.37 1.15 28732 9813.8 1.15 15720 5960.89 1.19 1338379 682913.69 21.43 370 360.71 1.19 28516 33807.45 21.43 208 3 99 17680 255 8415 17.0 18.7 17.57 0.13
77400.0 354 116.0 1.15 29086 9929.8 1.15 15686 5949.86 1.19 1354065 688863.54 21.43 350 360.57 1.19 28866 34168.02 21.43 208 3 99 17888 258 8514 17.0 18.7 17.57 0.13
78300.0 310 115.22 1.15 29396 10045.02 1.15 15652 5953.41 1.19 1369717 694816.95 21.43 310 360.57 1.19 29176 34528.59 21.43 208 3 99 18096 261 8613 17.0 18.7 17.57 0.13
79200.0 310 115.22 1.15 29706 10160.25 1.15 15654 5954.44 1.19 1385371 700771.39 21.43 310 360.55 1.19 29486 34889.14 21.43 208 3 99 18304 264 8712 17.0 18.6 17.56 0.13
80100.0 376 115.35 1.15 30082 10275.6 1.15 15714 5954.58 1.19 1401085 706725.96 21.43 370 360.58 1.19 29856 35249.72 21.43 208 3 99 18512 267 8811 17.0 18.6 17.56 0.13
81000.0 354 116.0 1.15 30436 10391.6 1.15 15682 5945.93 1.19 1416767 712671.89 21.43 350 360.61 1.19 30206 35610.33 21.43 208 3 99 18720 270 8910 17.0 18.6 17.56 0.13
81900.0 310 115.23 1.15 30746 10506.83 1.15 15649 5957.07 1.19 1432416 718628.96 21.43 310 360.66 1.19 30516 35970.99 21.43 208 3 99 18928 273 9009 17.0 18.6 17.56 0.13
82800.0 310 115.23 1.15 31056 10622.05 1.15 15650 5959.23 1.19 1448066 724588.19 21.43 310 360.65 1.19 30826 36331.64 21.43 208 3 99 19136 276 9108 17.0 18.6 17.56 0.12
83700.0 376 115.37 1.15 31432 10737.42 1.15 15707 5958.71 1.19 1463773 730546.9 21.43 370 360.78 1.19 31196 36692.42 21.43 208 3 99 19344 279 9207 17.0 18.6 17.56 0.12
84600.0 354 116.0 1.15 31786 10853.42 1.15 15678 5950.05 1.19 1479451 736496.95 21.43 350 360.67 1.19 31546 37053.09 21.43 208 3 99 19552 282 9306 17.0 18.6 17.56 0.12
85500.0 310 115.23 1.15 32096 10968.65 1.15 15645 5951.95 1.19 1495096 742448.9 21.43 310 360.61 1.19 31856 37413.69 21.43 208 3 99 19760 285 9405 17.0 18.6 17.57 0.12
86400.0 310 115.23 1.15 32406 11083.87 1.15 15650 5955.26 1.19 1510746 748404.17 21.43 310 360.59 1.19 32166 37774.28 21.43 208 3 99 19968 288 9504 17.0 18.6 17.57 0.11
87300.0 376 115.37 1.15 32782 11199.24 1.15 15710 5955.89 1.19 1526456 754360.06 21.43 370 360.72 1.19 32536 38135.01 21.43 208 3 99 20176 291 9603 17.0 18.6 17.57 0.11
88200.0 354 116.0 1.15 33136 11315.25 1.15 15677 5951.31 1.19 1542133 760311.37 21.43 350 360.69 1.19 32886 38495.7 21.43 208 3 99 20384 294 9702 17.0 18.6 17.57 0.11
89100.0 310 115.23 1.15 33446 11430.47 1.15 15696 6001.34 1.19 1557829 766312.71 21.43 310 360.74 1.19 33196 38856.44 21.43 208 3 99 20592 297 9801 17.0 18.6 17.59 0.08
90000.0 310 115.23 1.15 33756 11545.7 1.15 15730 6031.07 1.19 1573559 772343.78 21.43 310 360.73 1.19 33506 39217.17 21.43 208 3 99 20800 300 9900 17.1 18.5 17.67 0.05
90900.0 376 115.37 1.15 34132 11661.07 1.15 15789 6030.58 1.19 1589348 778374.35 21.43 370 360.86 1.19 33876 39578.03 21.43 208 3 99 21008 303 9999 17.1 18.5 17.67 0.05
91800.0 354 116.0 1.15 34486 11777.07 1.15 15744 6003.06 1.19 1605092 784377.42 21.43 350 360.6 1.19 34226 39938.63 21.43 208 3 99 21216 306 10098 17.1 19.8 17.7 0.09
92700.0 310 115.22 1.15 34796 11892.29 1.15 15757 6032.79 1.19 1620849 790410.21 21.43 310 360.47 1.19 34536 40299.11 21.43 208 3 99 21424 309 10197 17.1 23.8 19.48 2.79
93600.0 310 115.22 1.15 35106 12007.52 1.15 15757 6031.55 1.19 1636606 796441.75 21.43 310 360.46 1.19 34846 40659.57 21.43 208 3 99 21632 312 10296 17.1 23.8 20.69 5.01
94500.0 376 115.36 1.15 35482 12122.88 1.15 15811 6027.52 1.19 1652417 802469.27 21.43 370 360.59 1.19 35216 41020.16 21.43 208 3 99 21840 315 10395 17.1 23.8 20.72 5.03
95400.0 354 116.0 1.15 35836 12238.88 1.15 15788 6025.82 1.19 1668205 808495.09 21.43 350 360.48 1.19 35566 41380.64 21.43 208 3 99 22048 318 10494 17.1 23.8 20.73 5.03
96300.0 310 115.22 1.15 36146 12354.1 1.15 15761 6037.39 1.19 1683966 814532.48 21.43 310 360.47 1.19 35876 41741.11 21.43 208 3 99 22256 321 10593 17.1 24.0 21.1 4.85
97200.0 310 115.22 1.15 36456 12469.33 1.15 15760 6037.3 1.19 1699726 820569.78 21.43 310 360.46 1.19 36186 42101.57 21.43 208 3 99 22464 324 10692 17.4 24.0 21.22 4.92
98100.0 376 115.36 1.15 36832 12584.69 1.15 15819 6036.72 1.19 1715545 826606.5 21.43 370 360.59 1.19 36556 42462.16 21.43 208 3 99 22672 327 10791 17.4 24.0 21.22 4.92
99000.0 354 116.0 1.15 37186 12700.69 1.15 15796 6031.44 1.19 1731341 832637.94 21.43 350 360.43 1.19 36906 42822.59 21.43 208 3 99 22880 330 10890 17.4 24.0 21.23 4.9
99900.0 310 115.22 1.15 37496 12815.91 1.15 15756 6030.37 1.19 1747097 838668.31 21.43 310 360.43 1.19 37216 43183.02 21.43 208 3 99 23088 333 10989 17.4 24.0 21.5 4.16
100800.0 310 115.22 1.15 37806 12931.13 1.15 15752 6025.67 1.19 1762849 844693.99 21.43 310 360.41 1.19 37526 43543.43 21.43 208 3 99 23296 336 11088 17.7 24.0 21.56 4.07
101700.0 376 115.36 1.15 38182 13046.49 1.15 15812 6026.26 1.19 1778661 850720.24 21.43 370 360.54 1.19 37896 43903.97 21.43 208 3 99 23504 339 11187 17.8 24.0 21.56 4.06
102600.0 354 116.0 1.15 38536 13162.49 1.15 15785 6020.08 1.19 1794446 856740.32 21.43 350 360.41 1.19 38246 44264.38 21.43 208 3 99 23712 342 11286 17.8 24.0 21.57 4.04
103500.0 310 115.22 1.15 38846 13277.71 1.15 15753 6027.06 1.19 1810199 862767.38 21.43 310 360.41 1.19 38556 44624.79 21.43 208 3 99 23920 345 11385 17.8 24.0 21.79 3.29
104400.0 310 115.22 1.15 39156 13392.93 1.15 15753 6026.96 1.19 1825952 868794.33 21.43 310 360.39 1.19 38866 44985.18 21.43 208 3 99 24128 348 11484 18.2 24.0 21.86 3.18
105300.0 376 115.36 1.15 39532 13508.3 1.15 15810 6025.24 1.19 1841762 874819.57 21.43 370 360.52 1.19 39236 45345.7 21.43 208 3 99 24336 351 11583 18.5 24.0 21.86 3.17
106200.0 354 116.0 1.15 39886 13624.29 1.15 15788 6020.12 1.19 1857550 880839.69 21.43 350 360.32 1.19 39586 45706.02 21.43 208 3 99 24544 354 11682 18.5 24.0 21.86 3.16
107100.0 310 115.22 1.15 40196 13739.51 1.15 15748 6018.39 1.19 1873298 886858.08 21.43 310 360.26 1.19 39896 46066.28 21.43 208 3 99 24752 357 11781 18.5 24.0 21.86 2.97
108000.0 310 115.22 1.15 40506 13854.73 1.15 15746 6018.29 1.19 1889044 892876.37 21.43 310 360.24 1.19 40206 46426.52 21.43 208 3 99 24960 360 11880 18.8 24.0 21.86 2.95
108900.0 376 115.36 1.15 40882 13970.09 1.15 15802 6014.27 1.19 1904846 898890.64 21.43 370 360.37 1.19 40576 46786.88 21.43 208 3 99 25168 363 11979 18.9 24.0 21.86 2.95
109800.0 354 115.99 1.15 41236 14086.08 1.15 15781 6012.56 1.19 1920627 904903.2 21.43 350 360.26 1.19 40926 47147.14 21.43 208 3 99 25376 366 12078 18.9 24.0 21.86 2.95
110700.0 310 115.22 1.15 41546 14201.3 1.15 15745 6016.09 1.19 1936372 910919.29 21.43 310 360.26 1.19 41236 47507.4 21.43 208 3 99 25584 369 12177 18.9 24.0 21.75 2.86
111600.0 310 115.22 1.15 41856 14316.52 1.15 15738 6007.94 1.19 1952110 916927.22 21.43 310 360.24 1.19 41546 47867.64 21.43 208 3 99 25792 372 12276 18.9 24.0 21.69 2.75
112500.0 376 115.36 1.15 42232 14431.88 1.15 15796 6006.22 1.19 1967906 922933.44 21.43 370 360.37 1.19 41916 48228.01 21.43 208 3 99 26000 375 12375 18.9 23.9 21.69 2.75
113400.0 354 115.99 1.15 42586 14547.87 1.15 15771 6003.36 1.19 1983677 928936.8 21.43 350 360.26 1.19 42266 48588.27 21.43 208 3 99 26208 378 12474 18.9 23.9 21.72 2.73
114300.0 310 115.22 1.15 42896 14663.09 1.15 15738 6009.19 1.19 1999415 934945.99 21.43 310 360.26 1.19 42576 48948.52 21.43 208 3 99 26416 381 12573 18.9 23.9 23.29 0.38
115200.0 310 115.22 1.15 43206 14778.31 1.15 15737 6007.94 1.19 2015152 940953.93 21.43 310 360.24 1.19 42886 49308.77 21.43 208 3 99 26624 384 12672 18.9 24.0 23.5 0.1
116100.0 376 115.36 1.15 43582 14893.67 1.15 15797 6008.52 1.19 2030949 946962.45 21.43 370 360.37 1.19 43256 49669.13 21.43 208 3 99 26832 387 12771 22.6 24.0 23.52 0.04
117000.0 354 115.99 1.15 43936 15009.66 1.15 15776 6006.81 1.19 2046725 952969.25 21.43 350 360.26 1.19 43606 50029.39 21.43 208 3 99 27040 390 12870 22.6 24.0 23.52 0.04
117900.0 310 115.22 1.15 44246 15124.88 1.15 15736 6006.89 1.19 2062461 958976.14 21.43 310 360.26 1.19 43916 50389.65 21.43 208 3 99 27248 393 12969 22.6 24.0 23.57 0.02
118800.0 310 115.22 1.15 44556 15240.1 1.15 15734 6004.49 1.19 2078195 964980.63 21.43 310 360.24 1.19 44226 50749.89 21.43 208 3 99 27456 396 13068 22.7 24.0 23.6 0.02
119700.0 376 115.36 1.15 44932 15355.46 1.15 15791 6003.92 1.19 2093986 970984.55 21.43 370 360.37 1.19 44596 51110.25 21.43 208 3 99 27664 399 13167 22.7 24.0 23.6 0.02
120600.0 354 115.99 1.15 45286 15471.46 1.15 15771 6003.36 1.19 2109757 976987.91 21.43 350 360.26 1.19 44946 51470.52 21.43 208 3 99 27872 402 13266 22.7 24.0 23.6 0.02
121500.0 310 115.22 1.15 45596 15586.67 1.15 15728 6002.29 1.19 2125485 982990.19 21.43 310 360.26 1.19 45256 51830.77 21.43 208 3 99 28080 405 13365 22.7 24.0 23.64 0.01
122400.0 310 115.22 1.15 45906 15701.89 1.15 15727 6001.04 1.19 2141212 988991.23 21.43 310 360.24 1.19 45566 52191.01 21.43 208 3 99 28288 408 13464 22.8 24.0 23.67 0.01
123300.0 376 115.36 1.15 46282 15817.25 1.15 15786 6000.47 1.19 2156998 994991.7 21.43 370 360.37 1.19 45936 52551.38 21.43 208 3 99 28496 411 13563 22.8 24.0 23.67 0.01
124200.0 354 115.99 1.15 46636 15933.25 1.15 15765 5998.76 1.19 2172763 1000990.46 21.43 350 360.26 1.19 46286 52911.64 21.43 208 3 99 28704 414 13662 22.8 24.0 23.67 0.01
125100.0 310 115.22 1.15 46946 16048.46 1.15 15719 5995.39 1.19 2188482 1006985.85 21.43 310 360.26 1.19 46596 53271.9 21.43 208 3 99 28912 417 13761 22.8 24.0 23.7 0.01
126000.0 310 115.22 1.15 47256 16163.68 1.15 15719 5995.29 1.19 2204201 1012981.13 21.43 310 360.24 1.19 46906 53632.14 21.43 208 3 99 29120 420 13860 22.9 24.0 23.73 0.01
126900.0 376 115.36 1.15 47632 16279.04 1.15 15778 5994.72 1.19 2219979 1018975.85 21.43 370 360.37 1.19 47276 53992.5 21.43 208 3 99 29328 423 13959 22.9 24.0 23.73 0.01
127800.0 354 115.99 1.15 47986 16395.04 1.15 15755 5991.86 1.19 2235734 1024967.71 21.43 350 360.26 1.19 47626 54352.76 21.43 208 3 99 29536 426 14058 22.9 24.0 23.73 0.01
128700.0 310 115.22 1.15 48296 16510.25 1.15 15715 5991.94 1.19 2251449 1030959.65 21.43 310 360.26 1.19 47936 54713.02 21.43 208 3 99 29744 429 14157 22.9 24.0 23.75 0.01
129600.0 310 115.22 1.15 48606 16625.47 1.15 15714 5990.69 1.19 2267163 1036950.34 21.43 310 360.24 1.19 48246 55073.26 21.43 208 3 99 29952 432 14256 23.1 24.0 23.77 0.01
130500.0 376 115.36 1.15 48982 16740.83 1.15 15772 5988.97 1.19 2282935 1042939.3 21.43 370 360.37 1.19 48616 55433.63 21.43 208 3 99 30160 435 14355 23.1 24.0 23.77 0.01
131400.0 354 115.99 1.15 49336 16856.83 1.15 15752 5988.41 1.19 2298687 1048927.71 21.43 350 360.26 1.19 48966 55793.89 21.43 208 3 99 30368 438 14454 23.1 24.0 23.77 0.01
132300.0 310 115.22 1.15 49646 16972.05 1.15 15712 5988.49 1.19 2314399 1054916.2 21.43 310 360.26 1.19 49276 56154.14 21.43 208 3 99 30576 441 14553 23.1 24.0 23.79 0.01
133200.0 310 115.22 1.15 49956 17087.26 1.15 15710 5988.39 1.19 2330109 1060904.59 21.43 310 360.24 1.19 49586 56514.39 21.43 208 3 99 30784 444 14652 23.2 24.0 23.81 0.01
134100.0 376 115.36 1.15 50332 17202.62 1.15 15770 5988.97 1.19 2345879 1066893.56 21.43 370 360.37 1.19 49956 56874.75 21.43 208 3 99 30992 447 14751 23.2 24.0 23.81 0.01
135000.0 354 115.99 1.15 50686 17318.62 1.15 15749 5987.26 1.19 2361628 1072880.81 21.43 350 360.26 1.19 50306 57235.01 21.43 208 3 99 31200 450 14850 23.2 24.0 23.81 0.01
135900.0 310 115.22 1.15 50996 17433.84 1.15 15708 5986.19 1.19 2377336 1078867.0 21.43 310 360.26 1.19 50616 57595.27 21.43 208 3 99 31408 453 14949 23.2 24.0 23.83 0.01
136800.0 310 115.22 1.15 51306 17549.05 1.15 15708 5986.09 1.19 2393044 1084853.09 21.43 310 360.24 1.19 50926 57955.51 21.43 208 3 99 31616 456 15048 23.3 24.0 23.84 0.01
137700.0 376 115.36 1.15 51682 17664.41 1.15 15768 5986.67 1.19 2408812 1090839.76 21.43 370 360.37 1.19 51296 58315.87 21.43 208 3 99 31824 459 15147 23.3 24.0 23.84 0.01
138600.0 354 115.99 1.15 52036 17780.41 1.15 15747 5984.96 1.19 2424559 1096824.72 21.43 350 360.26 1.19 51646 58676.14 21.43 208 3 99 32032 462 15246 23.3 24.0 23.84 0.01
139500.0 310 115.22 1.15 52346 17895.63 1.15 15707 5985.04 1.19 2440266 1102809.75 21.43 310 360.26 1.19 51956 59036.39 21.43 208 3 99 32240 465 15345 23.3 24.0 23.85 0.01
140400.0 310 115.22 1.15 52656 18010.85 1.15 15706 5983.79 1.19 2455972 1108793.54 21.43 310 360.24 1.19 52266 59396.63 21.43 208 3 99 32448 468 15444 23.4 24.0 23.86 0.01
141300.0 376 115.36 1.15 53032 18126.21 1.15 15764 5982.07 1.19 2471736 1114775.61 21.43 370 360.37 1.19 52636 59757.0 21.43 208 3 99 32656 471 15543 23.4 24.0 23.86 0.01
142200.0 354 115.99 1.15 53386 18242.2 1.15 15744 5981.51 1.19 2487480 1120757.12 21.43 350 360.26 1.19 52986 60117.26 21.43 208 3 99 32864 474 15642 23.4 24.0 23.86 0.01
143100.0 310 115.22 1.15 53696 18357.42 1.15 15703 5980.44 1.19 2503183 1126737.56 21.43 310 360.26 1.19 53296 60477.52 21.43 208 3 99 33072 477 15741 23.4 24.0 23.88 0.01
144000.0 310 115.22 1.15 54006 18472.64 1.15 15700 5976.89 1.19 2518883 1132714.44 21.43 310 360.24 1.19 53606 60837.76 21.43 208 3 99 33280 480 15840 23.5 24.0 23.89 0.01
144900.0 376 115.36 1.15 54382 18588.0 1.15 15760 5977.47 1.19 2534643 1138691.91 21.43 370 360.37 1.19 53976 61198.12 21.43 208 3 99 33488 483 15939 23.5 24.0 23.89 0.01
145800.0 354 115.99 1.15 54736 18703.99 1.15 15740 5976.91 1.19 2550383 1144668.82 21.43 350 360.26 1.19 54326 61558.38 21.43 208 3 99 33696 486 16038 23.5 24.0 23.89 0.01
146700.0 310 115.22 1.15 55046 18819.21 1.15 15697 5974.69 1.19 2566080 1150643.51 21.43 310 360.26 1.19 54636 61918.64 21.43 208 3 99 33904 489 16137 23.5 24.0 23.89 0.01
147600.0 310 115.22 1.15 55356 18934.43 1.15 15697 5974.59 1.19 2581777 1156618.1 21.43 310 360.24 1.19 54946 62278.88 21.43 208 3 99 34112 492 16236 23.6 24.0 23.89 0.01
148500.0 376 115.36 1.15 55732 19049.79 1.15 15754 5972.87 1.19 2597531 1162590.96 21.43 370 360.37 1.19 55316 62639.25 21.43 208 3 99 34320 495 16335 23.6 24.0 23.89 0.01
149400.0 354 115.99 1.15 56086 19165.78 1.15 15734 5972.31 1.19 2613265 1168563.27 21.43 350 360.26 1.19 55666 62999.51 21.43 208 3 99 34528 498 16434 23.6 24.0 23.89 0.01
150300.0 310 115.22 1.15 56396 19281.0 1.15 15694 5972.39 1.19 2628959 1174535.66 21.43 310 360.26 1.19 55976 63359.76 21.43 208 3 99 34736 501 16533 23.6 24.0 23.89 0.01
151200.0 310 115.22 1.15 56706 19396.22 1.15 15692 5969.99 1.19 2644651 1180505.65 21.43 310 360.24 1.19 56286 63720.01 21.43 208 3 99 34944 504 16632 23.7 24.0 23.9 0.01
152100.0 376 115.36 1.15 57082 19511.58 1.15 15750 5969.42 1.19 2660401 1186475.07 21.43 370 360.37 1.19 56656 64080.37 21.43 208 3 99 35152 507 16731 23.7 24.0 23.9 0.01
153000.0 354 115.99 1.15 57436 19627.57 1.15 15730 5968.86 1.19 2676131 1192443.92 21.43 350 360.26 1.19 57006 64440.63 21.43 208 3 99 35360 510 16830 23.7 24.0 23.9 0.01
153900.0 310 115.22 1.15 57746 19742.79 1.15 15689 5968.94 1.19 2691820 1198412.86 21.43 310 360.26 1.19 57316 64800.89 21.43 208 3 99 35568 513 16929 23.7 24.0 23.9 0.01
154800.0 310 115.22 1.15 58056 19858.01 1.15 15684 5965.39 1.19 2707504 1204378.25 21.43 310 360.24 1.19 57626 65161.13 21.43 208 3 99 35776 516 17028 23.6 24.0 23.9 0.01
155700.0 376 115.36 1.15 58432 19973.37 1.15 15744 5965.97 1.19 2723248 1210344.22 21.43 370 360.37 1.19 57996 65521.49 21.43 208 3 99 35984 519 17127 23.6 24.0 23.9 0.01
156600.0 354 115.99 1.15 58786 20089.36 1.15 15724 5965.41 1.19 2738972 1216309.62 21.43 350 360.26 1.19 58346 65881.76 21.43 208 3 99 36192 522 17226 23.6 24.0 23.89 0.01
157500.0 310 115.22 1.15 59096 20204.58 1.15 15684 5965.49 1.19 2754656 1222275.11 21.43 310 360.26 1.19 58656 66242.01 21.43 208 3 99 36400 525 17325 23.6 24.0 23.89 0.01
158400.0 310 115.22 1.15 59406 20319.8 1.15 15684 5965.39 1.19 2770340 1228240.5 21.43 310 360.24 1.19 58966 66602.25 21.43 208 3 99 36608 528 17424 23.5 24.0 23.89 0.01
159300.0 376 115.36 1.15 59782 20435.16 1.15 15743 5964.82 1.19 2786083 1234205.32 21.43 370 360.37 1.19 59336 66962.62 21.43 208 3 99 36816 531 17523 23.5 24.0 23.89 0.01
160200.0 354 115.99 1.15 60136 20551.16 1.15 15721 5961.96 1.19 2801804 1240167.28 21.43 350 360.26 1.19 59686 67322.88 21.43 208 3 99 37024 534 17622 23.5 24.0 23.89 0.01
161100.0 310 115.22 1.15 60446 20666.37 1.15 15681 5962.04 1.19 2817485 1246129.32 21.43 310 360.26 1.19 59996 67683.14 21.43 208 3 99 37232 537 17721 23.5 24.0 23.87 0.02
162000.0 310 115.22 1.15 60756 20781.59 1.15 15677 5961.94 1.19 2833162 1252091.25 21.43 310 360.24 1.19 60306 68043.38 21.43 208 3 99 37440 540 17820 23.4 24.0 23.87 0.02
162900.0 376 115.35 1.15 61132 20896.94 1.15 15735 5960.91 1.19 2848897 1258052.16 21.43 370 360.27 1.19 60676 68403.65 21.43 208 3 99 37648 543 17919 23.4 24.0 23.87 0.02
163800.0 354 115.99 1.15 61486 21012.93 1.15 15715 5960.81 1.19 2864612 1264012.97 21.43 350 360.26 1.19 61026 68763.91 21.43 208 3 99 37856 546 18018 23.4 24.0 23.87 0.02
164700.0 310 115.22 1.15 61796 21128.15 1.15 15675 5960.89 1.19 2880287 1269973.85 21.43 310 360.26 1.19 61336 69124.17 21.43 208 3 99 38064 549 18117 23.4 24.0 23.85 0.02
165600.0 310 115.22 1.15 62106 21243.37 1.15 15674 5959.64 1.19 2895961 1275933.49 21.43 310 360.24 1.19 61646 69484.41 21.43 208 3 99 38272 552 18216 23.3 24.0 23.84 0.02
166500.0 376 115.36 1.15 62482 21358.73 1.15 15733 5959.07 1.19 2911694 1281892.56 21.43 370 360.37 1.19 62016 69844.77 21.43 208 3 99 38480 555 18315 23.3 24.0 23.83 0.02
167400.0 354 115.99 1.15 62836 21474.72 1.15 15711 5956.21 1.19 2927405 1287848.77 21.43 350 360.26 1.19 62366 70205.04 21.43 208 3 99 38688 558 18414 23.3 24.0 23.83 0.02
168300.0 310 115.22 1.15 63146 21589.94 1.15 15669 5953.99 1.19 2943074 1293802.76 21.43 310 360.26 1.19 62676 70565.29 21.43 208 3 99 38896 561 18513 23.3 24.0 23.81 0.02
169200.0 310 115.22 1.15 63456 21705.16 1.15 15669 5953.89 1.19 2958743 1299756.64 21.43 310 360.24 1.19 62986 70925.53 21.43 208 3 99 39104 564 18612 23.2 24.0 23.8 0.02
170100.0 376 115.35 1.15 63832 21820.5 1.15 15729 5954.01 1.19 2974472 1305710.65 21.43 370 360.27 1.19 63356 71285.81 21.43 208 3 99 39312 567 18711 23.2 24.0 23.8 0.02
171000.0 354 115.99 1.15 64186 21936.5 1.15 15707 5952.76 1.19 2990179 1311663.4 21.43 350 360.26 1.19 63706 71646.07 21.43 208 3 99 39520 570 18810 23.2 24.0 23.8 0.02
171900.0 310 115.22 1.15 64496 22051.72 1.15 15665 5951.69 1.19 3005844 1317615.09 21.43 310 360.26 1.19 64016 72006.32 21.43 208 3 99 39728 573 18909 23.2 24.0 23.78 0.03
172800.0 310 115.22 1.15 64806 22166.94 1.15 15663 5950.44 1.19 3021507 1323565.53 21.43 310 360.24 1.19 64326 72366.57 21.43 208 3 99 39936 576 19008 23.1 24.0 23.76 0.03
173700.0 376 115.36 1.15 65182 22282.3 1.15 15717 5945.27 1.19 3037224 1329510.8 21.43 370 360.37 1.19 64696 72726.93 21.43 208 3 99 40144 579 19107 23.1 24.0 23.76 0.03
174600.0 354 115.99 1.15 65536 22398.29 1.15 15695 5943.56 1.19 3052919 1335454.36 21.43 350 360.26 1.19 65046 73087.19 21.43 208 3 99 40352 582 19206 23.1 24.0 23.76 0.03
175500.0 310 115.22 1.15 65846 22513.51 1.15 15651 5941.34 1.19 3068570 1341395.69 21.43 310 360.26 1.19 65356 73447.45 21.43 208 3 99 40560 585 19305 23.1 24.0 23.71 0.03
176400.0 310 115.22 1.15 66156 22628.73 1.15 15646 5937.79 1.19 3084216 1347333.48 21.43 310 360.24 1.19 65666 73807.69 21.43 208 3 99 40768 588 19404 22.9 23.9 23.7 0.03
177300.0 376 115.36 1.15 66532 22744.09 1.15 15704 5936.07 1.19 3099920 1353269.55 21.43 370 360.37 1.19 66036 74168.05 21.43 208 3 99 40976 591 19503 22.9 23.9 23.7 0.03
178200.0 354 115.99 1.15 66886 22860.08 1.15 15682 5934.36 1.19 3115602 1359203.91 21.43 350 360.26 1.19 66386 74528.32 21.43 208 3 99 41184 594 19602 22.9 23.9 23.7 0.03
179100.0 310 115.22 1.15 67196 22975.3 1.15 15645 5939.04 1.19 3131247 1365142.95 21.43 310 360.26 1.19 66696 74888.57 21.43 208 3 99 41392 597 19701 22.9 23.9 23.63 0.03
180000.0 310 115.22 1.15 67506 23090.52 1.15 15650 5940.09 1.19 3146897 1371083.03 21.43 310 360.24 1.19 67006 75248.81 21.43 208 3 99 41600 600 19800 22.8 23.9 23.6 0.03
180900.0 376 115.36 1.15 67882 23205.88 1.15 15710 5940.67 1.19 3162607 1377023.7 21.43 370 360.37 1.19 67376 75609.18 21.43 208 3 99 41808 603 19899 22.8 23.9 23.6 0.03
181800.0 354 115.99 1.15 68236 23321.87 1.15 15672 5925.16 1.19 3178279 1382948.86 21.43 350 360.26 1.19 67726 75969.44 21.43 208 3 99 42016 606 19998 22.8 23.9 23.6 0.03
182700.0 310 115.22 1.15 68546 23437.09 1.15 15645 5937.89 1.19 3193924 1388886.75 21.43 310 360.26 1.19 68036 76329.7 21.43 208 3 99 42224 609 20097 22.8 23.8 23.51 0.03
183600.0 310 115.22 1.15 68856 23552.31 1.15 15647 5935.49 1.19 3209571 1394822.23 21.43 310 360.24 1.19 68346 76689.94 21.43 208 3 99 42432 612 20196 22.7 23.8 23.47 0.02
184500.0 376 115.36 1.15 69232 23667.67 1.15 15701 5930.32 1.19 3225272 1400752.55 21.43 370 360.37 1.19 68716 77050.3 21.43 208 3 99 42640 615 20295 22.7 23.8 23.47 0.02
185400.0 354 115.99 1.15 69586 23783.66 1.15 15677 5927.46 1.19 3240949 1406680.01 21.43 350 360.26 1.19 69066 77410.57 21.43 208 3 99 42848 618 20394 22.7 23.8 23.46 0.02
186300.0 310 115.22 1.15 69896 23898.88 1.15 15638 5927.54 1.19 3256587 1412607.55 21.43 310 360.26 1.19 69376 77770.82 21.43 208 3 99 43056 621 20493 22.7 23.7 23.34 0.03
187200.0 310 115.22 1.15 70206 24014.1 1.15 15634 5926.29 1.19 3272221 1418533.83 21.43 310 360.24 1.19 69686 78131.06 21.43 208 3 99 43264 624 20592 22.4 23.7 23.29 0.03
188100.0 376 115.36 1.15 70582 24129.46 1.15 15692 5924.57 1.19 3287913 1424458.4 21.43 370 360.37 1.19 70056 78491.43 21.43 208 3 99 43472 627 20691 22.4 23.7 23.29 0.03
189000.0 354 115.99 1.15 70936 24245.45 1.15 15669 5922.86 1.19 3303582 1430381.26 21.43 350 360.26 1.19 70406 78851.69 21.43 208 3 99 43680 630 20790 22.4 23.7 23.28 0.03
189900.0 310 115.22 1.15 71246 24360.67 1.15 15626 5922.94 1.19 3319208 1436304.2 21.43 310 360.26 1.19 70716 79211.95 21.43 208 3 99 43888 633 20889 22.4 23.6 23.12 0.03
190800.0 310 115.22 1.15 71556 24475.89 1.15 15627 5922.84 1.19 3334835 1442227.03 21.43 310 360.24 1.19 71026 79572.19 21.43 208 3 99 44096 636 20988 22.1 23.5 23.04 0.03
191700.0 376 115.36 1.15 71932 24591.25 1.15 15686 5922.27 1.19 3350521 1448149.3 21.43 370 360.37 1.19 71396 79932.55 21.43 208 3 99 44304 639 21087 22.1 23.5 23.03 0.03
192600.0 354 115.99 1.15 72286 24707.25 1.15 15658 5914.81 1.19 3366179 1454064.11 21.43 350 360.26 1.19 71746 80292.81 21.43 208 3 99 44512 642 21186 22.1 23.5 23.03 0.03
193500.0 310 115.22 1.15 72596 24822.46 1.15 15619 5918.34 1.19 3381798 1459982.45 21.43 310 360.26 1.19 72056 80653.07 21.43 208 3 99 44720 645 21285 22.1 23.4 22.84 0.04
194400.0 310 115.22 1.15 72906 24937.68 1.15 15623 5919.39 1.19 3397421 1465901.83 21.43 310 360.24 1.19 72366 81013.31 21.43 208 3 99 44928 648 21384 22.0 23.3 22.74 0.03
195300.0 376 115.36 1.15 73282 25053.04 1.15 15680 5917.67 1.19 3413101 1471819.5 21.43 370 360.37 1.19 72736 81373.68 21.43 208 3 99 45136 651 21483 22.0 23.3 22.74 0.03
196200.0 354 115.99 1.15 73636 25169.04 1.15 15658 5915.96 1.19 3428759 1477735.46 21.43 350 360.26 1.19 73086 81733.94 21.43 208 3 99 45344 654 21582 22.0 23.3 22.73 0.03
197100.0 310 115.22 1.15 73946 25284.25 1.15 15609 5910.29 1.19 3444368 1483645.75 21.43 310 360.26 1.19 73396 82094.19 21.43 208 3 99 45552 657 21681 22.0 23.1 22.54 0.03
198000.0 310 115.22 1.15 74256 25399.47 1.15 15587 5891.79 1.19 3459955 1489537.53 21.43 310 360.24 1.19 73706 82454.43 21.43 208 3 99 45760 660 21780 22.0 23.1 22.43 0.03
198900.0 376 115.36 1.15 74632 25514.83 1.15 15646 5891.22 1.19 3475601 1495428.75 21.43 370 360.37 1.19 74076 82814.8 21.43 208 3 99 45968 663 21879 22.0 23.1 22.42 0.03
199800.0 354 115.99 1.15 74986 25630.83 1.15 15622 5888.36 1.19 3491223 1501317.11 21.43 350 360.26 1.19 74426 83175.06 21.43 208 3 99 46176 666 21978 22.0 23.1 22.42 0.03
200700.0 310 115.22 1.15 75296 25746.05 1.15 15604 5904.54 1.19 3506827 1507221.65 21.43 310 360.26 1.19 74736 83535.32 21.43 208 3 99 46384 669 22077 22.0 22.8 22.26 0.02
201600.0 310 115.22 1.15 75606 25861.26 1.15 15603 5903.29 1.19 3522430 1513124.93 21.43 310 360.24 1.19 75046 83895.56 21.43 208 3 99 46592 672 22176 22.0 22.8 22.18 0.02
202500.0 376 115.36 1.15 75982 25976.62 1.15 15662 5902.72 1.19 3538092 1519027.65 21.43 370 360.37 1.19 75416 84255.92 21.43 208 3 99 46800 675 22275 22.0 22.8 22.18 0.02
203400.0 354 115.99 1.15 76336 26092.62 1.15 15631 5895.26 1.19 3553723 1524922.91 21.43 350 360.26 1.19 75766 84616.19 21.43 208 3 99 47008 678 22374 22.0 22.8 22.18 0.02
204300.0 310 115.22 1.15 76646 26207.84 1.15 15601 5899.94 1.19 3569324 1530822.85 21.43 310 360.26 1.19 76076 84976.44 21.43 208 3 99 47216 681 22473 22.0 22.6 22.07 0.01
205200.0 310 115.22 1.15 76956 26323.05 1.15 15600 5898.69 1.19 3584924 1536721.53 21.43 310 360.24 1.19 76386 85336.68 21.43 208 3 99 47424 684 22572 22.0 22.6 22.06 0.01
206100.0 376 115.35 1.15 77332 26438.4 1.15 15658 5896.51 1.19 3600582 1542618.04 21.43 370 360.27 1.19 76756 85696.96 21.43 208 3 99 47632 687 22671 22.0 22.6 22.06 0.01
207000.0 354 115.99 1.15 77686 26554.39 1.15 15627 5889.51 1.19 3616209 1548507.55 21.43 350 360.26 1.19 77106 86057.22 21.43 208 3 99 47840 690 22770 22.0 22.6 22.06 0.01
207900.0 310 115.22 1.15 77996 26669.61 1.15 15598 5897.64 1.19 3631807 1554405.18 21.43 310 360.26 1.19 77416 86417.47 21.43 208 3 99 48048 693 22869 22.0 22.2 22.02 0.0
208800.0 310 115.22 1.15 78306 26784.83 1.15 15592 5891.79 1.19 3647399 1560296.97 21.43 310 360.24 1.19 77726 86777.71 21.43 208 3 99 48256 696 22968 22.0 22.2 22.02 0.0
209700.0 376 115.36 1.15 78682 26900.19 1.15 15651 5891.22 1.19 3663050 1566188.19 21.43 370 360.37 1.19 78096 87138.08 21.43 208 3 99 48464 699 23067 22.0 22.2 22.02 0.0
210600.0 354 115.99 1.15 79036 27016.19 1.15 15619 5882.61 1.19 3678669 1572070.8 21.43 350 360.26 1.19 78446 87498.34 21.43 208 3 99 48672 702 23166 22.0 22.2 22.02 0.0
211500.0 310 115.22 1.15 79346 27131.4 1.15 15575 5879.24 1.19 3694244 1577950.03 21.43 310 360.26 1.19 78756 87858.6 21.43 208 3 99 48880 705 23265 22.0 22.0 22.0 0.0
212400.0 310 115.22 1.15 79656 27246.62 1.15 15575 5879.14 1.19 3709819 1583829.17 21.43 310 360.24 1.19 79066 88218.84 21.43 208 3 99 49088 708 23364 22.0 22.0 22.0 0.0
213300.0 376 115.35 1.15 80032 27361.97 1.15 15631 5876.96 1.19 3725450 1589706.13 21.43 370 360.27 1.19 79436 88579.11 21.43 208 3 99 49296 711 23463 22.0 22.0 22.0 0.0
214200.0 354 115.99 1.15 80386 27477.96 1.15 15604 5869.96 1.19 3741054 1595576.08 21.43 350 360.26 1.19 79786 88939.37 21.43 208 3 99 49504 714 23562 22.0 22.0 22.0 0.0
215100.0 310 115.22 1.15 80696 27593.18 1.15 15563 5868.89 1.19 3756617 1601444.97 21.43 310 360.26 1.19 80096 89299.63 21.43 208 3 99 49712 717 23661 22.0 22.0 22.0 0.0
216000.0 310 115.22 1.15 81006 27708.4 1.15 15557 5865.34 1.19 3772174 1607310.31 21.43 310 360.24 1.19 80406 89659.87 21.43 208 3 99 49920 720 23760 22.0 22.0 22.0 0.0
216900.0 376 115.36 1.15 81382 27823.76 1.15 15614 5864.77 1.19 3787788 1613175.08 21.43 370 360.37 1.19 80776 90020.24 21.43 208 3 99 50128 723 23859 22.0 22.0 22.0 0.0
217800.0 354 115.99 1.15 81736 27939.75 1.15 15594 5864.21 1.19 3803382 1619039.28 21.43 350 360.26 1.19 81126 90380.5 21.43 208 3 99 50336 726 23958 22.0 22.0 22.0 0.0
218700.0 310 115.22 1.15 82046 28054.97 1.15 15549 5859.69 1.19 3818931 1624898.97 21.43 310 360.26 1.19 81436 90740.75 21.43 208 3 99 50544 729 24057 22.0 22.0 22.0 0.0
219600.0 310 115.22 1.15 82356 28170.19 1.15 15545 5857.29 1.19 3834476 1630756.26 21.43 310 360.24 1.19 81746 91100.99 21.43 208 3 99 50752 732 24156 22.0 22.0 22.0 0.0
220500.0 376 115.36 1.15 82732 28285.55 1.15 15600 5853.27 1.19 3850076 1636609.52 21.43 370 360.37 1.19 82116 91461.36 21.43 208 3 99 50960 735 24255 22.0 22.0 22.0 0.0
221400.0 354 116.0 1.15 83086 28401.55 1.15 15580 5855.89 1.19 3865656 1642465.42 21.43 350 360.3 1.19 82466 91821.66 21.43 208 3 99 51168 738 24354 20.6 22.0 21.99 0.01
222300.0 310 115.22 1.15 83396 28516.76 1.15 15641 5933.98 1.19 3881297 1648399.4 21.43 310 360.32 1.19 82776 92181.98 21.43 208 3 99 51376 741 24453 19.8 22.0 21.1 0.1
223200.0 310 115.22 1.15 83706 28631.98 1.15 15665 5952.28 1.19 3896962 1654351.68 21.43 310 360.3 1.19 83086 92542.28 21.43 208 3 99 51584 744 24552 19.8 22.0 20.55 0.16
224100.0 376 115.36 1.15 84082 28747.34 1.15 15725 5952.86 1.19 3912687 1660304.54 21.43 370 360.43 1.19 83456 92902.7 21.43 208 3 99 51792 747 24651 19.8 21.8 20.53 0.15
225000.0 354 116.0 1.15 84436 28863.34 1.15 15705 5951.72 1.19 3928392 1666256.26 21.43 350 360.31 1.19 83806 93263.01 21.43 208 3 99 52000 750 24750 19.8 21.8 20.53 0.15
225900.0 310 115.22 1.15 84746 28978.56 1.15 15666 5954.54 1.19 3944058 1672210.8 21.43 310 360.31 1.19 84116 93623.33 21.43 208 3 99 52208 753 24849 19.8 21.7 20.48 0.13
226800.0 310 115.22 1.15 85056 29093.78 1.15 15667 5954.43 1.19 3959725 1678165.23 21.43 310 360.3 1.19 84426 93983.62 21.43 208 3 99 52416 756 24948 19.8 21.7 20.44 0.15
227700.0 376 115.36 1.15 85432 29209.14 1.15 15727 5955.02 1.19 3975452 1684120.25 21.43 370 360.42 1.19 84796 94344.05 21.43 208 3 99 52624 759 25047 19.8 21.7 20.44 0.15
228600.0 354 116.0 1.15 85786 29325.14 1.15 15702 5948.73 1.19 3991154 1690068.98 21.43 350 360.32 1.19 85146 94704.37 21.43 208 3 99 52832 762 25146 19.8 21.7 20.44 0.15
229500.0 310 115.22 1.15 86096 29440.36 1.15 15662 5950.64 1.19 4006816 1696019.61 21.43 310 360.3 1.19 85456 95064.67 21.43 208 3 99 53040 765 25245 19.8 21.6 20.43 0.14
230400.0 310 115.22 1.15 86406 29555.57 1.15 15662 5950.53 1.19 4022478 1701970.14 21.43 310 360.29 1.19 85766 95424.96 21.43 208 3 99 53248 768 25344 19.9 21.6 20.42 0.14
231300.0 376 115.35 1.15 86782 29670.92 1.15 15721 5949.5 1.19 4038199 1707919.65 21.43 370 360.32 1.19 86136 95785.28 21.43 208 3 99 53456 771 25443 19.8 21.6 20.42 0.14
232200.0 354 116.0 1.15 87136 29786.92 1.15 15699 5947.25 1.19 4053898 1713866.9 21.43 350 360.31 1.19 86486 96145.59 21.43 208 3 99 53664 774 25542 19.8 21.6 20.42 0.14
233100.0 310 115.22 1.15 87446 29902.14 1.15 15661 5948.96 1.19 4069559 1719815.86 21.43 310 360.32 1.19 86796 96505.91 21.43 208 3 99 53872 777 25641 19.8 21.5 20.47 0.15
234000.0 310 115.22 1.15 87756 30017.36 1.15 15659 5947.71 1.19 4085218 1725763.57 21.43 310 360.3 1.19 87106 96866.21 21.43 208 3 99 54080 780 25740 19.8 21.5 20.46 0.15
234900.0 376 115.36 1.15 88132 30132.72 1.15 15719 5948.29 1.19 4100937 1731711.86 21.43 370 360.43 1.19 87476 97226.63 21.43 208 3 99 54288 783 25839 19.8 21.5 20.46 0.15
235800.0 354 116.0 1.15 88486 30248.71 1.15 15692 5939.82 1.19 4116629 1737651.68 21.43 350 360.3 1.19 87826 97586.94 21.43 208 3 99 54496 786 25938 19.8 21.5 20.46 0.15
236700.0 310 115.22 1.15 88796 30363.93 1.15 15660 5948.22 1.19 4132289 1743599.89 21.43 310 360.28 1.19 88136 97947.22 21.43 208 3 99 54704 789 26037 19.8 21.4 20.51 0.15
237600.0 310 115.22 1.15 89106 30479.15 1.15 15659 5945.81 1.19 4147948 1749545.7 21.43 310 360.26 1.19 88446 98307.48 21.43 208 3 99 54912 792 26136 19.8 21.4 20.52 0.15
238500.0 376 115.35 1.15 89482 30594.49 1.15 15713 5942.48 1.19 4163661 1755488.18 21.43 370 360.3 1.19 88816 98667.77 21.43 208 3 99 55120 795 26235 19.7 21.4 20.52 0.15
239400.0 354 116.0 1.15 89836 30710.49 1.15 15681 5933.85 1.19 4179342 1761422.03 21.43 350 360.3 1.19 89166 99028.07 21.43 208 3 99 55328 798 26334 19.7 21.4 20.52 0.15
240300.0 310 115.22 1.15 90146 30825.71 1.15 15644 5937.39 1.19 4194986 1767359.42 21.43 310 360.29 1.19 89476 99388.36 21.43 208 3 99 55536 801 26433 19.7 21.5 20.56 0.16
241200.0 310 115.22 1.15 90456 30940.93 1.15 15637 5931.53 1.19 4210623 1773290.95 21.43 310 360.28 1.19 89786 99748.64 21.43 208 3 99 55744 804 26532 19.7 21.6 20.56 0.16
242100.0 376 115.36 1.15 90832 31056.29 1.15 15696 5930.97 1.19 4226319 1779221.92 21.43 370 360.4 1.19 90156 100109.04 21.43 208 3 99 55952 807 26631 19.7 21.6 20.56 0.16
243000.0 354 116.0 1.15 91186 31172.28 1.15 15661 5919.15 1.19 4241980 1785141.07 21.43 350 360.3 1.19 90506 100469.34 21.43 208 3 99 56160 810 26730 19.7 21.6 20.57 0.16
243900.0 310 115.22 1.15 91496 31287.5 1.15 15646 5934.57 1.19 4257626 1791075.64 21.43 310 360.3 1.19 90816 100829.65 21.43 208 3 99 56368 813 26829 19.7 21.7 20.61 0.18
244800.0 310 115.22 1.15 91806 31402.72 1.15 15640 5932.16 1.19 4273266 1797007.8 21.43 310 360.29 1.19 91126 101189.94 21.43 208 3 99 56576 816 26928 19.7 21.8 20.61 0.18
245700.0 376 115.36 1.15 92182 31518.08 1.15 15700 5932.75 1.19 4288966 1802940.55 21.43 370 360.41 1.19 91496 101550.35 21.43 208 3 99 56784 819 27027 19.6 21.8 20.61 0.18
246600.0 354 116.0 1.15 92536 31634.08 1.15 15651 5913.59 1.19 4304617 1808854.14 21.43 350 360.31 1.19 91846 101910.66 21.43 208 3 99 56992 822 27126 19.6 21.8 20.61 0.18
247500.0 310 115.22 1.15 92846 31749.3 1.15 15629 5923.79 1.19 4320246 1814777.93 21.43 310 360.3 1.19 92156 102270.95 21.43 208 3 99 57200 825 27225 19.6 21.8 20.6 0.19
248400.0 310 115.22 1.15 93156 31864.52 1.15 15630 5924.84 1.19 4335876 1820702.77 21.43 310 360.28 1.19 92466 102631.24 21.43 208 3 99 57408 828 27324 19.6 21.9 20.6 0.2
249300.0 376 115.36 1.15 93532 31979.88 1.15 15684 5921.97 1.19 4351560 1826624.74 21.43 370 360.41 1.19 92836 102991.64 21.43 208 3 99 57616 831 27423 19.5 21.9 20.6 0.2
250200.0 354 116.0 1.15 93886 32095.87 1.15 15642 5906.61 1.19 4367202 1832531.35 21.43 350 360.31 1.19 93186 103351.95 21.43 208 3 99 57824 834 27522 19.5 21.9 20.6 0.2
251100.0 310 115.22 1.15 94196 32211.09 1.15 15626 5926.29 1.19 4382828 1838457.65 21.43 310 360.3 1.19 93496 103712.25 21.43 208 3 99 58032 837 27621 19.5 21.9 20.57 0.21
252000.0 310 115.22 1.15 94506 32326.31 1.15 15635 5935.39 1.19 4398463 1844393.03 21.43 310 360.28 1.19 93806 104072.53 21.43 208 3 99 58240 840 27720 19.5 22.0 20.54 0.23
252900.0 376 115.36 1.15 94882 32441.67 1.15 15693 5934.82 1.19 4414156 1850327.86 21.43 370 360.41 1.19 94176 104432.94 21.43 208 3 99 58448 843 27819 19.5 22.0 20.53 0.24
253800.0 354 116.0 1.15 95236 32557.67 1.15 15651 5915.69 1.19 4429807 1856243.55 21.43 350 360.3 1.19 94526 104793.24 21.43 208 3 99 58656 846 27918 19.5 22.0 20.53 0.24
254700.0 310 115.22 1.15 95546 32672.89 1.15 15660 5948.15 1.19 4445467 1862191.7 21.43 310 360.3 1.19 94836 105153.54 21.43 208 3 99 58864 849 28017 19.5 22.0 20.41 0.24
255600.0 310 115.22 1.15 95856 32788.11 1.15 15665 5951.5 1.19 4461132 1868143.2 21.43 310 360.28 1.19 95146 105513.83 21.43 208 3 99 59072 852 28116 19.5 21.8 20.37 0.25
256500.0 376 115.36 1.15 96232 32903.47 1.15 15725 5952.08 1.19 4476857 1874095.28 21.43 370 360.41 1.19 95516 105874.24 21.43 208 3 99 59280 855 28215 19.3 21.8 20.37 0.26
257400.0 354 116.0 1.15 96586 33019.46 1.15 15668 5924.96 1.19 4492525 1880020.24 21.43 350 360.3 1.19 95866 106234.54 21.43 208 3 99 59488 858 28314 19.3 21.8 20.37 0.26
258300.0 310 115.22 1.15 96896 33134.68 1.15 15672 5960.04 1.19 4508197 1885980.28 21.43 310 360.31 1.19 96176 106594.85 21.43 208 3 99 59696 861 28413 19.3 21.8 20.19 0.24
259200.0 310 115.22 1.15 97206 33249.9 1.15 15675 5963.39 1.19 4523872 1891943.67 21.43 310 360.29 1.19 96486 106955.14 21.43 208 3 99 59904 864 28512 19.3 21.6 20.12 0.28
260100.0 376 115.36 1.15 97582 33365.26 1.15 15735 5963.97 1.19 4539607 1897907.64 21.43 370 360.42 1.19 96856 107315.56 21.43 208 3 99 60112 867 28611 19.2 21.6 20.12 0.28
261000.0 356 116.07 1.15 97938 33481.33 1.15 16024 167031.48 21.42 4555631 2064939.12 21.43 352 3494.25 21.42 97208 110809.81 21.43 208 3 99 60320 870 28710 19.2 21.6 20.12 0.28
261900.0 310 115.22 1.15 98248 33596.55 1.15 15691 5974.93 1.19 4571322 2070914.04 21.43 310 360.26 1.19 97518 111170.07 21.43 208 3 99 60528 873 28809 18.9 21.6 19.62 0.23
262800.0 310 115.22 1.15 98558 33711.76 1.15 15690 5974.82 1.19 4587012 2076888.87 21.43 310 360.25 1.19 97828 111530.32 21.43 208 3 99 60736 876 28908 18.9 20.8 19.59 0.24
263700.0 376 115.36 1.15 98934 33827.12 1.15 15750 5975.41 1.19 4602762 2082864.28 21.43 370 360.37 1.19 98198 111890.69 21.43 208 3 99 60944 879 29007 18.9 20.8 19.59 0.24
264600.0 356 116.07 1.15 99290 33943.19 1.15 16037 166873.28 21.41 4618799 2249737.56 21.43 352 3491.51 21.41 98550 115382.2 21.43 208 3 99 61152 882 29106 18.9 20.8 19.59 0.24
265500.0 310 115.23 1.15 99600 34058.42 1.15 15730 6034.85 1.19 4634529 2255772.41 21.43 310 360.61 1.19 98860 115742.82 21.43 208 3 99 61360 885 29205 17.3 20.8 18.03 0.17
266400.0 310 115.23 1.15 99910 34173.65 1.15 15745 6046.19 1.19 4650274 2261818.6 21.43 310 360.6 1.19 99170 116103.41 21.43 208 3 99 61568 888 29304 17.3 18.9 17.8 0.03
267300.0 376 115.37 1.15 100286 34289.02 1.15 15805 6046.84 1.19 4666079 2267865.44 21.43 370 360.73 1.19 99540 116464.14 21.43 208 3 99 61776 891 29403 17.3 18.8 17.8 0.02
268200.0 356 116.08 1.15 100642 34405.09 1.15 16095 166777.95 21.41 4682174 2434643.39 21.43 352 3489.58 21.41 99892 119953.72 21.43 208 3 99 61984 894 29502 17.3 18.8 17.8 0.02
269100.0 310 115.23 1.15 100952 34520.32 1.15 15733 6041.61 1.19 4697907 2440685.0 21.43 310 360.59 1.19 100202 120314.31 21.43 208 3 99 62192 897 29601 17.3 18.8 17.76 0.02
270000.0 310 115.23 1.15 101262 34635.54 1.15 15734 6041.48 1.19 4713641 2446726.48 21.43 310 360.57 1.19 100512 120674.88 21.43 208 3 99 62400 900 29700 17.3 18.7 17.75 0.02
270900.0 376 115.37 1.15 101638 34750.91 1.15 15794 6042.09 1.19 4729435 2452768.58 21.43 370 360.7 1.19 100882 121035.58 21.43 208 3 99 62608 903 29799 17.3 18.7 17.75 0.02
271800.0 354 116.0 1.15 101992 34866.92 1.15 15772 6039.67 1.19 4745207 2458808.24 21.43 350 360.58 1.19 101232 121396.17 21.43 208 3 99 62816 906 29898 17.3 18.7 17.75 0.02
272700.0 310 115.23 1.15 102302 34982.14 1.15 15732 6039.76 1.19 4760939 2464848.01 21.43 310 360.58 1.19 101542 121756.74 21.43 208 3 99 63024 909 29997 17.3 18.7 17.74 0.02
273600.0 310 115.23 1.15 102612 35097.37 1.15 15731 6038.5 1.19 4776670 2470886.5 21.43 310 360.56 1.19 101852 122117.3 21.43 208 3 99 63232 912 30096 17.3 18.6 17.73 0.02
274500.0 376 115.37 1.15 102988 35212.74 1.15 15787 6036.8 1.19 4792457 2476923.3 21.43 370 360.69 1.19 102222 122477.99 21.43 208 3 99 63440 915 30195 17.3 18.6 17.73 0.02
275400.0 354 116.0 1.15 103342 35328.74 1.15 15766 6038.15 1.19 4808223 2482961.45 21.43 350 360.62 1.19 102572 122838.61 21.43 208 3 99 63648 918 30294 17.3 18.6 17.73 0.02
276300.0 310 115.23 1.15 103652 35443.97 1.15 15726 6036.73 1.19 4823949 2488998.19 21.43 310 360.58 1.19 102882 123199.19 21.43 208 3 99 63856 921 30393 17.3 18.6 17.71 0.02
277200.0 310 115.23 1.15 103962 35559.19 1.15 15726 6037.76 1.19 4839675 2495035.95 21.43 310 360.57 1.19 103192 123559.76 21.43 208 3 99 64064 924 30492 17.3 18.5 17.7 0.02
278100.0 376 115.35 1.15 104338 35674.55 1.15 15786 6037.9 1.19 4855461 2501073.85 21.43 370 360.6 1.19 103562 123920.36 21.43 208 3 99 64272 927 30591 17.3 18.5 17.7 0.02
279000.0 354 116.0 1.15 104692 35790.55 1.15 15762 6033.08 1.19 4871223 2507106.93 21.43 350 360.56 1.19 103912 124280.93 21.43 208 3 99 64480 930 30690 17.3 18.5 17.7 0.02
279900.0 310 115.23 1.15 105002 35905.78 1.15 15723 6034.71 1.19 4886946 2513141.64 21.43 310 360.59 1.19 104222 124641.52 21.43 208 3 99 64688 933 30789 17.3 18.5 17.69 0.02
280800.0 310 115.23 1.15 105312 36021.0 1.15 15725 6035.73 1.19 4902671 2519177.37 21.43 310 360.57 1.19 104532 125002.09 21.43 208 3 99 64896 936 30888 17.3 18.4 17.68 0.02
281700.0 376 115.37 1.15 105688 36136.37 1.15 15783 6034.04 1.19 4918454 2525211.41 21.43 370 360.7 1.19 104902 125362.79 21.43 208 3 99 65104 939 30987 17.3 18.4 17.68 0.02
282600.0 354 116.0 1.15 106042 36252.37 1.15 15758 6027.07 1.19 4934212 2531238.49 21.43 350 360.56 1.19 105252 125723.35 21.43 208 3 99 65312 942 31086 17.3 18.4 17.68 0.02
283500.0 310 115.23 1.15 106352 36367.6 1.15 15718 6022.79 1.19 4949930 2537261.28 21.43 310 360.49 1.19 105562 126083.84 21.43 208 3 99 65520 945 31185 17.3 18.4 17.67 0.01
284400.0 310 115.23 1.15 106662 36482.82 1.15 15719 6023.84 1.19 4965649 2543285.12 21.43 310 360.47 1.19 105872 126444.31 21.43 208 3 99 65728 948 31284 17.3 18.3 17.67 0.01
285300.0 376 115.37 1.15 107038 36598.19 1.15 15779 6024.42 1.19 4981428 2549309.54 21.43 370 360.6 1.19 106242 126804.92 21.43 208 3 99 65936 951 31383 17.3 18.3 17.67 0.01
286200.0 354 116.0 1.15 107392 36714.19 1.15 15757 6024.96 1.19 4997185 2555334.5 21.43 350 360.52 1.19 106592 127165.43 21.43 208 3 99 66144 954 31482 17.3 18.3 17.67 0.01
287100.0 310 115.23 1.15 107702 36829.42 1.15 15710 6021.07 1.19 5012895 2561355.57 21.43 310 360.55 1.19 106902 127525.98 21.43 208 3 99 66352 957 31581 17.3 18.3 17.66 0.01
288000.0 310 115.23 1.15 108012 36944.64 1.15 15710 6020.94 1.19 5028605 2567376.51 21.43 310 360.53 1.19 107212 127886.51 21.43 208 3 99 66560 960 31680 17.3 18.2 17.66 0.01
288900.0 376 115.37 1.15 108388 37060.01 1.15 15770 6021.55 1.19 5044375 2573398.07 21.43 370 360.66 1.19 107582 128247.17 21.43 208 3 99 66768 963 31779 17.3 18.2 17.66 0.01
289800.0 354 116.0 1.15 108742 37176.01 1.15 15746 6020.53 1.19 5060121 2579418.6 21.43 350 360.59 1.19 107932 128607.76 21.43 208 3 99 66976 966 31878 17.3 18.2 17.66 0.01
290700.0 310 115.23 1.15 109052 37291.24 1.15 15712 6026.75 1.19 5075833 2585445.35 21.43 310 360.61 1.19 108242 128968.37 21.43 208 3 99 67184 969 31977 17.3 18.2 17.66 0.01
291600.0 310 115.23 1.15 109362 37406.47 1.15 15716 6028.93 1.19 5091549 2591474.28 21.43 310 360.6 1.19 108552 129328.97 21.43 208 3 99 67392 972 32076 17.3 18.1 17.65 0.01
292500.0 376 115.37 1.15 109738 37521.84 1.15 15772 6027.24 1.19 5107321 2597501.52 21.43 370 360.73 1.19 108922 129689.7 21.43 208 3 99 67600 975 32175 17.3 18.1 17.65 0.01
293400.0 354 116.0 1.15 110092 37637.84 1.15 15746 6018.74 1.19 5123067 2603520.26 21.43 350 360.55 1.19 109272 130050.25 21.43 208 3 99 67808 978 32274 17.3 18.1 17.66 0.01
294300.0 310 115.23 1.15 110402 37753.07 1.15 15707 6019.98 1.19 5138774 2609540.24 21.43 310 360.55 1.19 109582 130410.8 21.43 208 3 99 68016 981 32373 17.3 18.1 17.66 0.01
295200.0 310 115.23 1.15 110712 37868.29 1.15 15705 6016.41 1.19 5154479 2615556.65 21.43 310 360.53 1.19 109892 130771.33 21.43 208 3 99 68224 984 32472 17.4 18.0 17.66 0.01
296100.0 376 115.37 1.15 111088 37983.66 1.15 15765 6017.01 1.19 5170244 2621573.67 21.43 370 360.66 1.19 110262 131131.99 21.43 208 3 99 68432 987 32571 17.4 18.0 17.66 0.01
297000.0 354 116.0 1.15 111442 38099.66 1.15 15739 6015.15 1.19 5185983 2627588.82 21.43 350 360.62 1.19 110612 131492.61 21.43 208 3 99 68640 990 32670 17.4 18.0 17.66 0.01
297900.0 310 115.23 1.15 111752 38214.89 1.15 15695 6014.1 1.19 5201678 2633602.92 21.43 310 360.61 1.19 110922 131853.23 21.43 208 3 99 68848 993 32769 17.4 18.0 17.66 0.01
298800.0 310 115.23 1.15 112062 38330.12 1.15 15697 6016.28 1.19 5217375 2639619.2 21.43 310 360.6 1.19 111232 132213.83 21.43 208 3 99 69056 996 32868 17.4 18.0 17.66 0.01
299700.0 376 115.37 1.15 112438 38445.49 1.15 15757 6016.89 1.19 5233132 2645636.1 21.43 370 360.73 1.19 111602 132574.56 21.43 208 3 99 69264 999 32967 17.4 18.0 17.66 0.01
300600.0 354 116.0 1.15 112792 38561.49 1.15 15735 6015.15 1.19 5248867 2651651.25 21.43 350 360.62 1.19 111952 132935.18 21.43 208 3 99 69472 1002 33066 17.4 18.0 17.66 0.01
301500.0 310 115.23 1.15 113102 38676.72 1.15 15698 6014.75 1.19 5264565 2657665.99 21.43 310 360.56 1.19 112262 133295.73 21.43 208 3 99 69680 1005 33165 17.4 18.0 17.67 0.01
302400.0 310 115.23 1.15 113412 38791.94 1.15 15700 6014.63 1.19 5280265 2663680.62 21.43 310 360.54 1.19 112572 133656.28 21.43 208 3 99 69888 1008 33264 17.4 17.9 17.67 0.01
303300.0 376 115.37 1.15 113788 38907.31 1.15 15754 6008.33 1.19 5296019 2669688.96 21.43 370 360.67 1.19 112942 134016.95 21.43 208 3 99 70096 1011 33363 17.4 17.9 17.67 0.01
304200.0 354 116.0 1.15 114142 39023.31 1.15 15729 6001.9 1.19 5311748 2675690.86 21.43 350 360.54 1.19 113292 134377.49 21.43 208 3 99 70304 1014 33462 17.4 17.9 17.67 0.01
305100.0 310 115.23 1.15 114452 39138.54 1.15 15690 6007.11 1.19 5327438 2681697.97 21.43 310 360.59 1.19 113602 134738.08 21.43 208 3 99 70512 1017 33561 17.4 17.9 17.67 0.01
306000.0 310 115.23 1.15 114762 39253.77 1.15 15691 6005.83 1.19 5343129 2687703.8 21.43 310 360.57 1.19 113912 135098.65 21.43 208 3 99 70720 1020 33660 17.4 17.8 17.67 0.01
306900.0 376 115.37 1.15 115138 39369.14 1.15 15751 6006.45 1.19 5358880 2693710.24 21.43 370 360.7 1.19 114282 135459.35 21.43 208 3 99 70928 1023 33759 17.4 17.9 17.67 0.01
307800.0 354 116.0 1.15 115492 39485.14 1.15 15728 6004.8 1.19 5374608 2699715.05 21.43 350 360.62 1.19 114632 135819.97 21.43 208 3 99 71136 1026 33858 17.4 17.9 17.67 0.01
308700.0 310 115.23 1.15 115802 39600.37 1.15 15697 6012.95 1.19 5390305 2705728.0 21.43 310 360.61 1.19 114942 136180.59 21.43 208 3 99 71344 1029 33957 17.4 17.9 17.69 0.01
309600.0 310 115.23 1.15 116112 39715.59 1.15 15703 6018.58 1.19 5406008 2711746.58 21.43 310 360.6 1.19 115252 136541.18 21.43 208 3 99 71552 1032 34056 17.4 17.9 17.69 0.01
310500.0 376 115.37 1.15 116488 39830.96 1.15 15761 6016.89 1.19 5421769 2717763.47 21.43 370 360.73 1.19 115622 136901.91 21.43 208 3 99 71760 1035 34155 17.4 17.9 17.69 0.01
311400.0 354 116.0 1.15 116842 39946.97 1.15 15726 6002.64 1.19 5437495 2723766.11 21.43 350 360.55 1.19 115972 137262.47 21.43 208 3 99 71968 1038 34254 17.4 17.9 17.69 0.01
312300.0 310 115.23 1.15 117152 40062.19 1.15 15686 6000.43 1.19 5453181 2729766.54 21.43 310 360.55 1.19 116282 137623.02 21.43 208 3 99 72176 1041 34353 17.4 18.0 17.7 0.01
313200.0 310 115.23 1.15 117462 40177.42 1.15 15685 6000.31 1.19 5468866 2735766.85 21.43 310 360.53 1.19 116592 137983.55 21.43 208 3 99 72384 1044 34452 17.4 18.0 17.7 0.01
314100.0 376 115.37 1.15 117838 40292.79 1.15 15741 5996.31 1.19 5484607 2741763.17 21.43 370 360.66 1.19 116962 138344.21 21.43 208 3 99 72592 1047 34551 17.3 18.0 17.7 0.01
315000.0 354 116.0 1.15 118192 40408.79 1.15 15712 5992.15 1.19 5500319 2747755.32 21.43 350 360.62 1.19 117312 138704.83 21.43 208 3 99 72800 1050 34650 17.3 18.0 17.7 0.01
315900.0 310 115.23 1.15 118502 40524.02 1.15 15676 5993.03 1.19 5515995 2753748.35 21.43 310 360.58 1.19 117622 139065.41 21.43 208 3 99 73008 1053 34749 17.3 18.1 17.71 0.02
316800.0 310 115.23 1.15 118812 40639.24 1.15 15673 5990.61 1.19 5531668 2759738.96 21.43 310 360.57 1.19 117932 139425.98 21.43 208 3 99 73216 1056 34848 17.3 18.1 17.72 0.02
317700.0 376 115.37 1.15 119188 40754.61 1.15 15731 5990.07 1.19 5547399 2765729.03 21.43 370 360.7 1.19 118302 139786.68 21.43 208 3 99 73424 1059 34947 17.3 18.1 17.72 0.02
318600.0 354 116.0 1.15 119542 40870.61 1.15 15697 5977.98 1.19 5563096 2771707.01 21.43 350 360.59 1.19 118652 140147.27 21.43 208 3 99 73632 1062 35046 17.3 18.1 17.72 0.02
319500.0 310 115.23 1.15 119852 40985.84 1.15 15661 5983.05 1.19 5578757 2777690.07 21.43 310 360.61 1.19 118962 140507.88 21.43 208 3 99 73840 1065 35145 17.3 18.2 17.73 0.02
320400.0 310 115.23 1.15 120162 41101.07 1.15 15661 5982.93 1.19 5594418 2783673.0 21.43 310 360.6 1.19 119272 140868.48 21.43 208 3 99 74048 1068 35244 17.3 18.2 17.73 0.02
321300.0 376 115.37 1.15 120538 41216.44 1.15 15717 5978.94 1.19 5610135 2789651.94 21.43 370 360.73 1.19 119642 141229.21 21.43 208 3 99 74256 1071 35343 17.3 18.2 17.73 0.02
322200.0 354 116.0 1.15 120892 41332.44 1.15 15685 5964.27 1.19 5625820 2795616.21 21.43 350 360.52 1.19 119992 141589.73 21.43 208 3 99 74464 1074 35442 17.3 18.2 17.73 0.02
323100.0 310 115.22 1.15 121202 41447.66 1.15 15659 5974.29 1.19 5641479 2801590.51 21.43 310 360.46 1.19 120302 141950.19 21.43 208 3 99 74672 1077 35541 17.3 18.2 17.74 0.02
324000.0 310 115.22 1.15 121512 41562.89 1.15 15657 5974.17 1.19 5657136 2807564.68 21.43 310 360.45 1.19 120612 142310.64 21.43 208 3 99 74880 1080 35640 17.3 18.2 17.74 0.02
324900.0 376 115.37 1.15 121888 41678.25 1.15 15714 5973.63 1.19 5672850 2813538.31 21.43 370 360.57 1.19 120982 142671.21 21.43 208 3 99 75088 1083 35739 17.3 18.2 17.74 0.02
325800.0 354 116.0 1.15 122242 41794.25 1.15 15682 5967.5 1.19 5688532 2819505.81 21.43 350 360.56 1.19 121332 143031.78 21.43 208 3 99 75296 1086 35838 17.3 18.2 17.74 0.02
326700.0 310 115.23 1.15 122552 41909.48 1.15 15649 5973.85 1.19 5704181 2825479.66 21.43 310 360.61 1.19 121642 143392.39 21.43 208 3 99 75504 1089 35937 17.3 18.3 17.76 0.03
327600.0 310 115.23 1.15 122862 42024.71 1.15 15652 5973.73 1.19 5719833 2831453.39 21.43 310 360.6 1.19 121952 143752.99 21.43 208 3 99 75712 1092 36036 17.3 18.3 17.76 0.03
328500.0 376 115.37 1.15 123238 42140.08 1.15 15708 5969.74 1.19 5735541 2837423.13 21.43 370 360.73 1.19 122322 144113.72 21.43 208 3 99 75920 1095 36135 17.2 18.3 17.76 0.03
329400.0 354 116.0 1.15 123592 42256.08 1.15 15673 5959.95 1.19 5751214 2843383.09 21.43 350 360.62 1.19 122672 144474.34 21.43 208 3 99 76128 1098 36234 17.2 18.3 17.76 0.03
330300.0 310 115.23 1.15 123902 42371.31 1.15 15635 5964.65 1.19 5766849 2849347.74 21.43 310 360.61 1.19 122982 144834.95 21.43 208 3 99 76336 1101 36333 17.2 18.4 17.77 0.03
331200.0 310 115.23 1.15 124212 42486.54 1.15 15633 5961.08 1.19 5782482 2855308.82 21.43 310 360.6 1.19 123292 145195.55 21.43 208 3 99 76544 1104 36432 17.2 18.4 17.77 0.04
332100.0 376 115.37 1.15 124588 42601.91 1.15 15690 5959.39 1.19 5798172 2861268.21 21.43 370 360.73 1.19 123662 145556.28 21.43 208 3 99 76752 1107 36531 17.2 18.4 17.77 0.04
333000.0 354 116.0 1.15 124942 42717.91 1.15 15636 5929.95 1.19 5813808 2867198.17 21.43 350 360.59 1.19 124012 145916.87 21.43 208 3 99 76960 1110 36630 17.2 18.4 17.77 0.04
333900.0 310 115.23 1.15 125252 42833.14 1.15 15597 5935.81 1.19 5829405 2873133.97 21.43 310 360.59 1.19 124322 146277.46 21.43 208 3 99 77168 1113 36729 17.2 18.5 17.78 0.04
334800.0 310 115.23 1.15 125562 42948.36 1.15 15596 5935.68 1.19 5845001 2879069.66 21.43 310 360.57 1.19 124632 146638.04 21.43 208 3 99 77376 1116 36828 17.2 18.5 17.78 0.04
335700.0 376 115.37 1.15 125938 43063.73 1.15 15650 5930.55 1.19 5860651 2885000.2 21.43 370 360.7 1.19 125002 146998.74 21.43 208 3 99 77584 1119 36927 17.2 18.5 17.78 0.04
336600.0 354 116.0 1.15 126292 43179.73 1.15 15610 5912.8 1.19 5876261 2890913.01 21.43 350 360.62 1.19 125352 147359.36 21.43 208 3 99 77792 1122 37026 17.2 18.5 17.78 0.04
337500.0 310 115.23 1.15 126602 43294.96 1.15 15578 5916.35 1.19 5891839 2896829.36 21.43 310 360.61 1.19 125662 147719.97 21.43 208 3 99 78000 1125 37125 17.2 18.5 17.79 0.04
338400.0 310 115.23 1.15 126912 43410.19 1.15 15579 5919.68 1.19 5907418 2902749.04 21.43 310 360.6 1.19 125972 148080.57 21.43 208 3 99 78208 1128 37224 17.2 18.5 17.8 0.05
339300.0 376 115.37 1.15 127288 43525.56 1.15 15630 5913.39 1.19 5923048 2908662.43 21.43 370 360.73 1.19 126342 148441.3 21.43 208 3 99 78416 1131 37323 17.2 18.5 17.8 0.05
340200.0 354 116.0 1.15 127642 43641.56 1.15 15585 5893.62 1.19 5938633 2914556.05 21.43 350 360.58 1.19 126692 148801.88 21.43 208 3 99 78624 1134 37422 17.2 18.5 17.8 0.05
341100.0 310 115.23 1.15 127952 43756.79 1.15 15540 5889.11 1.19 5954173 2920445.16 21.43 310 360.58 1.19 127002 149162.46 21.43 208 3 99 78832 1137 37521 17.2 18.5 17.8 0.05
342000.0 310 115.23 1.15 128262 43872.01 1.15 15533 5883.25 1.19 5969706 2926328.41 21.43 310 360.56 1.19 127312 149523.02 21.43 208 3 99 79040 1140 37620 17.2 18.5 17.8 0.05
342900.0 376 115.35 1.15 128638 43987.37 1.15 15586 5878.78 1.19 5985292 2932207.18 21.43 370 360.59 1.19 127682 149883.61 21.43 208 3 99 79248 1143 37719 17.2 18.5 17.8 0.05
343800.0 354 116.0 1.15 128992 44103.37 1.15 15548 5861.46 1.19 6000840 2938068.65 21.43 350 360.54 1.19 128032 150244.15 21.43 208 3 99 79456 1146 37818 17.2 18.5 17.8 0.05
344700.0 310 115.23 1.15 129302 44218.59 1.15 15512 5865.01 1.19 6016352 2943933.66 21.43 310 360.53 1.19 128342 150604.68 21.43 208 3 99 79664 1149 37917 17.2 18.6 17.81 0.05
345600.0 310 115.23 1.15 129612 44333.82 1.15 15510 5862.59 1.19 6031862 2949796.25 21.43 310 360.51 1.19 128652 150965.19 21.43 208 3 99 79872 1152 38016 17.2 18.6 17.81 0.05
