# seed = 6, gamma = 0.0, beta = 0.33, dee = 10.0, dcc = 5.0, dec = 10.0, dsCnd = 50.0, dLocalhost = 0.02, hostBroker = EDGE 
#
# The columns have the following meaning: 
# instant[SECONDS] commCountUploadPartial delaySumUploadPartial[SECONDS] delayMaxUploadPartial[SECONDS] commCountUploadTot delaySumUploadTot[SECONDS] delayMaxUploadTot[SECONDS] commCountDownloadPartial delaySumDownloadPartial[SECONDS] delayMaxDownloadPartial[SECONDS] commCountDownloadTot delaySumDownloadTot[SECONDS] delayMaxDownloadTot[SECONDS] commCountDownloadMaxPartial delaySumDownloadMaxPartial[SECONDS] delayMaxDownloadMaxPartial[SECONDS] commCountDownloadMaxTot delaySumDownloadMaxTot[SECONDS] delayMaxDownloadMaxTot[SECONDS] runOnCloudPartial runOnEdgePartial runOnSmartphonePartial runOnCloudTot runOnEdgeTot runOnSmartphoneTot minTemp maxTemp avgTemp varianceTemp
0.0 0 0.0 0.0 0 0.0 0.0 0 0.0 0.0 0 0.0 0.0 0 0.0 0.0 0 0.0 0.0 0 0 0 0 0 0 17.0 25.0 21.0 0.0
900.0 376 8.5 0.06 376 8.5 0.06 15588 911.7 0.13 15588 911.7 0.13 370 29.11 0.13 370 29.11 0.13 211 0 99 211 0 99 18.9 21.0 19.21 0.56
1800.0 356 9.21 0.36 732 17.71 0.36 15874 160246.16 20.05 31462 161157.85 20.05 352 3179.96 20.05 722 3209.07 20.05 211 0 99 422 0 198 18.8 18.9 18.9 0.0
2700.0 310 8.37 0.06 1042 26.08 0.36 15534 959.98 0.14 46996 162117.83 20.05 310 30.02 0.14 1032 3239.1 20.05 211 0 99 633 0 297 17.7 18.9 18.36 0.05
3600.0 310 8.37 0.06 1352 34.45 0.36 15534 959.93 0.14 62530 163077.76 20.05 310 30.02 0.14 1342 3269.12 20.05 211 0 99 844 0 396 17.7 18.9 18.24 0.06
4500.0 376 8.51 0.06 1728 42.95 0.36 15589 959.87 0.14 78119 164037.63 20.05 370 30.09 0.14 1712 3299.21 20.05 211 0 99 1055 0 495 17.6 18.7 18.23 0.06
5400.0 356 9.22 0.36 2084 52.17 0.36 15902 7189.47 20.12 94021 171227.1 20.12 352 50.23 20.12 2064 3349.44 20.12 211 0 99 1266 0 594 17.6 18.7 18.23 0.06
6300.0 310 8.37 0.06 2394 60.54 0.36 15582 973.31 0.14 109603 172200.41 20.12 310 30.27 0.14 2374 3379.71 20.12 211 0 99 1477 0 693 17.6 18.7 18.24 0.05
7200.0 310 8.37 0.06 2704 68.91 0.36 15584 973.27 0.14 125187 173173.68 20.12 310 30.27 0.14 2684 3409.98 20.12 211 0 99 1688 0 792 17.6 18.7 18.25 0.04
8100.0 376 8.51 0.06 3080 77.42 0.36 15641 974.11 0.14 140828 174147.8 20.12 370 30.36 0.14 3054 3440.34 20.12 211 0 99 1899 0 891 17.6 18.7 18.25 0.04
9000.0 356 9.22 0.36 3436 86.64 0.36 15932 7196.32 20.14 156760 181344.12 20.14 352 50.26 20.14 3406 3490.6 20.14 211 0 99 2110 0 990 17.6 18.7 18.25 0.04
9900.0 310 8.37 0.06 3746 95.01 0.36 15589 969.53 0.14 172349 182313.65 20.14 310 30.18 0.14 3716 3520.78 20.14 211 0 99 2321 0 1089 17.6 18.7 18.23 0.04
10800.0 310 8.37 0.06 4056 103.37 0.36 15590 969.54 0.14 187939 183283.19 20.14 310 30.18 0.14 4026 3550.96 20.14 211 0 99 2532 0 1188 17.6 18.7 18.16 0.05
11700.0 376 8.51 0.06 4432 111.88 0.36 15649 970.29 0.14 203588 184253.47 20.14 370 30.27 0.14 4396 3581.23 20.14 211 0 99 2743 0 1287 17.6 18.7 18.16 0.05
12600.0 354 9.15 0.36 4786 121.03 0.36 15620 973.78 0.14 219208 185227.26 20.14 350 30.31 0.14 4746 3611.55 20.14 211 0 99 2954 0 1386 17.6 18.7 18.15 0.05
13500.0 310 8.37 0.06 5096 129.4 0.36 15547 972.32 0.14 234755 186199.58 20.14 310 30.28 0.14 5056 3641.82 20.14 211 0 99 3165 0 1485 17.6 18.7 18.14 0.05
14400.0 310 8.37 0.06 5406 137.77 0.36 15544 972.19 0.14 250299 187171.77 20.14 310 30.27 0.14 5366 3672.1 20.14 211 0 99 3376 0 1584 17.6 18.7 18.14 0.05
15300.0 376 8.51 0.06 5782 146.28 0.36 15602 972.94 0.14 265901 188144.7 20.14 370 30.36 0.14 5736 3702.46 20.14 211 0 99 3587 0 1683 17.6 18.7 18.14 0.05
16200.0 354 9.15 0.36 6136 155.42 0.36 15577 971.67 0.14 281478 189116.37 20.14 350 30.31 0.14 6086 3732.77 20.14 211 0 99 3798 0 1782 17.6 18.7 18.14 0.05
17100.0 310 8.37 0.06 6446 163.79 0.36 15541 961.16 0.14 297019 190077.53 20.14 310 30.05 0.14 6396 3762.82 20.14 211 0 99 4009 0 1881 17.6 18.7 18.12 0.04
18000.0 310 8.37 0.06 6756 172.16 0.36 15543 961.08 0.14 312562 191038.61 20.14 310 30.05 0.14 6706 3792.87 20.14 211 0 99 4220 0 1980 17.6 18.7 18.11 0.04
18900.0 376 8.51 0.06 7132 180.67 0.36 15598 961.59 0.14 328160 192000.19 20.14 370 30.14 0.14 7076 3823.01 20.14 211 0 99 4431 0 2079 17.6 18.6 18.11 0.04
19800.0 354 9.14 0.36 7486 189.81 0.36 15574 962.3 0.14 343734 192962.49 20.14 350 30.12 0.14 7426 3853.13 20.14 211 0 99 4642 0 2178 17.6 18.6 18.11 0.04
20700.0 310 8.37 0.06 7796 198.18 0.36 15540 968.6 0.14 359274 193931.09 20.14 310 30.2 0.14 7736 3883.33 20.14 211 0 99 4853 0 2277 17.6 18.6 18.08 0.03
21600.0 310 8.37 0.06 8106 206.54 0.36 15540 968.47 0.14 374814 194899.56 20.14 310 30.2 0.14 8046 3913.53 20.14 211 0 99 5064 0 2376 17.6 18.6 18.08 0.03
22500.0 376 8.51 0.06 8482 215.06 0.36 15600 969.28 0.14 390414 195868.84 20.14 370 30.29 0.14 8416 3943.82 20.14 211 0 99 5275 0 2475 17.6 18.6 18.08 0.03
23400.0 354 9.15 0.36 8836 224.2 0.36 15570 971.16 0.14 405984 196840.0 20.14 350 30.31 0.14 8766 3974.13 20.14 211 0 99 5486 0 2574 17.6 18.6 18.07 0.03
24300.0 310 8.37 0.06 9146 232.57 0.36 15533 975.93 0.14 421517 197815.93 20.14 310 30.36 0.14 9076 4004.49 20.14 211 0 99 5697 0 2673 17.6 18.6 18.05 0.03
25200.0 310 8.37 0.06 9456 240.94 0.36 15536 975.97 0.14 437053 198791.9 20.14 310 30.36 0.14 9386 4034.85 20.14 211 0 99 5908 0 2772 17.5 18.6 18.04 0.03
26100.0 376 8.51 0.06 9832 249.45 0.36 15595 976.73 0.14 452648 199768.63 20.14 370 30.45 0.14 9756 4065.31 20.14 211 0 99 6119 0 2871 17.5 18.6 18.04 0.03
27000.0 354 9.15 0.36 10186 258.6 0.36 15565 975.6 0.14 468213 200744.22 20.14 350 30.4 0.14 10106 4095.71 20.14 211 0 99 6330 0 2970 17.5 18.6 18.04 0.03
27900.0 310 8.37 0.06 10496 266.97 0.36 15532 971.23 0.14 483745 201715.45 20.14 310 30.27 0.14 10416 4125.98 20.14 211 0 99 6541 0 3069 17.5 18.6 18.01 0.03
28800.0 310 8.37 0.06 10806 275.34 0.36 15536 971.27 0.14 499281 202686.72 20.14 310 30.26 0.14 10726 4156.24 20.14 211 0 99 6752 0 3168 17.5 18.6 18.0 0.03
29700.0 376 8.51 0.06 11182 283.85 0.36 15594 971.96 0.14 514875 203658.68 20.14 370 30.36 0.14 11096 4186.6 20.14 211 0 99 6963 0 3267 17.5 18.6 18.0 0.03
30600.0 354 9.15 0.36 11536 292.99 0.36 15565 970.83 0.14 530440 204629.51 20.14 350 30.31 0.14 11446 4216.9 20.14 211 0 99 7174 0 3366 17.5 18.6 18.0 0.03
31500.0 310 8.37 0.06 11846 301.36 0.36 15536 976.11 0.14 545976 205605.62 20.14 310 30.36 0.14 11756 4247.27 20.14 211 0 99 7385 0 3465 17.4 18.6 17.97 0.03
32400.0 310 8.37 0.06 12156 309.73 0.36 15538 976.09 0.14 561514 206581.72 20.14 310 30.36 0.14 12066 4277.63 20.14 211 0 99 7596 0 3564 17.4 18.6 17.96 0.03
33300.0 376 8.51 0.06 12532 318.24 0.36 15597 976.85 0.14 577111 207558.57 20.14 370 30.45 0.14 12436 4308.08 20.14 211 0 99 7807 0 3663 17.4 18.5 17.96 0.03
34200.0 354 9.15 0.36 12886 327.39 0.36 15558 975.3 0.14 592669 208533.86 20.14 350 30.4 0.14 12786 4338.48 20.14 211 0 99 8018 0 3762 17.4 18.5 17.96 0.03
35100.0 310 8.37 0.06 13196 335.76 0.36 15534 975.99 0.14 608203 209509.85 20.14 310 30.36 0.14 13096 4368.85 20.14 211 0 99 8229 0 3861 17.4 18.5 17.93 0.03
36000.0 310 8.37 0.06 13506 344.13 0.36 15538 976.03 0.14 623741 210485.89 20.14 310 30.36 0.14 13406 4399.21 20.14 211 0 99 8440 0 3960 17.4 18.5 17.92 0.03
36900.0 376 8.51 0.06 13882 352.64 0.36 15597 976.85 0.14 639338 211462.74 20.14 370 30.45 0.14 13776 4429.66 20.14 211 0 99 8651 0 4059 17.4 18.5 17.92 0.03
37800.0 354 9.14 0.36 14236 361.79 0.36 15555 966.14 0.14 654893 212428.87 20.14 350 30.22 0.14 14126 4459.88 20.14 211 0 99 8862 0 4158 17.4 18.5 17.92 0.03
38700.0 310 8.37 0.06 14546 370.15 0.36 15528 966.77 0.14 670421 213395.64 20.14 310 30.18 0.14 14436 4490.06 20.14 211 0 99 9073 0 4257 17.3 18.5 17.89 0.03
39600.0 310 8.37 0.06 14856 378.52 0.36 15538 967.23 0.14 685959 214362.88 20.14 310 30.18 0.14 14746 4520.24 20.14 211 0 99 9284 0 4356 17.3 18.5 17.88 0.03
40500.0 376 8.51 0.06 15232 387.03 0.36 15595 967.86 0.14 701554 215330.74 20.14 370 30.27 0.14 15116 4550.51 20.14 211 0 99 9495 0 4455 17.3 18.5 17.88 0.03
41400.0 354 9.15 0.36 15586 396.18 0.36 15558 975.29 0.14 717112 216306.03 20.14 350 30.4 0.14 15466 4580.91 20.14 211 0 99 9706 0 4554 17.3 18.5 17.88 0.03
42300.0 310 8.37 0.06 15896 404.55 0.36 15527 971.08 0.14 732639 217277.12 20.14 310 30.27 0.14 15776 4611.18 20.14 211 0 99 9917 0 4653 17.3 18.5 17.85 0.04
43200.0 310 8.37 0.06 16206 412.92 0.36 15531 971.0 0.14 748170 218248.11 20.14 310 30.27 0.14 16086 4641.44 20.14 211 0 99 10128 0 4752 17.3 18.5 17.84 0.04
44100.0 376 8.51 0.06 16582 421.43 0.36 15590 971.75 0.14 763760 219219.86 20.14 370 30.36 0.14 16456 4671.8 20.14 211 0 99 10339 0 4851 17.2 18.4 17.83 0.04
45000.0 354 9.15 0.36 16936 430.57 0.36 15551 970.08 0.14 779311 220189.94 20.14 350 30.31 0.14 16806 4702.1 20.14 211 0 99 10550 0 4950 17.2 18.4 17.83 0.04
45900.0 310 8.37 0.06 17246 438.94 0.36 15525 971.91 0.14 794836 221161.85 20.14 310 30.29 0.14 17116 4732.39 20.14 211 0 99 10761 0 5049 17.2 18.5 17.81 0.05
46800.0 310 8.37 0.06 17556 447.31 0.36 15534 972.25 0.14 810370 222134.09 20.14 310 30.28 0.14 17426 4762.68 20.14 211 0 99 10972 0 5148 17.2 18.5 17.8 0.05
47700.0 376 8.51 0.06 17932 455.82 0.36 15592 973.0 0.14 825962 223107.1 20.14 370 30.37 0.14 17796 4793.05 20.14 211 0 99 11183 0 5247 17.2 18.5 17.8 0.05
48600.0 354 9.15 0.36 18286 464.97 0.36 15549 971.15 0.14 841511 224078.24 20.14 350 30.32 0.14 18146 4823.37 20.14 211 0 99 11394 0 5346 17.2 18.5 17.79 0.05
49500.0 310 8.37 0.06 18596 473.34 0.36 15525 975.57 0.14 857036 225053.81 20.14 310 30.36 0.14 18456 4853.74 20.14 211 0 99 11605 0 5445 17.2 18.5 17.76 0.06
50400.0 310 8.37 0.06 18906 481.71 0.36 15534 975.97 0.14 872570 226029.79 20.14 310 30.36 0.14 18766 4884.1 20.14 211 0 99 11816 0 5544 17.1 18.5 17.75 0.06
51300.0 376 8.51 0.06 19282 490.22 0.36 15591 976.61 0.14 888161 227006.39 20.14 370 30.45 0.14 19136 4914.55 20.14 211 0 99 12027 0 5643 17.1 18.5 17.75 0.06
52200.0 354 9.15 0.36 19636 499.36 0.36 15548 975.0 0.14 903709 227981.39 20.14 350 30.4 0.14 19486 4944.95 20.14 211 0 99 12238 0 5742 17.1 18.5 17.75 0.06
53100.0 310 8.37 0.06 19946 507.73 0.36 15509 974.97 0.14 919218 228956.36 20.14 310 30.36 0.14 19796 4975.32 20.14 211 0 99 12449 0 5841 17.1 18.6 17.73 0.07
54000.0 310 8.37 0.06 20256 516.1 0.36 15517 975.19 0.14 934735 229931.56 20.14 310 30.36 0.14 20106 5005.68 20.14 211 0 99 12660 0 5940 17.1 18.6 17.72 0.07
54900.0 376 8.51 0.06 20632 524.62 0.36 15574 975.83 0.14 950309 230907.38 20.14 370 30.45 0.14 20476 5036.13 20.14 211 0 99 12871 0 6039 17.1 18.6 17.72 0.07
55800.0 354 9.15 0.36 20986 533.76 0.36 15545 974.7 0.14 965854 231882.08 20.14 350 30.4 0.14 20826 5066.53 20.14 211 0 99 13082 0 6138 17.1 18.6 17.72 0.07
56700.0 310 8.37 0.06 21296 542.13 0.36 15519 975.45 0.14 981373 232857.53 20.14 310 30.36 0.14 21136 5096.9 20.14 211 0 99 13293 0 6237 17.1 18.6 17.69 0.08
57600.0 310 8.37 0.06 21606 550.5 0.36 15528 975.79 0.14 996901 233833.33 20.14 310 30.36 0.14 21446 5127.26 20.14 211 0 99 13504 0 6336 17.1 18.6 17.69 0.08
58500.0 376 8.51 0.06 21982 559.01 0.36 15587 976.55 0.14 1012488 234809.87 20.14 370 30.45 0.14 21816 5157.71 20.14 211 0 99 13715 0 6435 17.1 18.6 17.69 0.08
59400.0 354 9.15 0.36 22336 568.16 0.36 15536 970.37 0.14 1028024 235780.24 20.14 350 30.32 0.14 22166 5188.03 20.14 211 0 99 13926 0 6534 17.1 18.6 17.69 0.08
60300.0 310 8.37 0.06 22646 576.53 0.36 15516 971.12 0.14 1043540 236751.36 20.14 310 30.28 0.14 22476 5218.3 20.14 211 0 99 14137 0 6633 17.0 18.6 17.66 0.09
61200.0 310 8.37 0.06 22956 584.9 0.36 15529 971.71 0.14 1059069 237723.07 20.14 310 30.27 0.14 22786 5248.58 20.14 211 0 99 14348 0 6732 17.0 18.6 17.65 0.09
62100.0 376 8.51 0.06 23332 593.41 0.36 15585 972.27 0.14 1074654 238695.34 20.14 370 30.36 0.14 23156 5278.94 20.14 211 0 99 14559 0 6831 17.0 18.6 17.65 0.09
63000.0 354 9.14 0.36 23686 602.55 0.36 15535 962.84 0.14 1090189 239658.18 20.14 350 30.16 0.14 23506 5309.1 20.14 211 0 99 14770 0 6930 17.0 18.6 17.65 0.09
63900.0 310 8.37 0.06 23996 610.92 0.36 15496 958.32 0.14 1105685 240616.5 20.14 310 30.03 0.14 23816 5339.13 20.14 211 0 99 14981 0 7029 17.0 18.6 17.63 0.1
64800.0 310 8.37 0.06 24306 619.28 0.36 15504 958.62 0.14 1121189 241575.12 20.14 310 30.03 0.14 24126 5369.16 20.14 211 0 99 15192 0 7128 17.0 18.6 17.63 0.1
65700.0 376 8.51 0.06 24682 627.79 0.36 15564 958.74 0.14 1136753 242533.86 20.14 370 30.09 0.14 24496 5399.26 20.14 211 0 99 15403 0 7227 17.0 18.6 17.63 0.1
66600.0 354 9.14 0.36 25036 636.93 0.36 15530 956.62 0.14 1152283 243490.48 20.14 350 30.04 0.14 24846 5429.3 20.14 211 0 99 15614 0 7326 17.0 18.6 17.63 0.1
67500.0 310 8.37 0.06 25346 645.3 0.36 15489 952.74 0.14 1167772 244443.22 20.14 310 29.93 0.14 25156 5459.22 20.14 211 0 99 15825 0 7425 17.0 18.7 17.62 0.1
68400.0 310 8.37 0.06 25656 653.66 0.36 15494 952.91 0.14 1183266 245396.13 20.14 310 29.92 0.14 25466 5489.15 20.14 211 0 99 16036 0 7524 17.0 18.7 17.61 0.11
69300.0 376 8.51 0.06 26032 662.17 0.36 15554 953.71 0.14 1198820 246349.84 20.14 370 30.01 0.14 25836 5519.16 20.14 211 0 99 16247 0 7623 17.0 18.7 17.61 0.11
70200.0 354 9.14 0.36 26386 671.31 0.36 15519 957.1 0.14 1214339 247306.94 20.14 350 30.06 0.14 26186 5549.22 20.14 211 0 99 16458 0 7722 17.0 18.7 17.61 0.11
71100.0 310 8.37 0.06 26696 679.68 0.36 15486 956.46 0.14 1229825 248263.4 20.14 310 30.0 0.14 26496 5579.22 20.14 211 0 99 16669 0 7821 17.0 18.7 17.6 0.11
72000.0 310 8.37 0.06 27006 688.04 0.36 15496 956.75 0.14 1245321 249220.15 20.14 310 30.0 0.14 26806 5609.22 20.14 211 0 99 16880 0 7920 17.0 18.7 17.59 0.11
72900.0 376 8.51 0.06 27382 696.55 0.36 15555 956.82 0.14 1260876 250176.97 20.14 370 30.06 0.14 27176 5639.28 20.14 211 0 99 17091 0 8019 17.0 18.7 17.59 0.11
73800.0 354 9.14 0.36 27736 705.69 0.36 15523 956.19 0.14 1276399 251133.16 20.14 350 30.04 0.14 27526 5669.32 20.14 211 0 99 17302 0 8118 17.0 18.7 17.59 0.11
74700.0 310 8.37 0.06 28046 714.06 0.36 15485 961.15 0.14 1291884 252094.31 20.14 310 30.1 0.14 27836 5699.42 20.14 211 0 99 17513 0 8217 17.0 18.7 17.58 0.11
75600.0 310 8.37 0.06 28356 722.43 0.36 15484 961.02 0.14 1307368 253055.33 20.14 310 30.09 0.14 28146 5729.51 20.14 211 0 99 17724 0 8316 17.0 18.7 17.58 0.11
76500.0 376 8.51 0.06 28732 730.94 0.36 15544 961.83 0.14 1322912 254017.16 20.14 370 30.19 0.14 28516 5759.7 20.14 211 0 99 17935 0 8415 17.0 18.7 17.58 0.11
77400.0 354 9.14 0.36 29086 740.08 0.36 15511 957.34 0.14 1338423 254974.5 20.14 350 30.07 0.14 28866 5789.77 20.14 211 0 99 18146 0 8514 17.0 18.7 17.58 0.11
78300.0 310 8.37 0.06 29396 748.44 0.36 15470 957.3 0.14 1353893 255931.8 20.14 310 30.03 0.14 29176 5819.8 20.14 211 0 99 18357 0 8613 17.0 18.6 17.58 0.11
79200.0 310 8.37 0.06 29706 756.81 0.36 15477 957.36 0.14 1369370 256889.15 20.14 310 30.03 0.14 29486 5849.83 20.14 211 0 99 18568 0 8712 17.0 18.6 17.57 0.11
80100.0 376 8.51 0.06 30082 765.32 0.36 15537 957.48 0.14 1384907 257846.64 20.14 370 30.09 0.14 29856 5879.92 20.14 211 0 99 18779 0 8811 17.0 18.6 17.57 0.11
81000.0 354 9.14 0.36 30436 774.46 0.36 15508 959.76 0.14 1400415 258806.4 20.14 350 30.13 0.14 30206 5910.05 20.14 211 0 99 18990 0 8910 17.0 18.6 17.57 0.11
81900.0 310 8.37 0.06 30746 782.83 0.36 15468 964.19 0.14 1415883 259770.59 20.14 310 30.18 0.14 30516 5940.23 20.14 211 0 99 19201 0 9009 17.0 18.6 17.57 0.11
82800.0 310 8.37 0.06 31056 791.2 0.36 15471 964.24 0.14 1431354 260734.83 20.14 310 30.17 0.14 30826 5970.4 20.14 211 0 99 19412 0 9108 17.0 18.6 17.57 0.11
83700.0 376 8.51 0.06 31432 799.71 0.36 15527 964.8 0.14 1446881 261699.63 20.14 370 30.26 0.14 31196 6000.66 20.14 211 0 99 19623 0 9207 17.0 18.6 17.57 0.11
84600.0 354 9.14 0.36 31786 808.85 0.36 15501 963.92 0.14 1462382 262663.55 20.14 350 30.21 0.14 31546 6030.88 20.14 211 0 99 19834 0 9306 17.0 18.6 17.57 0.11
85500.0 310 8.37 0.06 32096 817.22 0.36 15461 960.17 0.14 1477843 263623.72 20.14 310 30.1 0.14 31856 6060.98 20.14 211 0 99 20045 0 9405 17.0 18.6 17.58 0.1
86400.0 310 8.37 0.06 32406 825.58 0.36 15462 960.21 0.14 1493305 264583.93 20.14 310 30.1 0.14 32166 6091.07 20.14 211 0 99 20256 0 9504 17.0 18.6 17.58 0.1
87300.0 376 8.51 0.06 32782 834.09 0.36 15521 960.96 0.14 1508826 265544.89 20.14 370 30.19 0.14 32536 6121.26 20.14 211 0 99 20467 0 9603 17.0 18.6 17.58 0.1
88200.0 354 9.15 0.36 33136 843.24 0.36 15496 969.1 0.14 1524322 266513.99 20.14 350 30.32 0.14 32886 6151.58 20.14 211 0 99 20678 0 9702 17.0 18.6 17.58 0.1
89100.0 310 8.37 0.06 33446 851.61 0.36 15498 974.49 0.14 1539820 267488.48 20.14 310 30.36 0.14 33196 6181.95 20.14 211 0 99 20889 0 9801 17.0 18.5 17.61 0.07
90000.0 310 8.37 0.06 33756 859.98 0.36 15538 976.03 0.14 1555358 268464.52 20.14 310 30.36 0.14 33506 6212.31 20.14 211 0 99 21100 0 9900 17.1 18.5 17.66 0.05
90900.0 376 8.51 0.06 34132 868.49 0.36 15598 976.84 0.14 1570956 269441.36 20.14 370 30.45 0.14 33876 6242.76 20.14 211 0 99 21311 0 9999 17.1 18.5 17.67 0.05
91800.0 354 9.14 0.36 34486 877.63 0.36 15560 961.7 0.14 1586516 270403.06 20.14 350 30.12 0.14 34226 6272.88 20.14 211 0 99 21522 0 10098 17.1 21.9 17.74 0.23
92700.0 310 8.36 0.06 34796 886.0 0.36 15578 955.44 0.14 1602094 271358.5 20.14 310 29.9 0.14 34536 6302.78 20.14 211 0 99 21733 0 10197 17.1 23.8 19.52 2.45
93600.0 310 8.36 0.06 35106 894.36 0.36 15580 955.48 0.14 1617674 272313.98 20.14 310 29.9 0.14 34846 6332.68 20.14 211 0 99 21944 0 10296 17.1 23.8 20.5 4.49
94500.0 376 8.51 0.06 35482 902.87 0.36 15640 956.28 0.14 1633314 273270.26 20.14 370 29.99 0.14 35216 6362.67 20.14 211 0 99 22155 0 10395 17.1 23.8 20.53 4.54
95400.0 354 9.14 0.36 35836 912.01 0.36 15614 955.34 0.14 1648928 274225.6 20.14 350 29.94 0.14 35566 6392.61 20.14 211 0 99 22366 0 10494 17.1 23.8 20.54 4.54
96300.0 310 8.36 0.06 36146 920.38 0.36 15576 955.55 0.14 1664504 275181.16 20.14 310 29.9 0.14 35876 6422.52 20.14 211 0 99 22577 0 10593 17.1 24.0 20.88 4.49
97200.0 310 8.36 0.06 36456 928.74 0.36 15574 955.36 0.14 1680078 276136.52 20.14 310 29.9 0.14 36186 6452.42 20.14 211 0 99 22788 0 10692 17.1 24.0 21.05 4.47
98100.0 376 8.51 0.06 36832 937.25 0.36 15632 956.1 0.14 1695710 277092.62 20.14 370 29.99 0.14 36556 6482.41 20.14 211 0 99 22999 0 10791 17.4 24.0 21.05 4.47
99000.0 354 9.14 0.36 37186 946.39 0.36 15611 947.89 0.14 1711321 278040.51 20.14 350 29.79 0.14 36906 6512.19 20.14 211 0 99 23210 0 10890 17.4 24.0 21.06 4.44
99900.0 310 8.36 0.06 37496 954.75 0.36 15568 947.79 0.14 1726889 278988.3 20.14 310 29.75 0.14 37216 6541.95 20.14 211 0 99 23421 0 10989 17.5 24.0 21.28 3.94
100800.0 310 8.36 0.06 37806 963.12 0.36 15567 947.61 0.14 1742456 279935.9 20.14 310 29.75 0.14 37526 6571.69 20.14 211 0 99 23632 0 11088 17.5 24.0 21.43 3.72
101700.0 376 8.51 0.06 38182 971.62 0.36 15626 948.4 0.14 1758082 280884.3 20.14 370 29.84 0.14 37896 6601.53 20.14 211 0 99 23843 0 11187 17.8 24.0 21.43 3.7
102600.0 354 9.14 0.36 38536 980.76 0.36 15600 945.71 0.14 1773682 281830.01 20.14 350 29.75 0.14 38246 6631.28 20.14 211 0 99 24054 0 11286 17.8 24.0 21.43 3.67
103500.0 310 8.36 0.06 38846 989.12 0.36 15565 945.85 0.14 1789247 282775.87 20.14 310 29.72 0.14 38556 6661.0 20.14 211 0 99 24265 0 11385 18.0 24.0 21.57 3.17
104400.0 310 8.36 0.06 39156 997.49 0.36 15565 945.79 0.14 1804812 283721.66 20.14 310 29.71 0.14 38866 6690.71 20.14 211 0 99 24476 0 11484 18.0 24.0 21.73 2.95
105300.0 376 8.51 0.06 39532 1005.99 0.36 15622 946.47 0.14 1820434 284668.12 20.14 370 29.8 0.14 39236 6720.51 20.14 211 0 99 24687 0 11583 18.5 24.0 21.74 2.92
106200.0 354 9.14 0.36 39886 1015.13 0.36 15599 942.29 0.13 1836033 285610.42 20.14 350 29.69 0.13 39586 6750.2 20.14 211 0 99 24898 0 11682 18.5 24.0 21.74 2.91
107100.0 310 8.36 0.06 40196 1023.49 0.36 15559 931.72 0.13 1851592 286542.14 20.14 310 29.43 0.13 39896 6779.63 20.14 211 0 99 25109 0 11781 18.8 24.0 21.73 2.72
108000.0 310 8.36 0.06 40506 1031.85 0.36 15556 931.59 0.13 1867148 287473.72 20.14 310 29.43 0.13 40206 6809.06 20.14 211 0 99 25320 0 11880 18.8 24.0 21.74 2.7
108900.0 376 8.5 0.06 40882 1040.35 0.36 15614 932.26 0.13 1882762 288405.99 20.14 370 29.52 0.13 40576 6838.58 20.14 211 0 99 25531 0 11979 18.9 24.0 21.74 2.7
109800.0 354 9.14 0.36 41236 1049.49 0.36 15591 931.45 0.13 1898353 289337.44 20.14 350 29.47 0.13 40926 6868.05 20.14 211 0 99 25742 0 12078 18.9 24.0 21.73 2.7
110700.0 310 8.36 0.06 41546 1057.85 0.36 15552 931.47 0.13 1913905 290268.91 20.14 310 29.43 0.13 41236 6897.49 20.14 211 0 99 25953 0 12177 18.9 24.0 21.62 2.6
111600.0 310 8.36 0.06 41856 1066.21 0.36 15551 931.41 0.13 1929456 291200.32 20.14 310 29.43 0.13 41546 6926.92 20.14 211 0 99 26164 0 12276 18.9 24.0 21.56 2.51
112500.0 376 8.5 0.06 42232 1074.71 0.36 15610 932.14 0.13 1945066 292132.46 20.14 370 29.52 0.13 41916 6956.44 20.14 211 0 99 26375 0 12375 18.9 23.9 21.56 2.51
113400.0 354 9.14 0.36 42586 1083.85 0.36 15586 931.21 0.13 1960652 293063.67 20.14 350 29.47 0.13 42266 6985.91 20.14 211 0 99 26586 0 12474 18.9 23.9 21.64 2.47
114300.0 310 8.36 0.06 42896 1092.21 0.36 15554 931.53 0.13 1976206 293995.2 20.14 310 29.43 0.13 42576 7015.34 20.14 211 0 99 26797 0 12573 18.9 23.9 22.87 0.9
115200.0 310 8.36 0.06 43206 1100.57 0.36 15554 931.47 0.13 1991760 294926.67 20.14 310 29.43 0.13 42886 7044.77 20.14 211 0 99 27008 0 12672 18.9 24.0 23.49 0.16
116100.0 376 8.5 0.06 43582 1109.07 0.36 15612 932.14 0.13 2007372 295858.82 20.14 370 29.52 0.13 43256 7074.29 20.14 211 0 99 27219 0 12771 22.6 24.0 23.52 0.03
117000.0 354 9.14 0.36 43936 1118.21 0.36 15592 931.39 0.13 2022964 296790.2 20.14 350 29.47 0.13 43606 7103.76 20.14 211 0 99 27430 0 12870 22.6 24.0 23.52 0.03
117900.0 310 8.36 0.06 44246 1126.57 0.36 15552 931.41 0.13 2038516 297721.62 20.14 310 29.43 0.13 43916 7133.2 20.14 211 0 99 27641 0 12969 22.7 24.0 23.55 0.02
118800.0 310 8.36 0.06 44556 1134.93 0.36 15551 931.29 0.13 2054067 298652.91 20.14 310 29.43 0.13 44226 7162.63 20.14 211 0 99 27852 0 13068 22.7 24.0 23.6 0.02
119700.0 376 8.5 0.06 44932 1143.43 0.36 15611 932.08 0.13 2069678 299584.99 20.14 370 29.52 0.13 44596 7192.15 20.14 211 0 99 28063 0 13167 22.7 24.0 23.6 0.02
120600.0 354 9.14 0.36 45286 1152.57 0.36 15590 931.33 0.13 2085268 300516.32 20.14 350 29.47 0.13 44946 7221.62 20.14 211 0 99 28274 0 13266 22.7 24.0 23.6 0.02
121500.0 310 8.36 0.06 45596 1160.93 0.36 15549 931.35 0.13 2100817 301447.67 20.14 310 29.43 0.13 45256 7251.05 20.14 211 0 99 28485 0 13365 22.7 24.0 23.64 0.01
122400.0 310 8.36 0.06 45906 1169.29 0.36 15548 931.23 0.13 2116365 302378.9 20.14 310 29.43 0.13 45566 7280.48 20.14 211 0 99 28696 0 13464 22.8 24.0 23.66 0.01
123300.0 376 8.5 0.06 46282 1177.79 0.36 15607 931.96 0.13 2131972 303310.86 20.14 370 29.52 0.13 45936 7310.0 20.14 211 0 99 28907 0 13563 22.8 24.0 23.66 0.01
124200.0 354 9.14 0.36 46636 1186.93 0.36 15587 931.21 0.13 2147559 304242.07 20.14 350 29.47 0.13 46286 7339.47 20.14 211 0 99 29118 0 13662 22.8 24.0 23.66 0.01
125100.0 310 8.36 0.06 46946 1195.29 0.36 15542 930.99 0.13 2163101 305173.07 20.14 310 29.43 0.13 46596 7368.91 20.14 211 0 99 29329 0 13761 22.8 24.0 23.69 0.01
126000.0 310 8.36 0.06 47256 1203.65 0.36 15542 930.93 0.13 2178643 306103.99 20.14 310 29.43 0.13 46906 7398.34 20.14 211 0 99 29540 0 13860 22.9 24.0 23.72 0.01
126900.0 376 8.5 0.06 47632 1212.15 0.36 15601 931.66 0.13 2194244 307035.66 20.14 370 29.52 0.13 47276 7427.86 20.14 211 0 99 29751 0 13959 22.9 24.0 23.72 0.01
127800.0 354 9.14 0.36 47986 1221.29 0.36 15579 930.85 0.13 2209823 307966.51 20.14 350 29.47 0.13 47626 7457.33 20.14 211 0 99 29962 0 14058 22.9 24.0 23.72 0.01
128700.0 310 8.36 0.06 48296 1229.65 0.36 15539 930.87 0.13 2225362 308897.38 20.14 310 29.43 0.13 47936 7486.76 20.14 211 0 99 30173 0 14157 22.9 24.0 23.75 0.01
129600.0 310 8.36 0.06 48606 1238.01 0.36 15537 930.75 0.13 2240899 309828.13 20.14 310 29.43 0.13 48246 7516.19 20.14 211 0 99 30384 0 14256 23.1 24.0 23.76 0.01
130500.0 376 8.5 0.06 48982 1246.51 0.36 15595 931.42 0.13 2256494 310759.55 20.14 370 29.52 0.13 48616 7545.71 20.14 211 0 99 30595 0 14355 23.1 24.0 23.76 0.01
131400.0 354 9.14 0.36 49336 1255.65 0.36 15575 930.67 0.13 2272069 311690.22 20.14 350 29.47 0.13 48966 7575.18 20.14 211 0 99 30806 0 14454 23.1 24.0 23.76 0.01
132300.0 310 8.36 0.06 49646 1264.01 0.36 15534 930.63 0.13 2287603 312620.85 20.14 310 29.43 0.13 49276 7604.62 20.14 211 0 99 31017 0 14553 23.1 24.0 23.78 0.01
133200.0 310 8.36 0.06 49956 1272.37 0.36 15532 930.51 0.13 2303135 313551.36 20.14 310 29.43 0.13 49586 7634.05 20.14 211 0 99 31228 0 14652 23.2 24.0 23.8 0.01
134100.0 376 8.5 0.06 50332 1280.87 0.36 15592 931.3 0.13 2318727 314482.66 20.14 370 29.52 0.13 49956 7663.56 20.14 211 0 99 31439 0 14751 23.2 24.0 23.8 0.01
135000.0 354 9.14 0.36 50686 1290.01 0.36 15572 930.55 0.13 2334299 315413.21 20.14 350 29.47 0.13 50306 7693.04 20.14 211 0 99 31650 0 14850 23.2 24.0 23.81 0.01
135900.0 310 8.36 0.06 50996 1298.37 0.36 15528 930.39 0.13 2349827 316343.61 20.14 310 29.43 0.13 50616 7722.47 20.14 211 0 99 31861 0 14949 23.2 24.0 23.83 0.01
136800.0 310 8.36 0.06 51306 1306.73 0.36 15528 930.33 0.13 2365355 317273.93 20.14 310 29.43 0.13 50926 7751.9 20.14 211 0 99 32072 0 15048 23.3 24.0 23.84 0.01
137700.0 376 8.5 0.06 51682 1315.23 0.36 15587 931.06 0.13 2380942 318205.0 20.14 370 29.52 0.13 51296 7781.42 20.14 211 0 99 32283 0 15147 23.3 24.0 23.84 0.01
138600.0 354 9.14 0.36 52036 1324.37 0.36 15564 930.13 0.13 2396506 319135.13 20.14 350 29.47 0.13 51646 7810.89 20.14 211 0 99 32494 0 15246 23.3 24.0 23.84 0.01
139500.0 310 8.36 0.06 52346 1332.73 0.36 15524 930.15 0.13 2412030 320065.28 20.14 310 29.43 0.13 51956 7840.32 20.14 211 0 99 32705 0 15345 23.3 24.0 23.85 0.01
140400.0 310 8.36 0.06 52656 1341.09 0.36 15524 930.09 0.13 2427554 320995.37 20.14 310 29.43 0.13 52266 7869.75 20.14 211 0 99 32916 0 15444 23.4 24.0 23.85 0.01
141300.0 376 8.5 0.06 53032 1349.59 0.36 15583 930.82 0.13 2443137 321926.19 20.14 370 29.52 0.13 52636 7899.27 20.14 211 0 99 33127 0 15543 23.4 24.0 23.86 0.01
142200.0 354 9.14 0.36 53386 1358.73 0.36 15563 930.07 0.13 2458700 322856.26 20.14 350 29.47 0.13 52986 7928.75 20.14 211 0 99 33338 0 15642 23.4 24.0 23.86 0.01
143100.0 310 8.36 0.06 53696 1367.09 0.36 15522 930.03 0.13 2474222 323786.29 20.14 310 29.43 0.13 53296 7958.18 20.14 211 0 99 33549 0 15741 23.4 24.0 23.88 0.01
144000.0 310 8.36 0.06 54006 1375.45 0.36 15517 929.79 0.13 2489739 324716.08 20.14 310 29.43 0.13 53606 7987.61 20.14 211 0 99 33760 0 15840 23.5 24.0 23.88 0.01
144900.0 376 8.5 0.06 54382 1383.95 0.36 15577 930.58 0.13 2505316 325646.66 20.14 370 29.52 0.13 53976 8017.13 20.14 211 0 99 33971 0 15939 23.5 24.0 23.88 0.01
145800.0 354 9.14 0.36 54736 1393.09 0.36 15556 929.77 0.13 2520872 326576.43 20.14 350 29.47 0.13 54326 8046.6 20.14 211 0 99 34182 0 16038 23.5 24.0 23.88 0.01
146700.0 310 8.36 0.06 55046 1401.45 0.36 15514 929.67 0.13 2536386 327506.11 20.14 310 29.43 0.13 54636 8076.03 20.14 211 0 99 34393 0 16137 23.5 24.0 23.89 0.01
147600.0 310 8.36 0.06 55356 1409.81 0.36 15514 929.61 0.13 2551900 328435.71 20.14 310 29.43 0.13 54946 8105.46 20.14 211 0 99 34604 0 16236 23.6 24.0 23.89 0.01
148500.0 376 8.5 0.06 55732 1418.31 0.36 15574 930.4 0.13 2567474 329366.12 20.14 370 29.52 0.13 55316 8134.98 20.14 211 0 99 34815 0 16335 23.6 24.0 23.89 0.01
149400.0 354 9.14 0.36 56086 1427.45 0.36 15552 929.59 0.13 2583026 330295.71 20.14 350 29.47 0.13 55666 8164.45 20.14 211 0 99 35026 0 16434 23.6 24.0 23.89 0.01
150300.0 310 8.36 0.06 56396 1435.81 0.36 15512 929.61 0.13 2598538 331225.32 20.14 310 29.43 0.13 55976 8193.89 20.14 211 0 99 35237 0 16533 23.6 24.0 23.89 0.01
151200.0 310 8.36 0.06 56706 1444.17 0.36 15512 929.55 0.13 2614050 332154.87 20.14 310 29.43 0.13 56286 8223.32 20.14 211 0 99 35448 0 16632 23.7 24.0 23.89 0.01
152100.0 376 8.5 0.06 57082 1452.67 0.36 15568 930.16 0.13 2629618 333085.03 20.14 370 29.52 0.13 56656 8252.84 20.14 211 0 99 35659 0 16731 23.7 24.0 23.89 0.01
153000.0 354 9.14 0.36 57436 1461.81 0.36 15548 929.41 0.13 2645166 334014.44 20.14 350 29.47 0.13 57006 8282.31 20.14 211 0 99 35870 0 16830 23.7 24.0 23.89 0.01
153900.0 310 8.36 0.06 57746 1470.17 0.36 15508 929.43 0.13 2660674 334943.87 20.14 310 29.43 0.13 57316 8311.74 20.14 211 0 99 36081 0 16929 23.6 24.0 23.89 0.01
154800.0 310 8.36 0.06 58056 1478.53 0.36 15504 929.19 0.13 2676178 335873.06 20.14 310 29.43 0.13 57626 8341.17 20.14 211 0 99 36292 0 17028 23.6 24.0 23.89 0.01
155700.0 376 8.5 0.06 58432 1487.03 0.36 15564 929.98 0.13 2691742 336803.04 20.14 370 29.52 0.13 57996 8370.69 20.14 211 0 99 36503 0 17127 23.6 24.0 23.89 0.01
156600.0 354 9.14 0.36 58786 1496.17 0.36 15544 929.23 0.13 2707286 337732.27 20.14 350 29.47 0.13 58346 8400.16 20.14 211 0 99 36714 0 17226 23.6 24.0 23.89 0.01
157500.0 310 8.36 0.06 59096 1504.53 0.36 15503 929.25 0.13 2722789 338661.53 20.14 310 29.43 0.13 58656 8429.6 20.14 211 0 99 36925 0 17325 23.5 24.0 23.88 0.01
158400.0 310 8.36 0.06 59406 1512.89 0.36 15503 929.19 0.13 2738292 339590.71 20.14 310 29.43 0.13 58966 8459.03 20.14 211 0 99 37136 0 17424 23.5 24.0 23.88 0.01
159300.0 376 8.5 0.06 59782 1521.39 0.36 15561 929.92 0.13 2753853 340520.64 20.14 370 29.52 0.13 59336 8488.55 20.14 211 0 99 37347 0 17523 23.5 24.0 23.88 0.01
160200.0 354 9.14 0.36 60136 1530.52 0.36 15539 929.11 0.13 2769392 341449.75 20.14 350 29.47 0.13 59686 8518.02 20.14 211 0 99 37558 0 17622 23.5 24.0 23.88 0.01
161100.0 310 8.36 0.06 60446 1538.89 0.36 15498 929.07 0.13 2784890 342378.82 20.14 310 29.43 0.13 59996 8547.45 20.14 211 0 99 37769 0 17721 23.4 24.0 23.86 0.01
162000.0 310 8.36 0.06 60756 1547.25 0.36 15497 928.95 0.13 2800387 343307.77 20.14 310 29.43 0.13 60306 8576.88 20.14 211 0 99 37980 0 17820 23.4 24.0 23.86 0.01
162900.0 376 8.5 0.06 61132 1555.74 0.36 15552 928.89 0.13 2815939 344236.66 20.14 370 29.5 0.13 60676 8606.38 20.14 211 0 99 38191 0 17919 23.4 24.0 23.86 0.01
163800.0 354 9.14 0.36 61486 1564.88 0.36 15532 928.81 0.13 2831471 345165.47 20.14 350 29.47 0.13 61026 8635.85 20.14 211 0 99 38402 0 18018 23.4 24.0 23.86 0.01
164700.0 310 8.36 0.06 61796 1573.24 0.36 15491 928.77 0.13 2846962 346094.24 20.14 310 29.43 0.13 61336 8665.28 20.14 211 0 99 38613 0 18117 23.3 24.0 23.83 0.02
165600.0 310 8.36 0.06 62106 1581.6 0.36 15488 928.59 0.13 2862450 347022.83 20.14 310 29.43 0.13 61646 8694.71 20.14 211 0 99 38824 0 18216 23.3 24.0 23.83 0.02
166500.0 376 8.5 0.06 62482 1590.1 0.36 15548 929.38 0.13 2877998 347952.21 20.14 370 29.52 0.13 62016 8724.23 20.14 211 0 99 39035 0 18315 23.3 24.0 23.83 0.02
167400.0 354 9.14 0.36 62836 1599.24 0.36 15527 928.57 0.13 2893525 348880.78 20.14 350 29.47 0.13 62366 8753.7 20.14 211 0 99 39246 0 18414 23.3 24.0 23.83 0.02
168300.0 310 8.36 0.06 63146 1607.6 0.36 15483 928.47 0.13 2909008 349809.26 20.14 310 29.43 0.13 62676 8783.14 20.14 211 0 99 39457 0 18513 23.2 24.0 23.81 0.02
169200.0 310 8.36 0.06 63456 1615.96 0.36 15482 928.35 0.13 2924490 350737.6 20.14 310 29.43 0.13 62986 8812.57 20.14 211 0 99 39668 0 18612 23.2 24.0 23.8 0.02
170100.0 376 8.5 0.06 63832 1624.46 0.36 15541 928.41 0.13 2940031 351666.02 20.14 370 29.5 0.13 63356 8842.06 20.14 211 0 99 39879 0 18711 23.2 24.0 23.8 0.02
171000.0 354 9.14 0.36 64186 1633.6 0.36 15520 928.27 0.13 2955551 352594.29 20.14 350 29.47 0.13 63706 8871.53 20.14 211 0 99 40090 0 18810 23.2 24.0 23.8 0.02
171900.0 310 8.36 0.06 64496 1641.96 0.36 15480 928.29 0.13 2971031 353522.58 20.14 310 29.43 0.13 64016 8900.97 20.14 211 0 99 40301 0 18909 23.1 24.0 23.77 0.02
172800.0 310 8.36 0.06 64806 1650.32 0.36 15479 928.23 0.13 2986510 354450.81 20.14 310 29.43 0.13 64326 8930.4 20.14 211 0 99 40512 0 19008 23.1 24.0 23.75 0.02
173700.0 376 8.5 0.06 65182 1658.82 0.36 15536 928.9 0.13 3002046 355379.71 20.14 370 29.52 0.13 64696 8959.92 20.14 211 0 99 40723 0 19107 23.1 24.0 23.75 0.02
174600.0 354 9.14 0.36 65536 1667.96 0.36 15512 928.03 0.13 3017558 356307.74 20.14 350 29.47 0.13 65046 8989.39 20.14 211 0 99 40934 0 19206 23.1 24.0 23.75 0.02
175500.0 310 8.36 0.06 65846 1676.32 0.36 15473 927.99 0.13 3033031 357235.73 20.14 310 29.43 0.13 65356 9018.82 20.14 211 0 99 41145 0 19305 23.0 24.0 23.72 0.03
176400.0 310 8.36 0.06 66156 1684.68 0.36 15468 927.81 0.13 3048499 358163.54 20.14 310 29.43 0.13 65666 9048.25 20.14 211 0 99 41356 0 19404 22.9 24.0 23.69 0.03
177300.0 376 8.5 0.06 66532 1693.18 0.36 15525 928.42 0.13 3064024 359091.96 20.14 370 29.52 0.13 66036 9077.77 20.14 211 0 99 41567 0 19503 22.9 23.9 23.69 0.03
178200.0 354 9.14 0.36 66886 1702.32 0.36 15501 927.61 0.13 3079525 360019.57 20.14 350 29.47 0.13 66386 9107.24 20.14 211 0 99 41778 0 19602 22.9 23.9 23.69 0.03
179100.0 310 8.36 0.06 67196 1710.68 0.36 15465 927.87 0.13 3094990 360947.44 20.14 310 29.43 0.13 66696 9136.68 20.14 211 0 99 41989 0 19701 22.9 23.9 23.63 0.03
180000.0 310 8.36 0.06 67506 1719.04 0.36 15468 927.93 0.13 3110458 361875.37 20.14 310 29.43 0.13 67006 9166.11 20.14 211 0 99 42200 0 19800 22.8 23.9 23.6 0.02
180900.0 376 8.5 0.06 67882 1727.54 0.36 15527 928.66 0.13 3125985 362804.04 20.14 370 29.52 0.13 67376 9195.63 20.14 211 0 99 42411 0 19899 22.8 23.9 23.6 0.02
181800.0 354 9.14 0.36 68236 1736.68 0.36 15489 927.25 0.13 3141474 363731.28 20.14 350 29.47 0.13 67726 9225.1 20.14 211 0 99 42622 0 19998 22.8 23.9 23.59 0.02
182700.0 310 8.36 0.06 68546 1745.04 0.36 15454 927.39 0.13 3156928 364658.68 20.14 310 29.43 0.13 68036 9254.53 20.14 211 0 99 42833 0 20097 22.8 23.8 23.52 0.03
183600.0 310 8.36 0.06 68856 1753.4 0.36 15461 927.69 0.13 3172389 365586.36 20.14 310 29.43 0.13 68346 9283.96 20.14 211 0 99 43044 0 20196 22.7 23.8 23.46 0.02
184500.0 376 8.5 0.06 69232 1761.9 0.36 15518 928.42 0.13 3187907 366514.79 20.14 370 29.52 0.13 68716 9313.48 20.14 211 0 99 43255 0 20295 22.7 23.8 23.46 0.02
185400.0 354 9.14 0.36 69586 1771.04 0.36 15488 927.19 0.13 3203395 367441.98 20.14 350 29.47 0.13 69066 9342.95 20.14 211 0 99 43466 0 20394 22.7 23.8 23.45 0.02
186300.0 310 8.36 0.06 69896 1779.4 0.36 15453 927.51 0.13 3218848 368369.49 20.14 310 29.43 0.13 69376 9372.38 20.14 211 0 99 43677 0 20493 22.7 23.7 23.36 0.03
187200.0 310 8.36 0.06 70206 1787.76 0.36 15448 927.15 0.13 3234296 369296.64 20.14 310 29.43 0.13 69686 9401.82 20.14 211 0 99 43888 0 20592 22.4 23.7 23.28 0.02
188100.0 376 8.5 0.06 70582 1796.26 0.36 15507 927.94 0.13 3249803 370224.58 20.14 370 29.52 0.13 70056 9431.33 20.14 211 0 99 44099 0 20691 22.4 23.7 23.28 0.02
189000.0 354 9.14 0.36 70936 1805.4 0.36 15482 927.07 0.13 3265285 371151.65 20.14 350 29.47 0.13 70406 9460.81 20.14 211 0 99 44310 0 20790 22.4 23.7 23.27 0.02
189900.0 310 8.36 0.06 71246 1813.76 0.36 15446 927.27 0.13 3280731 372078.92 20.14 310 29.43 0.13 70716 9490.24 20.14 211 0 99 44521 0 20889 22.4 23.6 23.15 0.03
190800.0 310 8.36 0.06 71556 1822.12 0.36 15447 927.33 0.13 3296178 373006.25 20.14 310 29.43 0.13 71026 9519.67 20.14 211 0 99 44732 0 20988 22.1 23.5 23.04 0.03
191700.0 376 8.5 0.06 71932 1830.62 0.36 15507 928.12 0.13 3311685 373934.37 20.14 370 29.52 0.13 71396 9549.19 20.14 211 0 99 44943 0 21087 22.1 23.5 23.03 0.03
192600.0 354 9.14 0.36 72286 1839.76 0.36 15480 927.07 0.13 3327165 374861.44 20.14 350 29.47 0.13 71746 9578.66 20.14 211 0 99 45154 0 21186 22.1 23.5 23.03 0.03
193500.0 310 8.36 0.06 72596 1848.12 0.36 15445 927.09 0.13 3342610 375788.53 20.14 310 29.43 0.13 72056 9608.09 20.14 211 0 99 45365 0 21285 22.1 23.4 22.88 0.03
194400.0 310 8.36 0.06 72906 1856.48 0.36 15442 926.85 0.13 3358052 376715.38 20.14 310 29.43 0.13 72366 9637.52 20.14 211 0 99 45576 0 21384 22.0 23.3 22.75 0.03
195300.0 376 8.5 0.06 73282 1864.98 0.36 15494 927.34 0.13 3373546 377642.72 20.14 370 29.52 0.13 72736 9667.04 20.14 211 0 99 45787 0 21483 22.0 23.3 22.75 0.03
196200.0 354 9.14 0.36 73636 1874.12 0.36 15472 926.53 0.13 3389018 378569.25 20.14 350 29.47 0.13 73086 9696.51 20.14 211 0 99 45998 0 21582 22.0 23.3 22.74 0.03
197100.0 310 8.36 0.06 73946 1882.48 0.36 15435 926.55 0.13 3404453 379495.8 20.14 310 29.43 0.13 73396 9725.95 20.14 211 0 99 46209 0 21681 22.0 23.1 22.58 0.02
198000.0 310 8.36 0.06 74256 1890.84 0.36 15396 924.87 0.13 3419849 380420.67 20.14 310 29.43 0.13 73706 9755.38 20.14 211 0 99 46420 0 21780 22.0 23.1 22.44 0.03
198900.0 376 8.5 0.06 74632 1899.34 0.36 15456 925.66 0.13 3435305 381346.33 20.14 370 29.52 0.13 74076 9784.9 20.14 211 0 99 46631 0 21879 22.0 23.1 22.44 0.03
199800.0 354 9.14 0.36 74986 1908.47 0.36 15435 924.85 0.13 3450740 382271.18 20.14 350 29.47 0.13 74426 9814.37 20.14 211 0 99 46842 0 21978 22.0 23.1 22.43 0.03
200700.0 310 8.36 0.06 75296 1916.83 0.36 15399 925.05 0.13 3466139 383196.23 20.14 310 29.43 0.13 74736 9843.8 20.14 211 0 99 47053 0 22077 22.0 22.8 22.27 0.02
201600.0 310 8.36 0.06 75606 1925.19 0.36 15408 925.41 0.13 3481547 384121.64 20.14 310 29.43 0.13 75046 9873.23 20.14 211 0 99 47264 0 22176 22.0 22.8 22.2 0.02
202500.0 376 8.5 0.06 75982 1933.7 0.36 15467 926.2 0.13 3497014 385047.85 20.14 370 29.52 0.13 75416 9902.75 20.14 211 0 99 47475 0 22275 22.0 22.8 22.2 0.02
203400.0 354 9.14 0.36 76336 1942.83 0.36 15442 925.27 0.13 3512456 385973.11 20.14 350 29.47 0.13 75766 9932.22 20.14 211 0 99 47686 0 22374 22.0 22.8 22.19 0.02
204300.0 310 8.36 0.06 76646 1951.19 0.36 15407 925.41 0.13 3527863 386898.53 20.14 310 29.43 0.13 76076 9961.66 20.14 211 0 99 47897 0 22473 22.0 22.6 22.07 0.01
205200.0 310 8.36 0.06 76956 1959.55 0.36 15405 925.23 0.13 3543268 387823.75 20.14 310 29.43 0.13 76386 9991.09 20.14 211 0 99 48108 0 22572 22.0 22.6 22.07 0.01
206100.0 376 8.5 0.06 77332 1968.05 0.36 15464 925.29 0.13 3558732 388749.05 20.14 370 29.5 0.13 76756 10020.58 20.14 211 0 99 48319 0 22671 22.0 22.6 22.07 0.01
207000.0 354 9.14 0.36 77686 1977.19 0.36 15430 924.67 0.13 3574162 389673.72 20.14 350 29.47 0.13 77106 10050.05 20.14 211 0 99 48530 0 22770 22.0 22.6 22.07 0.01
207900.0 310 8.36 0.06 77996 1985.55 0.36 15398 925.05 0.13 3589560 390598.77 20.14 310 29.43 0.13 77416 10079.49 20.14 211 0 99 48741 0 22869 22.0 22.2 22.03 0.0
208800.0 310 8.36 0.06 78306 1993.91 0.36 15394 924.93 0.13 3604954 391523.7 20.14 310 29.43 0.13 77726 10108.92 20.14 211 0 99 48952 0 22968 22.0 22.2 22.03 0.0
209700.0 376 8.5 0.06 78682 2002.41 0.36 15451 925.6 0.13 3620405 392449.3 20.14 370 29.52 0.13 78096 10138.44 20.14 211 0 99 49163 0 23067 22.0 22.2 22.03 0.0
210600.0 354 9.14 0.36 79036 2011.55 0.36 15421 924.37 0.13 3635826 393373.67 20.14 350 29.47 0.13 78446 10167.91 20.14 211 0 99 49374 0 23166 22.0 22.2 22.02 0.0
211500.0 310 8.36 0.06 79346 2019.91 0.36 15386 924.51 0.13 3651212 394298.18 20.14 310 29.43 0.13 78756 10197.34 20.14 211 0 99 49585 0 23265 22.0 22.0 22.0 0.0
212400.0 310 8.36 0.06 79656 2028.27 0.36 15386 924.45 0.13 3666598 395222.63 20.14 310 29.43 0.13 79066 10226.77 20.14 211 0 99 49796 0 23364 22.0 22.0 22.0 0.0
213300.0 376 8.5 0.06 80032 2036.77 0.36 15442 924.39 0.13 3682040 396147.02 20.14 370 29.5 0.13 79436 10256.27 20.14 211 0 99 50007 0 23463 22.0 22.0 22.0 0.0
214200.0 354 9.14 0.36 80386 2045.91 0.36 15409 923.95 0.13 3697449 397070.97 20.14 350 29.47 0.13 79786 10285.74 20.14 211 0 99 50218 0 23562 22.0 22.0 22.0 0.0
215100.0 310 8.36 0.06 80696 2054.27 0.36 15367 923.91 0.13 3712816 397994.88 20.14 310 29.43 0.13 80096 10315.17 20.14 211 0 99 50429 0 23661 22.0 22.0 22.0 0.0
216000.0 310 8.36 0.06 81006 2062.63 0.36 15363 923.67 0.13 3728179 398918.55 20.14 310 29.43 0.13 80406 10344.6 20.14 211 0 99 50640 0 23760 22.0 22.0 22.0 0.0
216900.0 376 8.5 0.06 81382 2071.13 0.36 15422 924.4 0.13 3743601 399842.95 20.14 370 29.52 0.13 80776 10374.12 20.14 211 0 99 50851 0 23859 22.0 22.0 22.0 0.0
217800.0 354 9.14 0.36 81736 2080.27 0.36 15399 923.65 0.13 3759000 400766.6 20.14 350 29.47 0.13 81126 10403.59 20.14 211 0 99 51062 0 23958 22.0 22.0 22.0 0.0
218700.0 310 8.36 0.06 82046 2088.63 0.36 15356 923.55 0.13 3774356 401690.15 20.14 310 29.43 0.13 81436 10433.03 20.14 211 0 99 51273 0 24057 22.0 22.0 22.0 0.0
219600.0 310 8.36 0.06 82356 2096.99 0.36 15353 923.37 0.13 3789709 402613.52 20.14 310 29.43 0.13 81746 10462.46 20.14 211 0 99 51484 0 24156 22.0 22.0 22.0 0.0
220500.0 376 8.5 0.06 82732 2105.49 0.36 15408 923.92 0.13 3805117 403537.44 20.14 370 29.52 0.13 82116 10491.98 20.14 211 0 99 51695 0 24255 22.0 22.0 22.0 0.0
221400.0 354 9.14 0.36 83086 2114.63 0.36 15389 926.65 0.13 3820506 404464.09 20.14 350 29.54 0.13 82466 10521.52 20.14 211 0 99 51906 0 24354 21.0 22.0 21.97 0.01
222300.0 310 8.36 0.06 83396 2122.99 0.36 15443 932.78 0.13 3835949 405396.86 20.14 310 29.55 0.13 82776 10551.07 20.14 211 0 99 52117 0 24453 20.4 22.0 21.3 0.07
223200.0 310 8.36 0.06 83706 2131.35 0.36 15475 933.85 0.13 3851424 406330.71 20.14 310 29.55 0.13 83086 10580.62 20.14 211 0 99 52328 0 24552 19.9 22.0 20.6 0.17
224100.0 376 8.5 0.06 84082 2139.85 0.36 15535 934.65 0.13 3866959 407265.36 20.14 370 29.64 0.13 83456 10610.25 20.14 211 0 99 52539 0 24651 19.8 21.8 20.57 0.15
225000.0 354 9.14 0.36 84436 2148.99 0.36 15516 932.55 0.13 3882475 408197.91 20.14 350 29.56 0.13 83806 10639.81 20.14 211 0 99 52750 0 24750 19.8 21.8 20.57 0.14
225900.0 310 8.36 0.06 84746 2157.35 0.36 15476 933.22 0.13 3897951 409131.12 20.14 310 29.53 0.13 84116 10669.35 20.14 211 0 99 52961 0 24849 19.8 21.7 20.51 0.13
226800.0 310 8.36 0.06 85056 2165.71 0.36 15479 933.33 0.13 3913430 410064.45 20.14 310 29.53 0.13 84426 10698.88 20.14 211 0 99 53172 0 24948 19.8 21.7 20.48 0.16
227700.0 376 8.5 0.06 85432 2174.22 0.36 15537 934.01 0.13 3928967 410998.46 20.14 370 29.62 0.13 84796 10728.5 20.14 211 0 99 53383 0 25047 19.8 21.7 20.48 0.16
228600.0 354 9.14 0.36 85786 2183.36 0.36 15515 934.63 0.13 3944482 411933.09 20.14 350 29.6 0.13 85146 10758.1 20.14 211 0 99 53594 0 25146 19.8 21.7 20.47 0.16
229500.0 310 8.36 0.06 86096 2191.72 0.36 15476 933.01 0.13 3959958 412866.11 20.14 310 29.53 0.13 85456 10787.63 20.14 211 0 99 53805 0 25245 19.8 21.6 20.45 0.15
230400.0 310 8.36 0.06 86406 2200.08 0.36 15477 933.0 0.13 3975435 413799.11 20.14 310 29.53 0.13 85766 10817.16 20.14 211 0 99 54016 0 25344 19.8 21.6 20.46 0.15
231300.0 376 8.5 0.06 86782 2208.58 0.36 15534 933.01 0.13 3990969 414732.12 20.14 370 29.59 0.13 86136 10846.76 20.14 211 0 99 54227 0 25443 19.8 21.6 20.46 0.15
232200.0 354 9.14 0.36 87136 2217.72 0.36 15511 932.01 0.13 4006480 415664.13 20.14 350 29.55 0.13 86486 10876.31 20.14 211 0 99 54438 0 25542 19.8 21.6 20.46 0.15
233100.0 310 8.36 0.06 87446 2226.08 0.36 15473 933.68 0.13 4021953 416597.8 20.14 310 29.55 0.13 86796 10905.86 20.14 211 0 99 54649 0 25641 19.8 21.5 20.49 0.16
234000.0 310 8.36 0.06 87756 2234.44 0.36 15473 933.67 0.13 4037426 417531.47 20.14 310 29.55 0.13 87106 10935.4 20.14 211 0 99 54860 0 25740 19.8 21.5 20.5 0.15
234900.0 376 8.5 0.06 88132 2242.94 0.36 15533 934.47 0.13 4052959 418465.94 20.14 370 29.63 0.13 87476 10965.04 20.14 211 0 99 55071 0 25839 19.8 21.5 20.5 0.15
235800.0 354 9.14 0.36 88486 2252.08 0.36 15509 932.07 0.13 4068468 419398.02 20.14 350 29.55 0.13 87826 10994.59 20.14 211 0 99 55282 0 25938 19.8 21.5 20.5 0.15
236700.0 310 8.36 0.06 88796 2260.44 0.36 15468 929.75 0.13 4083936 420327.77 20.14 310 29.47 0.13 88136 11024.06 20.14 211 0 99 55493 0 26037 19.8 21.4 20.51 0.16
237600.0 310 8.36 0.06 89106 2268.8 0.36 15468 929.75 0.13 4099404 421257.52 20.14 310 29.47 0.13 88446 11053.53 20.14 211 0 99 55704 0 26136 19.8 21.4 20.55 0.14
238500.0 376 8.5 0.06 89482 2277.3 0.36 15526 929.81 0.13 4114930 422187.33 20.14 370 29.53 0.13 88816 11083.06 20.14 211 0 99 55915 0 26235 19.7 21.4 20.55 0.14
239400.0 354 9.14 0.36 89836 2286.44 0.36 15499 931.4 0.13 4130429 423118.73 20.14 350 29.55 0.13 89166 11112.61 20.14 211 0 99 56126 0 26334 19.7 21.4 20.55 0.14
240300.0 310 8.36 0.06 90146 2294.8 0.36 15458 931.37 0.13 4145887 424050.1 20.14 310 29.51 0.13 89476 11142.12 20.14 211 0 99 56337 0 26433 19.7 21.6 20.57 0.16
241200.0 310 8.36 0.06 90456 2303.16 0.36 15454 931.12 0.13 4161341 424981.22 20.14 310 29.51 0.13 89786 11171.63 20.14 211 0 99 56548 0 26532 19.7 21.6 20.6 0.15
242100.0 376 8.5 0.06 90832 2311.66 0.36 15510 931.74 0.13 4176851 425912.96 20.14 370 29.6 0.13 90156 11201.22 20.14 211 0 99 56759 0 26631 19.7 21.6 20.6 0.15
243000.0 354 9.14 0.36 91186 2320.8 0.36 15490 930.41 0.13 4192341 426843.37 20.14 350 29.54 0.13 90506 11230.76 20.14 211 0 99 56970 0 26730 19.7 21.6 20.6 0.15
243900.0 310 8.36 0.06 91496 2329.16 0.36 15447 931.75 0.13 4207788 427775.12 20.14 310 29.53 0.13 90816 11260.29 20.14 211 0 99 57181 0 26829 19.7 21.8 20.61 0.16
244800.0 310 8.36 0.06 91806 2337.52 0.36 15452 931.92 0.13 4223240 428707.04 20.14 310 29.52 0.13 91126 11289.81 20.14 211 0 99 57392 0 26928 19.7 21.8 20.64 0.16
245700.0 376 8.5 0.06 92182 2346.03 0.36 15511 932.66 0.13 4238751 429639.7 20.14 370 29.61 0.13 91496 11319.42 20.14 211 0 99 57603 0 27027 19.6 21.8 20.64 0.16
246600.0 354 9.14 0.36 92536 2355.17 0.36 15470 932.1 0.13 4254221 430571.8 20.14 350 29.59 0.13 91846 11349.01 20.14 211 0 99 57814 0 27126 19.6 21.8 20.64 0.16
247500.0 310 8.36 0.06 92846 2363.53 0.36 15444 931.45 0.13 4269665 431503.25 20.14 310 29.52 0.13 92156 11378.53 20.14 211 0 99 58025 0 27225 19.6 21.9 20.6 0.16
248400.0 310 8.36 0.06 93156 2371.89 0.36 15445 931.32 0.13 4285110 432434.57 20.14 310 29.52 0.13 92466 11408.05 20.14 211 0 99 58236 0 27324 19.6 21.9 20.62 0.16
249300.0 376 8.5 0.06 93532 2380.39 0.36 15499 931.76 0.13 4300609 433366.33 20.14 370 29.61 0.13 92836 11437.66 20.14 211 0 99 58447 0 27423 19.5 21.9 20.62 0.17
250200.0 354 9.14 0.36 93886 2389.53 0.36 15460 929.41 0.13 4316069 434295.74 20.14 350 29.54 0.13 93186 11467.2 20.14 211 0 99 58658 0 27522 19.5 21.9 20.62 0.17
251100.0 310 8.36 0.06 94196 2397.89 0.36 15435 930.71 0.13 4331504 435226.45 20.14 310 29.52 0.13 93496 11496.72 20.14 211 0 99 58869 0 27621 19.5 22.0 20.58 0.18
252000.0 310 8.36 0.06 94506 2406.25 0.36 15441 930.94 0.13 4346945 436157.38 20.14 310 29.51 0.13 93806 11526.23 20.14 211 0 99 59080 0 27720 19.5 22.0 20.56 0.19
252900.0 376 8.5 0.06 94882 2414.75 0.36 15498 931.62 0.13 4362443 437089.0 20.14 370 29.6 0.13 94176 11555.84 20.14 211 0 99 59291 0 27819 19.5 22.0 20.56 0.2
253800.0 354 9.14 0.36 95236 2423.89 0.36 15465 930.22 0.13 4377908 438019.23 20.14 350 29.55 0.13 94526 11585.39 20.14 211 0 99 59502 0 27918 19.5 22.0 20.55 0.2
254700.0 310 8.36 0.06 95546 2432.25 0.36 15477 932.62 0.13 4393385 438951.85 20.14 310 29.52 0.13 94836 11614.91 20.14 211 0 99 59713 0 28017 19.5 21.8 20.43 0.2
255600.0 310 8.36 0.06 95856 2440.61 0.36 15481 932.74 0.13 4408866 439884.59 20.14 310 29.52 0.13 95146 11644.42 20.14 211 0 99 59924 0 28116 19.5 21.8 20.4 0.21
256500.0 376 8.5 0.06 96232 2449.12 0.36 15540 933.48 0.13 4424406 440818.06 20.14 370 29.61 0.13 95516 11674.03 20.14 211 0 99 60135 0 28215 19.3 21.8 20.39 0.21
257400.0 354 9.14 0.36 96586 2458.25 0.36 15493 930.37 0.13 4439899 441748.44 20.14 350 29.54 0.13 95866 11703.57 20.14 211 0 99 60346 0 28314 19.3 21.8 20.39 0.21
258300.0 310 8.36 0.06 96896 2466.61 0.36 15493 933.39 0.13 4455392 442681.83 20.14 310 29.52 0.13 96176 11733.09 20.14 211 0 99 60557 0 28413 19.3 21.8 20.23 0.21
259200.0 310 8.36 0.06 97206 2474.98 0.36 15496 933.38 0.13 4470888 443615.21 20.14 310 29.52 0.13 96486 11762.61 20.14 211 0 99 60768 0 28512 19.3 21.8 20.15 0.23
260100.0 376 8.5 0.06 97582 2483.48 0.36 15556 934.18 0.13 4486444 444549.4 20.14 370 29.61 0.13 96856 11792.21 20.14 211 0 99 60979 0 28611 19.2 21.6 20.15 0.23
261000.0 356 9.21 0.36 97938 2492.69 0.36 15842 161933.14 20.15 4502286 606482.54 20.15 352 3207.75 20.15 97208 14999.97 20.15 211 0 99 61190 0 28710 19.2 21.6 20.15 0.23
261900.0 310 8.36 0.06 98248 2501.05 0.36 15520 933.24 0.13 4517806 607415.78 20.15 310 29.51 0.13 97518 15029.47 20.15 211 0 99 61401 0 28809 18.9 21.6 19.73 0.24
262800.0 310 8.36 0.06 98558 2509.41 0.36 15522 933.15 0.13 4533328 608348.93 20.15 310 29.5 0.13 97828 15058.98 20.15 211 0 99 61612 0 28908 18.9 21.6 19.63 0.24
263700.0 376 8.5 0.06 98934 2517.92 0.36 15582 933.98 0.13 4548910 609282.91 20.15 370 29.59 0.13 98198 15088.57 20.15 211 0 99 61823 0 29007 18.9 20.8 19.63 0.23
264600.0 356 9.22 0.36 99290 2527.13 0.36 15873 161781.39 20.13 4564783 771064.3 20.15 352 3204.07 20.13 98550 18292.64 20.15 211 0 99 62034 0 29106 18.9 20.8 19.63 0.23
265500.0 310 8.37 0.06 99600 2535.5 0.36 15555 975.44 0.14 4580338 772039.74 20.15 310 30.35 0.14 98860 18322.98 20.15 211 0 99 62245 0 29205 17.3 20.7 18.19 0.26
266400.0 310 8.37 0.06 99910 2543.87 0.36 15566 975.81 0.14 4595904 773015.55 20.15 310 30.34 0.14 99170 18353.33 20.15 211 0 99 62456 0 29304 17.3 20.0 17.83 0.05
267300.0 376 8.51 0.06 100286 2552.38 0.36 15626 976.66 0.14 4611530 773992.21 20.15 370 30.43 0.14 99540 18383.76 20.15 211 0 99 62667 0 29403 17.3 18.8 17.81 0.02
268200.0 356 9.22 0.36 100642 2561.6 0.36 15915 161942.05 20.15 4627445 935934.25 20.15 352 3208.54 20.15 99892 21592.3 20.15 211 0 99 62878 0 29502 17.3 18.8 17.81 0.02
269100.0 310 8.37 0.06 100952 2569.97 0.36 15574 977.37 0.14 4643019 936911.63 20.15 310 30.37 0.14 100202 21622.67 20.15 211 0 99 63089 0 29601 17.3 18.8 17.78 0.02
270000.0 310 8.37 0.06 101262 2578.34 0.36 15574 977.28 0.14 4658593 937888.91 20.15 310 30.37 0.14 100512 21653.04 20.15 211 0 99 63300 0 29700 17.3 18.7 17.77 0.02
270900.0 376 8.51 0.06 101638 2586.85 0.36 15634 978.11 0.14 4674227 938867.01 20.15 370 30.46 0.14 100882 21683.49 20.15 211 0 99 63511 0 29799 17.3 18.7 17.77 0.02
271800.0 354 9.15 0.36 101992 2595.99 0.36 15610 975.66 0.14 4689837 939842.68 20.15 350 30.38 0.14 101232 21713.87 20.15 211 0 99 63722 0 29898 17.3 18.7 17.77 0.02
272700.0 310 8.37 0.06 102302 2604.36 0.36 15572 975.84 0.14 4705409 940818.51 20.15 310 30.34 0.14 101542 21744.21 20.15 211 0 99 63933 0 29997 17.3 18.7 17.75 0.02
273600.0 310 8.37 0.06 102612 2612.73 0.36 15572 975.74 0.14 4720981 941794.25 20.15 310 30.34 0.14 101852 21774.55 20.15 211 0 99 64144 0 30096 17.3 18.6 17.74 0.02
274500.0 376 8.51 0.06 102988 2621.24 0.36 15630 976.51 0.14 4736611 942770.77 20.15 370 30.43 0.14 102222 21804.97 20.15 211 0 99 64355 0 30195 17.3 18.6 17.74 0.02
275400.0 354 9.15 0.36 103342 2630.39 0.36 15608 980.21 0.14 4752219 943750.97 20.15 350 30.47 0.14 102572 21835.45 20.15 211 0 99 64566 0 30294 17.3 18.6 17.74 0.02
276300.0 310 8.37 0.06 103652 2638.76 0.36 15569 974.68 0.14 4767788 944725.65 20.15 310 30.32 0.14 102882 21865.77 20.15 211 0 99 64777 0 30393 17.3 18.6 17.72 0.02
277200.0 310 8.37 0.06 103962 2647.12 0.36 15572 974.76 0.14 4783360 945700.42 20.15 310 30.32 0.14 103192 21896.09 20.15 211 0 99 64988 0 30492 17.3 18.5 17.71 0.02
278100.0 376 8.51 0.06 104338 2655.63 0.36 15632 974.92 0.14 4798992 946675.34 20.15 370 30.38 0.14 103562 21926.47 20.15 211 0 99 65199 0 30591 17.3 18.5 17.71 0.02
279000.0 354 9.14 0.36 104692 2664.78 0.36 15610 971.62 0.14 4814602 947646.95 20.15 350 30.29 0.14 103912 21956.76 20.15 211 0 99 65410 0 30690 17.3 18.5 17.71 0.02
279900.0 310 8.37 0.06 105002 2673.15 0.36 15565 976.89 0.14 4830167 948623.84 20.15 310 30.37 0.14 104222 21987.13 20.15 211 0 99 65621 0 30789 17.3 18.5 17.7 0.02
280800.0 310 8.37 0.06 105312 2681.51 0.36 15566 976.86 0.14 4845733 949600.7 20.15 310 30.37 0.14 104532 22017.5 20.15 211 0 99 65832 0 30888 17.3 18.4 17.69 0.02
281700.0 376 8.51 0.06 105688 2690.03 0.36 15622 977.45 0.14 4861355 950578.15 20.15 370 30.46 0.14 104902 22047.95 20.15 211 0 99 66043 0 30987 17.3 18.4 17.69 0.02
282600.0 354 9.15 0.36 106042 2699.17 0.36 15598 975.07 0.14 4876953 951553.22 20.15 350 30.38 0.14 105252 22078.33 20.15 211 0 99 66254 0 31086 17.3 18.4 17.69 0.02
283500.0 310 8.37 0.06 106352 2707.54 0.36 15560 970.47 0.14 4892513 952523.68 20.15 310 30.24 0.14 105562 22108.57 20.15 211 0 99 66465 0 31185 17.3 18.4 17.68 0.01
284400.0 310 8.37 0.06 106662 2715.91 0.36 15557 970.25 0.14 4908070 953493.94 20.15 310 30.24 0.14 105872 22138.81 20.15 211 0 99 66676 0 31284 17.3 18.3 17.68 0.01
285300.0 376 8.51 0.06 107038 2724.42 0.36 15617 971.08 0.14 4923687 954465.02 20.15 370 30.33 0.14 106242 22169.14 20.15 211 0 99 66887 0 31383 17.3 18.3 17.68 0.01
286200.0 354 9.14 0.36 107392 2733.56 0.36 15596 970.29 0.14 4939283 955435.3 20.15 350 30.28 0.14 106592 22199.42 20.15 211 0 99 67098 0 31482 17.3 18.3 17.68 0.01
287100.0 310 8.37 0.06 107702 2741.93 0.36 15562 969.76 0.14 4954845 956405.07 20.15 310 30.23 0.14 106902 22229.65 20.15 211 0 99 67309 0 31581 17.3 18.3 17.67 0.01
288000.0 310 8.37 0.06 108012 2750.29 0.36 15555 969.37 0.14 4970400 957374.44 20.15 310 30.22 0.14 107212 22259.87 20.15 211 0 99 67520 0 31680 17.3 18.2 17.67 0.01
288900.0 376 8.51 0.06 108388 2758.8 0.36 15615 970.2 0.14 4986015 958344.64 20.15 370 30.31 0.14 107582 22290.19 20.15 211 0 99 67731 0 31779 17.3 18.2 17.67 0.01
289800.0 354 9.15 0.36 108742 2767.95 0.36 15593 974.02 0.14 5001608 959318.66 20.15 350 30.36 0.14 107932 22320.54 20.15 211 0 99 67942 0 31878 17.3 18.2 17.67 0.01
290700.0 310 8.37 0.06 109052 2776.32 0.36 15561 979.91 0.14 5017169 960298.57 20.15 310 30.43 0.14 108242 22350.98 20.15 211 0 99 68153 0 31977 17.3 18.2 17.66 0.01
291600.0 310 8.37 0.06 109362 2784.69 0.36 15554 979.51 0.14 5032723 961278.08 20.15 310 30.43 0.14 108552 22381.41 20.15 211 0 99 68364 0 32076 17.3 18.1 17.66 0.01
292500.0 376 8.51 0.06 109738 2793.2 0.36 15613 980.28 0.14 5048336 962258.37 20.15 370 30.52 0.14 108922 22411.93 20.15 211 0 99 68575 0 32175 17.3 18.1 17.66 0.01
293400.0 354 9.15 0.36 110092 2802.35 0.36 15592 979.49 0.14 5063928 963237.86 20.15 350 30.47 0.14 109272 22442.41 20.15 211 0 99 68786 0 32274 17.3 18.1 17.66 0.01
294300.0 310 8.37 0.06 110402 2810.71 0.36 15557 973.87 0.14 5079485 964211.73 20.15 310 30.32 0.14 109582 22472.72 20.15 211 0 99 68997 0 32373 17.3 18.0 17.66 0.01
295200.0 310 8.37 0.06 110712 2819.08 0.36 15553 973.59 0.14 5095038 965185.32 20.15 310 30.31 0.14 109892 22503.03 20.15 211 0 99 69208 0 32472 17.4 18.0 17.66 0.01
296100.0 376 8.51 0.06 111088 2827.59 0.36 15613 974.42 0.14 5110651 966159.74 20.15 370 30.4 0.14 110262 22533.43 20.15 211 0 99 69419 0 32571 17.4 18.0 17.66 0.01
297000.0 354 9.15 0.36 111442 2836.74 0.36 15593 973.63 0.14 5126244 967133.37 20.15 350 30.35 0.14 110612 22563.79 20.15 211 0 99 69630 0 32670 17.4 18.0 17.66 0.01
297900.0 310 8.37 0.06 111752 2845.11 0.36 15550 979.43 0.14 5141794 968112.8 20.15 310 30.43 0.14 110922 22594.22 20.15 211 0 99 69841 0 32769 17.4 18.0 17.65 0.01
298800.0 310 8.37 0.06 112062 2853.48 0.36 15548 979.27 0.14 5157342 969092.07 20.15 310 30.43 0.14 111232 22624.65 20.15 211 0 99 70052 0 32868 17.4 18.0 17.66 0.01
299700.0 376 8.51 0.06 112438 2861.99 0.36 15608 980.11 0.14 5172950 970072.18 20.15 370 30.52 0.14 111602 22655.17 20.15 211 0 99 70263 0 32967 17.4 18.0 17.66 0.01
300600.0 354 9.15 0.36 112792 2871.14 0.36 15582 979.13 0.14 5188532 971051.31 20.15 350 30.47 0.14 111952 22685.65 20.15 211 0 99 70474 0 33066 17.4 18.0 17.66 0.01
301500.0 310 8.37 0.06 113102 2879.5 0.36 15550 975.66 0.14 5204082 972026.97 20.15 310 30.36 0.14 112262 22716.0 20.15 211 0 99 70685 0 33165 17.4 17.9 17.66 0.0
302400.0 310 8.37 0.06 113412 2887.87 0.36 15547 975.37 0.14 5219629 973002.34 20.15 310 30.35 0.14 112572 22746.36 20.15 211 0 99 70896 0 33264 17.4 17.9 17.67 0.01
303300.0 376 8.51 0.06 113788 2896.38 0.36 15604 976.03 0.14 5235233 973978.37 20.15 370 30.44 0.14 112942 22776.8 20.15 211 0 99 71107 0 33363 17.4 17.9 17.67 0.01
304200.0 354 9.14 0.36 114142 2905.53 0.36 15577 971.8 0.14 5250810 974950.18 20.15 350 30.33 0.14 113292 22807.13 20.15 211 0 99 71318 0 33462 17.4 17.9 17.66 0.01
305100.0 310 8.37 0.06 114452 2913.9 0.36 15540 975.81 0.14 5266350 975925.98 20.15 310 30.37 0.14 113602 22837.5 20.15 211 0 99 71529 0 33561 17.4 17.8 17.66 0.01
306000.0 310 8.37 0.06 114762 2922.27 0.36 15537 975.6 0.14 5281887 976901.58 20.15 310 30.37 0.14 113912 22867.87 20.15 211 0 99 71740 0 33660 17.4 17.8 17.66 0.01
306900.0 376 8.51 0.06 115138 2930.78 0.36 15597 976.43 0.14 5297484 977878.01 20.15 370 30.46 0.14 114282 22898.32 20.15 211 0 99 71951 0 33759 17.4 17.9 17.66 0.01
307800.0 354 9.15 0.36 115492 2939.92 0.36 15573 978.59 0.14 5313057 978856.6 20.15 350 30.47 0.14 114632 22928.79 20.15 211 0 99 72162 0 33858 17.4 17.9 17.66 0.01
308700.0 310 8.37 0.06 115802 2948.29 0.36 15537 978.95 0.14 5328594 979835.55 20.15 310 30.43 0.14 114942 22959.23 20.15 211 0 99 72373 0 33957 17.4 17.9 17.66 0.01
309600.0 310 8.37 0.06 116112 2956.66 0.36 15537 978.73 0.14 5344131 980814.28 20.15 310 30.43 0.14 115252 22989.66 20.15 211 0 99 72584 0 34056 17.4 17.9 17.67 0.01
310500.0 376 8.51 0.06 116488 2965.17 0.36 15594 979.51 0.14 5359725 981793.79 20.15 370 30.52 0.14 115622 23020.18 20.15 211 0 99 72795 0 34155 17.4 17.9 17.67 0.01
311400.0 354 9.15 0.36 116842 2974.32 0.36 15563 978.17 0.14 5375288 982771.96 20.15 350 30.47 0.14 115972 23050.65 20.15 211 0 99 73006 0 34254 17.4 17.9 17.67 0.01
312300.0 310 8.37 0.06 117152 2982.69 0.36 15518 972.19 0.14 5390806 983744.15 20.15 310 30.32 0.14 116282 23080.97 20.15 211 0 99 73217 0 34353 17.4 17.9 17.67 0.01
313200.0 310 8.37 0.06 117462 2991.06 0.36 15523 972.27 0.14 5406329 984716.42 20.15 310 30.31 0.14 116592 23111.28 20.15 211 0 99 73428 0 34452 17.4 18.0 17.68 0.01
314100.0 376 8.51 0.06 117838 2999.57 0.36 15581 972.98 0.14 5421910 985689.4 20.15 370 30.4 0.14 116962 23141.68 20.15 211 0 99 73639 0 34551 17.3 18.0 17.68 0.01
315000.0 354 9.15 0.36 118192 3008.71 0.36 15559 972.13 0.14 5437469 986661.53 20.15 350 30.35 0.14 117312 23172.04 20.15 211 0 99 73850 0 34650 17.3 18.0 17.68 0.01
315900.0 310 8.37 0.06 118502 3017.08 0.36 15519 972.52 0.14 5452988 987634.05 20.15 310 30.32 0.14 117622 23202.36 20.15 211 0 99 74061 0 34749 17.3 18.0 17.69 0.01
316800.0 310 8.37 0.06 118812 3025.45 0.36 15526 972.72 0.14 5468514 988606.78 20.15 310 30.32 0.14 117932 23232.67 20.15 211 0 99 74272 0 34848 17.3 18.1 17.7 0.02
317700.0 376 8.51 0.06 119188 3033.96 0.36 15583 973.55 0.14 5484097 989580.33 20.15 370 30.41 0.14 118302 23263.08 20.15 211 0 99 74483 0 34947 17.3 18.1 17.7 0.02
318600.0 354 9.15 0.36 119542 3043.11 0.36 15552 972.29 0.14 5499649 990552.62 20.15 350 30.36 0.14 118652 23293.44 20.15 211 0 99 74694 0 35046 17.3 18.1 17.7 0.02
319500.0 310 8.37 0.06 119852 3051.47 0.36 15504 977.39 0.14 5515153 991530.0 20.15 310 30.43 0.14 118962 23323.88 20.15 211 0 99 74905 0 35145 17.3 18.1 17.7 0.02
320400.0 310 8.37 0.06 120162 3059.84 0.36 15505 977.29 0.14 5530658 992507.29 20.15 310 30.43 0.14 119272 23354.31 20.15 211 0 99 75116 0 35244 17.3 18.2 17.7 0.02
321300.0 376 8.51 0.06 120538 3068.36 0.36 15564 978.07 0.14 5546222 993485.36 20.15 370 30.52 0.14 119642 23384.83 20.15 211 0 99 75327 0 35343 17.3 18.2 17.71 0.02
322200.0 354 9.14 0.36 120892 3077.5 0.36 15540 964.85 0.14 5561762 994450.21 20.15 350 30.22 0.14 119992 23415.05 20.15 211 0 99 75538 0 35442 17.3 18.2 17.71 0.02
323100.0 310 8.37 0.06 121202 3085.87 0.36 15499 961.18 0.14 5577261 995411.39 20.15 310 30.11 0.14 120302 23445.16 20.15 211 0 99 75749 0 35541 17.3 18.2 17.71 0.02
324000.0 310 8.37 0.06 121512 3094.23 0.36 15498 961.14 0.14 5592759 996372.54 20.15 310 30.1 0.14 120612 23475.26 20.15 211 0 99 75960 0 35640 17.3 18.2 17.72 0.02
324900.0 376 8.51 0.06 121888 3102.74 0.36 15554 961.8 0.14 5608313 997334.33 20.15 370 30.19 0.14 120982 23505.45 20.15 211 0 99 76171 0 35739 17.3 18.2 17.72 0.02
325800.0 354 9.15 0.36 122242 3111.89 0.36 15519 972.59 0.14 5623832 998306.92 20.15 350 30.39 0.14 121332 23535.85 20.15 211 0 99 76382 0 35838 17.3 18.2 17.72 0.02
326700.0 310 8.37 0.06 122552 3120.26 0.36 15481 976.55 0.14 5639313 999283.47 20.15 310 30.43 0.14 121642 23566.28 20.15 211 0 99 76593 0 35937 17.3 18.2 17.72 0.02
327600.0 310 8.37 0.06 122862 3128.62 0.36 15491 976.87 0.14 5654804 1000260.34 20.15 310 30.43 0.14 121952 23596.71 20.15 211 0 99 76804 0 36036 17.3 18.3 17.73 0.03
328500.0 376 8.51 0.06 123238 3137.14 0.36 15550 977.65 0.14 5670354 1001237.99 20.15 370 30.52 0.14 122322 23627.24 20.15 211 0 99 77015 0 36135 17.2 18.3 17.73 0.03
329400.0 354 9.15 0.36 123592 3146.28 0.36 15519 976.25 0.14 5685873 1002214.24 20.15 350 30.47 0.14 122672 23657.71 20.15 211 0 99 77226 0 36234 17.2 18.3 17.73 0.03
330300.0 310 8.37 0.06 123902 3154.65 0.36 15470 976.01 0.14 5701343 1003190.25 20.15 310 30.43 0.14 122982 23688.14 20.15 211 0 99 77437 0 36333 17.2 18.3 17.74 0.03
331200.0 310 8.37 0.06 124212 3163.02 0.36 15477 976.03 0.14 5716820 1004166.28 20.15 310 30.43 0.14 123292 23718.57 20.15 211 0 99 77648 0 36432 17.2 18.4 17.74 0.03
332100.0 376 8.51 0.06 124588 3171.53 0.36 15532 976.75 0.14 5732352 1005143.02 20.15 370 30.52 0.14 123662 23749.1 20.15 211 0 99 77859 0 36531 17.2 18.4 17.74 0.03
333000.0 354 9.15 0.36 124942 3180.68 0.36 15491 971.68 0.14 5747843 1006114.71 20.15 350 30.41 0.14 124012 23779.5 20.15 211 0 99 78070 0 36630 17.2 18.4 17.74 0.03
333900.0 310 8.37 0.06 125252 3189.05 0.36 15440 971.55 0.14 5763283 1007086.26 20.15 310 30.37 0.14 124322 23809.87 20.15 211 0 99 78281 0 36729 17.2 18.4 17.75 0.03
334800.0 310 8.37 0.06 125562 3197.42 0.36 15448 971.76 0.14 5778731 1008058.01 20.15 310 30.37 0.14 124632 23840.24 20.15 211 0 99 78492 0 36828 17.2 18.5 17.75 0.04
335700.0 376 8.51 0.06 125938 3205.93 0.36 15496 972.29 0.14 5794227 1009030.3 20.15 370 30.46 0.14 125002 23870.69 20.15 211 0 99 78703 0 36927 17.2 18.5 17.75 0.04
336600.0 354 9.15 0.36 126292 3215.07 0.36 15465 974.15 0.14 5809692 1010004.45 20.15 350 30.47 0.14 125352 23901.17 20.15 211 0 99 78914 0 37026 17.2 18.5 17.75 0.04
337500.0 310 8.37 0.06 126602 3223.44 0.36 15410 973.73 0.14 5825102 1010978.18 20.15 310 30.43 0.14 125662 23931.6 20.15 211 0 99 79125 0 37125 17.2 18.5 17.76 0.04
338400.0 310 8.37 0.06 126912 3231.81 0.36 15422 974.23 0.14 5840524 1011952.41 20.15 310 30.43 0.14 125972 23962.03 20.15 211 0 99 79336 0 37224 17.2 18.5 17.77 0.04
339300.0 376 8.51 0.06 127288 3240.32 0.36 15474 974.77 0.14 5855998 1012927.18 20.15 370 30.52 0.14 126342 23992.55 20.15 211 0 99 79547 0 37323 17.2 18.5 17.77 0.04
340200.0 354 9.15 0.36 127642 3249.47 0.36 15433 968.52 0.14 5871431 1013895.7 20.15 350 30.38 0.14 126692 24022.93 20.15 211 0 99 79758 0 37422 17.2 18.5 17.77 0.04
341100.0 310 8.37 0.06 127952 3257.84 0.36 15380 968.22 0.14 5886811 1014863.92 20.15 310 30.34 0.14 127002 24053.27 20.15 211 0 99 79969 0 37521 17.2 18.5 17.77 0.04
342000.0 310 8.37 0.06 128262 3266.21 0.36 15376 968.0 0.14 5902187 1015831.92 20.15 310 30.34 0.14 127312 24083.61 20.15 211 0 99 80180 0 37620 17.2 18.5 17.77 0.05
342900.0 376 8.51 0.06 128638 3274.71 0.36 15436 968.16 0.14 5917623 1016800.08 20.15 370 30.4 0.14 127682 24114.01 20.15 211 0 99 80391 0 37719 17.2 18.5 17.77 0.05
343800.0 354 9.14 0.36 128992 3283.86 0.36 15405 962.58 0.14 5933028 1017762.66 20.15 350 30.28 0.14 128032 24144.29 20.15 211 0 99 80602 0 37818 17.2 18.5 17.77 0.05
344700.0 310 8.37 0.06 129302 3292.23 0.36 15356 962.21 0.14 5948384 1018724.86 20.15 310 30.24 0.14 128342 24174.53 20.15 211 0 99 80813 0 37917 17.2 18.5 17.77 0.05
345600.0 310 8.37 0.06 129612 3300.59 0.36 15363 962.36 0.14 5963747 1019687.22 20.15 310 30.24 0.14 128652 24204.77 20.15 211 0 99 81024 0 38016 17.2 18.6 17.78 0.05
