# seed = 8, gamma = 1.0, beta = 0.66, dee = 10.0, dcc = 5.0, dec = 1000.0, dsCnd = 50.0, dLocalhost = 0.02, hostBroker = CLOUD 
#
# The columns have the following meaning: 
# instant[SECONDS] commCountUploadPartial delaySumUploadPartial[SECONDS] delayMaxUploadPartial[SECONDS] commCountUploadTot delaySumUploadTot[SECONDS] delayMaxUploadTot[SECONDS] commCountDownloadPartial delaySumDownloadPartial[SECONDS] delayMaxDownloadPartial[SECONDS] commCountDownloadTot delaySumDownloadTot[SECONDS] delayMaxDownloadTot[SECONDS] commCountDownloadMaxPartial delaySumDownloadMaxPartial[SECONDS] delayMaxDownloadMaxPartial[SECONDS] commCountDownloadMaxTot delaySumDownloadMaxTot[SECONDS] delayMaxDownloadMaxTot[SECONDS] runOnCloudPartial runOnEdgePartial runOnSmartphonePartial runOnCloudTot runOnEdgeTot runOnSmartphoneTot minTemp maxTemp avgTemp varianceTemp
0.0 0 0.0 0.0 0 0.0 0.0 0 0.0 0.0 0 0.0 0.0 0 0.0 0.0 0 0.0 0.0 0 0 0 0 0 0 17.0 25.0 21.0 0.0
900.0 376 209.25 1.05 376 209.25 1.05 15771 10815.82 1.08 15771 10815.82 1.08 370 329.13 1.08 370 329.13 1.08 102 10 198 102 10 198 18.9 21.0 19.22 0.57
1800.0 356 209.97 1.05 732 419.22 1.05 16060 165236.81 21.24 31831 176052.63 21.24 352 3339.43 21.24 722 3668.56 21.24 102 10 198 204 20 396 18.9 18.9 18.9 0.0
2700.0 310 209.13 1.05 1042 628.35 1.05 15712 10841.46 1.09 47543 186894.08 21.24 310 329.61 1.09 1032 3998.17 21.24 102 10 198 306 30 594 17.6 18.9 18.28 0.06
3600.0 310 209.13 1.05 1352 837.48 1.05 15712 10841.53 1.09 63255 197735.62 21.24 310 329.61 1.09 1342 4327.79 21.24 102 10 198 408 40 792 17.6 18.9 18.24 0.05
4500.0 376 209.26 1.05 1728 1046.74 1.05 15768 10839.36 1.09 79023 208574.98 21.24 370 329.61 1.09 1712 4657.4 21.24 102 10 198 510 50 990 17.6 18.7 18.24 0.05
5400.0 356 209.97 1.05 2084 1256.72 1.05 16084 17328.48 21.3 95107 225903.46 21.3 352 350.95 21.3 2064 5008.35 21.3 102 10 198 612 60 1188 17.6 18.7 18.24 0.05
6300.0 310 209.13 1.05 2394 1465.85 1.05 15761 10864.74 1.09 110868 236768.19 21.3 310 329.72 1.09 2374 5338.07 21.3 102 10 198 714 70 1386 17.6 18.7 18.24 0.05
7200.0 310 209.13 1.05 2704 1674.98 1.05 15759 10863.79 1.09 126627 247631.98 21.3 310 329.73 1.09 2684 5667.8 21.3 102 10 198 816 80 1584 17.6 18.7 18.25 0.04
8100.0 376 209.28 1.05 3080 1884.26 1.05 15814 10863.7 1.09 142441 258495.68 21.3 370 329.73 1.09 3054 5997.53 21.3 102 10 198 918 90 1782 17.6 18.7 18.25 0.04
9000.0 356 209.97 1.05 3436 2094.23 1.05 16113 17355.57 21.33 158554 275851.25 21.33 352 350.99 21.33 3406 6348.52 21.33 102 10 198 1020 100 1980 17.6 18.7 18.25 0.04
9900.0 310 209.14 1.05 3746 2303.37 1.05 15775 10876.9 1.09 174329 286728.15 21.33 310 329.82 1.09 3716 6678.34 21.33 102 10 198 1122 110 2178 17.6 18.7 18.23 0.04
10800.0 310 209.14 1.05 4056 2512.51 1.05 15776 10874.85 1.09 190105 297603.0 21.33 310 329.82 1.09 4026 7008.16 21.33 102 10 198 1224 120 2376 17.6 18.7 18.15 0.05
11700.0 376 209.28 1.05 4432 2721.79 1.05 15836 10874.82 1.09 205941 308477.82 21.33 370 329.82 1.09 4396 7337.98 21.33 102 10 198 1326 130 2574 17.6 18.7 18.15 0.05
12600.0 354 209.91 1.05 4786 2931.7 1.05 15793 10872.73 1.09 221734 319350.54 21.33 350 329.86 1.09 4746 7667.84 21.33 102 10 198 1428 140 2772 17.6 18.7 18.15 0.05
13500.0 310 209.14 1.05 5096 3140.84 1.05 15723 10861.14 1.09 237457 330211.68 21.33 310 329.86 1.09 5056 7997.7 21.33 102 10 198 1530 150 2970 17.6 18.7 18.15 0.05
14400.0 310 209.14 1.05 5406 3349.98 1.05 15726 10862.23 1.09 253183 341073.91 21.33 310 329.86 1.09 5366 8327.56 21.33 102 10 198 1632 160 3168 17.6 18.7 18.13 0.05
15300.0 376 209.28 1.05 5782 3559.26 1.05 15785 10861.15 1.09 268968 351935.06 21.33 370 329.86 1.09 5736 8657.42 21.33 102 10 198 1734 170 3366 17.6 18.7 18.13 0.05
16200.0 354 209.91 1.05 6136 3769.17 1.05 15757 10846.7 1.09 284725 362781.75 21.33 350 329.7 1.09 6086 8987.12 21.33 102 10 198 1836 180 3564 17.6 18.7 18.13 0.05
17100.0 310 209.13 1.05 6446 3978.3 1.05 15717 10844.05 1.09 300442 373625.8 21.33 310 329.64 1.09 6396 9316.76 21.33 102 10 198 1938 190 3762 17.6 18.7 18.11 0.04
18000.0 310 209.13 1.05 6756 4187.43 1.05 15720 10846.16 1.09 316162 384471.96 21.33 310 329.65 1.09 6706 9646.41 21.33 102 10 198 2040 200 3960 17.6 18.6 18.1 0.04
18900.0 376 209.27 1.05 7132 4396.7 1.05 15779 10846.15 1.09 331941 395318.11 21.33 370 329.65 1.09 7076 9976.05 21.33 102 10 198 2142 210 4158 17.6 18.6 18.1 0.04
19800.0 354 209.91 1.05 7486 4606.61 1.05 15753 10848.06 1.09 347694 406166.16 21.33 350 329.73 1.09 7426 10305.78 21.33 102 10 198 2244 220 4356 17.6 18.6 18.1 0.04
20700.0 310 209.14 1.05 7796 4815.75 1.05 15721 10852.23 1.09 363415 417018.39 21.33 310 329.72 1.09 7736 10635.5 21.33 102 10 198 2346 230 4554 17.6 18.6 18.08 0.03
21600.0 310 209.14 1.05 8106 5024.88 1.05 15723 10852.26 1.09 379138 427870.65 21.33 310 329.73 1.09 8046 10965.23 21.33 102 10 198 2448 240 4752 17.6 18.6 18.07 0.03
22500.0 376 209.28 1.05 8482 5234.16 1.05 15783 10852.23 1.09 394921 438722.88 21.33 370 329.72 1.09 8416 11294.95 21.33 102 10 198 2550 250 4950 17.6 18.6 18.07 0.03
23400.0 354 209.91 1.05 8836 5444.08 1.05 15752 10849.53 1.09 410673 449572.41 21.33 350 329.76 1.09 8766 11624.71 21.33 102 10 198 2652 260 5148 17.6 18.6 18.07 0.03
24300.0 310 209.14 1.05 9146 5653.22 1.05 15717 10859.55 1.09 426390 460431.97 21.33 310 329.89 1.09 9076 11954.6 21.33 102 10 198 2754 270 5346 17.5 18.6 18.05 0.03
25200.0 310 209.14 1.05 9456 5862.36 1.05 15723 10863.79 1.09 442113 471295.75 21.33 310 329.89 1.09 9386 12284.49 21.33 102 10 198 2856 280 5544 17.5 18.6 18.03 0.03
26100.0 376 209.28 1.05 9832 6071.64 1.05 15782 10862.71 1.09 457895 482158.47 21.33 370 329.89 1.09 9756 12614.38 21.33 102 10 198 2958 290 5742 17.5 18.6 18.03 0.03
27000.0 354 209.92 1.05 10186 6281.56 1.05 15751 10857.49 1.09 473646 493015.96 21.33 350 329.89 1.09 10106 12944.27 21.33 102 10 198 3060 300 5940 17.5 18.6 18.03 0.03
27900.0 310 209.13 1.05 10496 6490.69 1.05 15716 10849.55 1.09 489362 503865.51 21.33 310 329.75 1.09 10416 13274.03 21.33 102 10 198 3162 310 6138 17.5 18.6 18.01 0.03
28800.0 310 209.13 1.05 10806 6699.83 1.05 15727 10853.78 1.09 505089 514719.28 21.33 310 329.76 1.09 10726 13603.78 21.33 102 10 198 3264 320 6336 17.5 18.6 17.99 0.03
29700.0 376 209.28 1.05 11182 6909.1 1.05 15786 10852.7 1.09 520875 525571.98 21.33 370 329.76 1.09 11096 13933.54 21.33 102 10 198 3366 330 6534 17.5 18.6 17.99 0.03
30600.0 354 209.91 1.05 11536 7119.01 1.05 15751 10848.53 1.09 536626 536420.51 21.33 350 329.76 1.09 11446 14263.3 21.33 102 10 198 3468 340 6732 17.5 18.6 17.99 0.03
31500.0 310 209.14 1.05 11846 7328.15 1.05 15716 10858.5 1.09 552342 547279.02 21.33 310 329.89 1.09 11756 14593.18 21.33 102 10 198 3570 350 6930 17.4 18.6 17.97 0.03
32400.0 310 209.14 1.05 12156 7537.29 1.05 15722 10861.69 1.09 568064 558140.71 21.33 310 329.89 1.09 12066 14923.08 21.33 102 10 198 3672 360 7128 17.4 18.5 17.95 0.03
33300.0 376 209.28 1.05 12532 7746.58 1.05 15782 10861.66 1.09 583846 569002.37 21.33 370 329.89 1.09 12436 15252.97 21.33 102 10 198 3774 370 7326 17.4 18.5 17.95 0.03
34200.0 354 209.92 1.05 12886 7956.49 1.05 15741 10854.34 1.09 599587 579856.71 21.33 350 329.89 1.09 12786 15582.86 21.33 102 10 198 3876 380 7524 17.4 18.5 17.95 0.03
35100.0 310 209.14 1.05 13196 8165.63 1.05 15709 10856.41 1.09 615296 590713.11 21.33 310 329.89 1.09 13096 15912.75 21.33 102 10 198 3978 390 7722 17.4 18.5 17.93 0.03
36000.0 310 209.14 1.05 13506 8374.77 1.05 15722 10862.74 1.09 631018 601575.85 21.33 310 329.89 1.09 13406 16242.64 21.33 102 10 198 4080 400 7920 17.4 18.5 17.91 0.03
36900.0 376 209.28 1.05 13882 8584.06 1.05 15782 10862.71 1.09 646800 612438.57 21.33 370 329.89 1.09 13776 16572.53 21.33 102 10 198 4182 410 8118 17.4 18.5 17.91 0.03
37800.0 354 209.91 1.05 14236 8793.97 1.05 15740 10845.13 1.09 662540 623283.7 21.33 350 329.73 1.09 14126 16902.26 21.33 102 10 198 4284 420 8316 17.4 18.5 17.91 0.03
38700.0 310 209.13 1.05 14546 9003.1 1.05 15709 10848.25 1.09 678249 634131.94 21.33 310 329.73 1.09 14436 17231.99 21.33 102 10 198 4386 430 8514 17.3 18.5 17.88 0.03
39600.0 310 209.13 1.05 14856 9212.23 1.05 15722 10854.58 1.09 693971 644986.52 21.33 310 329.73 1.09 14746 17561.72 21.33 102 10 198 4488 440 8712 17.3 18.5 17.87 0.04
40500.0 376 209.28 1.05 15232 9421.51 1.05 15779 10853.5 1.09 709750 655840.02 21.33 370 329.73 1.09 15116 17891.45 21.33 102 10 198 4590 450 8910 17.3 18.5 17.87 0.04
41400.0 354 209.92 1.05 15586 9631.42 1.05 15738 10853.29 1.09 725488 666693.31 21.33 350 329.89 1.09 15466 18221.34 21.33 102 10 198 4692 460 9108 17.3 18.5 17.87 0.04
42300.0 310 209.14 1.05 15896 9840.56 1.05 15700 10844.25 1.09 741188 677537.56 21.33 310 329.75 1.09 15776 18551.09 21.33 102 10 198 4794 470 9306 17.3 18.5 17.84 0.04
43200.0 310 209.14 1.05 16206 10049.7 1.05 15714 10851.63 1.09 756902 688389.19 21.33 310 329.76 1.09 16086 18880.85 21.33 102 10 198 4896 480 9504 17.2 18.4 17.83 0.04
44100.0 376 209.28 1.05 16582 10258.98 1.05 15773 10851.61 1.09 772675 699240.8 21.33 370 329.75 1.09 16456 19210.6 21.33 102 10 198 4998 490 9702 17.2 18.4 17.82 0.04
45000.0 354 209.91 1.05 16936 10468.89 1.05 15737 10846.38 1.09 788412 710087.18 21.33 350 329.76 1.09 16806 19540.36 21.33 102 10 198 5100 500 9900 17.2 18.4 17.82 0.04
45900.0 310 209.13 1.05 17246 10678.03 1.05 15704 10845.79 1.09 804116 720932.97 21.33 310 329.76 1.09 17116 19870.12 21.33 102 10 198 5202 510 10098 17.2 18.5 17.8 0.05
46800.0 310 209.13 1.05 17556 10887.16 1.05 15713 10850.02 1.09 819829 731782.99 21.33 310 329.77 1.09 17426 20199.88 21.33 102 10 198 5304 520 10296 17.2 18.5 17.79 0.06
47700.0 376 209.28 1.05 17932 11096.44 1.05 15772 10850.0 1.09 835601 742632.99 21.33 370 329.76 1.09 17796 20529.65 21.33 102 10 198 5406 530 10494 17.2 18.5 17.78 0.06
48600.0 354 209.91 1.05 18286 11306.35 1.05 15730 10843.72 1.09 851331 753476.71 21.33 350 329.77 1.09 18146 20859.41 21.33 102 10 198 5508 540 10692 17.2 18.5 17.78 0.06
49500.0 310 209.14 1.05 18596 11515.49 1.05 15703 10854.31 1.09 867034 764331.02 21.33 310 329.89 1.09 18456 21189.3 21.33 102 10 198 5610 550 10890 17.1 18.5 17.76 0.06
50400.0 310 209.14 1.05 18906 11724.63 1.05 15719 10860.64 1.09 882753 775191.66 21.33 310 329.89 1.09 18766 21519.19 21.33 102 10 198 5712 560 11088 17.1 18.5 17.74 0.07
51300.0 376 209.28 1.05 19282 11933.92 1.05 15778 10859.56 1.09 898531 786051.22 21.33 370 329.89 1.09 19136 21849.08 21.33 102 10 198 5814 570 11286 17.1 18.5 17.74 0.07
52200.0 354 209.92 1.05 19636 12143.83 1.05 15736 10852.24 1.09 914267 796903.46 21.33 350 329.89 1.09 19486 22178.98 21.33 102 10 198 5916 580 11484 17.1 18.5 17.74 0.07
53100.0 310 209.14 1.05 19946 12352.97 1.05 15692 10848.01 1.09 929959 807751.46 21.33 310 329.89 1.09 19796 22508.87 21.33 102 10 198 6018 590 11682 17.1 18.6 17.72 0.07
54000.0 310 209.14 1.05 20256 12562.11 1.05 15702 10854.34 1.09 945661 818605.8 21.33 310 329.89 1.09 20106 22838.76 21.33 102 10 198 6120 600 11880 17.1 18.6 17.71 0.08
54900.0 376 209.28 1.05 20632 12771.4 1.05 15760 10853.26 1.09 961421 829459.06 21.33 370 329.89 1.09 20476 23168.65 21.33 102 10 198 6222 610 12078 17.1 18.6 17.71 0.08
55800.0 354 209.92 1.05 20986 12981.31 1.05 15728 10851.19 1.09 977149 840310.25 21.33 350 329.89 1.09 20826 23498.54 21.33 102 10 198 6324 620 12276 17.1 18.6 17.71 0.08
56700.0 310 209.14 1.05 21296 13190.45 1.05 15696 10848.01 1.09 992845 851158.26 21.33 310 329.89 1.09 21136 23828.43 21.33 102 10 198 6426 630 12474 17.1 18.6 17.69 0.09
57600.0 310 209.14 1.05 21606 13399.59 1.05 15712 10854.34 1.09 1008557 862012.6 21.33 310 329.89 1.09 21446 24158.32 21.33 102 10 198 6528 640 12672 17.1 18.6 17.67 0.09
58500.0 376 209.28 1.05 21982 13608.87 1.05 15772 10854.31 1.09 1024329 872866.91 21.33 370 329.89 1.09 21816 24488.21 21.33 102 10 198 6630 650 12870 17.1 18.6 17.67 0.09
59400.0 354 209.91 1.05 22336 13818.79 1.05 15729 10847.53 1.09 1040058 883714.44 21.33 350 329.86 1.09 22166 24818.07 21.33 102 10 198 6732 660 13068 17.1 18.6 17.67 0.09
60300.0 310 209.14 1.05 22646 14027.93 1.05 15691 10847.49 1.09 1055749 894561.93 21.33 310 329.86 1.09 22476 25147.93 21.33 102 10 198 6834 670 13266 17.0 18.6 17.65 0.1
61200.0 310 209.14 1.05 22956 14237.07 1.05 15701 10851.72 1.09 1071450 905413.65 21.33 310 329.86 1.09 22786 25477.79 21.33 102 10 198 6936 680 13464 17.0 18.6 17.64 0.1
62100.0 376 209.28 1.05 23332 14446.35 1.05 15758 10850.65 1.09 1087208 916264.3 21.33 370 329.86 1.09 23156 25807.65 21.33 102 10 198 7038 690 13662 17.0 18.6 17.64 0.1
63000.0 354 209.91 1.05 23686 14656.26 1.05 15718 10835.13 1.09 1102926 927099.43 21.33 350 329.7 1.09 23506 26137.35 21.33 102 10 198 7140 700 13860 17.0 18.6 17.64 0.1
63900.0 310 209.13 1.05 23996 14865.38 1.05 15688 10829.02 1.09 1118614 937928.45 21.33 310 329.64 1.09 23816 26466.99 21.33 102 10 198 7242 710 14058 17.0 18.6 17.63 0.11
64800.0 310 209.13 1.05 24306 15074.51 1.05 15693 10833.26 1.09 1134307 948761.71 21.33 310 329.64 1.09 24126 26796.63 21.33 102 10 198 7344 720 14256 17.0 18.6 17.62 0.12
65700.0 376 209.26 1.05 24682 15283.78 1.05 15753 10833.68 1.09 1150060 959595.39 21.33 370 329.65 1.09 24496 27126.28 21.33 102 10 198 7446 730 14454 17.0 18.6 17.62 0.12
66600.0 354 209.91 1.05 25036 15493.68 1.05 15714 10830.2 1.09 1165774 970425.59 21.33 350 329.62 1.09 24846 27455.9 21.33 102 10 198 7548 740 14652 17.0 18.6 17.62 0.12
67500.0 310 209.13 1.05 25346 15702.81 1.05 15672 10825.52 1.09 1181446 981251.1 21.33 310 329.57 1.09 25156 27785.47 21.33 102 10 198 7650 750 14850 17.0 18.7 17.61 0.12
68400.0 310 209.13 1.05 25656 15911.94 1.05 15676 10825.53 1.09 1197122 992076.63 21.33 310 329.57 1.09 25466 28115.05 21.33 102 10 198 7752 760 15048 17.0 18.7 17.6 0.12
69300.0 376 209.27 1.05 26032 16121.2 1.05 15735 10825.52 1.09 1212857 1002902.15 21.33 370 329.57 1.09 25836 28444.62 21.33 102 10 198 7854 770 15246 17.0 18.7 17.6 0.12
70200.0 354 209.91 1.05 26386 16331.11 1.05 15703 10823.64 1.09 1228560 1013725.8 21.33 350 329.62 1.09 26186 28774.24 21.33 102 10 198 7956 780 15444 17.0 18.7 17.6 0.12
71100.0 310 209.13 1.05 26696 16540.24 1.05 15668 10825.77 1.09 1244228 1024551.56 21.33 310 329.61 1.09 26496 29103.85 21.33 102 10 198 8058 790 15642 17.0 18.7 17.6 0.13
72000.0 310 209.13 1.05 27006 16749.37 1.05 15673 10828.94 1.09 1259901 1035380.5 21.33 310 329.62 1.09 26806 29433.47 21.33 102 10 198 8160 800 15840 17.0 18.7 17.59 0.13
72900.0 376 209.26 1.05 27382 16958.63 1.05 15730 10829.59 1.09 1275631 1046210.09 21.33 370 329.66 1.09 27176 29763.12 21.33 102 10 198 8262 810 16038 17.0 18.7 17.58 0.13
73800.0 354 209.91 1.05 27736 17168.53 1.05 15703 10825.79 1.09 1291334 1057035.89 21.33 350 329.62 1.09 27526 30092.74 21.33 102 10 198 8364 820 16236 17.0 18.7 17.58 0.13
74700.0 310 209.13 1.05 28046 17377.67 1.05 15665 10828.39 1.09 1306999 1067864.27 21.33 310 329.67 1.09 27836 30422.41 21.33 102 10 198 8466 830 16434 17.0 18.7 17.58 0.13
75600.0 310 209.13 1.05 28356 17586.8 1.05 15660 10825.27 1.09 1322659 1078689.55 21.33 310 329.67 1.09 28146 30752.08 21.33 102 10 198 8568 840 16632 17.0 18.7 17.57 0.13
76500.0 376 209.27 1.05 28732 17796.07 1.05 15720 10825.25 1.09 1338379 1089514.79 21.33 370 329.67 1.09 28516 31081.75 21.33 102 10 198 8670 850 16830 17.0 18.7 17.57 0.13
77400.0 354 209.91 1.05 29086 18005.98 1.05 15687 10818.56 1.09 1354066 1100333.35 21.33 350 329.64 1.09 28866 31411.39 21.33 102 10 198 8772 860 17028 17.0 18.7 17.57 0.13
78300.0 310 209.13 1.05 29396 18215.11 1.05 15651 10817.47 1.09 1369717 1111150.82 21.33 310 329.64 1.09 29176 31741.03 21.33 102 10 198 8874 870 17226 17.0 18.6 17.57 0.13
79200.0 310 209.13 1.05 29706 18424.24 1.05 15654 10818.55 1.09 1385371 1121969.37 21.33 310 329.64 1.09 29486 32070.67 21.33 102 10 198 8976 880 17424 17.0 18.6 17.56 0.13
80100.0 376 209.26 1.05 30082 18633.5 1.05 15714 10818.98 1.09 1401085 1132788.35 21.33 370 329.65 1.09 29856 32400.32 21.33 102 10 198 9078 890 17622 17.0 18.6 17.56 0.13
81000.0 354 209.91 1.05 30436 18843.41 1.05 15683 10817.5 1.09 1416768 1143605.85 21.33 350 329.68 1.09 30206 32730.01 21.33 102 10 198 9180 900 17820 17.0 18.6 17.56 0.13
81900.0 310 209.14 1.05 30746 19052.54 1.05 15649 10826.17 1.09 1432417 1154432.02 21.33 310 329.81 1.09 30516 33059.81 21.33 102 10 198 9282 910 18018 17.0 18.6 17.56 0.13
82800.0 310 209.14 1.05 31056 19261.68 1.05 15650 10828.31 1.09 1448067 1165260.33 21.33 310 329.81 1.09 30826 33389.63 21.33 102 10 198 9384 920 18216 17.0 18.6 17.56 0.12
83700.0 376 209.28 1.05 31432 19470.96 1.05 15707 10828.28 1.09 1463774 1176088.61 21.33 370 329.81 1.09 31196 33719.44 21.33 102 10 198 9486 930 18414 17.0 18.6 17.56 0.12
84600.0 354 209.91 1.05 31786 19680.87 1.05 15677 10825.16 1.09 1479451 1186913.77 21.33 350 329.81 1.09 31546 34049.25 21.33 102 10 198 9588 940 18612 17.0 18.6 17.56 0.12
85500.0 310 209.13 1.05 32096 19890.0 1.05 15646 10821.93 1.09 1495097 1197735.7 21.33 310 329.68 1.09 31856 34378.94 21.33 102 10 198 9690 950 18810 17.0 18.6 17.57 0.12
86400.0 310 209.13 1.05 32406 20099.13 1.05 15651 10824.05 1.09 1510748 1208559.75 21.33 310 329.69 1.09 32166 34708.63 21.33 102 10 198 9792 960 19008 17.0 18.6 17.57 0.11
87300.0 376 209.27 1.05 32782 20308.41 1.05 15711 10824.04 1.09 1526459 1219383.79 21.33 370 329.69 1.09 32536 35038.31 21.33 102 10 198 9894 970 19206 17.0 18.6 17.57 0.11
88200.0 354 209.91 1.05 33136 20518.32 1.05 15676 10822.72 1.09 1542135 1230206.51 21.33 350 329.77 1.09 32886 35368.08 21.33 102 10 198 9996 980 19404 17.0 18.6 17.57 0.11
89100.0 310 209.14 1.05 33446 20727.46 1.05 15696 10851.16 1.09 1557831 1241057.66 21.33 310 329.89 1.09 33196 35697.97 21.33 102 10 198 10098 990 19602 17.0 18.5 17.59 0.08
90000.0 310 209.14 1.05 33756 20936.6 1.05 15729 10866.94 1.09 1573560 1251924.6 21.33 310 329.89 1.09 33506 36027.86 21.33 102 10 198 10200 1000 19800 17.1 18.5 17.67 0.05
90900.0 376 209.28 1.05 34132 21145.88 1.05 15788 10866.91 1.09 1589348 1262791.51 21.33 370 329.89 1.09 33876 36357.75 21.33 102 10 198 10302 1010 19998 17.1 18.5 17.67 0.05
91800.0 354 209.91 1.05 34486 21355.79 1.05 15740 10849.54 1.09 1605088 1273641.05 21.33 350 329.67 1.09 34226 36687.42 21.33 102 10 198 10404 1020 20196 17.1 18.5 17.67 0.05
92700.0 310 209.13 1.05 34796 21564.92 1.05 15756 10854.29 1.09 1620844 1284495.35 21.33 310 329.56 1.09 34536 37016.98 21.33 102 10 198 10506 1030 20394 17.1 23.8 19.37 2.59
93600.0 310 209.13 1.05 35106 21774.04 1.05 15757 10855.35 1.09 1636601 1295350.7 21.33 310 329.56 1.09 34846 37346.54 21.33 102 10 198 10608 1040 20592 17.1 23.8 20.71 5.02
94500.0 376 209.27 1.05 35482 21983.31 1.05 15811 10853.24 1.09 1652412 1306203.94 21.33 370 329.56 1.09 35216 37676.1 21.33 102 10 198 10710 1050 20790 17.1 23.8 20.72 5.03
95400.0 354 209.9 1.05 35836 22193.21 1.05 15788 10852.2 1.09 1668200 1317056.15 21.33 350 329.56 1.09 35566 38005.66 21.33 102 10 198 10812 1060 20988 17.1 23.8 20.72 5.02
96300.0 310 209.13 1.05 36146 22402.34 1.05 15761 10859.54 1.09 1683961 1327915.69 21.33 310 329.56 1.09 35876 38335.22 21.33 102 10 198 10914 1070 21186 17.4 24.0 21.1 4.81
97200.0 310 209.13 1.05 36456 22611.47 1.05 15760 10859.55 1.09 1699721 1338775.24 21.33 310 329.56 1.09 36186 38664.78 21.33 102 10 198 11016 1080 21384 17.4 24.0 21.22 4.91
98100.0 376 209.27 1.05 36832 22820.74 1.05 15819 10859.54 1.09 1715540 1349634.79 21.33 370 329.56 1.09 36556 38994.34 21.33 102 10 198 11118 1090 21582 17.4 24.0 21.22 4.92
99000.0 354 209.9 1.05 37186 23030.63 1.05 15796 10854.58 1.09 1731336 1360489.37 21.33 350 329.5 1.09 36906 39323.84 21.33 102 10 198 11220 1100 21780 17.4 24.0 21.22 4.91
99900.0 310 209.12 1.05 37496 23239.76 1.05 15758 10856.67 1.09 1747094 1371346.04 21.33 310 329.5 1.09 37216 39653.34 21.33 102 10 198 11322 1110 21978 17.7 24.0 21.5 4.12
100800.0 310 209.12 1.05 37806 23448.88 1.05 15752 10851.43 1.09 1762846 1382197.47 21.33 310 329.5 1.09 37526 39982.85 21.33 102 10 198 11424 1120 22176 17.8 24.0 21.56 4.06
101700.0 376 209.27 1.05 38182 23658.15 1.05 15812 10851.42 1.09 1778658 1393048.89 21.33 370 329.5 1.09 37896 40312.35 21.33 102 10 198 11526 1130 22374 17.8 24.0 21.56 4.06
102600.0 354 209.9 1.05 38536 23868.04 1.05 15785 10848.74 1.09 1794443 1403897.63 21.33 350 329.49 1.09 38246 40641.84 21.33 102 10 198 11628 1140 22572 17.8 24.0 21.56 4.06
103500.0 310 209.12 1.05 38846 24077.17 1.05 15752 10849.78 1.09 1810195 1414747.41 21.33 310 329.49 1.09 38556 40971.33 21.33 102 10 198 11730 1150 22770 18.2 24.0 21.8 3.25
104400.0 310 209.12 1.05 39156 24286.29 1.05 15753 10850.84 1.09 1825948 1425598.26 21.33 310 329.49 1.09 38866 41300.82 21.33 102 10 198 11832 1160 22968 18.5 24.0 21.86 3.17
105300.0 376 209.27 1.05 39532 24495.56 1.05 15810 10849.78 1.09 1841758 1436448.04 21.33 370 329.49 1.09 39236 41630.31 21.33 102 10 198 11934 1170 23166 18.5 24.0 21.86 3.17
106200.0 354 209.89 1.05 39886 24705.45 1.05 15788 10845.32 1.09 1857546 1447293.36 21.33 350 329.4 1.09 39586 41959.71 21.33 102 10 198 12036 1180 23364 18.5 24.0 21.86 3.17
107100.0 310 209.12 1.05 40196 24914.57 1.05 15748 10842.77 1.09 1873294 1458136.13 21.33 310 329.35 1.09 39896 42289.06 21.33 102 10 198 12138 1190 23562 18.8 24.0 21.86 2.96
108000.0 310 209.12 1.05 40506 25123.68 1.05 15746 10842.77 1.09 1889040 1468978.9 21.33 310 329.35 1.09 40206 42618.42 21.33 102 10 198 12240 1200 23760 18.9 24.0 21.86 2.95
108900.0 376 209.26 1.05 40882 25332.94 1.05 15803 10841.72 1.09 1904843 1479820.62 21.33 370 329.36 1.09 40576 42947.77 21.33 102 10 198 12342 1210 23958 18.9 24.0 21.86 2.95
109800.0 354 209.89 1.05 41236 25542.83 1.05 15781 10840.67 1.09 1920624 1490661.3 21.33 350 329.35 1.09 40926 43277.13 21.33 102 10 198 12444 1220 24156 18.9 24.0 21.86 2.95
110700.0 310 209.12 1.05 41546 25751.95 1.05 15745 10841.71 1.09 1936369 1501503.01 21.33 310 329.35 1.09 41236 43606.48 21.33 102 10 198 12546 1230 24354 18.9 24.0 21.75 2.87
111600.0 310 209.12 1.05 41856 25961.07 1.05 15738 10836.47 1.09 1952107 1512339.48 21.33 310 329.35 1.09 41546 43935.83 21.33 102 10 198 12648 1240 24552 18.9 24.0 21.69 2.75
112500.0 376 209.26 1.05 42232 26170.32 1.05 15796 10836.47 1.09 1967903 1523175.96 21.33 370 329.36 1.09 41916 44265.19 21.33 102 10 198 12750 1250 24750 18.9 23.9 21.69 2.75
113400.0 354 209.89 1.05 42586 26380.22 1.05 15771 10835.42 1.09 1983674 1534011.38 21.33 350 329.35 1.09 42266 44594.54 21.33 102 10 198 12852 1260 24948 18.9 23.9 21.7 2.73
114300.0 310 209.12 1.05 42896 26589.33 1.05 15738 10837.51 1.09 1999412 1544848.89 21.33 310 329.35 1.09 42576 44923.89 21.33 102 10 198 12954 1270 25146 18.9 24.0 23.32 0.2
115200.0 310 209.12 1.05 43206 26798.45 1.05 15737 10836.47 1.09 2015149 1555685.36 21.33 310 329.35 1.09 42886 45253.25 21.33 102 10 198 13056 1280 25344 22.6 24.0 23.52 0.04
116100.0 376 209.26 1.05 43582 27007.71 1.05 15797 10836.47 1.09 2030946 1566521.84 21.33 370 329.36 1.09 43256 45582.6 21.33 102 10 198 13158 1290 25542 22.6 24.0 23.52 0.04
117000.0 354 209.89 1.05 43936 27217.6 1.05 15776 10836.47 1.09 2046722 1577358.31 21.33 350 329.35 1.09 43606 45911.96 21.33 102 10 198 13260 1300 25740 22.6 24.0 23.52 0.04
117900.0 310 209.12 1.05 44246 27426.72 1.05 15736 10836.46 1.09 2062458 1588194.78 21.33 310 329.35 1.09 43916 46241.31 21.33 102 10 198 13362 1310 25938 22.7 24.0 23.57 0.02
118800.0 310 209.12 1.05 44556 27635.83 1.05 15735 10836.47 1.09 2078193 1599031.25 21.33 310 329.35 1.09 44226 46570.66 21.33 102 10 198 13464 1320 26136 22.7 24.0 23.6 0.02
119700.0 376 209.26 1.05 44932 27845.09 1.05 15791 10836.47 1.09 2093984 1609867.72 21.33 370 329.36 1.09 44596 46900.02 21.33 102 10 198 13566 1330 26334 22.7 24.0 23.6 0.02
120600.0 354 209.89 1.05 45286 28054.98 1.05 15771 10836.47 1.09 2109755 1620704.2 21.33 350 329.35 1.09 44946 47229.37 21.33 102 10 198 13668 1340 26532 22.7 24.0 23.6 0.02
121500.0 310 209.12 1.05 45596 28264.1 1.05 15728 10835.41 1.09 2125483 1631539.61 21.33 310 329.35 1.09 45256 47558.72 21.33 102 10 198 13770 1350 26730 22.7 24.0 23.64 0.01
122400.0 310 209.12 1.05 45906 28473.22 1.05 15727 10834.37 1.09 2141210 1642373.98 21.33 310 329.35 1.09 45566 47888.08 21.33 102 10 198 13872 1360 26928 22.8 24.0 23.67 0.01
123300.0 376 209.26 1.05 46282 28682.47 1.05 15786 10834.37 1.09 2156996 1653208.36 21.33 370 329.36 1.09 45936 48217.43 21.33 102 10 198 13974 1370 27126 22.8 24.0 23.67 0.01
124200.0 354 209.89 1.05 46636 28892.37 1.05 15765 10833.32 1.09 2172761 1664041.68 21.33 350 329.35 1.09 46286 48546.79 21.33 102 10 198 14076 1380 27324 22.8 24.0 23.67 0.01
125100.0 310 209.12 1.05 46946 29101.48 1.05 15719 10832.26 1.09 2188480 1674873.94 21.33 310 329.35 1.09 46596 48876.14 21.33 102 10 198 14178 1390 27522 22.8 24.0 23.7 0.01
126000.0 310 209.12 1.05 47256 29310.6 1.05 15719 10832.27 1.09 2204199 1685706.21 21.33 310 329.35 1.09 46906 49205.49 21.33 102 10 198 14280 1400 27720 22.9 24.0 23.73 0.01
126900.0 376 209.26 1.05 47632 29519.86 1.05 15778 10831.22 1.09 2219977 1696537.44 21.33 370 329.36 1.09 47276 49534.85 21.33 102 10 198 14382 1410 27918 22.9 24.0 23.73 0.01
127800.0 354 209.89 1.05 47986 29729.75 1.05 15755 10830.17 1.09 2235732 1707367.61 21.33 350 329.35 1.09 47626 49864.2 21.33 102 10 198 14484 1420 28116 22.9 24.0 23.73 0.01
128700.0 310 209.12 1.05 48296 29938.87 1.05 15715 10830.16 1.09 2251447 1718197.77 21.33 310 329.35 1.09 47936 50193.55 21.33 102 10 198 14586 1430 28314 22.9 24.0 23.75 0.01
129600.0 310 209.12 1.05 48606 30147.98 1.05 15714 10830.17 1.09 2267161 1729027.95 21.33 310 329.35 1.09 48246 50522.91 21.33 102 10 198 14688 1440 28512 23.1 24.0 23.77 0.01
130500.0 376 209.26 1.05 48982 30357.24 1.05 15772 10830.17 1.09 2282933 1739858.12 21.33 370 329.36 1.09 48616 50852.27 21.33 102 10 198 14790 1450 28710 23.1 24.0 23.77 0.01
131400.0 354 209.89 1.05 49336 30567.13 1.05 15752 10830.17 1.09 2298685 1750688.29 21.33 350 329.35 1.09 48966 51181.62 21.33 102 10 198 14892 1460 28908 23.1 24.0 23.77 0.01
132300.0 310 209.12 1.05 49646 30776.25 1.05 15712 10830.16 1.09 2314397 1761518.46 21.33 310 329.35 1.09 49276 51510.97 21.33 102 10 198 14994 1470 29106 23.1 24.0 23.79 0.01
133200.0 310 209.12 1.05 49956 30985.37 1.05 15710 10830.17 1.09 2330107 1772348.63 21.33 310 329.35 1.09 49586 51840.32 21.33 102 10 198 15096 1480 29304 23.2 24.0 23.81 0.01
134100.0 376 209.26 1.05 50332 31194.62 1.05 15770 10830.17 1.09 2345877 1783178.8 21.33 370 329.36 1.09 49956 52169.68 21.33 102 10 198 15198 1490 29502 23.2 24.0 23.81 0.01
135000.0 354 209.89 1.05 50686 31404.52 1.05 15749 10829.12 1.09 2361626 1794007.92 21.33 350 329.35 1.09 50306 52499.03 21.33 102 10 198 15300 1500 29700 23.2 24.0 23.81 0.01
135900.0 310 209.12 1.05 50996 31613.63 1.05 15708 10828.06 1.09 2377334 1804835.99 21.33 310 329.35 1.09 50616 52828.38 21.33 102 10 198 15402 1510 29898 23.2 24.0 23.83 0.01
136800.0 310 209.12 1.05 51306 31822.75 1.05 15708 10828.07 1.09 2393042 1815664.06 21.33 310 329.35 1.09 50926 53157.74 21.33 102 10 198 15504 1520 30096 23.3 24.0 23.84 0.01
137700.0 376 209.26 1.05 51682 32032.01 1.05 15768 10828.07 1.09 2408810 1826492.13 21.33 370 329.36 1.09 51296 53487.1 21.33 102 10 198 15606 1530 30294 23.3 24.0 23.84 0.01
138600.0 354 209.89 1.05 52036 32241.9 1.05 15747 10827.02 1.09 2424557 1837319.16 21.33 350 329.35 1.09 51646 53816.45 21.33 102 10 198 15708 1540 30492 23.3 24.0 23.84 0.01
139500.0 310 209.12 1.05 52346 32451.02 1.05 15707 10827.01 1.09 2440264 1848146.17 21.33 310 329.35 1.09 51956 54145.8 21.33 102 10 198 15810 1550 30690 23.3 24.0 23.85 0.01
140400.0 310 209.12 1.05 52656 32660.13 1.05 15706 10825.97 1.09 2455970 1858972.14 21.33 310 329.35 1.09 52266 54475.15 21.33 102 10 198 15912 1560 30888 23.4 24.0 23.86 0.01
141300.0 376 209.26 1.05 53032 32869.39 1.05 15764 10824.92 1.09 2471734 1869797.07 21.33 370 329.36 1.09 52636 54804.51 21.33 102 10 198 16014 1570 31086 23.4 24.0 23.86 0.01
142200.0 354 209.89 1.05 53386 33079.28 1.05 15744 10824.92 1.09 2487478 1880621.99 21.33 350 329.35 1.09 52986 55133.86 21.33 102 10 198 16116 1580 31284 23.4 24.0 23.86 0.01
143100.0 310 209.12 1.05 53696 33288.4 1.05 15703 10824.91 1.09 2503181 1891446.9 21.33 310 329.35 1.09 53296 55463.21 21.33 102 10 198 16218 1590 31482 23.4 24.0 23.88 0.01
144000.0 310 209.12 1.05 54006 33497.51 1.05 15700 10824.92 1.09 2518881 1902271.82 21.33 310 329.35 1.09 53606 55792.57 21.33 102 10 198 16320 1600 31680 23.5 24.0 23.89 0.01
144900.0 376 209.26 1.05 54382 33706.77 1.05 15760 10824.92 1.09 2534641 1913096.75 21.33 370 329.36 1.09 53976 56121.93 21.33 102 10 198 16422 1610 31878 23.5 24.0 23.89 0.01
145800.0 354 209.89 1.05 54736 33916.67 1.05 15740 10824.92 1.09 2550381 1923921.67 21.33 350 329.35 1.09 54326 56451.28 21.33 102 10 198 16524 1620 32076 23.5 24.0 23.89 0.01
146700.0 310 209.12 1.05 55046 34125.78 1.05 15697 10823.86 1.09 2566078 1934745.53 21.33 310 329.35 1.09 54636 56780.63 21.33 102 10 198 16626 1630 32274 23.5 24.0 23.89 0.01
147600.0 310 209.12 1.05 55356 34334.9 1.05 15697 10823.87 1.09 2581775 1945569.41 21.33 310 329.35 1.09 54946 57109.98 21.33 102 10 198 16728 1640 32472 23.6 24.0 23.89 0.01
148500.0 376 209.26 1.05 55732 34544.16 1.05 15754 10822.82 1.09 2597529 1956392.23 21.33 370 329.36 1.09 55316 57439.34 21.33 102 10 198 16830 1650 32670 23.6 24.0 23.89 0.01
149400.0 354 209.89 1.05 56086 34754.05 1.05 15734 10822.82 1.09 2613263 1967215.05 21.33 350 329.35 1.09 55666 57768.69 21.33 102 10 198 16932 1660 32868 23.6 24.0 23.89 0.01
150300.0 310 209.12 1.05 56396 34963.17 1.05 15694 10822.81 1.09 2628957 1978037.87 21.33 310 329.35 1.09 55976 58098.04 21.33 102 10 198 17034 1670 33066 23.6 24.0 23.89 0.01
151200.0 310 209.12 1.05 56706 35172.28 1.05 15692 10821.77 1.09 2644649 1988859.64 21.33 310 329.35 1.09 56286 58427.4 21.33 102 10 198 17136 1680 33264 23.7 24.0 23.9 0.01
152100.0 376 209.26 1.05 57082 35381.54 1.05 15750 10820.72 1.09 2660399 1999680.36 21.33 370 329.36 1.09 56656 58756.76 21.33 102 10 198 17238 1690 33462 23.7 24.0 23.9 0.01
153000.0 354 209.89 1.05 57436 35591.43 1.05 15730 10820.72 1.09 2676129 2010501.08 21.33 350 329.35 1.09 57006 59086.11 21.33 102 10 198 17340 1700 33660 23.7 24.0 23.9 0.01
153900.0 310 209.12 1.05 57746 35800.55 1.05 15689 10820.71 1.09 2691818 2021321.8 21.33 310 329.35 1.09 57316 59415.46 21.33 102 10 198 17442 1710 33858 23.6 24.0 23.89 0.01
154800.0 310 209.12 1.05 58056 36009.66 1.05 15684 10818.62 1.09 2707502 2032140.42 21.33 310 329.35 1.09 57626 59744.81 21.33 102 10 198 17544 1720 34056 23.6 24.0 23.9 0.01
155700.0 376 209.26 1.05 58432 36218.92 1.05 15744 10818.62 1.09 2723246 2042959.04 21.33 370 329.36 1.09 57996 60074.17 21.33 102 10 198 17646 1730 34254 23.6 24.0 23.9 0.01
156600.0 354 209.89 1.05 58786 36428.82 1.05 15724 10818.62 1.09 2738970 2053777.66 21.33 350 329.35 1.09 58346 60403.52 21.33 102 10 198 17748 1740 34452 23.6 24.0 23.89 0.01
157500.0 310 209.12 1.05 59096 36637.93 1.05 15684 10818.61 1.09 2754654 2064596.28 21.33 310 329.35 1.09 58656 60732.87 21.33 102 10 198 17850 1750 34650 23.5 24.0 23.89 0.01
158400.0 310 209.12 1.05 59406 36847.05 1.05 15684 10818.62 1.09 2770338 2075414.9 21.33 310 329.35 1.09 58966 61062.23 21.33 102 10 198 17952 1760 34848 23.5 24.0 23.89 0.01
159300.0 376 209.26 1.05 59782 37056.31 1.05 15743 10818.62 1.09 2786081 2086233.52 21.33 370 329.36 1.09 59336 61391.59 21.33 102 10 198 18054 1770 35046 23.5 24.0 23.89 0.01
160200.0 354 209.89 1.05 60136 37266.2 1.05 15721 10817.57 1.09 2801802 2097051.1 21.33 350 329.35 1.09 59686 61720.94 21.33 102 10 198 18156 1780 35244 23.5 24.0 23.89 0.01
161100.0 310 209.12 1.05 60446 37475.32 1.05 15681 10817.56 1.09 2817483 2107868.66 21.33 310 329.35 1.09 59996 62050.29 21.33 102 10 198 18258 1790 35442 23.4 24.0 23.87 0.02
162000.0 310 209.12 1.05 60756 37684.43 1.05 15677 10817.57 1.09 2833160 2118686.23 21.33 310 329.35 1.09 60306 62379.64 21.33 102 10 198 18360 1800 35640 23.4 24.0 23.87 0.02
162900.0 376 209.25 1.05 61132 37893.68 1.05 15735 10818.77 1.09 2848895 2129505.0 21.33 370 329.38 1.09 60676 62709.02 21.33 102 10 198 18462 1810 35838 23.4 24.0 23.87 0.02
163800.0 354 209.89 1.05 61486 38103.57 1.05 15715 10817.57 1.09 2864610 2140322.57 21.33 350 329.35 1.09 61026 63038.37 21.33 102 10 198 18564 1820 36036 23.4 24.0 23.87 0.02
164700.0 310 209.12 1.05 61796 38312.69 1.05 15675 10817.56 1.09 2880285 2151140.13 21.33 310 329.35 1.09 61336 63367.72 21.33 102 10 198 18666 1830 36234 23.3 24.0 23.85 0.02
165600.0 310 209.12 1.05 62106 38521.81 1.05 15674 10816.52 1.09 2895959 2161956.65 21.33 310 329.35 1.09 61646 63697.07 21.33 102 10 198 18768 1840 36432 23.3 24.0 23.84 0.02
166500.0 376 209.26 1.05 62482 38731.06 1.05 15733 10815.47 1.09 2911692 2172772.13 21.33 370 329.36 1.09 62016 64026.43 21.33 102 10 198 18870 1850 36630 23.3 24.0 23.83 0.02
167400.0 354 209.89 1.05 62836 38940.96 1.05 15711 10813.37 1.09 2927403 2183585.5 21.33 350 329.35 1.09 62366 64355.79 21.33 102 10 198 18972 1860 36828 23.3 24.0 23.83 0.02
168300.0 310 209.12 1.05 63146 39150.07 1.05 15669 10811.26 1.09 2943072 2194396.76 21.33 310 329.35 1.09 62676 64685.14 21.33 102 10 198 19074 1870 37026 23.2 24.0 23.81 0.03
169200.0 310 209.12 1.05 63456 39359.19 1.05 15669 10811.27 1.09 2958741 2205208.04 21.33 310 329.35 1.09 62986 65014.49 21.33 102 10 198 19176 1880 37224 23.2 24.0 23.8 0.02
170100.0 376 209.25 1.05 63832 39568.44 1.05 15729 10812.47 1.09 2974470 2216020.5 21.33 370 329.38 1.09 63356 65343.87 21.33 102 10 198 19278 1890 37422 23.2 24.0 23.8 0.02
171000.0 354 209.89 1.05 64186 39778.33 1.05 15707 10810.22 1.09 2990177 2226830.72 21.33 350 329.35 1.09 63706 65673.22 21.33 102 10 198 19380 1900 37620 23.2 24.0 23.8 0.02
171900.0 310 209.12 1.05 64496 39987.45 1.05 15665 10809.16 1.09 3005842 2237639.89 21.33 310 329.35 1.09 64016 66002.57 21.33 102 10 198 19482 1910 37818 23.1 24.0 23.78 0.03
172800.0 310 209.12 1.05 64806 40196.56 1.05 15663 10808.12 1.09 3021505 2248448.01 21.33 310 329.35 1.09 64326 66331.92 21.33 102 10 198 19584 1920 38016 23.1 24.0 23.76 0.03
173700.0 376 209.26 1.05 65182 40405.82 1.05 15718 10807.07 1.09 3037223 2259255.08 21.33 370 329.36 1.09 64696 66661.28 21.33 102 10 198 19686 1930 38214 23.1 24.0 23.76 0.03
174600.0 354 209.89 1.05 65536 40615.71 1.05 15695 10806.02 1.09 3052918 2270061.11 21.33 350 329.35 1.09 65046 66990.64 21.33 102 10 198 19788 1940 38412 23.1 24.0 23.76 0.03
175500.0 310 209.12 1.05 65846 40824.83 1.05 15651 10804.96 1.09 3068569 2280866.07 21.33 310 329.35 1.09 65356 67319.99 21.33 102 10 198 19890 1950 38610 22.9 23.9 23.71 0.03
176400.0 310 209.12 1.05 66156 41033.95 1.05 15646 10803.92 1.09 3084215 2291669.99 21.33 310 329.35 1.09 65666 67649.34 21.33 102 10 198 19992 1960 38808 22.9 23.9 23.7 0.03
177300.0 376 209.26 1.05 66532 41243.2 1.05 15704 10802.87 1.09 3099919 2302472.86 21.33 370 329.36 1.09 66036 67978.7 21.33 102 10 198 20094 1970 39006 22.9 23.9 23.7 0.03
178200.0 354 209.89 1.05 66886 41453.1 1.05 15682 10801.82 1.09 3115601 2313274.69 21.33 350 329.35 1.09 66386 68308.05 21.33 102 10 198 20196 1980 39204 22.9 23.9 23.7 0.03
179100.0 310 209.12 1.05 67196 41662.21 1.05 15644 10803.91 1.09 3131245 2324078.6 21.33 310 329.35 1.09 66696 68637.4 21.33 102 10 198 20298 1990 39402 22.8 23.9 23.64 0.03
180000.0 310 209.12 1.05 67506 41871.33 1.05 15650 10806.02 1.09 3146895 2334884.62 21.33 310 329.35 1.09 67006 68966.75 21.33 102 10 198 20400 2000 39600 22.8 23.9 23.6 0.03
180900.0 376 209.26 1.05 67882 42080.59 1.05 15710 10806.02 1.09 3162605 2345690.64 21.33 370 329.36 1.09 67376 69296.11 21.33 102 10 198 20502 2010 39798 22.8 23.9 23.6 0.03
181800.0 354 209.89 1.05 68236 42290.48 1.05 15673 10798.67 1.09 3178278 2356489.31 21.33 350 329.35 1.09 67726 69625.47 21.33 102 10 198 20604 2020 39996 22.8 23.9 23.6 0.03
182700.0 310 209.12 1.05 68546 42499.6 1.05 15645 10803.91 1.09 3193923 2367293.23 21.33 310 329.35 1.09 68036 69954.82 21.33 102 10 198 20706 2030 40194 22.7 23.8 23.51 0.03
183600.0 310 209.12 1.05 68856 42708.71 1.05 15647 10804.97 1.09 3209570 2378098.2 21.33 310 329.35 1.09 68346 70284.17 21.33 102 10 198 20808 2040 40392 22.7 23.8 23.47 0.02
184500.0 376 209.26 1.05 69232 42917.97 1.05 15701 10803.92 1.09 3225271 2388902.12 21.33 370 329.36 1.09 68716 70613.53 21.33 102 10 198 20910 2050 40590 22.7 23.8 23.47 0.02
185400.0 354 209.89 1.05 69586 43127.86 1.05 15677 10802.87 1.09 3240948 2399704.99 21.33 350 329.35 1.09 69066 70942.88 21.33 102 10 198 21012 2060 40788 22.7 23.8 23.47 0.02
186300.0 310 209.12 1.05 69896 43336.98 1.05 15638 10802.86 1.09 3256586 2410507.86 21.33 310 329.35 1.09 69376 71272.23 21.33 102 10 198 21114 2070 40986 22.4 23.7 23.34 0.03
187200.0 310 209.12 1.05 70206 43546.1 1.05 15635 10800.77 1.09 3272221 2421308.63 21.33 310 329.35 1.09 69686 71601.58 21.33 102 10 198 21216 2080 41184 22.4 23.7 23.29 0.03
188100.0 376 209.26 1.05 70582 43755.35 1.05 15692 10798.67 1.09 3287913 2432107.3 21.33 370 329.36 1.09 70056 71930.94 21.33 102 10 198 21318 2090 41382 22.4 23.7 23.29 0.03
189000.0 354 209.89 1.05 70936 43965.25 1.05 15669 10797.62 1.09 3303582 2442904.92 21.33 350 329.35 1.09 70406 72260.3 21.33 102 10 198 21420 2100 41580 22.4 23.7 23.28 0.03
189900.0 310 209.12 1.05 71246 44174.36 1.05 15626 10798.66 1.09 3319208 2453703.59 21.33 310 329.35 1.09 70716 72589.65 21.33 102 10 198 21522 2110 41778 22.1 23.6 23.12 0.04
190800.0 310 209.12 1.05 71556 44383.48 1.05 15627 10799.72 1.09 3334835 2464503.31 21.33 310 329.35 1.09 71026 72919.0 21.33 102 10 198 21624 2120 41976 22.1 23.5 23.04 0.03
191700.0 376 209.26 1.05 71932 44592.74 1.05 15686 10798.67 1.09 3350521 2475301.98 21.33 370 329.36 1.09 71396 73248.36 21.33 102 10 198 21726 2130 42174 22.1 23.5 23.03 0.03
192600.0 354 209.89 1.05 72286 44802.63 1.05 15658 10796.57 1.09 3366179 2486098.55 21.33 350 329.35 1.09 71746 73577.71 21.33 102 10 198 21828 2140 42372 22.1 23.5 23.03 0.03
193500.0 310 209.12 1.05 72596 45011.75 1.05 15619 10798.66 1.09 3381798 2496897.22 21.33 310 329.35 1.09 72056 73907.06 21.33 102 10 198 21930 2150 42570 22.0 23.4 22.85 0.04
194400.0 310 209.12 1.05 72906 45220.86 1.05 15623 10796.57 1.09 3397421 2507693.79 21.33 310 329.35 1.09 72366 74236.41 21.33 102 10 198 22032 2160 42768 22.0 23.3 22.74 0.03
195300.0 376 209.26 1.05 73282 45430.12 1.05 15680 10795.52 1.09 3413101 2518489.31 21.33 370 329.36 1.09 72736 74565.77 21.33 102 10 198 22134 2170 42966 22.0 23.3 22.74 0.03
196200.0 354 209.89 1.05 73636 45640.01 1.05 15658 10794.47 1.09 3428759 2529283.78 21.33 350 329.35 1.09 73086 74895.13 21.33 102 10 198 22236 2180 43164 22.0 23.3 22.74 0.03
197100.0 310 209.12 1.05 73946 45849.13 1.05 15610 10791.31 1.09 3444369 2540075.09 21.33 310 329.35 1.09 73396 75224.48 21.33 102 10 198 22338 2190 43362 22.0 23.1 22.54 0.03
198000.0 310 209.12 1.05 74256 46058.25 1.05 15587 10787.12 1.09 3459956 2550862.21 21.33 310 329.35 1.09 73706 75553.83 21.33 102 10 198 22440 2200 43560 22.0 23.1 22.42 0.03
198900.0 376 209.26 1.05 74632 46267.5 1.05 15646 10787.12 1.09 3475602 2561649.34 21.33 370 329.36 1.09 74076 75883.19 21.33 102 10 198 22542 2210 43758 22.0 23.1 22.42 0.03
199800.0 354 209.89 1.05 74986 46477.4 1.05 15622 10785.02 1.09 3491224 2572434.36 21.33 350 329.35 1.09 74426 76212.54 21.33 102 10 198 22644 2220 43956 22.0 23.1 22.42 0.03
200700.0 310 209.12 1.05 75296 46686.51 1.05 15604 10793.41 1.09 3506828 2583227.77 21.33 310 329.35 1.09 74736 76541.89 21.33 102 10 198 22746 2230 44154 22.0 22.8 22.26 0.02
201600.0 310 209.12 1.05 75606 46895.63 1.05 15603 10792.37 1.09 3522431 2594020.14 21.33 310 329.35 1.09 75046 76871.24 21.33 102 10 198 22848 2240 44352 22.0 22.8 22.18 0.02
202500.0 376 209.26 1.05 75982 47104.89 1.05 15662 10791.32 1.09 3538093 2604811.46 21.33 370 329.36 1.09 75416 77200.6 21.33 102 10 198 22950 2250 44550 22.0 22.8 22.18 0.02
203400.0 354 209.89 1.05 76336 47314.78 1.05 15630 10788.17 1.09 3553723 2615599.64 21.33 350 329.35 1.09 75766 77529.96 21.33 102 10 198 23052 2260 44748 22.0 22.8 22.18 0.02
204300.0 310 209.12 1.05 76646 47523.9 1.05 15601 10791.31 1.09 3569324 2626390.95 21.33 310 329.35 1.09 76076 77859.31 21.33 102 10 198 23154 2270 44946 22.0 22.6 22.07 0.01
205200.0 310 209.12 1.05 76956 47733.01 1.05 15599 10789.22 1.09 3584923 2637180.17 21.33 310 329.35 1.09 76386 78188.66 21.33 102 10 198 23256 2280 45144 22.0 22.6 22.06 0.01
206100.0 376 209.25 1.05 77332 47942.26 1.05 15659 10790.42 1.09 3600582 2647970.59 21.33 370 329.38 1.09 76756 78518.04 21.33 102 10 198 23358 2290 45342 22.0 22.6 22.06 0.01
207000.0 354 209.89 1.05 77686 48152.15 1.05 15627 10786.07 1.09 3616209 2658756.66 21.33 350 329.35 1.09 77106 78847.39 21.33 102 10 198 23460 2300 45540 22.0 22.6 22.06 0.01
207900.0 310 209.12 1.05 77996 48361.27 1.05 15598 10789.21 1.09 3631807 2669545.87 21.33 310 329.35 1.09 77416 79176.74 21.33 102 10 198 23562 2310 45738 22.0 22.2 22.02 0.0
208800.0 310 209.12 1.05 78306 48570.39 1.05 15592 10787.12 1.09 3647399 2680332.99 21.33 310 329.35 1.09 77726 79506.09 21.33 102 10 198 23664 2320 45936 22.0 22.2 22.02 0.0
209700.0 376 209.26 1.05 78682 48779.64 1.05 15652 10787.12 1.09 3663051 2691120.11 21.33 370 329.36 1.09 78096 79835.45 21.33 102 10 198 23766 2330 46134 22.0 22.2 22.02 0.0
210600.0 354 209.89 1.05 79036 48989.54 1.05 15619 10782.92 1.09 3678670 2701903.03 21.33 350 329.35 1.09 78446 80164.81 21.33 102 10 198 23868 2340 46332 22.0 22.2 22.02 0.0
211500.0 310 209.12 1.05 79346 49198.65 1.05 15575 10778.71 1.09 3694245 2712681.75 21.33 310 329.35 1.09 78756 80494.15 21.33 102 10 198 23970 2350 46530 22.0 22.0 22.0 0.0
212400.0 310 209.12 1.05 79656 49407.77 1.05 15575 10778.72 1.09 3709820 2723460.47 21.33 310 329.35 1.09 79066 80823.51 21.33 102 10 198 24072 2360 46728 22.0 22.0 22.0 0.0
213300.0 376 209.25 1.05 80032 49617.02 1.05 15631 10778.87 1.09 3725451 2734239.33 21.33 370 329.38 1.09 79436 81152.88 21.33 102 10 198 24174 2370 46926 22.0 22.0 22.0 0.0
214200.0 354 209.89 1.05 80386 49826.91 1.05 15604 10774.52 1.09 3741055 2745013.85 21.33 350 329.35 1.09 79786 81482.24 21.33 102 10 198 24276 2380 47124 22.0 22.0 22.0 0.0
215100.0 310 209.12 1.05 80696 50036.03 1.05 15562 10772.41 1.09 3756617 2755786.27 21.33 310 329.35 1.09 80096 81811.59 21.33 102 10 198 24378 2390 47322 22.0 22.0 22.0 0.0
216000.0 310 209.12 1.05 81006 50245.14 1.05 15557 10771.37 1.09 3772174 2766557.64 21.33 310 329.35 1.09 80406 82140.94 21.33 102 10 198 24480 2400 47520 22.0 22.0 22.0 0.0
216900.0 376 209.26 1.05 81382 50454.4 1.05 15614 10771.37 1.09 3787788 2777329.01 21.33 370 329.36 1.09 80776 82470.3 21.33 102 10 198 24582 2410 47718 22.0 22.0 22.0 0.0
217800.0 354 209.89 1.05 81736 50664.29 1.05 15594 10771.37 1.09 3803382 2788100.38 21.33 350 329.35 1.09 81126 82799.65 21.33 102 10 198 24684 2420 47916 22.0 22.0 22.0 0.0
218700.0 310 209.12 1.05 82046 50873.41 1.05 15549 10770.31 1.09 3818931 2798870.69 21.33 310 329.35 1.09 81436 83129.0 21.33 102 10 198 24786 2430 48114 22.0 22.0 22.0 0.0
219600.0 310 209.12 1.05 82356 51082.53 1.05 15545 10769.27 1.09 3834476 2809639.96 21.33 310 329.35 1.09 81746 83458.36 21.33 102 10 198 24888 2440 48312 22.0 22.0 22.0 0.0
220500.0 376 209.26 1.05 82732 51291.79 1.05 15600 10767.17 1.09 3850076 2820407.14 21.33 370 329.36 1.09 82116 83787.71 21.33 102 10 198 24990 2450 48510 22.0 22.0 22.0 0.0
221400.0 354 209.89 1.05 83086 51501.68 1.05 15578 10769.28 1.09 3865654 2831176.41 21.33 350 329.4 1.09 82466 84117.11 21.33 102 10 198 25092 2460 48708 21.9 22.0 22.0 0.0
222300.0 310 209.12 1.05 83396 51710.8 1.05 15641 10803.64 1.09 3881295 2841980.06 21.33 310 329.41 1.09 82776 84446.52 21.33 102 10 198 25194 2470 48906 19.8 22.0 21.1 0.1
223200.0 310 209.12 1.05 83706 51919.92 1.05 15665 10814.13 1.09 3896960 2852794.19 21.33 310 329.41 1.09 83086 84775.93 21.33 102 10 198 25296 2480 49104 19.8 22.0 20.54 0.15
224100.0 376 209.26 1.05 84082 52129.18 1.05 15725 10814.15 1.09 3912685 2863608.34 21.33 370 329.41 1.09 83456 85105.34 21.33 102 10 198 25398 2490 49302 19.8 21.8 20.53 0.15
225000.0 354 209.89 1.05 84436 52339.07 1.05 15705 10813.52 1.09 3928390 2874421.86 21.33 350 329.4 1.09 83806 85434.73 21.33 102 10 198 25500 2500 49500 19.8 21.8 20.53 0.15
225900.0 310 209.12 1.05 84746 52548.19 1.05 15666 10813.95 1.09 3944056 2885235.81 21.33 310 329.4 1.09 84116 85764.14 21.33 102 10 198 25602 2510 49698 19.8 21.7 20.48 0.13
226800.0 310 209.12 1.05 85056 52757.31 1.05 15667 10813.94 1.09 3959723 2896049.75 21.33 310 329.41 1.09 84426 86093.54 21.33 102 10 198 25704 2520 49896 19.8 21.7 20.44 0.15
227700.0 376 209.26 1.05 85432 52966.57 1.05 15727 10813.96 1.09 3975450 2906863.7 21.33 370 329.4 1.09 84796 86422.95 21.33 102 10 198 25806 2530 50094 19.8 21.7 20.44 0.15
228600.0 354 209.9 1.05 85786 53176.47 1.05 15702 10812.02 1.09 3991152 2917675.73 21.33 350 329.41 1.09 85146 86752.36 21.33 102 10 198 25908 2540 50292 19.8 21.7 20.44 0.15
229500.0 310 209.12 1.05 86096 53385.58 1.05 15662 10811.64 1.09 4006814 2928487.36 21.33 310 329.4 1.09 85456 87081.76 21.33 102 10 198 26010 2550 50490 19.9 21.6 20.44 0.14
230400.0 310 209.12 1.05 86406 53594.7 1.05 15662 10812.69 1.09 4022476 2939300.05 21.33 310 329.4 1.09 85766 87411.16 21.33 102 10 198 26112 2560 50688 19.8 21.6 20.42 0.14
231300.0 376 209.25 1.05 86782 53803.95 1.05 15721 10812.84 1.09 4038197 2950112.89 21.33 370 329.43 1.09 86136 87740.58 21.33 102 10 198 26214 2570 50886 19.8 21.6 20.42 0.14
232200.0 354 209.89 1.05 87136 54013.85 1.05 15699 10811.75 1.09 4053896 2960924.64 21.33 350 329.41 1.09 86486 88069.99 21.33 102 10 198 26316 2580 51084 19.8 21.6 20.42 0.14
233100.0 310 209.12 1.05 87446 54222.97 1.05 15661 10813.12 1.09 4069557 2971737.76 21.33 310 329.41 1.09 86796 88399.4 21.33 102 10 198 26418 2590 51282 19.8 21.5 20.47 0.15
234000.0 310 209.12 1.05 87756 54432.09 1.05 15659 10812.06 1.09 4085216 2982549.82 21.33 310 329.41 1.09 87106 88728.81 21.33 102 10 198 26520 2600 51480 19.8 21.5 20.46 0.15
234900.0 376 209.26 1.05 88132 54641.35 1.05 15719 10812.08 1.09 4100935 2993361.9 21.33 370 329.41 1.09 87476 89058.22 21.33 102 10 198 26622 2610 51678 19.8 21.5 20.46 0.15
235800.0 354 209.89 1.05 88486 54851.24 1.05 15692 10806.9 1.09 4116627 3004168.8 21.33 350 329.39 1.09 87826 89387.61 21.33 102 10 198 26724 2620 51876 19.8 21.5 20.46 0.15
236700.0 310 209.12 1.05 88796 55060.36 1.05 15660 10812.36 1.09 4132287 3014981.16 21.33 310 329.37 1.09 88136 89716.98 21.33 102 10 198 26826 2630 52074 19.8 21.4 20.51 0.15
237600.0 310 209.12 1.05 89106 55269.47 1.05 15659 10810.26 1.09 4147946 3025791.42 21.33 310 329.37 1.09 88446 90046.35 21.33 102 10 198 26928 2640 52272 19.7 21.4 20.52 0.15
238500.0 376 209.25 1.05 89482 55478.73 1.05 15713 10811.47 1.09 4163659 3036602.89 21.33 370 329.4 1.09 88816 90375.75 21.33 102 10 198 27030 2650 52470 19.7 21.4 20.52 0.15
239400.0 354 209.89 1.05 89836 55688.62 1.05 15681 10806.87 1.09 4179340 3047409.75 21.33 350 329.39 1.09 89166 90705.14 21.33 102 10 198 27132 2660 52668 19.7 21.4 20.52 0.15
240300.0 310 209.12 1.05 90146 55897.74 1.05 15644 10807.91 1.09 4194984 3058217.66 21.33 310 329.39 1.09 89476 91034.53 21.33 102 10 198 27234 2670 52866 19.7 21.6 20.56 0.16
241200.0 310 209.12 1.05 90456 56106.85 1.05 15637 10803.71 1.09 4210621 3069021.37 21.33 310 329.39 1.09 89786 91363.92 21.33 102 10 198 27336 2680 53064 19.7 21.6 20.56 0.16
242100.0 376 209.26 1.05 90832 56316.12 1.05 15696 10802.67 1.09 4226317 3079824.04 21.33 370 329.4 1.09 90156 91693.32 21.33 102 10 198 27438 2690 53262 19.7 21.6 20.56 0.16
243000.0 354 209.89 1.05 91186 56526.01 1.05 15661 10796.57 1.09 4241978 3090620.61 21.33 350 329.4 1.09 90506 92022.71 21.33 102 10 198 27540 2700 53460 19.7 21.6 20.56 0.16
243900.0 310 209.12 1.05 91496 56735.13 1.05 15646 10804.26 1.09 4257624 3101424.87 21.33 310 329.4 1.09 90816 92352.11 21.33 102 10 198 27642 2710 53658 19.7 21.8 20.62 0.18
244800.0 310 209.12 1.05 91806 56944.25 1.05 15640 10803.22 1.09 4273264 3112228.08 21.33 310 329.4 1.09 91126 92681.51 21.33 102 10 198 27744 2720 53856 19.6 21.8 20.61 0.18
245700.0 376 209.26 1.05 92182 57153.51 1.05 15700 10803.22 1.09 4288964 3123031.3 21.33 370 329.41 1.09 91496 93010.92 21.33 102 10 198 27846 2730 54054 19.6 21.8 20.61 0.18
246600.0 354 209.89 1.05 92536 57363.4 1.05 15652 10793.65 1.09 4304616 3133824.95 21.33 350 329.4 1.09 91846 93340.32 21.33 102 10 198 27948 2740 54252 19.6 21.8 20.61 0.18
247500.0 310 209.12 1.05 92846 57572.52 1.05 15629 10798.69 1.09 4320245 3144623.64 21.33 310 329.39 1.09 92156 93669.71 21.33 102 10 198 28050 2750 54450 19.6 21.9 20.61 0.2
248400.0 310 209.12 1.05 93156 57781.64 1.05 15630 10798.69 1.09 4335875 3155422.33 21.33 310 329.39 1.09 92466 93999.11 21.33 102 10 198 28152 2760 54648 19.5 21.9 20.6 0.2
249300.0 376 209.26 1.05 93532 57990.9 1.05 15684 10797.65 1.09 4351559 3166219.97 21.33 370 329.4 1.09 92836 94328.51 21.33 102 10 198 28254 2770 54846 19.5 21.9 20.6 0.2
250200.0 354 209.89 1.05 93886 58200.79 1.05 15641 10789.26 1.09 4367200 3177009.23 21.33 350 329.4 1.09 93186 94657.9 21.33 102 10 198 28356 2780 55044 19.5 21.9 20.6 0.2
251100.0 310 209.12 1.05 94196 58409.91 1.05 15625 10798.73 1.09 4382825 3187807.96 21.33 310 329.39 1.09 93496 94987.3 21.33 102 10 198 28458 2790 55242 19.5 22.0 20.57 0.21
252000.0 310 209.12 1.05 94506 58619.03 1.05 15635 10803.99 1.09 4398460 3198611.94 21.33 310 329.4 1.09 93806 95316.69 21.33 102 10 198 28560 2800 55440 19.5 22.0 20.53 0.24
252900.0 376 209.26 1.05 94882 58828.29 1.05 15694 10803.99 1.09 4414154 3209415.93 21.33 370 329.4 1.09 94176 95646.09 21.33 102 10 198 28662 2810 55638 19.5 22.0 20.53 0.24
253800.0 354 209.89 1.05 95236 59038.18 1.05 15653 10797.56 1.09 4429807 3220213.49 21.33 350 329.39 1.09 94526 95975.49 21.33 102 10 198 28764 2820 55836 19.5 22.0 20.53 0.24
254700.0 310 209.12 1.05 95546 59247.3 1.05 15659 10810.33 1.09 4445466 3231023.81 21.33 310 329.39 1.09 94836 96304.88 21.33 102 10 198 28866 2830 56034 19.5 21.8 20.41 0.24
255600.0 310 209.12 1.05 95856 59456.42 1.05 15665 10813.48 1.09 4461131 3241837.3 21.33 310 329.4 1.09 95146 96634.28 21.33 102 10 198 28968 2840 56232 19.3 21.8 20.37 0.25
256500.0 376 209.26 1.05 96232 59665.68 1.05 15725 10813.49 1.09 4476856 3252650.79 21.33 370 329.4 1.09 95516 96963.68 21.33 102 10 198 29070 2850 56430 19.3 21.8 20.37 0.26
257400.0 354 209.89 1.05 96586 59875.57 1.05 15668 10798.62 1.09 4492524 3263449.4 21.33 350 329.39 1.09 95866 97293.08 21.33 102 10 198 29172 2860 56628 19.3 21.8 20.37 0.26
258300.0 310 209.12 1.05 96896 60084.69 1.05 15672 10818.98 1.09 4508196 3274268.38 21.33 310 329.4 1.09 96176 97622.47 21.33 102 10 198 29274 2870 56826 19.3 21.6 20.19 0.24
259200.0 310 209.12 1.05 97206 60293.81 1.05 15675 10820.02 1.09 4523871 3285088.4 21.33 310 329.4 1.09 96486 97951.88 21.33 102 10 198 29376 2880 57024 19.2 21.6 20.12 0.28
260100.0 376 209.26 1.05 97582 60503.07 1.05 15735 10820.04 1.09 4539606 3295908.44 21.33 370 329.41 1.09 96856 98281.28 21.33 102 10 198 29478 2890 57222 19.2 21.6 20.12 0.28
261000.0 356 209.96 1.05 97938 60713.03 1.05 16024 166873.81 21.32 4555630 3462782.25 21.33 352 3365.6 21.32 97208 101646.88 21.33 102 10 198 29580 2900 57420 19.2 21.6 20.12 0.28
261900.0 310 209.12 1.05 98248 60922.15 1.05 15690 10821.02 1.09 4571320 3473603.27 21.33 310 329.36 1.09 97518 101976.24 21.33 102 10 198 29682 2910 57618 18.9 20.8 19.63 0.19
262800.0 310 209.12 1.05 98558 61131.27 1.05 15690 10822.05 1.09 4587010 3484425.32 21.33 310 329.36 1.09 97828 102305.59 21.33 102 10 198 29784 2920 57816 18.9 20.8 19.59 0.24
263700.0 376 209.26 1.05 98934 61340.53 1.05 15750 10822.12 1.09 4602760 3495247.44 21.33 370 329.37 1.09 98198 102634.96 21.33 102 10 198 29886 2930 58014 18.9 20.8 19.59 0.24
264600.0 356 209.97 1.05 99290 61550.5 1.05 16038 166708.91 21.31 4618798 3661956.35 21.33 352 3362.83 21.31 98550 105997.79 21.33 102 10 198 29988 2940 58212 18.9 20.8 19.59 0.24
265500.0 310 209.14 1.05 99600 61759.64 1.05 15728 10856.9 1.09 4634526 3672813.25 21.33 310 329.73 1.09 98860 106327.52 21.33 102 10 198 30090 2950 58410 17.3 20.2 18.07 0.12
266400.0 310 209.14 1.05 99910 61968.78 1.05 15745 10865.3 1.09 4650271 3683678.55 21.33 310 329.73 1.09 99170 106657.25 21.33 102 10 198 30192 2960 58608 17.3 18.9 17.8 0.03
267300.0 376 209.28 1.05 100286 62178.06 1.05 15805 10865.31 1.09 4666076 3694543.85 21.33 370 329.73 1.09 99540 106986.98 21.33 102 10 198 30294 2970 58806 17.3 18.8 17.8 0.02
268200.0 356 209.98 1.05 100642 62388.04 1.05 16095 166580.92 21.31 4682171 3861124.78 21.33 352 3360.85 21.31 99892 110347.83 21.33 102 10 198 30396 2980 59004 17.3 18.8 17.8 0.02
269100.0 310 209.14 1.05 100952 62597.18 1.05 15733 10859.91 1.09 4697904 3871984.68 21.33 310 329.71 1.09 100202 110677.55 21.33 102 10 198 30498 2990 59202 17.3 18.7 17.77 0.02
270000.0 310 209.14 1.05 101262 62806.31 1.05 15734 10859.89 1.09 4713638 3882844.58 21.33 310 329.71 1.09 100512 111007.26 21.33 102 10 198 30600 3000 59400 17.3 18.7 17.75 0.02
270900.0 376 209.28 1.05 101638 63015.59 1.05 15794 10859.91 1.09 4729432 3893704.49 21.33 370 329.71 1.09 100882 111336.97 21.33 102 10 198 30702 3010 59598 17.3 18.7 17.75 0.02
271800.0 354 209.91 1.05 101992 63225.51 1.05 15772 10859.3 1.09 4745204 3904563.79 21.33 350 329.7 1.09 101232 111666.67 21.33 102 10 198 30804 3020 59796 17.3 18.7 17.75 0.02
272700.0 310 209.14 1.05 102302 63434.64 1.05 15732 10859.31 1.09 4760936 3915423.09 21.33 310 329.7 1.09 101542 111996.37 21.33 102 10 198 30906 3030 59994 17.3 18.6 17.74 0.02
273600.0 310 209.14 1.05 102612 63643.78 1.05 15731 10858.25 1.09 4776667 3926281.34 21.33 310 329.7 1.09 101852 112326.08 21.33 102 10 198 31008 3040 60192 17.3 18.6 17.73 0.02
274500.0 376 209.28 1.05 102988 63853.06 1.05 15787 10856.16 1.09 4792454 3937137.5 21.33 370 329.7 1.09 102222 112655.78 21.33 102 10 198 31110 3050 60390 17.3 18.6 17.73 0.02
275400.0 354 209.92 1.05 103342 64062.98 1.05 15766 10858.21 1.09 4808220 3947995.71 21.33 350 329.74 1.09 102572 112985.52 21.33 102 10 198 31212 3060 60588 17.3 18.6 17.73 0.02
276300.0 310 209.14 1.05 103652 64272.11 1.05 15726 10856.29 1.09 4823946 3958852.0 21.33 310 329.7 1.09 102882 113315.22 21.33 102 10 198 31314 3070 60786 17.3 18.5 17.71 0.02
277200.0 310 209.14 1.05 103962 64481.25 1.05 15726 10856.28 1.09 4839672 3969708.28 21.33 310 329.7 1.09 103192 113644.93 21.33 102 10 198 31416 3080 60984 17.3 18.5 17.7 0.02
278100.0 376 209.27 1.05 104338 64690.52 1.05 15786 10858.34 1.09 4855458 3980566.62 21.33 370 329.75 1.09 103562 113974.68 21.33 102 10 198 31518 3090 61182 17.3 18.5 17.7 0.02
279000.0 354 209.91 1.05 104692 64900.43 1.05 15764 10854.81 1.09 4871222 3991421.43 21.33 350 329.68 1.09 103912 114304.35 21.33 102 10 198 31620 3100 61380 17.3 18.5 17.7 0.02
279900.0 310 209.14 1.05 105002 65109.57 1.05 15722 10855.7 1.09 4886944 4002277.13 21.33 310 329.71 1.09 104222 114634.07 21.33 102 10 198 31722 3110 61578 17.3 18.4 17.69 0.02
280800.0 310 209.14 1.05 105312 65318.7 1.05 15725 10856.74 1.09 4902669 4013133.87 21.33 310 329.71 1.09 104532 114963.78 21.33 102 10 198 31824 3120 61776 17.3 18.4 17.68 0.02
281700.0 376 209.28 1.05 105688 65527.98 1.05 15783 10854.66 1.09 4918452 4023988.53 21.33 370 329.71 1.09 104902 115293.49 21.33 102 10 198 31926 3130 61974 17.3 18.4 17.68 0.02
282600.0 354 209.91 1.05 106042 65737.89 1.05 15759 10852.91 1.09 4934211 4034841.44 21.33 350 329.72 1.09 105252 115623.22 21.33 102 10 198 32028 3140 62172 17.3 18.4 17.68 0.02
283500.0 310 209.13 1.05 106352 65947.02 1.05 15718 10848.75 1.09 4949929 4045690.19 21.33 310 329.66 1.09 105562 115952.88 21.33 102 10 198 32130 3150 62370 17.3 18.3 17.67 0.01
284400.0 310 209.13 1.05 106662 66156.15 1.05 15719 10849.82 1.09 4965648 4056540.01 21.33 310 329.66 1.09 105872 116282.54 21.33 102 10 198 32232 3160 62568 17.3 18.3 17.67 0.01
285300.0 376 209.27 1.05 107038 66365.43 1.05 15779 10849.81 1.09 4981427 4067389.82 21.33 370 329.67 1.09 106242 116612.21 21.33 102 10 198 32334 3170 62766 17.3 18.3 17.67 0.01
286200.0 354 209.91 1.05 107392 66575.34 1.05 15757 10850.65 1.09 4997184 4078240.48 21.33 350 329.68 1.09 106592 116941.89 21.33 102 10 198 32436 3180 62964 17.3 18.3 17.67 0.01
287100.0 310 209.13 1.05 107702 66784.47 1.05 15710 10847.92 1.09 5012894 4089088.39 21.33 310 329.66 1.09 106902 117271.55 21.33 102 10 198 32538 3190 63162 17.3 18.2 17.66 0.01
288000.0 310 209.13 1.05 108012 66993.61 1.05 15710 10847.91 1.09 5028604 4099936.3 21.33 310 329.66 1.09 107212 117601.21 21.33 102 10 198 32640 3200 63360 17.3 18.2 17.66 0.01
288900.0 376 209.28 1.05 108388 67202.88 1.05 15770 10847.93 1.09 5044374 4110784.23 21.33 370 329.66 1.09 107582 117930.88 21.33 102 10 198 32742 3210 63558 17.3 18.2 17.66 0.01
289800.0 354 209.91 1.05 108742 67412.8 1.05 15746 10849.98 1.09 5060120 4121634.2 21.33 350 329.71 1.09 107932 118260.58 21.33 102 10 198 32844 3220 63756 17.3 18.2 17.66 0.01
290700.0 310 209.14 1.05 109052 67621.94 1.05 15712 10851.93 1.09 5075832 4132486.13 21.33 310 329.74 1.09 108242 118590.32 21.33 102 10 198 32946 3230 63954 17.3 18.2 17.66 0.01
291600.0 310 209.14 1.05 109362 67831.07 1.05 15716 10852.96 1.09 5091548 4143339.09 21.33 310 329.74 1.09 108552 118920.07 21.33 102 10 198 33048 3240 64152 17.3 18.1 17.65 0.01
292500.0 376 209.28 1.05 109738 68040.36 1.05 15772 10850.88 1.09 5107320 4154189.98 21.33 370 329.74 1.09 108922 119249.81 21.33 102 10 198 33150 3250 64350 17.3 18.1 17.65 0.01
293400.0 354 209.91 1.05 110092 68250.27 1.05 15745 10847.78 1.09 5123065 4165037.75 21.33 350 329.71 1.09 109272 119579.51 21.33 102 10 198 33252 3260 64548 17.3 18.1 17.65 0.01
294300.0 310 209.14 1.05 110402 68459.41 1.05 15707 10849.87 1.09 5138772 4175887.63 21.33 310 329.7 1.09 109582 119909.22 21.33 102 10 198 33354 3270 64746 17.3 18.1 17.66 0.01
295200.0 310 209.14 1.05 110712 68668.54 1.05 15705 10849.87 1.09 5154477 4186737.5 21.33 310 329.7 1.09 109892 120238.92 21.33 102 10 198 33456 3280 64944 17.4 18.0 17.66 0.01
296100.0 376 209.28 1.05 111088 68877.82 1.05 15765 10849.88 1.09 5170242 4197587.38 21.33 370 329.7 1.09 110262 120568.62 21.33 102 10 198 33558 3290 65142 17.4 18.0 17.66 0.01
297000.0 354 209.92 1.05 111442 69087.74 1.05 15739 10848.76 1.09 5185981 4208436.14 21.33 350 329.74 1.09 110612 120898.37 21.33 102 10 198 33660 3300 65340 17.4 18.0 17.66 0.01
297900.0 310 209.14 1.05 111752 69296.87 1.05 15696 10848.78 1.09 5201677 4219284.92 21.33 310 329.74 1.09 110922 121228.11 21.33 102 10 198 33762 3310 65538 17.4 18.0 17.66 0.01
298800.0 310 209.14 1.05 112062 69506.01 1.05 15697 10848.76 1.09 5217374 4230133.68 21.33 310 329.74 1.09 111232 121557.85 21.33 102 10 198 33864 3320 65736 17.4 18.0 17.66 0.01
299700.0 376 209.28 1.05 112438 69715.29 1.05 15757 10848.78 1.09 5233131 4240982.46 21.33 370 329.74 1.09 111602 121887.59 21.33 102 10 198 33966 3330 65934 17.4 18.0 17.66 0.01
300600.0 354 209.92 1.05 112792 69925.21 1.05 15733 10846.66 1.09 5248864 4251829.13 21.33 350 329.74 1.09 111952 122217.34 21.33 102 10 198 34068 3340 66132 17.4 18.0 17.66 0.01
301500.0 310 209.13 1.05 113102 70134.34 1.05 15698 10847.84 1.09 5264562 4262676.97 21.33 310 329.7 1.09 112262 122547.04 21.33 102 10 198 34170 3350 66330 17.4 18.0 17.67 0.01
302400.0 310 209.13 1.05 113412 70343.48 1.05 15700 10847.85 1.09 5280262 4273524.82 21.33 310 329.71 1.09 112572 122876.74 21.33 102 10 198 34272 3360 66528 17.4 17.9 17.67 0.01
303300.0 376 209.28 1.05 113788 70552.75 1.05 15755 10843.65 1.09 5296017 4284368.47 21.33 370 329.7 1.09 112942 123206.45 21.33 102 10 198 34374 3370 66726 17.4 17.9 17.67 0.01
304200.0 354 209.91 1.05 114142 70762.66 1.05 15729 10839.04 1.09 5311746 4295207.51 21.33 350 329.68 1.09 113292 123536.12 21.33 102 10 198 34476 3380 66924 17.4 17.9 17.67 0.01
305100.0 310 209.14 1.05 114452 70971.8 1.05 15690 10842.05 1.09 5327436 4306049.56 21.33 310 329.71 1.09 113602 123865.83 21.33 102 10 198 34578 3390 67122 17.4 17.9 17.67 0.01
306000.0 310 209.14 1.05 114762 71180.94 1.05 15691 10842.04 1.09 5343127 4316891.6 21.33 310 329.71 1.09 113912 124195.55 21.33 102 10 198 34680 3400 67320 17.4 17.8 17.67 0.01
306900.0 376 209.28 1.05 115138 71390.22 1.05 15751 10842.06 1.09 5358878 4327733.66 21.33 370 329.71 1.09 114282 124525.26 21.33 102 10 198 34782 3410 67518 17.4 17.9 17.67 0.01
307800.0 354 209.92 1.05 115492 71600.13 1.05 15727 10842.46 1.09 5374605 4338576.12 21.33 350 329.74 1.09 114632 124855.01 21.33 102 10 198 34884 3420 67716 17.4 17.9 17.67 0.01
308700.0 310 209.14 1.05 115802 71809.27 1.05 15697 10846.68 1.09 5390302 4349422.8 21.33 310 329.74 1.09 114942 125184.75 21.33 102 10 198 34986 3430 67914 17.4 17.9 17.69 0.01
309600.0 310 209.14 1.05 116112 72018.41 1.05 15703 10848.76 1.09 5406005 4360271.56 21.33 310 329.74 1.09 115252 125514.49 21.33 102 10 198 35088 3440 68112 17.4 17.9 17.69 0.01
310500.0 376 209.28 1.05 116488 72227.69 1.05 15762 10847.73 1.09 5421767 4371119.29 21.33 370 329.74 1.09 115622 125844.23 21.33 102 10 198 35190 3450 68310 17.4 17.9 17.69 0.01
311400.0 354 209.91 1.05 116842 72437.6 1.05 15725 10840.43 1.09 5437492 4381959.72 21.33 350 329.71 1.09 115972 126173.94 21.33 102 10 198 35292 3460 68508 17.4 17.9 17.69 0.01
312300.0 310 209.14 1.05 117152 72646.74 1.05 15686 10837.27 1.09 5453178 4392797.0 21.33 310 329.7 1.09 116282 126503.64 21.33 102 10 198 35394 3470 68706 17.4 18.0 17.7 0.01
313200.0 310 209.14 1.05 117462 72855.87 1.05 15685 10837.27 1.09 5468863 4403634.27 21.33 310 329.7 1.09 116592 126833.34 21.33 102 10 198 35496 3480 68904 17.4 18.0 17.7 0.01
314100.0 376 209.28 1.05 117838 73065.15 1.05 15742 10836.23 1.09 5484605 4414470.5 21.33 370 329.7 1.09 116962 127163.05 21.33 102 10 198 35598 3490 69102 17.3 18.0 17.7 0.01
315000.0 354 209.92 1.05 118192 73275.07 1.05 15712 10836.16 1.09 5500317 4425306.66 21.33 350 329.74 1.09 117312 127492.79 21.33 102 10 198 35700 3500 69300 17.3 18.0 17.7 0.01
315900.0 310 209.14 1.05 118502 73484.21 1.05 15676 10834.24 1.09 5515993 4436140.9 21.33 310 329.7 1.09 117622 127822.49 21.33 102 10 198 35802 3510 69498 17.3 18.1 17.71 0.02
316800.0 310 209.14 1.05 118812 73693.34 1.05 15673 10834.23 1.09 5531666 4446975.13 21.33 310 329.7 1.09 117932 128152.2 21.33 102 10 198 35904 3520 69696 17.3 18.1 17.72 0.02
317700.0 376 209.28 1.05 119188 73902.62 1.05 15731 10833.2 1.09 5547397 4457808.32 21.33 370 329.7 1.09 118302 128481.9 21.33 102 10 198 36006 3530 69894 17.3 18.1 17.72 0.02
318600.0 354 209.91 1.05 119542 74112.54 1.05 15697 10825.83 1.09 5563094 4468634.15 21.33 350 329.71 1.09 118652 128811.61 21.33 102 10 198 36108 3540 70092 17.3 18.1 17.72 0.02
319500.0 310 209.14 1.05 119852 74321.67 1.05 15661 10830.93 1.09 5578755 4479465.08 21.33 310 329.74 1.09 118962 129141.35 21.33 102 10 198 36210 3550 70290 17.3 18.2 17.73 0.02
320400.0 310 209.14 1.05 120162 74530.81 1.05 15661 10830.91 1.09 5594416 4490295.99 21.33 310 329.74 1.09 119272 129471.09 21.33 102 10 198 36312 3560 70488 17.3 18.2 17.73 0.02
321300.0 376 209.28 1.05 120538 74740.09 1.05 15717 10829.88 1.09 5610133 4501125.87 21.33 370 329.74 1.09 119642 129800.83 21.33 102 10 198 36414 3570 70686 17.3 18.2 17.73 0.02
322200.0 354 209.91 1.05 120892 74950.0 1.05 15685 10820.22 1.09 5625818 4511946.09 21.33 350 329.64 1.09 119992 130130.47 21.33 102 10 198 36516 3580 70884 17.3 18.2 17.73 0.02
323100.0 310 209.13 1.05 121202 75159.13 1.05 15658 10825.6 1.09 5641476 4522771.69 21.33 310 329.59 1.09 120302 130460.06 21.33 102 10 198 36618 3590 71082 17.3 18.2 17.74 0.02
324000.0 310 209.13 1.05 121512 75368.26 1.05 15657 10823.51 1.09 5657133 4533595.21 21.33 310 329.6 1.09 120612 130789.66 21.33 102 10 198 36720 3600 71280 17.3 18.2 17.74 0.02
324900.0 376 209.27 1.05 121888 75577.53 1.05 15714 10823.51 1.09 5672847 4544418.71 21.33 370 329.6 1.09 120982 131119.26 21.33 102 10 198 36822 3610 71478 17.3 18.2 17.74 0.02
325800.0 354 209.91 1.05 122242 75787.44 1.05 15682 10822.65 1.09 5688529 4555241.36 21.33 350 329.71 1.09 121332 131448.96 21.33 102 10 198 36924 3620 71676 17.3 18.2 17.74 0.02
326700.0 310 209.14 1.05 122552 75996.58 1.05 15650 10829.88 1.09 5704179 4566071.24 21.33 310 329.74 1.09 121642 131778.7 21.33 102 10 198 37026 3630 71874 17.3 18.3 17.76 0.03
327600.0 310 209.14 1.05 122862 76205.72 1.05 15653 10830.91 1.09 5719832 4576902.15 21.33 310 329.74 1.09 121952 132108.45 21.33 102 10 198 37128 3640 72072 17.3 18.3 17.76 0.03
328500.0 376 209.28 1.05 123238 76415.0 1.05 15709 10830.93 1.09 5735541 4587733.08 21.33 370 329.74 1.09 122322 132438.19 21.33 102 10 198 37230 3650 72270 17.2 18.3 17.76 0.03
329400.0 354 209.92 1.05 123592 76624.91 1.05 15674 10825.66 1.09 5751215 4598558.74 21.33 350 329.74 1.09 122672 132767.93 21.33 102 10 198 37332 3660 72468 17.2 18.3 17.76 0.03
330300.0 310 209.14 1.05 123902 76834.05 1.05 15636 10827.78 1.09 5766851 4609386.52 21.33 310 329.74 1.09 122982 133097.67 21.33 102 10 198 37434 3670 72666 17.2 18.4 17.77 0.03
331200.0 310 209.14 1.05 124212 77043.19 1.05 15633 10826.71 1.09 5782484 4620213.23 21.33 310 329.74 1.09 123292 133427.42 21.33 102 10 198 37536 3680 72864 17.2 18.4 17.77 0.04
332100.0 376 209.28 1.05 124588 77252.47 1.05 15690 10824.63 1.09 5798174 4631037.86 21.33 370 329.74 1.09 123662 133757.16 21.33 102 10 198 37638 3690 73062 17.2 18.4 17.77 0.04
333000.0 354 209.91 1.05 124942 77462.39 1.05 15636 10811.59 1.09 5813810 4641849.45 21.33 350 329.72 1.09 124012 134086.87 21.33 102 10 198 37740 3700 73260 17.2 18.4 17.77 0.04
333900.0 310 209.14 1.05 125252 77671.52 1.05 15596 10813.7 1.09 5829406 4652663.16 21.33 310 329.71 1.09 124322 134416.58 21.33 102 10 198 37842 3710 73458 17.2 18.5 17.78 0.04
334800.0 310 209.14 1.05 125562 77880.66 1.05 15596 10813.69 1.09 5845002 4663476.85 21.33 310 329.71 1.09 124632 134746.3 21.33 102 10 198 37944 3720 73656 17.2 18.5 17.78 0.04
335700.0 376 209.28 1.05 125938 78089.94 1.05 15650 10810.56 1.09 5860652 4674287.41 21.33 370 329.71 1.09 125002 135076.01 21.33 102 10 198 38046 3730 73854 17.2 18.5 17.78 0.04
336600.0 354 209.92 1.05 126292 78299.86 1.05 15610 10803.61 1.09 5876262 4685091.02 21.33 350 329.74 1.09 125352 135405.75 21.33 102 10 198 38148 3740 74052 17.2 18.5 17.78 0.04
337500.0 310 209.14 1.05 126602 78509.0 1.05 15577 10802.58 1.09 5891839 4695893.59 21.33 310 329.74 1.09 125662 135735.5 21.33 102 10 198 38250 3750 74250 17.2 18.5 17.79 0.04
338400.0 310 209.14 1.05 126912 78718.13 1.05 15579 10807.81 1.09 5907418 4706701.4 21.33 310 329.74 1.09 125972 136065.24 21.33 102 10 198 38352 3760 74448 17.2 18.5 17.8 0.05
339300.0 376 209.28 1.05 127288 78927.42 1.05 15630 10804.68 1.09 5923048 4717506.09 21.33 370 329.74 1.09 126342 136394.98 21.33 102 10 198 38454 3770 74646 17.2 18.5 17.8 0.05
340200.0 354 209.91 1.05 127642 79137.33 1.05 15585 10795.25 1.09 5938633 4728301.33 21.33 350 329.7 1.09 126692 136724.68 21.33 102 10 198 38556 3780 74844 17.2 18.5 17.8 0.05
341100.0 310 209.14 1.05 127952 79346.47 1.05 15540 10791.05 1.09 5954173 4739092.39 21.33 310 329.7 1.09 127002 137054.38 21.33 102 10 198 38658 3790 75042 17.2 18.5 17.8 0.05
342000.0 310 209.14 1.05 128262 79555.6 1.05 15533 10786.85 1.09 5969706 4749879.23 21.33 310 329.7 1.09 127312 137384.08 21.33 102 10 198 38760 3800 75240 17.2 18.5 17.8 0.05
342900.0 376 209.27 1.05 128638 79764.87 1.05 15586 10789.08 1.09 5985292 4760668.31 21.33 370 329.75 1.09 127682 137713.83 21.33 102 10 198 38862 3810 75438 17.2 18.5 17.8 0.05
343800.0 354 209.91 1.05 128992 79974.78 1.05 15549 10778.63 1.09 6000841 4771446.94 21.33 350 329.67 1.09 128032 138043.5 21.33 102 10 198 38964 3820 75636 17.2 18.5 17.8 0.05
344700.0 310 209.13 1.05 129302 80183.92 1.05 15512 10780.72 1.09 6016353 4782227.66 21.33 310 329.66 1.09 128342 138373.16 21.33 102 10 198 39066 3830 75834 17.2 18.6 17.81 0.05
345600.0 310 209.13 1.05 129612 80393.05 1.05 15510 10780.72 1.09 6031863 4793008.39 21.33 310 329.66 1.09 128652 138702.82 21.33 102 10 198 39168 3840 76032 17.2 18.6 17.81 0.05
