# seed = 1, gamma = 0.33, beta = 1.0, dee = 1.0, dcc = 25.0, dec = 10.0, dsCnd = 150.0, dLocalhost = 0.02, hostBroker = EDGE 
#
# The columns have the following meaning: 
# instant[SECONDS] commCountUploadPartial delaySumUploadPartial[SECONDS] delayMaxUploadPartial[SECONDS] commCountUploadTot delaySumUploadTot[SECONDS] delayMaxUploadTot[SECONDS] commCountDownloadPartial delaySumDownloadPartial[SECONDS] delayMaxDownloadPartial[SECONDS] commCountDownloadTot delaySumDownloadTot[SECONDS] delayMaxDownloadTot[SECONDS] commCountDownloadMaxPartial delaySumDownloadMaxPartial[SECONDS] delayMaxDownloadMaxPartial[SECONDS] commCountDownloadMaxTot delaySumDownloadMaxTot[SECONDS] delayMaxDownloadMaxTot[SECONDS] runOnCloudPartial runOnEdgePartial runOnSmartphonePartial runOnCloudTot runOnEdgeTot runOnSmartphoneTot minTemp maxTemp avgTemp varianceTemp
0.0 0 0.0 0.0 0 0.0 0.0 0 0.0 0.0 0 0.0 0.0 0 0.0 0.0 0 0.0 0.0 0 0 0 0 0 0 17.0 25.0 21.0 0.0
900.0 376 46.7 0.16 376 46.7 0.16 16500 3184.06 0.26 16500 3184.06 0.26 370 62.67 0.26 370 62.67 0.26 7 3 300 7 3 300 18.9 21.0 19.37 0.77
1800.0 356 47.45 0.36 732 94.15 0.36 16788 187183.62 21.28 33288 190367.68 21.28 352 3515.56 21.28 722 3578.23 21.28 7 3 300 14 6 600 18.9 18.9 18.9 0.0
2700.0 310 46.6 0.16 1042 140.76 0.36 16438 3248.89 0.27 49726 193616.57 21.28 310 63.85 0.27 1032 3642.07 21.28 7 3 300 21 9 900 17.7 18.9 18.28 0.05
3600.0 310 46.6 0.16 1352 187.36 0.36 16440 3248.93 0.27 66166 196865.5 21.28 310 63.85 0.27 1342 3705.92 21.28 7 3 300 28 12 1200 17.6 18.9 18.21 0.05
4500.0 376 46.74 0.16 1728 234.11 0.36 16496 3248.92 0.27 82662 200114.43 21.28 370 63.88 0.27 1712 3769.8 21.28 7 3 300 35 15 1500 17.6 18.7 18.21 0.05
5400.0 356 47.46 0.36 2084 281.57 0.36 16824 9882.31 21.38 99486 209996.73 21.38 352 85.34 21.38 2064 3855.14 21.38 7 3 300 42 18 1800 17.6 18.7 18.21 0.05
6300.0 310 46.61 0.16 2394 328.18 0.36 16514 3274.78 0.27 116000 213271.51 21.38 310 64.16 0.27 2374 3919.29 21.38 7 3 300 49 21 2100 17.6 18.7 18.21 0.04
7200.0 310 46.61 0.16 2704 374.79 0.36 16516 3274.85 0.27 132516 216546.37 21.38 310 64.16 0.27 2684 3983.46 21.38 7 3 300 56 24 2400 17.6 18.7 18.23 0.04
8100.0 376 46.76 0.16 3080 421.55 0.36 16574 3274.83 0.27 149090 219821.19 21.38 370 64.19 0.27 3054 4047.64 21.38 7 3 300 63 27 2700 17.6 18.7 18.23 0.04
9000.0 356 47.46 0.36 3436 469.01 0.36 16856 9884.0 21.37 165946 229705.2 21.38 352 85.33 21.37 3406 4132.98 21.38 7 3 300 70 30 3000 17.6 18.7 18.23 0.04
9900.0 310 46.61 0.16 3746 515.62 0.36 16498 3262.17 0.27 182444 232967.37 21.38 310 63.96 0.27 3716 4196.94 21.38 7 3 300 77 33 3300 17.6 18.7 18.22 0.04
10800.0 310 46.61 0.16 4056 562.22 0.36 16502 3262.22 0.27 198946 236229.59 21.38 310 63.96 0.27 4026 4260.9 21.38 7 3 300 84 36 3600 17.6 18.7 18.13 0.04
11700.0 376 46.75 0.16 4432 608.97 0.36 16561 3262.21 0.27 215507 239491.79 21.38 370 63.99 0.27 4396 4324.9 21.38 7 3 300 91 39 3900 17.6 18.7 18.13 0.04
12600.0 354 47.39 0.36 4786 656.36 0.36 16523 3270.82 0.27 232030 242762.61 21.38 350 64.17 0.27 4746 4389.06 21.38 7 3 300 98 42 4200 17.6 18.7 18.13 0.04
13500.0 310 46.61 0.16 5096 702.97 0.36 16438 3270.73 0.27 248468 246033.34 21.38 310 64.12 0.27 5056 4453.19 21.38 7 3 300 105 45 4500 17.6 18.7 18.13 0.04
14400.0 310 46.61 0.16 5406 749.59 0.36 16436 3270.78 0.27 264904 249304.13 21.38 310 64.13 0.27 5366 4517.31 21.38 7 3 300 112 48 4800 17.6 18.7 18.12 0.04
15300.0 376 46.75 0.16 5782 796.34 0.36 16496 3270.76 0.27 281400 252574.89 21.38 370 64.15 0.27 5736 4581.47 21.38 7 3 300 119 51 5100 17.6 18.7 18.12 0.04
16200.0 354 47.38 0.36 6136 843.72 0.36 16470 3263.23 0.27 297870 255838.12 21.38 350 64.02 0.27 6086 4645.49 21.38 7 3 300 126 54 5400 17.6 18.7 18.12 0.04
17100.0 310 46.6 0.16 6446 890.33 0.36 16433 3258.02 0.27 314303 259096.14 21.38 310 63.88 0.27 6396 4709.37 21.38 7 3 300 133 57 5700 17.6 18.7 18.1 0.03
18000.0 310 46.6 0.16 6756 936.93 0.36 16437 3258.04 0.27 330740 262354.18 21.38 310 63.88 0.27 6706 4773.26 21.38 7 3 300 140 60 6000 17.6 18.6 18.09 0.03
18900.0 376 46.75 0.16 7132 983.67 0.36 16497 3258.06 0.27 347237 265612.24 21.38 370 63.92 0.27 7076 4837.17 21.38 7 3 300 147 63 6300 17.6 18.6 18.09 0.04
19800.0 354 47.38 0.36 7486 1031.06 0.36 16471 3263.64 0.27 363708 268875.88 21.38 350 64.03 0.27 7426 4901.2 21.38 7 3 300 154 66 6600 17.6 18.6 18.09 0.04
20700.0 310 46.61 0.16 7796 1077.66 0.36 16435 3263.55 0.27 380143 272139.43 21.38 310 63.99 0.27 7736 4965.19 21.38 7 3 300 161 69 6900 17.6 18.6 18.07 0.03
21600.0 310 46.61 0.16 8106 1124.27 0.36 16438 3263.61 0.27 396581 275403.04 21.38 310 63.99 0.27 8046 5029.18 21.38 7 3 300 168 72 7200 17.6 18.6 18.06 0.03
22500.0 376 46.75 0.16 8482 1171.02 0.36 16497 3263.58 0.27 413078 278666.62 21.38 370 64.02 0.27 8416 5093.2 21.38 7 3 300 175 75 7500 17.6 18.6 18.06 0.03
23400.0 354 47.39 0.36 8836 1218.41 0.36 16464 3269.19 0.27 429542 281935.81 21.38 350 64.14 0.27 8766 5157.34 21.38 7 3 300 182 78 7800 17.6 18.6 18.06 0.03
24300.0 310 46.61 0.16 9146 1265.02 0.36 16421 3274.91 0.27 445963 285210.71 21.38 310 64.2 0.27 9076 5221.54 21.38 7 3 300 189 81 8100 17.5 18.6 18.05 0.03
25200.0 310 46.61 0.16 9456 1311.64 0.36 16428 3274.96 0.27 462391 288485.67 21.38 310 64.2 0.27 9386 5285.74 21.38 7 3 300 196 84 8400 17.5 18.6 18.03 0.03
26100.0 376 46.76 0.16 9832 1358.39 0.36 16487 3274.94 0.27 478878 291760.61 21.38 370 64.23 0.27 9756 5349.97 21.38 7 3 300 203 87 8700 17.5 18.6 18.02 0.03
27000.0 354 47.39 0.36 10186 1405.79 0.36 16460 3275.0 0.27 495338 295035.61 21.38 350 64.25 0.27 10106 5414.22 21.38 7 3 300 210 90 9000 17.5 18.6 18.02 0.03
27900.0 310 46.61 0.16 10496 1452.4 0.36 16430 3268.82 0.27 511768 298304.43 21.38 310 64.09 0.27 10416 5478.31 21.38 7 3 300 217 93 9300 17.5 18.6 18.0 0.03
28800.0 310 46.61 0.16 10806 1499.01 0.36 16437 3268.86 0.27 528205 301573.29 21.38 310 64.09 0.27 10726 5542.4 21.38 7 3 300 224 96 9600 17.5 18.6 17.99 0.03
29700.0 376 46.75 0.16 11182 1545.76 0.36 16495 3268.85 0.27 544700 304842.14 21.38 370 64.12 0.27 11096 5606.51 21.38 7 3 300 231 99 9900 17.5 18.6 17.99 0.03
30600.0 354 47.39 0.36 11536 1593.15 0.36 16458 3268.91 0.27 561158 308111.05 21.38 350 64.13 0.27 11446 5670.64 21.38 7 3 300 238 102 10200 17.5 18.6 17.99 0.03
31500.0 310 46.61 0.16 11846 1639.76 0.36 16425 3274.9 0.27 577583 311385.95 21.38 310 64.2 0.27 11756 5734.85 21.38 7 3 300 245 105 10500 17.4 18.6 17.96 0.03
32400.0 310 46.61 0.16 12156 1686.38 0.36 16431 3274.96 0.27 594014 314660.9 21.38 310 64.2 0.27 12066 5799.05 21.38 7 3 300 252 108 10800 17.4 18.5 17.95 0.03
33300.0 376 46.76 0.16 12532 1733.13 0.36 16491 3274.94 0.27 610505 317935.84 21.38 370 64.23 0.27 12436 5863.28 21.38 7 3 300 259 111 11100 17.4 18.5 17.95 0.03
34200.0 354 47.39 0.36 12886 1780.53 0.36 16456 3275.0 0.27 626961 321210.84 21.38 350 64.25 0.27 12786 5927.53 21.38 7 3 300 266 114 11400 17.4 18.5 17.95 0.03
35100.0 310 46.61 0.16 13196 1827.14 0.36 16420 3274.91 0.27 643381 324485.74 21.38 310 64.2 0.27 13096 5991.73 21.38 7 3 300 273 117 11700 17.4 18.5 17.93 0.03
36000.0 310 46.61 0.16 13506 1873.75 0.36 16434 3274.96 0.27 659815 327760.7 21.38 310 64.2 0.27 13406 6055.93 21.38 7 3 300 280 120 12000 17.4 18.5 17.91 0.03
36900.0 376 46.76 0.16 13882 1920.51 0.36 16494 3274.94 0.27 676309 331035.64 21.38 370 64.23 0.27 13776 6120.17 21.38 7 3 300 287 123 12300 17.4 18.5 17.91 0.03
37800.0 354 47.38 0.36 14236 1967.9 0.36 16457 3264.76 0.27 692766 334300.39 21.38 350 64.05 0.27 14126 6184.22 21.38 7 3 300 294 126 12600 17.4 18.5 17.91 0.03
38700.0 310 46.61 0.16 14546 2014.5 0.36 16410 3264.66 0.27 709176 337565.05 21.38 310 64.01 0.27 14436 6248.23 21.38 7 3 300 301 129 12900 17.3 18.5 17.89 0.03
39600.0 310 46.61 0.16 14856 2061.11 0.36 16426 3264.71 0.27 725602 340829.77 21.38 310 64.01 0.27 14746 6312.24 21.38 7 3 300 308 132 13200 17.3 18.5 17.88 0.04
40500.0 376 46.75 0.16 15232 2107.86 0.36 16483 3264.69 0.27 742085 344094.46 21.38 370 64.04 0.27 15116 6376.28 21.38 7 3 300 315 135 13500 17.3 18.5 17.87 0.04
41400.0 354 47.39 0.36 15586 2155.25 0.36 16456 3275.0 0.27 758541 347369.45 21.38 350 64.25 0.27 15466 6440.52 21.38 7 3 300 322 138 13800 17.3 18.5 17.87 0.04
42300.0 310 46.61 0.16 15896 2201.86 0.36 16421 3269.1 0.27 774962 350638.55 21.38 310 64.09 0.27 15776 6504.61 21.38 7 3 300 329 141 14100 17.3 18.5 17.85 0.04
43200.0 310 46.61 0.16 16206 2248.47 0.36 16431 3269.15 0.27 791393 353907.7 21.38 310 64.09 0.27 16086 6568.71 21.38 7 3 300 336 144 14400 17.3 18.4 17.83 0.05
44100.0 376 46.75 0.16 16582 2295.23 0.36 16491 3269.13 0.27 807884 357176.83 21.38 370 64.12 0.27 16456 6632.83 21.38 7 3 300 343 147 14700 17.2 18.4 17.83 0.05
45000.0 354 47.39 0.36 16936 2342.61 0.36 16450 3269.19 0.27 824334 360446.02 21.38 350 64.14 0.27 16806 6696.97 21.38 7 3 300 350 150 15000 17.2 18.4 17.83 0.05
45900.0 310 46.61 0.16 17246 2389.23 0.36 16414 3268.37 0.27 840748 363714.39 21.38 310 64.08 0.27 17116 6761.05 21.38 7 3 300 357 153 15300 17.2 18.5 17.81 0.05
46800.0 310 46.61 0.16 17556 2435.84 0.36 16425 3268.42 0.27 857173 366982.81 21.38 310 64.08 0.27 17426 6825.13 21.38 7 3 300 364 156 15600 17.2 18.5 17.8 0.06
47700.0 376 46.75 0.16 17932 2482.59 0.36 16485 3268.41 0.27 873658 370251.22 21.38 370 64.11 0.27 17796 6889.24 21.38 7 3 300 371 159 15900 17.2 18.5 17.8 0.06
48600.0 354 47.39 0.36 18286 2529.98 0.36 16444 3268.46 0.27 890102 373519.69 21.38 350 64.12 0.27 18146 6953.36 21.38 7 3 300 378 162 16200 17.2 18.5 17.8 0.06
49500.0 310 46.61 0.16 18596 2576.59 0.36 16415 3274.91 0.27 906517 376794.59 21.38 310 64.2 0.27 18456 7017.56 21.38 7 3 300 385 165 16500 17.1 18.5 17.77 0.06
50400.0 310 46.61 0.16 18906 2623.21 0.36 16435 3274.96 0.27 922952 380069.55 21.38 310 64.2 0.27 18766 7081.76 21.38 7 3 300 392 168 16800 17.1 18.5 17.75 0.07
51300.0 376 46.76 0.16 19282 2669.96 0.36 16495 3274.94 0.27 939447 383344.48 21.38 370 64.23 0.27 19136 7146.0 21.38 7 3 300 399 171 17100 17.1 18.5 17.75 0.07
52200.0 354 47.39 0.36 19636 2717.35 0.36 16452 3275.0 0.27 955899 386619.48 21.38 350 64.25 0.27 19486 7210.24 21.38 7 3 300 406 174 17400 17.1 18.5 17.75 0.07
53100.0 310 46.61 0.16 19946 2763.97 0.36 16398 3274.9 0.27 972297 389894.39 21.38 310 64.2 0.27 19796 7274.44 21.38 7 3 300 413 177 17700 17.1 18.6 17.74 0.07
54000.0 310 46.61 0.16 20256 2810.58 0.36 16404 3274.96 0.27 988701 393169.34 21.38 310 64.2 0.27 20106 7338.65 21.38 7 3 300 420 180 18000 17.1 18.6 17.73 0.08
54900.0 376 46.76 0.16 20632 2857.34 0.36 16464 3274.94 0.27 1005165 396444.28 21.38 370 64.23 0.27 20476 7402.88 21.38 7 3 300 427 183 18300 17.1 18.6 17.73 0.08
55800.0 354 47.39 0.36 20986 2904.73 0.36 16439 3275.0 0.27 1021604 399719.28 21.38 350 64.25 0.27 20826 7467.13 21.38 7 3 300 434 186 18600 17.1 18.6 17.73 0.08
56700.0 310 46.61 0.16 21296 2951.35 0.36 16414 3274.91 0.27 1038018 402994.18 21.38 310 64.2 0.27 21136 7531.33 21.38 7 3 300 441 189 18900 17.1 18.6 17.71 0.08
57600.0 310 46.61 0.16 21606 2997.96 0.36 16425 3274.96 0.27 1054443 406269.14 21.38 310 64.2 0.27 21446 7595.53 21.38 7 3 300 448 192 19200 17.1 18.6 17.69 0.09
58500.0 376 46.76 0.16 21982 3044.72 0.36 16484 3274.94 0.27 1070927 409544.08 21.38 370 64.23 0.27 21816 7659.77 21.38 7 3 300 455 195 19500 17.1 18.6 17.69 0.09
59400.0 354 47.39 0.36 22336 3092.11 0.36 16433 3270.82 0.27 1087360 412814.9 21.38 350 64.17 0.27 22166 7723.93 21.38 7 3 300 462 198 19800 17.1 18.6 17.69 0.09
60300.0 310 46.61 0.16 22646 3138.72 0.36 16400 3270.73 0.27 1103760 416085.63 21.38 310 64.12 0.27 22476 7788.05 21.38 7 3 300 469 201 20100 17.0 18.6 17.68 0.1
61200.0 310 46.61 0.16 22956 3185.33 0.36 16413 3270.78 0.27 1120173 419356.41 21.38 310 64.13 0.27 22786 7852.18 21.38 7 3 300 476 204 20400 17.0 18.6 17.66 0.1
62100.0 376 46.75 0.16 23332 3232.08 0.36 16470 3270.76 0.27 1136643 422627.17 21.38 370 64.15 0.27 23156 7916.33 21.38 7 3 300 483 207 20700 17.0 18.6 17.66 0.1
63000.0 354 47.38 0.36 23686 3279.46 0.36 16433 3256.76 0.27 1153076 425883.93 21.38 350 63.9 0.27 23506 7980.24 21.38 7 3 300 490 210 21000 17.0 18.6 17.66 0.1
63900.0 310 46.6 0.16 23996 3326.06 0.36 16393 3251.35 0.27 1169469 429135.28 21.38 310 63.76 0.27 23816 8044.0 21.38 7 3 300 497 213 21300 17.0 18.6 17.65 0.11
64800.0 310 46.6 0.16 24306 3372.66 0.36 16398 3251.39 0.27 1185867 432386.67 21.38 310 63.76 0.27 24126 8107.76 21.38 7 3 300 504 216 21600 17.0 18.6 17.64 0.11
65700.0 376 46.74 0.16 24682 3419.4 0.36 16458 3251.38 0.27 1202325 435638.04 21.38 370 63.79 0.27 24496 8171.55 21.38 7 3 300 511 219 21900 17.0 18.6 17.64 0.11
66600.0 354 47.38 0.36 25036 3466.77 0.36 16424 3250.21 0.27 1218749 438888.25 21.38 350 63.78 0.27 24846 8235.33 21.38 7 3 300 518 222 22200 17.0 18.6 17.64 0.11
67500.0 310 46.59 0.16 25346 3513.37 0.36 16390 3243.86 0.27 1235139 442132.11 21.38 310 63.62 0.27 25156 8298.95 21.38 7 3 300 525 225 22500 17.0 18.7 17.63 0.11
68400.0 310 46.59 0.16 25656 3559.96 0.36 16392 3243.9 0.27 1251531 445376.01 21.38 310 63.62 0.27 25466 8362.57 21.38 7 3 300 532 228 22800 17.0 18.7 17.63 0.11
69300.0 376 46.74 0.16 26032 3606.7 0.36 16451 3243.89 0.27 1267982 448619.9 21.38 370 63.65 0.27 25836 8426.23 21.38 7 3 300 539 231 23100 17.0 18.7 17.63 0.11
70200.0 354 47.38 0.36 26386 3654.08 0.36 16409 3250.41 0.27 1284391 451870.31 21.38 350 63.78 0.27 26186 8490.01 21.38 7 3 300 546 234 23400 17.0 18.7 17.63 0.11
71100.0 310 46.6 0.16 26696 3700.67 0.36 16380 3251.06 0.27 1300771 455121.37 21.38 310 63.75 0.27 26496 8553.77 21.38 7 3 300 553 237 23700 17.0 18.7 17.63 0.12
72000.0 310 46.6 0.16 27006 3747.27 0.36 16389 3251.08 0.27 1317160 458372.45 21.38 310 63.76 0.27 26806 8617.52 21.38 7 3 300 560 240 24000 17.0 18.7 17.61 0.12
72900.0 376 46.74 0.16 27382 3794.01 0.36 16448 3251.09 0.27 1333608 461623.54 21.38 370 63.79 0.27 27176 8681.31 21.38 7 3 300 567 243 24300 17.0 18.7 17.61 0.12
73800.0 354 47.38 0.36 27736 3841.39 0.36 16416 3251.13 0.27 1350024 464874.66 21.38 350 63.8 0.27 27526 8745.11 21.38 7 3 300 574 246 24600 17.0 18.7 17.61 0.12
74700.0 310 46.6 0.16 28046 3887.99 0.36 16377 3256.88 0.27 1366401 468131.54 21.38 310 63.86 0.27 27836 8808.97 21.38 7 3 300 581 249 24900 17.0 18.7 17.6 0.12
75600.0 310 46.6 0.16 28356 3934.59 0.36 16375 3256.91 0.27 1382776 471388.46 21.38 310 63.87 0.27 28146 8872.84 21.38 7 3 300 588 252 25200 17.0 18.7 17.6 0.12
76500.0 376 46.75 0.16 28732 3981.34 0.36 16435 3256.91 0.27 1399211 474645.37 21.38 370 63.9 0.27 28516 8936.73 21.38 7 3 300 595 255 25500 17.0 18.7 17.6 0.12
77400.0 354 47.38 0.36 29086 4028.71 0.36 16405 3251.43 0.27 1415616 477896.79 21.38 350 63.8 0.27 28866 9000.54 21.38 7 3 300 602 258 25800 17.0 18.7 17.6 0.12
78300.0 310 46.6 0.16 29396 4075.31 0.36 16369 3251.34 0.27 1431985 481148.14 21.38 310 63.76 0.27 29176 9064.3 21.38 7 3 300 609 261 26100 17.0 18.6 17.6 0.12
79200.0 310 46.6 0.16 29706 4121.91 0.36 16372 3251.38 0.27 1448357 484399.52 21.38 310 63.76 0.27 29486 9128.06 21.38 7 3 300 616 264 26400 17.0 18.6 17.59 0.12
80100.0 376 46.74 0.16 30082 4168.65 0.36 16432 3251.38 0.27 1464789 487650.9 21.38 370 63.79 0.27 29856 9191.85 21.38 7 3 300 623 267 26700 17.0 18.6 17.59 0.12
81000.0 354 47.38 0.36 30436 4216.03 0.36 16401 3254.63 0.27 1481190 490905.53 21.38 350 63.86 0.27 30206 9255.72 21.38 7 3 300 630 270 27000 17.0 18.6 17.59 0.12
81900.0 310 46.61 0.16 30746 4262.63 0.36 16362 3260.07 0.27 1497552 494165.6 21.38 310 63.92 0.27 30516 9319.64 21.38 7 3 300 637 273 27300 17.0 18.6 17.59 0.12
82800.0 310 46.61 0.16 31056 4309.24 0.36 16366 3260.13 0.27 1513918 497425.73 21.38 310 63.93 0.27 30826 9383.56 21.38 7 3 300 644 276 27600 17.0 18.6 17.59 0.11
83700.0 376 46.75 0.16 31432 4355.99 0.36 16424 3260.1 0.27 1530342 500685.84 21.38 370 63.96 0.27 31196 9447.52 21.38 7 3 300 651 279 27900 17.0 18.6 17.59 0.11
84600.0 354 47.38 0.36 31786 4403.37 0.36 16397 3260.17 0.27 1546739 503946.01 21.38 350 63.97 0.27 31546 9511.49 21.38 7 3 300 658 282 28200 17.0 18.6 17.59 0.11
85500.0 310 46.6 0.16 32096 4449.97 0.36 16363 3253.65 0.27 1563102 507199.66 21.38 310 63.8 0.27 31856 9575.29 21.38 7 3 300 665 285 28500 17.0 18.6 17.59 0.11
86400.0 310 46.6 0.16 32406 4496.57 0.36 16361 3253.7 0.27 1579463 510453.35 21.38 310 63.8 0.27 32166 9639.1 21.38 7 3 300 672 288 28800 17.0 18.6 17.59 0.11
87300.0 376 46.74 0.16 32782 4543.31 0.36 16421 3253.68 0.27 1595884 513707.03 21.38 370 63.83 0.27 32536 9702.93 21.38 7 3 300 679 291 29100 17.0 18.6 17.59 0.11
88200.0 354 47.39 0.36 33136 4590.7 0.36 16391 3268.46 0.27 1612275 516975.49 21.38 350 64.12 0.27 32886 9767.05 21.38 7 3 300 686 294 29400 17.0 18.6 17.59 0.11
89100.0 310 46.61 0.16 33446 4637.32 0.36 16399 3274.9 0.27 1628674 520250.39 21.38 310 64.2 0.27 33196 9831.25 21.38 7 3 300 693 297 29700 17.1 18.5 17.61 0.07
90000.0 310 46.61 0.16 33756 4683.93 0.36 16450 3274.96 0.27 1645124 523525.35 21.38 310 64.2 0.27 33506 9895.46 21.38 7 3 300 700 300 30000 17.1 18.5 17.68 0.05
90900.0 376 46.76 0.16 34132 4730.69 0.36 16509 3274.94 0.27 1661633 526800.29 21.38 370 64.23 0.27 33876 9959.69 21.38 7 3 300 707 303 30300 17.1 18.5 17.68 0.05
91800.0 354 47.38 0.36 34486 4778.07 0.36 16466 3254.41 0.27 1678099 530054.7 21.38 350 63.86 0.27 34226 10023.55 21.38 7 3 300 714 306 30600 17.1 18.5 17.68 0.05
92700.0 310 46.59 0.16 34796 4824.66 0.36 16472 3242.27 0.27 1694571 533296.97 21.38 310 63.59 0.27 34536 10087.14 21.38 7 3 300 721 309 30900 17.1 23.8 19.25 2.18
93600.0 310 46.59 0.16 35106 4871.25 0.36 16477 3242.31 0.27 1711048 536539.28 21.38 310 63.59 0.27 34846 10150.73 21.38 7 3 300 728 312 31200 17.1 23.8 20.47 4.65
94500.0 376 46.74 0.16 35482 4917.99 0.36 16534 3242.29 0.27 1727582 539781.57 21.38 370 63.62 0.27 35216 10214.36 21.38 7 3 300 735 315 31500 17.1 23.8 20.49 4.66
95400.0 354 47.37 0.36 35836 4965.36 0.36 16509 3242.35 0.27 1744091 543023.92 21.38 350 63.63 0.27 35566 10277.99 21.38 7 3 300 742 318 31800 17.1 23.8 20.49 4.66
96300.0 310 46.59 0.16 36146 5011.95 0.36 16474 3242.26 0.27 1760565 546266.18 21.38 310 63.59 0.27 35876 10341.58 21.38 7 3 300 749 321 32100 17.1 24.0 20.9 4.55
97200.0 310 46.59 0.16 36456 5058.55 0.36 16474 3242.31 0.27 1777039 549508.49 21.38 310 63.59 0.27 36186 10405.17 21.38 7 3 300 756 324 32400 17.4 24.0 21.02 4.64
98100.0 376 46.74 0.16 36832 5105.28 0.36 16527 3242.29 0.27 1793566 552750.78 21.38 370 63.62 0.27 36556 10468.8 21.38 7 3 300 763 327 32700 17.4 24.0 21.02 4.64
99000.0 354 47.36 0.36 37186 5152.65 0.36 16502 3233.47 0.27 1810068 555984.26 21.38 350 63.47 0.27 36906 10532.26 21.38 7 3 300 770 330 33000 17.4 24.0 21.02 4.64
99900.0 310 46.59 0.16 37496 5199.23 0.36 16470 3233.4 0.27 1826538 559217.66 21.38 310 63.43 0.27 37216 10595.69 21.38 7 3 300 777 333 33300 17.5 24.0 21.33 3.94
100800.0 310 46.59 0.16 37806 5245.82 0.36 16466 3233.43 0.27 1843004 562451.09 21.38 310 63.42 0.27 37526 10659.11 21.38 7 3 300 784 336 33600 17.8 24.0 21.4 3.87
101700.0 376 46.73 0.16 38182 5292.55 0.36 16526 3233.43 0.27 1859530 565684.52 21.38 370 63.46 0.27 37896 10722.57 21.38 7 3 300 791 339 33900 17.8 24.0 21.4 3.87
102600.0 354 47.36 0.36 38536 5339.91 0.36 16502 3230.88 0.27 1876032 568915.39 21.38 350 63.42 0.27 38246 10785.99 21.38 7 3 300 798 342 34200 17.8 24.0 21.4 3.87
103500.0 310 46.59 0.16 38846 5386.5 0.36 16466 3230.78 0.27 1892498 572146.17 21.38 310 63.38 0.27 38556 10849.37 21.38 7 3 300 805 345 34500 18.0 24.0 21.63 3.14
104400.0 310 46.59 0.16 39156 5433.09 0.36 16465 3230.83 0.27 1908963 575377.0 21.38 310 63.38 0.27 38866 10912.74 21.38 7 3 300 812 348 34800 18.5 24.0 21.7 3.06
105300.0 376 46.73 0.16 39532 5479.81 0.36 16524 3230.81 0.27 1925487 578607.81 21.38 370 63.41 0.27 39236 10976.15 21.38 7 3 300 819 351 35100 18.5 24.0 21.7 3.06
106200.0 354 47.36 0.36 39886 5527.17 0.36 16500 3221.5 0.26 1941987 581829.31 21.38 350 63.26 0.26 39586 11039.41 21.38 7 3 300 826 354 35400 18.5 24.0 21.7 3.06
107100.0 310 46.57 0.16 40196 5573.74 0.36 16463 3216.02 0.26 1958450 585045.33 21.38 310 63.11 0.26 39896 11102.52 21.38 7 3 300 833 357 35700 18.8 24.0 21.7 2.83
108000.0 310 46.57 0.16 40506 5620.32 0.36 16462 3215.95 0.26 1974912 588261.28 21.38 310 63.11 0.26 40206 11165.63 21.38 7 3 300 840 360 36000 18.9 24.0 21.7 2.81
108900.0 376 46.72 0.16 40882 5667.04 0.36 16518 3216.05 0.26 1991430 591477.33 21.38 370 63.15 0.26 40576 11228.77 21.38 7 3 300 847 363 36300 18.9 24.0 21.7 2.81
109800.0 354 47.35 0.36 41236 5714.39 0.36 16494 3215.99 0.26 2007924 594693.31 21.38 350 63.15 0.26 40926 11291.92 21.38 7 3 300 854 366 36600 18.9 24.0 21.7 2.81
110700.0 310 46.57 0.16 41546 5760.96 0.36 16454 3216.02 0.26 2024378 597909.33 21.38 310 63.11 0.26 41236 11355.04 21.38 7 3 300 861 369 36900 18.9 24.0 21.59 2.75
111600.0 310 46.57 0.16 41856 5807.54 0.36 16451 3215.95 0.26 2040829 601125.28 21.38 310 63.11 0.26 41546 11418.15 21.38 7 3 300 868 372 37200 18.9 24.0 21.53 2.63
112500.0 376 46.72 0.16 42232 5854.25 0.36 16510 3216.05 0.26 2057339 604341.33 21.38 370 63.15 0.26 41916 11481.29 21.38 7 3 300 875 375 37500 18.9 23.9 21.53 2.62
113400.0 354 47.35 0.36 42586 5901.61 0.36 16487 3215.99 0.26 2073826 607557.32 21.38 350 63.15 0.26 42266 11544.44 21.38 7 3 300 882 378 37800 18.9 23.9 21.53 2.62
114300.0 310 46.57 0.16 42896 5948.18 0.36 16448 3216.02 0.26 2090274 610773.33 21.38 310 63.11 0.26 42576 11607.55 21.38 7 3 300 889 381 38100 18.9 23.8 23.25 0.31
115200.0 310 46.57 0.16 43206 5994.75 0.36 16448 3215.95 0.26 2106722 613989.28 21.38 310 63.11 0.26 42886 11670.66 21.38 7 3 300 896 384 38400 22.6 24.0 23.49 0.04
116100.0 376 46.72 0.16 43582 6041.47 0.36 16507 3216.05 0.26 2123229 617205.33 21.38 370 63.15 0.26 43256 11733.81 21.38 7 3 300 903 387 38700 22.6 24.0 23.49 0.04
117000.0 354 47.35 0.36 43936 6088.82 0.36 16487 3215.99 0.26 2139716 620421.32 21.38 350 63.15 0.26 43606 11796.96 21.38 7 3 300 910 390 39000 22.6 24.0 23.49 0.04
117900.0 310 46.57 0.16 44246 6135.4 0.36 16447 3216.02 0.26 2156163 623637.34 21.38 310 63.11 0.26 43916 11860.07 21.38 7 3 300 917 393 39300 22.7 24.0 23.55 0.02
118800.0 310 46.57 0.16 44556 6181.97 0.36 16447 3215.95 0.26 2172610 626853.28 21.38 310 63.11 0.26 44226 11923.18 21.38 7 3 300 924 396 39600 22.7 24.0 23.59 0.02
119700.0 376 46.72 0.16 44932 6228.69 0.36 16502 3216.05 0.26 2189112 630069.33 21.38 370 63.15 0.26 44596 11986.33 21.38 7 3 300 931 399 39900 22.7 24.0 23.59 0.02
120600.0 354 47.35 0.36 45286 6276.04 0.36 16482 3215.99 0.26 2205594 633285.32 21.38 350 63.15 0.26 44946 12049.48 21.38 7 3 300 938 402 40200 22.7 24.0 23.59 0.02
121500.0 310 46.57 0.16 45596 6322.62 0.36 16441 3216.02 0.26 2222035 636501.34 21.38 310 63.11 0.26 45256 12112.59 21.38 7 3 300 945 405 40500 22.8 24.0 23.63 0.01
122400.0 310 46.57 0.16 45906 6369.19 0.36 16440 3215.95 0.26 2238475 639717.29 21.38 310 63.11 0.26 45566 12175.7 21.38 7 3 300 952 408 40800 22.8 24.0 23.66 0.01
123300.0 376 46.72 0.16 46282 6415.91 0.36 16500 3216.05 0.26 2254975 642933.34 21.38 370 63.15 0.26 45936 12238.84 21.38 7 3 300 959 411 41100 22.8 24.0 23.66 0.01
124200.0 354 47.35 0.36 46636 6463.26 0.36 16479 3215.99 0.26 2271454 646149.32 21.38 350 63.15 0.26 46286 12301.99 21.38 7 3 300 966 414 41400 22.8 24.0 23.66 0.01
125100.0 310 46.57 0.16 46946 6509.83 0.36 16436 3216.02 0.26 2287890 649365.34 21.38 310 63.11 0.26 46596 12365.11 21.38 7 3 300 973 417 41700 22.9 24.0 23.69 0.01
126000.0 310 46.57 0.16 47256 6556.41 0.36 16434 3215.95 0.26 2304324 652581.29 21.38 310 63.11 0.26 46906 12428.21 21.38 7 3 300 980 420 42000 22.9 24.0 23.72 0.01
126900.0 376 46.72 0.16 47632 6603.13 0.36 16493 3216.05 0.26 2320817 655797.34 21.38 370 63.15 0.26 47276 12491.36 21.38 7 3 300 987 423 42300 22.9 24.0 23.72 0.01
127800.0 354 47.35 0.36 47986 6650.48 0.36 16471 3215.99 0.26 2337288 659013.32 21.38 350 63.15 0.26 47626 12554.51 21.38 7 3 300 994 426 42600 22.9 24.0 23.72 0.01
128700.0 310 46.57 0.16 48296 6697.05 0.36 16431 3216.02 0.26 2353719 662229.34 21.38 310 63.11 0.26 47936 12617.62 21.38 7 3 300 1001 429 42900 23.1 24.0 23.75 0.01
129600.0 310 46.57 0.16 48606 6743.63 0.36 16430 3215.95 0.26 2370149 665445.29 21.38 310 63.11 0.26 48246 12680.73 21.38 7 3 300 1008 432 43200 23.1 24.0 23.77 0.01
130500.0 376 46.72 0.16 48982 6790.34 0.36 16486 3216.05 0.26 2386635 668661.34 21.38 370 63.15 0.26 48616 12743.88 21.38 7 3 300 1015 435 43500 23.1 24.0 23.77 0.01
131400.0 354 47.35 0.36 49336 6837.7 0.36 16466 3215.99 0.26 2403101 671877.33 21.38 350 63.15 0.26 48966 12807.03 21.38 7 3 300 1022 438 43800 23.1 24.0 23.77 0.01
132300.0 310 46.57 0.16 49646 6884.27 0.36 16426 3216.02 0.26 2419527 675093.34 21.38 310 63.11 0.26 49276 12870.14 21.38 7 3 300 1029 441 44100 23.2 24.0 23.79 0.01
133200.0 310 46.57 0.16 49956 6930.84 0.36 16425 3215.95 0.26 2435952 678309.29 21.38 310 63.11 0.26 49586 12933.25 21.38 7 3 300 1036 444 44400 23.2 24.0 23.81 0.01
134100.0 376 46.72 0.16 50332 6977.56 0.36 16483 3216.05 0.26 2452435 681525.34 21.38 370 63.15 0.26 49956 12996.39 21.38 7 3 300 1043 447 44700 23.2 24.0 23.81 0.01
135000.0 354 47.35 0.36 50686 7024.91 0.36 16463 3215.99 0.26 2468898 684741.33 21.38 350 63.15 0.26 50306 13059.54 21.38 7 3 300 1050 450 45000 23.2 24.0 23.81 0.01
135900.0 310 46.57 0.16 50996 7071.49 0.36 16421 3216.02 0.26 2485319 687957.34 21.38 310 63.11 0.26 50616 13122.66 21.38 7 3 300 1057 453 45300 23.3 24.0 23.83 0.01
136800.0 310 46.57 0.16 51306 7118.06 0.36 16419 3215.95 0.26 2501738 691173.29 21.38 310 63.11 0.26 50926 13185.76 21.38 7 3 300 1064 456 45600 23.3 24.0 23.84 0.01
137700.0 376 46.72 0.16 51682 7164.78 0.36 16478 3216.05 0.26 2518216 694389.34 21.38 370 63.15 0.26 51296 13248.91 21.38 7 3 300 1071 459 45900 23.3 24.0 23.84 0.01
138600.0 354 47.35 0.36 52036 7212.13 0.36 16456 3215.99 0.26 2534672 697605.33 21.38 350 63.15 0.26 51646 13312.06 21.38 7 3 300 1078 462 46200 23.3 24.0 23.84 0.01
139500.0 310 46.57 0.16 52346 7258.71 0.36 16416 3216.02 0.26 2551088 700821.34 21.38 310 63.11 0.26 51956 13375.17 21.38 7 3 300 1085 465 46500 23.4 24.0 23.85 0.01
140400.0 310 46.57 0.16 52656 7305.28 0.36 16415 3215.95 0.26 2567503 704037.29 21.38 310 63.11 0.26 52266 13438.28 21.38 7 3 300 1092 468 46800 23.4 24.0 23.86 0.01
141300.0 376 46.72 0.16 53032 7352.0 0.36 16473 3216.05 0.26 2583976 707253.34 21.38 370 63.15 0.26 52636 13501.43 21.38 7 3 300 1099 471 47100 23.4 24.0 23.86 0.01
142200.0 354 47.35 0.36 53386 7399.35 0.36 16453 3215.99 0.26 2600429 710469.33 21.38 350 63.15 0.26 52986 13564.58 21.38 7 3 300 1106 474 47400 23.4 24.0 23.86 0.01
143100.0 310 46.57 0.16 53696 7445.92 0.36 16413 3216.02 0.26 2616842 713685.35 21.38 310 63.11 0.26 53296 13627.69 21.38 7 3 300 1113 477 47700 23.5 24.0 23.88 0.01
144000.0 310 46.57 0.16 54006 7492.5 0.36 16412 3215.95 0.26 2633254 716901.29 21.38 310 63.11 0.26 53606 13690.8 21.38 7 3 300 1120 480 48000 23.5 24.0 23.88 0.01
144900.0 376 46.72 0.16 54382 7539.22 0.36 16471 3216.05 0.26 2649725 720117.34 21.38 370 63.15 0.26 53976 13753.94 21.38 7 3 300 1127 483 48300 23.5 24.0 23.88 0.01
145800.0 354 47.35 0.36 54736 7586.57 0.36 16450 3215.99 0.26 2666175 723333.33 21.38 350 63.15 0.26 54326 13817.09 21.38 7 3 300 1134 486 48600 23.5 24.0 23.88 0.01
146700.0 310 46.57 0.16 55046 7633.14 0.36 16409 3216.02 0.26 2682584 726549.35 21.38 310 63.11 0.26 54636 13880.21 21.38 7 3 300 1141 489 48900 23.6 24.0 23.89 0.01
147600.0 310 46.57 0.16 55356 7679.72 0.36 16409 3215.95 0.26 2698993 729765.29 21.38 310 63.11 0.26 54946 13943.32 21.38 7 3 300 1148 492 49200 23.6 24.0 23.89 0.01
148500.0 376 46.72 0.16 55732 7726.43 0.36 16469 3216.05 0.26 2715462 732981.34 21.38 370 63.15 0.26 55316 14006.46 21.38 7 3 300 1155 495 49500 23.6 24.0 23.89 0.01
149400.0 354 47.35 0.36 56086 7773.79 0.36 16448 3215.99 0.26 2731910 736197.33 21.38 350 63.15 0.26 55666 14069.61 21.38 7 3 300 1162 498 49800 23.6 24.0 23.89 0.01
150300.0 310 46.57 0.16 56396 7820.36 0.36 16408 3216.02 0.26 2748318 739413.35 21.38 310 63.11 0.26 55976 14132.72 21.38 7 3 300 1169 501 50100 23.7 24.0 23.89 0.01
151200.0 310 46.57 0.16 56706 7866.93 0.36 16406 3215.95 0.26 2764724 742629.29 21.38 310 63.11 0.26 56286 14195.83 21.38 7 3 300 1176 504 50400 23.7 24.0 23.9 0.01
152100.0 376 46.72 0.16 57082 7913.65 0.36 16464 3216.05 0.26 2781188 745845.34 21.38 370 63.15 0.26 56656 14258.98 21.38 7 3 300 1183 507 50700 23.7 24.0 23.9 0.01
153000.0 354 47.35 0.36 57436 7961.0 0.36 16444 3215.99 0.26 2797632 749061.33 21.38 350 63.15 0.26 57006 14322.13 21.38 7 3 300 1190 510 51000 23.7 24.0 23.9 0.01
153900.0 310 46.57 0.16 57746 8007.58 0.36 16401 3216.02 0.26 2814033 752277.35 21.38 310 63.11 0.26 57316 14385.24 21.38 7 3 300 1197 513 51300 23.6 24.0 23.89 0.01
154800.0 310 46.57 0.16 58056 8054.15 0.36 16400 3215.95 0.26 2830433 755493.29 21.38 310 63.11 0.26 57626 14448.35 21.38 7 3 300 1204 516 51600 23.6 24.0 23.89 0.01
155700.0 376 46.72 0.16 58432 8100.87 0.36 16460 3216.05 0.26 2846893 758709.34 21.38 370 63.15 0.26 57996 14511.49 21.38 7 3 300 1211 519 51900 23.6 24.0 23.89 0.01
156600.0 354 47.35 0.36 58786 8148.22 0.36 16440 3215.99 0.26 2863333 761925.33 21.38 350 63.15 0.26 58346 14574.64 21.38 7 3 300 1218 522 52200 23.6 24.0 23.89 0.01
157500.0 310 46.57 0.16 59096 8194.8 0.36 16397 3216.02 0.26 2879730 765141.35 21.38 310 63.11 0.26 58656 14637.76 21.38 7 3 300 1225 525 52500 23.5 24.0 23.88 0.01
158400.0 310 46.57 0.16 59406 8241.37 0.36 16397 3215.95 0.26 2896127 768357.29 21.38 310 63.11 0.26 58966 14700.87 21.38 7 3 300 1232 528 52800 23.5 24.0 23.88 0.01
159300.0 376 46.72 0.16 59782 8288.09 0.36 16455 3216.05 0.26 2912582 771573.34 21.38 370 63.15 0.26 59336 14764.01 21.38 7 3 300 1239 531 53100 23.5 24.0 23.88 0.01
160200.0 354 47.35 0.36 60136 8335.44 0.36 16434 3215.99 0.26 2929016 774789.33 21.38 350 63.15 0.26 59686 14827.16 21.38 7 3 300 1246 534 53400 23.5 24.0 23.88 0.01
161100.0 310 46.57 0.16 60446 8382.01 0.36 16394 3216.02 0.26 2945410 778005.34 21.38 310 63.11 0.26 59996 14890.27 21.38 7 3 300 1253 537 53700 23.4 24.0 23.85 0.01
162000.0 310 46.57 0.16 60756 8428.59 0.36 16394 3215.95 0.26 2961804 781221.29 21.38 310 63.11 0.26 60306 14953.38 21.38 7 3 300 1260 540 54000 23.4 24.0 23.85 0.01
162900.0 376 46.71 0.16 61132 8475.3 0.36 16452 3216.05 0.26 2978256 784437.34 21.38 370 63.15 0.26 60676 15016.53 21.38 7 3 300 1267 543 54300 23.4 24.0 23.85 0.01
163800.0 354 47.35 0.36 61486 8522.65 0.36 16432 3215.99 0.26 2994688 787653.33 21.38 350 63.15 0.26 61026 15079.68 21.38 7 3 300 1274 546 54600 23.4 24.0 23.85 0.01
164700.0 310 46.57 0.16 61796 8569.23 0.36 16390 3216.02 0.26 3011078 790869.34 21.38 310 63.11 0.26 61336 15142.79 21.38 7 3 300 1281 549 54900 23.3 24.0 23.83 0.02
165600.0 310 46.57 0.16 62106 8615.8 0.36 16386 3215.95 0.26 3027464 794085.29 21.38 310 63.11 0.26 61646 15205.9 21.38 7 3 300 1288 552 55200 23.3 24.0 23.82 0.02
166500.0 376 46.72 0.16 62482 8662.52 0.36 16446 3216.05 0.26 3043910 797301.34 21.38 370 63.15 0.26 62016 15269.05 21.38 7 3 300 1295 555 55500 23.3 24.0 23.82 0.02
167400.0 354 47.35 0.36 62836 8709.87 0.36 16424 3215.99 0.26 3060334 800517.33 21.38 350 63.15 0.26 62366 15332.19 21.38 7 3 300 1302 558 55800 23.3 24.0 23.82 0.02
168300.0 310 46.57 0.16 63146 8756.45 0.36 16380 3216.02 0.26 3076714 803733.34 21.38 310 63.11 0.26 62676 15395.31 21.38 7 3 300 1309 561 56100 23.2 24.0 23.8 0.03
169200.0 310 46.57 0.16 63456 8803.02 0.36 16380 3215.95 0.26 3093094 806949.29 21.38 310 63.11 0.26 62986 15458.42 21.38 7 3 300 1316 564 56400 23.2 24.0 23.79 0.02
170100.0 376 46.71 0.16 63832 8849.73 0.36 16439 3216.05 0.26 3109533 810165.34 21.38 370 63.15 0.26 63356 15521.56 21.38 7 3 300 1323 567 56700 23.2 24.0 23.79 0.02
171000.0 354 47.35 0.36 64186 8897.09 0.36 16418 3215.99 0.26 3125951 813381.32 21.38 350 63.15 0.26 63706 15584.71 21.38 7 3 300 1330 570 57000 23.2 24.0 23.79 0.02
171900.0 310 46.57 0.16 64496 8943.66 0.36 16376 3216.02 0.26 3142327 816597.34 21.38 310 63.11 0.26 64016 15647.83 21.38 7 3 300 1337 573 57300 23.1 24.0 23.76 0.03
172800.0 310 46.57 0.16 64806 8990.24 0.36 16377 3215.95 0.26 3158704 819813.29 21.38 310 63.11 0.26 64326 15710.93 21.38 7 3 300 1344 576 57600 23.1 24.0 23.74 0.02
173700.0 376 46.72 0.16 65182 9036.95 0.36 16433 3216.05 0.26 3175137 823029.33 21.38 370 63.15 0.26 64696 15774.08 21.38 7 3 300 1351 579 57900 23.1 24.0 23.74 0.02
174600.0 354 47.35 0.36 65536 9084.3 0.36 16412 3215.99 0.26 3191549 826245.32 21.38 350 63.15 0.26 65046 15837.23 21.38 7 3 300 1358 582 58200 23.1 24.0 23.74 0.02
175500.0 310 46.57 0.16 65846 9130.88 0.36 16369 3216.02 0.26 3207918 829461.34 21.38 310 63.11 0.26 65356 15900.34 21.38 7 3 300 1365 585 58500 23.0 24.0 23.69 0.03
176400.0 310 46.57 0.16 66156 9177.45 0.36 16367 3215.95 0.26 3224285 832677.28 21.38 310 63.11 0.26 65666 15963.45 21.38 7 3 300 1372 588 58800 22.9 23.9 23.68 0.03
177300.0 376 46.72 0.16 66532 9224.17 0.36 16427 3216.05 0.26 3240712 835893.33 21.38 370 63.15 0.26 66036 16026.6 21.38 7 3 300 1379 591 59100 22.9 23.9 23.68 0.03
178200.0 354 47.35 0.36 66886 9271.52 0.36 16407 3215.99 0.26 3257119 839109.32 21.38 350 63.15 0.26 66386 16089.75 21.38 7 3 300 1386 594 59400 22.9 23.9 23.68 0.03
179100.0 310 46.57 0.16 67196 9318.1 0.36 16363 3216.02 0.26 3273482 842325.34 21.38 310 63.11 0.26 66696 16152.86 21.38 7 3 300 1393 597 59700 22.9 23.9 23.61 0.03
180000.0 310 46.57 0.16 67506 9364.67 0.36 16365 3215.95 0.26 3289847 845541.28 21.38 310 63.11 0.26 67006 16215.97 21.38 7 3 300 1400 600 60000 22.8 23.9 23.58 0.03
180900.0 376 46.72 0.16 67882 9411.39 0.36 16423 3216.05 0.26 3306270 848757.33 21.38 370 63.15 0.26 67376 16279.11 21.38 7 3 300 1407 603 60300 22.8 23.9 23.58 0.03
181800.0 354 47.35 0.36 68236 9458.74 0.36 16393 3215.99 0.26 3322663 851973.32 21.38 350 63.15 0.26 67726 16342.26 21.38 7 3 300 1414 606 60600 22.8 23.9 23.58 0.03
182700.0 310 46.57 0.16 68546 9505.31 0.36 16357 3216.02 0.26 3339020 855189.33 21.38 310 63.11 0.26 68036 16405.38 21.38 7 3 300 1421 609 60900 22.8 23.8 23.49 0.03
183600.0 310 46.57 0.16 68856 9551.89 0.36 16356 3215.95 0.26 3355376 858405.28 21.38 310 63.11 0.26 68346 16468.48 21.38 7 3 300 1428 612 61200 22.7 23.8 23.44 0.02
184500.0 376 46.72 0.16 69232 9598.61 0.36 16408 3216.05 0.26 3371784 861621.33 21.38 370 63.15 0.26 68716 16531.63 21.38 7 3 300 1435 615 61500 22.7 23.8 23.44 0.02
185400.0 354 47.35 0.36 69586 9645.96 0.36 16379 3215.99 0.26 3388163 864837.31 21.38 350 63.15 0.26 69066 16594.78 21.38 7 3 300 1442 618 61800 22.7 23.8 23.44 0.02
186300.0 310 46.57 0.16 69896 9692.53 0.36 16346 3216.02 0.26 3404509 868053.33 21.38 310 63.11 0.26 69376 16657.89 21.38 7 3 300 1449 621 62100 22.7 23.7 23.32 0.03
187200.0 310 46.57 0.16 70206 9739.11 0.36 16349 3215.95 0.26 3420858 871269.27 21.38 310 63.11 0.26 69686 16721.0 21.38 7 3 300 1456 624 62400 22.4 23.7 23.26 0.02
188100.0 376 46.72 0.16 70582 9785.82 0.36 16408 3216.05 0.26 3437266 874485.32 21.38 370 63.15 0.26 70056 16784.15 21.38 7 3 300 1463 627 62700 22.4 23.7 23.26 0.02
189000.0 354 47.35 0.36 70936 9833.18 0.36 16384 3215.99 0.26 3453650 877701.31 21.38 350 63.15 0.26 70406 16847.3 21.38 7 3 300 1470 630 63000 22.4 23.7 23.26 0.02
189900.0 310 46.57 0.16 71246 9879.75 0.36 16348 3216.02 0.26 3469998 880917.33 21.38 310 63.11 0.26 70716 16910.41 21.38 7 3 300 1477 633 63300 22.4 23.5 23.09 0.03
190800.0 310 46.57 0.16 71556 9926.33 0.36 16347 3215.95 0.26 3486345 884133.27 21.38 310 63.11 0.26 71026 16973.52 21.38 7 3 300 1484 636 63600 22.1 23.5 23.01 0.03
191700.0 376 46.72 0.16 71932 9973.04 0.36 16407 3216.05 0.26 3502752 887349.32 21.38 370 63.15 0.26 71396 17036.66 21.38 7 3 300 1491 639 63900 22.1 23.5 23.01 0.03
192600.0 354 47.35 0.36 72286 10020.39 0.36 16369 3215.99 0.26 3519121 890565.31 21.38 350 63.15 0.26 71746 17099.81 21.38 7 3 300 1498 642 64200 22.1 23.5 23.01 0.03
193500.0 310 46.57 0.16 72596 10066.97 0.36 16336 3216.02 0.26 3535457 893781.32 21.38 310 63.11 0.26 72056 17162.93 21.38 7 3 300 1505 645 64500 22.1 23.3 22.82 0.03
194400.0 310 46.57 0.16 72906 10113.54 0.36 16336 3215.95 0.26 3551793 896997.27 21.38 310 63.11 0.26 72366 17226.03 21.38 7 3 300 1512 648 64800 22.0 23.3 22.72 0.03
195300.0 376 46.72 0.16 73282 10160.26 0.36 16388 3216.05 0.26 3568181 900213.31 21.38 370 63.15 0.26 72736 17289.18 21.38 7 3 300 1519 651 65100 22.0 23.3 22.72 0.02
196200.0 354 47.35 0.36 73636 10207.61 0.36 16366 3215.99 0.26 3584547 903429.3 21.38 350 63.15 0.26 73086 17352.33 21.38 7 3 300 1526 654 65400 22.0 23.3 22.72 0.02
197100.0 310 46.57 0.16 73946 10254.19 0.36 16332 3216.02 0.26 3600879 906645.32 21.38 310 63.11 0.26 73396 17415.44 21.38 7 3 300 1533 657 65700 22.0 23.1 22.53 0.02
198000.0 310 46.57 0.16 74256 10300.76 0.36 16310 3215.94 0.26 3617189 909861.26 21.38 310 63.11 0.26 73706 17478.55 21.38 7 3 300 1540 660 66000 22.0 23.1 22.41 0.02
198900.0 376 46.72 0.16 74632 10347.48 0.36 16370 3216.05 0.26 3633559 913077.31 21.38 370 63.15 0.26 74076 17541.7 21.38 7 3 300 1547 663 66300 22.0 23.1 22.41 0.02
199800.0 354 47.35 0.36 74986 10394.83 0.36 16348 3215.99 0.26 3649907 916293.3 21.38 350 63.15 0.26 74426 17604.85 21.38 7 3 300 1554 666 66600 22.0 23.1 22.41 0.02
200700.0 310 46.57 0.16 75296 10441.4 0.36 16317 3216.02 0.26 3666224 919509.31 21.38 310 63.11 0.26 74736 17667.96 21.38 7 3 300 1561 669 66900 22.0 22.8 22.26 0.01
201600.0 310 46.57 0.16 75606 10487.98 0.36 16319 3215.95 0.26 3682543 922725.26 21.38 310 63.11 0.26 75046 17731.07 21.38 7 3 300 1568 672 67200 22.0 22.8 22.18 0.02
202500.0 376 46.72 0.16 75982 10534.7 0.36 16379 3216.05 0.26 3698922 925941.3 21.38 370 63.15 0.26 75416 17794.21 21.38 7 3 300 1575 675 67500 22.0 22.8 22.18 0.02
203400.0 354 47.35 0.36 76336 10582.05 0.36 16355 3215.99 0.26 3715277 929157.29 21.38 350 63.15 0.26 75766 17857.36 21.38 7 3 300 1582 678 67800 22.0 22.8 22.18 0.02
204300.0 310 46.57 0.16 76646 10628.62 0.36 16322 3216.02 0.26 3731599 932373.31 21.38 310 63.11 0.26 76076 17920.48 21.38 7 3 300 1589 681 68100 22.0 22.6 22.06 0.01
205200.0 310 46.57 0.16 76956 10675.2 0.36 16321 3215.95 0.26 3747920 935589.25 21.38 310 63.11 0.26 76386 17983.59 21.38 7 3 300 1596 684 68400 22.0 22.6 22.06 0.01
206100.0 376 46.71 0.16 77332 10721.91 0.36 16379 3216.05 0.26 3764299 938805.3 21.38 370 63.15 0.26 76756 18046.73 21.38 7 3 300 1603 687 68700 22.0 22.6 22.06 0.01
207000.0 354 47.35 0.36 77686 10769.26 0.36 16349 3215.99 0.26 3780648 942021.29 21.38 350 63.15 0.26 77106 18109.88 21.38 7 3 300 1610 690 69000 22.0 22.6 22.06 0.01
207900.0 310 46.57 0.16 77996 10815.84 0.36 16318 3216.02 0.26 3796966 945237.3 21.38 310 63.11 0.26 77416 18172.99 21.38 7 3 300 1617 693 69300 22.0 22.2 22.02 0.0
208800.0 310 46.57 0.16 78306 10862.41 0.36 16315 3215.94 0.26 3813281 948453.25 21.38 310 63.11 0.26 77726 18236.1 21.38 7 3 300 1624 696 69600 22.0 22.2 22.02 0.0
209700.0 376 46.72 0.16 78682 10909.13 0.36 16373 3216.05 0.26 3829654 951669.29 21.38 370 63.15 0.26 78096 18299.25 21.38 7 3 300 1631 699 69900 22.0 22.2 22.02 0.0
210600.0 354 47.35 0.36 79036 10956.48 0.36 16340 3215.99 0.26 3845994 954885.28 21.38 350 63.15 0.26 78446 18362.4 21.38 7 3 300 1638 702 70200 22.0 22.2 22.02 0.0
211500.0 310 46.57 0.16 79346 11003.05 0.36 16300 3216.02 0.26 3862294 958101.29 21.38 310 63.11 0.26 78756 18425.51 21.38 7 3 300 1645 705 70500 22.0 22.0 22.0 0.0
212400.0 310 46.57 0.16 79656 11049.63 0.36 16299 3215.94 0.26 3878593 961317.24 21.38 310 63.11 0.26 79066 18488.62 21.38 7 3 300 1652 708 70800 22.0 22.0 22.0 0.0
213300.0 376 46.71 0.16 80032 11096.34 0.36 16358 3216.05 0.26 3894951 964533.29 21.38 370 63.15 0.26 79436 18551.76 21.38 7 3 300 1659 711 71100 22.0 22.0 22.0 0.0
214200.0 354 47.35 0.36 80386 11143.7 0.36 16328 3215.99 0.26 3911279 967749.27 21.38 350 63.15 0.26 79786 18614.91 21.38 7 3 300 1666 714 71400 22.0 22.0 22.0 0.0
215100.0 310 46.57 0.16 80696 11190.27 0.36 16285 3216.02 0.26 3927564 970965.29 21.38 310 63.11 0.26 80096 18678.03 21.38 7 3 300 1673 717 71700 22.0 22.0 22.0 0.0
216000.0 310 46.57 0.16 81006 11236.84 0.36 16276 3215.94 0.26 3943840 974181.23 21.38 310 63.11 0.26 80406 18741.14 21.38 7 3 300 1680 720 72000 22.0 22.0 22.0 0.0
216900.0 376 46.72 0.16 81382 11283.56 0.36 16335 3216.05 0.26 3960175 977397.28 21.38 370 63.15 0.26 80776 18804.28 21.38 7 3 300 1687 723 72300 22.0 22.0 22.0 0.0
217800.0 354 47.35 0.36 81736 11330.91 0.36 16312 3215.99 0.26 3976487 980613.26 21.38 350 63.15 0.26 81126 18867.43 21.38 7 3 300 1694 726 72600 22.0 22.0 22.0 0.0
218700.0 310 46.57 0.16 82046 11377.49 0.36 16264 3216.01 0.26 3992751 983829.28 21.38 310 63.11 0.26 81436 18930.54 21.38 7 3 300 1701 729 72900 22.0 22.0 22.0 0.0
219600.0 310 46.57 0.16 82356 11424.06 0.36 16263 3215.94 0.26 4009014 987045.22 21.38 310 63.11 0.26 81746 18993.65 21.38 7 3 300 1708 732 73200 22.0 22.0 22.0 0.0
220500.0 376 46.72 0.16 82732 11470.78 0.36 16312 3216.05 0.26 4025326 990261.27 21.38 370 63.15 0.26 82116 19056.8 21.38 7 3 300 1715 735 73500 22.0 22.0 22.0 0.0
221400.0 354 47.35 0.36 83086 11518.13 0.36 16289 3220.13 0.26 4041615 993481.4 21.38 350 63.23 0.26 82466 19120.03 21.38 7 3 300 1722 738 73800 22.0 22.0 22.0 0.0
222300.0 310 46.58 0.16 83396 11564.71 0.36 16353 3222.02 0.27 4057968 996703.42 21.38 310 63.23 0.27 82776 19183.25 21.38 7 3 300 1729 741 74100 20.4 22.0 21.08 0.07
223200.0 310 46.58 0.16 83706 11611.29 0.36 16373 3221.93 0.27 4074341 999925.35 21.38 310 63.22 0.27 83086 19246.48 21.38 7 3 300 1736 744 74400 19.8 22.0 20.54 0.12
224100.0 376 46.72 0.16 84082 11658.02 0.36 16433 3222.05 0.27 4090774 1003147.4 21.38 370 63.26 0.27 83456 19309.74 21.38 7 3 300 1743 747 74700 19.8 21.8 20.53 0.11
225000.0 354 47.36 0.36 84436 11705.37 0.36 16413 3221.49 0.26 4107187 1006368.89 21.38 350 63.26 0.26 83806 19372.99 21.38 7 3 300 1750 750 75000 19.8 21.8 20.53 0.11
225900.0 310 46.58 0.16 84746 11751.95 0.36 16372 3222.24 0.26 4123559 1009591.13 21.38 310 63.23 0.26 84116 19436.22 21.38 7 3 300 1757 753 75300 19.8 21.7 20.47 0.11
226800.0 310 46.58 0.16 85056 11798.53 0.36 16376 3222.16 0.26 4139935 1012813.28 21.38 310 63.23 0.26 84426 19499.45 21.38 7 3 300 1764 756 75600 19.8 21.7 20.44 0.12
227700.0 376 46.72 0.16 85432 11845.25 0.36 16435 3222.27 0.26 4156370 1016035.55 21.38 370 63.26 0.26 84796 19562.71 21.38 7 3 300 1771 759 75900 19.8 21.7 20.44 0.12
228600.0 354 47.36 0.36 85786 11892.61 0.36 16413 3222.98 0.27 4172783 1019258.53 21.38 350 63.28 0.27 85146 19625.99 21.38 7 3 300 1778 762 76200 19.8 21.7 20.44 0.12
229500.0 310 46.58 0.16 86096 11939.19 0.36 16372 3222.12 0.26 4189155 1022480.65 21.38 310 63.23 0.26 85456 19689.22 21.38 7 3 300 1785 765 76500 19.8 21.6 20.44 0.11
230400.0 310 46.58 0.16 86406 11985.76 0.36 16373 3222.02 0.26 4205528 1025702.67 21.38 310 63.22 0.26 85766 19752.45 21.38 7 3 300 1792 768 76800 19.8 21.6 20.43 0.12
231300.0 376 46.72 0.16 86782 12032.48 0.36 16432 3222.15 0.26 4221960 1028924.82 21.38 370 63.26 0.26 86136 19815.71 21.38 7 3 300 1799 771 77100 19.8 21.6 20.43 0.12
232200.0 354 47.36 0.36 87136 12079.84 0.36 16409 3222.38 0.26 4238369 1032147.2 21.38 350 63.27 0.26 86486 19878.98 21.38 7 3 300 1806 774 77400 19.8 21.6 20.43 0.12
233100.0 310 46.58 0.16 87446 12126.42 0.36 16371 3223.34 0.27 4254740 1035370.54 21.38 310 63.25 0.27 86796 19942.23 21.38 7 3 300 1813 777 77700 19.8 21.5 20.48 0.13
234000.0 310 46.58 0.16 87756 12173.0 0.36 16370 3223.26 0.27 4271110 1038593.8 21.38 310 63.25 0.27 87106 20005.48 21.38 7 3 300 1820 780 78000 19.8 21.5 20.47 0.13
234900.0 376 46.72 0.16 88132 12219.72 0.36 16430 3223.37 0.27 4287540 1041817.17 21.38 370 63.28 0.27 87476 20068.76 21.38 7 3 300 1827 783 78300 19.8 21.5 20.47 0.13
235800.0 354 47.35 0.36 88486 12267.07 0.36 16403 3219.8 0.26 4303943 1045036.97 21.38 350 63.22 0.26 87826 20131.98 21.38 7 3 300 1834 786 78600 19.8 21.5 20.47 0.13
236700.0 310 46.58 0.16 88796 12313.65 0.36 16366 3218.55 0.26 4320309 1048255.52 21.38 310 63.16 0.26 88136 20195.15 21.38 7 3 300 1841 789 78900 19.8 21.4 20.52 0.14
237600.0 310 46.58 0.16 89106 12360.23 0.36 16365 3218.48 0.26 4336674 1051474.0 21.38 310 63.16 0.26 88446 20258.3 21.38 7 3 300 1848 792 79200 19.7 21.4 20.53 0.14
238500.0 376 46.72 0.16 89482 12406.94 0.36 16422 3218.58 0.26 4353096 1054692.58 21.38 370 63.19 0.26 88816 20321.49 21.38 7 3 300 1855 795 79500 19.7 21.4 20.53 0.14
239400.0 354 47.35 0.36 89836 12454.3 0.36 16392 3220.35 0.26 4369488 1057912.93 21.38 350 63.23 0.26 89166 20384.73 21.38 7 3 300 1862 798 79800 19.7 21.4 20.53 0.14
240300.0 310 46.58 0.16 90146 12500.87 0.36 16359 3220.39 0.26 4385847 1061133.32 21.38 310 63.2 0.26 89476 20447.92 21.38 7 3 300 1869 801 80100 19.7 21.6 20.59 0.15
241200.0 310 46.58 0.16 90456 12547.45 0.36 16351 3220.3 0.26 4402198 1064353.62 21.38 310 63.19 0.26 89786 20511.11 21.38 7 3 300 1876 804 80400 19.7 21.6 20.59 0.15
242100.0 376 46.72 0.16 90832 12594.17 0.36 16409 3220.42 0.26 4418607 1067574.04 21.38 370 63.23 0.26 90156 20574.34 21.38 7 3 300 1883 807 80700 19.7 21.6 20.59 0.15
243000.0 354 47.35 0.36 91186 12641.53 0.36 16380 3220.5 0.26 4434987 1070794.54 21.38 350 63.24 0.26 90506 20637.58 21.38 7 3 300 1890 810 81000 19.7 21.6 20.59 0.15
243900.0 310 46.58 0.16 91496 12688.11 0.36 16353 3221.22 0.26 4451340 1074015.75 21.38 310 63.21 0.26 90816 20700.79 21.38 7 3 300 1897 813 81300 19.7 21.8 20.65 0.17
244800.0 310 46.58 0.16 91806 12734.68 0.36 16349 3221.12 0.26 4467689 1077236.87 21.38 310 63.21 0.26 91126 20763.99 21.38 7 3 300 1904 816 81600 19.6 21.8 20.64 0.17
245700.0 376 46.72 0.16 92182 12781.41 0.36 16408 3221.25 0.26 4484097 1080458.12 21.38 370 63.24 0.26 91496 20827.24 21.38 7 3 300 1911 819 81900 19.6 21.8 20.64 0.17
246600.0 354 47.36 0.36 92536 12828.76 0.36 16373 3221.47 0.26 4500470 1083679.58 21.38 350 63.25 0.26 91846 20890.49 21.38 7 3 300 1918 822 82200 19.6 21.8 20.64 0.17
247500.0 310 46.58 0.16 92846 12875.34 0.36 16342 3221.06 0.26 4516812 1086900.65 21.38 310 63.21 0.26 92156 20953.7 21.38 7 3 300 1925 825 82500 19.6 21.9 20.64 0.18
248400.0 310 46.58 0.16 93156 12921.92 0.36 16340 3220.97 0.26 4533152 1090121.62 21.38 310 63.21 0.26 92466 21016.91 21.38 7 3 300 1932 828 82800 19.5 21.9 20.63 0.19
249300.0 376 46.72 0.16 93532 12968.64 0.36 16391 3221.1 0.26 4549543 1093342.72 21.38 370 63.24 0.26 92836 21080.15 21.38 7 3 300 1939 831 83100 19.5 21.9 20.63 0.19
250200.0 354 47.35 0.36 93886 13016.0 0.36 16359 3220.47 0.26 4565902 1096563.19 21.38 350 63.23 0.26 93186 21143.38 21.38 7 3 300 1946 834 83400 19.5 21.9 20.63 0.19
251100.0 310 46.58 0.16 94196 13062.57 0.36 16339 3220.43 0.26 4582241 1099783.62 21.38 310 63.2 0.26 93496 21206.58 21.38 7 3 300 1953 837 83700 19.5 22.0 20.61 0.2
252000.0 310 46.58 0.16 94506 13109.15 0.36 16336 3220.34 0.26 4598577 1103003.95 21.38 310 63.19 0.26 93806 21269.77 21.38 7 3 300 1960 840 84000 19.5 22.0 20.57 0.22
252900.0 376 46.72 0.16 94882 13155.87 0.36 16396 3220.47 0.26 4614973 1106224.42 21.38 370 63.23 0.26 94176 21333.0 21.38 7 3 300 1967 843 84300 19.5 22.0 20.57 0.22
253800.0 354 47.35 0.36 95236 13203.23 0.36 16359 3220.87 0.26 4631332 1109445.29 21.38 350 63.24 0.26 94526 21396.24 21.38 7 3 300 1974 846 84600 19.5 22.0 20.57 0.22
254700.0 310 46.58 0.16 95546 13249.81 0.36 16371 3221.46 0.26 4647703 1112666.75 21.38 310 63.22 0.26 94836 21459.45 21.38 7 3 300 1981 849 84900 19.5 21.8 20.45 0.22
255600.0 310 46.58 0.16 95856 13296.38 0.36 16379 3221.36 0.26 4664082 1115888.11 21.38 310 63.21 0.26 95146 21522.66 21.38 7 3 300 1988 852 85200 19.3 21.8 20.41 0.24
256500.0 376 46.72 0.16 96232 13343.11 0.36 16439 3221.49 0.26 4680521 1119109.6 21.38 370 63.25 0.26 95516 21585.91 21.38 7 3 300 1995 855 85500 19.3 21.8 20.41 0.24
257400.0 354 47.35 0.36 96586 13390.46 0.36 16385 3220.17 0.26 4696906 1122329.77 21.38 350 63.23 0.26 95866 21649.14 21.38 7 3 300 2002 858 85800 19.3 21.8 20.41 0.24
258300.0 310 46.58 0.16 96896 13437.04 0.36 16389 3221.15 0.26 4713295 1125550.92 21.38 310 63.21 0.26 96176 21712.35 21.38 7 3 300 2009 861 86100 19.3 21.8 20.23 0.22
259200.0 310 46.58 0.16 97206 13483.62 0.36 16391 3221.07 0.26 4729686 1128771.99 21.38 310 63.21 0.26 96486 21775.56 21.38 7 3 300 2016 864 86400 19.2 21.6 20.17 0.26
260100.0 376 46.72 0.16 97582 13530.34 0.36 16451 3221.18 0.26 4746137 1131993.17 21.38 370 63.24 0.26 96856 21838.8 21.38 7 3 300 2023 867 86700 19.2 21.6 20.17 0.26
261000.0 356 47.43 0.36 97938 13577.77 0.36 16737 189294.63 21.39 4762874 1321287.8 21.39 352 3549.01 21.39 97208 25387.81 21.39 7 3 300 2030 870 87000 19.2 21.6 20.17 0.26
261900.0 310 46.58 0.16 98248 13624.35 0.36 16425 3228.02 0.27 4779299 1324515.83 21.39 310 63.3 0.27 97518 25451.11 21.39 7 3 300 2037 873 87300 18.9 21.6 19.69 0.19
262800.0 310 46.58 0.16 98558 13670.93 0.36 16423 3227.91 0.27 4795722 1327743.73 21.39 310 63.29 0.27 97828 25514.41 21.39 7 3 300 2044 876 87600 18.9 20.8 19.66 0.23
263700.0 376 46.72 0.16 98934 13717.65 0.36 16483 3228.06 0.27 4812205 1330971.8 21.39 370 63.33 0.27 98198 25577.74 21.39 7 3 300 2051 879 87900 18.9 20.8 19.65 0.24
264600.0 356 47.45 0.36 99290 13765.1 0.36 16774 188930.23 21.36 4828979 1519902.02 21.39 352 3539.84 21.36 98550 29117.58 21.39 7 3 300 2058 882 88200 18.9 20.8 19.65 0.24
265500.0 310 46.61 0.16 99600 13811.71 0.36 16449 3273.94 0.27 4845428 1523175.96 21.39 310 64.2 0.27 98860 29181.78 21.39 7 3 300 2065 885 88500 17.3 20.7 18.13 0.16
266400.0 310 46.61 0.16 99910 13858.32 0.36 16461 3273.94 0.27 4861889 1526449.9 21.39 310 64.2 0.27 99170 29245.98 21.39 7 3 300 2072 888 88800 17.3 18.9 17.81 0.02
267300.0 376 46.75 0.16 100286 13905.08 0.36 16521 3273.96 0.27 4878410 1529723.87 21.39 370 64.24 0.27 99540 29310.22 21.39 7 3 300 2079 891 89100 17.3 18.8 17.8 0.02
268200.0 356 47.47 0.36 100642 13952.55 0.36 16812 188709.94 21.36 4895222 1718433.81 21.39 352 3538.77 21.36 99892 32848.99 21.39 7 3 300 2086 894 89400 17.3 18.8 17.8 0.02
269100.0 310 46.61 0.16 100952 13999.16 0.36 16458 3269.25 0.27 4911680 1721703.06 21.39 310 64.12 0.27 100202 32913.11 21.39 7 3 300 2093 897 89700 17.3 18.8 17.78 0.02
270000.0 310 46.61 0.16 101262 14045.77 0.36 16460 3269.24 0.27 4928140 1724972.29 21.39 310 64.12 0.27 100512 32977.23 21.39 7 3 300 2100 900 90000 17.3 18.7 17.76 0.02
270900.0 376 46.75 0.16 101638 14092.52 0.36 16520 3269.28 0.27 4944660 1728241.57 21.39 370 64.16 0.27 100882 33041.39 21.39 7 3 300 2107 903 90300 17.3 18.7 17.76 0.02
271800.0 354 47.39 0.36 101992 14139.91 0.36 16496 3266.26 0.27 4961156 1731507.83 21.39 350 64.11 0.27 101232 33105.5 21.39 7 3 300 2114 906 90600 17.3 18.7 17.76 0.02
272700.0 310 46.61 0.16 102302 14186.51 0.36 16455 3266.23 0.27 4977611 1734774.06 21.39 310 64.07 0.27 101542 33169.56 21.39 7 3 300 2121 909 90900 17.3 18.7 17.74 0.02
273600.0 310 46.61 0.16 102612 14233.12 0.36 16454 3266.21 0.27 4994065 1738040.27 21.39 310 64.06 0.27 101852 33233.63 21.39 7 3 300 2128 912 91200 17.3 18.6 17.73 0.02
274500.0 376 46.75 0.16 102988 14279.87 0.36 16513 3266.26 0.27 5010578 1741306.54 21.39 370 64.1 0.27 102222 33297.73 21.39 7 3 300 2135 915 91500 17.3 18.6 17.73 0.02
275400.0 354 47.39 0.36 103342 14327.26 0.36 16492 3274.82 0.27 5027070 1744581.36 21.39 350 64.27 0.27 102572 33361.99 21.39 7 3 300 2142 918 91800 17.3 18.6 17.73 0.02
276300.0 310 46.61 0.16 103652 14373.87 0.36 16451 3269.42 0.27 5043521 1747850.78 21.39 310 64.13 0.27 102882 33426.12 21.39 7 3 300 2149 921 92100 17.3 18.6 17.71 0.02
277200.0 310 46.61 0.16 103962 14420.48 0.36 16451 3269.4 0.27 5059972 1751120.18 21.39 310 64.12 0.27 103192 33490.24 21.39 7 3 300 2156 924 92400 17.3 18.5 17.7 0.02
278100.0 376 46.75 0.16 104338 14467.23 0.36 16511 3269.46 0.27 5076483 1754389.64 21.39 370 64.16 0.27 103562 33554.4 21.39 7 3 300 2163 927 92700 17.3 18.5 17.7 0.02
279000.0 354 47.38 0.36 104692 14514.62 0.36 16491 3263.9 0.27 5092974 1757653.55 21.39 350 64.06 0.27 103912 33618.47 21.39 7 3 300 2170 930 93000 17.3 18.5 17.7 0.02
279900.0 310 46.61 0.16 105002 14561.22 0.36 16453 3269.25 0.27 5109427 1760922.79 21.39 310 64.12 0.27 104222 33682.59 21.39 7 3 300 2177 933 93300 17.3 18.5 17.69 0.02
280800.0 310 46.61 0.16 105312 14607.83 0.36 16453 3269.24 0.27 5125880 1764192.03 21.39 310 64.12 0.27 104532 33746.71 21.39 7 3 300 2184 936 93600 17.3 18.4 17.68 0.01
281700.0 376 46.75 0.16 105688 14654.59 0.36 16511 3269.28 0.27 5142391 1767461.31 21.39 370 64.16 0.27 104902 33810.87 21.39 7 3 300 2191 939 93900 17.3 18.4 17.68 0.01
282600.0 354 47.39 0.36 106042 14701.97 0.36 16483 3268.81 0.27 5158874 1770730.12 21.39 350 64.15 0.27 105252 33875.02 21.39 7 3 300 2198 942 94200 17.3 18.4 17.68 0.01
283500.0 310 46.61 0.16 106352 14748.58 0.36 16444 3263.0 0.27 5175318 1773993.12 21.39 310 64.01 0.27 105562 33939.03 21.39 7 3 300 2205 945 94500 17.3 18.4 17.68 0.01
284400.0 310 46.61 0.16 106662 14795.18 0.36 16441 3262.97 0.27 5191759 1777256.1 21.39 310 64.0 0.27 105872 34003.03 21.39 7 3 300 2212 948 94800 17.3 18.3 17.67 0.01
285300.0 376 46.75 0.16 107038 14841.93 0.36 16500 3263.03 0.27 5208259 1780519.13 21.39 370 64.04 0.27 106242 34067.07 21.39 7 3 300 2219 951 95100 17.3 18.3 17.67 0.01
286200.0 354 47.38 0.36 107392 14889.31 0.36 16479 3260.46 0.27 5224738 1783779.59 21.39 350 64.0 0.27 106592 34131.07 21.39 7 3 300 2226 954 95400 17.3 18.3 17.67 0.01
287100.0 310 46.6 0.16 107702 14935.92 0.36 16439 3260.85 0.27 5241177 1787040.44 21.39 310 63.97 0.27 106902 34195.03 21.39 7 3 300 2233 957 95700 17.3 18.3 17.67 0.01
288000.0 310 46.6 0.16 108012 14982.52 0.36 16440 3260.84 0.27 5257617 1790301.28 21.39 310 63.96 0.27 107212 34259.0 21.39 7 3 300 2240 960 96000 17.3 18.2 17.66 0.01
288900.0 376 46.75 0.16 108388 15029.27 0.36 16500 3260.89 0.27 5274117 1793562.17 21.39 370 64.0 0.27 107582 34323.0 21.39 7 3 300 2247 963 96300 17.3 18.2 17.66 0.01
289800.0 354 47.39 0.36 108742 15076.66 0.36 16474 3269.44 0.27 5290591 1796831.61 21.39 350 64.17 0.27 107932 34387.16 21.39 7 3 300 2254 966 96600 17.3 18.2 17.66 0.01
290700.0 310 46.61 0.16 109052 15123.27 0.36 16434 3274.8 0.27 5307025 1800106.41 21.39 310 64.23 0.27 108242 34451.39 21.39 7 3 300 2261 969 96900 17.3 18.2 17.66 0.01
291600.0 310 46.61 0.16 109362 15169.88 0.36 16433 3274.78 0.27 5323458 1803381.19 21.39 310 64.23 0.27 108552 34515.62 21.39 7 3 300 2268 972 97200 17.3 18.1 17.66 0.01
292500.0 376 46.76 0.16 109738 15216.64 0.36 16490 3274.83 0.27 5339948 1806656.02 21.39 370 64.26 0.27 108922 34579.88 21.39 7 3 300 2275 975 97500 17.3 18.1 17.66 0.01
293400.0 354 47.39 0.36 110092 15264.03 0.36 16469 3268.69 0.27 5356417 1809924.71 21.39 350 64.15 0.27 109272 34644.03 21.39 7 3 300 2282 978 97800 17.3 18.1 17.66 0.01
294300.0 310 46.61 0.16 110402 15310.63 0.36 16429 3268.67 0.27 5372846 1813193.38 21.39 310 64.11 0.27 109582 34708.14 21.39 7 3 300 2289 981 98100 17.4 18.0 17.66 0.01
295200.0 310 46.61 0.16 110712 15357.24 0.36 16427 3268.65 0.27 5389273 1816462.03 21.39 310 64.11 0.27 109892 34772.25 21.39 7 3 300 2296 984 98400 17.4 18.0 17.66 0.01
296100.0 376 46.75 0.16 111088 15404.0 0.36 16487 3268.7 0.27 5405760 1819730.73 21.39 370 64.15 0.27 110262 34836.4 21.39 7 3 300 2303 987 98700 17.4 18.0 17.66 0.01
297000.0 354 47.39 0.36 111442 15451.39 0.36 16466 3274.82 0.27 5422226 1823005.55 21.39 350 64.27 0.27 110612 34900.66 21.39 7 3 300 2310 990 99000 17.4 18.0 17.66 0.01
297900.0 310 46.61 0.16 111752 15498.0 0.36 16423 3274.8 0.27 5438649 1826280.34 21.39 310 64.23 0.27 110922 34964.89 21.39 7 3 300 2317 993 99300 17.4 18.0 17.66 0.01
298800.0 310 46.61 0.16 112062 15544.61 0.36 16424 3274.78 0.27 5455073 1829555.12 21.39 310 64.23 0.27 111232 35029.12 21.39 7 3 300 2324 996 99600 17.4 18.0 17.66 0.01
299700.0 376 46.76 0.16 112438 15591.37 0.36 16484 3274.83 0.27 5471557 1832829.95 21.39 370 64.26 0.27 111602 35093.38 21.39 7 3 300 2331 999 99900 17.4 18.0 17.66 0.01
300600.0 354 47.39 0.36 112792 15638.76 0.36 16460 3274.82 0.27 5488017 1836104.77 21.39 350 64.27 0.27 111952 35157.64 21.39 7 3 300 2338 1002 100200 17.4 18.0 17.66 0.01
301500.0 310 46.61 0.16 113102 15685.37 0.36 16426 3268.11 0.27 5504443 1839372.89 21.39 310 64.1 0.27 112262 35221.75 21.39 7 3 300 2345 1005 100500 17.4 17.9 17.67 0.01
302400.0 310 46.61 0.16 113412 15731.98 0.36 16427 3268.1 0.27 5520870 1842640.99 21.39 310 64.1 0.27 112572 35285.85 21.39 7 3 300 2352 1008 100800 17.4 17.9 17.67 0.01
303300.0 376 46.75 0.16 113788 15778.73 0.36 16482 3268.15 0.27 5537352 1845909.13 21.39 370 64.13 0.27 112942 35349.98 21.39 7 3 300 2359 1011 101100 17.4 17.9 17.67 0.01
304200.0 354 47.38 0.36 114142 15826.11 0.36 16455 3262.6 0.27 5553807 1849171.73 21.39 350 64.04 0.27 113292 35414.02 21.39 7 3 300 2366 1014 101400 17.4 17.9 17.67 0.01
305100.0 310 46.61 0.16 114452 15872.72 0.36 16421 3269.25 0.27 5570228 1852440.98 21.39 310 64.12 0.27 113602 35478.14 21.39 7 3 300 2373 1017 101700 17.4 17.8 17.67 0.01
306000.0 310 46.61 0.16 114762 15919.33 0.36 16418 3269.24 0.27 5586646 1855710.21 21.39 310 64.12 0.27 113912 35542.26 21.39 7 3 300 2380 1020 102000 17.4 17.9 17.67 0.01
306900.0 376 46.75 0.16 115138 15966.09 0.36 16478 3269.28 0.27 5603124 1858979.49 21.39 370 64.16 0.27 114282 35606.42 21.39 7 3 300 2387 1023 102300 17.4 17.9 17.67 0.01
307800.0 354 47.39 0.36 115492 16013.48 0.36 16451 3274.82 0.27 5619575 1862254.31 21.39 350 64.27 0.27 114632 35670.68 21.39 7 3 300 2394 1026 102600 17.4 17.9 17.67 0.01
308700.0 310 46.61 0.16 115802 16060.09 0.36 16414 3274.8 0.27 5635989 1865529.11 21.39 310 64.23 0.27 114942 35734.91 21.39 7 3 300 2401 1029 102900 17.4 17.9 17.68 0.01
309600.0 310 46.61 0.16 116112 16106.7 0.36 16415 3274.78 0.27 5652404 1868803.89 21.39 310 64.23 0.27 115252 35799.14 21.39 7 3 300 2408 1032 103200 17.4 17.9 17.68 0.01
310500.0 376 46.76 0.16 116488 16153.46 0.36 16473 3274.83 0.27 5668877 1872078.72 21.39 370 64.26 0.27 115622 35863.4 21.39 7 3 300 2415 1035 103500 17.4 17.9 17.68 0.01
311400.0 354 47.39 0.36 116842 16200.84 0.36 16442 3268.69 0.27 5685319 1875347.41 21.39 350 64.15 0.27 115972 35927.55 21.39 7 3 300 2422 1038 103800 17.4 17.9 17.68 0.01
312300.0 310 46.61 0.16 117152 16247.45 0.36 16407 3268.67 0.27 5701726 1878616.08 21.39 310 64.11 0.27 116282 35991.66 21.39 7 3 300 2429 1041 104100 17.4 18.0 17.69 0.01
313200.0 310 46.61 0.16 117462 16294.06 0.36 16408 3268.65 0.27 5718134 1881884.72 21.39 310 64.11 0.27 116592 36055.77 21.39 7 3 300 2436 1044 104400 17.3 18.0 17.69 0.01
314100.0 376 46.75 0.16 117838 16340.82 0.36 16468 3268.7 0.27 5734602 1885153.43 21.39 370 64.15 0.27 116962 36119.92 21.39 7 3 300 2443 1047 104700 17.3 18.0 17.69 0.01
315000.0 354 47.39 0.36 118192 16388.21 0.36 16439 3274.82 0.27 5751041 1888428.24 21.39 350 64.27 0.27 117312 36184.19 21.39 7 3 300 2450 1050 105000 17.3 18.0 17.69 0.01
315900.0 310 46.61 0.16 118502 16434.82 0.36 16406 3269.42 0.27 5767447 1891697.67 21.39 310 64.13 0.27 117622 36248.31 21.39 7 3 300 2457 1053 105300 17.3 18.1 17.71 0.01
316800.0 310 46.61 0.16 118812 16481.43 0.36 16405 3269.4 0.27 5783852 1894967.07 21.39 310 64.12 0.27 117932 36312.44 21.39 7 3 300 2464 1056 105600 17.3 18.1 17.71 0.01
317700.0 376 46.75 0.16 119188 16528.18 0.36 16459 3269.46 0.27 5800311 1898236.53 21.39 370 64.16 0.27 118302 36376.6 21.39 7 3 300 2471 1059 105900 17.3 18.1 17.71 0.01
318600.0 354 47.39 0.36 119542 16575.57 0.36 16423 3269.45 0.27 5816734 1901505.97 21.39 350 64.17 0.27 118652 36440.76 21.39 7 3 300 2478 1062 106200 17.3 18.1 17.71 0.01
319500.0 310 46.61 0.16 119852 16622.18 0.36 16388 3274.8 0.27 5833122 1904780.77 21.39 310 64.23 0.27 118962 36504.99 21.39 7 3 300 2485 1065 106500 17.3 18.2 17.72 0.02
320400.0 310 46.61 0.16 120162 16668.79 0.36 16389 3274.78 0.27 5849511 1908055.55 21.39 310 64.23 0.27 119272 36569.22 21.39 7 3 300 2492 1068 106800 17.3 18.2 17.72 0.02
321300.0 376 46.76 0.16 120538 16715.55 0.36 16449 3274.83 0.27 5865960 1911330.38 21.39 370 64.26 0.27 119642 36633.48 21.39 7 3 300 2499 1071 107100 17.3 18.2 17.72 0.02
322200.0 354 47.38 0.36 120892 16762.93 0.36 16414 3258.36 0.27 5882374 1914588.74 21.39 350 63.95 0.27 119992 36697.43 21.39 7 3 300 2506 1074 107400 17.3 18.2 17.72 0.02
323100.0 310 46.6 0.16 121202 16809.53 0.36 16372 3248.67 0.27 5898746 1917837.41 21.39 310 63.74 0.27 120302 36761.17 21.39 7 3 300 2513 1077 107700 17.3 18.2 17.73 0.02
324000.0 310 46.6 0.16 121512 16856.12 0.36 16373 3248.66 0.27 5915119 1921086.07 21.39 310 63.73 0.27 120612 36824.9 21.39 7 3 300 2520 1080 108000 17.3 18.2 17.73 0.02
324900.0 376 46.74 0.16 121888 16902.87 0.36 16431 3248.7 0.27 5931550 1924334.77 21.39 370 63.77 0.27 120982 36888.67 21.39 7 3 300 2527 1083 108300 17.3 18.2 17.73 0.02
325800.0 354 47.39 0.36 122242 16950.25 0.36 16400 3268.14 0.27 5947950 1927602.91 21.39 350 64.14 0.27 121332 36952.81 21.39 7 3 300 2534 1086 108600 17.3 18.2 17.73 0.02
326700.0 310 46.61 0.16 122552 16996.87 0.36 16374 3274.8 0.27 5964324 1930877.71 21.39 310 64.23 0.27 121642 37017.04 21.39 7 3 300 2541 1089 108900 17.3 18.3 17.75 0.02
327600.0 310 46.61 0.16 122862 17043.48 0.36 16370 3274.78 0.27 5980694 1934152.49 21.39 310 64.23 0.27 121952 37081.26 21.39 7 3 300 2548 1092 109200 17.2 18.3 17.75 0.02
328500.0 376 46.76 0.16 123238 17090.24 0.36 16427 3274.83 0.27 5997121 1937427.31 21.39 370 64.26 0.27 122322 37145.52 21.39 7 3 300 2555 1095 109500 17.2 18.3 17.75 0.02
329400.0 354 47.39 0.36 123592 17137.63 0.36 16389 3274.82 0.27 6013510 1940702.13 21.39 350 64.27 0.27 122672 37209.79 21.39 7 3 300 2562 1098 109800 17.2 18.3 17.75 0.02
330300.0 310 46.61 0.16 123902 17184.24 0.36 16359 3274.8 0.27 6029869 1943976.93 21.39 310 64.23 0.27 122982 37274.02 21.39 7 3 300 2569 1101 110100 17.2 18.4 17.76 0.03
331200.0 310 46.61 0.16 124212 17230.85 0.36 16358 3274.78 0.27 6046227 1947251.71 21.39 310 64.23 0.27 123292 37338.24 21.39 7 3 300 2576 1104 110400 17.2 18.4 17.76 0.03
332100.0 376 46.76 0.16 124588 17277.61 0.36 16418 3274.83 0.27 6062645 1950526.54 21.39 370 64.26 0.27 123662 37402.5 21.39 7 3 300 2583 1107 110700 17.2 18.4 17.76 0.03
333000.0 354 47.39 0.36 124942 17324.99 0.36 16363 3269.28 0.27 6079008 1953795.82 21.39 350 64.16 0.27 124012 37466.67 21.39 7 3 300 2590 1110 111000 17.2 18.4 17.76 0.03
333900.0 310 46.61 0.16 125252 17371.6 0.36 16330 3269.24 0.27 6095338 1957065.06 21.39 310 64.12 0.27 124322 37530.79 21.39 7 3 300 2597 1113 111300 17.2 18.5 17.77 0.03
334800.0 310 46.61 0.16 125562 17418.21 0.36 16333 3269.24 0.27 6111671 1960334.3 21.39 310 64.12 0.27 124632 37594.91 21.39 7 3 300 2604 1116 111600 17.2 18.5 17.77 0.03
335700.0 376 46.75 0.16 125938 17464.97 0.36 16380 3269.28 0.27 6128051 1963603.57 21.39 370 64.16 0.27 125002 37659.07 21.39 7 3 300 2611 1119 111900 17.2 18.5 17.77 0.03
336600.0 354 47.39 0.36 126292 17512.36 0.36 16338 3274.82 0.27 6144389 1966878.39 21.39 350 64.27 0.27 125352 37723.33 21.39 7 3 300 2618 1122 112200 17.2 18.5 17.77 0.03
337500.0 310 46.61 0.16 126602 17558.97 0.36 16323 3274.8 0.27 6160712 1970153.19 21.39 310 64.23 0.27 125662 37787.56 21.39 7 3 300 2625 1125 112500 17.2 18.5 17.79 0.03
338400.0 310 46.61 0.16 126912 17605.58 0.36 16316 3274.78 0.27 6177028 1973427.97 21.39 310 64.23 0.27 125972 37851.79 21.39 7 3 300 2632 1128 112800 17.2 18.5 17.79 0.04
339300.0 376 46.76 0.16 127288 17652.34 0.36 16369 3274.83 0.27 6193397 1976702.79 21.39 370 64.26 0.27 126342 37916.05 21.39 7 3 300 2639 1131 113100 17.2 18.5 17.79 0.04
340200.0 354 47.39 0.36 127642 17699.72 0.36 16305 3266.26 0.27 6209702 1979969.05 21.39 350 64.11 0.27 126692 37980.15 21.39 7 3 300 2646 1134 113400 17.2 18.5 17.79 0.04
341100.0 310 46.61 0.16 127952 17746.33 0.36 16256 3266.23 0.27 6225958 1983235.28 21.39 310 64.07 0.27 127002 38044.22 21.39 7 3 300 2653 1137 113700 17.2 18.5 17.8 0.04
342000.0 310 46.61 0.16 128262 17792.94 0.36 16255 3266.21 0.27 6242213 1986501.49 21.39 310 64.06 0.27 127312 38108.29 21.39 7 3 300 2660 1140 114000 17.2 18.5 17.8 0.04
342900.0 376 46.75 0.16 128638 17839.69 0.36 16312 3266.26 0.27 6258525 1989767.75 21.39 370 64.1 0.27 127682 38172.39 21.39 7 3 300 2667 1143 114300 17.2 18.5 17.8 0.04
343800.0 354 47.38 0.36 128992 17887.07 0.36 16280 3258.86 0.27 6274805 1993026.61 21.39 350 63.97 0.27 128032 38236.35 21.39 7 3 300 2674 1146 114600 17.2 18.5 17.8 0.04
344700.0 310 46.6 0.16 129302 17933.67 0.36 16241 3258.85 0.27 6291046 1996285.47 21.39 310 63.93 0.27 128342 38300.28 21.39 7 3 300 2681 1149 114900 17.2 18.6 17.8 0.04
345600.0 310 46.6 0.16 129612 17980.28 0.36 16238 3258.82 0.27 6307284 1999544.29 21.39 310 63.93 0.27 128652 38364.21 21.39 7 3 300 2688 1152 115200 17.2 18.6 17.8 0.04
