# seed = 4, gamma = 1.0, beta = 0.66, dee = 10.0, dcc = 100.0, dec = 10.0, dsCnd = 500.0, dLocalhost = 0.02, hostBroker = EDGE 
#
# The columns have the following meaning: 
# instant[SECONDS] commCountUploadPartial delaySumUploadPartial[SECONDS] delayMaxUploadPartial[SECONDS] commCountUploadTot delaySumUploadTot[SECONDS] delayMaxUploadTot[SECONDS] commCountDownloadPartial delaySumDownloadPartial[SECONDS] delayMaxDownloadPartial[SECONDS] commCountDownloadTot delaySumDownloadTot[SECONDS] delayMaxDownloadTot[SECONDS] commCountDownloadMaxPartial delaySumDownloadMaxPartial[SECONDS] delayMaxDownloadMaxPartial[SECONDS] commCountDownloadMaxTot delaySumDownloadMaxTot[SECONDS] delayMaxDownloadMaxTot[SECONDS] runOnCloudPartial runOnEdgePartial runOnSmartphonePartial runOnCloudTot runOnEdgeTot runOnSmartphoneTot minTemp maxTemp avgTemp varianceTemp
0.0 0 0.0 0.0 0 0.0 0.0 0 0.0 0.0 0 0.0 0.0 0 0.0 0.0 0 0.0 0.0 0 0 0 0 0 0 17.0 25.0 21.0 0.0
900.0 376 102.89 0.51 376 102.89 0.51 15178 5100.8 0.54 15178 5100.8 0.54 370 160.42 0.54 370 160.42 0.54 102 10 198 102 10 198 18.9 21.0 19.29 0.67
1800.0 356 103.6 0.51 732 206.49 0.51 15457 147692.9 19.96 30635 152793.7 19.96 352 3053.42 19.96 722 3213.84 19.96 102 10 198 204 20 396 18.7 21.0 18.9 0.01
2700.0 310 102.77 0.51 1042 309.26 0.51 15115 5120.18 0.54 45750 157913.87 19.96 310 160.81 0.54 1032 3374.65 19.96 102 10 198 306 30 594 17.6 21.0 18.3 0.08
3600.0 310 102.77 0.51 1352 412.03 0.51 15112 5118.61 0.54 60862 163032.49 19.96 310 160.82 0.54 1342 3535.47 19.96 102 10 198 408 40 792 17.6 21.0 18.24 0.07
4500.0 376 102.91 0.51 1728 514.94 0.51 15171 5118.65 0.54 76033 168151.14 19.96 370 160.82 0.54 1712 3696.29 19.96 102 10 198 510 50 990 17.6 21.0 18.24 0.07
5400.0 356 103.61 0.51 2084 618.54 0.51 15473 11264.07 20.0 91506 179415.21 20.0 352 180.85 20.0 2064 3877.13 20.0 102 10 198 612 60 1188 17.6 21.0 18.24 0.07
6300.0 310 102.77 0.51 2394 721.32 0.51 15139 5134.0 0.55 106645 184549.21 20.0 310 160.93 0.55 2374 4038.07 20.0 102 10 198 714 70 1386 17.6 21.0 18.24 0.07
7200.0 310 102.77 0.51 2704 824.09 0.51 15137 5133.48 0.55 121782 189682.69 20.0 310 160.93 0.55 2684 4199.0 20.0 102 10 198 816 80 1584 17.6 21.0 18.26 0.06
8100.0 376 102.91 0.51 3080 927.0 0.51 15194 5133.04 0.55 136976 194815.73 20.0 370 160.94 0.55 3054 4359.94 20.0 102 10 198 918 90 1782 17.6 21.0 18.26 0.06
9000.0 356 103.61 0.51 3436 1030.61 0.51 15492 11280.75 20.03 152468 206096.48 20.03 352 180.88 20.03 3406 4540.82 20.03 102 10 198 1020 100 1980 17.6 21.0 18.26 0.06
9900.0 310 102.77 0.51 3746 1133.38 0.51 15156 5131.38 0.54 167624 211227.86 20.03 310 160.87 0.54 3716 4701.69 20.03 102 10 198 1122 110 2178 17.6 21.0 18.23 0.06
10800.0 310 102.77 0.51 4056 1236.15 0.51 15161 5132.35 0.54 182785 216360.22 20.03 310 160.87 0.54 4026 4862.56 20.03 102 10 198 1224 120 2376 17.6 21.0 18.16 0.07
11700.0 376 102.91 0.51 4432 1339.06 0.51 15220 5131.85 0.54 198005 221492.07 20.03 370 160.87 0.54 4396 5023.42 20.03 102 10 198 1326 130 2574 17.6 21.0 18.16 0.07
12600.0 354 103.55 0.51 4786 1442.61 0.51 15174 5128.41 0.55 213179 226620.47 20.03 350 160.92 0.55 4746 5184.35 20.03 102 10 198 1428 140 2772 17.6 21.0 18.16 0.07
13500.0 310 102.77 0.51 5096 1545.38 0.51 15101 5123.34 0.55 228280 231743.82 20.03 310 160.91 0.55 5056 5345.26 20.03 102 10 198 1530 150 2970 17.6 21.0 18.15 0.07
14400.0 310 102.77 0.51 5406 1648.16 0.51 15105 5124.32 0.55 243385 236868.13 20.03 310 160.91 0.55 5366 5506.17 20.03 102 10 198 1632 160 3168 17.6 21.0 18.14 0.07
15300.0 376 102.92 0.51 5782 1751.07 0.51 15165 5124.42 0.55 258550 241992.55 20.03 370 160.92 0.55 5736 5667.09 20.03 102 10 198 1734 170 3366 17.6 21.0 18.14 0.07
16200.0 354 103.55 0.51 6136 1854.62 0.51 15135 5120.47 0.55 273685 247113.02 20.03 350 160.89 0.55 6086 5827.97 20.03 102 10 198 1836 180 3564 17.6 21.0 18.14 0.07
17100.0 310 102.77 0.51 6446 1957.39 0.51 15098 5118.48 0.54 288783 252231.5 20.03 310 160.83 0.54 6396 5988.81 20.03 102 10 198 1938 190 3762 17.6 21.0 18.12 0.06
18000.0 310 102.77 0.51 6756 2060.15 0.51 15100 5118.43 0.54 303883 257349.93 20.03 310 160.83 0.54 6706 6149.64 20.03 102 10 198 2040 200 3960 17.6 21.0 18.11 0.07
18900.0 376 102.91 0.51 7132 2163.06 0.51 15159 5118.53 0.54 319042 262468.46 20.03 370 160.84 0.54 7076 6310.48 20.03 102 10 198 2142 210 4158 17.6 21.0 18.11 0.07
19800.0 354 103.55 0.51 7486 2266.61 0.51 15132 5119.13 0.55 334174 267587.59 20.03 350 160.89 0.55 7426 6471.37 20.03 102 10 198 2244 220 4356 17.6 21.0 18.11 0.07
20700.0 310 102.77 0.51 7796 2369.38 0.51 15102 5120.7 0.55 349276 272708.29 20.03 310 160.88 0.55 7736 6632.25 20.03 102 10 198 2346 230 4554 17.6 21.0 18.09 0.06
21600.0 310 102.77 0.51 8106 2472.15 0.51 15101 5121.67 0.55 364377 277829.96 20.03 310 160.88 0.55 8046 6793.13 20.03 102 10 198 2448 240 4752 17.6 21.0 18.08 0.06
22500.0 376 102.91 0.51 8482 2575.07 0.51 15160 5121.78 0.55 379537 282951.73 20.03 370 160.88 0.55 8416 6954.01 20.03 102 10 198 2550 250 4950 17.6 21.0 18.08 0.06
23400.0 354 103.55 0.51 8836 2678.62 0.51 15128 5122.01 0.55 394665 288073.74 20.03 350 160.93 0.55 8766 7114.94 20.03 102 10 198 2652 260 5148 17.6 21.0 18.08 0.06
24300.0 310 102.77 0.51 9146 2781.39 0.51 15084 5123.16 0.55 409749 293196.9 20.03 310 160.96 0.55 9076 7275.9 20.03 102 10 198 2754 270 5346 17.6 21.0 18.07 0.06
25200.0 310 102.77 0.51 9456 2884.16 0.51 15095 5125.67 0.55 424844 298322.57 20.03 310 160.96 0.55 9386 7436.86 20.03 102 10 198 2856 280 5544 17.5 21.0 18.05 0.06
26100.0 376 102.92 0.51 9832 2987.08 0.51 15155 5125.77 0.55 439999 303448.34 20.03 370 160.96 0.55 9756 7597.82 20.03 102 10 198 2958 290 5742 17.5 21.0 18.05 0.06
27000.0 354 103.55 0.51 10186 3090.63 0.51 15127 5123.64 0.55 455126 308571.98 20.03 350 160.97 0.55 10106 7758.79 20.03 102 10 198 3060 300 5940 17.5 21.0 18.05 0.06
27900.0 310 102.77 0.51 10496 3193.41 0.51 15088 5119.94 0.55 470214 313691.92 20.03 310 160.91 0.55 10416 7919.71 20.03 102 10 198 3162 310 6138 17.5 21.0 18.02 0.06
28800.0 310 102.77 0.51 10806 3296.18 0.51 15096 5121.94 0.55 485310 318813.86 20.03 310 160.92 0.55 10726 8080.62 20.03 102 10 198 3264 320 6336 17.5 21.0 18.01 0.06
29700.0 376 102.92 0.51 11182 3399.09 0.51 15155 5122.04 0.55 500465 323935.9 20.03 370 160.92 0.55 11096 8241.54 20.03 102 10 198 3366 330 6534 17.5 21.0 18.01 0.06
30600.0 354 103.55 0.51 11536 3502.64 0.51 15118 5119.91 0.55 515583 329055.81 20.03 350 160.93 0.55 11446 8402.47 20.03 102 10 198 3468 340 6732 17.5 21.0 18.01 0.06
31500.0 310 102.77 0.51 11846 3605.42 0.51 15086 5122.65 0.55 530669 334178.46 20.03 310 160.96 0.55 11756 8563.43 20.03 102 10 198 3570 350 6930 17.5 21.0 17.98 0.06
32400.0 310 102.77 0.51 12156 3708.19 0.51 15090 5125.16 0.55 545759 339303.62 20.03 310 160.96 0.55 12066 8724.39 20.03 102 10 198 3672 360 7128 17.4 21.0 17.97 0.06
33300.0 376 102.92 0.51 12532 3811.11 0.51 15150 5125.26 0.55 560909 344428.88 20.03 370 160.96 0.55 12436 8885.35 20.03 102 10 198 3774 370 7326 17.4 21.0 17.97 0.06
34200.0 354 103.55 0.51 12886 3914.66 0.51 15112 5122.62 0.55 576021 349551.5 20.03 350 160.97 0.55 12786 9046.32 20.03 102 10 198 3876 380 7524 17.4 21.0 17.97 0.06
35100.0 310 102.77 0.51 13196 4017.44 0.51 15079 5121.63 0.55 591100 354673.13 20.03 310 160.96 0.55 13096 9207.28 20.03 102 10 198 3978 390 7722 17.4 21.0 17.95 0.06
36000.0 310 102.77 0.51 13506 4120.21 0.51 15094 5124.65 0.55 606194 359797.78 20.03 310 160.96 0.55 13406 9368.24 20.03 102 10 198 4080 400 7920 17.4 21.0 17.92 0.06
36900.0 376 102.92 0.51 13882 4223.13 0.51 15154 5124.75 0.55 621348 364922.53 20.03 370 160.96 0.55 13776 9529.21 20.03 102 10 198 4182 410 8118 17.4 21.0 17.92 0.06
37800.0 354 103.55 0.51 14236 4326.68 0.51 15115 5118.08 0.54 636463 370040.61 20.03 350 160.88 0.54 14126 9690.09 20.03 102 10 198 4284 420 8316 17.4 21.0 17.92 0.06
38700.0 310 102.77 0.51 14546 4429.45 0.51 15078 5118.12 0.54 651541 375158.72 20.03 310 160.87 0.54 14436 9850.96 20.03 102 10 198 4386 430 8514 17.4 21.0 17.9 0.07
39600.0 310 102.77 0.51 14856 4532.22 0.51 15088 5120.62 0.54 666629 380279.34 20.03 310 160.87 0.54 14746 10011.82 20.03 102 10 198 4488 440 8712 17.3 21.0 17.89 0.07
40500.0 376 102.91 0.51 15232 4635.13 0.51 15147 5120.72 0.54 681776 385400.06 20.03 370 160.87 0.54 15116 10172.7 20.03 102 10 198 4590 450 8910 17.3 21.0 17.89 0.07
41400.0 354 103.55 0.51 15586 4738.68 0.51 15110 5122.11 0.55 696886 390522.17 20.03 350 160.97 0.55 15466 10333.67 20.03 102 10 198 4692 460 9108 17.3 21.0 17.89 0.07
42300.0 310 102.77 0.51 15896 4841.45 0.51 15086 5121.03 0.55 711972 395643.2 20.03 310 160.92 0.55 15776 10494.58 20.03 102 10 198 4794 470 9306 17.3 21.0 17.86 0.07
43200.0 310 102.77 0.51 16206 4944.22 0.51 15089 5121.99 0.55 727061 400765.19 20.03 310 160.92 0.55 16086 10655.5 20.03 102 10 198 4896 480 9504 17.2 21.0 17.85 0.08
44100.0 376 102.92 0.51 16582 5047.14 0.51 15148 5122.1 0.55 742209 405887.29 20.03 370 160.92 0.55 16456 10816.42 20.03 102 10 198 4998 490 9702 17.2 21.0 17.85 0.08
45000.0 354 103.55 0.51 16936 5150.69 0.51 15100 5117.93 0.55 757309 411005.22 20.03 350 160.93 0.55 16806 10977.35 20.03 102 10 198 5100 500 9900 17.2 21.0 17.85 0.08
45900.0 310 102.77 0.51 17246 5253.46 0.51 15072 5119.57 0.55 772381 416124.79 20.03 310 160.92 0.55 17116 11138.27 20.03 102 10 198 5202 510 10098 17.2 21.0 17.82 0.09
46800.0 310 102.77 0.51 17556 5356.23 0.51 15082 5122.08 0.55 787463 421246.87 20.03 310 160.92 0.55 17426 11299.18 20.03 102 10 198 5304 520 10296 17.2 21.0 17.81 0.09
47700.0 376 102.92 0.51 17932 5459.15 0.51 15142 5122.17 0.55 802605 426369.05 20.03 370 160.92 0.55 17796 11460.11 20.03 102 10 198 5406 530 10494 17.2 21.0 17.81 0.09
48600.0 354 103.55 0.51 18286 5562.7 0.51 15099 5119.03 0.55 817704 431488.08 20.03 350 160.93 0.55 18146 11621.04 20.03 102 10 198 5508 540 10692 17.2 21.0 17.81 0.09
49500.0 310 102.77 0.51 18596 5665.47 0.51 15077 5122.14 0.55 832781 436610.22 20.03 310 160.96 0.55 18456 11781.99 20.03 102 10 198 5610 550 10890 17.2 21.0 17.78 0.1
50400.0 310 102.77 0.51 18906 5768.25 0.51 15096 5125.16 0.55 847877 441735.37 20.03 310 160.96 0.55 18766 11942.96 20.03 102 10 198 5712 560 11088 17.1 21.0 17.76 0.1
51300.0 376 102.92 0.51 19282 5871.16 0.51 15156 5125.26 0.55 863033 446860.63 20.03 370 160.96 0.55 19136 12103.92 20.03 102 10 198 5814 570 11286 17.1 21.0 17.76 0.1
52200.0 354 103.55 0.51 19636 5974.72 0.51 15108 5121.6 0.55 878141 451982.23 20.03 350 160.97 0.55 19486 12264.89 20.03 102 10 198 5916 580 11484 17.1 21.0 17.76 0.1
53100.0 310 102.77 0.51 19946 6077.49 0.51 15060 5120.61 0.55 893201 457102.84 20.03 310 160.96 0.55 19796 12425.85 20.03 102 10 198 6018 590 11682 17.1 21.0 17.75 0.11
54000.0 310 102.77 0.51 20256 6180.27 0.51 15066 5121.59 0.55 908267 462224.43 20.03 310 160.96 0.55 20106 12586.81 20.03 102 10 198 6120 600 11880 17.1 21.0 17.74 0.11
54900.0 376 102.92 0.51 20632 6283.18 0.51 15125 5121.69 0.55 923392 467346.12 20.03 370 160.96 0.55 20476 12747.78 20.03 102 10 198 6222 610 12078 17.1 21.0 17.74 0.11
55800.0 354 103.55 0.51 20986 6386.74 0.51 15094 5119.56 0.55 938486 472465.68 20.03 350 160.97 0.55 20826 12908.75 20.03 102 10 198 6324 620 12276 17.1 21.0 17.74 0.11
56700.0 310 102.77 0.51 21296 6489.51 0.51 15070 5122.14 0.55 953556 477587.82 20.03 310 160.96 0.55 21136 13069.71 20.03 102 10 198 6426 630 12474 17.1 21.0 17.72 0.12
57600.0 310 102.77 0.51 21606 6592.28 0.51 15077 5123.63 0.55 968633 482711.45 20.03 310 160.96 0.55 21446 13230.67 20.03 102 10 198 6528 640 12672 17.1 21.0 17.7 0.12
58500.0 376 102.92 0.51 21982 6695.2 0.51 15137 5123.73 0.55 983770 487835.18 20.03 370 160.96 0.55 21816 13391.63 20.03 102 10 198 6630 650 12870 17.1 21.0 17.7 0.12
59400.0 354 103.55 0.51 22336 6798.75 0.51 15087 5116.68 0.55 998857 492951.85 20.03 350 160.92 0.55 22166 13552.55 20.03 102 10 198 6732 660 13068 17.1 21.0 17.7 0.12
60300.0 310 102.77 0.51 22646 6901.52 0.51 15060 5118.75 0.55 1013917 498070.61 20.03 310 160.91 0.55 22476 13713.47 20.03 102 10 198 6834 670 13266 17.0 21.0 17.68 0.13
61200.0 310 102.77 0.51 22956 7004.3 0.51 15073 5119.22 0.55 1028990 503189.82 20.03 310 160.91 0.55 22786 13874.38 20.03 102 10 198 6936 680 13464 17.0 21.0 17.67 0.13
62100.0 376 102.92 0.51 23332 7107.21 0.51 15130 5118.81 0.55 1044120 508308.63 20.03 370 160.92 0.55 23156 14035.29 20.03 102 10 198 7038 690 13662 17.0 21.0 17.67 0.13
63000.0 354 103.55 0.51 23686 7210.76 0.51 15089 5111.74 0.54 1059209 513420.37 20.03 350 160.85 0.54 23506 14196.15 20.03 102 10 198 7140 700 13860 17.0 21.0 17.67 0.13
63900.0 310 102.77 0.51 23996 7313.52 0.51 15062 5112.84 0.54 1074271 518533.2 20.03 310 160.8 0.54 23816 14356.95 20.03 102 10 198 7242 710 14058 17.0 21.0 17.66 0.14
64800.0 310 102.77 0.51 24306 7416.29 0.51 15066 5114.32 0.54 1089337 523647.52 20.03 310 160.8 0.54 24126 14517.75 20.03 102 10 198 7344 720 14256 17.0 21.0 17.65 0.14
65700.0 376 102.91 0.51 24682 7519.19 0.51 15126 5114.37 0.54 1104463 528761.9 20.03 370 160.8 0.54 24496 14678.56 20.03 102 10 198 7446 730 14454 17.0 21.0 17.65 0.14
66600.0 354 103.54 0.51 25036 7622.74 0.51 15083 5111.4 0.54 1119546 533873.3 20.03 350 160.82 0.54 24846 14839.37 20.03 102 10 198 7548 740 14652 17.0 21.0 17.65 0.14
67500.0 310 102.76 0.51 25346 7725.5 0.51 15039 5108.54 0.54 1134585 538981.84 20.03 310 160.77 0.54 25156 15000.14 20.03 102 10 198 7650 750 14850 17.0 21.0 17.64 0.15
68400.0 310 102.76 0.51 25656 7828.26 0.51 15046 5109.5 0.54 1149631 544091.34 20.03 310 160.77 0.54 25466 15160.91 20.03 102 10 198 7752 760 15048 17.0 21.0 17.63 0.15
69300.0 376 102.91 0.51 26032 7931.17 0.51 15106 5109.56 0.54 1164737 549200.9 20.03 370 160.77 0.54 25836 15321.68 20.03 102 10 198 7854 770 15246 17.0 21.0 17.63 0.15
70200.0 354 103.54 0.51 26386 8034.71 0.51 15079 5108.96 0.54 1179816 554309.86 20.03 350 160.81 0.54 26186 15482.48 20.03 102 10 198 7956 780 15444 17.0 21.0 17.63 0.15
71100.0 310 102.77 0.51 26696 8137.48 0.51 15048 5109.54 0.54 1194864 559419.4 20.03 310 160.8 0.54 26496 15643.28 20.03 102 10 198 8058 790 15642 17.0 21.0 17.63 0.15
72000.0 310 102.77 0.51 27006 8240.24 0.51 15052 5111.02 0.54 1209916 564530.42 20.03 310 160.8 0.54 26806 15804.08 20.03 102 10 198 8160 800 15840 17.0 21.0 17.62 0.16
72900.0 376 102.91 0.51 27382 8343.15 0.51 15107 5109.03 0.54 1225023 569639.46 20.03 370 160.8 0.54 27176 15964.88 20.03 102 10 198 8262 810 16038 17.0 21.0 17.62 0.16
73800.0 354 103.54 0.51 27736 8446.69 0.51 15075 5107.98 0.54 1240098 574747.43 20.03 350 160.81 0.54 27526 16125.69 20.03 102 10 198 8364 820 16236 17.0 21.0 17.62 0.16
74700.0 310 102.77 0.51 28046 8549.46 0.51 15037 5111.05 0.54 1255135 579858.49 20.03 310 160.84 0.54 27836 16286.52 20.03 102 10 198 8466 830 16434 17.0 21.0 17.61 0.16
75600.0 310 102.77 0.51 28356 8652.23 0.51 15035 5109.99 0.54 1270170 584968.48 20.03 310 160.84 0.54 28146 16447.36 20.03 102 10 198 8568 840 16632 17.0 21.0 17.6 0.16
76500.0 376 102.91 0.51 28732 8755.14 0.51 15095 5110.09 0.54 1285265 590078.56 20.03 370 160.84 0.54 28516 16608.21 20.03 102 10 198 8670 850 16830 17.0 21.0 17.6 0.16
77400.0 354 103.54 0.51 29086 8858.68 0.51 15065 5105.66 0.54 1300330 595184.23 20.03 350 160.81 0.54 28866 16769.02 20.03 102 10 198 8772 860 17028 17.0 21.0 17.6 0.16
78300.0 310 102.77 0.51 29396 8961.45 0.51 15026 5106.72 0.54 1315356 600290.95 20.03 310 160.8 0.54 29176 16929.82 20.03 102 10 198 8874 870 17226 17.0 21.0 17.6 0.16
79200.0 310 102.77 0.51 29706 9064.21 0.51 15031 5107.18 0.54 1330387 605398.13 20.03 310 160.8 0.54 29486 17090.62 20.03 102 10 198 8976 880 17424 17.0 21.0 17.6 0.16
80100.0 376 102.91 0.51 30082 9167.12 0.51 15091 5107.23 0.54 1345478 610505.36 20.03 370 160.8 0.54 29856 17251.43 20.03 102 10 198 9078 890 17622 17.0 21.0 17.6 0.16
81000.0 354 103.54 0.51 30436 9270.67 0.51 15057 5106.38 0.54 1360535 615611.73 20.03 350 160.84 0.54 30206 17412.27 20.03 102 10 198 9180 900 17820 17.0 21.0 17.6 0.16
81900.0 310 102.77 0.51 30746 9373.44 0.51 15019 5108.45 0.54 1375554 620720.19 20.03 310 160.88 0.54 30516 17573.15 20.03 102 10 198 9282 910 18018 17.0 21.0 17.59 0.15
82800.0 310 102.77 0.51 31056 9476.21 0.51 15019 5108.41 0.54 1390573 625828.59 20.03 310 160.88 0.54 30826 17734.03 20.03 102 10 198 9384 920 18216 17.0 21.0 17.59 0.15
83700.0 376 102.91 0.51 31432 9579.12 0.51 15075 5107.99 0.54 1405648 630936.59 20.03 370 160.88 0.54 31196 17894.91 20.03 102 10 198 9486 930 18414 17.0 21.0 17.59 0.15
84600.0 354 103.55 0.51 31786 9682.67 0.51 15050 5107.4 0.54 1420698 636043.99 20.03 350 160.89 0.54 31546 18055.8 20.03 102 10 198 9588 940 18612 17.0 21.0 17.59 0.15
85500.0 310 102.77 0.51 32096 9785.43 0.51 15015 5106.9 0.54 1435713 641150.89 20.03 310 160.84 0.54 31856 18216.64 20.03 102 10 198 9690 950 18810 17.0 21.0 17.6 0.14
86400.0 310 102.77 0.51 32406 9888.2 0.51 15015 5106.86 0.54 1450728 646257.74 20.03 310 160.84 0.54 32166 18377.47 20.03 102 10 198 9792 960 19008 17.0 21.0 17.6 0.14
87300.0 376 102.91 0.51 32782 9991.11 0.51 15075 5106.86 0.54 1465803 651364.6 20.03 370 160.84 0.54 32536 18538.31 20.03 102 10 198 9894 970 19206 17.0 21.0 17.6 0.14
88200.0 354 103.55 0.51 33136 10094.66 0.51 15045 5109.34 0.55 1480848 656473.94 20.03 350 160.93 0.55 32886 18699.24 20.03 102 10 198 9996 980 19404 17.0 21.0 17.6 0.14
89100.0 310 102.77 0.51 33446 10197.44 0.51 15063 5120.61 0.55 1495911 661594.55 20.03 310 160.96 0.55 33196 18860.2 20.03 102 10 198 10098 990 19602 17.1 21.0 17.62 0.11
90000.0 310 102.77 0.51 33756 10300.21 0.51 15098 5125.67 0.55 1511009 666720.22 20.03 310 160.96 0.55 33506 19021.16 20.03 102 10 198 10200 1000 19800 17.1 21.0 17.7 0.08
90900.0 376 102.92 0.51 34132 10403.13 0.51 15158 5125.77 0.55 1526167 671845.98 20.03 370 160.96 0.55 33876 19182.13 20.03 102 10 198 10302 1010 19998 17.1 21.0 17.7 0.08
91800.0 354 103.54 0.51 34486 10506.67 0.51 15112 5115.61 0.54 1541279 676961.6 20.03 350 160.85 0.54 34226 19342.98 20.03 102 10 198 10404 1020 20196 17.1 21.0 17.71 0.08
92700.0 310 102.76 0.51 34796 10609.44 0.51 15141 5124.36 0.54 1556420 682085.96 20.03 310 160.76 0.54 34536 19503.73 20.03 102 10 198 10506 1030 20394 17.1 23.8 19.24 2.16
93600.0 310 102.76 0.51 35106 10712.2 0.51 15144 5124.3 0.54 1571564 687210.26 20.03 310 160.76 0.54 34846 19664.49 20.03 102 10 198 10608 1040 20592 17.1 23.8 20.55 4.71
94500.0 376 102.91 0.51 35482 10815.1 0.51 15199 5123.86 0.54 1586763 692334.12 20.03 370 160.76 0.54 35216 19825.25 20.03 102 10 198 10710 1050 20790 17.1 23.8 20.55 4.71
95400.0 354 103.54 0.51 35836 10918.64 0.51 15173 5122.78 0.54 1601936 697456.9 20.03 350 160.77 0.54 35566 19986.02 20.03 102 10 198 10812 1060 20988 17.1 23.8 20.55 4.72
96300.0 310 102.76 0.51 36146 11021.41 0.51 15136 5122.32 0.54 1617072 702579.22 20.03 310 160.76 0.54 35876 20146.77 20.03 102 10 198 10914 1070 21186 17.4 24.0 20.94 4.53
97200.0 310 102.76 0.51 36456 11124.17 0.51 15131 5121.75 0.54 1632203 707700.97 20.03 310 160.76 0.54 36186 20307.53 20.03 102 10 198 11016 1080 21384 17.4 24.0 21.06 4.69
98100.0 376 102.91 0.51 36832 11227.08 0.51 15190 5121.31 0.54 1647393 712822.28 20.03 370 160.76 0.54 36556 20468.29 20.03 102 10 198 11118 1090 21582 17.4 24.0 21.06 4.69
99000.0 354 103.54 0.51 37186 11330.61 0.51 15168 5117.2 0.54 1662561 717939.48 20.03 350 160.69 0.54 36906 20628.97 20.03 102 10 198 11220 1100 21780 17.4 24.0 21.06 4.69
99900.0 310 102.76 0.51 37496 11433.37 0.51 15135 5118.28 0.54 1677696 723057.76 20.03 310 160.68 0.54 37216 20789.65 20.03 102 10 198 11322 1110 21978 17.7 24.0 21.37 3.91
100800.0 310 102.76 0.51 37806 11536.13 0.51 15135 5118.21 0.54 1692831 728175.97 20.03 310 160.68 0.54 37526 20950.33 20.03 102 10 198 11424 1120 22176 17.7 24.0 21.42 3.89
101700.0 376 102.9 0.51 38182 11639.03 0.51 15195 5118.28 0.54 1708026 733294.25 20.03 370 160.68 0.54 37896 21111.0 20.03 102 10 198 11526 1130 22374 17.8 24.0 21.43 3.88
102600.0 354 103.54 0.51 38536 11742.57 0.51 15163 5115.4 0.54 1723189 738409.65 20.03 350 160.68 0.54 38246 21271.68 20.03 102 10 198 11628 1140 22572 17.8 24.0 21.43 3.88
103500.0 310 102.76 0.51 38846 11845.32 0.51 15132 5117.49 0.54 1738321 743527.13 20.03 310 160.67 0.54 38556 21432.35 20.03 102 10 198 11730 1150 22770 18.2 24.0 21.67 3.12
104400.0 310 102.76 0.51 39156 11948.08 0.51 15131 5117.42 0.54 1753452 748644.56 20.03 310 160.67 0.54 38866 21593.02 20.03 102 10 198 11832 1160 22968 18.2 24.0 21.73 3.12
105300.0 376 102.9 0.51 39532 12050.98 0.51 15187 5115.96 0.54 1768639 753760.52 20.03 370 160.67 0.54 39236 21753.69 20.03 102 10 198 11934 1170 23166 18.5 24.0 21.73 3.11
106200.0 354 103.53 0.51 39886 12154.51 0.51 15164 5111.76 0.54 1783803 758872.28 20.03 350 160.62 0.54 39586 21914.31 20.03 102 10 198 12036 1180 23364 18.5 24.0 21.73 3.11
107100.0 310 102.75 0.51 40196 12257.27 0.51 15123 5110.1 0.54 1798926 763982.38 20.03 310 160.57 0.54 39896 22074.89 20.03 102 10 198 12138 1190 23562 18.8 24.0 21.73 2.86
108000.0 310 102.75 0.51 40506 12360.02 0.51 15122 5110.03 0.54 1814048 769092.41 20.03 310 160.57 0.54 40206 22235.46 20.03 102 10 198 12240 1200 23760 18.8 24.0 21.74 2.86
108900.0 376 102.89 0.51 40882 12462.91 0.51 15181 5110.1 0.54 1829229 774202.51 20.03 370 160.58 0.54 40576 22396.03 20.03 102 10 198 12342 1210 23958 18.9 24.0 21.74 2.86
109800.0 354 103.53 0.51 41236 12566.44 0.51 15160 5110.03 0.54 1844389 779312.54 20.03 350 160.57 0.54 40926 22556.61 20.03 102 10 198 12444 1220 24156 18.9 24.0 21.74 2.86
110700.0 310 102.75 0.51 41546 12669.19 0.51 15119 5110.1 0.54 1859508 784422.64 20.03 310 160.57 0.54 41236 22717.18 20.03 102 10 198 12546 1230 24354 18.9 24.0 21.63 2.79
111600.0 310 102.75 0.51 41856 12771.94 0.51 15114 5109.52 0.54 1874622 789532.16 20.03 310 160.57 0.54 41546 22877.75 20.03 102 10 198 12648 1240 24552 18.9 23.9 21.56 2.66
112500.0 376 102.89 0.51 42232 12874.84 0.51 15173 5109.59 0.54 1889795 794641.75 20.03 370 160.58 0.54 41916 23038.33 20.03 102 10 198 12750 1250 24750 18.9 23.9 21.56 2.66
113400.0 354 103.53 0.51 42586 12978.37 0.51 15152 5109.53 0.54 1904947 799751.28 20.03 350 160.58 0.54 42266 23198.91 20.03 102 10 198 12852 1260 24948 18.9 23.9 21.56 2.66
114300.0 310 102.75 0.51 42896 13081.12 0.51 15114 5109.08 0.54 1920061 804860.35 20.03 310 160.57 0.54 42576 23359.48 20.03 102 10 198 12954 1270 25146 18.9 24.0 23.33 0.17
115200.0 310 102.75 0.51 43206 13183.87 0.51 15114 5109.01 0.54 1935175 809969.36 20.03 310 160.57 0.54 42886 23520.06 20.03 102 10 198 13056 1280 25344 18.9 24.0 23.49 0.12
116100.0 376 102.89 0.51 43582 13286.77 0.51 15174 5109.08 0.54 1950349 815078.44 20.03 370 160.58 0.54 43256 23680.63 20.03 102 10 198 13158 1290 25542 21.0 24.0 23.5 0.05
117000.0 354 103.53 0.51 43936 13390.3 0.51 15153 5109.02 0.54 1965502 820187.46 20.03 350 160.58 0.54 43606 23841.21 20.03 102 10 198 13260 1300 25740 21.0 24.0 23.5 0.05
117900.0 310 102.75 0.51 44246 13493.05 0.51 15113 5109.08 0.54 1980615 825296.54 20.03 310 160.57 0.54 43916 24001.79 20.03 102 10 198 13362 1310 25938 21.0 24.0 23.56 0.04
118800.0 310 102.75 0.51 44556 13595.8 0.51 15113 5109.01 0.54 1995728 830405.55 20.03 310 160.57 0.54 44226 24162.36 20.03 102 10 198 13464 1320 26136 21.0 24.0 23.59 0.04
119700.0 376 102.89 0.51 44932 13698.69 0.51 15171 5108.57 0.54 2010899 835514.12 20.03 370 160.58 0.54 44596 24322.94 20.03 102 10 198 13566 1330 26334 21.0 24.0 23.59 0.04
120600.0 354 103.53 0.51 45286 13802.22 0.51 15151 5108.5 0.54 2026050 840622.62 20.03 350 160.57 0.54 44946 24483.51 20.03 102 10 198 13668 1340 26532 21.0 24.0 23.59 0.04
121500.0 310 102.75 0.51 45596 13904.97 0.51 15110 5108.06 0.54 2041160 845730.68 20.03 310 160.57 0.54 45256 24644.08 20.03 102 10 198 13770 1350 26730 21.0 24.0 23.63 0.03
122400.0 310 102.75 0.51 45906 14007.73 0.51 15103 5106.46 0.54 2056263 850837.14 20.03 310 160.57 0.54 45566 24804.66 20.03 102 10 198 13872 1360 26928 21.0 24.0 23.65 0.03
123300.0 376 102.89 0.51 46282 14110.62 0.51 15163 5106.53 0.54 2071426 855943.67 20.03 370 160.58 0.54 45936 24965.23 20.03 102 10 198 13974 1370 27126 21.0 24.0 23.65 0.03
124200.0 354 103.53 0.51 46636 14214.15 0.51 15143 5106.47 0.54 2086569 861050.14 20.03 350 160.58 0.54 46286 25125.81 20.03 102 10 198 14076 1380 27324 21.0 24.0 23.65 0.03
125100.0 310 102.75 0.51 46946 14316.9 0.51 15100 5106.01 0.54 2101669 866156.15 20.03 310 160.57 0.54 46596 25286.39 20.03 102 10 198 14178 1390 27522 21.0 24.0 23.69 0.03
126000.0 310 102.75 0.51 47256 14419.65 0.51 15099 5105.95 0.54 2116768 871262.1 20.03 310 160.57 0.54 46906 25446.96 20.03 102 10 198 14280 1400 27720 21.0 24.0 23.71 0.03
126900.0 376 102.89 0.51 47632 14522.55 0.51 15155 5105.0 0.54 2131923 876367.1 20.03 370 160.58 0.54 47276 25607.53 20.03 102 10 198 14382 1410 27918 21.0 24.0 23.71 0.03
127800.0 354 103.53 0.51 47986 14626.08 0.51 15133 5104.93 0.54 2147056 881472.03 20.03 350 160.57 0.54 47626 25768.11 20.03 102 10 198 14484 1420 28116 21.0 24.0 23.71 0.03
128700.0 310 102.75 0.51 48296 14728.83 0.51 15093 5104.99 0.54 2162149 886577.03 20.03 310 160.57 0.54 47936 25928.68 20.03 102 10 198 14586 1430 28314 21.0 24.0 23.74 0.03
129600.0 310 102.75 0.51 48606 14831.58 0.51 15093 5104.93 0.54 2177242 891681.96 20.03 310 160.57 0.54 48246 26089.25 20.03 102 10 198 14688 1440 28512 21.0 24.0 23.76 0.03
130500.0 376 102.89 0.51 48982 14934.47 0.51 15153 5105.0 0.54 2192395 896786.96 20.03 370 160.58 0.54 48616 26249.83 20.03 102 10 198 14790 1450 28710 21.0 24.0 23.76 0.03
131400.0 354 103.53 0.51 49336 15038.0 0.51 15132 5104.43 0.54 2207527 901891.39 20.03 350 160.58 0.54 48966 26410.41 20.03 102 10 198 14892 1460 28908 21.0 24.0 23.76 0.03
132300.0 310 102.75 0.51 49646 15140.75 0.51 15091 5104.48 0.54 2222618 906995.88 20.03 310 160.57 0.54 49276 26570.99 20.03 102 10 198 14994 1470 29106 21.0 24.0 23.78 0.03
133200.0 310 102.75 0.51 49956 15243.51 0.51 15088 5103.91 0.54 2237706 912099.78 20.03 310 160.57 0.54 49586 26731.56 20.03 102 10 198 15096 1480 29304 21.0 24.0 23.79 0.03
134100.0 376 102.89 0.51 50332 15346.4 0.51 15147 5103.47 0.54 2252853 917203.26 20.03 370 160.58 0.54 49956 26892.13 20.03 102 10 198 15198 1490 29502 21.0 24.0 23.79 0.03
135000.0 354 103.53 0.51 50686 15449.93 0.51 15127 5103.4 0.54 2267980 922306.66 20.03 350 160.57 0.54 50306 27052.71 20.03 102 10 198 15300 1500 29700 21.0 24.0 23.8 0.03
135900.0 310 102.75 0.51 50996 15552.68 0.51 15084 5103.46 0.54 2283064 927410.12 20.03 310 160.57 0.54 50616 27213.28 20.03 102 10 198 15402 1510 29898 21.0 24.0 23.82 0.03
136800.0 310 102.75 0.51 51306 15655.43 0.51 15084 5103.4 0.54 2298148 932513.52 20.03 310 160.57 0.54 50926 27373.85 20.03 102 10 198 15504 1520 30096 21.0 24.0 23.83 0.03
137700.0 376 102.89 0.51 51682 15758.33 0.51 15144 5103.47 0.54 2313292 937616.99 20.03 370 160.58 0.54 51296 27534.43 20.03 102 10 198 15606 1530 30294 21.0 24.0 23.83 0.03
138600.0 354 103.53 0.51 52036 15861.86 0.51 15121 5102.9 0.54 2328413 942719.89 20.03 350 160.58 0.54 51646 27695.01 20.03 102 10 198 15708 1540 30492 21.0 24.0 23.83 0.03
139500.0 310 102.75 0.51 52346 15964.61 0.51 15081 5102.95 0.54 2343494 947822.85 20.03 310 160.57 0.54 51956 27855.58 20.03 102 10 198 15810 1550 30690 21.0 24.0 23.84 0.03
140400.0 310 102.75 0.51 52656 16067.36 0.51 15080 5102.38 0.54 2358574 952925.23 20.03 310 160.57 0.54 52266 28016.16 20.03 102 10 198 15912 1560 30888 21.0 24.0 23.85 0.03
141300.0 376 102.89 0.51 53032 16170.25 0.51 15137 5101.94 0.54 2373711 958027.17 20.03 370 160.58 0.54 52636 28176.73 20.03 102 10 198 16014 1570 31086 21.0 24.0 23.85 0.03
142200.0 354 103.53 0.51 53386 16273.78 0.51 15117 5101.87 0.54 2388828 963129.04 20.03 350 160.57 0.54 52986 28337.31 20.03 102 10 198 16116 1580 31284 21.0 24.0 23.85 0.03
143100.0 310 102.75 0.51 53696 16376.53 0.51 15077 5101.93 0.54 2403905 968230.97 20.03 310 160.57 0.54 53296 28497.88 20.03 102 10 198 16218 1590 31482 21.0 24.0 23.87 0.03
144000.0 310 102.75 0.51 54006 16479.29 0.51 15075 5101.36 0.54 2418980 973332.33 20.03 310 160.57 0.54 53606 28658.45 20.03 102 10 198 16320 1600 31680 21.0 24.0 23.88 0.03
144900.0 376 102.89 0.51 54382 16582.18 0.51 15135 5101.43 0.54 2434115 978433.76 20.03 370 160.58 0.54 53976 28819.03 20.03 102 10 198 16422 1610 31878 21.0 24.0 23.88 0.03
145800.0 354 103.53 0.51 54736 16685.71 0.51 15115 5101.37 0.54 2449230 983535.13 20.03 350 160.58 0.54 54326 28979.61 20.03 102 10 198 16524 1620 32076 21.0 24.0 23.88 0.03
146700.0 310 102.75 0.51 55046 16788.46 0.51 15066 5100.4 0.54 2464296 988635.54 20.03 310 160.57 0.54 54636 29140.18 20.03 102 10 198 16626 1630 32274 21.0 24.0 23.88 0.03
147600.0 310 102.75 0.51 55356 16891.21 0.51 15066 5100.34 0.54 2479362 993735.88 20.03 310 160.57 0.54 54946 29300.75 20.03 102 10 198 16728 1640 32472 21.0 24.0 23.88 0.03
148500.0 376 102.89 0.51 55732 16994.11 0.51 15126 5100.41 0.54 2494488 998836.29 20.03 370 160.58 0.54 55316 29461.33 20.03 102 10 198 16830 1650 32670 21.0 24.0 23.88 0.03
149400.0 354 103.53 0.51 56086 17097.64 0.51 15105 5100.34 0.54 2509593 1003936.63 20.03 350 160.57 0.54 55666 29621.9 20.03 102 10 198 16932 1660 32868 21.0 24.0 23.88 0.03
150300.0 310 102.75 0.51 56396 17200.39 0.51 15065 5100.4 0.54 2524658 1009037.03 20.03 310 160.57 0.54 55976 29782.48 20.03 102 10 198 17034 1670 33066 21.0 24.0 23.88 0.03
151200.0 310 102.75 0.51 56706 17303.14 0.51 15064 5100.34 0.54 2539722 1014137.37 20.03 310 160.57 0.54 56286 29943.05 20.03 102 10 198 17136 1680 33264 21.0 24.0 23.89 0.03
152100.0 376 102.89 0.51 57082 17406.03 0.51 15120 5100.41 0.54 2554842 1019237.79 20.03 370 160.58 0.54 56656 30103.63 20.03 102 10 198 17238 1690 33462 21.0 24.0 23.89 0.03
153000.0 354 103.53 0.51 57436 17509.56 0.51 15100 5100.35 0.54 2569942 1024338.13 20.03 350 160.58 0.54 57006 30264.21 20.03 102 10 198 17340 1700 33660 21.0 24.0 23.89 0.03
153900.0 310 102.75 0.51 57746 17612.31 0.51 15059 5100.4 0.54 2585001 1029438.54 20.03 310 160.57 0.54 57316 30424.78 20.03 102 10 198 17442 1710 33858 21.0 24.0 23.88 0.04
154800.0 310 102.75 0.51 58056 17715.07 0.51 15056 5100.34 0.54 2600057 1034538.88 20.03 310 160.57 0.54 57626 30585.35 20.03 102 10 198 17544 1720 34056 21.0 24.0 23.88 0.04
155700.0 376 102.89 0.51 58432 17817.96 0.51 15116 5100.41 0.54 2615173 1039639.29 20.03 370 160.58 0.54 57996 30745.93 20.03 102 10 198 17646 1730 34254 21.0 24.0 23.88 0.04
156600.0 354 103.53 0.51 58786 17921.49 0.51 15095 5100.34 0.54 2630268 1044739.63 20.03 350 160.57 0.54 58346 30906.5 20.03 102 10 198 17748 1740 34452 21.0 24.0 23.88 0.04
157500.0 310 102.75 0.51 59096 18024.24 0.51 15053 5099.89 0.54 2645321 1049839.52 20.03 310 160.57 0.54 58656 31067.08 20.03 102 10 198 17850 1750 34650 21.0 24.0 23.88 0.04
158400.0 310 102.75 0.51 59406 18126.99 0.51 15053 5099.83 0.54 2660374 1054939.35 20.03 310 160.57 0.54 58966 31227.65 20.03 102 10 198 17952 1760 34848 21.0 24.0 23.88 0.04
159300.0 376 102.89 0.51 59782 18229.89 0.51 15112 5099.9 0.54 2675486 1060039.25 20.03 370 160.58 0.54 59336 31388.22 20.03 102 10 198 18054 1770 35046 21.0 24.0 23.88 0.04
160200.0 354 103.53 0.51 60136 18333.42 0.51 15090 5099.84 0.54 2690576 1065139.09 20.03 350 160.58 0.54 59686 31548.81 20.03 102 10 198 18156 1780 35244 21.0 24.0 23.88 0.04
161100.0 310 102.75 0.51 60446 18436.17 0.51 15050 5099.89 0.54 2705626 1070238.99 20.03 310 160.57 0.54 59996 31709.38 20.03 102 10 198 18258 1790 35442 21.0 24.0 23.85 0.04
162000.0 310 102.75 0.51 60756 18538.92 0.51 15049 5099.83 0.54 2720675 1075338.82 20.03 310 160.57 0.54 60306 31869.95 20.03 102 10 198 18360 1800 35640 21.0 24.0 23.85 0.04
162900.0 376 102.89 0.51 61132 18641.81 0.51 15105 5099.39 0.54 2735780 1080438.2 20.03 370 160.58 0.54 60676 32030.53 20.03 102 10 198 18462 1810 35838 21.0 24.0 23.85 0.04
163800.0 354 103.53 0.51 61486 18745.34 0.51 15085 5099.32 0.54 2750865 1085537.52 20.03 350 160.57 0.54 61026 32191.1 20.03 102 10 198 18564 1820 36036 21.0 24.0 23.85 0.04
164700.0 310 102.75 0.51 61796 18848.09 0.51 15045 5099.38 0.54 2765910 1090636.91 20.03 310 160.57 0.54 61336 32351.67 20.03 102 10 198 18666 1830 36234 21.0 24.0 23.83 0.05
165600.0 310 102.75 0.51 62106 18950.84 0.51 15043 5098.81 0.54 2780953 1095735.72 20.03 310 160.57 0.54 61646 32512.25 20.03 102 10 198 18768 1840 36432 21.0 24.0 23.82 0.04
166500.0 376 102.89 0.51 62482 19053.74 0.51 15103 5098.88 0.54 2796056 1100834.6 20.03 370 160.58 0.54 62016 32672.82 20.03 102 10 198 18870 1850 36630 21.0 24.0 23.82 0.04
167400.0 354 103.53 0.51 62836 19157.27 0.51 15083 5098.82 0.54 2811139 1105933.42 20.03 350 160.58 0.54 62366 32833.4 20.03 102 10 198 18972 1860 36828 21.0 24.0 23.82 0.04
168300.0 310 102.75 0.51 63146 19260.02 0.51 15037 5096.83 0.54 2826176 1111030.25 20.03 310 160.57 0.54 62676 32993.98 20.03 102 10 198 19074 1870 37026 21.0 24.0 23.8 0.05
169200.0 310 102.75 0.51 63456 19362.77 0.51 15038 5097.28 0.54 2841214 1116127.53 20.03 310 160.57 0.54 62986 33154.55 20.03 102 10 198 19176 1880 37224 21.0 24.0 23.79 0.05
170100.0 376 102.89 0.51 63832 19465.66 0.51 15098 5097.35 0.54 2856312 1121224.88 20.03 370 160.58 0.54 63356 33315.13 20.03 102 10 198 19278 1890 37422 21.0 24.0 23.79 0.05
171000.0 354 103.53 0.51 64186 19569.19 0.51 15076 5096.77 0.54 2871388 1126321.65 20.03 350 160.57 0.54 63706 33475.7 20.03 102 10 198 19380 1900 37620 21.0 24.0 23.79 0.05
171900.0 310 102.75 0.51 64496 19671.94 0.51 15033 5096.32 0.54 2886421 1131417.97 20.03 310 160.57 0.54 64016 33636.27 20.03 102 10 198 19482 1910 37818 21.0 24.0 23.75 0.05
172800.0 310 102.75 0.51 64806 19774.69 0.51 15033 5096.26 0.54 2901454 1136514.23 20.03 310 160.57 0.54 64326 33796.84 20.03 102 10 198 19584 1920 38016 21.0 24.0 23.74 0.05
173700.0 376 102.89 0.51 65182 19877.59 0.51 15089 5096.33 0.54 2916543 1141610.56 20.03 370 160.58 0.54 64696 33957.42 20.03 102 10 198 19686 1930 38214 21.0 24.0 23.74 0.05
174600.0 354 103.53 0.51 65536 19981.12 0.51 15067 5095.76 0.54 2931610 1146706.32 20.03 350 160.58 0.54 65046 34118.0 20.03 102 10 198 19788 1940 38412 21.0 24.0 23.74 0.05
175500.0 310 102.75 0.51 65846 20083.87 0.51 15027 5095.81 0.54 2946637 1151802.13 20.03 310 160.57 0.54 65356 34278.58 20.03 102 10 198 19890 1950 38610 21.0 23.9 23.7 0.05
176400.0 310 102.75 0.51 66156 20186.62 0.51 15027 5096.26 0.54 2961664 1156898.39 20.03 310 160.57 0.54 65666 34439.15 20.03 102 10 198 19992 1960 38808 21.0 23.9 23.68 0.05
177300.0 376 102.89 0.51 66532 20289.52 0.51 15087 5096.33 0.54 2976751 1161994.72 20.03 370 160.58 0.54 66036 34599.72 20.03 102 10 198 20094 1970 39006 21.0 23.9 23.68 0.05
178200.0 354 103.53 0.51 66886 20393.04 0.51 15065 5095.76 0.54 2991816 1167090.48 20.03 350 160.58 0.54 66386 34760.31 20.03 102 10 198 20196 1980 39204 21.0 23.9 23.68 0.05
179100.0 310 102.75 0.51 67196 20495.8 0.51 15018 5094.28 0.54 3006834 1172184.77 20.03 310 160.57 0.54 66696 34920.88 20.03 102 10 198 20298 1990 39402 21.0 23.9 23.61 0.05
180000.0 310 102.75 0.51 67506 20598.55 0.51 15024 5095.24 0.54 3021858 1177280.0 20.03 310 160.57 0.54 67006 35081.45 20.03 102 10 198 20400 2000 39600 21.0 23.9 23.58 0.05
180900.0 376 102.89 0.51 67882 20701.44 0.51 15083 5095.31 0.54 3036941 1182375.32 20.03 370 160.58 0.54 67376 35242.03 20.03 102 10 198 20502 2010 39798 21.0 23.9 23.58 0.05
181800.0 354 103.53 0.51 68236 20804.97 0.51 15056 5092.7 0.54 3051997 1187468.01 20.03 350 160.58 0.54 67726 35402.61 20.03 102 10 198 20604 2020 39996 21.0 23.9 23.58 0.05
182700.0 310 102.75 0.51 68546 20907.72 0.51 15013 5091.73 0.54 3067010 1192559.75 20.03 310 160.57 0.54 68036 35563.18 20.03 102 10 198 20706 2030 40194 21.0 23.8 23.5 0.05
183600.0 310 102.75 0.51 68856 21010.47 0.51 15019 5092.69 0.54 3082029 1197652.44 20.03 310 160.57 0.54 68346 35723.76 20.03 102 10 198 20808 2040 40392 21.0 23.8 23.45 0.04
184500.0 376 102.89 0.51 69232 21113.37 0.51 15071 5091.23 0.54 3097100 1202743.67 20.03 370 160.58 0.54 68716 35884.33 20.03 102 10 198 20910 2050 40590 21.0 23.8 23.45 0.04
185400.0 354 103.53 0.51 69586 21216.9 0.51 15047 5091.17 0.54 3112147 1207834.84 20.03 350 160.58 0.54 69066 36044.91 20.03 102 10 198 21012 2060 40788 21.0 23.8 23.45 0.04
186300.0 310 102.75 0.51 69896 21319.65 0.51 15010 5092.24 0.54 3127157 1212927.08 20.03 310 160.57 0.54 69376 36205.49 20.03 102 10 198 21114 2070 40986 21.0 23.7 23.33 0.05
187200.0 310 102.75 0.51 70206 21422.4 0.51 15004 5091.67 0.54 3142161 1218018.75 20.03 310 160.57 0.54 69686 36366.06 20.03 102 10 198 21216 2080 41184 21.0 23.7 23.27 0.04
188100.0 376 102.89 0.51 70582 21525.3 0.51 15063 5091.74 0.54 3157224 1223110.49 20.03 370 160.58 0.54 70056 36526.63 20.03 102 10 198 21318 2090 41382 21.0 23.7 23.27 0.04
189000.0 354 103.53 0.51 70936 21628.82 0.51 15040 5091.17 0.54 3172264 1228201.66 20.03 350 160.58 0.54 70406 36687.22 20.03 102 10 198 21420 2100 41580 21.0 23.7 23.27 0.04
189900.0 310 102.75 0.51 71246 21731.58 0.51 14999 5090.2 0.54 3187263 1233291.86 20.03 310 160.57 0.54 70716 36847.79 20.03 102 10 198 21522 2110 41778 21.0 23.5 23.1 0.05
190800.0 310 102.75 0.51 71556 21834.33 0.51 14999 5090.65 0.54 3202262 1238382.51 20.03 310 160.57 0.54 71026 37008.36 20.03 102 10 198 21624 2120 41976 21.0 23.5 23.02 0.04
191700.0 376 102.89 0.51 71932 21937.22 0.51 15057 5090.72 0.54 3217319 1243473.23 20.03 370 160.58 0.54 71396 37168.94 20.03 102 10 198 21726 2130 42174 21.0 23.5 23.02 0.04
192600.0 354 103.53 0.51 72286 22040.75 0.51 15024 5087.09 0.54 3232343 1248560.32 20.03 350 160.58 0.54 71746 37329.52 20.03 102 10 198 21828 2140 42372 21.0 23.5 23.02 0.04
193500.0 310 102.75 0.51 72596 22143.5 0.51 14989 5089.18 0.54 3247332 1253649.5 20.03 310 160.57 0.54 72056 37490.09 20.03 102 10 198 21930 2150 42570 21.0 23.3 22.83 0.04
194400.0 310 102.75 0.51 72906 22246.26 0.51 14991 5090.14 0.54 3262323 1258739.64 20.03 310 160.57 0.54 72366 37650.67 20.03 102 10 198 22032 2160 42768 21.0 23.3 22.74 0.03
195300.0 376 102.89 0.51 73282 22349.15 0.51 15043 5088.17 0.54 3277366 1263827.81 20.03 370 160.58 0.54 72736 37811.24 20.03 102 10 198 22134 2170 42966 21.0 23.3 22.74 0.03
196200.0 354 103.53 0.51 73636 22452.68 0.51 15020 5087.09 0.54 3292386 1268914.9 20.03 350 160.58 0.54 73086 37971.82 20.03 102 10 198 22236 2180 43164 21.0 23.3 22.73 0.03
197100.0 310 102.75 0.51 73946 22555.43 0.51 14981 5088.67 0.54 3307367 1274003.58 20.03 310 160.57 0.54 73396 38132.4 20.03 102 10 198 22338 2190 43362 21.0 23.1 22.54 0.03
198000.0 310 102.75 0.51 74256 22658.18 0.51 14968 5084.02 0.54 3322335 1279087.59 20.03 310 160.57 0.54 73706 38292.97 20.03 102 10 198 22440 2200 43560 21.0 23.1 22.43 0.03
198900.0 376 102.89 0.51 74632 22761.08 0.51 15028 5084.09 0.54 3337363 1284171.68 20.03 370 160.58 0.54 74076 38453.55 20.03 102 10 198 22542 2210 43758 21.0 23.1 22.43 0.03
199800.0 354 103.53 0.51 74986 22864.61 0.51 15006 5083.51 0.54 3352369 1289255.19 20.03 350 160.57 0.54 74426 38614.12 20.03 102 10 198 22644 2220 43956 21.0 23.1 22.43 0.03
200700.0 310 102.75 0.51 75296 22967.36 0.51 14973 5085.1 0.54 3367342 1294340.3 20.03 310 160.57 0.54 74736 38774.69 20.03 102 10 198 22746 2230 44154 21.0 22.8 22.27 0.02
201600.0 310 102.75 0.51 75606 23070.11 0.51 14971 5085.04 0.54 3382313 1299425.34 20.03 310 160.57 0.54 75046 38935.26 20.03 102 10 198 22848 2240 44352 21.0 22.8 22.2 0.03
202500.0 376 102.89 0.51 75982 23173.0 0.51 15031 5085.11 0.54 3397344 1304510.45 20.03 370 160.58 0.54 75416 39095.84 20.03 102 10 198 22950 2250 44550 21.0 22.8 22.2 0.03
203400.0 354 103.53 0.51 76336 23276.53 0.51 15007 5084.54 0.54 3412351 1309594.98 20.03 350 160.58 0.54 75766 39256.42 20.03 102 10 198 23052 2260 44748 21.0 22.8 22.2 0.03
204300.0 310 102.75 0.51 76646 23379.28 0.51 14975 5085.61 0.54 3427326 1314680.6 20.03 310 160.57 0.54 76076 39417.0 20.03 102 10 198 23154 2270 44946 21.0 22.6 22.07 0.02
205200.0 310 102.75 0.51 76956 23482.04 0.51 14976 5085.55 0.54 3442302 1319766.15 20.03 310 160.57 0.54 76386 39577.57 20.03 102 10 198 23256 2280 45144 21.0 22.6 22.07 0.02
206100.0 376 102.89 0.51 77332 23584.93 0.51 15034 5085.62 0.54 3457336 1324851.76 20.03 370 160.58 0.54 76756 39738.14 20.03 102 10 198 23358 2290 45342 21.0 22.6 22.07 0.02
207000.0 354 103.53 0.51 77686 23688.46 0.51 15007 5084.02 0.54 3472343 1329935.78 20.03 350 160.57 0.54 77106 39898.72 20.03 102 10 198 23460 2300 45540 21.0 22.6 22.07 0.02
207900.0 310 102.75 0.51 77996 23791.21 0.51 14973 5084.59 0.54 3487316 1335020.38 20.03 310 160.57 0.54 77416 40059.29 20.03 102 10 198 23562 2310 45738 21.0 22.2 22.02 0.01
208800.0 310 102.75 0.51 78306 23893.96 0.51 14972 5084.02 0.54 3502288 1340104.39 20.03 310 160.57 0.54 77726 40219.86 20.03 102 10 198 23664 2320 45936 21.0 22.2 22.02 0.01
209700.0 376 102.89 0.51 78682 23996.85 0.51 15031 5084.09 0.54 3517319 1345188.48 20.03 370 160.58 0.54 78096 40380.44 20.03 102 10 198 23766 2330 46134 21.0 22.2 22.02 0.01
210600.0 354 103.53 0.51 79036 24100.38 0.51 15001 5083.01 0.54 3532320 1350271.49 20.03 350 160.58 0.54 78446 40541.02 20.03 102 10 198 23868 2340 46332 21.0 22.2 22.02 0.01
211500.0 310 102.75 0.51 79346 24203.13 0.51 14960 5082.55 0.54 3547280 1355354.05 20.03 310 160.57 0.54 78756 40701.59 20.03 102 10 198 23970 2350 46530 21.0 22.0 22.0 0.0
212400.0 310 102.75 0.51 79656 24305.89 0.51 14960 5082.49 0.54 3562240 1360436.53 20.03 310 160.57 0.54 79066 40862.17 20.03 102 10 198 24072 2360 46728 21.0 22.0 22.0 0.0
213300.0 376 102.89 0.51 80032 24408.78 0.51 15018 5082.05 0.54 3577258 1365518.58 20.03 370 160.58 0.54 79436 41022.74 20.03 102 10 198 24174 2370 46926 21.0 22.0 22.0 0.0
214200.0 354 103.53 0.51 80386 24512.31 0.51 14984 5080.96 0.54 3592242 1370599.54 20.03 350 160.57 0.54 79786 41183.32 20.03 102 10 198 24276 2380 47124 21.0 22.0 22.0 0.0
215100.0 310 102.75 0.51 80696 24615.06 0.51 14944 5081.02 0.54 3607186 1375680.56 20.03 310 160.57 0.54 80096 41343.89 20.03 102 10 198 24378 2390 47322 21.0 22.0 22.0 0.0
216000.0 310 102.75 0.51 81006 24717.81 0.51 14941 5080.45 0.54 3622127 1380761.01 20.03 310 160.57 0.54 80406 41504.46 20.03 102 10 198 24480 2400 47520 21.0 22.0 22.0 0.0
216900.0 376 102.89 0.51 81382 24820.7 0.51 14997 5080.52 0.54 3637124 1385841.53 20.03 370 160.58 0.54 80776 41665.04 20.03 102 10 198 24582 2410 47718 21.0 22.0 22.0 0.0
217800.0 354 103.53 0.51 81736 24924.23 0.51 14976 5080.46 0.54 3652100 1390921.99 20.03 350 160.58 0.54 81126 41825.62 20.03 102 10 198 24684 2420 47916 21.0 22.0 22.0 0.0
218700.0 310 102.75 0.51 82046 25026.98 0.51 14928 5079.49 0.54 3667028 1396001.48 20.03 310 160.57 0.54 81436 41986.19 20.03 102 10 198 24786 2430 48114 21.0 22.0 22.0 0.0
219600.0 310 102.75 0.51 82356 25129.74 0.51 14927 5078.92 0.54 3681955 1401080.4 20.03 310 160.57 0.54 81746 42146.76 20.03 102 10 198 24888 2440 48312 21.0 22.0 22.0 0.0
220500.0 376 102.89 0.51 82732 25232.63 0.51 14978 5077.46 0.54 3696933 1406157.86 20.03 370 160.58 0.54 82116 42307.34 20.03 102 10 198 24990 2450 48510 21.0 22.0 22.0 0.0
221400.0 354 103.53 0.51 83086 25336.16 0.51 14956 5077.95 0.54 3711889 1411235.81 20.03 350 160.61 0.54 82466 42467.96 20.03 102 10 198 25092 2460 48708 21.0 22.0 21.99 0.0
222300.0 310 102.75 0.51 83396 25438.92 0.51 15007 5093.95 0.54 3726896 1416329.76 20.03 310 160.62 0.54 82776 42628.57 20.03 102 10 198 25194 2470 48906 19.8 22.0 21.11 0.08
223200.0 310 102.75 0.51 83706 25541.67 0.51 15035 5099.0 0.54 3741931 1421428.76 20.03 310 160.62 0.54 83086 42789.19 20.03 102 10 198 25296 2480 49104 19.8 22.0 20.58 0.15
224100.0 376 102.9 0.51 84082 25644.57 0.51 15095 5099.06 0.54 3757026 1426527.82 20.03 370 160.62 0.54 83456 42949.81 20.03 102 10 198 25398 2490 49302 19.8 21.8 20.57 0.15
225000.0 354 103.53 0.51 84436 25748.1 0.51 15075 5098.37 0.54 3772101 1431626.18 20.03 350 160.61 0.54 83806 43110.42 20.03 102 10 198 25500 2500 49500 19.8 21.8 20.57 0.15
225900.0 310 102.75 0.51 84746 25850.85 0.51 15037 5098.74 0.54 3787138 1436724.92 20.03 310 160.61 0.54 84116 43271.03 20.03 102 10 198 25602 2510 49698 19.8 21.7 20.51 0.14
226800.0 310 102.75 0.51 85056 25953.61 0.51 15037 5098.68 0.54 3802175 1441823.6 20.03 310 160.61 0.54 84426 43431.64 20.03 102 10 198 25704 2520 49896 19.8 21.7 20.48 0.16
227700.0 376 102.9 0.51 85432 26056.5 0.51 15097 5098.75 0.54 3817272 1446922.35 20.03 370 160.61 0.54 84796 43592.26 20.03 102 10 198 25806 2530 50094 19.8 21.7 20.48 0.16
228600.0 354 103.53 0.51 85786 26160.04 0.51 15073 5099.04 0.54 3832345 1452021.39 20.03 350 160.63 0.54 85146 43752.89 20.03 102 10 198 25908 2540 50292 19.8 21.7 20.48 0.16
229500.0 310 102.75 0.51 86096 26262.79 0.51 15035 5098.76 0.54 3847380 1457120.15 20.03 310 160.61 0.54 85456 43913.5 20.03 102 10 198 26010 2550 50490 19.9 21.6 20.48 0.15
230400.0 310 102.75 0.51 86406 26365.54 0.51 15035 5098.19 0.54 3862415 1462218.34 20.03 310 160.61 0.54 85766 44074.11 20.03 102 10 198 26112 2560 50688 19.9 21.6 20.46 0.16
231300.0 376 102.89 0.51 86782 26468.44 0.51 15093 5098.25 0.54 3877508 1467316.6 20.03 370 160.61 0.54 86136 44234.72 20.03 102 10 198 26214 2570 50886 19.8 21.6 20.46 0.16
232200.0 354 103.53 0.51 87136 26571.97 0.51 15070 5098.2 0.54 3892578 1472414.8 20.03 350 160.62 0.54 86486 44395.35 20.03 102 10 198 26316 2580 51084 19.8 21.6 20.46 0.16
233100.0 310 102.75 0.51 87446 26674.72 0.51 15033 5098.07 0.54 3907611 1477512.86 20.03 310 160.62 0.54 86796 44555.97 20.03 102 10 198 26418 2590 51282 19.8 21.5 20.51 0.16
234000.0 310 102.75 0.51 87756 26777.48 0.51 15030 5098.52 0.54 3922641 1482611.38 20.03 310 160.62 0.54 87106 44716.58 20.03 102 10 198 26520 2600 51480 19.8 21.5 20.5 0.17
234900.0 376 102.9 0.51 88132 26880.38 0.51 15090 5098.58 0.54 3937731 1487709.96 20.03 370 160.62 0.54 87476 44877.21 20.03 102 10 198 26622 2610 51678 19.8 21.5 20.5 0.17
235800.0 354 103.53 0.51 88486 26983.91 0.51 15061 5095.39 0.54 3952792 1492805.35 20.03 350 160.61 0.54 87826 45037.81 20.03 102 10 198 26724 2620 51876 19.8 21.5 20.5 0.17
236700.0 310 102.75 0.51 88796 27086.66 0.51 15030 5096.32 0.54 3967822 1497901.67 20.03 310 160.58 0.54 88136 45198.4 20.03 102 10 198 26826 2630 52074 19.8 21.4 20.55 0.16
237600.0 310 102.75 0.51 89106 27189.41 0.51 15029 5096.27 0.54 3982851 1502997.94 20.03 310 160.58 0.54 88446 45358.98 20.03 102 10 198 26928 2640 52272 19.8 21.4 20.55 0.16
238500.0 376 102.89 0.51 89482 27292.3 0.51 15080 5095.3 0.54 3997931 1508093.24 20.03 370 160.59 0.54 88816 45519.56 20.03 102 10 198 27030 2650 52470 19.7 21.4 20.55 0.16
239400.0 354 103.53 0.51 89836 27395.83 0.51 15038 5091.14 0.54 4012969 1513184.38 20.03 350 160.61 0.54 89166 45680.18 20.03 102 10 198 27132 2660 52668 19.7 21.4 20.55 0.16
240300.0 310 102.75 0.51 90146 27498.59 0.51 15017 5094.75 0.54 4027986 1518279.13 20.03 310 160.6 0.54 89476 45840.78 20.03 102 10 198 27234 2670 52866 19.7 21.6 20.6 0.17
241200.0 310 102.75 0.51 90456 27601.34 0.51 15012 5093.68 0.54 4042998 1523372.81 20.03 310 160.6 0.54 89786 46001.38 20.03 102 10 198 27336 2680 53064 19.7 21.6 20.6 0.17
242100.0 376 102.9 0.51 90832 27704.24 0.51 15071 5093.74 0.54 4058069 1528466.55 20.03 370 160.61 0.54 90156 46161.99 20.03 102 10 198 27438 2690 53262 19.7 21.6 20.6 0.17
243000.0 354 103.53 0.51 91186 27807.77 0.51 15034 5090.11 0.54 4073103 1533556.67 20.03 350 160.61 0.54 90506 46322.6 20.03 102 10 198 27540 2700 53460 19.7 21.6 20.6 0.17
243900.0 310 102.75 0.51 91496 27910.52 0.51 15009 5094.03 0.54 4088112 1538650.7 20.03 310 160.61 0.54 90816 46483.21 20.03 102 10 198 27642 2710 53658 19.7 21.8 20.65 0.18
244800.0 310 102.75 0.51 91806 28013.28 0.51 15007 5093.47 0.54 4103119 1543744.17 20.03 310 160.61 0.54 91126 46643.82 20.03 102 10 198 27744 2720 53856 19.7 21.8 20.64 0.18
245700.0 376 102.9 0.51 92182 28116.17 0.51 15067 5093.53 0.54 4118186 1548837.7 20.03 370 160.61 0.54 91496 46804.43 20.03 102 10 198 27846 2730 54054 19.6 21.8 20.64 0.18
246600.0 354 103.53 0.51 92536 28219.71 0.51 15023 5088.53 0.54 4133209 1553926.23 20.03 350 160.62 0.54 91846 46965.06 20.03 102 10 198 27948 2740 54252 19.6 21.8 20.64 0.18
247500.0 310 102.75 0.51 92846 28322.46 0.51 15001 5091.49 0.54 4148210 1559017.72 20.03 310 160.61 0.54 92156 47125.67 20.03 102 10 198 28050 2750 54450 19.6 21.9 20.63 0.19
248400.0 310 102.75 0.51 93156 28425.21 0.51 14999 5089.89 0.54 4163209 1564107.61 20.03 310 160.61 0.54 92466 47286.27 20.03 102 10 198 28152 2760 54648 19.6 21.9 20.63 0.2
249300.0 376 102.9 0.51 93532 28528.11 0.51 15049 5087.92 0.54 4178258 1569195.53 20.03 370 160.61 0.54 92836 47446.89 20.03 102 10 198 28254 2770 54846 19.5 21.9 20.63 0.2
250200.0 354 103.53 0.51 93886 28631.64 0.51 15015 5086.48 0.54 4193273 1574282.01 20.03 350 160.61 0.54 93186 47607.5 20.03 102 10 198 28356 2780 55044 19.5 21.9 20.63 0.2
251100.0 310 102.75 0.51 94196 28734.39 0.51 14999 5093.67 0.54 4208272 1579375.68 20.03 310 160.6 0.54 93496 47768.1 20.03 102 10 198 28458 2790 55242 19.5 22.0 20.6 0.21
252000.0 310 102.75 0.51 94506 28837.15 0.51 15005 5093.11 0.54 4223277 1584468.79 20.03 310 160.6 0.54 93806 47928.7 20.03 102 10 198 28560 2800 55440 19.5 22.0 20.57 0.24
252900.0 376 102.9 0.51 94882 28940.04 0.51 15064 5092.66 0.54 4238341 1589561.45 20.03 370 160.6 0.54 94176 48089.31 20.03 102 10 198 28662 2810 55638 19.5 22.0 20.57 0.24
253800.0 354 103.53 0.51 95236 29043.58 0.51 15023 5087.46 0.54 4253364 1594648.91 20.03 350 160.6 0.54 94526 48249.91 20.03 102 10 198 28764 2820 55836 19.5 22.0 20.57 0.24
254700.0 310 102.75 0.51 95546 29146.33 0.51 15032 5097.35 0.54 4268396 1599746.26 20.03 310 160.6 0.54 94836 48410.52 20.03 102 10 198 28866 2830 56034 19.5 21.8 20.44 0.23
255600.0 310 102.75 0.51 95856 29249.08 0.51 15037 5098.83 0.54 4283433 1604845.09 20.03 310 160.6 0.54 95146 48571.12 20.03 102 10 198 28968 2840 56232 19.5 21.8 20.4 0.24
256500.0 376 102.9 0.51 96232 29351.98 0.51 15097 5098.89 0.54 4298530 1609943.98 20.03 370 160.61 0.54 95516 48731.73 20.03 102 10 198 29070 2850 56430 19.3 21.8 20.4 0.24
257400.0 354 103.53 0.51 96586 29455.51 0.51 15056 5094.99 0.54 4313586 1615038.97 20.03 350 160.61 0.54 95866 48892.33 20.03 102 10 198 29172 2860 56628 19.3 21.8 20.4 0.24
258300.0 310 102.75 0.51 96896 29558.26 0.51 15044 5099.96 0.54 4328630 1620138.93 20.03 310 160.61 0.54 96176 49052.94 20.03 102 10 198 29274 2870 56826 19.3 21.6 20.23 0.23
259200.0 310 102.75 0.51 97206 29661.02 0.51 15045 5099.9 0.54 4343675 1625238.83 20.03 310 160.61 0.54 96486 49213.55 20.03 102 10 198 29376 2880 57024 19.3 21.6 20.16 0.27
260100.0 376 102.9 0.51 97582 29763.91 0.51 15105 5099.97 0.54 4358780 1630338.8 20.03 370 160.61 0.54 96856 49374.15 20.03 102 10 198 29478 2890 57222 19.2 21.6 20.16 0.27
261000.0 356 103.59 0.51 97938 29867.51 0.51 15392 148860.53 20.03 4374172 1779199.33 20.03 352 3073.19 20.03 97208 52447.35 20.03 102 10 198 29580 2900 57420 19.2 21.6 20.16 0.27
261900.0 310 102.75 0.51 98248 29970.26 0.51 15063 5102.14 0.54 4389235 1784301.47 20.03 310 160.6 0.54 97518 52607.94 20.03 102 10 198 29682 2910 57618 18.9 21.0 19.69 0.2
262800.0 310 102.75 0.51 98558 30073.01 0.51 15066 5102.57 0.54 4404301 1789404.04 20.03 310 160.59 0.54 97828 52768.54 20.03 102 10 198 29784 2920 57816 18.9 21.0 19.64 0.25
263700.0 376 102.9 0.51 98934 30175.91 0.51 15126 5102.61 0.54 4419427 1794506.65 20.03 370 160.6 0.54 98198 52929.14 20.03 102 10 198 29886 2930 58014 18.9 21.0 19.65 0.25
264600.0 356 103.6 0.51 99290 30279.51 0.51 15415 149222.98 20.05 4434842 1943729.63 20.05 352 3080.82 20.05 98550 56009.96 20.05 102 10 198 29988 2940 58212 18.9 21.0 19.64 0.25
265500.0 310 102.77 0.51 99600 30382.29 0.51 15142 5139.45 0.55 4449984 1948869.08 20.05 310 161.01 0.55 98860 56170.97 20.05 102 10 198 30090 2950 58410 17.3 21.0 18.11 0.14
266400.0 310 102.77 0.51 99910 30485.06 0.51 15148 5140.47 0.55 4465132 1954009.54 20.05 310 161.02 0.55 99170 56331.99 20.05 102 10 198 30192 2960 58608 17.3 21.0 17.83 0.05
267300.0 376 102.92 0.51 100286 30587.98 0.51 15208 5140.52 0.55 4480340 1959150.06 20.05 370 161.02 0.55 99540 56493.01 20.05 102 10 198 30294 2970 58806 17.3 21.0 17.83 0.05
268200.0 356 103.62 0.51 100642 30691.6 0.51 15496 149228.75 20.04 4495836 2108378.81 20.05 352 3079.04 20.04 99892 59572.05 20.05 102 10 198 30396 2980 59004 17.3 21.0 17.83 0.05
269100.0 310 102.77 0.51 100952 30794.37 0.51 15141 5134.11 0.55 4510977 2113512.92 20.05 310 160.95 0.55 100202 59733.0 20.05 102 10 198 30498 2990 59202 17.3 21.0 17.8 0.05
270000.0 310 102.77 0.51 101262 30897.14 0.51 15141 5134.09 0.55 4526118 2118647.01 20.05 310 160.95 0.55 100512 59893.95 20.05 102 10 198 30600 3000 59400 17.3 21.0 17.78 0.06
270900.0 376 102.92 0.51 101638 31000.06 0.51 15200 5134.17 0.55 4541318 2123781.18 20.05 370 160.95 0.55 100882 60054.9 20.05 102 10 198 30702 3010 59598 17.3 21.0 17.78 0.06
271800.0 354 103.55 0.51 101992 31103.61 0.51 15177 5133.32 0.55 4556495 2128914.5 20.05 350 160.95 0.55 101232 60215.85 20.05 102 10 198 30804 3020 59796 17.3 21.0 17.78 0.06
272700.0 310 102.77 0.51 102302 31206.38 0.51 15141 5134.87 0.55 4571636 2134049.36 20.05 310 160.94 0.55 101542 60376.79 20.05 102 10 198 30906 3030 59994 17.3 21.0 17.77 0.06
273600.0 310 102.77 0.51 102612 31309.16 0.51 15140 5134.34 0.55 4586776 2139183.7 20.05 310 160.95 0.55 101852 60537.74 20.05 102 10 198 31008 3040 60192 17.3 21.0 17.76 0.06
274500.0 376 102.92 0.51 102988 31412.07 0.51 15198 5133.9 0.55 4601974 2144317.61 20.05 370 160.95 0.55 102222 60698.68 20.05 102 10 198 31110 3050 60390 17.3 21.0 17.76 0.06
275400.0 354 103.55 0.51 103342 31515.62 0.51 15174 5134.43 0.55 4617148 2149452.03 20.05 350 161.0 0.55 102572 60859.68 20.05 102 10 198 31212 3060 60588 17.3 21.0 17.76 0.06
276300.0 310 102.77 0.51 103652 31618.4 0.51 15132 5131.93 0.55 4632280 2154583.97 20.05 310 160.94 0.55 102882 61020.62 20.05 102 10 198 31314 3070 60786 17.3 21.0 17.75 0.05
277200.0 310 102.77 0.51 103962 31721.17 0.51 15135 5132.42 0.55 4647415 2159716.39 20.05 310 160.94 0.55 103192 61181.56 20.05 102 10 198 31416 3080 60984 17.3 21.0 17.73 0.05
278100.0 376 102.91 0.51 104338 31824.08 0.51 15195 5132.45 0.55 4662610 2164848.83 20.05 370 160.94 0.55 103562 61342.49 20.05 102 10 198 31518 3090 61182 17.3 21.0 17.73 0.05
279000.0 354 103.55 0.51 104692 31927.63 0.51 15171 5129.55 0.55 4677781 2169978.38 20.05 350 160.91 0.55 103912 61503.41 20.05 102 10 198 31620 3100 61380 17.3 21.0 17.73 0.05
279900.0 310 102.77 0.51 105002 32030.4 0.51 15129 5132.07 0.55 4692910 2175110.45 20.05 310 160.95 0.55 104222 61664.35 20.05 102 10 198 31722 3110 61578 17.3 21.0 17.72 0.05
280800.0 310 102.77 0.51 105312 32133.17 0.51 15131 5132.56 0.55 4708041 2180243.01 20.05 310 160.95 0.55 104532 61825.31 20.05 102 10 198 31824 3120 61776 17.3 21.0 17.71 0.05
281700.0 376 102.92 0.51 105688 32236.09 0.51 15188 5132.64 0.55 4723229 2185375.65 20.05 370 160.95 0.55 104902 61986.26 20.05 102 10 198 31926 3130 61974 17.3 21.0 17.71 0.05
282600.0 354 103.55 0.51 106042 32339.64 0.51 15166 5131.87 0.55 4738395 2190507.52 20.05 350 160.96 0.55 105252 62147.22 20.05 102 10 198 32028 3140 62172 17.3 21.0 17.71 0.05
283500.0 310 102.77 0.51 106352 32442.41 0.51 15126 5129.24 0.55 4753521 2195636.76 20.05 310 160.9 0.55 105562 62308.12 20.05 102 10 198 32130 3150 62370 17.3 21.0 17.7 0.05
284400.0 310 102.77 0.51 106662 32545.18 0.51 15127 5129.71 0.55 4768648 2200766.47 20.05 310 160.9 0.55 105872 62469.02 20.05 102 10 198 32232 3160 62568 17.3 21.0 17.69 0.05
285300.0 376 102.91 0.51 107038 32648.09 0.51 15187 5129.81 0.55 4783835 2205896.28 20.05 370 160.91 0.55 106242 62629.93 20.05 102 10 198 32334 3170 62766 17.3 21.0 17.69 0.05
286200.0 354 103.55 0.51 107392 32751.64 0.51 15165 5129.73 0.55 4799000 2211026.01 20.05 350 160.91 0.55 106592 62790.85 20.05 102 10 198 32436 3180 62964 17.3 21.0 17.69 0.05
287100.0 310 102.77 0.51 107702 32854.41 0.51 15125 5128.28 0.55 4814125 2216154.29 20.05 310 160.89 0.55 106902 62951.74 20.05 102 10 198 32538 3190 63162 17.3 21.0 17.69 0.05
288000.0 310 102.77 0.51 108012 32957.18 0.51 15125 5128.77 0.55 4829250 2221283.06 20.05 310 160.89 0.55 107212 63112.63 20.05 102 10 198 32640 3200 63360 17.3 21.0 17.68 0.05
288900.0 376 102.91 0.51 108388 33060.1 0.51 15185 5128.85 0.55 4844435 2226411.91 20.05 370 160.9 0.55 107582 63273.53 20.05 102 10 198 32742 3210 63558 17.3 21.0 17.68 0.05
289800.0 354 103.55 0.51 108742 33163.64 0.51 15156 5129.37 0.55 4859591 2231541.28 20.05 350 160.95 0.55 107932 63434.48 20.05 102 10 198 32844 3220 63756 17.3 21.0 17.68 0.05
290700.0 310 102.78 0.51 109052 33266.42 0.51 15119 5132.4 0.55 4874710 2236673.68 20.05 310 160.99 0.55 108242 63595.47 20.05 102 10 198 32946 3230 63954 17.3 21.0 17.69 0.04
291600.0 310 102.78 0.51 109362 33369.19 0.51 15119 5131.87 0.55 4889829 2241805.55 20.05 310 160.99 0.55 108552 63756.45 20.05 102 10 198 33048 3240 64152 17.3 21.0 17.68 0.04
292500.0 376 102.92 0.51 109738 33472.11 0.51 15176 5131.44 0.55 4905005 2246936.98 20.05 370 160.99 0.55 108922 63917.45 20.05 102 10 198 33150 3250 64350 17.3 21.0 17.68 0.04
293400.0 354 103.55 0.51 110092 33575.66 0.51 15153 5129.01 0.55 4920158 2252065.99 20.05 350 160.96 0.55 109272 64078.41 20.05 102 10 198 33252 3260 64548 17.3 21.0 17.68 0.04
294300.0 310 102.77 0.51 110402 33678.44 0.51 15116 5130.04 0.55 4935274 2257196.03 20.05 310 160.95 0.55 109582 64239.36 20.05 102 10 198 33354 3270 64746 17.4 21.0 17.69 0.04
295200.0 310 102.77 0.51 110712 33781.21 0.51 15111 5128.99 0.55 4950385 2262325.02 20.05 310 160.95 0.55 109892 64400.31 20.05 102 10 198 33456 3280 64944 17.4 21.0 17.68 0.04
296100.0 376 102.92 0.51 111088 33884.12 0.51 15171 5129.08 0.55 4965556 2267454.09 20.05 370 160.95 0.55 110262 64561.26 20.05 102 10 198 33558 3290 65142 17.4 21.0 17.68 0.04
297000.0 354 103.55 0.51 111442 33987.68 0.51 15147 5129.83 0.55 4980703 2272583.93 20.05 350 161.0 0.55 110612 64722.26 20.05 102 10 198 33660 3300 65340 17.4 21.0 17.68 0.04
297900.0 310 102.78 0.51 111752 34090.45 0.51 15106 5129.85 0.55 4995809 2277713.78 20.05 310 160.99 0.55 110922 64883.25 20.05 102 10 198 33762 3310 65538 17.4 21.0 17.68 0.04
298800.0 310 102.78 0.51 112062 34193.23 0.51 15108 5129.32 0.55 5010917 2282843.09 20.05 310 160.99 0.55 111232 65044.24 20.05 102 10 198 33864 3320 65736 17.4 21.0 17.68 0.04
299700.0 376 102.92 0.51 112438 34296.14 0.51 15168 5129.4 0.55 5026085 2287972.49 20.05 370 160.99 0.55 111602 65205.23 20.05 102 10 198 33966 3330 65934 17.4 21.0 17.68 0.04
300600.0 354 103.55 0.51 112792 34399.7 0.51 15143 5128.82 0.55 5041228 2293101.31 20.05 350 161.0 0.55 111952 65366.23 20.05 102 10 198 34068 3340 66132 17.4 21.0 17.68 0.04
301500.0 310 102.77 0.51 113102 34502.47 0.51 15107 5127.8 0.55 5056335 2298229.1 20.05 310 160.94 0.55 112262 65527.17 20.05 102 10 198 34170 3350 66330 17.4 21.0 17.69 0.04
302400.0 310 102.77 0.51 113412 34605.24 0.51 15107 5127.27 0.55 5071442 2303356.37 20.05 310 160.95 0.55 112572 65688.12 20.05 102 10 198 34272 3360 66528 17.4 21.0 17.68 0.04
303300.0 376 102.92 0.51 113788 34708.16 0.51 15164 5126.32 0.55 5086606 2308482.69 20.05 370 160.95 0.55 112942 65849.07 20.05 102 10 198 34374 3370 66726 17.4 21.0 17.68 0.04
304200.0 354 103.55 0.51 114142 34811.71 0.51 15139 5123.89 0.55 5101745 2313606.58 20.05 350 160.92 0.55 113292 66009.99 20.05 102 10 198 34476 3380 66924 17.4 21.0 17.68 0.04
305100.0 310 102.77 0.51 114452 34914.48 0.51 15106 5127.98 0.55 5116851 2318734.56 20.05 310 160.95 0.55 113602 66170.94 20.05 102 10 198 34578 3390 67122 17.4 21.0 17.69 0.04
306000.0 310 102.77 0.51 114762 35017.25 0.51 15105 5126.95 0.55 5131956 2323861.51 20.05 310 160.95 0.55 113912 66331.89 20.05 102 10 198 34680 3400 67320 17.4 21.0 17.68 0.04
306900.0 376 102.92 0.51 115138 35120.17 0.51 15165 5127.03 0.55 5147121 2328988.54 20.05 370 160.95 0.55 114282 66492.84 20.05 102 10 198 34782 3410 67518 17.4 21.0 17.68 0.04
307800.0 354 103.55 0.51 115492 35223.72 0.51 15134 5126.78 0.55 5162255 2334115.31 20.05 350 161.0 0.55 114632 66653.84 20.05 102 10 198 34884 3420 67716 17.4 21.0 17.68 0.04
308700.0 310 102.78 0.51 115802 35326.5 0.51 15097 5126.79 0.55 5177352 2339242.1 20.05 310 160.99 0.55 114942 66814.83 20.05 102 10 198 34986 3430 67914 17.4 21.0 17.7 0.04
309600.0 310 102.78 0.51 116112 35429.27 0.51 15096 5126.26 0.55 5192448 2344368.36 20.05 310 160.99 0.55 115252 66975.82 20.05 102 10 198 35088 3440 68112 17.4 21.0 17.69 0.04
310500.0 376 102.92 0.51 116488 35532.19 0.51 15155 5126.34 0.55 5207603 2349494.7 20.05 370 160.99 0.55 115622 67136.81 20.05 102 10 198 35190 3450 68310 17.4 21.0 17.69 0.04
311400.0 354 103.55 0.51 116842 35635.74 0.51 15125 5123.91 0.55 5222728 2354618.6 20.05 350 160.96 0.55 115972 67297.77 20.05 102 10 198 35292 3460 68508 17.4 21.0 17.69 0.04
312300.0 310 102.77 0.51 117152 35738.51 0.51 15095 5125.96 0.55 5237823 2359744.56 20.05 310 160.95 0.55 116282 67458.72 20.05 102 10 198 35394 3470 68706 17.4 21.0 17.71 0.05
313200.0 310 102.77 0.51 117462 35841.28 0.51 15093 5125.93 0.55 5252916 2364870.49 20.05 310 160.95 0.55 116592 67619.67 20.05 102 10 198 35496 3480 68904 17.3 21.0 17.71 0.05
314100.0 376 102.92 0.51 117838 35944.2 0.51 15147 5125.0 0.55 5268063 2369995.49 20.05 370 160.95 0.55 116962 67780.62 20.05 102 10 198 35598 3490 69102 17.3 21.0 17.71 0.05
315000.0 354 103.55 0.51 118192 36047.75 0.51 15115 5124.22 0.55 5283178 2375119.71 20.05 350 161.0 0.55 117312 67941.62 20.05 102 10 198 35700 3500 69300 17.3 21.0 17.71 0.05
315900.0 310 102.77 0.51 118502 36150.52 0.51 15076 5122.75 0.55 5298254 2380242.46 20.05 310 160.94 0.55 117622 68102.56 20.05 102 10 198 35802 3510 69498 17.3 21.0 17.72 0.05
316800.0 310 102.77 0.51 118812 36253.3 0.51 15071 5121.71 0.55 5313325 2385364.17 20.05 310 160.94 0.55 117932 68263.5 20.05 102 10 198 35904 3520 69696 17.3 21.0 17.72 0.05
317700.0 376 102.92 0.51 119188 36356.21 0.51 15126 5121.28 0.55 5328451 2390485.46 20.05 370 160.94 0.55 118302 68424.44 20.05 102 10 198 36006 3530 69894 17.3 21.0 17.72 0.05
318600.0 354 103.55 0.51 119542 36459.76 0.51 15100 5120.19 0.55 5343551 2395605.65 20.05 350 160.95 0.55 118652 68585.39 20.05 102 10 198 36108 3540 70092 17.3 21.0 17.72 0.05
319500.0 310 102.78 0.51 119852 36562.54 0.51 15070 5125.26 0.55 5358621 2400730.9 20.05 310 160.99 0.55 118962 68746.37 20.05 102 10 198 36210 3550 70290 17.3 21.0 17.73 0.05
320400.0 310 102.78 0.51 120162 36665.31 0.51 15067 5124.73 0.55 5373688 2405855.63 20.05 310 160.99 0.55 119272 68907.36 20.05 102 10 198 36312 3560 70488 17.3 21.0 17.72 0.05
321300.0 376 102.92 0.51 120538 36768.23 0.51 15124 5124.3 0.55 5388812 2410979.93 20.05 370 160.99 0.55 119642 69068.35 20.05 102 10 198 36414 3570 70686 17.3 21.0 17.72 0.05
322200.0 354 103.55 0.51 120892 36871.78 0.51 15088 5114.67 0.55 5403900 2416094.6 20.05 350 160.88 0.55 119992 69229.23 20.05 102 10 198 36516 3580 70884 17.3 21.0 17.72 0.05
323100.0 310 102.77 0.51 121202 36974.54 0.51 15055 5113.64 0.54 5418955 2421208.24 20.05 310 160.82 0.54 120302 69390.05 20.05 102 10 198 36618 3590 71082 17.3 21.0 17.73 0.05
324000.0 310 102.77 0.51 121512 37077.31 0.51 15063 5115.16 0.54 5434018 2426323.4 20.05 310 160.83 0.54 120612 69550.88 20.05 102 10 198 36720 3600 71280 17.3 21.0 17.74 0.06
324900.0 376 102.91 0.51 121888 37180.22 0.51 15123 5115.13 0.54 5449141 2431438.52 20.05 370 160.82 0.54 120982 69711.7 20.05 102 10 198 36822 3610 71478 17.3 21.0 17.74 0.06
325800.0 354 103.55 0.51 122242 37283.77 0.51 15092 5118.6 0.55 5464233 2436557.13 20.05 350 160.96 0.55 121332 69872.66 20.05 102 10 198 36924 3620 71676 17.3 21.0 17.74 0.06
326700.0 310 102.78 0.51 122552 37386.54 0.51 15057 5121.68 0.55 5479290 2441678.81 20.05 310 160.99 0.55 121642 70033.65 20.05 102 10 198 37026 3630 71874 17.3 21.0 17.75 0.06
327600.0 310 102.78 0.51 122862 37489.32 0.51 15053 5121.67 0.55 5494343 2446800.48 20.05 310 160.99 0.55 121952 70194.63 20.05 102 10 198 37128 3640 72072 17.2 21.0 17.75 0.06
328500.0 376 102.92 0.51 123238 37592.24 0.51 15112 5121.24 0.55 5509455 2451921.71 20.05 370 160.99 0.55 122322 70355.63 20.05 102 10 198 37230 3650 72270 17.2 21.0 17.75 0.06
329400.0 354 103.55 0.51 123592 37695.79 0.51 15073 5118.62 0.55 5524528 2457040.33 20.05 350 161.0 0.55 122672 70516.62 20.05 102 10 198 37332 3660 72468 17.2 21.0 17.75 0.06
330300.0 310 102.78 0.51 123902 37798.56 0.51 15044 5121.18 0.55 5539572 2462161.51 20.05 310 160.99 0.55 122982 70677.61 20.05 102 10 198 37434 3670 72666 17.2 21.0 17.77 0.06
331200.0 310 102.78 0.51 124212 37901.34 0.51 15042 5120.65 0.55 5554614 2467282.16 20.05 310 160.99 0.55 123292 70838.6 20.05 102 10 198 37536 3680 72864 17.2 21.0 17.77 0.06
332100.0 376 102.92 0.51 124588 38004.26 0.51 15099 5119.71 0.55 5569713 2472401.86 20.05 370 160.99 0.55 123662 70999.59 20.05 102 10 198 37638 3690 73062 17.2 21.0 17.77 0.06
333000.0 354 103.55 0.51 124942 38107.81 0.51 15047 5112.17 0.55 5584760 2477514.03 20.05 350 160.96 0.55 124012 71160.55 20.05 102 10 198 37740 3700 73260 17.2 21.0 17.77 0.06
333900.0 310 102.77 0.51 125252 38210.58 0.51 15001 5111.16 0.55 5599761 2482625.19 20.05 310 160.95 0.55 124322 71321.5 20.05 102 10 198 37842 3710 73458 17.2 21.0 17.77 0.07
334800.0 310 102.77 0.51 125562 38313.35 0.51 15003 5112.16 0.55 5614764 2487737.34 20.05 310 160.95 0.55 124632 71482.45 20.05 102 10 198 37944 3720 73656 17.2 21.0 17.77 0.07
335700.0 376 102.92 0.51 125938 38416.27 0.51 15053 5110.2 0.55 5629817 2492847.54 20.05 370 160.95 0.55 125002 71643.41 20.05 102 10 198 38046 3730 73854 17.2 21.0 17.77 0.07
336600.0 354 103.55 0.51 126292 38519.82 0.51 15015 5108.42 0.55 5644832 2497955.95 20.05 350 161.0 0.55 125352 71804.4 20.05 102 10 198 38148 3740 74052 17.2 21.0 17.77 0.07
337500.0 310 102.78 0.51 126602 38622.6 0.51 14985 5107.41 0.55 5659817 2503063.36 20.05 310 160.99 0.55 125662 71965.39 20.05 102 10 198 38250 3750 74250 17.2 21.0 17.78 0.07
338400.0 310 102.78 0.51 126912 38725.37 0.51 14991 5107.9 0.55 5674808 2508171.26 20.05 310 160.99 0.55 125972 72126.38 20.05 102 10 198 38352 3760 74448 17.2 21.0 17.79 0.07
339300.0 376 102.92 0.51 127288 38828.29 0.51 15043 5106.96 0.55 5689851 2513278.21 20.05 370 160.99 0.55 126342 72287.37 20.05 102 10 198 38454 3770 74646 17.2 21.0 17.79 0.07
340200.0 354 103.55 0.51 127642 38931.84 0.51 14993 5100.69 0.55 5704844 2518378.9 20.05 350 160.96 0.55 126692 72448.33 20.05 102 10 198 38556 3780 74844 17.2 21.0 17.79 0.07
341100.0 310 102.77 0.51 127952 39034.61 0.51 14943 5101.2 0.55 5719787 2523480.1 20.05 310 160.94 0.55 127002 72609.27 20.05 102 10 198 38658 3790 75042 17.2 21.0 17.8 0.07
342000.0 310 102.77 0.51 128262 39137.38 0.51 14940 5100.17 0.55 5734727 2528580.27 20.05 310 160.95 0.55 127312 72770.22 20.05 102 10 198 38760 3800 75240 17.2 21.0 17.8 0.07
342900.0 376 102.91 0.51 128638 39240.3 0.51 14995 5100.19 0.55 5749722 2533680.46 20.05 370 160.95 0.55 127682 72931.16 20.05 102 10 198 38862 3810 75438 17.2 21.0 17.8 0.07
343800.0 354 103.55 0.51 128992 39343.84 0.51 14957 5093.52 0.55 5764679 2538773.97 20.05 350 160.91 0.55 128032 73092.08 20.05 102 10 198 38964 3820 75636 17.2 21.0 17.8 0.07
344700.0 310 102.77 0.51 129302 39446.61 0.51 14924 5094.54 0.55 5779603 2543868.51 20.05 310 160.9 0.55 128342 73252.98 20.05 102 10 198 39066 3830 75834 17.2 21.0 17.8 0.08
345600.0 310 102.77 0.51 129612 39549.38 0.51 14921 5093.5 0.55 5794524 2548962.02 20.05 310 160.9 0.55 128652 73413.88 20.05 102 10 198 39168 3840 76032 17.2 21.0 17.8 0.08
