# seed = 6, gamma = 0.0, beta = 0.0, dee = 10.0, dcc = 5.0, dec = 1000.0, dsCnd = 150.0, dLocalhost = 0.02, hostBroker = CLOUD 
#
# The columns have the following meaning: 
# instant[SECONDS] commCountUploadPartial delaySumUploadPartial[SECONDS] delayMaxUploadPartial[SECONDS] commCountUploadTot delaySumUploadTot[SECONDS] delayMaxUploadTot[SECONDS] commCountDownloadPartial delaySumDownloadPartial[SECONDS] delayMaxDownloadPartial[SECONDS] commCountDownloadTot delaySumDownloadTot[SECONDS] delayMaxDownloadTot[SECONDS] commCountDownloadMaxPartial delaySumDownloadMaxPartial[SECONDS] delayMaxDownloadMaxPartial[SECONDS] commCountDownloadMaxTot delaySumDownloadMaxTot[SECONDS] delayMaxDownloadMaxTot[SECONDS] runOnCloudPartial runOnEdgePartial runOnSmartphonePartial runOnCloudTot runOnEdgeTot runOnSmartphoneTot minTemp maxTemp avgTemp varianceTemp
0.0 0 0.0 0.0 0 0.0 0.0 0 0.0 0.0 0 0.0 0.0 0 0.0 0.0 0 0.0 0.0 0 0 0 0 0 0 17.0 25.0 21.0 0.0
900.0 376 1.77 0.02 376 1.77 0.02 15587 1108.89 1.15 15587 1108.89 1.15 370 15.92 0.1 370 15.92 0.1 310 0 0 310 0 0 18.9 21.0 19.02 0.24
1800.0 356 2.47 0.36 732 4.24 0.36 15871 160419.83 20.0 31458 161528.72 20.0 352 3166.43 20.0 722 3182.35 20.0 310 0 0 620 0 0 18.8 18.9 18.9 0.0
2700.0 310 1.63 0.01 1042 5.87 0.36 15534 1168.68 1.15 46992 162697.4 20.0 310 16.83 0.11 1032 3199.19 20.0 310 0 0 930 0 0 17.7 18.9 18.27 0.06
3600.0 310 1.63 0.01 1352 7.5 0.36 15534 1168.48 1.15 62526 163865.88 20.0 310 16.83 0.11 1342 3216.02 20.0 310 0 0 1240 0 0 17.7 18.9 18.23 0.06
4500.0 376 1.77 0.02 1728 9.27 0.36 15589 1162.97 1.15 78115 165028.86 20.0 370 16.87 0.11 1712 3232.88 20.0 310 0 0 1550 0 0 17.6 18.7 18.23 0.06
5400.0 356 2.48 0.36 2084 11.74 0.36 15902 7383.84 20.06 94017 172412.7 20.06 352 36.96 20.06 2064 3269.85 20.06 310 0 0 1860 0 0 17.6 18.7 18.23 0.06
6300.0 310 1.63 0.01 2394 13.37 0.36 15582 1176.67 1.15 109599 173589.37 20.06 310 17.06 0.11 2374 3286.9 20.06 310 0 0 2170 0 0 17.6 18.7 18.25 0.05
7200.0 310 1.63 0.01 2704 15.0 0.36 15584 1178.74 1.15 125183 174768.11 20.06 310 17.05 0.11 2684 3303.96 20.06 310 0 0 2480 0 0 17.6 18.7 18.25 0.04
8100.0 376 1.77 0.02 3080 16.77 0.36 15641 1176.26 1.15 140824 175944.37 20.06 370 17.23 0.11 3054 3321.18 20.06 310 0 0 2790 0 0 17.6 18.7 18.25 0.04
9000.0 356 2.48 0.36 3436 19.25 0.36 15932 7385.6 20.08 156756 183329.97 20.08 352 36.96 20.08 3406 3358.15 20.08 310 0 0 3100 0 0 17.6 18.7 18.25 0.04
9900.0 310 1.63 0.01 3746 20.88 0.36 15588 1166.89 1.15 172344 184496.86 20.08 310 16.99 0.11 3716 3375.14 20.08 310 0 0 3410 0 0 17.6 18.7 18.22 0.04
10800.0 310 1.63 0.01 4056 22.51 0.36 15590 1168.9 1.15 187934 185665.76 20.08 310 16.98 0.11 4026 3392.13 20.08 310 0 0 3720 0 0 17.6 18.7 18.16 0.05
11700.0 376 1.77 0.02 4432 24.28 0.36 15649 1168.79 1.15 203583 186834.55 20.08 370 17.16 0.11 4396 3409.29 20.08 310 0 0 4030 0 0 17.6 18.7 18.16 0.05
12600.0 354 2.41 0.36 4786 26.68 0.36 15620 1162.66 1.15 219203 187997.21 20.08 350 17.11 0.11 4746 3426.4 20.08 310 0 0 4340 0 0 17.6 18.7 18.15 0.05
13500.0 310 1.63 0.01 5096 28.31 0.36 15547 1125.0 1.15 234750 189122.21 20.08 310 17.1 0.11 5056 3443.5 20.08 310 0 0 4650 0 0 17.6 18.7 18.14 0.05
14400.0 310 1.63 0.01 5406 29.94 0.36 15544 1121.24 1.15 250294 190243.45 20.08 310 17.09 0.11 5366 3460.59 20.08 310 0 0 4960 0 0 17.6 18.7 18.14 0.05
15300.0 376 1.77 0.02 5782 31.71 0.36 15602 1119.99 1.15 265896 191363.44 20.08 370 17.27 0.11 5736 3477.86 20.08 310 0 0 5270 0 0 17.6 18.7 18.14 0.05
16200.0 354 2.41 0.36 6136 34.12 0.36 15577 1112.77 1.15 281473 192476.21 20.08 350 17.1 0.11 6086 3494.97 20.08 310 0 0 5580 0 0 17.6 18.7 18.14 0.05
17100.0 310 1.63 0.01 6446 35.75 0.36 15541 1106.37 1.15 297014 193582.58 20.08 310 16.86 0.11 6396 3511.83 20.08 310 0 0 5890 0 0 17.6 18.7 18.12 0.04
18000.0 310 1.63 0.01 6756 37.38 0.36 15543 1108.41 1.15 312557 194690.99 20.08 310 16.85 0.11 6706 3528.68 20.08 310 0 0 6200 0 0 17.6 18.7 18.11 0.04
18900.0 376 1.77 0.02 7132 39.15 0.36 15598 1103.65 1.15 328155 195794.64 20.08 370 17.03 0.11 7076 3545.71 20.08 310 0 0 6510 0 0 17.6 18.6 18.11 0.04
19800.0 354 2.41 0.36 7486 41.55 0.36 15574 1099.79 1.15 343729 196894.43 20.08 350 16.91 0.11 7426 3562.62 20.08 310 0 0 6820 0 0 17.6 18.6 18.11 0.04
20700.0 310 1.63 0.01 7796 43.18 0.36 15540 1113.0 1.15 359269 198007.43 20.08 310 17.02 0.11 7736 3579.64 20.08 310 0 0 7130 0 0 17.6 18.6 18.08 0.04
21600.0 310 1.63 0.01 8106 44.81 0.36 15540 1112.71 1.15 374809 199120.15 20.08 310 17.01 0.11 8046 3596.65 20.08 310 0 0 7440 0 0 17.6 18.6 18.08 0.03
22500.0 376 1.77 0.02 8482 46.58 0.36 15600 1113.74 1.15 390409 200233.88 20.08 370 17.19 0.11 8416 3613.84 20.08 310 0 0 7750 0 0 17.6 18.6 18.08 0.03
23400.0 354 2.41 0.36 8836 48.99 0.36 15569 1103.43 1.15 405978 201337.31 20.08 350 17.1 0.11 8766 3630.94 20.08 310 0 0 8060 0 0 17.6 18.6 18.07 0.03
24300.0 310 1.63 0.01 9146 50.61 0.36 15532 1112.36 1.15 421510 202449.67 20.08 310 17.19 0.11 9076 3648.13 20.08 310 0 0 8370 0 0 17.6 18.6 18.05 0.03
25200.0 310 1.63 0.01 9456 52.24 0.36 15535 1115.5 1.15 437045 203565.17 20.08 310 17.19 0.11 9386 3665.32 20.08 310 0 0 8680 0 0 17.5 18.6 18.04 0.03
26100.0 376 1.77 0.02 9832 54.02 0.36 15594 1115.4 1.15 452639 204680.56 20.08 370 17.36 0.11 9756 3682.68 20.08 310 0 0 8990 0 0 17.5 18.6 18.04 0.03
27000.0 354 2.41 0.36 10186 56.42 0.36 15564 1102.87 1.15 468203 205783.44 20.08 350 17.21 0.11 10106 3699.89 20.08 310 0 0 9300 0 0 17.5 18.6 18.04 0.03
27900.0 310 1.63 0.01 10496 58.05 0.36 15531 1106.04 1.15 483734 206889.48 20.08 310 17.09 0.11 10416 3716.98 20.08 310 0 0 9610 0 0 17.5 18.6 18.01 0.03
28800.0 310 1.63 0.01 10806 59.68 0.36 15535 1110.35 1.15 499269 207999.82 20.08 310 17.08 0.11 10726 3734.06 20.08 310 0 0 9920 0 0 17.5 18.6 18.0 0.03
29700.0 376 1.77 0.02 11182 61.45 0.36 15593 1109.07 1.15 514862 209108.9 20.08 370 17.26 0.11 11096 3751.32 20.08 310 0 0 10230 0 0 17.5 18.6 18.0 0.03
30600.0 354 2.41 0.36 11536 63.86 0.36 15561 1094.27 1.15 530423 210203.17 20.08 350 17.1 0.11 11446 3768.42 20.08 310 0 0 10540 0 0 17.5 18.6 18.0 0.03
31500.0 310 1.63 0.01 11846 65.49 0.36 15535 1115.81 1.15 545958 211318.97 20.08 310 17.19 0.11 11756 3785.61 20.08 310 0 0 10850 0 0 17.4 18.6 17.97 0.03
32400.0 310 1.63 0.01 12156 67.12 0.36 15537 1117.8 1.15 561495 212436.77 20.08 310 17.19 0.11 12066 3802.8 20.08 310 0 0 11160 0 0 17.4 18.6 17.96 0.03
33300.0 376 1.77 0.02 12532 68.89 0.36 15597 1118.85 1.15 577092 213555.62 20.08 370 17.36 0.11 12436 3820.16 20.08 310 0 0 11470 0 0 17.4 18.5 17.96 0.03
34200.0 354 2.41 0.36 12886 71.29 0.36 15556 1093.67 1.15 592648 214649.3 20.08 350 17.21 0.11 12786 3837.37 20.08 310 0 0 11780 0 0 17.4 18.5 17.96 0.03
35100.0 310 1.63 0.01 13196 72.92 0.36 15534 1114.66 1.15 608182 215763.96 20.08 310 17.19 0.11 13096 3854.56 20.08 310 0 0 12090 0 0 17.4 18.5 17.93 0.03
36000.0 310 1.63 0.01 13506 74.55 0.36 15538 1118.95 1.15 623720 216882.91 20.08 310 17.19 0.11 13406 3871.75 20.08 310 0 0 12400 0 0 17.4 18.5 17.92 0.03
36900.0 376 1.77 0.02 13882 76.32 0.36 15597 1118.85 1.15 639317 218001.75 20.08 370 17.36 0.11 13776 3889.11 20.08 310 0 0 12710 0 0 17.4 18.5 17.92 0.03
37800.0 354 2.41 0.36 14236 78.73 0.36 15555 1082.86 1.15 654872 219084.61 20.08 350 17.01 0.11 14126 3906.12 20.08 310 0 0 13020 0 0 17.4 18.5 17.91 0.03
38700.0 310 1.63 0.01 14546 80.36 0.36 15527 1096.92 1.15 670399 220181.53 20.08 310 17.0 0.11 14436 3923.12 20.08 310 0 0 13330 0 0 17.3 18.5 17.89 0.03
39600.0 310 1.63 0.01 14856 81.99 0.36 15539 1110.43 1.15 685938 221291.97 20.08 310 16.99 0.11 14746 3940.11 20.08 310 0 0 13640 0 0 17.3 18.5 17.88 0.03
40500.0 376 1.77 0.02 15232 83.76 0.36 15595 1106.86 1.15 701533 222398.83 20.08 370 17.16 0.11 15116 3957.27 20.08 310 0 0 13950 0 0 17.3 18.5 17.88 0.03
41400.0 354 2.41 0.36 15586 86.16 0.36 15561 1099.42 1.15 717094 223498.24 20.08 350 17.21 0.11 15466 3974.48 20.08 310 0 0 14260 0 0 17.3 18.5 17.87 0.04
42300.0 310 1.63 0.01 15896 87.79 0.36 15526 1100.25 1.15 732620 224598.49 20.08 310 17.09 0.11 15776 3991.57 20.08 310 0 0 14570 0 0 17.3 18.5 17.85 0.04
43200.0 310 1.63 0.01 16206 89.42 0.36 15531 1105.71 1.15 748151 225704.2 20.08 310 17.08 0.11 16086 4008.65 20.08 310 0 0 14880 0 0 17.3 18.5 17.84 0.04
44100.0 376 1.77 0.02 16582 91.19 0.36 15588 1103.28 1.15 763739 226807.48 20.08 370 17.26 0.11 16456 4025.9 20.08 310 0 0 15190 0 0 17.2 18.4 17.84 0.04
45000.0 354 2.41 0.36 16936 93.6 0.36 15551 1082.73 1.15 779290 227890.21 20.08 350 17.1 0.11 16806 4043.0 20.08 310 0 0 15500 0 0 17.2 18.4 17.83 0.04
45900.0 310 1.63 0.01 17246 95.23 0.36 15526 1101.28 1.15 794816 228991.48 20.08 310 17.11 0.11 17116 4060.11 20.08 310 0 0 15810 0 0 17.2 18.5 17.81 0.05
46800.0 310 1.63 0.01 17556 96.86 0.36 15535 1111.31 1.15 810351 230102.8 20.08 310 17.1 0.11 17426 4077.21 20.08 310 0 0 16120 0 0 17.2 18.5 17.8 0.05
47700.0 376 1.77 0.02 17932 98.63 0.36 15592 1108.91 1.15 825943 231211.71 20.08 370 17.28 0.11 17796 4094.49 20.08 310 0 0 16430 0 0 17.2 18.5 17.8 0.05
48600.0 354 2.41 0.36 18286 101.03 0.36 15550 1082.59 1.15 841493 232294.3 20.08 350 17.12 0.11 18146 4111.61 20.08 310 0 0 16740 0 0 17.2 18.5 17.79 0.05
49500.0 310 1.63 0.01 18596 102.66 0.36 15524 1103.16 1.15 857017 233397.45 20.08 310 17.19 0.11 18456 4128.81 20.08 310 0 0 17050 0 0 17.2 18.5 17.76 0.06
50400.0 310 1.63 0.01 18906 104.29 0.36 15534 1114.35 1.15 872551 234511.8 20.08 310 17.19 0.11 18766 4145.99 20.08 310 0 0 17360 0 0 17.1 18.5 17.75 0.06
51300.0 376 1.77 0.02 19282 106.06 0.36 15587 1107.35 1.15 888138 235619.15 20.08 370 17.36 0.11 19136 4163.36 20.08 310 0 0 17670 0 0 17.1 18.5 17.75 0.06
52200.0 354 2.41 0.36 19636 108.47 0.36 15548 1084.47 1.15 903686 236703.62 20.08 350 17.21 0.11 19486 4180.57 20.08 310 0 0 17980 0 0 17.1 18.5 17.75 0.06
53100.0 310 1.63 0.01 19946 110.1 0.36 15507 1083.61 1.15 919193 237787.23 20.08 310 17.19 0.11 19796 4197.76 20.08 310 0 0 18290 0 0 17.1 18.6 17.73 0.07
54000.0 310 1.63 0.01 20256 111.73 0.36 15516 1093.65 1.15 934709 238880.88 20.08 310 17.19 0.11 20106 4214.94 20.08 310 0 0 18600 0 0 17.1 18.6 17.72 0.07
54900.0 376 1.77 0.02 20632 113.5 0.36 15571 1088.95 1.15 950280 239969.83 20.08 370 17.36 0.11 20476 4232.31 20.08 310 0 0 18910 0 0 17.1 18.6 17.72 0.07
55800.0 354 2.41 0.36 20986 115.91 0.36 15542 1077.57 1.15 965822 241047.4 20.08 350 17.21 0.11 20826 4249.52 20.08 310 0 0 19220 0 0 17.1 18.6 17.72 0.07
56700.0 310 1.63 0.01 21296 117.54 0.36 15519 1097.41 1.15 981341 242144.81 20.08 310 17.19 0.11 21136 4266.71 20.08 310 0 0 19530 0 0 17.1 18.6 17.69 0.08
57600.0 310 1.63 0.01 21606 119.16 0.36 15527 1106.3 1.15 996868 243251.11 20.08 310 17.19 0.11 21446 4283.9 20.08 310 0 0 19840 0 0 17.1 18.6 17.69 0.08
58500.0 376 1.77 0.02 21982 120.94 0.36 15586 1106.2 1.15 1012454 244357.31 20.08 370 17.36 0.11 21816 4301.26 20.08 310 0 0 20150 0 0 17.1 18.6 17.69 0.08
59400.0 354 2.41 0.36 22336 123.34 0.36 15535 1064.91 1.15 1027989 245422.22 20.08 350 17.11 0.11 22166 4318.37 20.08 310 0 0 20460 0 0 17.1 18.6 17.69 0.08
60300.0 310 1.63 0.01 22646 124.97 0.36 15516 1089.35 1.15 1043505 246511.57 20.08 310 17.1 0.11 22476 4335.47 20.08 310 0 0 20770 0 0 17.0 18.6 17.66 0.09
61200.0 310 1.63 0.01 22956 126.6 0.36 15528 1102.84 1.15 1059033 247614.41 20.08 310 17.09 0.11 22786 4352.56 20.08 310 0 0 21080 0 0 17.0 18.6 17.65 0.09
62100.0 376 1.77 0.02 23332 128.37 0.36 15583 1098.14 1.15 1074616 248712.55 20.08 370 17.27 0.11 23156 4369.83 20.08 310 0 0 21390 0 0 17.0 18.6 17.65 0.09
63000.0 354 2.41 0.36 23686 130.78 0.36 15534 1055.53 1.15 1090150 249768.08 20.08 350 16.95 0.11 23506 4386.78 20.08 310 0 0 21700 0 0 17.0 18.6 17.65 0.09
63900.0 310 1.63 0.01 23996 132.4 0.36 15497 1054.47 1.15 1105647 250822.55 20.08 310 16.83 0.11 23816 4403.61 20.08 310 0 0 22010 0 0 17.0 18.6 17.63 0.1
64800.0 310 1.63 0.01 24306 134.03 0.36 15504 1062.25 1.15 1121151 251884.8 20.08 310 16.83 0.11 24126 4420.44 20.08 310 0 0 22320 0 0 17.0 18.6 17.63 0.1
65700.0 376 1.77 0.02 24682 135.8 0.36 15563 1061.39 1.15 1136714 252946.19 20.08 370 16.87 0.11 24496 4437.31 20.08 310 0 0 22630 0 0 17.0 18.6 17.63 0.1
66600.0 354 2.41 0.36 25036 138.21 0.36 15529 1043.25 1.15 1152243 253989.44 20.08 350 16.81 0.11 24846 4454.12 20.08 310 0 0 22940 0 0 17.0 18.6 17.63 0.1
67500.0 310 1.63 0.01 25346 139.84 0.36 15489 1039.33 1.15 1167732 255028.77 20.08 310 16.71 0.11 25156 4470.83 20.08 310 0 0 23250 0 0 17.0 18.7 17.62 0.1
68400.0 310 1.63 0.01 25656 141.46 0.36 15494 1044.8 1.15 1183226 256073.57 20.08 310 16.71 0.11 25466 4487.54 20.08 310 0 0 23560 0 0 17.0 18.7 17.61 0.11
69300.0 376 1.77 0.02 26032 143.23 0.36 15554 1045.81 1.15 1198780 257119.38 20.08 370 16.88 0.11 25836 4504.41 20.08 310 0 0 23870 0 0 17.0 18.7 17.61 0.11
70200.0 354 2.41 0.36 26386 145.64 0.36 15521 1034.98 1.15 1214301 258154.35 20.08 350 16.83 0.11 26186 4521.25 20.08 310 0 0 24180 0 0 17.0 18.7 17.61 0.11
71100.0 310 1.63 0.01 26696 147.27 0.36 15487 1041.09 1.15 1229788 259195.45 20.08 310 16.8 0.11 26496 4538.04 20.08 310 0 0 24490 0 0 17.0 18.7 17.6 0.11
72000.0 310 1.63 0.01 27006 148.9 0.36 15496 1051.2 1.15 1245284 260246.64 20.08 310 16.79 0.11 26806 4554.83 20.08 310 0 0 24800 0 0 17.0 18.7 17.59 0.11
72900.0 376 1.77 0.02 27382 150.67 0.36 15553 1048.03 1.15 1260837 261294.67 20.08 370 16.83 0.11 27176 4571.66 20.08 310 0 0 25110 0 0 17.0 18.7 17.59 0.11
73800.0 354 2.41 0.36 27736 153.07 0.36 15523 1036.27 1.15 1276360 262330.94 20.08 350 16.81 0.11 27526 4588.47 20.08 310 0 0 25420 0 0 17.0 18.7 17.59 0.11
74700.0 310 1.63 0.01 28046 154.7 0.36 15485 1044.0 1.15 1291845 263374.94 20.08 310 16.9 0.11 27836 4605.37 20.08 310 0 0 25730 0 0 17.0 18.7 17.58 0.11
75600.0 310 1.63 0.01 28356 156.33 0.36 15484 1042.59 1.15 1307329 264417.53 20.08 310 16.9 0.11 28146 4622.27 20.08 310 0 0 26040 0 0 17.0 18.7 17.58 0.11
76500.0 376 1.77 0.02 28732 158.1 0.36 15542 1041.29 1.15 1322871 265458.82 20.08 370 17.07 0.11 28516 4639.34 20.08 310 0 0 26350 0 0 17.0 18.7 17.58 0.11
77400.0 354 2.41 0.36 29086 160.5 0.36 15510 1023.17 1.15 1338381 266481.99 20.08 350 16.85 0.11 28866 4656.18 20.08 310 0 0 26660 0 0 17.0 18.7 17.58 0.11
78300.0 310 1.63 0.01 29396 162.13 0.36 15469 1022.26 1.15 1353850 267504.26 20.08 310 16.83 0.11 29176 4673.02 20.08 310 0 0 26970 0 0 17.0 18.6 17.58 0.11
79200.0 310 1.63 0.01 29706 163.76 0.36 15476 1030.05 1.15 1369326 268534.31 20.08 310 16.83 0.11 29486 4689.84 20.08 310 0 0 27280 0 0 17.0 18.6 17.57 0.11
80100.0 376 1.77 0.02 30082 165.53 0.36 15536 1030.34 1.15 1384862 269564.65 20.08 370 16.87 0.11 29856 4706.71 20.08 310 0 0 27590 0 0 17.0 18.6 17.57 0.11
81000.0 354 2.41 0.36 30436 167.94 0.36 15508 1024.08 1.15 1400370 270588.73 20.08 350 16.91 0.11 30206 4723.62 20.08 310 0 0 27900 0 0 17.0 18.6 17.57 0.11
81900.0 310 1.63 0.01 30746 169.56 0.36 15469 1030.26 1.15 1415839 271618.98 20.08 310 17.0 0.11 30516 4740.62 20.08 310 0 0 28210 0 0 17.0 18.6 17.57 0.11
82800.0 310 1.63 0.01 31056 171.19 0.36 15470 1031.11 1.15 1431309 272650.09 20.08 310 16.99 0.11 30826 4757.61 20.08 310 0 0 28520 0 0 17.0 18.6 17.57 0.11
83700.0 376 1.77 0.02 31432 172.96 0.36 15527 1028.7 1.15 1446836 273678.79 20.08 370 17.17 0.11 31196 4774.78 20.08 310 0 0 28830 0 0 17.0 18.6 17.57 0.11
84600.0 354 2.41 0.36 31786 175.37 0.36 15499 1018.48 1.15 1462335 274697.27 20.08 350 17.01 0.11 31546 4791.79 20.08 310 0 0 29140 0 0 17.0 18.6 17.57 0.11
85500.0 310 1.63 0.01 32096 177.0 0.36 15462 1018.03 1.15 1477797 275715.3 20.08 310 16.91 0.11 31856 4808.7 20.08 310 0 0 29450 0 0 17.0 18.6 17.58 0.1
86400.0 310 1.63 0.01 32406 178.63 0.36 15461 1016.58 1.15 1493258 276731.88 20.08 310 16.9 0.11 32166 4825.6 20.08 310 0 0 29760 0 0 17.0 18.6 17.58 0.1
87300.0 376 1.77 0.02 32782 180.4 0.36 15522 1018.76 1.15 1508780 277750.64 20.08 370 17.08 0.11 32536 4842.68 20.08 310 0 0 30070 0 0 17.0 18.6 17.58 0.1
88200.0 354 2.41 0.36 33136 182.8 0.36 15499 1023.93 1.15 1524279 278774.57 20.08 350 17.12 0.11 32886 4859.8 20.08 310 0 0 30380 0 0 17.0 18.6 17.58 0.1
89100.0 310 1.63 0.01 33446 184.43 0.36 15501 1076.71 1.15 1539780 279851.28 20.08 310 17.19 0.11 33196 4877.0 20.08 310 0 0 30690 0 0 17.1 18.5 17.62 0.07
90000.0 310 1.63 0.01 33756 186.06 0.36 15538 1118.95 1.15 1555318 280970.23 20.08 310 17.19 0.11 33506 4894.18 20.08 310 0 0 31000 0 0 17.1 18.5 17.67 0.05
90900.0 376 1.77 0.02 34132 187.83 0.36 15595 1116.55 1.15 1570913 282086.77 20.08 370 17.36 0.11 33876 4911.55 20.08 310 0 0 31310 0 0 17.1 18.5 17.67 0.05
91800.0 354 2.41 0.36 34486 190.24 0.36 15568 1092.07 1.15 1586481 283178.85 20.08 350 16.89 0.11 34226 4928.44 20.08 310 0 0 31620 0 0 17.1 22.8 17.86 0.53
92700.0 310 1.63 0.01 34796 191.87 0.36 15578 1140.49 1.15 1602059 284319.34 20.08 310 16.69 0.11 34536 4945.13 20.08 310 0 0 31930 0 0 17.1 23.8 19.6 2.58
93600.0 310 1.63 0.01 35106 193.5 0.36 15580 1142.51 1.15 1617639 285461.85 20.08 310 16.68 0.11 34846 4961.81 20.08 310 0 0 32240 0 0 17.1 23.8 20.51 4.51
94500.0 376 1.77 0.02 35482 195.27 0.36 15640 1143.52 1.15 1633279 286605.36 20.08 370 16.85 0.11 35216 4978.67 20.08 310 0 0 32550 0 0 17.1 23.8 20.53 4.54
95400.0 354 2.41 0.36 35836 197.67 0.36 15615 1136.78 1.15 1648894 287742.14 20.08 350 16.7 0.11 35566 4995.37 20.08 310 0 0 32860 0 0 17.1 23.8 20.56 4.55
96300.0 310 1.63 0.01 36146 199.3 0.36 15578 1140.48 1.15 1664472 288882.63 20.08 310 16.69 0.11 35876 5012.06 20.08 310 0 0 33170 0 0 17.1 24.0 20.9 4.49
97200.0 310 1.63 0.01 36456 200.93 0.36 15574 1135.61 1.15 1680046 290018.23 20.08 310 16.68 0.11 36186 5028.74 20.08 310 0 0 33480 0 0 17.1 24.0 21.05 4.48
98100.0 376 1.77 0.02 36832 202.7 0.36 15632 1134.32 1.15 1695678 291152.55 20.08 370 16.85 0.11 36556 5045.59 20.08 310 0 0 33790 0 0 17.4 24.0 21.05 4.47
99000.0 354 2.4 0.36 37186 205.1 0.36 15610 1123.08 1.15 1711288 292275.63 20.08 350 16.54 0.11 36906 5062.13 20.08 310 0 0 34100 0 0 17.4 24.0 21.08 4.38
99900.0 310 1.63 0.01 37496 206.73 0.36 15567 1119.88 1.15 1726855 293395.51 20.08 310 16.53 0.11 37216 5078.66 20.08 310 0 0 34410 0 0 17.5 24.0 21.3 3.91
100800.0 310 1.63 0.01 37806 208.36 0.36 15567 1119.61 1.15 1742422 294515.11 20.08 310 16.52 0.11 37526 5095.18 20.08 310 0 0 34720 0 0 17.5 24.0 21.43 3.72
101700.0 376 1.77 0.02 38182 210.13 0.36 15626 1119.46 1.15 1758048 295634.57 20.08 370 16.69 0.11 37896 5111.87 20.08 310 0 0 35030 0 0 17.8 24.0 21.43 3.7
102600.0 354 2.4 0.36 38536 212.53 0.36 15604 1114.72 1.15 1773652 296749.29 20.08 350 16.51 0.11 38246 5128.38 20.08 310 0 0 35340 0 0 17.8 24.0 21.45 3.61
103500.0 310 1.63 0.01 38846 214.16 0.36 15565 1116.11 1.15 1789217 297865.4 20.08 310 16.5 0.11 38556 5144.87 20.08 310 0 0 35650 0 0 18.0 24.0 21.59 3.14
104400.0 310 1.63 0.01 39156 215.79 0.36 15565 1115.85 1.15 1804782 298981.25 20.08 310 16.49 0.11 38866 5161.36 20.08 310 0 0 35960 0 0 18.0 24.0 21.74 2.95
105300.0 376 1.77 0.02 39532 217.56 0.36 15622 1113.39 1.15 1820404 300094.64 20.08 370 16.66 0.11 39236 5178.02 20.08 310 0 0 36270 0 0 18.5 24.0 21.74 2.92
106200.0 354 2.4 0.36 39886 219.96 0.36 15599 1105.63 1.15 1836003 301200.27 20.08 350 16.44 0.1 39586 5194.47 20.08 310 0 0 36580 0 0 18.5 24.0 21.74 2.89
107100.0 310 1.63 0.01 40196 221.59 0.36 15558 1093.46 1.15 1851561 302293.73 20.08 310 16.2 0.1 39896 5210.67 20.08 310 0 0 36890 0 0 18.8 24.0 21.73 2.72
108000.0 310 1.63 0.01 40506 223.21 0.36 15555 1089.77 1.15 1867116 303383.5 20.08 310 16.19 0.1 40206 5226.86 20.08 310 0 0 37200 0 0 18.8 24.0 21.74 2.7
108900.0 376 1.77 0.02 40882 224.98 0.36 15614 1089.58 1.15 1882730 304473.08 20.08 370 16.36 0.1 40576 5243.22 20.08 310 0 0 37510 0 0 18.9 24.0 21.74 2.7
109800.0 354 2.4 0.36 41236 227.39 0.36 15591 1085.19 1.15 1898321 305558.27 20.08 350 16.21 0.1 40926 5259.43 20.08 310 0 0 37820 0 0 18.9 24.0 21.72 2.68
110700.0 310 1.63 0.01 41546 229.01 0.36 15553 1087.7 1.15 1913874 306645.97 20.08 310 16.2 0.1 41236 5275.63 20.08 310 0 0 38130 0 0 18.9 24.0 21.62 2.6
111600.0 310 1.63 0.01 41856 230.64 0.36 15552 1086.32 1.15 1929426 307732.29 20.08 310 16.19 0.1 41546 5291.82 20.08 310 0 0 38440 0 0 18.9 24.0 21.56 2.51
112500.0 376 1.77 0.02 42232 232.41 0.36 15611 1086.13 1.15 1945037 308818.42 20.08 370 16.36 0.1 41916 5308.18 20.08 310 0 0 38750 0 0 18.9 23.9 21.56 2.51
113400.0 354 2.4 0.36 42586 234.81 0.36 15585 1078.29 1.15 1960622 309896.71 20.08 350 16.21 0.1 42266 5324.39 20.08 310 0 0 39060 0 0 18.9 23.9 21.67 2.39
114300.0 310 1.63 0.01 42896 236.44 0.36 15554 1088.85 1.15 1976176 310985.57 20.08 310 16.2 0.1 42576 5340.59 20.08 310 0 0 39370 0 0 18.9 24.0 22.93 0.83
115200.0 310 1.63 0.01 43206 238.07 0.36 15554 1088.62 1.15 1991730 312074.19 20.08 310 16.19 0.1 42886 5356.78 20.08 310 0 0 39680 0 0 18.9 24.0 23.49 0.16
116100.0 376 1.77 0.02 43582 239.84 0.36 15612 1087.28 1.15 2007342 313161.47 20.08 370 16.36 0.1 43256 5373.14 20.08 310 0 0 39990 0 0 22.6 24.0 23.52 0.03
117000.0 354 2.4 0.36 43936 242.24 0.36 15592 1086.34 1.15 2022934 314247.81 20.08 350 16.21 0.1 43606 5389.36 20.08 310 0 0 40300 0 0 22.6 24.0 23.52 0.03
117900.0 310 1.63 0.01 44246 243.87 0.36 15552 1086.55 1.15 2038486 315334.36 20.08 310 16.2 0.1 43916 5405.55 20.08 310 0 0 40610 0 0 22.7 24.0 23.56 0.02
118800.0 310 1.63 0.01 44556 245.5 0.36 15551 1085.17 1.15 2054037 316419.53 20.08 310 16.19 0.1 44226 5421.75 20.08 310 0 0 40920 0 0 22.7 24.0 23.6 0.02
119700.0 376 1.77 0.02 44932 247.26 0.36 15610 1084.98 1.15 2069647 317504.51 20.08 370 16.36 0.1 44596 5438.11 20.08 310 0 0 41230 0 0 22.7 24.0 23.6 0.02
120600.0 354 2.4 0.36 45286 249.67 0.36 15590 1084.04 1.15 2085237 318588.55 20.08 350 16.21 0.1 44946 5454.32 20.08 310 0 0 41540 0 0 22.7 24.0 23.6 0.02
121500.0 310 1.63 0.01 45596 251.29 0.36 15548 1081.95 1.15 2100785 319670.5 20.08 310 16.2 0.1 45256 5470.52 20.08 310 0 0 41850 0 0 22.8 24.0 23.64 0.01
122400.0 310 1.63 0.01 45906 252.92 0.36 15548 1081.72 1.15 2116333 320752.22 20.08 310 16.19 0.1 45566 5486.71 20.08 310 0 0 42160 0 0 22.8 24.0 23.66 0.01
123300.0 376 1.77 0.02 46282 254.69 0.36 15607 1081.53 1.15 2131940 321833.75 20.08 370 16.36 0.1 45936 5503.07 20.08 310 0 0 42470 0 0 22.8 24.0 23.66 0.01
124200.0 354 2.4 0.36 46636 257.09 0.36 15587 1080.59 1.15 2147527 322914.35 20.08 350 16.21 0.1 46286 5519.28 20.08 310 0 0 42780 0 0 22.8 24.0 23.66 0.01
125100.0 310 1.63 0.01 46946 258.72 0.36 15542 1075.05 1.15 2163069 323989.4 20.08 310 16.2 0.1 46596 5535.48 20.08 310 0 0 43090 0 0 22.9 24.0 23.69 0.01
126000.0 310 1.63 0.01 47256 260.35 0.36 15542 1074.82 1.15 2178611 325064.22 20.08 310 16.19 0.1 46906 5551.67 20.08 310 0 0 43400 0 0 22.9 24.0 23.72 0.01
126900.0 376 1.77 0.02 47632 262.12 0.36 15600 1073.48 1.15 2194211 326137.7 20.08 370 16.36 0.1 47276 5568.03 20.08 310 0 0 43710 0 0 22.9 24.0 23.72 0.01
127800.0 354 2.4 0.36 47986 264.52 0.36 15579 1071.39 1.15 2209790 327209.09 20.08 350 16.21 0.1 47626 5584.24 20.08 310 0 0 44020 0 0 22.9 24.0 23.72 0.01
128700.0 310 1.63 0.01 48296 266.15 0.36 15539 1071.6 1.15 2225329 328280.69 20.08 310 16.2 0.1 47936 5600.44 20.08 310 0 0 44330 0 0 23.1 24.0 23.75 0.01
129600.0 310 1.63 0.01 48606 267.78 0.36 15537 1069.07 1.15 2240866 329349.76 20.08 310 16.19 0.1 48246 5616.63 20.08 310 0 0 44640 0 0 23.1 24.0 23.76 0.01
130500.0 376 1.77 0.02 48982 269.54 0.36 15595 1067.73 1.15 2256461 330417.49 20.08 370 16.36 0.1 48616 5632.99 20.08 310 0 0 44950 0 0 23.1 24.0 23.76 0.01
131400.0 354 2.4 0.36 49336 271.95 0.36 15575 1066.79 1.15 2272036 331484.28 20.08 350 16.21 0.1 48966 5649.21 20.08 310 0 0 45260 0 0 23.1 24.0 23.76 0.01
132300.0 310 1.63 0.01 49646 273.57 0.36 15533 1064.7 1.15 2287569 332548.99 20.08 310 16.2 0.1 49276 5665.4 20.08 310 0 0 45570 0 0 23.2 24.0 23.78 0.01
133200.0 310 1.63 0.01 49956 275.2 0.36 15532 1063.32 1.15 2303101 333612.31 20.08 310 16.19 0.1 49586 5681.6 20.08 310 0 0 45880 0 0 23.2 24.0 23.8 0.01
134100.0 376 1.77 0.02 50332 276.97 0.36 15592 1064.28 1.15 2318693 334676.59 20.08 370 16.36 0.1 49956 5697.96 20.08 310 0 0 46190 0 0 23.2 24.0 23.8 0.01
135000.0 354 2.4 0.36 50686 279.37 0.36 15572 1063.34 1.15 2334265 335739.93 20.08 350 16.21 0.1 50306 5714.17 20.08 310 0 0 46500 0 0 23.2 24.0 23.81 0.01
135900.0 310 1.63 0.01 50996 281.0 0.36 15528 1058.95 1.15 2349793 336798.88 20.08 310 16.2 0.1 50616 5730.37 20.08 310 0 0 46810 0 0 23.3 24.0 23.83 0.01
136800.0 310 1.63 0.01 51306 282.63 0.36 15528 1058.72 1.15 2365321 337857.6 20.08 310 16.19 0.1 50926 5746.56 20.08 310 0 0 47120 0 0 23.3 24.0 23.84 0.01
137700.0 376 1.77 0.02 51682 284.4 0.36 15586 1057.38 1.15 2380907 338914.98 20.08 370 16.36 0.1 51296 5762.92 20.08 310 0 0 47430 0 0 23.3 24.0 23.84 0.01
138600.0 354 2.4 0.36 52036 286.8 0.36 15564 1054.14 1.15 2396471 339969.12 20.08 350 16.21 0.1 51646 5779.13 20.08 310 0 0 47740 0 0 23.3 24.0 23.84 0.01
139500.0 310 1.63 0.01 52346 288.43 0.36 15524 1054.35 1.15 2411995 341023.47 20.08 310 16.2 0.1 51956 5795.33 20.08 310 0 0 48050 0 0 23.4 24.0 23.85 0.01
140400.0 310 1.63 0.01 52656 290.06 0.36 15524 1054.12 1.15 2427519 342077.59 20.08 310 16.19 0.1 52266 5811.52 20.08 310 0 0 48360 0 0 23.4 24.0 23.85 0.01
141300.0 376 1.77 0.02 53032 291.82 0.36 15583 1053.93 1.15 2443102 343131.52 20.08 370 16.36 0.1 52636 5827.88 20.08 310 0 0 48670 0 0 23.4 24.0 23.86 0.01
142200.0 354 2.4 0.36 53386 294.23 0.36 15563 1052.99 1.15 2458665 344184.52 20.08 350 16.21 0.1 52986 5844.09 20.08 310 0 0 48980 0 0 23.4 24.0 23.86 0.01
143100.0 310 1.63 0.01 53696 295.85 0.36 15522 1052.05 1.15 2474187 345236.57 20.08 310 16.2 0.1 53296 5860.29 20.08 310 0 0 49290 0 0 23.5 24.0 23.88 0.01
144000.0 310 1.63 0.01 54006 297.48 0.36 15518 1047.22 1.15 2489705 346283.79 20.08 310 16.19 0.1 53606 5876.48 20.08 310 0 0 49600 0 0 23.5 24.0 23.88 0.01
144900.0 376 1.77 0.02 54382 299.25 0.36 15578 1048.18 1.15 2505283 347331.97 20.08 370 16.36 0.1 53976 5892.84 20.08 310 0 0 49910 0 0 23.5 24.0 23.88 0.01
145800.0 354 2.4 0.36 54736 301.65 0.36 15556 1044.94 1.15 2520839 348376.91 20.08 350 16.21 0.1 54326 5909.06 20.08 310 0 0 50220 0 0 23.5 24.0 23.88 0.01
146700.0 310 1.63 0.01 55046 303.28 0.36 15514 1042.85 1.15 2536353 349419.76 20.08 310 16.2 0.1 54636 5925.26 20.08 310 0 0 50530 0 0 23.6 24.0 23.89 0.01
147600.0 310 1.63 0.01 55356 304.91 0.36 15514 1042.62 1.15 2551867 350462.38 20.08 310 16.19 0.1 54946 5941.45 20.08 310 0 0 50840 0 0 23.6 24.0 23.89 0.01
148500.0 376 1.77 0.02 55732 306.68 0.36 15574 1043.58 1.15 2567441 351505.96 20.08 370 16.36 0.1 55316 5957.81 20.08 310 0 0 51150 0 0 23.6 24.0 23.89 0.01
149400.0 354 2.4 0.36 56086 309.08 0.36 15552 1040.34 1.15 2582993 352546.3 20.08 350 16.21 0.1 55666 5974.02 20.08 310 0 0 51460 0 0 23.6 24.0 23.89 0.01
150300.0 310 1.63 0.01 56396 310.71 0.36 15512 1040.55 1.15 2598505 353586.86 20.08 310 16.2 0.1 55976 5990.22 20.08 310 0 0 51770 0 0 23.7 24.0 23.89 0.01
151200.0 310 1.63 0.01 56706 312.34 0.36 15512 1040.32 1.15 2614017 354627.18 20.08 310 16.19 0.1 56286 6006.41 20.08 310 0 0 52080 0 0 23.7 24.0 23.89 0.01
152100.0 376 1.77 0.02 57082 314.1 0.36 15568 1036.68 1.15 2629585 355663.86 20.08 370 16.36 0.1 56656 6022.77 20.08 310 0 0 52390 0 0 23.7 24.0 23.89 0.01
153000.0 354 2.4 0.36 57436 316.51 0.36 15548 1035.74 1.15 2645133 356699.6 20.08 350 16.21 0.1 57006 6038.98 20.08 310 0 0 52700 0 0 23.7 24.0 23.89 0.01
153900.0 310 1.63 0.01 57746 318.13 0.36 15508 1035.95 1.15 2660641 357735.55 20.08 310 16.2 0.1 57316 6055.18 20.08 310 0 0 53010 0 0 23.6 24.0 23.89 0.01
154800.0 310 1.63 0.01 58056 319.76 0.36 15504 1031.12 1.15 2676145 358766.67 20.08 310 16.19 0.1 57626 6071.37 20.08 310 0 0 53320 0 0 23.6 24.0 23.89 0.01
155700.0 376 1.77 0.02 58432 321.53 0.36 15564 1032.08 1.15 2691709 359798.75 20.08 370 16.36 0.1 57996 6087.73 20.08 310 0 0 53630 0 0 23.6 24.0 23.89 0.01
156600.0 354 2.4 0.36 58786 323.93 0.36 15544 1031.14 1.15 2707253 360829.89 20.08 350 16.21 0.1 58346 6103.95 20.08 310 0 0 53940 0 0 23.6 24.0 23.89 0.01
157500.0 310 1.63 0.01 59096 325.56 0.36 15502 1029.05 1.15 2722755 361858.94 20.08 310 16.2 0.1 58656 6120.14 20.08 310 0 0 54250 0 0 23.5 24.0 23.88 0.01
158400.0 310 1.63 0.01 59406 327.19 0.36 15502 1028.82 1.15 2738257 362887.76 20.08 310 16.19 0.1 58966 6136.34 20.08 310 0 0 54560 0 0 23.5 24.0 23.88 0.01
159300.0 376 1.77 0.02 59782 328.96 0.36 15560 1027.48 1.15 2753817 363915.24 20.08 370 16.36 0.1 59336 6152.7 20.08 310 0 0 54870 0 0 23.5 24.0 23.88 0.01
160200.0 354 2.4 0.36 60136 331.36 0.36 15539 1025.39 1.15 2769356 364940.64 20.08 350 16.21 0.1 59686 6168.91 20.08 310 0 0 55180 0 0 23.5 24.0 23.88 0.01
161100.0 310 1.63 0.01 60446 332.99 0.36 15498 1024.45 1.15 2784854 365965.09 20.08 310 16.2 0.1 59996 6185.11 20.08 310 0 0 55490 0 0 23.4 24.0 23.86 0.01
162000.0 310 1.63 0.01 60756 334.62 0.36 15497 1023.07 1.15 2800351 366988.16 20.08 310 16.19 0.1 60306 6201.3 20.08 310 0 0 55800 0 0 23.4 24.0 23.86 0.01
162900.0 376 1.77 0.02 61132 336.38 0.36 15552 1017.58 1.15 2815903 368005.74 20.08 370 16.23 0.1 60676 6217.53 20.08 310 0 0 56110 0 0 23.4 24.0 23.86 0.01
163800.0 354 2.4 0.36 61486 338.79 0.36 15532 1017.34 1.15 2831435 369023.08 20.08 350 16.21 0.1 61026 6233.74 20.08 310 0 0 56420 0 0 23.4 24.0 23.86 0.01
164700.0 310 1.63 0.01 61796 340.41 0.36 15490 1015.25 1.15 2846925 370038.34 20.08 310 16.2 0.1 61336 6249.94 20.08 310 0 0 56730 0 0 23.3 24.0 23.83 0.02
165600.0 310 1.63 0.01 62106 342.04 0.36 15488 1012.72 1.15 2862413 371051.06 20.08 310 16.19 0.1 61646 6266.13 20.08 310 0 0 57040 0 0 23.3 24.0 23.83 0.02
166500.0 376 1.77 0.02 62482 343.81 0.36 15548 1013.68 1.15 2877961 372064.74 20.08 370 16.36 0.1 62016 6282.49 20.08 310 0 0 57350 0 0 23.3 24.0 23.83 0.02
167400.0 354 2.4 0.36 62836 346.21 0.36 15527 1011.59 1.15 2893488 373076.33 20.08 350 16.21 0.1 62366 6298.7 20.08 310 0 0 57660 0 0 23.3 24.0 23.83 0.02
168300.0 310 1.63 0.01 63146 347.84 0.36 15483 1007.2 1.15 2908971 374083.53 20.08 310 16.2 0.1 62676 6314.9 20.08 310 0 0 57970 0 0 23.2 24.0 23.81 0.02
169200.0 310 1.63 0.01 63456 349.47 0.36 15482 1005.82 1.15 2924453 375089.35 20.08 310 16.19 0.1 62986 6331.09 20.08 310 0 0 58280 0 0 23.2 24.0 23.8 0.02
170100.0 376 1.77 0.02 63832 351.24 0.36 15541 1004.93 1.15 2939994 376094.28 20.08 370 16.23 0.1 63356 6347.32 20.08 310 0 0 58590 0 0 23.2 24.0 23.8 0.02
171000.0 354 2.4 0.36 64186 353.64 0.36 15520 1003.54 1.15 2955514 377097.82 20.08 350 16.21 0.1 63706 6363.54 20.08 310 0 0 58900 0 0 23.2 24.0 23.8 0.02
171900.0 310 1.63 0.01 64496 355.27 0.36 15479 1002.6 1.15 2970993 378100.43 20.08 310 16.2 0.1 64016 6379.74 20.08 310 0 0 59210 0 0 23.1 24.0 23.77 0.02
172800.0 310 1.63 0.01 64806 356.89 0.36 15478 1001.22 1.15 2986471 379101.65 20.08 310 16.19 0.1 64326 6395.93 20.08 310 0 0 59520 0 0 23.1 24.0 23.75 0.02
173700.0 376 1.77 0.02 65182 358.66 0.36 15535 998.73 1.15 3002006 380100.38 20.08 370 16.36 0.1 64696 6412.29 20.08 310 0 0 59830 0 0 23.1 24.0 23.75 0.02
174600.0 354 2.4 0.36 65536 361.07 0.36 15512 994.34 1.15 3017518 381094.72 20.08 350 16.21 0.1 65046 6428.5 20.08 310 0 0 60140 0 0 23.1 24.0 23.75 0.02
175500.0 310 1.63 0.01 65846 362.69 0.36 15473 995.7 1.15 3032991 382090.42 20.08 310 16.2 0.1 65356 6444.7 20.08 310 0 0 60450 0 0 22.9 24.0 23.72 0.03
176400.0 310 1.63 0.01 66156 364.32 0.36 15468 989.72 1.15 3048459 383080.14 20.08 310 16.19 0.1 65666 6460.89 20.08 310 0 0 60760 0 0 22.9 24.0 23.69 0.03
177300.0 376 1.77 0.02 66532 366.09 0.36 15525 987.23 1.15 3063984 384067.37 20.08 370 16.36 0.1 66036 6477.25 20.08 310 0 0 61070 0 0 22.9 23.9 23.69 0.03
178200.0 354 2.4 0.36 66886 368.49 0.36 15503 983.99 1.15 3079487 385051.36 20.08 350 16.21 0.1 66386 6493.46 20.08 310 0 0 61380 0 0 22.9 23.9 23.69 0.03
179100.0 310 1.63 0.01 67196 370.12 0.36 15465 986.5 1.15 3094952 386037.86 20.08 310 16.2 0.1 66696 6509.66 20.08 310 0 0 61690 0 0 22.8 23.9 23.63 0.03
180000.0 310 1.63 0.01 67506 371.75 0.36 15468 989.72 1.15 3110420 387027.58 20.08 310 16.19 0.1 67006 6525.85 20.08 310 0 0 62000 0 0 22.8 23.9 23.6 0.02
180900.0 376 1.77 0.02 67882 373.52 0.36 15522 983.78 1.15 3125942 388011.37 20.08 370 16.36 0.1 67376 6542.21 20.08 310 0 0 62310 0 0 22.8 23.9 23.6 0.02
181800.0 354 2.4 0.36 68236 375.92 0.36 15492 971.34 1.15 3141434 388982.71 20.08 350 16.21 0.1 67726 6558.43 20.08 310 0 0 62620 0 0 22.8 23.9 23.59 0.02
182700.0 310 1.63 0.01 68546 377.55 0.36 15454 973.85 1.15 3156888 389956.56 20.08 310 16.2 0.1 68036 6574.62 20.08 310 0 0 62930 0 0 22.7 23.8 23.52 0.03
183600.0 310 1.63 0.01 68856 379.17 0.36 15461 981.67 1.15 3172349 390938.23 20.08 310 16.19 0.1 68346 6590.82 20.08 310 0 0 63240 0 0 22.7 23.8 23.46 0.02
184500.0 376 1.77 0.02 69232 380.94 0.36 15516 976.88 1.15 3187865 391915.11 20.08 370 16.36 0.1 68716 6607.17 20.08 310 0 0 63550 0 0 22.7 23.8 23.46 0.02
185400.0 354 2.4 0.36 69586 383.35 0.36 15491 970.19 1.15 3203356 392885.3 20.08 350 16.21 0.1 69066 6623.39 20.08 310 0 0 63860 0 0 22.7 23.8 23.45 0.02
186300.0 310 1.63 0.01 69896 384.97 0.36 15453 972.7 1.15 3218809 393858.0 20.08 310 16.2 0.1 69376 6639.59 20.08 310 0 0 64170 0 0 22.4 23.7 23.35 0.03
187200.0 310 1.63 0.01 70206 386.6 0.36 15449 967.87 1.15 3234258 394825.87 20.08 310 16.19 0.1 69686 6655.78 20.08 310 0 0 64480 0 0 22.4 23.7 23.28 0.02
188100.0 376 1.77 0.02 70582 388.37 0.36 15508 967.68 1.15 3249766 395793.55 20.08 370 16.36 0.1 70056 6672.14 20.08 310 0 0 64790 0 0 22.4 23.7 23.28 0.02
189000.0 354 2.4 0.36 70936 390.77 0.36 15486 964.44 1.15 3265252 396757.99 20.08 350 16.21 0.1 70406 6688.35 20.08 310 0 0 65100 0 0 22.4 23.7 23.27 0.02
189900.0 310 1.63 0.01 71246 392.4 0.36 15446 964.65 1.15 3280698 397722.65 20.08 310 16.2 0.1 70716 6704.55 20.08 310 0 0 65410 0 0 22.1 23.5 23.14 0.03
190800.0 310 1.63 0.01 71556 394.03 0.36 15447 965.57 1.15 3296145 398688.22 20.08 310 16.19 0.1 71026 6720.74 20.08 310 0 0 65720 0 0 22.1 23.5 23.04 0.03
191700.0 376 1.77 0.02 71932 395.8 0.36 15506 965.38 1.15 3311651 399653.6 20.08 370 16.36 0.1 71396 6737.1 20.08 310 0 0 66030 0 0 22.1 23.5 23.03 0.03
192600.0 354 2.4 0.36 72286 398.2 0.36 15479 956.39 1.15 3327130 400609.99 20.08 350 16.21 0.1 71746 6753.31 20.08 310 0 0 66340 0 0 22.1 23.5 23.02 0.03
193500.0 310 1.63 0.01 72596 399.83 0.36 15445 963.5 1.15 3342575 401573.49 20.08 310 16.2 0.1 72056 6769.51 20.08 310 0 0 66650 0 0 22.0 23.3 22.87 0.03
194400.0 310 1.63 0.01 72906 401.45 0.36 15444 962.12 1.15 3358019 402535.61 20.08 310 16.19 0.1 72366 6785.7 20.08 310 0 0 66960 0 0 22.0 23.3 22.75 0.03
195300.0 376 1.77 0.02 73282 403.22 0.36 15496 953.88 1.15 3373515 403489.49 20.08 370 16.36 0.1 72736 6802.06 20.08 310 0 0 67270 0 0 22.0 23.3 22.75 0.03
196200.0 354 2.4 0.36 73636 405.63 0.36 15471 947.19 1.15 3388986 404436.68 20.08 350 16.21 0.1 73086 6818.28 20.08 310 0 0 67580 0 0 22.0 23.3 22.73 0.03
197100.0 310 1.63 0.01 73946 407.25 0.36 15435 952.0 1.15 3404421 405388.68 20.08 310 16.2 0.1 73396 6834.47 20.08 310 0 0 67890 0 0 22.0 23.1 22.58 0.02
198000.0 310 1.63 0.01 74256 408.88 0.36 15396 906.92 1.15 3419817 406295.6 20.08 310 16.19 0.1 73706 6850.67 20.08 310 0 0 68200 0 0 22.0 23.1 22.44 0.03
198900.0 376 1.77 0.02 74632 410.65 0.36 15456 907.88 1.15 3435273 407203.49 20.08 370 16.36 0.1 74076 6867.03 20.08 310 0 0 68510 0 0 22.0 23.1 22.44 0.03
199800.0 354 2.4 0.36 74986 413.05 0.36 15437 908.09 1.15 3450710 408111.58 20.08 350 16.21 0.1 74426 6883.24 20.08 310 0 0 68820 0 0 22.0 23.1 22.42 0.03
200700.0 310 1.63 0.01 75296 414.68 0.36 15400 911.75 1.15 3466110 409023.33 20.08 310 16.2 0.1 74736 6899.44 20.08 310 0 0 69130 0 0 22.0 22.8 22.27 0.02
201600.0 310 1.63 0.01 75606 416.31 0.36 15408 920.72 1.15 3481518 409944.05 20.08 310 16.19 0.1 75046 6915.63 20.08 310 0 0 69440 0 0 22.0 22.8 22.2 0.02
202500.0 376 1.77 0.02 75982 418.08 0.36 15467 920.53 1.15 3496985 410864.58 20.08 370 16.36 0.1 75416 6931.99 20.08 310 0 0 69750 0 0 22.0 22.8 22.2 0.02
203400.0 354 2.4 0.36 76336 420.48 0.36 15443 914.99 1.15 3512428 411779.57 20.08 350 16.21 0.1 75766 6948.2 20.08 310 0 0 70060 0 0 22.0 22.8 22.18 0.02
204300.0 310 1.63 0.01 76646 422.11 0.36 15407 919.8 1.15 3527835 412699.37 20.08 310 16.2 0.1 76076 6964.4 20.08 310 0 0 70370 0 0 22.0 22.6 22.07 0.01
205200.0 310 1.63 0.01 76956 423.73 0.36 15405 917.27 1.15 3543240 413616.64 20.08 310 16.19 0.1 76386 6980.59 20.08 310 0 0 70680 0 0 22.0 22.6 22.07 0.01
206100.0 376 1.77 0.02 77332 425.5 0.36 15464 916.38 1.15 3558704 414533.03 20.08 370 16.23 0.1 76756 6996.82 20.08 310 0 0 70990 0 0 22.0 22.6 22.07 0.01
207000.0 354 2.4 0.36 77686 427.91 0.36 15432 902.34 1.15 3574136 415435.37 20.08 350 16.21 0.1 77106 7013.03 20.08 310 0 0 71300 0 0 22.0 22.6 22.07 0.01
207900.0 310 1.63 0.01 77996 429.53 0.36 15398 909.45 1.15 3589534 416344.82 20.08 310 16.2 0.1 77416 7029.23 20.08 310 0 0 71610 0 0 22.0 22.2 22.03 0.0
208800.0 310 1.63 0.01 78306 431.16 0.36 15393 903.47 1.15 3604927 417248.29 20.08 310 16.19 0.1 77726 7045.42 20.08 310 0 0 71920 0 0 22.0 22.2 22.03 0.0
209700.0 376 1.77 0.02 78682 432.93 0.36 15451 902.13 1.15 3620378 418150.42 20.08 370 16.36 0.1 78096 7061.78 20.08 310 0 0 72230 0 0 22.0 22.2 22.03 0.0
210600.0 354 2.4 0.36 79036 435.33 0.36 15420 888.54 1.15 3635798 419038.96 20.08 350 16.21 0.1 78446 7078.0 20.08 310 0 0 72540 0 0 22.0 22.2 22.02 0.0
211500.0 310 1.63 0.01 79346 436.96 0.36 15386 895.65 1.15 3651184 419934.61 20.08 310 16.2 0.1 78756 7094.2 20.08 310 0 0 72850 0 0 22.0 22.0 22.0 0.0
212400.0 310 1.63 0.01 79656 438.59 0.36 15386 895.42 1.15 3666570 420830.03 20.08 310 16.19 0.1 79066 7110.39 20.08 310 0 0 73160 0 0 22.0 22.0 22.0 0.0
213300.0 376 1.77 0.02 80032 440.35 0.36 15442 891.08 1.15 3682012 421721.12 20.08 370 16.23 0.1 79436 7126.62 20.08 310 0 0 73470 0 0 22.0 22.0 22.0 0.0
214200.0 354 2.4 0.36 80386 442.76 0.36 15410 877.04 1.15 3697422 422598.16 20.08 350 16.21 0.1 79786 7142.83 20.08 310 0 0 73780 0 0 22.0 22.0 22.0 0.0
215100.0 310 1.63 0.01 80696 444.39 0.36 15368 874.95 1.15 3712790 423473.11 20.08 310 16.2 0.1 80096 7159.03 20.08 310 0 0 74090 0 0 22.0 22.0 22.0 0.0
216000.0 310 1.63 0.01 81006 446.01 0.36 15363 868.97 1.15 3728153 424342.08 20.08 310 16.19 0.1 80406 7175.22 20.08 310 0 0 74400 0 0 22.0 22.0 22.0 0.0
216900.0 376 1.77 0.02 81382 447.78 0.36 15422 868.78 1.15 3743575 425210.86 20.08 370 16.36 0.1 80776 7191.58 20.08 310 0 0 74710 0 0 22.0 22.0 22.0 0.0
217800.0 354 2.4 0.36 81736 450.18 0.36 15399 864.39 1.15 3758974 426075.25 20.08 350 16.21 0.1 81126 7207.79 20.08 310 0 0 75020 0 0 22.0 22.0 22.0 0.0
218700.0 310 1.63 0.01 82046 451.81 0.36 15356 861.15 1.15 3774330 426936.41 20.08 310 16.2 0.1 81436 7223.99 20.08 310 0 0 75330 0 0 22.0 22.0 22.0 0.0
219600.0 310 1.63 0.01 82356 453.44 0.36 15353 857.47 1.15 3789683 427793.88 20.08 310 16.19 0.1 81746 7240.18 20.08 310 0 0 75640 0 0 22.0 22.0 22.0 0.0
220500.0 376 1.77 0.02 82732 455.21 0.36 15408 852.68 1.15 3805091 428646.56 20.08 370 16.36 0.1 82116 7256.54 20.08 310 0 0 75950 0 0 22.0 22.0 22.0 0.0
221400.0 354 2.4 0.36 83086 457.61 0.36 15397 865.62 1.15 3820488 429512.17 20.08 350 16.29 0.1 82466 7272.83 20.08 310 0 0 76260 0 0 21.0 22.0 21.94 0.03
222300.0 310 1.63 0.01 83396 459.24 0.36 15445 969.56 1.15 3835933 430481.73 20.08 310 16.32 0.1 82776 7289.15 20.08 310 0 0 76570 0 0 20.2 22.0 21.24 0.1
223200.0 310 1.63 0.01 83706 460.87 0.36 15475 1003.82 1.15 3851408 431485.55 20.08 310 16.32 0.1 83086 7305.46 20.08 310 0 0 76880 0 0 19.9 22.0 20.59 0.16
224100.0 376 1.77 0.02 84082 462.64 0.36 15535 1004.79 1.15 3866943 432490.34 20.08 370 16.48 0.1 83456 7321.95 20.08 310 0 0 77190 0 0 19.8 21.8 20.57 0.15
225000.0 354 2.4 0.36 84436 465.04 0.36 15514 1001.23 1.15 3882457 433491.57 20.08 350 16.31 0.1 83806 7338.26 20.08 310 0 0 77500 0 0 19.8 21.8 20.57 0.14
225900.0 310 1.63 0.01 84746 466.67 0.36 15476 1004.39 1.15 3897933 434495.96 20.08 310 16.3 0.1 84116 7354.56 20.08 310 0 0 77810 0 0 19.8 21.7 20.51 0.14
226800.0 310 1.63 0.01 85056 468.29 0.36 15479 1007.6 1.15 3913412 435503.56 20.08 310 16.3 0.1 84426 7370.86 20.08 310 0 0 78120 0 0 19.8 21.7 20.48 0.16
227700.0 376 1.77 0.02 85432 470.06 0.36 15538 1007.42 1.15 3928950 436510.98 20.08 370 16.47 0.1 84796 7387.33 20.08 310 0 0 78430 0 0 19.8 21.7 20.48 0.16
228600.0 354 2.4 0.36 85786 472.47 0.36 15515 1004.64 1.15 3944465 437515.62 20.08 350 16.35 0.1 85146 7403.68 20.08 310 0 0 78740 0 0 19.8 21.7 20.47 0.16
229500.0 310 1.63 0.01 86096 474.09 0.36 15476 1004.28 1.15 3959941 438519.91 20.08 310 16.3 0.1 85456 7419.98 20.08 310 0 0 79050 0 0 19.8 21.6 20.45 0.15
230400.0 310 1.63 0.01 86406 475.72 0.36 15477 1005.2 1.15 3975418 439525.1 20.08 310 16.3 0.1 85766 7436.28 20.08 310 0 0 79360 0 0 19.8 21.6 20.46 0.15
231300.0 376 1.77 0.02 86782 477.49 0.36 15534 1002.01 1.15 3990952 440527.12 20.08 370 16.33 0.1 86136 7452.61 20.08 310 0 0 79670 0 0 19.8 21.6 20.46 0.15
232200.0 354 2.4 0.36 87136 479.89 0.36 15511 997.43 1.15 4006463 441524.55 20.08 350 16.3 0.1 86486 7468.91 20.08 310 0 0 79980 0 0 19.8 21.6 20.46 0.15
233100.0 310 1.63 0.01 87446 481.52 0.36 15472 1000.53 1.15 4021935 442525.08 20.08 310 16.32 0.1 86796 7485.23 20.08 310 0 0 80290 0 0 19.8 21.5 20.49 0.16
234000.0 310 1.63 0.01 87756 483.15 0.36 15473 1001.44 1.15 4037408 443526.52 20.08 310 16.31 0.1 87106 7501.55 20.08 310 0 0 80600 0 0 19.8 21.5 20.5 0.15
234900.0 376 1.77 0.02 88132 484.92 0.36 15533 1002.41 1.15 4052941 444528.93 20.08 370 16.48 0.1 87476 7518.03 20.08 310 0 0 80910 0 0 19.8 21.5 20.5 0.15
235800.0 354 2.4 0.36 88486 487.32 0.36 15509 995.24 1.15 4068450 445524.17 20.08 350 16.3 0.1 87826 7534.33 20.08 310 0 0 81220 0 0 19.8 21.5 20.5 0.15
236700.0 310 1.63 0.01 88796 488.95 0.36 15469 993.08 1.15 4083919 446517.25 20.08 310 16.24 0.1 88136 7550.57 20.08 310 0 0 81530 0 0 19.8 21.4 20.51 0.16
237600.0 310 1.63 0.01 89106 490.58 0.36 15468 991.69 1.15 4099387 447508.95 20.08 310 16.23 0.1 88446 7566.8 20.08 310 0 0 81840 0 0 19.8 21.4 20.55 0.14
238500.0 376 1.77 0.02 89482 492.34 0.36 15526 989.66 1.15 4114913 448498.61 20.08 370 16.27 0.1 88816 7583.07 20.08 310 0 0 82150 0 0 19.7 21.4 20.55 0.14
239400.0 354 2.4 0.36 89836 494.75 0.36 15501 985.63 1.15 4130414 449484.24 20.08 350 16.29 0.1 89166 7599.37 20.08 310 0 0 82460 0 0 19.7 21.4 20.55 0.15
240300.0 310 1.63 0.01 90146 496.38 0.36 15456 980.1 1.15 4145870 450464.33 20.08 310 16.28 0.1 89476 7615.64 20.08 310 0 0 82770 0 0 19.7 21.6 20.57 0.16
241200.0 310 1.63 0.01 90456 498.0 0.36 15454 977.56 1.15 4161324 451441.89 20.08 310 16.27 0.1 89786 7631.92 20.08 310 0 0 83080 0 0 19.7 21.6 20.6 0.15
242100.0 376 1.77 0.02 90832 499.77 0.36 15510 973.93 1.15 4176834 452415.82 20.08 370 16.44 0.1 90156 7648.36 20.08 310 0 0 83390 0 0 19.7 21.6 20.6 0.15
243000.0 354 2.4 0.36 91186 502.18 0.36 15489 971.2 1.15 4192323 453387.02 20.08 350 16.28 0.1 90506 7664.64 20.08 310 0 0 83700 0 0 19.7 21.6 20.6 0.15
243900.0 310 1.63 0.01 91496 503.8 0.36 15447 970.7 1.15 4207770 454357.72 20.08 310 16.3 0.1 90816 7680.94 20.08 310 0 0 84010 0 0 19.7 21.8 20.61 0.16
244800.0 310 1.63 0.01 91806 505.43 0.36 15452 976.21 1.15 4223222 455333.93 20.08 310 16.29 0.1 91126 7697.23 20.08 310 0 0 84320 0 0 19.7 21.8 20.64 0.16
245700.0 376 1.77 0.02 92182 507.2 0.36 15511 976.03 1.15 4238733 456309.96 20.08 370 16.46 0.1 91496 7713.69 20.08 310 0 0 84630 0 0 19.6 21.8 20.64 0.16
246600.0 354 2.4 0.36 92536 509.6 0.36 15475 957.72 1.15 4254208 457267.67 20.08 350 16.33 0.1 91846 7730.02 20.08 310 0 0 84940 0 0 19.6 21.8 20.64 0.16
247500.0 310 1.63 0.01 92846 511.23 0.36 15443 965.8 1.15 4269651 458233.48 20.08 310 16.29 0.1 92156 7746.31 20.08 310 0 0 85250 0 0 19.6 21.9 20.6 0.16
248400.0 310 1.63 0.01 93156 512.86 0.36 15445 967.87 1.15 4285096 459201.34 20.08 310 16.29 0.1 92466 7762.6 20.08 310 0 0 85560 0 0 19.6 21.9 20.62 0.16
249300.0 376 1.77 0.02 93532 514.63 0.36 15496 958.48 1.15 4300592 460159.82 20.08 370 16.45 0.1 92836 7779.05 20.08 310 0 0 85870 0 0 19.5 21.9 20.62 0.17
250200.0 354 2.4 0.36 93886 517.03 0.36 15460 938.24 1.15 4316052 461098.07 20.08 350 16.29 0.1 93186 7795.34 20.08 310 0 0 86180 0 0 19.5 21.9 20.61 0.17
251100.0 310 1.63 0.01 94196 518.66 0.36 15434 955.18 1.15 4331486 462053.24 20.08 310 16.29 0.1 93496 7811.63 20.08 310 0 0 86490 0 0 19.5 22.0 20.58 0.18
252000.0 310 1.63 0.01 94506 520.29 0.36 15440 961.84 1.15 4346926 463015.08 20.08 310 16.28 0.1 93806 7827.91 20.08 310 0 0 86800 0 0 19.5 22.0 20.56 0.19
252900.0 376 1.77 0.02 94882 522.05 0.36 15498 960.51 1.15 4362424 463975.59 20.08 370 16.45 0.1 94176 7844.36 20.08 310 0 0 87110 0 0 19.5 22.0 20.56 0.2
253800.0 354 2.4 0.36 95236 524.46 0.36 15470 950.29 1.15 4377894 464925.88 20.08 350 16.3 0.1 94526 7860.66 20.08 310 0 0 87420 0 0 19.5 22.0 20.55 0.19
254700.0 310 1.63 0.01 95546 526.09 0.36 15478 1005.95 1.15 4393372 465931.83 20.08 310 16.29 0.1 94836 7876.95 20.08 310 0 0 87730 0 0 19.5 21.8 20.43 0.2
255600.0 310 1.63 0.01 95856 527.71 0.36 15481 1009.17 1.15 4408853 466940.99 20.08 310 16.28 0.1 95146 7893.23 20.08 310 0 0 88040 0 0 19.5 21.8 20.39 0.21
256500.0 376 1.77 0.02 96232 529.48 0.36 15538 1006.68 1.15 4424391 467947.68 20.08 370 16.45 0.1 95516 7909.68 20.08 310 0 0 88350 0 0 19.3 21.8 20.39 0.21
257400.0 354 2.4 0.36 96586 531.89 0.36 15493 975.8 1.15 4439884 468923.48 20.08 350 16.28 0.1 95866 7925.96 20.08 310 0 0 88660 0 0 19.3 21.8 20.38 0.21
258300.0 310 1.63 0.01 96896 533.51 0.36 15493 1023.28 1.15 4455377 469946.76 20.08 310 16.29 0.1 96176 7942.26 20.08 310 0 0 88970 0 0 19.3 21.8 20.23 0.21
259200.0 310 1.63 0.01 97206 535.14 0.36 15496 1026.49 1.15 4470873 470973.25 20.08 310 16.29 0.1 96486 7958.54 20.08 310 0 0 89280 0 0 19.3 21.8 20.15 0.23
260100.0 376 1.77 0.02 97582 536.91 0.36 15556 1027.46 1.15 4486429 472000.71 20.08 370 16.45 0.1 96856 7974.99 20.08 310 0 0 89590 0 0 19.2 21.6 20.15 0.23
261000.0 356 2.47 0.36 97938 539.38 0.36 15842 162003.28 20.09 4502271 634003.99 20.09 352 3194.22 20.09 97208 11169.21 20.09 310 0 0 89900 0 0 19.2 21.6 20.15 0.23
261900.0 310 1.63 0.01 98248 541.01 0.36 15522 1047.39 1.15 4517793 635051.38 20.09 310 16.29 0.1 97518 11185.5 20.09 310 0 0 90210 0 0 18.9 21.6 19.65 0.23
262800.0 310 1.63 0.01 98558 542.64 0.36 15522 1047.14 1.15 4533315 636098.52 20.09 310 16.28 0.1 97828 11201.78 20.09 310 0 0 90520 0 0 18.9 21.6 19.63 0.24
263700.0 376 1.77 0.02 98934 544.41 0.36 15582 1048.12 1.15 4548897 637146.63 20.09 370 16.45 0.1 98198 11218.23 20.09 310 0 0 90830 0 0 18.9 20.8 19.63 0.23
264600.0 356 2.47 0.36 99290 546.88 0.36 15872 161876.47 20.08 4564769 799023.1 20.09 352 3190.54 20.08 98550 14408.78 20.09 310 0 0 91140 0 0 18.9 20.8 19.63 0.23
265500.0 310 1.63 0.01 99600 548.51 0.36 15562 1152.16 1.15 4580331 800175.26 20.09 310 17.17 0.11 98860 14425.95 20.09 310 0 0 91450 0 0 17.3 20.2 18.01 0.12
266400.0 310 1.63 0.01 99910 550.14 0.36 15566 1156.52 1.15 4595897 801331.78 20.09 310 17.16 0.11 99170 14443.11 20.09 310 0 0 91760 0 0 17.3 20.0 17.82 0.04
267300.0 376 1.77 0.02 100286 551.91 0.36 15626 1157.5 1.15 4611523 802489.28 20.09 370 17.34 0.11 99540 14460.45 20.09 310 0 0 92070 0 0 17.3 18.8 17.81 0.02
268200.0 356 2.48 0.36 100642 554.39 0.36 15913 162096.93 20.09 4627436 964586.21 20.09 352 3194.98 20.09 99892 17655.43 20.09 310 0 0 92380 0 0 17.3 18.8 17.81 0.02
269100.0 310 1.63 0.01 100952 556.02 0.36 15574 1154.86 1.15 4643010 965741.07 20.09 310 17.17 0.11 100202 17672.6 20.09 310 0 0 92690 0 0 17.3 18.7 17.77 0.02
270000.0 310 1.63 0.01 101262 557.65 0.36 15574 1154.61 1.15 4658584 966895.68 20.09 310 17.16 0.11 100512 17689.77 20.09 310 0 0 93000 0 0 17.3 18.7 17.77 0.02
270900.0 376 1.77 0.02 101638 559.42 0.36 15634 1155.6 1.15 4674218 968051.27 20.09 370 17.34 0.11 100882 17707.11 20.09 310 0 0 93310 0 0 17.3 18.7 17.77 0.02
271800.0 354 2.41 0.36 101992 561.82 0.36 15610 1148.14 1.15 4689828 969199.42 20.09 350 17.15 0.11 101232 17724.26 20.09 310 0 0 93620 0 0 17.3 18.7 17.76 0.02
272700.0 310 1.63 0.01 102302 563.45 0.36 15572 1150.67 1.15 4705400 970350.09 20.09 310 17.13 0.11 101542 17741.39 20.09 310 0 0 93930 0 0 17.3 18.6 17.75 0.02
273600.0 310 1.63 0.01 102612 565.08 0.36 15572 1150.42 1.15 4720972 971500.51 20.09 310 17.13 0.11 101852 17758.52 20.09 310 0 0 94240 0 0 17.3 18.6 17.74 0.02
274500.0 376 1.77 0.02 102988 566.85 0.36 15630 1149.11 1.15 4736602 972649.62 20.09 370 17.3 0.11 102222 17775.82 20.09 310 0 0 94550 0 0 17.3 18.6 17.74 0.02
275400.0 354 2.41 0.36 103342 569.26 0.36 15608 1151.07 1.15 4752210 973800.69 20.09 350 17.25 0.11 102572 17793.07 20.09 310 0 0 94860 0 0 17.3 18.6 17.74 0.02
276300.0 310 1.63 0.01 103652 570.89 0.36 15569 1146.66 1.15 4767779 974947.35 20.09 310 17.12 0.11 102882 17810.19 20.09 310 0 0 95170 0 0 17.3 18.5 17.72 0.02
277200.0 310 1.63 0.01 103962 572.52 0.36 15572 1149.86 1.15 4783351 976097.21 20.09 310 17.11 0.11 103192 17827.31 20.09 310 0 0 95480 0 0 17.3 18.5 17.71 0.02
278100.0 376 1.77 0.02 104338 574.29 0.36 15632 1150.14 1.15 4798983 977247.35 20.09 370 17.15 0.11 103562 17844.46 20.09 310 0 0 95790 0 0 17.3 18.5 17.71 0.02
279000.0 354 2.41 0.36 104692 576.69 0.36 15606 1139.64 1.15 4814589 978386.99 20.09 350 17.07 0.11 103912 17861.53 20.09 310 0 0 96100 0 0 17.3 18.5 17.71 0.02
279900.0 310 1.63 0.01 105002 578.32 0.36 15565 1144.51 1.15 4830154 979531.49 20.09 310 17.17 0.11 104222 17878.7 20.09 310 0 0 96410 0 0 17.3 18.4 17.7 0.02
280800.0 310 1.63 0.01 105312 579.95 0.36 15566 1145.41 1.15 4845720 980676.9 20.09 310 17.16 0.11 104532 17895.86 20.09 310 0 0 96720 0 0 17.3 18.4 17.69 0.02
281700.0 376 1.77 0.02 105688 581.72 0.36 15622 1141.8 1.15 4861342 981818.7 20.09 370 17.34 0.11 104902 17913.2 20.09 310 0 0 97030 0 0 17.3 18.4 17.69 0.02
282600.0 354 2.41 0.36 106042 584.13 0.36 15598 1134.59 1.15 4876940 982953.29 20.09 350 17.15 0.11 105252 17930.36 20.09 310 0 0 97340 0 0 17.3 18.4 17.69 0.01
283500.0 310 1.63 0.01 106352 585.76 0.36 15560 1132.0 1.15 4892500 984085.29 20.09 310 17.03 0.11 105562 17947.39 20.09 310 0 0 97650 0 0 17.3 18.3 17.68 0.01
284400.0 310 1.63 0.01 106662 587.38 0.36 15557 1128.34 1.15 4908057 985213.64 20.09 310 17.03 0.11 105872 17964.42 20.09 310 0 0 97960 0 0 17.3 18.3 17.68 0.01
285300.0 376 1.77 0.02 107038 589.15 0.36 15617 1129.29 1.15 4923674 986342.93 20.09 370 17.2 0.11 106242 17981.62 20.09 310 0 0 98270 0 0 17.3 18.3 17.68 0.01
286200.0 354 2.41 0.36 107392 591.56 0.36 15596 1126.96 1.15 4939270 987469.89 20.09 350 17.04 0.11 106592 17998.66 20.09 310 0 0 98580 0 0 17.3 18.3 17.68 0.01
287100.0 310 1.63 0.01 107702 593.19 0.36 15562 1133.37 1.15 4954832 988603.26 20.09 310 17.01 0.11 106902 18015.68 20.09 310 0 0 98890 0 0 17.3 18.2 17.67 0.01
288000.0 310 1.63 0.01 108012 594.82 0.36 15555 1125.08 1.15 4970387 989728.33 20.09 310 17.01 0.11 107212 18032.68 20.09 310 0 0 99200 0 0 17.3 18.2 17.67 0.01
288900.0 376 1.77 0.02 108388 596.59 0.36 15615 1126.06 1.15 4986002 990854.4 20.09 370 17.18 0.11 107582 18049.87 20.09 310 0 0 99510 0 0 17.3 18.2 17.67 0.01
289800.0 354 2.41 0.36 108742 599.0 0.36 15593 1128.03 1.15 5001595 991982.43 20.09 350 17.14 0.11 107932 18067.0 20.09 310 0 0 99820 0 0 17.3 18.2 17.66 0.01
290700.0 310 1.63 0.01 109052 600.62 0.36 15561 1143.26 1.15 5017156 993125.68 20.09 310 17.24 0.11 108242 18084.24 20.09 310 0 0 100130 0 0 17.3 18.1 17.65 0.01
291600.0 310 1.63 0.01 109362 602.25 0.36 15554 1134.95 1.15 5032710 994260.64 20.09 310 17.23 0.11 108552 18101.48 20.09 310 0 0 100440 0 0 17.3 18.1 17.66 0.01
292500.0 376 1.77 0.02 109738 604.02 0.36 15613 1134.8 1.15 5048323 995395.43 20.09 370 17.41 0.11 108922 18118.89 20.09 310 0 0 100750 0 0 17.3 18.1 17.66 0.01
293400.0 354 2.41 0.36 110092 606.43 0.36 15592 1132.68 1.15 5063915 996528.11 20.09 350 17.25 0.11 109272 18136.14 20.09 310 0 0 101060 0 0 17.3 18.1 17.66 0.01
294300.0 310 1.63 0.01 110402 608.06 0.36 15557 1132.67 1.15 5079472 997660.78 20.09 310 17.12 0.11 109582 18153.26 20.09 310 0 0 101370 0 0 17.4 18.0 17.66 0.01
295200.0 310 1.63 0.01 110712 609.69 0.36 15553 1127.83 1.15 5095025 998788.62 20.09 310 17.11 0.11 109892 18170.37 20.09 310 0 0 101680 0 0 17.4 18.0 17.66 0.01
296100.0 376 1.77 0.02 111088 611.46 0.36 15613 1128.81 1.15 5110638 999917.43 20.09 370 17.29 0.11 110262 18187.66 20.09 310 0 0 101990 0 0 17.4 18.0 17.66 0.01
297000.0 354 2.41 0.36 111442 613.87 0.36 15594 1129.0 1.15 5126232 1001046.43 20.09 350 17.13 0.11 110612 18204.79 20.09 310 0 0 102300 0 0 17.4 18.0 17.66 0.01
297900.0 310 1.63 0.01 111752 615.5 0.36 15549 1129.45 1.15 5141781 1002175.89 20.09 310 17.24 0.11 110922 18222.03 20.09 310 0 0 102610 0 0 17.4 18.0 17.65 0.01
298800.0 310 1.63 0.01 112062 617.13 0.36 15548 1128.05 1.15 5157329 1003303.94 20.09 310 17.23 0.11 111232 18239.26 20.09 310 0 0 102920 0 0 17.4 18.0 17.66 0.01
299700.0 376 1.77 0.02 112438 618.9 0.36 15608 1129.05 1.15 5172937 1004432.99 20.09 370 17.41 0.11 111602 18256.67 20.09 310 0 0 103230 0 0 17.4 18.0 17.66 0.01
300600.0 354 2.41 0.36 112792 621.3 0.36 15583 1122.33 1.15 5188520 1005555.32 20.09 350 17.25 0.11 111952 18273.92 20.09 310 0 0 103540 0 0 17.4 18.0 17.66 0.01
301500.0 310 1.63 0.01 113102 622.93 0.36 15551 1127.58 1.15 5204071 1006682.9 20.09 310 17.15 0.11 112262 18291.08 20.09 310 0 0 103850 0 0 17.4 17.9 17.66 0.0
302400.0 310 1.63 0.01 113412 624.56 0.36 15547 1122.72 1.15 5219618 1007805.62 20.09 310 17.15 0.11 112572 18308.23 20.09 310 0 0 104160 0 0 17.4 17.9 17.67 0.01
303300.0 376 1.77 0.02 113788 626.33 0.36 15603 1119.12 1.15 5235221 1008924.75 20.09 370 17.33 0.11 112942 18325.55 20.09 310 0 0 104470 0 0 17.4 17.9 17.67 0.01
304200.0 354 2.41 0.36 114142 628.74 0.36 15576 1106.75 1.15 5250797 1010031.5 20.09 350 17.1 0.11 113292 18342.65 20.09 310 0 0 104780 0 0 17.4 17.9 17.66 0.01
305100.0 310 1.63 0.01 114452 630.37 0.36 15539 1114.6 1.15 5266336 1011146.1 20.09 310 17.17 0.11 113602 18359.82 20.09 310 0 0 105090 0 0 17.4 17.8 17.66 0.01
306000.0 310 1.63 0.01 114762 632.0 0.36 15537 1112.06 1.15 5281873 1012258.16 20.09 310 17.16 0.11 113912 18376.99 20.09 310 0 0 105400 0 0 17.4 17.9 17.66 0.01
306900.0 376 1.77 0.02 115138 633.77 0.36 15597 1113.05 1.15 5297470 1013371.2 20.09 370 17.34 0.11 114282 18394.33 20.09 310 0 0 105710 0 0 17.4 17.9 17.66 0.01
307800.0 354 2.41 0.36 115492 636.17 0.36 15573 1110.83 1.15 5313043 1014482.03 20.09 350 17.25 0.11 114632 18411.58 20.09 310 0 0 106020 0 0 17.4 17.9 17.66 0.01
308700.0 310 1.63 0.01 115802 637.8 0.36 15537 1115.66 1.15 5328580 1015597.69 20.09 310 17.24 0.11 114942 18428.82 20.09 310 0 0 106330 0 0 17.4 17.9 17.66 0.01
309600.0 310 1.63 0.01 116112 639.43 0.36 15538 1116.55 1.15 5344118 1016714.24 20.09 310 17.23 0.11 115252 18446.05 20.09 310 0 0 106640 0 0 17.4 17.9 17.67 0.01
310500.0 376 1.77 0.02 116488 641.2 0.36 15594 1112.95 1.15 5359712 1017827.19 20.09 370 17.41 0.11 115622 18463.46 20.09 310 0 0 106950 0 0 17.4 17.9 17.67 0.01
311400.0 354 2.41 0.36 116842 643.61 0.36 15565 1101.63 1.15 5375277 1018928.81 20.09 350 17.25 0.11 115972 18480.72 20.09 310 0 0 107260 0 0 17.4 17.9 17.67 0.01
312300.0 310 1.63 0.01 117152 645.24 0.36 15519 1088.97 1.15 5390796 1020017.79 20.09 310 17.12 0.11 116282 18497.83 20.09 310 0 0 107570 0 0 17.4 17.9 17.67 0.01
313200.0 310 1.63 0.01 117462 646.87 0.36 15523 1093.33 1.15 5406319 1021111.12 20.09 310 17.11 0.11 116592 18514.95 20.09 310 0 0 107880 0 0 17.4 18.0 17.68 0.01
314100.0 376 1.77 0.02 117838 648.64 0.36 15579 1089.71 1.15 5421898 1022200.84 20.09 370 17.29 0.11 116962 18532.23 20.09 310 0 0 108190 0 0 17.3 18.0 17.68 0.01
315000.0 354 2.41 0.36 118192 651.04 0.36 15558 1087.6 1.15 5437456 1023288.44 20.09 350 17.13 0.11 117312 18549.37 20.09 310 0 0 108500 0 0 17.3 18.0 17.68 0.01
315900.0 310 1.63 0.01 118502 652.67 0.36 15518 1088.01 1.15 5452974 1024376.45 20.09 310 17.12 0.11 117622 18566.49 20.09 310 0 0 108810 0 0 17.3 18.0 17.69 0.01
316800.0 310 1.63 0.01 118812 654.3 0.36 15527 1098.11 1.15 5468501 1025474.56 20.09 310 17.11 0.11 117932 18583.6 20.09 310 0 0 109120 0 0 17.3 18.1 17.7 0.02
317700.0 376 1.77 0.02 119188 656.07 0.36 15583 1094.5 1.15 5484084 1026569.06 20.09 370 17.29 0.11 118302 18600.89 20.09 310 0 0 109430 0 0 17.3 18.1 17.7 0.02
318600.0 354 2.41 0.36 119542 658.48 0.36 15552 1080.88 1.15 5499636 1027649.94 20.09 350 17.14 0.11 118652 18618.03 20.09 310 0 0 109740 0 0 17.3 18.1 17.7 0.02
319500.0 310 1.63 0.01 119852 660.11 0.36 15505 1078.86 1.15 5515141 1028728.8 20.09 310 17.24 0.11 118962 18635.27 20.09 310 0 0 110050 0 0 17.3 18.1 17.7 0.02
320400.0 310 1.63 0.01 120162 661.74 0.36 15505 1078.6 1.15 5530646 1029807.4 20.09 310 17.23 0.11 119272 18652.5 20.09 310 0 0 110360 0 0 17.3 18.2 17.7 0.02
321300.0 376 1.77 0.02 120538 663.51 0.36 15564 1078.45 1.15 5546210 1030885.85 20.09 370 17.41 0.11 119642 18669.91 20.09 310 0 0 110670 0 0 17.3 18.2 17.7 0.02
322200.0 354 2.41 0.36 120892 665.92 0.36 15540 1059.7 1.15 5561750 1031945.55 20.09 350 16.99 0.11 119992 18686.9 20.09 310 0 0 110980 0 0 17.3 18.2 17.71 0.02
323100.0 310 1.63 0.01 121202 667.54 0.36 15500 1055.76 1.15 5577250 1033001.31 20.09 310 16.88 0.11 120302 18703.78 20.09 310 0 0 111290 0 0 17.3 18.2 17.71 0.02
324000.0 310 1.63 0.01 121512 669.17 0.36 15499 1054.34 1.15 5592749 1034055.66 20.09 310 16.88 0.11 120612 18720.66 20.09 310 0 0 111600 0 0 17.3 18.2 17.72 0.02
324900.0 376 1.77 0.02 121888 670.94 0.36 15553 1048.45 1.15 5608302 1035104.11 20.09 370 17.05 0.11 120982 18737.71 20.09 310 0 0 111910 0 0 17.3 18.2 17.72 0.02
325800.0 354 2.41 0.36 122242 673.35 0.36 15518 1043.39 1.15 5623820 1036147.5 20.09 350 17.17 0.11 121332 18754.88 20.09 310 0 0 112220 0 0 17.3 18.2 17.72 0.02
326700.0 310 1.63 0.01 122552 674.98 0.36 15481 1051.25 1.15 5639301 1037198.75 20.09 310 17.24 0.11 121642 18772.12 20.09 310 0 0 112530 0 0 17.3 18.2 17.72 0.02
327600.0 310 1.63 0.01 122862 676.61 0.36 15492 1063.65 1.15 5654793 1038262.41 20.09 310 17.23 0.11 121952 18789.35 20.09 310 0 0 112840 0 0 17.3 18.3 17.73 0.03
328500.0 376 1.77 0.02 123238 678.38 0.36 15549 1061.2 1.15 5670342 1039323.61 20.09 370 17.41 0.11 122322 18806.76 20.09 310 0 0 113150 0 0 17.2 18.3 17.73 0.03
329400.0 354 2.41 0.36 123592 680.79 0.36 15517 1046.43 1.15 5685859 1040370.03 20.09 350 17.25 0.11 122672 18824.02 20.09 310 0 0 113460 0 0 17.2 18.3 17.73 0.03
330300.0 310 1.63 0.01 123902 682.41 0.36 15471 1039.76 1.15 5701330 1041409.79 20.09 310 17.24 0.11 122982 18841.26 20.09 310 0 0 113770 0 0 17.2 18.3 17.74 0.03
331200.0 310 1.63 0.01 124212 684.04 0.36 15479 1048.7 1.15 5716809 1042458.49 20.09 310 17.23 0.11 123292 18858.49 20.09 310 0 0 114080 0 0 17.2 18.4 17.74 0.03
332100.0 376 1.77 0.02 124588 685.82 0.36 15533 1042.8 1.15 5732342 1043501.29 20.09 370 17.41 0.11 123662 18875.9 20.09 310 0 0 114390 0 0 17.2 18.4 17.74 0.03
333000.0 354 2.41 0.36 124942 688.22 0.36 15494 1016.63 1.15 5747836 1044517.92 20.09 350 17.19 0.11 124012 18893.09 20.09 310 0 0 114700 0 0 17.2 18.4 17.74 0.03
333900.0 310 1.63 0.01 125252 689.85 0.36 15440 1000.76 1.15 5763276 1045518.68 20.09 310 17.17 0.11 124322 18910.26 20.09 310 0 0 115010 0 0 17.2 18.4 17.75 0.03
334800.0 310 1.63 0.01 125562 691.48 0.36 15449 1010.86 1.15 5778725 1046529.54 20.09 310 17.16 0.11 124632 18927.42 20.09 310 0 0 115320 0 0 17.2 18.5 17.75 0.04
335700.0 376 1.77 0.02 125938 693.25 0.36 15496 996.9 1.15 5794221 1047526.44 20.09 370 17.34 0.11 125002 18944.76 20.09 310 0 0 115630 0 0 17.2 18.5 17.75 0.04
336600.0 354 2.41 0.36 126292 695.66 0.36 15466 987.78 1.15 5809687 1048514.21 20.09 350 17.25 0.11 125352 18962.02 20.09 310 0 0 115940 0 0 17.2 18.5 17.75 0.04
337500.0 310 1.63 0.01 126602 697.29 0.36 15410 969.61 1.15 5825097 1049483.82 20.09 310 17.24 0.11 125662 18979.25 20.09 310 0 0 116250 0 0 17.2 18.5 17.76 0.04
338400.0 310 1.63 0.01 126912 698.92 0.36 15423 984.3 1.15 5840520 1050468.12 20.09 310 17.23 0.11 125972 18996.49 20.09 310 0 0 116560 0 0 17.2 18.5 17.77 0.04
339300.0 376 1.77 0.02 127288 700.69 0.36 15471 971.5 1.15 5855991 1051439.62 20.09 370 17.41 0.11 126342 19013.9 20.09 310 0 0 116870 0 0 17.2 18.5 17.77 0.04
340200.0 354 2.41 0.36 127642 703.09 0.36 15433 944.59 1.15 5871424 1052384.22 20.09 350 17.15 0.11 126692 19031.05 20.09 310 0 0 117180 0 0 17.2 18.5 17.77 0.04
341100.0 310 1.63 0.01 127952 704.72 0.36 15377 926.42 1.15 5886801 1053310.64 20.09 310 17.13 0.11 127002 19048.18 20.09 310 0 0 117490 0 0 17.2 18.5 17.77 0.04
342000.0 310 1.63 0.01 128262 706.35 0.36 15376 925.02 1.15 5902177 1054235.66 20.09 310 17.13 0.11 127312 19065.3 20.09 310 0 0 117800 0 0 17.2 18.5 17.77 0.05
342900.0 376 1.77 0.02 128638 708.12 0.36 15433 921.85 1.15 5917610 1055157.51 20.09 370 17.16 0.11 127682 19082.47 20.09 310 0 0 118110 0 0 17.2 18.5 17.77 0.05
343800.0 354 2.41 0.36 128992 710.53 0.36 15404 906.46 1.15 5933014 1056063.97 20.09 350 17.05 0.11 128032 19099.52 20.09 310 0 0 118420 0 0 17.2 18.5 17.77 0.05
344700.0 310 1.63 0.01 129302 712.16 0.36 15358 899.77 1.15 5948372 1056963.74 20.09 310 17.03 0.11 128342 19116.55 20.09 310 0 0 118730 0 0 17.2 18.5 17.77 0.05
345600.0 310 1.63 0.01 129612 713.79 0.36 15361 902.98 1.15 5963733 1057866.72 20.09 310 17.03 0.11 128652 19133.58 20.09 310 0 0 119040 0 0 17.2 18.6 17.78 0.05
