# seed = 9, gamma = 0.0, beta = 0.0, dee = 1.0, dcc = 100.0, dec = 50.0, dsCnd = 50.0, dLocalhost = 0.02, hostBroker = CLOUD 
#
# The columns have the following meaning: 
# instant[SECONDS] commCountUploadPartial delaySumUploadPartial[SECONDS] delayMaxUploadPartial[SECONDS] commCountUploadTot delaySumUploadTot[SECONDS] delayMaxUploadTot[SECONDS] commCountDownloadPartial delaySumDownloadPartial[SECONDS] delayMaxDownloadPartial[SECONDS] commCountDownloadTot delaySumDownloadTot[SECONDS] delayMaxDownloadTot[SECONDS] commCountDownloadMaxPartial delaySumDownloadMaxPartial[SECONDS] delayMaxDownloadMaxPartial[SECONDS] commCountDownloadMaxTot delaySumDownloadMaxTot[SECONDS] delayMaxDownloadMaxTot[SECONDS] runOnCloudPartial runOnEdgePartial runOnSmartphonePartial runOnCloudTot runOnEdgeTot runOnSmartphoneTot minTemp maxTemp avgTemp varianceTemp
0.0 0 0.0 0.0 0 0.0 0.0 0 0.0 0.0 0 0.0 0.0 0 0.0 0.0 0 0.0 0.0 0 0 0 0 0 0 17.0 25.0 21.0 0.0
900.0 376 32.32 0.1 376 32.32 0.1 14874 2070.7 0.18 14874 2070.7 0.18 370 44.25 0.18 370 44.25 0.18 310 0 0 310 0 0 18.9 21.0 19.5 0.9
1800.0 356 33.14 0.36 732 65.45 0.36 15157 142226.0 19.16 30031 144296.7 19.16 352 2940.91 19.16 722 2985.15 19.16 310 0 0 620 0 0 18.9 21.0 18.91 0.01
2700.0 310 32.21 0.11 1042 97.67 0.36 14814 2115.99 0.19 44845 146412.7 19.16 310 44.62 0.19 1032 3029.77 19.16 310 0 0 930 0 0 18.1 21.0 18.45 0.05
3600.0 310 32.21 0.11 1352 129.88 0.36 14809 2115.61 0.19 59654 148528.3 19.16 310 44.62 0.19 1342 3074.39 19.16 310 0 0 1240 0 0 17.6 21.0 18.25 0.08
4500.0 376 32.35 0.11 1728 162.23 0.36 14865 2115.71 0.19 74519 150644.01 19.16 370 45.22 0.19 1712 3119.62 19.16 310 0 0 1550 0 0 17.6 21.0 18.24 0.08
5400.0 356 33.15 0.36 2084 195.38 0.36 15191 8094.29 19.26 89710 158738.3 19.26 352 64.38 19.26 2064 3183.99 19.26 310 0 0 1860 0 0 17.6 21.0 18.24 0.08
6300.0 310 32.22 0.11 2394 227.6 0.36 14879 2144.31 0.19 104589 160882.62 19.26 310 45.05 0.19 2374 3229.04 19.26 310 0 0 2170 0 0 17.6 21.0 18.25 0.07
7200.0 310 32.22 0.11 2704 259.81 0.36 14882 2144.71 0.19 119471 163027.32 19.26 310 45.05 0.19 2684 3274.1 19.26 310 0 0 2480 0 0 17.6 21.0 18.27 0.06
8100.0 376 32.36 0.11 3080 292.18 0.36 14942 2145.23 0.19 134413 165172.55 19.26 370 45.65 0.19 3054 3319.75 19.26 310 0 0 2790 0 0 17.6 21.0 18.27 0.06
9000.0 356 33.15 0.36 3436 325.33 0.36 15215 8092.47 19.22 149628 173265.02 19.26 352 64.49 19.22 3406 3384.24 19.26 310 0 0 3100 0 0 17.6 21.0 18.27 0.06
9900.0 310 32.21 0.11 3746 357.54 0.36 14845 2125.52 0.19 164473 175390.55 19.26 310 44.73 0.19 3716 3428.97 19.26 310 0 0 3410 0 0 17.6 21.0 18.26 0.06
10800.0 310 32.21 0.11 4056 389.75 0.36 14851 2126.22 0.19 179324 177516.77 19.26 310 44.74 0.19 4026 3473.71 19.26 310 0 0 3720 0 0 17.6 21.0 18.17 0.08
11700.0 376 32.35 0.11 4432 422.1 0.36 14911 2126.73 0.19 194235 179643.5 19.26 370 45.34 0.19 4396 3519.05 19.26 310 0 0 4030 0 0 17.6 21.0 18.17 0.08
12600.0 354 32.99 0.36 4786 455.09 0.36 14871 2128.43 0.19 209106 181771.93 19.26 350 45.22 0.19 4746 3564.27 19.26 310 0 0 4340 0 0 17.6 21.0 18.17 0.08
13500.0 310 32.21 0.11 5096 487.31 0.36 14796 2124.44 0.19 223902 183896.37 19.26 310 44.82 0.19 5056 3609.09 19.26 310 0 0 4650 0 0 17.6 21.0 18.16 0.07
14400.0 310 32.21 0.11 5406 519.52 0.36 14797 2124.63 0.19 238699 186021.0 19.26 310 44.82 0.19 5366 3653.91 19.26 310 0 0 4960 0 0 17.6 21.0 18.15 0.07
15300.0 376 32.36 0.11 5782 551.88 0.36 14856 2125.05 0.19 253555 188146.05 19.26 370 45.42 0.19 5736 3699.33 19.26 310 0 0 5270 0 0 17.6 21.0 18.15 0.07
16200.0 354 32.99 0.36 6136 584.87 0.36 14825 2123.12 0.19 268380 190269.17 19.26 350 45.21 0.19 6086 3744.53 19.26 310 0 0 5580 0 0 17.6 21.0 18.15 0.07
17100.0 310 32.21 0.11 6446 617.08 0.36 14786 2114.31 0.19 283166 192383.48 19.26 310 44.62 0.19 6396 3789.16 19.26 310 0 0 5890 0 0 17.6 21.0 18.13 0.07
18000.0 310 32.21 0.11 6756 649.29 0.36 14786 2114.38 0.19 297952 194497.86 19.26 310 44.62 0.19 6706 3833.78 19.26 310 0 0 6200 0 0 17.6 21.0 18.12 0.07
18900.0 376 32.35 0.11 7132 681.64 0.36 14845 2114.81 0.19 312797 196612.67 19.26 370 45.22 0.19 7076 3879.0 19.26 310 0 0 6510 0 0 17.6 21.0 18.12 0.07
19800.0 354 32.98 0.36 7486 714.62 0.36 14817 2113.54 0.19 327614 198726.21 19.26 350 45.02 0.19 7426 3924.02 19.26 310 0 0 6820 0 0 17.6 21.0 18.12 0.07
20700.0 310 32.21 0.11 7796 746.83 0.36 14789 2118.26 0.19 342403 200844.47 19.26 310 44.7 0.19 7736 3968.72 19.26 310 0 0 7130 0 0 17.6 21.0 18.1 0.06
21600.0 310 32.21 0.11 8106 779.05 0.36 14791 2118.55 0.19 357194 202963.02 19.26 310 44.7 0.19 8046 4013.42 19.26 310 0 0 7440 0 0 17.6 21.0 18.09 0.06
22500.0 376 32.35 0.11 8482 811.4 0.36 14850 2118.97 0.19 372044 205081.99 19.26 370 45.3 0.19 8416 4058.73 19.26 310 0 0 7750 0 0 17.6 21.0 18.09 0.06
23400.0 354 32.99 0.36 8836 844.39 0.36 14815 2121.39 0.19 386859 207203.38 19.26 350 45.19 0.19 8766 4103.92 19.26 310 0 0 8060 0 0 17.6 21.0 18.09 0.06
24300.0 310 32.22 0.11 9146 876.61 0.36 14781 2126.07 0.19 401640 209329.45 19.26 310 44.88 0.19 9076 4148.8 19.26 310 0 0 8370 0 0 17.6 21.0 18.07 0.06
25200.0 310 32.22 0.11 9456 908.83 0.36 14782 2126.26 0.19 416422 211455.71 19.26 310 44.89 0.19 9386 4193.69 19.26 310 0 0 8680 0 0 17.5 21.0 18.06 0.06
26100.0 376 32.36 0.11 9832 941.19 0.36 14842 2126.78 0.19 431264 213582.49 19.26 370 45.49 0.19 9756 4239.17 19.26 310 0 0 8990 0 0 17.5 21.0 18.06 0.06
27000.0 354 32.99 0.36 10186 974.18 0.36 14811 2125.56 0.19 446075 215708.05 19.26 350 45.29 0.19 10106 4284.46 19.26 310 0 0 9300 0 0 17.5 21.0 18.06 0.06
27900.0 310 32.21 0.11 10496 1006.4 0.36 14787 2122.94 0.19 460862 217830.99 19.26 310 44.8 0.19 10416 4329.26 19.26 310 0 0 9610 0 0 17.5 21.0 18.03 0.06
28800.0 310 32.21 0.11 10806 1038.61 0.36 14792 2123.51 0.19 475654 219954.5 19.26 310 44.81 0.19 10726 4374.07 19.26 310 0 0 9920 0 0 17.5 21.0 18.02 0.06
29700.0 376 32.36 0.11 11182 1070.97 0.36 14851 2123.93 0.19 490505 222078.43 19.26 370 45.41 0.19 11096 4419.48 19.26 310 0 0 10230 0 0 17.5 21.0 18.02 0.05
30600.0 354 32.99 0.36 11536 1103.96 0.36 14811 2121.81 0.19 505316 224200.24 19.26 350 45.21 0.19 11446 4464.68 19.26 310 0 0 10540 0 0 17.5 21.0 18.02 0.05
31500.0 310 32.22 0.11 11846 1136.18 0.36 14783 2126.27 0.19 520099 226326.51 19.26 310 44.88 0.19 11756 4509.57 19.26 310 0 0 10850 0 0 17.5 21.0 17.99 0.06
32400.0 310 32.22 0.11 12156 1168.39 0.36 14787 2126.76 0.19 534886 228453.27 19.26 310 44.89 0.19 12066 4554.46 19.26 310 0 0 11160 0 0 17.4 21.0 17.98 0.06
33300.0 376 32.36 0.11 12532 1200.76 0.36 14847 2127.28 0.19 549733 230580.55 19.26 370 45.49 0.19 12436 4599.94 19.26 310 0 0 11470 0 0 17.4 21.0 17.98 0.06
34200.0 354 32.99 0.36 12886 1233.75 0.36 14806 2125.06 0.19 564539 232705.61 19.26 350 45.29 0.19 12786 4645.23 19.26 310 0 0 11780 0 0 17.4 21.0 17.98 0.06
35100.0 310 32.22 0.11 13196 1265.97 0.36 14772 2125.18 0.19 579311 234830.79 19.26 310 44.88 0.19 13096 4690.11 19.26 310 0 0 12090 0 0 17.4 21.0 17.95 0.06
36000.0 310 32.22 0.11 13506 1298.18 0.36 14787 2126.76 0.19 594098 236957.55 19.26 310 44.89 0.19 13406 4735.0 19.26 310 0 0 12400 0 0 17.4 21.0 17.94 0.06
36900.0 376 32.36 0.11 13882 1330.55 0.36 14847 2127.28 0.19 608945 239084.83 19.26 370 45.49 0.19 13776 4780.49 19.26 310 0 0 12710 0 0 17.4 21.0 17.94 0.06
37800.0 354 32.99 0.36 14236 1363.53 0.36 14808 2118.29 0.19 623753 241203.12 19.26 350 45.14 0.19 14126 4825.63 19.26 310 0 0 13020 0 0 17.4 21.0 17.94 0.06
38700.0 310 32.21 0.11 14546 1395.74 0.36 14770 2118.0 0.19 638523 243321.12 19.26 310 44.73 0.19 14436 4870.36 19.26 310 0 0 13330 0 0 17.4 21.0 17.91 0.06
39600.0 310 32.21 0.11 14856 1427.96 0.36 14779 2118.98 0.19 653302 245440.11 19.26 310 44.74 0.19 14746 4915.1 19.26 310 0 0 13640 0 0 17.3 21.0 17.9 0.07
40500.0 376 32.35 0.11 15232 1460.31 0.36 14838 2119.41 0.19 668140 247559.51 19.26 370 45.34 0.19 15116 4960.43 19.26 310 0 0 13950 0 0 17.3 21.0 17.9 0.07
41400.0 354 32.99 0.36 15586 1493.3 0.36 14801 2124.56 0.19 682941 249684.07 19.26 350 45.29 0.19 15466 5005.72 19.26 310 0 0 14260 0 0 17.3 21.0 17.9 0.07
42300.0 310 32.21 0.11 15896 1525.52 0.36 14781 2121.52 0.19 697722 251805.59 19.26 310 44.79 0.19 15776 5050.51 19.26 310 0 0 14570 0 0 17.3 21.0 17.87 0.07
43200.0 310 32.21 0.11 16206 1557.73 0.36 14791 2122.59 0.19 712513 253928.18 19.26 310 44.79 0.19 16086 5095.3 19.26 310 0 0 14880 0 0 17.3 21.0 17.86 0.08
44100.0 376 32.36 0.11 16582 1590.09 0.36 14851 2123.12 0.19 727364 256051.31 19.26 370 45.39 0.19 16456 5140.69 19.26 310 0 0 15190 0 0 17.2 21.0 17.86 0.08
45000.0 354 32.99 0.36 16936 1623.08 0.36 14802 2120.09 0.19 742166 258171.4 19.26 350 45.19 0.19 16806 5185.88 19.26 310 0 0 15500 0 0 17.2 21.0 17.86 0.08
45900.0 310 32.21 0.11 17246 1655.3 0.36 14773 2121.96 0.19 756939 260293.36 19.26 310 44.81 0.19 17116 5230.69 19.26 310 0 0 15810 0 0 17.2 21.0 17.83 0.08
46800.0 310 32.21 0.11 17556 1687.51 0.36 14781 2122.84 0.19 771720 262416.2 19.26 310 44.82 0.19 17426 5275.5 19.26 310 0 0 16120 0 0 17.2 21.0 17.82 0.09
47700.0 376 32.36 0.11 17932 1719.87 0.36 14841 2123.36 0.19 786561 264539.57 19.26 370 45.41 0.19 17796 5320.92 19.26 310 0 0 16430 0 0 17.2 21.0 17.82 0.09
48600.0 354 32.99 0.36 18286 1752.86 0.36 14796 2120.75 0.19 801357 266660.31 19.26 350 45.22 0.19 18146 5366.14 19.26 310 0 0 16740 0 0 17.2 21.0 17.82 0.09
49500.0 310 32.22 0.11 18596 1785.08 0.36 14777 2125.67 0.19 816134 268785.99 19.26 310 44.88 0.19 18456 5411.02 19.26 310 0 0 17050 0 0 17.2 21.0 17.79 0.1
50400.0 310 32.22 0.11 18906 1817.29 0.36 14794 2127.46 0.19 830928 270913.44 19.26 310 44.89 0.19 18766 5455.91 19.26 310 0 0 17360 0 0 17.1 21.0 17.77 0.1
51300.0 376 32.36 0.11 19282 1849.66 0.36 14854 2127.98 0.19 845782 273041.42 19.26 370 45.49 0.19 19136 5501.39 19.26 310 0 0 17670 0 0 17.1 21.0 17.77 0.11
52200.0 354 32.99 0.36 19636 1882.65 0.36 14810 2125.46 0.19 860592 275166.88 19.26 350 45.29 0.19 19486 5546.68 19.26 310 0 0 17980 0 0 17.1 21.0 17.77 0.11
53100.0 310 32.22 0.11 19946 1914.87 0.36 14761 2124.08 0.19 875353 277290.96 19.26 310 44.88 0.19 19796 5591.57 19.26 310 0 0 18290 0 0 17.1 21.0 17.76 0.11
54000.0 310 32.22 0.11 20256 1947.08 0.36 14764 2124.46 0.19 890117 279415.42 19.26 310 44.89 0.19 20106 5636.45 19.26 310 0 0 18600 0 0 17.1 21.0 17.75 0.11
54900.0 376 32.36 0.11 20632 1979.45 0.36 14818 2124.38 0.19 904935 281539.8 19.26 370 45.49 0.19 20476 5681.94 19.26 310 0 0 18910 0 0 17.1 21.0 17.75 0.11
55800.0 354 32.99 0.36 20986 2012.44 0.36 14788 2123.26 0.19 919723 283663.06 19.26 350 45.29 0.19 20826 5727.23 19.26 310 0 0 19220 0 0 17.1 21.0 17.75 0.11
56700.0 310 32.22 0.11 21296 2044.66 0.36 14765 2124.48 0.19 934488 285787.54 19.26 310 44.88 0.19 21136 5772.11 19.26 310 0 0 19530 0 0 17.1 21.0 17.72 0.12
57600.0 310 32.22 0.11 21606 2076.87 0.36 14778 2125.86 0.19 949266 287913.4 19.26 310 44.89 0.19 21446 5817.0 19.26 310 0 0 19840 0 0 17.1 21.0 17.72 0.13
58500.0 376 32.36 0.11 21982 2109.24 0.36 14838 2126.38 0.19 964104 290039.78 19.26 370 45.49 0.19 21816 5862.48 19.26 310 0 0 20150 0 0 17.1 21.0 17.72 0.13
59400.0 354 32.99 0.36 22336 2142.23 0.36 14790 2120.33 0.19 978894 292160.11 19.26 350 45.22 0.19 22166 5907.71 19.26 310 0 0 20460 0 0 17.1 21.0 17.72 0.13
60300.0 310 32.21 0.11 22646 2174.44 0.36 14759 2120.74 0.19 993653 294280.85 19.26 310 44.82 0.19 22476 5952.52 19.26 310 0 0 20770 0 0 17.1 21.0 17.7 0.14
61200.0 310 32.21 0.11 22956 2206.66 0.36 14774 2122.33 0.19 1008427 296403.18 19.26 310 44.82 0.19 22786 5997.34 19.26 310 0 0 21080 0 0 17.0 21.0 17.68 0.14
62100.0 376 32.36 0.11 23332 2239.01 0.36 14831 2122.55 0.19 1023258 298525.73 19.26 370 45.42 0.19 23156 6042.76 19.26 310 0 0 21390 0 0 17.0 21.0 17.68 0.14
63000.0 354 32.99 0.36 23686 2272.0 0.36 14788 2112.59 0.19 1038046 300638.32 19.26 350 45.06 0.19 23506 6087.82 19.26 310 0 0 21700 0 0 17.0 21.0 17.68 0.14
63900.0 310 32.21 0.11 23996 2304.2 0.36 14749 2108.95 0.19 1052795 302747.27 19.26 310 44.59 0.19 23816 6132.41 19.26 310 0 0 22010 0 0 17.0 21.0 17.67 0.15
64800.0 310 32.21 0.11 24306 2336.41 0.36 14753 2109.47 0.19 1067548 304856.74 19.26 310 44.59 0.19 24126 6177.0 19.26 310 0 0 22320 0 0 17.0 21.0 17.66 0.15
65700.0 376 32.35 0.11 24682 2368.75 0.36 14813 2109.95 0.19 1082361 306966.69 19.26 370 45.19 0.19 24496 6222.18 19.26 310 0 0 22630 0 0 17.0 21.0 17.66 0.15
66600.0 354 32.98 0.36 25036 2401.74 0.36 14775 2108.35 0.19 1097136 309075.04 19.26 350 45.0 0.19 24846 6267.18 19.26 310 0 0 22940 0 0 17.0 21.0 17.66 0.15
67500.0 310 32.2 0.11 25346 2433.94 0.36 14734 2099.68 0.19 1111870 311174.72 19.26 310 44.42 0.19 25156 6311.6 19.26 310 0 0 23250 0 0 17.0 21.0 17.65 0.16
68400.0 310 32.2 0.11 25656 2466.14 0.36 14741 2100.5 0.19 1126611 313275.22 19.26 310 44.43 0.19 25466 6356.03 19.26 310 0 0 23560 0 0 17.0 21.0 17.65 0.16
69300.0 376 32.35 0.11 26032 2498.49 0.36 14800 2100.88 0.19 1141411 315376.1 19.26 370 45.03 0.19 25836 6401.06 19.26 310 0 0 23870 0 0 17.0 21.0 17.65 0.16
70200.0 354 32.98 0.36 26386 2531.47 0.36 14763 2107.59 0.19 1156174 317483.69 19.26 350 45.01 0.19 26186 6446.06 19.26 310 0 0 24180 0 0 17.0 21.0 17.65 0.16
71100.0 310 32.21 0.11 26696 2563.68 0.36 14734 2106.92 0.19 1170908 319590.61 19.26 310 44.57 0.19 26496 6490.64 19.26 310 0 0 24490 0 0 17.0 21.0 17.64 0.16
72000.0 310 32.21 0.11 27006 2595.88 0.36 14743 2107.93 0.19 1185651 321698.55 19.26 310 44.58 0.19 26806 6535.21 19.26 310 0 0 24800 0 0 17.0 21.0 17.63 0.17
72900.0 376 32.35 0.11 27382 2628.23 0.36 14801 2108.23 0.19 1200452 323806.77 19.26 370 45.18 0.19 27176 6580.39 19.26 310 0 0 25110 0 0 17.0 21.0 17.63 0.17
73800.0 354 32.98 0.36 27736 2661.21 0.36 14763 2106.33 0.19 1215215 325913.1 19.26 350 44.98 0.19 27526 6625.37 19.26 310 0 0 25420 0 0 17.0 21.0 17.63 0.17
74700.0 310 32.21 0.11 28046 2693.42 0.36 14723 2110.39 0.19 1229938 328023.5 19.26 310 44.67 0.19 27836 6670.04 19.26 310 0 0 25730 0 0 17.0 21.0 17.62 0.17
75600.0 310 32.21 0.11 28356 2725.63 0.36 14720 2110.21 0.19 1244658 330133.71 19.26 310 44.68 0.19 28146 6714.72 19.26 310 0 0 26040 0 0 17.0 21.0 17.62 0.17
76500.0 376 32.35 0.11 28732 2757.98 0.36 14780 2110.7 0.19 1259438 332244.4 19.26 370 45.27 0.19 28516 6759.99 19.26 310 0 0 26350 0 0 17.0 21.0 17.62 0.17
77400.0 354 32.98 0.36 29086 2790.96 0.36 14750 2105.57 0.19 1274188 334349.98 19.26 350 44.99 0.19 28866 6804.98 19.26 310 0 0 26660 0 0 17.0 21.0 17.62 0.17
78300.0 310 32.21 0.11 29396 2823.17 0.36 14710 2105.04 0.19 1288898 336455.02 19.26 310 44.59 0.19 29176 6849.57 19.26 310 0 0 26970 0 0 17.0 21.0 17.61 0.17
79200.0 310 32.21 0.11 29706 2855.37 0.36 14717 2105.87 0.19 1303615 338560.89 19.26 310 44.59 0.19 29486 6894.16 19.26 310 0 0 27280 0 0 17.0 21.0 17.61 0.17
80100.0 376 32.35 0.11 30082 2887.72 0.36 14777 2106.35 0.19 1318392 340667.24 19.26 370 45.19 0.19 29856 6939.35 19.26 310 0 0 27590 0 0 17.0 21.0 17.61 0.17
81000.0 354 32.98 0.36 30436 2920.7 0.36 14748 2107.47 0.19 1333140 342774.71 19.26 350 45.04 0.19 30206 6984.38 19.26 310 0 0 27900 0 0 17.0 21.0 17.61 0.17
81900.0 310 32.21 0.11 30746 2952.91 0.36 14710 2110.6 0.19 1347850 344885.31 19.26 310 44.7 0.19 30516 7029.09 19.26 310 0 0 28210 0 0 17.0 21.0 17.61 0.17
82800.0 310 32.21 0.11 31056 2985.12 0.36 14713 2111.05 0.19 1362563 346996.35 19.26 310 44.71 0.19 30826 7073.8 19.26 310 0 0 28520 0 0 17.0 21.0 17.61 0.16
83700.0 376 32.35 0.11 31432 3017.48 0.36 14771 2111.3 0.19 1377334 349107.65 19.26 370 45.31 0.19 31196 7119.1 19.26 310 0 0 28830 0 0 17.0 21.0 17.61 0.16
84600.0 354 32.99 0.36 31786 3050.46 0.36 14741 2110.25 0.19 1392075 351217.9 19.26 350 45.11 0.19 31546 7164.21 19.26 310 0 0 29140 0 0 17.0 21.0 17.61 0.16
85500.0 310 32.21 0.11 32096 3082.67 0.36 14712 2107.48 0.19 1406787 353325.38 19.26 310 44.63 0.19 31856 7208.85 19.26 310 0 0 29450 0 0 17.0 21.0 17.61 0.16
86400.0 310 32.21 0.11 32406 3114.88 0.36 14707 2107.13 0.19 1421494 355432.51 19.26 310 44.64 0.19 32166 7253.49 19.26 310 0 0 29760 0 0 17.0 21.0 17.61 0.16
87300.0 376 32.35 0.11 32782 3147.23 0.36 14767 2107.58 0.19 1436261 357540.1 19.26 370 45.24 0.19 32536 7298.72 19.26 310 0 0 30070 0 0 17.0 21.0 17.62 0.15
88200.0 354 32.99 0.36 33136 3180.22 0.36 14734 2114.54 0.19 1450995 359654.64 19.26 350 45.22 0.19 32886 7343.94 19.26 310 0 0 30380 0 0 17.0 21.0 17.62 0.15
89100.0 310 32.22 0.11 33446 3212.44 0.36 14762 2124.17 0.19 1465757 361778.81 19.26 310 44.88 0.19 33196 7388.82 19.26 310 0 0 30690 0 0 17.0 21.0 17.65 0.12
90000.0 310 32.22 0.11 33756 3244.66 0.36 14792 2127.26 0.19 1480549 363906.07 19.26 310 44.89 0.19 33506 7433.71 19.26 310 0 0 31000 0 0 17.1 21.0 17.7 0.09
90900.0 376 32.36 0.11 34132 3277.02 0.36 14852 2127.78 0.19 1495401 366033.85 19.26 370 45.49 0.19 33876 7479.2 19.26 310 0 0 31310 0 0 17.1 21.0 17.7 0.09
91800.0 354 32.98 0.36 34486 3310.0 0.36 14800 2113.48 0.19 1510201 368147.33 19.26 350 45.05 0.19 34226 7524.25 19.26 310 0 0 31620 0 0 17.1 21.0 17.7 0.09
92700.0 310 32.2 0.11 34796 3342.2 0.36 14829 2108.31 0.19 1525030 370255.64 19.26 310 44.4 0.19 34536 7568.65 19.26 310 0 0 31930 0 0 17.1 23.8 19.34 2.19
93600.0 310 32.2 0.11 35106 3374.41 0.36 14832 2108.72 0.19 1539862 372364.36 19.26 310 44.41 0.19 34846 7613.06 19.26 310 0 0 32240 0 0 17.1 23.8 20.46 5.17
94500.0 376 32.34 0.11 35482 3406.75 0.36 14891 2109.1 0.19 1554753 374473.46 19.26 370 45.01 0.19 35216 7658.07 19.26 310 0 0 32550 0 0 17.1 23.8 20.49 5.22
95400.0 354 32.98 0.36 35836 3439.73 0.36 14869 2108.82 0.19 1569622 376582.28 19.26 350 44.81 0.19 35566 7702.88 19.26 310 0 0 32860 0 0 17.1 23.8 20.49 5.22
96300.0 310 32.2 0.11 36146 3471.93 0.36 14827 2108.1 0.19 1584449 378690.38 19.26 310 44.4 0.19 35876 7747.28 19.26 310 0 0 33170 0 0 17.1 24.0 20.82 5.12
97200.0 310 32.2 0.11 36456 3504.13 0.36 14823 2107.82 0.19 1599272 380798.2 19.26 310 44.41 0.19 36186 7791.69 19.26 310 0 0 33480 0 0 17.1 24.0 20.99 5.13
98100.0 376 32.34 0.11 36832 3536.48 0.36 14880 2108.0 0.19 1614152 382906.2 19.26 370 45.01 0.19 36556 7836.69 19.26 310 0 0 33790 0 0 17.4 24.0 20.99 5.12
99000.0 354 32.97 0.36 37186 3569.45 0.36 14856 2101.11 0.19 1629008 385007.31 19.26 350 44.67 0.19 36906 7881.37 19.26 310 0 0 34100 0 0 17.4 24.0 20.99 5.12
99900.0 310 32.2 0.11 37496 3601.64 0.36 14817 2100.72 0.19 1643825 387108.03 19.26 310 44.27 0.19 37216 7925.64 19.26 310 0 0 34410 0 0 17.4 24.0 21.21 4.51
100800.0 310 32.2 0.11 37806 3633.84 0.36 14820 2101.11 0.19 1658645 389209.14 19.26 310 44.27 0.19 37526 7969.91 19.26 310 0 0 34720 0 0 17.5 24.0 21.35 4.27
101700.0 376 32.34 0.11 38182 3666.18 0.36 14880 2101.62 0.19 1673525 391310.77 19.26 370 44.87 0.19 37896 8014.78 19.26 310 0 0 35030 0 0 17.8 24.0 21.35 4.24
102600.0 354 32.97 0.36 38536 3699.15 0.36 14851 2098.84 0.19 1688376 393409.61 19.26 350 44.63 0.19 38246 8059.42 19.26 310 0 0 35340 0 0 17.8 24.0 21.35 4.24
103500.0 310 32.19 0.11 38846 3731.34 0.36 14812 2098.43 0.19 1703188 395508.04 19.26 310 44.23 0.19 38556 8103.65 19.26 310 0 0 35650 0 0 17.8 24.0 21.51 3.67
104400.0 310 32.19 0.11 39156 3763.54 0.36 14815 2098.84 0.19 1718003 397606.88 19.26 310 44.23 0.19 38866 8147.88 19.26 310 0 0 35960 0 0 18.0 24.0 21.66 3.4
105300.0 376 32.34 0.11 39532 3795.88 0.36 14872 2099.03 0.19 1732875 399705.91 19.26 370 44.83 0.19 39236 8192.71 19.26 310 0 0 36270 0 0 18.5 24.0 21.66 3.38
106200.0 354 32.97 0.36 39886 3828.85 0.36 14852 2096.27 0.19 1747727 401802.18 19.26 350 44.59 0.19 39586 8237.3 19.26 310 0 0 36580 0 0 18.5 24.0 21.66 3.38
107100.0 310 32.18 0.1 40196 3861.03 0.36 14812 2087.33 0.19 1762539 403889.51 19.26 310 44.01 0.19 39896 8281.31 19.26 310 0 0 36890 0 0 18.5 24.0 21.65 3.19
108000.0 310 32.18 0.1 40506 3893.22 0.36 14811 2087.21 0.19 1777350 405976.72 19.26 310 44.0 0.19 40206 8325.31 19.26 310 0 0 37200 0 0 18.8 24.0 21.67 3.13
108900.0 376 32.33 0.1 40882 3925.54 0.36 14867 2087.42 0.19 1792217 408064.15 19.26 370 44.61 0.19 40576 8369.92 19.26 310 0 0 37510 0 0 18.9 24.0 21.67 3.13
109800.0 354 32.96 0.36 41236 3958.51 0.36 14844 2086.92 0.19 1807061 410151.06 19.26 350 44.41 0.19 40926 8414.33 19.26 310 0 0 37820 0 0 18.9 24.0 21.67 3.13
110700.0 310 32.18 0.1 41546 3990.69 0.36 14801 2086.22 0.19 1821862 412237.28 19.26 310 44.01 0.19 41236 8458.33 19.26 310 0 0 38130 0 0 18.9 24.0 21.56 3.06
111600.0 310 32.18 0.1 41856 4022.87 0.36 14799 2086.01 0.19 1836661 414323.3 19.26 310 44.0 0.19 41546 8502.34 19.26 310 0 0 38440 0 0 18.9 24.0 21.5 2.92
112500.0 376 32.33 0.1 42232 4055.2 0.36 14857 2086.42 0.19 1851518 416409.72 19.26 370 44.61 0.19 41916 8546.95 19.26 310 0 0 38750 0 0 18.9 23.9 21.5 2.91
113400.0 354 32.96 0.36 42586 4088.17 0.36 14830 2085.52 0.19 1866348 418495.24 19.26 350 44.41 0.19 42266 8591.36 19.26 310 0 0 39060 0 0 18.9 23.9 21.5 2.91
114300.0 310 32.18 0.1 42896 4120.35 0.36 14800 2086.12 0.19 1881148 420581.36 19.26 310 44.01 0.19 42576 8635.36 19.26 310 0 0 39370 0 0 18.9 23.9 22.84 0.96
115200.0 310 32.18 0.1 43206 4152.53 0.36 14801 2086.21 0.19 1895949 422667.57 19.26 310 44.0 0.19 42886 8679.37 19.26 310 0 0 39680 0 0 18.9 24.0 23.47 0.19
116100.0 376 32.33 0.1 43582 4184.86 0.36 14860 2086.72 0.19 1910809 424754.29 19.26 370 44.61 0.19 43256 8723.98 19.26 310 0 0 39990 0 0 21.0 24.0 23.5 0.05
117000.0 354 32.96 0.36 43936 4217.83 0.36 14837 2086.22 0.19 1925646 426840.51 19.26 350 44.41 0.19 43606 8768.38 19.26 310 0 0 40300 0 0 21.0 24.0 23.5 0.05
117900.0 310 32.18 0.1 44246 4250.01 0.36 14797 2085.82 0.19 1940443 428926.33 19.26 310 44.01 0.19 43916 8812.39 19.26 310 0 0 40610 0 0 21.0 24.0 23.54 0.04
118800.0 310 32.18 0.1 44556 4282.19 0.36 14797 2085.81 0.19 1955240 431012.14 19.26 310 44.0 0.19 44226 8856.4 19.26 310 0 0 40920 0 0 21.0 24.0 23.59 0.04
119700.0 376 32.33 0.1 44932 4314.52 0.36 14856 2086.32 0.19 1970096 433098.47 19.26 370 44.61 0.19 44596 8901.01 19.26 310 0 0 41230 0 0 21.0 24.0 23.59 0.04
120600.0 354 32.96 0.36 45286 4347.48 0.36 14836 2086.12 0.19 1984932 435184.58 19.26 350 44.41 0.19 44946 8945.41 19.26 310 0 0 41540 0 0 21.0 24.0 23.59 0.04
121500.0 310 32.18 0.1 45596 4379.67 0.36 14794 2085.52 0.19 1999726 437270.1 19.26 310 44.01 0.19 45256 8989.42 19.26 310 0 0 41850 0 0 21.0 24.0 23.63 0.03
122400.0 310 32.18 0.1 45906 4411.85 0.36 14790 2085.11 0.19 2014516 439355.22 19.26 310 44.0 0.19 45566 9033.43 19.26 310 0 0 42160 0 0 21.0 24.0 23.65 0.03
123300.0 376 32.33 0.1 46282 4444.18 0.36 14850 2085.72 0.19 2029366 441440.94 19.26 370 44.61 0.19 45936 9078.03 19.26 310 0 0 42470 0 0 21.0 24.0 23.65 0.03
124200.0 354 32.96 0.36 46636 4477.14 0.36 14830 2085.52 0.19 2044196 443526.46 19.26 350 44.41 0.19 46286 9122.44 19.26 310 0 0 42780 0 0 21.0 24.0 23.65 0.03
125100.0 310 32.18 0.1 46946 4509.33 0.36 14790 2085.12 0.19 2058986 445611.58 19.26 310 44.01 0.19 46596 9166.45 19.26 310 0 0 43090 0 0 21.0 24.0 23.69 0.03
126000.0 310 32.18 0.1 47256 4541.51 0.36 14790 2085.11 0.19 2073776 447696.69 19.26 310 44.0 0.19 46906 9210.45 19.26 310 0 0 43400 0 0 21.0 24.0 23.71 0.03
126900.0 376 32.33 0.1 47632 4573.84 0.36 14850 2085.72 0.19 2088626 449782.42 19.26 370 44.61 0.19 47276 9255.06 19.26 310 0 0 43710 0 0 21.0 24.0 23.71 0.03
127800.0 354 32.96 0.36 47986 4606.8 0.36 14824 2084.92 0.19 2103450 451867.33 19.26 350 44.41 0.19 47626 9299.47 19.26 310 0 0 44020 0 0 21.0 24.0 23.71 0.03
128700.0 310 32.18 0.1 48296 4638.99 0.36 14784 2084.52 0.19 2118234 453951.85 19.26 310 44.01 0.19 47936 9343.48 19.26 310 0 0 44330 0 0 21.0 24.0 23.74 0.03
129600.0 310 32.18 0.1 48606 4671.17 0.36 14782 2084.31 0.19 2133016 456036.17 19.26 310 44.0 0.19 48246 9387.48 19.26 310 0 0 44640 0 0 21.0 24.0 23.76 0.03
130500.0 376 32.33 0.1 48982 4703.5 0.36 14842 2084.92 0.19 2147858 458121.09 19.26 370 44.61 0.19 48616 9432.09 19.26 310 0 0 44950 0 0 21.0 24.0 23.76 0.03
131400.0 354 32.96 0.36 49336 4736.46 0.36 14822 2084.72 0.19 2162680 460205.81 19.26 350 44.41 0.19 48966 9476.5 19.26 310 0 0 45260 0 0 21.0 24.0 23.76 0.03
132300.0 310 32.18 0.1 49646 4768.65 0.36 14781 2084.22 0.19 2177461 462290.03 19.26 310 44.01 0.19 49276 9520.51 19.26 310 0 0 45570 0 0 21.0 24.0 23.78 0.03
133200.0 310 32.18 0.1 49956 4800.83 0.36 14780 2084.11 0.19 2192241 464374.14 19.26 310 44.0 0.19 49586 9564.51 19.26 310 0 0 45880 0 0 21.0 24.0 23.8 0.03
134100.0 376 32.33 0.1 50332 4833.16 0.36 14840 2084.72 0.19 2207081 466458.86 19.26 370 44.61 0.19 49956 9609.12 19.26 310 0 0 46190 0 0 21.0 24.0 23.8 0.03
135000.0 354 32.96 0.36 50686 4866.12 0.36 14819 2084.42 0.19 2221900 468543.28 19.26 350 44.41 0.19 50306 9653.53 19.26 310 0 0 46500 0 0 21.0 24.0 23.8 0.03
135900.0 310 32.18 0.1 50996 4898.31 0.36 14776 2083.72 0.19 2236676 470627.0 19.26 310 44.01 0.19 50616 9697.53 19.26 310 0 0 46810 0 0 21.0 24.0 23.82 0.03
136800.0 310 32.18 0.1 51306 4930.49 0.36 14775 2083.61 0.19 2251451 472710.61 19.26 310 44.0 0.19 50926 9741.54 19.26 310 0 0 47120 0 0 21.0 24.0 23.84 0.03
137700.0 376 32.33 0.1 51682 4962.82 0.36 14835 2084.22 0.19 2266286 474794.84 19.26 370 44.61 0.19 51296 9786.15 19.26 310 0 0 47430 0 0 21.0 24.0 23.84 0.03
138600.0 354 32.96 0.36 52036 4995.78 0.36 14813 2083.82 0.19 2281099 476878.65 19.26 350 44.41 0.19 51646 9830.56 19.26 310 0 0 47740 0 0 21.0 24.0 23.84 0.03
139500.0 310 32.18 0.1 52346 5027.97 0.36 14773 2083.42 0.19 2295872 478962.07 19.26 310 44.01 0.19 51956 9874.56 19.26 310 0 0 48050 0 0 21.0 24.0 23.85 0.03
140400.0 310 32.18 0.1 52656 5060.15 0.36 14771 2083.21 0.19 2310643 481045.29 19.26 310 44.0 0.19 52266 9918.57 19.26 310 0 0 48360 0 0 21.0 24.0 23.85 0.03
141300.0 376 32.33 0.1 53032 5092.48 0.36 14830 2083.72 0.19 2325473 483129.01 19.26 370 44.61 0.19 52636 9963.18 19.26 310 0 0 48670 0 0 21.0 24.0 23.85 0.03
142200.0 354 32.96 0.36 53386 5125.44 0.36 14810 2083.52 0.19 2340283 485212.53 19.26 350 44.41 0.19 52986 10007.58 19.26 310 0 0 48980 0 0 21.0 24.0 23.85 0.03
143100.0 310 32.18 0.1 53696 5157.63 0.36 14769 2083.02 0.19 2355052 487295.55 19.26 310 44.01 0.19 53296 10051.59 19.26 310 0 0 49290 0 0 21.0 24.0 23.87 0.03
144000.0 310 32.18 0.1 54006 5189.81 0.36 14766 2082.71 0.19 2369818 489378.26 19.26 310 44.0 0.19 53606 10095.6 19.26 310 0 0 49600 0 0 21.0 24.0 23.88 0.03
144900.0 376 32.33 0.1 54382 5222.14 0.36 14826 2083.32 0.19 2384644 491461.59 19.26 370 44.61 0.19 53976 10140.21 19.26 310 0 0 49910 0 0 21.0 24.0 23.88 0.03
145800.0 354 32.96 0.36 54736 5255.1 0.36 14806 2083.12 0.19 2399450 493544.7 19.26 350 44.41 0.19 54326 10184.61 19.26 310 0 0 50220 0 0 21.0 24.0 23.88 0.03
146700.0 310 32.18 0.1 55046 5287.29 0.36 14765 2082.62 0.19 2414215 495627.32 19.26 310 44.01 0.19 54636 10228.62 19.26 310 0 0 50530 0 0 21.0 24.0 23.88 0.03
147600.0 310 32.18 0.1 55356 5319.47 0.36 14765 2082.61 0.19 2428980 497709.94 19.26 310 44.0 0.19 54946 10272.62 19.26 310 0 0 50840 0 0 21.0 24.0 23.88 0.03
148500.0 376 32.33 0.1 55732 5351.8 0.36 14824 2083.12 0.19 2443804 499793.06 19.26 370 44.61 0.19 55316 10317.23 19.26 310 0 0 51150 0 0 21.0 24.0 23.88 0.03
149400.0 354 32.96 0.36 56086 5384.76 0.36 14804 2082.92 0.19 2458608 501875.98 19.26 350 44.41 0.19 55666 10361.64 19.26 310 0 0 51460 0 0 21.0 24.0 23.88 0.03
150300.0 310 32.18 0.1 56396 5416.95 0.36 14764 2082.52 0.19 2473372 503958.5 19.26 310 44.01 0.19 55976 10405.65 19.26 310 0 0 51770 0 0 21.0 24.0 23.88 0.03
151200.0 310 32.18 0.1 56706 5449.13 0.36 14761 2082.21 0.19 2488133 506040.71 19.26 310 44.0 0.19 56286 10449.65 19.26 310 0 0 52080 0 0 21.0 24.0 23.89 0.03
152100.0 376 32.33 0.1 57082 5481.46 0.36 14818 2082.52 0.19 2502951 508123.23 19.26 370 44.61 0.19 56656 10494.26 19.26 310 0 0 52390 0 0 21.0 24.0 23.89 0.03
153000.0 354 32.96 0.36 57436 5514.42 0.36 14798 2082.32 0.19 2517749 510205.55 19.26 350 44.41 0.19 57006 10538.67 19.26 310 0 0 52700 0 0 21.0 24.0 23.89 0.03
153900.0 310 32.18 0.1 57746 5546.61 0.36 14756 2081.72 0.19 2532505 512287.27 19.26 310 44.01 0.19 57316 10582.68 19.26 310 0 0 53010 0 0 21.0 24.0 23.88 0.03
154800.0 310 32.18 0.1 58056 5578.79 0.36 14754 2081.51 0.19 2547259 514368.79 19.26 310 44.0 0.19 57626 10626.68 19.26 310 0 0 53320 0 0 21.0 24.0 23.88 0.03
155700.0 376 32.33 0.1 58432 5611.12 0.36 14814 2082.12 0.19 2562073 516450.91 19.26 370 44.61 0.19 57996 10671.29 19.26 310 0 0 53630 0 0 21.0 24.0 23.88 0.03
156600.0 354 32.96 0.36 58786 5644.08 0.36 14792 2081.72 0.19 2576865 518532.62 19.26 350 44.41 0.19 58346 10715.7 19.26 310 0 0 53940 0 0 21.0 24.0 23.88 0.03
157500.0 310 32.18 0.1 59096 5676.27 0.36 14748 2080.92 0.19 2591613 520613.54 19.26 310 44.01 0.19 58656 10759.71 19.26 310 0 0 54250 0 0 21.0 24.0 23.87 0.04
158400.0 310 32.18 0.1 59406 5708.45 0.36 14748 2080.91 0.19 2606361 522694.46 19.26 310 44.0 0.19 58966 10803.71 19.26 310 0 0 54560 0 0 21.0 24.0 23.87 0.04
159300.0 376 32.33 0.1 59782 5740.78 0.36 14807 2081.42 0.19 2621168 524775.88 19.26 370 44.61 0.19 59336 10848.32 19.26 310 0 0 54870 0 0 21.0 24.0 23.87 0.04
160200.0 354 32.96 0.36 60136 5773.74 0.36 14783 2080.82 0.19 2635951 526856.7 19.26 350 44.41 0.19 59686 10892.73 19.26 310 0 0 55180 0 0 21.0 24.0 23.87 0.04
161100.0 310 32.18 0.1 60446 5805.93 0.36 14743 2080.42 0.19 2650694 528937.12 19.26 310 44.01 0.19 59996 10936.73 19.26 310 0 0 55490 0 0 21.0 24.0 23.85 0.04
162000.0 310 32.18 0.1 60756 5838.11 0.36 14742 2080.31 0.19 2665436 531017.43 19.26 310 44.0 0.19 60306 10980.74 19.26 310 0 0 55800 0 0 21.0 24.0 23.84 0.04
162900.0 376 32.32 0.1 61132 5870.44 0.36 14800 2080.72 0.19 2680236 533098.16 19.26 370 44.61 0.19 60676 11025.35 19.26 310 0 0 56110 0 0 21.0 24.0 23.84 0.04
163800.0 354 32.96 0.36 61486 5903.4 0.36 14780 2080.52 0.19 2695016 535178.67 19.26 350 44.41 0.19 61026 11069.75 19.26 310 0 0 56420 0 0 21.0 24.0 23.84 0.04
164700.0 310 32.18 0.1 61796 5935.59 0.36 14739 2080.02 0.19 2709755 537258.69 19.26 310 44.01 0.19 61336 11113.76 19.26 310 0 0 56730 0 0 21.0 24.0 23.82 0.04
165600.0 310 32.18 0.1 62106 5967.77 0.36 14735 2079.61 0.19 2724490 539338.31 19.26 310 44.0 0.19 61646 11157.77 19.26 310 0 0 57040 0 0 21.0 24.0 23.81 0.04
166500.0 376 32.33 0.1 62482 6000.1 0.36 14794 2080.12 0.19 2739284 541418.43 19.26 370 44.61 0.19 62016 11202.38 19.26 310 0 0 57350 0 0 21.0 24.0 23.81 0.04
167400.0 354 32.96 0.36 62836 6033.06 0.36 14774 2079.92 0.19 2754058 543498.35 19.26 350 44.41 0.19 62366 11246.78 19.26 310 0 0 57660 0 0 21.0 24.0 23.81 0.04
168300.0 310 32.18 0.1 63146 6065.25 0.36 14731 2079.22 0.19 2768789 545577.57 19.26 310 44.01 0.19 62676 11290.79 19.26 310 0 0 57970 0 0 21.0 24.0 23.78 0.05
169200.0 310 32.18 0.1 63456 6097.43 0.36 14731 2079.21 0.19 2783520 547656.78 19.26 310 44.0 0.19 62986 11334.8 19.26 310 0 0 58280 0 0 21.0 24.0 23.77 0.05
170100.0 376 32.32 0.1 63832 6129.75 0.36 14789 2079.62 0.19 2798309 549736.4 19.26 370 44.61 0.19 63356 11379.41 19.26 310 0 0 58590 0 0 21.0 24.0 23.77 0.05
171000.0 354 32.96 0.36 64186 6162.72 0.36 14765 2079.02 0.19 2813074 551815.42 19.26 350 44.41 0.19 63706 11423.81 19.26 310 0 0 58900 0 0 21.0 24.0 23.77 0.05
171900.0 310 32.18 0.1 64496 6194.9 0.36 14724 2078.52 0.19 2827798 553893.94 19.26 310 44.01 0.19 64016 11467.82 19.26 310 0 0 59210 0 0 21.0 24.0 23.74 0.05
172800.0 310 32.18 0.1 64806 6227.09 0.36 14722 2078.31 0.19 2842520 555972.26 19.26 310 44.0 0.19 64326 11511.82 19.26 310 0 0 59520 0 0 21.0 24.0 23.73 0.05
173700.0 376 32.33 0.1 65182 6259.41 0.36 14779 2078.62 0.19 2857299 558050.88 19.26 370 44.61 0.19 64696 11556.43 19.26 310 0 0 59830 0 0 21.0 24.0 23.73 0.05
174600.0 354 32.96 0.36 65536 6292.38 0.36 14758 2078.32 0.19 2872057 560129.19 19.26 350 44.41 0.19 65046 11600.84 19.26 310 0 0 60140 0 0 21.0 24.0 23.73 0.05
175500.0 310 32.18 0.1 65846 6324.56 0.36 14717 2077.82 0.19 2886774 562207.02 19.26 310 44.01 0.19 65356 11644.85 19.26 310 0 0 60450 0 0 21.0 24.0 23.69 0.05
176400.0 310 32.18 0.1 66156 6356.75 0.36 14717 2077.81 0.19 2901491 564284.83 19.26 310 44.0 0.19 65666 11688.85 19.26 310 0 0 60760 0 0 21.0 24.0 23.67 0.05
177300.0 376 32.33 0.1 66532 6389.07 0.36 14777 2078.42 0.19 2916268 566363.25 19.26 370 44.61 0.19 66036 11733.46 19.26 310 0 0 61070 0 0 21.0 23.9 23.66 0.05
178200.0 354 32.96 0.36 66886 6422.04 0.36 14755 2078.02 0.19 2931023 568441.27 19.26 350 44.41 0.19 66386 11777.87 19.26 310 0 0 61380 0 0 21.0 23.9 23.66 0.05
179100.0 310 32.18 0.1 67196 6454.22 0.36 14710 2077.12 0.19 2945733 570518.39 19.26 310 44.01 0.19 66696 11821.88 19.26 310 0 0 61690 0 0 21.0 23.9 23.61 0.05
180000.0 310 32.18 0.1 67506 6486.41 0.36 14712 2077.31 0.19 2960445 572595.7 19.26 310 44.0 0.19 67006 11865.88 19.26 310 0 0 62000 0 0 21.0 23.9 23.57 0.05
180900.0 376 32.33 0.1 67882 6518.73 0.36 14769 2077.62 0.19 2975214 574673.33 19.26 370 44.61 0.19 67376 11910.49 19.26 310 0 0 62310 0 0 21.0 23.9 23.57 0.05
181800.0 354 32.96 0.36 68236 6551.7 0.36 14745 2077.02 0.19 2989959 576750.34 19.26 350 44.41 0.19 67726 11954.9 19.26 310 0 0 62620 0 0 21.0 23.9 23.57 0.05
182700.0 310 32.18 0.1 68546 6583.88 0.36 14702 2076.32 0.19 3004661 578826.66 19.26 310 44.01 0.19 68036 11998.91 19.26 310 0 0 62930 0 0 21.0 23.8 23.5 0.05
183600.0 310 32.18 0.1 68856 6616.07 0.36 14703 2076.41 0.19 3019364 580903.08 19.26 310 44.0 0.19 68346 12042.91 19.26 310 0 0 63240 0 0 21.0 23.8 23.44 0.04
184500.0 376 32.33 0.1 69232 6648.39 0.36 14758 2076.52 0.19 3034122 582979.6 19.26 370 44.61 0.19 68716 12087.52 19.26 310 0 0 63550 0 0 21.0 23.8 23.43 0.04
185400.0 354 32.96 0.36 69586 6681.36 0.36 14734 2075.92 0.19 3048856 585055.52 19.26 350 44.41 0.19 69066 12131.93 19.26 310 0 0 63860 0 0 21.0 23.8 23.43 0.04
186300.0 310 32.18 0.1 69896 6713.54 0.36 14698 2075.92 0.19 3063554 587131.44 19.26 310 44.01 0.19 69376 12175.93 19.26 310 0 0 64170 0 0 21.0 23.7 23.33 0.05
187200.0 310 32.18 0.1 70206 6745.73 0.36 14693 2075.41 0.19 3078247 589206.85 19.26 310 44.0 0.19 69686 12219.94 19.26 310 0 0 64480 0 0 21.0 23.7 23.25 0.04
188100.0 376 32.33 0.1 70582 6778.05 0.36 14752 2075.92 0.19 3092999 591282.77 19.26 370 44.61 0.19 70056 12264.55 19.26 310 0 0 64790 0 0 21.0 23.7 23.25 0.04
189000.0 354 32.96 0.36 70936 6811.02 0.36 14729 2075.42 0.19 3107728 593358.19 19.26 350 44.41 0.19 70406 12308.95 19.26 310 0 0 65100 0 0 21.0 23.7 23.25 0.04
189900.0 310 32.18 0.1 71246 6843.2 0.36 14692 2075.32 0.19 3122420 595433.51 19.26 310 44.01 0.19 70716 12352.96 19.26 310 0 0 65410 0 0 21.0 23.6 23.12 0.05
190800.0 310 32.18 0.1 71556 6875.39 0.36 14689 2075.01 0.19 3137109 597508.53 19.26 310 44.0 0.19 71026 12396.97 19.26 310 0 0 65720 0 0 21.0 23.5 23.0 0.04
191700.0 376 32.33 0.1 71932 6907.71 0.36 14747 2075.42 0.19 3151856 599583.95 19.26 370 44.61 0.19 71396 12441.58 19.26 310 0 0 66030 0 0 21.0 23.5 23.0 0.04
192600.0 354 32.96 0.36 72286 6940.68 0.36 14720 2074.52 0.19 3166576 601658.46 19.26 350 44.41 0.19 71746 12485.98 19.26 310 0 0 66340 0 0 21.0 23.5 23.0 0.04
193500.0 310 32.18 0.1 72596 6972.86 0.36 14684 2074.52 0.19 3181260 603732.99 19.26 310 44.01 0.19 72056 12529.99 19.26 310 0 0 66650 0 0 21.0 23.4 22.86 0.04
194400.0 310 32.18 0.1 72906 7005.05 0.36 14687 2074.81 0.19 3195947 605807.8 19.26 310 44.0 0.19 72366 12574.0 19.26 310 0 0 66960 0 0 21.0 23.3 22.72 0.04
195300.0 376 32.33 0.1 73282 7037.37 0.36 14738 2074.52 0.19 3210685 607882.32 19.26 370 44.61 0.19 72736 12618.61 19.26 310 0 0 67270 0 0 21.0 23.3 22.72 0.04
196200.0 354 32.96 0.36 73636 7070.34 0.36 14717 2074.22 0.19 3225402 609956.54 19.26 350 44.41 0.19 73086 12663.01 19.26 310 0 0 67580 0 0 21.0 23.3 22.72 0.04
197100.0 310 32.18 0.1 73946 7102.52 0.36 14682 2074.32 0.19 3240084 612030.86 19.26 310 44.01 0.19 73396 12707.02 19.26 310 0 0 67890 0 0 21.0 23.1 22.56 0.03
198000.0 310 32.18 0.1 74256 7134.71 0.36 14658 2071.91 0.19 3254742 614102.77 19.26 310 44.0 0.19 73706 12751.02 19.26 310 0 0 68200 0 0 21.0 23.1 22.41 0.04
198900.0 376 32.33 0.1 74632 7167.03 0.36 14718 2072.52 0.19 3269460 616175.3 19.26 370 44.61 0.19 74076 12795.63 19.26 310 0 0 68510 0 0 21.0 23.1 22.4 0.04
199800.0 354 32.96 0.36 74986 7200.0 0.36 14695 2072.02 0.19 3284155 618247.31 19.26 350 44.41 0.19 74426 12840.04 19.26 310 0 0 68820 0 0 21.0 23.1 22.4 0.04
200700.0 310 32.18 0.1 75296 7232.18 0.36 14660 2072.12 0.19 3298815 620319.43 19.26 310 44.01 0.19 74736 12884.05 19.26 310 0 0 69130 0 0 21.0 22.8 22.25 0.02
201600.0 310 32.18 0.1 75606 7264.37 0.36 14662 2072.31 0.19 3313477 622391.75 19.26 310 44.0 0.19 75046 12928.05 19.26 310 0 0 69440 0 0 21.0 22.8 22.18 0.03
202500.0 376 32.33 0.1 75982 7296.69 0.36 14722 2072.92 0.19 3328199 624464.67 19.26 370 44.61 0.19 75416 12972.66 19.26 310 0 0 69750 0 0 21.0 22.8 22.18 0.03
203400.0 354 32.96 0.36 76336 7329.66 0.36 14692 2071.72 0.19 3342891 626536.39 19.26 350 44.41 0.19 75766 13017.07 19.26 310 0 0 70060 0 0 21.0 22.8 22.18 0.03
204300.0 310 32.18 0.1 76646 7361.84 0.36 14663 2072.42 0.19 3357554 628608.81 19.26 310 44.01 0.19 76076 13061.08 19.26 310 0 0 70370 0 0 21.0 22.6 22.07 0.02
205200.0 310 32.18 0.1 76956 7394.03 0.36 14661 2072.21 0.19 3372215 630681.02 19.26 310 44.0 0.19 76386 13105.08 19.26 310 0 0 70680 0 0 21.0 22.6 22.06 0.01
206100.0 376 32.32 0.1 77332 7426.35 0.36 14719 2072.62 0.19 3386934 632753.64 19.26 370 44.61 0.19 76756 13149.69 19.26 310 0 0 70990 0 0 21.0 22.6 22.06 0.01
207000.0 354 32.96 0.36 77686 7459.31 0.36 14689 2071.42 0.19 3401623 634825.06 19.26 350 44.41 0.19 77106 13194.1 19.26 310 0 0 71300 0 0 21.0 22.6 22.06 0.01
207900.0 310 32.18 0.1 77996 7491.5 0.36 14657 2071.82 0.19 3416280 636896.88 19.26 310 44.01 0.19 77416 13238.1 19.26 310 0 0 71610 0 0 21.0 22.2 22.02 0.01
208800.0 310 32.18 0.1 78306 7523.68 0.36 14653 2071.41 0.19 3430933 638968.3 19.26 310 44.0 0.19 77726 13282.11 19.26 310 0 0 71920 0 0 21.0 22.2 22.02 0.01
209700.0 376 32.33 0.1 78682 7556.01 0.36 14711 2071.82 0.19 3445644 641040.12 19.26 370 44.61 0.19 78096 13326.72 19.26 310 0 0 72230 0 0 21.0 22.2 22.02 0.01
210600.0 354 32.96 0.36 79036 7588.97 0.36 14679 2070.42 0.19 3460323 643110.53 19.26 350 44.41 0.19 78446 13371.13 19.26 310 0 0 72540 0 0 21.0 22.2 22.02 0.01
211500.0 310 32.18 0.1 79346 7621.16 0.36 14640 2070.12 0.19 3474963 645180.66 19.26 310 44.01 0.19 78756 13415.13 19.26 310 0 0 72850 0 0 21.0 22.0 22.0 0.0
212400.0 310 32.18 0.1 79656 7653.34 0.36 14640 2070.11 0.19 3489603 647250.77 19.26 310 44.0 0.19 79066 13459.14 19.26 310 0 0 73160 0 0 21.0 22.0 22.0 0.0
213300.0 376 32.32 0.1 80032 7685.67 0.36 14696 2070.32 0.19 3504299 649321.09 19.26 370 44.61 0.19 79436 13503.75 19.26 310 0 0 73470 0 0 21.0 22.0 22.0 0.0
214200.0 354 32.96 0.36 80386 7718.63 0.36 14666 2069.12 0.19 3518965 651390.21 19.26 350 44.41 0.19 79786 13548.15 19.26 310 0 0 73780 0 0 21.0 22.0 22.0 0.0
215100.0 310 32.18 0.1 80696 7750.81 0.36 14624 2068.52 0.19 3533589 653458.73 19.26 310 44.01 0.19 80096 13592.16 19.26 310 0 0 74090 0 0 21.0 22.0 22.0 0.0
216000.0 310 32.18 0.1 81006 7783.0 0.36 14622 2068.31 0.19 3548211 655527.04 19.26 310 44.0 0.19 80406 13636.17 19.26 310 0 0 74400 0 0 21.0 22.0 22.0 0.0
216900.0 376 32.33 0.1 81382 7815.33 0.36 14680 2068.72 0.19 3562891 657595.77 19.26 370 44.61 0.19 80776 13680.78 19.26 310 0 0 74710 0 0 21.0 22.0 22.0 0.0
217800.0 354 32.96 0.36 81736 7848.29 0.36 14654 2067.92 0.19 3577545 659663.68 19.26 350 44.41 0.19 81126 13725.18 19.26 310 0 0 75020 0 0 21.0 22.0 22.0 0.0
218700.0 310 32.18 0.1 82046 7880.47 0.36 14608 2066.92 0.19 3592153 661730.6 19.26 310 44.01 0.19 81436 13769.19 19.26 310 0 0 75330 0 0 21.0 22.0 22.0 0.0
219600.0 310 32.18 0.1 82356 7912.66 0.36 14608 2066.91 0.19 3606761 663797.52 19.26 310 44.0 0.19 81746 13813.2 19.26 310 0 0 75640 0 0 21.0 22.0 22.0 0.0
220500.0 376 32.33 0.1 82732 7944.99 0.36 14662 2066.92 0.19 3621423 665864.44 19.26 370 44.61 0.19 82116 13857.8 19.26 310 0 0 75950 0 0 21.0 22.0 22.0 0.0
221400.0 354 32.96 0.36 83086 7977.95 0.36 14639 2073.33 0.19 3636062 667937.77 19.26 350 44.55 0.19 82466 13902.36 19.26 310 0 0 76260 0 0 21.0 22.0 22.0 0.0
222300.0 310 32.19 0.1 83396 8010.14 0.36 14694 2084.16 0.19 3650756 670021.93 19.26 310 44.19 0.19 82776 13946.54 19.26 310 0 0 76570 0 0 20.8 22.0 21.31 0.06
223200.0 310 32.19 0.1 83706 8042.33 0.36 14726 2087.41 0.19 3665482 672109.34 19.26 310 44.19 0.19 83086 13990.73 19.26 310 0 0 76880 0 0 19.8 22.0 20.58 0.15
224100.0 376 32.33 0.1 84082 8074.66 0.36 14786 2087.97 0.19 3680268 674197.31 19.26 370 44.79 0.19 83456 14035.51 19.26 310 0 0 77190 0 0 19.8 21.8 20.55 0.13
225000.0 354 32.96 0.36 84436 8107.63 0.36 14764 2082.47 0.19 3695032 676279.77 19.26 350 44.48 0.19 83806 14080.0 19.26 310 0 0 77500 0 0 19.8 21.8 20.55 0.13
225900.0 310 32.19 0.1 84746 8139.81 0.36 14725 2087.53 0.19 3709757 678367.31 19.26 310 44.2 0.19 84116 14124.19 19.26 310 0 0 77810 0 0 19.8 21.7 20.5 0.12
226800.0 310 32.19 0.1 85056 8172.0 0.36 14729 2087.95 0.19 3724486 680455.26 19.26 310 44.19 0.19 84426 14168.38 19.26 310 0 0 78120 0 0 19.8 21.7 20.46 0.14
227700.0 376 32.33 0.1 85432 8204.33 0.36 14789 2088.54 0.19 3739275 682543.79 19.26 370 44.8 0.19 84796 14213.18 19.26 310 0 0 78430 0 0 19.8 21.7 20.46 0.14
228600.0 354 32.97 0.36 85786 8237.3 0.36 14766 2088.79 0.19 3754041 684632.58 19.26 350 44.61 0.19 85146 14257.79 19.26 310 0 0 78740 0 0 19.8 21.7 20.46 0.14
229500.0 310 32.19 0.1 86096 8269.49 0.36 14724 2086.79 0.19 3768765 686719.37 19.26 310 44.18 0.19 85456 14301.97 19.26 310 0 0 79050 0 0 19.8 21.6 20.44 0.14
230400.0 310 32.19 0.1 86406 8301.68 0.36 14724 2086.81 0.19 3783489 688806.18 19.26 310 44.18 0.19 85766 14346.15 19.26 310 0 0 79360 0 0 19.8 21.6 20.44 0.14
231300.0 376 32.33 0.1 86782 8334.01 0.36 14783 2087.29 0.19 3798272 690893.47 19.26 370 44.78 0.19 86136 14390.93 19.26 310 0 0 79670 0 0 19.8 21.6 20.45 0.14
232200.0 354 32.96 0.36 87136 8366.97 0.36 14761 2086.83 0.19 3813033 692980.3 19.26 350 44.58 0.19 86486 14435.51 19.26 310 0 0 79980 0 0 19.8 21.6 20.45 0.14
233100.0 310 32.19 0.1 87446 8399.16 0.36 14719 2087.59 0.19 3827752 695067.89 19.26 310 44.21 0.19 86796 14479.72 19.26 310 0 0 80290 0 0 19.8 21.5 20.47 0.15
234000.0 310 32.19 0.1 87756 8431.35 0.36 14714 2087.1 0.19 3842466 697154.99 19.26 310 44.21 0.19 87106 14523.92 19.26 310 0 0 80600 0 0 19.8 21.5 20.49 0.15
234900.0 376 32.33 0.1 88132 8463.68 0.36 14774 2087.69 0.19 3857240 699242.68 19.26 370 44.81 0.19 87476 14568.74 19.26 310 0 0 80910 0 0 19.8 21.5 20.49 0.15
235800.0 354 32.96 0.36 88486 8496.65 0.36 14749 2085.31 0.19 3871989 701327.99 19.26 350 44.57 0.19 87826 14613.31 19.26 310 0 0 81220 0 0 19.8 21.5 20.49 0.15
236700.0 310 32.19 0.1 88796 8528.83 0.36 14710 2078.58 0.19 3886699 703406.57 19.26 310 44.04 0.19 88136 14657.35 19.26 310 0 0 81530 0 0 19.8 21.4 20.51 0.16
237600.0 310 32.19 0.1 89106 8561.02 0.36 14716 2079.17 0.19 3901415 705485.75 19.26 310 44.04 0.19 88446 14701.38 19.26 310 0 0 81840 0 0 19.8 21.4 20.55 0.14
238500.0 376 32.33 0.1 89482 8593.34 0.36 14769 2079.08 0.19 3916184 707564.83 19.26 370 44.64 0.19 88816 14746.02 19.26 310 0 0 82150 0 0 19.7 21.4 20.55 0.14
239400.0 354 32.96 0.36 89836 8626.31 0.36 14740 2078.87 0.19 3930924 709643.7 19.26 350 44.45 0.19 89166 14790.48 19.26 310 0 0 82460 0 0 19.7 21.4 20.55 0.14
240300.0 310 32.19 0.1 90146 8658.5 0.36 14697 2078.15 0.19 3945621 711721.85 19.26 310 44.05 0.19 89476 14834.53 19.26 310 0 0 82770 0 0 19.7 21.5 20.57 0.16
241200.0 310 32.19 0.1 90456 8690.68 0.36 14694 2077.87 0.19 3960315 713799.71 19.26 310 44.05 0.19 89786 14878.59 19.26 310 0 0 83080 0 0 19.7 21.6 20.6 0.16
242100.0 376 32.33 0.1 90832 8723.01 0.36 14753 2078.35 0.19 3975068 715878.07 19.26 370 44.66 0.19 90156 14923.24 19.26 310 0 0 83390 0 0 19.7 21.6 20.61 0.16
243000.0 354 32.96 0.36 91186 8755.98 0.36 14728 2077.58 0.19 3989796 717955.64 19.26 350 44.45 0.19 90506 14967.7 19.26 310 0 0 83700 0 0 19.7 21.6 20.61 0.16
243900.0 310 32.19 0.1 91496 8788.17 0.36 14695 2083.69 0.19 4004491 720039.33 19.26 310 44.17 0.19 90816 15011.87 19.26 310 0 0 84010 0 0 19.7 21.6 20.62 0.17
244800.0 310 32.19 0.1 91806 8820.36 0.36 14700 2084.21 0.19 4019191 722123.54 19.26 310 44.17 0.19 91126 15056.04 19.26 310 0 0 84320 0 0 19.7 21.8 20.66 0.17
245700.0 376 32.33 0.1 92182 8852.69 0.36 14760 2084.79 0.19 4033951 724208.33 19.26 370 44.78 0.19 91496 15100.82 19.26 310 0 0 84630 0 0 19.6 21.8 20.66 0.17
246600.0 354 32.97 0.36 92536 8885.65 0.36 14714 2082.54 0.19 4048665 726290.87 19.26 350 44.59 0.19 91846 15145.41 19.26 310 0 0 84940 0 0 19.6 21.8 20.66 0.17
247500.0 310 32.19 0.1 92846 8917.84 0.36 14684 2082.01 0.19 4063349 728372.88 19.26 310 44.16 0.19 92156 15189.57 19.26 310 0 0 85250 0 0 19.6 21.8 20.62 0.18
248400.0 310 32.19 0.1 93156 8950.03 0.36 14680 2081.65 0.19 4078029 730454.53 19.26 310 44.16 0.19 92466 15233.73 19.26 310 0 0 85560 0 0 19.6 21.9 20.64 0.19
249300.0 376 32.33 0.1 93532 8982.36 0.36 14732 2081.41 0.19 4092761 732535.94 19.26 370 44.76 0.19 92836 15278.49 19.26 310 0 0 85870 0 0 19.5 21.9 20.64 0.19
250200.0 354 32.96 0.36 93886 9015.33 0.36 14692 2078.88 0.19 4107453 734614.81 19.26 350 44.56 0.19 93186 15323.05 19.26 310 0 0 86180 0 0 19.5 21.9 20.64 0.19
251100.0 310 32.19 0.1 94196 9047.51 0.36 14675 2081.25 0.19 4122128 736696.06 19.26 310 44.17 0.19 93496 15367.21 19.26 310 0 0 86490 0 0 19.5 21.9 20.6 0.21
252000.0 310 32.19 0.1 94506 9079.7 0.36 14689 2082.67 0.19 4136817 738778.73 19.26 310 44.16 0.19 93806 15411.38 19.26 310 0 0 86800 0 0 19.5 22.0 20.59 0.23
252900.0 376 32.33 0.1 94882 9112.03 0.36 14749 2083.25 0.19 4151566 740861.98 19.26 370 44.77 0.19 94176 15456.14 19.26 310 0 0 87110 0 0 19.5 22.0 20.59 0.23
253800.0 354 32.96 0.36 95236 9145.0 0.36 14702 2080.44 0.19 4166268 742942.43 19.26 350 44.57 0.19 94526 15500.71 19.26 310 0 0 87420 0 0 19.5 22.0 20.59 0.23
254700.0 310 32.19 0.1 95546 9177.18 0.36 14720 2086.04 0.19 4180988 745028.47 19.26 310 44.17 0.19 94836 15544.88 19.26 310 0 0 87730 0 0 19.5 22.0 20.46 0.23
255600.0 310 32.19 0.1 95856 9209.37 0.36 14727 2086.76 0.19 4195715 747115.23 19.26 310 44.17 0.19 95146 15589.05 19.26 310 0 0 88040 0 0 19.5 21.8 20.42 0.25
256500.0 376 32.33 0.1 96232 9241.7 0.36 14787 2087.34 0.19 4210502 749202.57 19.26 370 44.77 0.19 95516 15633.83 19.26 310 0 0 88350 0 0 19.3 21.8 20.42 0.25
257400.0 354 32.96 0.36 96586 9274.67 0.36 14727 2082.6 0.19 4225229 751285.17 19.26 350 44.56 0.19 95866 15678.39 19.26 310 0 0 88660 0 0 19.3 21.8 20.42 0.25
258300.0 310 32.19 0.1 96896 9306.86 0.36 14734 2087.83 0.19 4239963 753372.99 19.26 310 44.18 0.19 96176 15722.57 19.26 310 0 0 88970 0 0 19.3 21.8 20.27 0.25
259200.0 310 32.19 0.1 97206 9339.04 0.36 14741 2088.54 0.19 4254704 755461.53 19.26 310 44.18 0.19 96486 15766.75 19.26 310 0 0 89280 0 0 19.3 21.8 20.18 0.28
260100.0 376 32.33 0.1 97582 9371.37 0.36 14801 2089.13 0.19 4269505 757550.66 19.26 370 44.78 0.19 96856 15811.54 19.26 310 0 0 89590 0 0 19.2 21.6 20.18 0.28
261000.0 356 33.13 0.36 97938 9404.5 0.36 15089 143360.2 19.23 4284594 900910.86 19.26 352 2960.84 19.23 97208 18772.38 19.26 310 0 0 89900 0 0 19.2 21.6 20.18 0.28
261900.0 310 32.19 0.1 98248 9436.69 0.36 14766 2083.85 0.19 4299360 902994.71 19.26 310 44.02 0.19 97518 18816.4 19.26 310 0 0 90210 0 0 18.9 21.6 19.84 0.27
262800.0 310 32.19 0.1 98558 9468.88 0.36 14769 2084.16 0.19 4314129 905078.87 19.26 310 44.02 0.19 97828 18860.43 19.26 310 0 0 90520 0 0 18.9 21.6 19.66 0.28
263700.0 376 32.33 0.1 98934 9501.21 0.36 14829 2084.75 0.19 4328958 907163.62 19.26 370 44.63 0.19 98198 18905.05 19.26 310 0 0 90830 0 0 18.9 21.0 19.66 0.27
264600.0 356 33.14 0.36 99290 9534.34 0.36 15119 143318.17 19.22 4344077 1050481.79 19.26 352 2959.48 19.22 98550 21864.53 19.26 310 0 0 91140 0 0 18.9 21.0 19.66 0.27
265500.0 310 32.22 0.11 99600 9566.56 0.36 14795 2130.0 0.19 4358872 1052611.78 19.26 310 44.92 0.19 98860 21909.45 19.26 310 0 0 91450 0 0 17.3 21.0 18.4 0.3
266400.0 310 32.22 0.11 99910 9598.77 0.36 14820 2132.57 0.19 4373692 1054744.35 19.26 310 44.92 0.19 99170 21954.38 19.26 310 0 0 91760 0 0 17.3 21.0 17.83 0.1
267300.0 376 32.36 0.11 100286 9631.13 0.36 14880 2133.11 0.19 4388572 1056877.46 19.26 370 45.52 0.19 99540 21999.9 19.26 310 0 0 92070 0 0 17.3 21.0 17.81 0.06
268200.0 356 33.16 0.36 100642 9664.29 0.36 15171 143413.98 19.23 4403743 1200291.43 19.26 352 2961.99 19.23 99892 24961.89 19.26 310 0 0 92380 0 0 17.3 21.0 17.81 0.06
269100.0 310 32.22 0.11 100952 9696.5 0.36 14824 2130.82 0.19 4418567 1202422.26 19.26 310 44.87 0.19 100202 25006.76 19.26 310 0 0 92690 0 0 17.3 21.0 17.79 0.06
270000.0 310 32.21 0.11 101262 9728.72 0.36 14823 2130.79 0.19 4433390 1204553.05 19.26 310 44.88 0.19 100512 25051.64 19.26 310 0 0 93000 0 0 17.3 21.0 17.78 0.06
270900.0 376 32.36 0.11 101638 9761.08 0.36 14883 2131.32 0.19 4448273 1206684.37 19.26 370 45.48 0.19 100882 25097.12 19.26 310 0 0 93310 0 0 17.3 21.0 17.78 0.06
271800.0 354 32.99 0.36 101992 9794.07 0.36 14861 2131.23 0.19 4463134 1208815.6 19.26 350 45.28 0.19 101232 25142.4 19.26 310 0 0 93620 0 0 17.3 21.0 17.78 0.06
272700.0 310 32.21 0.11 102302 9826.28 0.36 14822 2130.87 0.19 4477956 1210946.46 19.26 310 44.88 0.19 101542 25187.28 19.26 310 0 0 93930 0 0 17.3 21.0 17.76 0.06
273600.0 310 32.21 0.11 102612 9858.5 0.36 14825 2131.23 0.19 4492781 1213077.69 19.26 310 44.88 0.19 101852 25232.16 19.26 310 0 0 94240 0 0 17.3 21.0 17.74 0.05
274500.0 376 32.36 0.11 102988 9890.86 0.36 14884 2131.67 0.19 4507665 1215209.36 19.26 370 45.48 0.19 102222 25277.64 19.26 310 0 0 94550 0 0 17.3 21.0 17.74 0.05
275400.0 354 33.0 0.36 103342 9923.85 0.36 14863 2135.25 0.19 4522528 1217344.61 19.26 350 45.36 0.19 102572 25323.01 19.26 310 0 0 94860 0 0 17.3 21.0 17.74 0.05
276300.0 310 32.21 0.11 103652 9956.07 0.36 14821 2130.98 0.19 4537349 1219475.58 19.26 310 44.88 0.19 102882 25367.89 19.26 310 0 0 95170 0 0 17.3 21.0 17.73 0.05
277200.0 310 32.21 0.11 103962 9988.28 0.36 14818 2130.75 0.19 4552167 1221606.33 19.26 310 44.89 0.19 103192 25412.78 19.26 310 0 0 95480 0 0 17.3 21.0 17.72 0.05
278100.0 376 32.35 0.11 104338 10020.64 0.36 14878 2131.28 0.19 4567045 1223737.61 19.26 370 45.49 0.19 103562 25458.26 19.26 310 0 0 95790 0 0 17.3 21.0 17.72 0.05
279000.0 354 32.99 0.36 104692 10053.62 0.36 14855 2126.79 0.19 4581900 1225864.39 19.26 350 45.2 0.19 103912 25503.46 19.26 310 0 0 96100 0 0 17.3 21.0 17.72 0.05
279900.0 310 32.21 0.11 105002 10085.84 0.36 14812 2129.61 0.19 4596712 1227994.01 19.26 310 44.87 0.19 104222 25548.33 19.26 310 0 0 96410 0 0 17.3 21.0 17.71 0.05
280800.0 310 32.21 0.11 105312 10118.05 0.36 14813 2129.79 0.19 4611525 1230123.8 19.26 310 44.88 0.19 104532 25593.21 19.26 310 0 0 96720 0 0 17.3 21.0 17.7 0.05
281700.0 376 32.36 0.11 105688 10150.41 0.36 14872 2130.22 0.19 4626397 1232254.02 19.26 370 45.48 0.19 104902 25638.69 19.26 310 0 0 97030 0 0 17.3 21.0 17.7 0.05
282600.0 354 32.99 0.36 106042 10183.4 0.36 14849 2130.05 0.19 4641246 1234384.07 19.26 350 45.28 0.19 105252 25683.97 19.26 310 0 0 97340 0 0 17.3 21.0 17.7 0.05
283500.0 310 32.21 0.11 106352 10215.62 0.36 14808 2125.78 0.19 4656054 1236509.85 19.26 310 44.8 0.19 105562 25728.77 19.26 310 0 0 97650 0 0 17.3 21.0 17.69 0.05
284400.0 310 32.21 0.11 106662 10247.83 0.36 14812 2126.23 0.19 4670866 1238636.08 19.26 310 44.8 0.19 105872 25773.57 19.26 310 0 0 97960 0 0 17.3 21.0 17.68 0.05
285300.0 376 32.36 0.11 107038 10280.18 0.36 14868 2126.38 0.19 4685734 1240762.47 19.26 370 45.4 0.19 106242 25818.97 19.26 310 0 0 98270 0 0 17.3 21.0 17.68 0.05
286200.0 354 32.99 0.36 107392 10313.17 0.36 14848 2126.22 0.19 4700582 1242888.68 19.26 350 45.2 0.19 106592 25864.18 19.26 310 0 0 98580 0 0 17.3 21.0 17.68 0.05
287100.0 310 32.21 0.11 107702 10345.38 0.36 14808 2125.85 0.19 4715390 1245014.54 19.26 310 44.8 0.19 106902 25908.98 19.26 310 0 0 98890 0 0 17.3 21.0 17.68 0.05
288000.0 310 32.21 0.11 108012 10377.6 0.36 14806 2125.72 0.19 4730196 1247140.26 19.26 310 44.8 0.19 107212 25953.78 19.26 310 0 0 99200 0 0 17.3 21.0 17.68 0.05
288900.0 376 32.35 0.11 108388 10409.95 0.36 14866 2126.26 0.19 4745062 1249266.51 19.26 370 45.4 0.19 107582 25999.19 19.26 310 0 0 99510 0 0 17.3 21.0 17.68 0.05
289800.0 354 32.99 0.36 108742 10442.94 0.36 14840 2129.34 0.19 4759902 1251395.86 19.26 350 45.29 0.19 107932 26044.47 19.26 310 0 0 99820 0 0 17.3 21.0 17.68 0.05
290700.0 310 32.22 0.11 109052 10475.16 0.36 14804 2132.88 0.19 4774706 1253528.74 19.26 310 44.96 0.19 108242 26089.43 19.26 310 0 0 100130 0 0 17.3 21.0 17.67 0.05
291600.0 310 32.22 0.11 109362 10507.38 0.36 14800 2132.55 0.19 4789506 1255661.29 19.26 310 44.96 0.19 108552 26134.4 19.26 310 0 0 100440 0 0 17.3 21.0 17.67 0.04
292500.0 376 32.36 0.11 109738 10539.74 0.36 14859 2132.99 0.19 4804365 1257794.28 19.26 370 45.56 0.19 108922 26179.96 19.26 310 0 0 100750 0 0 17.3 21.0 17.67 0.04
293400.0 354 33.0 0.36 110092 10572.73 0.36 14836 2132.55 0.19 4819201 1259926.83 19.26 350 45.36 0.19 109272 26225.33 19.26 310 0 0 101060 0 0 17.3 21.0 17.67 0.04
294300.0 310 32.21 0.11 110402 10604.95 0.36 14798 2127.57 0.19 4833999 1262054.41 19.26 310 44.86 0.19 109582 26270.18 19.26 310 0 0 101370 0 0 17.3 21.0 17.67 0.04
295200.0 310 32.21 0.11 110712 10637.16 0.36 14796 2127.42 0.19 4848795 1264181.83 19.26 310 44.86 0.19 109892 26315.05 19.26 310 0 0 101680 0 0 17.4 21.0 17.67 0.04
296100.0 376 32.36 0.11 111088 10669.52 0.36 14856 2127.97 0.19 4863651 1266309.8 19.26 370 45.46 0.19 110262 26360.51 19.26 310 0 0 101990 0 0 17.4 21.0 17.67 0.04
297000.0 354 32.99 0.36 111442 10702.51 0.36 14834 2127.62 0.19 4878485 1268437.42 19.26 350 45.26 0.19 110612 26405.77 19.26 310 0 0 102300 0 0 17.4 21.0 17.67 0.04
297900.0 310 32.22 0.11 111752 10734.73 0.36 14795 2131.98 0.19 4893280 1270569.4 19.26 310 44.96 0.19 110922 26450.73 19.26 310 0 0 102610 0 0 17.4 21.0 17.67 0.04
298800.0 310 32.22 0.11 112062 10766.95 0.36 14795 2132.05 0.19 4908075 1272701.46 19.26 310 44.96 0.19 111232 26495.7 19.26 310 0 0 102920 0 0 17.4 21.0 17.68 0.04
299700.0 376 32.36 0.11 112438 10799.31 0.36 14855 2132.59 0.19 4922930 1274834.04 19.26 370 45.56 0.19 111602 26541.26 19.26 310 0 0 103230 0 0 17.4 21.0 17.68 0.04
300600.0 354 33.0 0.36 112792 10832.31 0.36 14830 2131.95 0.19 4937760 1276966.0 19.26 350 45.36 0.19 111952 26586.62 19.26 310 0 0 103540 0 0 17.4 21.0 17.68 0.04
301500.0 310 32.22 0.11 113102 10864.52 0.36 14789 2128.07 0.19 4952549 1279094.07 19.26 310 44.89 0.19 112262 26631.51 19.26 310 0 0 103850 0 0 17.4 21.0 17.67 0.04
302400.0 310 32.22 0.11 113412 10896.74 0.36 14793 2128.53 0.19 4967342 1281222.6 19.26 310 44.89 0.19 112572 26676.4 19.26 310 0 0 104160 0 0 17.4 21.0 17.68 0.04
303300.0 376 32.36 0.11 113788 10929.1 0.36 14847 2128.47 0.19 4982189 1283351.07 19.26 370 45.49 0.19 112942 26721.9 19.26 310 0 0 104470 0 0 17.4 21.0 17.68 0.04
304200.0 354 32.99 0.36 114142 10962.08 0.36 14824 2123.98 0.19 4997013 1285475.05 19.26 350 45.21 0.19 113292 26767.1 19.26 310 0 0 104780 0 0 17.4 21.0 17.68 0.04
305100.0 310 32.21 0.11 114452 10994.3 0.36 14782 2126.61 0.19 5011795 1287601.66 19.26 310 44.87 0.19 113602 26811.98 19.26 310 0 0 105090 0 0 17.4 21.0 17.67 0.04
306000.0 310 32.21 0.11 114762 11026.51 0.36 14786 2127.09 0.19 5026581 1289728.75 19.26 310 44.88 0.19 113912 26856.85 19.26 310 0 0 105400 0 0 17.4 21.0 17.68 0.04
306900.0 376 32.36 0.11 115138 11058.87 0.36 14846 2127.62 0.19 5041427 1291856.37 19.26 370 45.48 0.19 114282 26902.33 19.26 310 0 0 105710 0 0 17.4 21.0 17.68 0.04
307800.0 354 33.0 0.36 115492 11091.87 0.36 14824 2131.35 0.19 5056251 1293987.72 19.26 350 45.36 0.19 114632 26947.69 19.26 310 0 0 106020 0 0 17.4 21.0 17.68 0.04
308700.0 310 32.22 0.11 115802 11124.09 0.36 14784 2130.89 0.19 5071035 1296118.61 19.26 310 44.96 0.19 114942 26992.65 19.26 310 0 0 106330 0 0 17.4 21.0 17.68 0.04
309600.0 310 32.22 0.11 116112 11156.3 0.36 14794 2131.95 0.19 5085829 1298250.56 19.26 310 44.96 0.19 115252 27037.62 19.26 310 0 0 106640 0 0 17.4 21.0 17.69 0.04
310500.0 376 32.36 0.11 116488 11188.67 0.36 14851 2132.19 0.19 5100680 1300382.75 19.26 370 45.56 0.19 115622 27083.18 19.26 310 0 0 106950 0 0 17.4 21.0 17.69 0.04
311400.0 354 33.0 0.36 116842 11221.66 0.36 14821 2131.05 0.19 5115501 1302513.8 19.26 350 45.36 0.19 115972 27128.54 19.26 310 0 0 107260 0 0 17.4 21.0 17.69 0.04
312300.0 310 32.21 0.11 117152 11253.88 0.36 14772 2124.97 0.19 5130273 1304638.77 19.26 310 44.86 0.19 116282 27173.4 19.26 310 0 0 107570 0 0 17.4 21.0 17.69 0.04
313200.0 310 32.21 0.11 117462 11286.09 0.36 14779 2125.72 0.19 5145052 1306764.49 19.26 310 44.86 0.19 116592 27218.27 19.26 310 0 0 107880 0 0 17.4 21.0 17.7 0.05
314100.0 376 32.36 0.11 117838 11318.45 0.36 14837 2126.07 0.19 5159889 1308890.57 19.26 370 45.46 0.19 116962 27263.73 19.26 310 0 0 108190 0 0 17.3 21.0 17.7 0.05
315000.0 354 32.99 0.36 118192 11351.44 0.36 14813 2125.52 0.19 5174702 1311016.09 19.26 350 45.26 0.19 117312 27308.99 19.26 310 0 0 108500 0 0 17.3 21.0 17.7 0.05
315900.0 310 32.21 0.11 118502 11383.66 0.36 14764 2125.27 0.19 5189466 1313141.36 19.26 310 44.88 0.19 117622 27353.87 19.26 310 0 0 108810 0 0 17.3 21.0 17.7 0.05
316800.0 310 32.21 0.11 118812 11415.87 0.36 14767 2125.65 0.19 5204233 1315267.01 19.26 310 44.89 0.19 117932 27398.76 19.26 310 0 0 109120 0 0 17.3 21.0 17.71 0.05
317700.0 376 32.36 0.11 119188 11448.23 0.36 14824 2125.88 0.19 5219057 1317392.88 19.26 370 45.49 0.19 118302 27444.25 19.26 310 0 0 109430 0 0 17.3 21.0 17.71 0.05
318600.0 354 32.99 0.36 119542 11481.22 0.36 14799 2125.25 0.19 5233856 1319518.13 19.26 350 45.29 0.19 118652 27489.53 19.26 310 0 0 109740 0 0 17.3 21.0 17.71 0.05
319500.0 310 32.22 0.11 119852 11513.44 0.36 14752 2127.68 0.19 5248608 1321645.81 19.26 310 44.96 0.19 118962 27534.49 19.26 310 0 0 110050 0 0 17.3 21.0 17.72 0.05
320400.0 310 32.22 0.11 120162 11545.66 0.36 14756 2128.15 0.19 5263364 1323773.97 19.26 310 44.96 0.19 119272 27579.46 19.26 310 0 0 110360 0 0 17.3 21.0 17.72 0.05
321300.0 376 32.36 0.11 120538 11578.02 0.36 14814 2128.49 0.19 5278178 1325902.45 19.26 370 45.56 0.19 119642 27625.02 19.26 310 0 0 110670 0 0 17.3 21.0 17.72 0.05
322200.0 354 32.99 0.36 120892 11611.0 0.36 14788 2116.87 0.19 5292966 1328019.32 19.26 350 45.13 0.19 119992 27670.15 19.26 310 0 0 110980 0 0 17.3 21.0 17.72 0.05
323100.0 310 32.21 0.11 121202 11643.21 0.36 14747 2103.16 0.19 5307713 1330122.48 19.26 310 44.45 0.19 120302 27714.6 19.26 310 0 0 111290 0 0 17.3 21.0 17.73 0.05
324000.0 310 32.21 0.11 121512 11675.41 0.36 14751 2103.63 0.19 5322464 1332226.11 19.26 310 44.45 0.19 120612 27759.05 19.26 310 0 0 111600 0 0 17.3 21.0 17.73 0.06
324900.0 376 32.35 0.11 121888 11707.76 0.36 14810 2104.06 0.19 5337274 1334330.16 19.26 370 45.05 0.19 120982 27804.11 19.26 310 0 0 111910 0 0 17.3 21.0 17.73 0.06
325800.0 354 32.99 0.36 122242 11740.75 0.36 14779 2123.53 0.19 5352053 1336453.69 19.26 350 45.29 0.19 121332 27849.4 19.26 310 0 0 112220 0 0 17.3 21.0 17.73 0.06
326700.0 310 32.22 0.11 122552 11772.97 0.36 14737 2126.18 0.19 5366790 1338579.87 19.26 310 44.96 0.19 121642 27894.36 19.26 310 0 0 112530 0 0 17.3 21.0 17.74 0.06
327600.0 310 32.22 0.11 122862 11805.19 0.36 14739 2126.45 0.19 5381529 1340706.33 19.26 310 44.96 0.19 121952 27939.32 19.26 310 0 0 112840 0 0 17.3 21.0 17.75 0.06
328500.0 376 32.36 0.11 123238 11837.55 0.36 14797 2126.79 0.19 5396326 1342833.11 19.26 370 45.56 0.19 122322 27984.89 19.26 310 0 0 113150 0 0 17.2 21.0 17.75 0.06
329400.0 354 33.0 0.36 123592 11870.55 0.36 14764 2125.35 0.19 5411090 1344958.47 19.26 350 45.36 0.19 122672 28030.25 19.26 310 0 0 113460 0 0 17.2 21.0 17.75 0.06
330300.0 310 32.22 0.11 123902 11902.77 0.36 14726 2125.09 0.19 5425816 1347083.55 19.26 310 44.96 0.19 122982 28075.21 19.26 310 0 0 113770 0 0 17.2 21.0 17.76 0.06
331200.0 310 32.22 0.11 124212 11934.98 0.36 14733 2125.85 0.19 5440549 1349209.4 19.26 310 44.96 0.19 123292 28120.17 19.26 310 0 0 114080 0 0 17.2 21.0 17.76 0.06
332100.0 376 32.36 0.11 124588 11967.35 0.36 14790 2126.09 0.19 5455339 1351335.49 19.26 370 45.56 0.19 123662 28165.74 19.26 310 0 0 114390 0 0 17.2 21.0 17.76 0.06
333000.0 354 32.99 0.36 124942 12000.34 0.36 14750 2119.89 0.19 5470089 1353455.39 19.26 350 45.28 0.19 124012 28211.01 19.26 310 0 0 114700 0 0 17.2 21.0 17.76 0.06
333900.0 310 32.21 0.11 125252 12032.55 0.36 14695 2117.92 0.19 5484784 1355573.3 19.26 310 44.87 0.19 124322 28255.89 19.26 310 0 0 115010 0 0 17.2 21.0 17.77 0.06
334800.0 310 32.21 0.11 125562 12064.77 0.36 14702 2118.69 0.19 5499486 1357691.99 19.26 310 44.88 0.19 124632 28300.76 19.26 310 0 0 115320 0 0 17.2 21.0 17.78 0.07
335700.0 376 32.36 0.11 125938 12097.13 0.36 14746 2117.62 0.19 5514232 1359809.61 19.26 370 45.48 0.19 125002 28346.24 19.26 310 0 0 115630 0 0 17.2 21.0 17.78 0.07
336600.0 354 33.0 0.36 126292 12130.12 0.36 14717 2120.65 0.19 5528949 1361930.26 19.26 350 45.36 0.19 125352 28391.6 19.26 310 0 0 115940 0 0 17.2 21.0 17.78 0.07
337500.0 310 32.22 0.11 126602 12162.34 0.36 14663 2118.79 0.19 5543612 1364049.05 19.26 310 44.96 0.19 125662 28436.57 19.26 310 0 0 116250 0 0 17.2 21.0 17.78 0.07
338400.0 310 32.22 0.11 126912 12194.56 0.36 14680 2120.55 0.19 5558292 1366169.6 19.26 310 44.96 0.19 125972 28481.53 19.26 310 0 0 116560 0 0 17.2 21.0 17.79 0.07
339300.0 376 32.36 0.11 127288 12226.92 0.36 14731 2120.19 0.19 5573023 1368289.79 19.26 370 45.56 0.19 126342 28527.09 19.26 310 0 0 116870 0 0 17.2 21.0 17.79 0.07
340200.0 354 32.99 0.36 127642 12259.91 0.36 14694 2114.53 0.19 5587717 1370404.32 19.26 350 45.28 0.19 126692 28572.37 19.26 310 0 0 117180 0 0 17.2 21.0 17.79 0.07
341100.0 310 32.21 0.11 127952 12292.13 0.36 14636 2112.27 0.19 5602353 1372516.59 19.26 310 44.88 0.19 127002 28617.25 19.26 310 0 0 117490 0 0 17.2 21.0 17.8 0.07
342000.0 310 32.21 0.11 128262 12324.34 0.36 14638 2112.53 0.19 5616991 1374629.11 19.26 310 44.88 0.19 127312 28662.13 19.26 310 0 0 117800 0 0 17.2 21.0 17.8 0.07
342900.0 376 32.35 0.11 128638 12356.69 0.36 14695 2112.77 0.19 5631686 1376741.88 19.26 370 45.48 0.19 127682 28707.62 19.26 310 0 0 118110 0 0 17.2 21.0 17.8 0.07
343800.0 354 32.99 0.36 128992 12389.68 0.36 14661 2105.89 0.19 5646347 1378847.77 19.26 350 45.17 0.19 128032 28752.78 19.26 310 0 0 118420 0 0 17.2 21.0 17.8 0.07
344700.0 310 32.21 0.11 129302 12421.89 0.36 14616 2104.92 0.19 5660963 1380952.69 19.26 310 44.76 0.19 128342 28797.55 19.26 310 0 0 118730 0 0 17.2 21.0 17.8 0.07
345600.0 310 32.21 0.11 129612 12454.1 0.36 14613 2104.68 0.19 5675576 1383057.38 19.26 310 44.77 0.19 128652 28842.32 19.26 310 0 0 119040 0 0 17.2 21.0 17.8 0.08
