# seed = 6, gamma = 1.0, beta = 0.66, dee = 0.1, dcc = 100.0, dec = 10.0, dsCnd = 150.0, dLocalhost = 0.02, hostBroker = EDGE 
#
# The columns have the following meaning: 
# instant[SECONDS] commCountUploadPartial delaySumUploadPartial[SECONDS] delayMaxUploadPartial[SECONDS] commCountUploadTot delaySumUploadTot[SECONDS] delayMaxUploadTot[SECONDS] commCountDownloadPartial delaySumDownloadPartial[SECONDS] delayMaxDownloadPartial[SECONDS] commCountDownloadTot delaySumDownloadTot[SECONDS] delayMaxDownloadTot[SECONDS] commCountDownloadMaxPartial delaySumDownloadMaxPartial[SECONDS] delayMaxDownloadMaxPartial[SECONDS] commCountDownloadMaxTot delaySumDownloadMaxTot[SECONDS] delayMaxDownloadMaxTot[SECONDS] runOnCloudPartial runOnEdgePartial runOnSmartphonePartial runOnCloudTot runOnEdgeTot runOnSmartphoneTot minTemp maxTemp avgTemp varianceTemp
0.0 0 0.0 0.0 0 0.0 0.0 0 0.0 0.0 0 0.0 0.0 0 0.0 0.0 0 0.0 0.0 0 0 0 0 0 0 17.0 25.0 21.0 0.0
900.0 376 31.61 0.15 376 31.61 0.15 15587 1647.29 0.18 15587 1647.29 0.18 370 49.59 0.18 370 49.59 0.18 102 10 198 102 10 198 18.9 21.0 19.33 0.72
1800.0 356 32.33 0.36 732 63.94 0.36 15874 159960.53 20.14 31461 161607.82 20.14 352 3179.08 20.14 722 3228.67 20.14 102 10 198 204 20 396 18.8 18.9 18.9 0.0
2700.0 310 31.5 0.15 1042 95.44 0.36 15534 1665.96 0.19 46995 163273.78 20.14 310 49.96 0.19 1032 3278.63 20.14 102 10 198 306 30 594 17.7 18.9 18.38 0.05
3600.0 310 31.5 0.15 1352 126.93 0.36 15534 1665.92 0.19 62529 164939.7 20.14 310 49.96 0.19 1342 3328.59 20.14 102 10 198 408 40 792 17.7 18.9 18.23 0.06
4500.0 376 31.64 0.15 1728 158.57 0.36 15589 1665.81 0.19 78118 166605.52 20.14 370 49.96 0.19 1712 3378.55 20.14 102 10 198 510 50 990 17.6 18.7 18.23 0.06
5400.0 356 32.34 0.36 2084 190.91 0.36 15902 7916.01 20.21 94020 174521.53 20.21 352 70.2 20.21 2064 3448.76 20.21 102 10 198 612 60 1188 17.6 18.7 18.23 0.06
6300.0 310 31.5 0.15 2394 222.41 0.36 15582 1676.81 0.19 109602 176198.34 20.21 310 50.12 0.19 2374 3498.88 20.21 102 10 198 714 70 1386 17.6 18.7 18.24 0.05
7200.0 310 31.5 0.15 2704 253.91 0.36 15584 1676.77 0.19 125186 177875.11 20.21 310 50.13 0.19 2684 3549.01 20.21 102 10 198 816 80 1584 17.6 18.7 18.25 0.04
8100.0 376 31.64 0.15 3080 285.55 0.36 15641 1676.82 0.19 140827 179551.93 20.21 370 50.12 0.19 3054 3599.13 20.21 102 10 198 918 90 1782 17.6 18.7 18.25 0.04
9000.0 356 32.34 0.36 3436 317.89 0.36 15932 7927.14 20.23 156759 187479.07 20.23 352 70.29 20.23 3406 3669.42 20.23 102 10 198 1020 100 1980 17.6 18.7 18.25 0.04
9900.0 310 31.5 0.15 3746 349.38 0.36 15589 1673.61 0.19 172348 189152.68 20.23 310 50.07 0.19 3716 3719.48 20.23 102 10 198 1122 110 2178 17.6 18.7 18.23 0.04
10800.0 310 31.5 0.15 4056 380.88 0.36 15590 1673.71 0.19 187938 190826.4 20.23 310 50.07 0.19 4026 3769.55 20.23 102 10 198 1224 120 2376 17.6 18.7 18.16 0.05
11700.0 376 31.64 0.15 4432 412.51 0.36 15649 1673.83 0.19 203587 192500.22 20.23 370 50.07 0.19 4396 3819.62 20.23 102 10 198 1326 130 2574 17.6 18.7 18.16 0.05
12600.0 354 32.28 0.36 4786 444.79 0.36 15620 1674.36 0.19 219207 194174.58 20.23 350 50.1 0.19 4746 3869.72 20.23 102 10 198 1428 140 2772 17.6 18.7 18.16 0.05
13500.0 310 31.5 0.15 5096 476.29 0.36 15547 1672.34 0.19 234754 195846.92 20.23 310 50.1 0.19 5056 3919.82 20.23 102 10 198 1530 150 2970 17.6 18.7 18.14 0.05
14400.0 310 31.5 0.15 5406 507.79 0.36 15544 1671.96 0.19 250298 197518.88 20.23 310 50.1 0.19 5366 3969.91 20.23 102 10 198 1632 160 3168 17.6 18.7 18.14 0.05
15300.0 376 31.64 0.15 5782 539.43 0.36 15602 1671.91 0.19 265900 199190.78 20.23 370 50.1 0.19 5736 4020.01 20.23 102 10 198 1734 170 3366 17.6 18.7 18.14 0.05
16200.0 354 32.28 0.36 6136 571.71 0.36 15577 1672.63 0.19 281477 200863.42 20.23 350 50.11 0.19 6086 4070.13 20.23 102 10 198 1836 180 3564 17.6 18.7 18.14 0.05
17100.0 310 31.5 0.15 6446 603.21 0.36 15541 1668.8 0.19 297018 202532.22 20.23 310 50.02 0.19 6396 4120.15 20.23 102 10 198 1938 190 3762 17.6 18.7 18.12 0.04
18000.0 310 31.5 0.15 6756 634.7 0.36 15543 1668.75 0.19 312561 204200.97 20.23 310 50.02 0.19 6706 4170.17 20.23 102 10 198 2040 200 3960 17.6 18.7 18.11 0.04
18900.0 376 31.64 0.15 7132 666.34 0.36 15598 1668.2 0.19 328159 205869.17 20.23 370 50.02 0.19 7076 4220.2 20.23 102 10 198 2142 210 4158 17.6 18.6 18.11 0.04
19800.0 354 32.27 0.36 7486 698.61 0.36 15574 1668.43 0.19 343733 207537.6 20.23 350 50.04 0.19 7426 4270.23 20.23 102 10 198 2244 220 4356 17.6 18.6 18.11 0.04
20700.0 310 31.5 0.15 7796 730.1 0.36 15540 1670.97 0.19 359273 209208.57 20.23 310 50.08 0.19 7736 4320.31 20.23 102 10 198 2346 230 4554 17.6 18.6 18.08 0.03
21600.0 310 31.5 0.15 8106 761.6 0.36 15540 1670.6 0.19 374813 210879.17 20.23 310 50.08 0.19 8046 4370.39 20.23 102 10 198 2448 240 4752 17.6 18.6 18.08 0.03
22500.0 376 31.64 0.15 8482 793.24 0.36 15600 1670.7 0.19 390413 212549.86 20.23 370 50.08 0.19 8416 4420.47 20.23 102 10 198 2550 250 4950 17.6 18.6 18.08 0.03
23400.0 354 32.28 0.36 8836 825.51 0.36 15570 1672.0 0.19 405983 214221.86 20.23 350 50.12 0.19 8766 4470.59 20.23 102 10 198 2652 260 5148 17.6 18.6 18.08 0.03
24300.0 310 31.5 0.15 9146 857.02 0.36 15533 1674.29 0.19 421516 215896.16 20.23 310 50.15 0.19 9076 4520.74 20.23 102 10 198 2754 270 5346 17.5 18.6 18.05 0.03
25200.0 310 31.5 0.15 9456 888.52 0.36 15536 1674.22 0.19 437052 217570.38 20.23 310 50.15 0.19 9386 4570.89 20.23 102 10 198 2856 280 5544 17.5 18.6 18.04 0.03
26100.0 376 31.65 0.15 9832 920.16 0.36 15595 1674.34 0.19 452647 219244.72 20.23 370 50.16 0.19 9756 4621.05 20.23 102 10 198 2958 290 5742 17.5 18.6 18.04 0.03
27000.0 354 32.28 0.36 10186 952.44 0.36 15566 1673.74 0.19 468213 220918.46 20.23 350 50.16 0.19 10106 4671.21 20.23 102 10 198 3060 300 5940 17.5 18.6 18.04 0.03
27900.0 310 31.5 0.15 10496 983.94 0.36 15532 1671.87 0.19 483745 222590.33 20.23 310 50.11 0.19 10416 4721.32 20.23 102 10 198 3162 310 6138 17.5 18.6 18.01 0.03
28800.0 310 31.5 0.15 10806 1015.44 0.36 15537 1671.96 0.19 499282 224262.29 20.23 310 50.11 0.19 10726 4771.43 20.23 102 10 198 3264 320 6336 17.5 18.6 18.0 0.03
29700.0 376 31.64 0.15 11182 1047.09 0.36 15594 1671.59 0.19 514876 225933.88 20.23 370 50.11 0.19 11096 4821.54 20.23 102 10 198 3366 330 6534 17.5 18.6 18.0 0.03
30600.0 354 32.28 0.36 11536 1079.36 0.36 15564 1671.16 0.19 530440 227605.04 20.23 350 50.11 0.19 11446 4871.65 20.23 102 10 198 3468 340 6732 17.5 18.6 18.0 0.03
31500.0 310 31.5 0.15 11846 1110.87 0.36 15538 1674.61 0.19 545978 229279.65 20.23 310 50.15 0.19 11756 4921.81 20.23 102 10 198 3570 350 6930 17.4 18.6 17.97 0.03
32400.0 310 31.5 0.15 12156 1142.37 0.36 15538 1674.7 0.19 561516 230954.35 20.23 310 50.15 0.19 12066 4971.96 20.23 102 10 198 3672 360 7128 17.4 18.6 17.96 0.03
33300.0 376 31.65 0.15 12532 1174.01 0.36 15598 1674.82 0.19 577114 232629.17 20.23 370 50.16 0.19 12436 5022.12 20.23 102 10 198 3774 370 7326 17.4 18.5 17.96 0.03
34200.0 354 32.28 0.36 12886 1206.29 0.36 15556 1673.1 0.19 592670 234302.27 20.23 350 50.16 0.19 12786 5072.27 20.23 102 10 198 3876 380 7524 17.4 18.5 17.96 0.03
35100.0 310 31.5 0.15 13196 1237.79 0.36 15534 1673.98 0.19 608204 235976.25 20.23 310 50.15 0.19 13096 5122.43 20.23 102 10 198 3978 390 7722 17.4 18.5 17.93 0.03
36000.0 310 31.5 0.15 13506 1269.3 0.36 15538 1674.38 0.19 623742 237650.63 20.23 310 50.15 0.19 13406 5172.58 20.23 102 10 198 4080 400 7920 17.4 18.5 17.92 0.03
36900.0 376 31.65 0.15 13882 1300.94 0.36 15597 1674.5 0.19 639339 239325.13 20.23 370 50.16 0.19 13776 5222.74 20.23 102 10 198 4182 410 8118 17.4 18.5 17.92 0.03
37800.0 354 32.27 0.36 14236 1333.22 0.36 15554 1668.38 0.19 654893 240993.5 20.23 350 50.06 0.19 14126 5272.79 20.23 102 10 198 4284 420 8316 17.4 18.5 17.92 0.03
38700.0 310 31.5 0.15 14546 1364.71 0.36 15528 1669.07 0.19 670421 242662.58 20.23 310 50.05 0.19 14436 5322.85 20.23 102 10 198 4386 430 8514 17.3 18.5 17.89 0.03
39600.0 310 31.5 0.15 14856 1396.21 0.36 15538 1669.33 0.19 685959 244331.91 20.23 310 50.06 0.19 14746 5372.9 20.23 102 10 198 4488 440 8712 17.3 18.5 17.88 0.03
40500.0 376 31.64 0.15 15232 1427.85 0.36 15596 1669.28 0.19 701555 246001.19 20.23 370 50.06 0.19 15116 5422.96 20.23 102 10 198 4590 450 8910 17.3 18.5 17.88 0.03
41400.0 354 32.28 0.36 15586 1460.13 0.36 15557 1672.94 0.19 717112 247674.13 20.23 350 50.16 0.19 15466 5473.12 20.23 102 10 198 4692 460 9108 17.3 18.5 17.88 0.03
42300.0 310 31.5 0.15 15896 1491.63 0.36 15527 1672.22 0.19 732639 249346.35 20.23 310 50.11 0.19 15776 5523.23 20.23 102 10 198 4794 470 9306 17.3 18.5 17.85 0.04
43200.0 310 31.5 0.15 16206 1523.13 0.36 15531 1672.16 0.19 748170 251018.5 20.23 310 50.11 0.19 16086 5573.34 20.23 102 10 198 4896 480 9504 17.2 18.5 17.84 0.04
44100.0 376 31.64 0.15 16582 1554.78 0.36 15591 1672.26 0.19 763761 252690.76 20.23 370 50.11 0.19 16456 5623.46 20.23 102 10 198 4998 490 9702 17.2 18.4 17.83 0.04
45000.0 354 32.28 0.36 16936 1587.05 0.36 15550 1670.72 0.19 779311 254361.48 20.23 350 50.12 0.19 16806 5673.57 20.23 102 10 198 5100 500 9900 17.2 18.4 17.83 0.04
45900.0 310 31.5 0.15 17246 1618.55 0.36 15525 1672.57 0.19 794836 256034.05 20.23 310 50.12 0.19 17116 5723.7 20.23 102 10 198 5202 510 10098 17.2 18.5 17.81 0.05
46800.0 310 31.5 0.15 17556 1650.05 0.36 15534 1672.97 0.19 810370 257707.02 20.23 310 50.13 0.19 17426 5773.82 20.23 102 10 198 5304 520 10296 17.2 18.5 17.8 0.05
47700.0 376 31.64 0.15 17932 1681.7 0.36 15593 1673.09 0.19 825963 259380.11 20.23 370 50.13 0.19 17796 5823.95 20.23 102 10 198 5406 530 10494 17.2 18.5 17.8 0.05
48600.0 354 32.28 0.36 18286 1713.97 0.36 15548 1671.53 0.19 841511 261051.64 20.23 350 50.13 0.19 18146 5874.08 20.23 102 10 198 5508 540 10692 17.2 18.5 17.8 0.05
49500.0 310 31.5 0.15 18596 1745.48 0.36 15525 1673.97 0.19 857036 262725.61 20.23 310 50.15 0.19 18456 5924.23 20.23 102 10 198 5610 550 10890 17.1 18.5 17.76 0.06
50400.0 310 31.5 0.15 18906 1776.98 0.36 15534 1674.38 0.19 872570 264399.99 20.23 310 50.15 0.19 18766 5974.39 20.23 102 10 198 5712 560 11088 17.1 18.5 17.75 0.06
51300.0 376 31.65 0.15 19282 1808.62 0.36 15592 1674.18 0.19 888162 266074.17 20.23 370 50.16 0.19 19136 6024.54 20.23 102 10 198 5814 570 11286 17.1 18.5 17.75 0.06
52200.0 354 32.28 0.36 19636 1840.9 0.36 15547 1672.78 0.19 903709 267746.95 20.23 350 50.16 0.19 19486 6074.7 20.23 102 10 198 5916 580 11484 17.1 18.5 17.75 0.06
53100.0 310 31.5 0.15 19946 1872.4 0.36 15508 1673.02 0.19 919217 269419.97 20.23 310 50.15 0.19 19796 6124.85 20.23 102 10 198 6018 590 11682 17.1 18.6 17.73 0.07
54000.0 310 31.5 0.15 20256 1903.91 0.36 15517 1673.1 0.19 934734 271093.07 20.23 310 50.15 0.19 20106 6175.01 20.23 102 10 198 6120 600 11880 17.1 18.6 17.72 0.07
54900.0 376 31.65 0.15 20632 1935.55 0.36 15575 1673.06 0.19 950309 272766.13 20.23 370 50.16 0.19 20476 6225.16 20.23 102 10 198 6222 610 12078 17.1 18.6 17.72 0.07
55800.0 354 32.28 0.36 20986 1967.83 0.36 15544 1672.14 0.19 965853 274438.27 20.23 350 50.16 0.19 20826 6275.32 20.23 102 10 198 6324 620 12276 17.1 18.6 17.72 0.07
56700.0 310 31.5 0.15 21296 1999.33 0.36 15520 1673.66 0.19 981373 276111.93 20.23 310 50.15 0.19 21136 6325.47 20.23 102 10 198 6426 630 12474 17.1 18.6 17.69 0.08
57600.0 310 31.5 0.15 21606 2030.84 0.36 15528 1674.06 0.19 996901 277785.99 20.23 310 50.15 0.19 21446 6375.63 20.23 102 10 198 6528 640 12672 17.1 18.6 17.69 0.08
58500.0 376 31.65 0.15 21982 2062.48 0.36 15588 1674.18 0.19 1012489 279460.17 20.23 370 50.16 0.19 21816 6425.78 20.23 102 10 198 6630 650 12870 17.1 18.6 17.69 0.08
59400.0 354 32.28 0.36 22336 2094.76 0.36 15535 1669.4 0.19 1028024 281129.56 20.23 350 50.1 0.19 22166 6475.88 20.23 102 10 198 6732 660 13068 17.1 18.6 17.69 0.08
60300.0 310 31.5 0.15 22646 2126.26 0.36 15517 1670.9 0.19 1043541 282800.47 20.23 310 50.1 0.19 22476 6525.98 20.23 102 10 198 6834 670 13266 17.0 18.6 17.66 0.09
61200.0 310 31.5 0.15 22956 2157.76 0.36 15529 1671.8 0.19 1059070 284472.26 20.23 310 50.1 0.19 22786 6576.08 20.23 102 10 198 6936 680 13464 17.0 18.6 17.65 0.09
62100.0 376 31.64 0.15 23332 2189.4 0.36 15586 1671.75 0.19 1074656 286144.01 20.23 370 50.1 0.19 23156 6626.18 20.23 102 10 198 7038 690 13662 17.0 18.6 17.65 0.09
63000.0 354 32.27 0.36 23686 2221.67 0.36 15535 1667.08 0.19 1090191 287811.09 20.23 350 50.04 0.19 23506 6676.22 20.23 102 10 198 7140 700 13860 17.0 18.6 17.65 0.09
63900.0 310 31.49 0.15 23996 2253.16 0.36 15496 1664.72 0.19 1105687 289475.81 20.23 310 50.0 0.19 23816 6726.22 20.23 102 10 198 7242 710 14058 17.0 18.6 17.63 0.1
64800.0 310 31.49 0.15 24306 2284.65 0.36 15504 1665.3 0.19 1121191 291141.11 20.23 310 50.0 0.19 24126 6776.22 20.23 102 10 198 7344 720 14256 17.0 18.6 17.63 0.1
65700.0 376 31.63 0.15 24682 2316.29 0.36 15564 1665.36 0.19 1136755 292806.47 20.23 370 50.0 0.19 24496 6826.23 20.23 102 10 198 7446 730 14454 17.0 18.6 17.63 0.1
66600.0 354 32.27 0.36 25036 2348.55 0.36 15530 1664.16 0.19 1152285 294470.63 20.23 350 49.99 0.19 24846 6876.22 20.23 102 10 198 7548 740 14652 17.0 18.6 17.63 0.1
67500.0 310 31.49 0.15 25346 2380.04 0.36 15489 1662.52 0.19 1167774 296133.15 20.23 310 49.96 0.19 25156 6926.18 20.23 102 10 198 7650 750 14850 17.0 18.7 17.62 0.1
68400.0 310 31.49 0.15 25656 2411.53 0.36 15494 1662.78 0.19 1183268 297795.93 20.23 310 49.96 0.19 25466 6976.15 20.23 102 10 198 7752 760 15048 17.0 18.7 17.61 0.11
69300.0 376 31.63 0.15 26032 2443.16 0.36 15554 1662.84 0.19 1198822 299458.77 20.23 370 49.96 0.19 25836 7026.11 20.23 102 10 198 7854 770 15246 17.0 18.7 17.61 0.11
70200.0 354 32.27 0.36 26386 2475.43 0.36 15519 1663.94 0.19 1214341 301122.71 20.23 350 50.0 0.19 26186 7076.11 20.23 102 10 198 7956 780 15444 17.0 18.7 17.61 0.11
71100.0 310 31.49 0.15 26696 2506.92 0.36 15486 1663.4 0.19 1229827 302786.1 20.23 310 49.98 0.19 26496 7126.09 20.23 102 10 198 8058 790 15642 17.0 18.7 17.6 0.11
72000.0 310 31.49 0.15 27006 2538.41 0.36 15496 1664.0 0.19 1245323 304450.1 20.23 310 49.98 0.19 26806 7176.06 20.23 102 10 198 8160 800 15840 17.0 18.7 17.59 0.11
72900.0 376 31.63 0.15 27382 2570.04 0.36 15555 1664.04 0.19 1260878 306114.14 20.23 370 49.98 0.19 27176 7226.04 20.23 102 10 198 8262 810 16038 17.0 18.7 17.59 0.11
73800.0 354 32.27 0.36 27736 2602.31 0.36 15523 1663.36 0.19 1276401 307777.5 20.23 350 49.98 0.19 27526 7276.02 20.23 102 10 198 8364 820 16236 17.0 18.7 17.59 0.11
74700.0 310 31.49 0.15 28046 2633.8 0.36 15485 1665.84 0.19 1291886 309443.34 20.23 310 50.02 0.19 27836 7326.05 20.23 102 10 198 8466 830 16434 17.0 18.7 17.58 0.11
75600.0 310 31.49 0.15 28356 2665.29 0.36 15484 1665.78 0.19 1307370 311109.12 20.23 310 50.03 0.19 28146 7376.07 20.23 102 10 198 8568 840 16632 17.0 18.7 17.58 0.11
76500.0 376 31.64 0.15 28732 2696.93 0.36 15544 1665.89 0.19 1322914 312775.01 20.23 370 50.03 0.19 28516 7426.1 20.23 102 10 198 8670 850 16830 17.0 18.7 17.58 0.11
77400.0 354 32.27 0.36 29086 2729.2 0.36 15511 1663.87 0.19 1338425 314438.88 20.23 350 50.0 0.19 28866 7476.1 20.23 102 10 198 8772 860 17028 17.0 18.7 17.58 0.11
78300.0 310 31.49 0.15 29396 2760.69 0.36 15471 1663.76 0.19 1353896 316102.63 20.23 310 50.0 0.19 29176 7526.1 20.23 102 10 198 8874 870 17226 17.0 18.6 17.58 0.11
79200.0 310 31.49 0.15 29706 2792.18 0.36 15478 1664.02 0.19 1369374 317766.66 20.23 310 50.0 0.19 29486 7576.11 20.23 102 10 198 8976 880 17424 17.0 18.6 17.57 0.11
80100.0 376 31.63 0.15 30082 2823.81 0.36 15538 1664.08 0.19 1384912 319430.74 20.23 370 50.0 0.19 29856 7626.11 20.23 102 10 198 9078 890 17622 17.0 18.6 17.57 0.11
81000.0 354 32.27 0.36 30436 2856.08 0.36 15509 1664.72 0.19 1400421 321095.45 20.23 350 50.03 0.19 30206 7676.14 20.23 102 10 198 9180 900 17820 17.0 18.6 17.57 0.11
81900.0 310 31.5 0.15 30746 2887.58 0.36 15469 1666.62 0.19 1415890 322762.07 20.23 310 50.06 0.19 30516 7726.2 20.23 102 10 198 9282 910 18018 17.0 18.6 17.57 0.11
82800.0 310 31.5 0.15 31056 2919.07 0.36 15472 1666.56 0.19 1431362 324428.63 20.23 310 50.06 0.19 30826 7776.26 20.23 102 10 198 9384 920 18216 17.0 18.6 17.57 0.11
83700.0 376 31.64 0.15 31432 2950.71 0.36 15527 1666.19 0.19 1446889 326094.82 20.23 370 50.07 0.19 31196 7826.33 20.23 102 10 198 9486 930 18414 17.0 18.6 17.57 0.11
84600.0 354 32.27 0.36 31786 2982.98 0.36 15500 1665.76 0.19 1462389 327760.58 20.23 350 50.07 0.19 31546 7876.4 20.23 102 10 198 9588 940 18612 17.0 18.6 17.57 0.11
85500.0 310 31.49 0.15 32096 3014.48 0.36 15461 1664.7 0.19 1477850 329425.28 20.23 310 50.03 0.19 31856 7926.43 20.23 102 10 198 9690 950 18810 17.0 18.6 17.58 0.1
86400.0 310 31.49 0.15 32406 3045.97 0.36 15462 1665.11 0.19 1493312 331090.39 20.23 310 50.03 0.19 32166 7976.47 20.23 102 10 198 9792 960 19008 17.0 18.6 17.58 0.1
87300.0 376 31.64 0.15 32782 3077.6 0.36 15522 1665.22 0.19 1508834 332755.61 20.23 370 50.04 0.19 32536 8026.5 20.23 102 10 198 9894 970 19206 17.0 18.6 17.58 0.1
88200.0 354 32.28 0.36 33136 3109.88 0.36 15495 1669.13 0.19 1524329 334424.74 20.23 350 50.13 0.19 32886 8076.63 20.23 102 10 198 9996 980 19404 17.0 18.6 17.58 0.1
89100.0 310 31.5 0.15 33446 3141.38 0.36 15498 1672.37 0.19 1539827 336097.11 20.23 310 50.15 0.19 33196 8126.78 20.23 102 10 198 10098 990 19602 17.1 18.5 17.61 0.07
90000.0 310 31.5 0.15 33756 3172.89 0.36 15537 1674.54 0.19 1555364 337771.65 20.23 310 50.15 0.19 33506 8176.94 20.23 102 10 198 10200 1000 19800 17.1 18.5 17.67 0.05
90900.0 376 31.65 0.15 34132 3204.53 0.36 15597 1674.66 0.19 1570961 339446.31 20.23 370 50.16 0.19 33876 8227.09 20.23 102 10 198 10302 1010 19998 17.1 18.5 17.67 0.05
91800.0 354 32.27 0.36 34486 3236.8 0.36 15555 1667.37 0.19 1586516 341113.67 20.23 350 50.03 0.19 34226 8277.12 20.23 102 10 198 10404 1020 20196 17.1 21.0 17.68 0.08
92700.0 310 31.49 0.15 34796 3268.29 0.36 15579 1667.67 0.19 1602095 342781.34 20.23 310 49.95 0.19 34536 8327.07 20.23 102 10 198 10506 1030 20394 17.1 23.8 19.53 2.38
93600.0 310 31.49 0.15 35106 3299.78 0.36 15580 1667.93 0.19 1617675 344449.28 20.23 310 49.95 0.19 34846 8377.03 20.23 102 10 198 10608 1040 20592 17.1 23.8 20.53 4.52
94500.0 376 31.63 0.15 35482 3331.41 0.36 15640 1667.99 0.19 1633315 346117.26 20.23 370 49.95 0.19 35216 8426.98 20.23 102 10 198 10710 1050 20790 17.1 23.8 20.53 4.54
95400.0 354 32.27 0.36 35836 3363.67 0.36 15616 1667.77 0.19 1648931 347785.04 20.23 350 49.96 0.19 35566 8476.94 20.23 102 10 198 10812 1060 20988 17.1 23.8 20.53 4.54
96300.0 310 31.49 0.15 36146 3395.16 0.36 15576 1667.98 0.19 1664507 349453.02 20.23 310 49.95 0.19 35876 8526.89 20.23 102 10 198 10914 1070 21186 17.1 24.0 20.88 4.51
97200.0 310 31.49 0.15 36456 3426.65 0.36 15575 1667.77 0.19 1680082 351120.79 20.23 310 49.95 0.19 36186 8576.85 20.23 102 10 198 11016 1080 21384 17.1 24.0 21.05 4.48
98100.0 376 31.63 0.15 36832 3458.28 0.36 15632 1667.67 0.19 1695714 352788.46 20.23 370 49.95 0.19 36556 8626.8 20.23 102 10 198 11118 1090 21582 17.4 24.0 21.05 4.47
99000.0 354 32.26 0.36 37186 3490.54 0.36 15611 1664.88 0.18 1711325 354453.34 20.23 350 49.9 0.18 36906 8676.7 20.23 102 10 198 11220 1100 21780 17.4 24.0 21.05 4.46
99900.0 310 31.48 0.15 37496 3522.03 0.36 15568 1664.92 0.18 1726893 356118.26 20.23 310 49.9 0.18 37216 8726.6 20.23 102 10 198 11322 1110 21978 17.5 24.0 21.28 3.93
100800.0 310 31.48 0.15 37806 3553.51 0.36 15567 1664.24 0.18 1742460 357782.5 20.23 310 49.9 0.18 37526 8776.49 20.23 102 10 198 11424 1120 22176 17.5 24.0 21.43 3.72
101700.0 376 31.63 0.15 38182 3585.14 0.36 15626 1664.29 0.18 1758086 359446.78 20.23 370 49.9 0.18 37896 8826.39 20.23 102 10 198 11526 1130 22374 17.8 24.0 21.43 3.7
102600.0 354 32.26 0.36 38536 3617.4 0.36 15600 1663.33 0.18 1773686 361110.11 20.23 350 49.88 0.18 38246 8876.27 20.23 102 10 198 11628 1140 22572 17.8 24.0 21.43 3.69
103500.0 310 31.48 0.15 38846 3648.88 0.36 15565 1663.53 0.18 1789251 362773.64 20.23 310 49.88 0.18 38556 8926.15 20.23 102 10 198 11730 1150 22770 18.0 24.0 21.57 3.16
104400.0 310 31.48 0.15 39156 3680.37 0.36 15565 1663.32 0.18 1804816 364436.96 20.23 310 49.88 0.18 38866 8976.04 20.23 102 10 198 11832 1160 22968 18.0 24.0 21.73 2.95
105300.0 376 31.63 0.15 39532 3711.99 0.36 15622 1663.05 0.18 1820438 366100.01 20.23 370 49.88 0.18 39236 9025.92 20.23 102 10 198 11934 1170 23166 18.5 24.0 21.74 2.92
106200.0 354 32.26 0.36 39886 3744.25 0.36 15599 1661.85 0.18 1836037 367761.86 20.23 350 49.86 0.18 39586 9075.78 20.23 102 10 198 12036 1180 23364 18.5 24.0 21.74 2.92
107100.0 310 31.48 0.15 40196 3775.73 0.36 15559 1657.5 0.18 1851596 369419.36 20.23 310 49.76 0.18 39896 9125.55 20.23 102 10 198 12138 1190 23562 18.8 24.0 21.73 2.72
108000.0 310 31.48 0.15 40506 3807.21 0.36 15556 1657.47 0.18 1867152 371076.84 20.23 310 49.77 0.18 40206 9175.31 20.23 102 10 198 12240 1200 23760 18.8 24.0 21.74 2.7
108900.0 376 31.62 0.15 40882 3838.83 0.36 15614 1657.34 0.18 1882766 372734.17 20.23 370 49.77 0.18 40576 9225.08 20.23 102 10 198 12342 1210 23958 18.9 24.0 21.74 2.7
109800.0 354 32.25 0.36 41236 3871.08 0.36 15591 1657.16 0.18 1898357 374391.33 20.23 350 49.77 0.18 40926 9274.85 20.23 102 10 198 12444 1220 24156 18.9 24.0 21.74 2.7
110700.0 310 31.48 0.15 41546 3902.56 0.36 15552 1657.01 0.18 1913909 376048.34 20.23 310 49.76 0.18 41236 9324.61 20.23 102 10 198 12546 1230 24354 18.9 24.0 21.62 2.6
111600.0 310 31.48 0.15 41856 3934.04 0.36 15551 1656.99 0.18 1929460 377705.34 20.23 310 49.77 0.18 41546 9374.38 20.23 102 10 198 12648 1240 24552 18.9 23.9 21.56 2.51
112500.0 376 31.62 0.15 42232 3965.66 0.36 15610 1656.86 0.18 1945070 379362.2 20.23 370 49.77 0.18 41916 9424.15 20.23 102 10 198 12750 1250 24750 18.9 23.9 21.56 2.51
113400.0 354 32.25 0.36 42586 3997.91 0.36 15585 1656.68 0.18 1960655 381018.87 20.23 350 49.77 0.18 42266 9473.92 20.23 102 10 198 12852 1260 24948 18.9 23.9 21.58 2.5
114300.0 310 31.48 0.15 42896 4029.39 0.36 15554 1656.85 0.18 1976209 382675.73 20.23 310 49.76 0.18 42576 9523.68 20.23 102 10 198 12954 1270 25146 18.9 24.0 22.87 0.85
115200.0 310 31.48 0.15 43206 4060.87 0.36 15554 1656.83 0.18 1991763 384332.56 20.23 310 49.77 0.18 42886 9573.45 20.23 102 10 198 13056 1280 25344 18.9 24.0 23.49 0.16
116100.0 376 31.62 0.15 43582 4092.49 0.36 15612 1656.7 0.18 2007375 385989.26 20.23 370 49.77 0.18 43256 9623.22 20.23 102 10 198 13158 1290 25542 22.6 24.0 23.52 0.03
117000.0 354 32.25 0.36 43936 4124.74 0.36 15592 1656.68 0.18 2022967 387645.94 20.23 350 49.77 0.18 43606 9672.99 20.23 102 10 198 13260 1300 25740 22.6 24.0 23.52 0.03
117900.0 310 31.48 0.15 44246 4156.22 0.36 15552 1656.69 0.18 2038519 389302.63 20.23 310 49.76 0.18 43916 9722.75 20.23 102 10 198 13362 1310 25938 22.7 24.0 23.55 0.02
118800.0 310 31.48 0.15 44556 4187.69 0.36 15551 1656.51 0.18 2054070 390959.15 20.23 310 49.77 0.18 44226 9772.52 20.23 102 10 198 13464 1320 26136 22.7 24.0 23.6 0.02
119700.0 376 31.62 0.15 44932 4219.31 0.36 15611 1656.54 0.18 2069681 392615.69 20.23 370 49.77 0.18 44596 9822.28 20.23 102 10 198 13566 1330 26334 22.7 24.0 23.6 0.02
120600.0 354 32.25 0.36 45286 4251.57 0.36 15590 1656.52 0.18 2085271 394272.2 20.23 350 49.77 0.18 44946 9872.05 20.23 102 10 198 13668 1340 26532 22.7 24.0 23.6 0.02
121500.0 310 31.48 0.15 45596 4283.05 0.36 15549 1656.53 0.18 2100820 395928.74 20.23 310 49.76 0.18 45256 9921.82 20.23 102 10 198 13770 1350 26730 22.8 24.0 23.64 0.01
122400.0 310 31.48 0.15 45906 4314.52 0.36 15548 1656.35 0.18 2116368 397585.09 20.23 310 49.77 0.18 45566 9971.59 20.23 102 10 198 13872 1360 26928 22.8 24.0 23.66 0.01
123300.0 376 31.62 0.15 46282 4346.14 0.36 15607 1656.22 0.18 2131975 399241.31 20.23 370 49.77 0.18 45936 10021.35 20.23 102 10 198 13974 1370 27126 22.8 24.0 23.66 0.01
124200.0 354 32.25 0.36 46636 4378.4 0.36 15587 1656.2 0.18 2147562 400897.51 20.23 350 49.77 0.18 46286 10071.12 20.23 102 10 198 14076 1380 27324 22.8 24.0 23.66 0.01
125100.0 310 31.48 0.15 46946 4409.87 0.36 15542 1655.73 0.18 2163104 402553.24 20.23 310 49.76 0.18 46596 10120.89 20.23 102 10 198 14178 1390 27522 22.9 24.0 23.69 0.01
126000.0 310 31.48 0.15 47256 4441.35 0.36 15542 1655.71 0.18 2178646 404208.95 20.23 310 49.77 0.18 46906 10170.65 20.23 102 10 198 14280 1400 27720 22.9 24.0 23.72 0.01
126900.0 376 31.62 0.15 47632 4472.97 0.36 15602 1655.74 0.18 2194248 405864.69 20.23 370 49.77 0.18 47276 10220.42 20.23 102 10 198 14382 1410 27918 22.9 24.0 23.72 0.01
127800.0 354 32.25 0.36 47986 4505.23 0.36 15579 1655.72 0.18 2209827 407520.41 20.23 350 49.77 0.18 47626 10270.19 20.23 102 10 198 14484 1420 28116 22.9 24.0 23.72 0.01
128700.0 310 31.48 0.15 48296 4536.7 0.36 15539 1655.73 0.18 2225366 409176.14 20.23 310 49.76 0.18 47936 10319.95 20.23 102 10 198 14586 1430 28314 23.1 24.0 23.75 0.01
129600.0 310 31.48 0.15 48606 4568.18 0.36 15537 1655.71 0.18 2240903 410831.86 20.23 310 49.77 0.18 48246 10369.72 20.23 102 10 198 14688 1440 28512 23.1 24.0 23.76 0.01
130500.0 376 31.62 0.15 48982 4599.8 0.36 15595 1655.42 0.18 2256498 412487.28 20.23 370 49.77 0.18 48616 10419.49 20.23 102 10 198 14790 1450 28710 23.1 24.0 23.76 0.01
131400.0 354 32.25 0.36 49336 4632.05 0.36 15575 1655.4 0.18 2272073 414142.67 20.23 350 49.77 0.18 48966 10469.26 20.23 102 10 198 14892 1460 28908 23.1 24.0 23.76 0.01
132300.0 310 31.48 0.15 49646 4663.53 0.36 15534 1655.25 0.18 2287607 415797.93 20.23 310 49.76 0.18 49276 10519.02 20.23 102 10 198 14994 1470 29106 23.2 24.0 23.78 0.01
133200.0 310 31.48 0.15 49956 4695.01 0.36 15532 1655.23 0.18 2303139 417453.16 20.23 310 49.77 0.18 49586 10568.79 20.23 102 10 198 15096 1480 29304 23.2 24.0 23.8 0.01
134100.0 376 31.62 0.15 50332 4726.63 0.36 15592 1655.26 0.18 2318731 419108.42 20.23 370 49.77 0.18 49956 10618.56 20.23 102 10 198 15198 1490 29502 23.2 24.0 23.8 0.01
135000.0 354 32.25 0.36 50686 4758.88 0.36 15572 1655.24 0.18 2334303 420763.65 20.23 350 49.77 0.18 50306 10668.33 20.23 102 10 198 15300 1500 29700 23.2 24.0 23.8 0.01
135900.0 310 31.48 0.15 50996 4790.36 0.36 15528 1654.93 0.18 2349831 422418.59 20.23 310 49.76 0.18 50616 10718.09 20.23 102 10 198 15402 1510 29898 23.3 24.0 23.83 0.01
136800.0 310 31.48 0.15 51306 4821.84 0.36 15528 1654.91 0.18 2365359 424073.5 20.23 310 49.77 0.18 50926 10767.86 20.23 102 10 198 15504 1520 30096 23.3 24.0 23.84 0.01
137700.0 376 31.62 0.15 51682 4853.46 0.36 15587 1654.78 0.18 2380946 425728.28 20.23 370 49.77 0.18 51296 10817.62 20.23 102 10 198 15606 1530 30294 23.3 24.0 23.84 0.01
138600.0 354 32.25 0.36 52036 4885.71 0.36 15564 1654.44 0.18 2396510 427382.72 20.23 350 49.77 0.18 51646 10867.39 20.23 102 10 198 15708 1540 30492 23.3 24.0 23.84 0.01
139500.0 310 31.48 0.15 52346 4917.19 0.36 15524 1654.45 0.18 2412034 429037.17 20.23 310 49.76 0.18 51956 10917.16 20.23 102 10 198 15810 1550 30690 23.4 24.0 23.85 0.01
140400.0 310 31.48 0.15 52656 4948.67 0.36 15524 1654.43 0.18 2427558 430691.61 20.23 310 49.77 0.18 52266 10966.93 20.23 102 10 198 15912 1560 30888 23.4 24.0 23.86 0.01
141300.0 376 31.62 0.15 53032 4980.29 0.36 15583 1654.3 0.18 2443141 432345.9 20.23 370 49.77 0.18 52636 11016.69 20.23 102 10 198 16014 1570 31086 23.4 24.0 23.86 0.01
142200.0 354 32.25 0.36 53386 5012.54 0.36 15563 1654.28 0.18 2458704 434000.18 20.23 350 49.77 0.18 52986 11066.46 20.23 102 10 198 16116 1580 31284 23.4 24.0 23.86 0.01
143100.0 310 31.48 0.15 53696 5044.02 0.36 15522 1654.29 0.18 2474226 435654.47 20.23 310 49.76 0.18 53296 11116.23 20.23 102 10 198 16218 1590 31482 23.5 24.0 23.88 0.01
144000.0 310 31.48 0.15 54006 5075.5 0.36 15517 1654.27 0.18 2489743 437308.75 20.23 310 49.77 0.18 53606 11165.99 20.23 102 10 198 16320 1600 31680 23.5 24.0 23.88 0.01
144900.0 376 31.62 0.15 54382 5107.12 0.36 15577 1654.3 0.18 2505320 438963.05 20.23 370 49.77 0.18 53976 11215.76 20.23 102 10 198 16422 1610 31878 23.5 24.0 23.88 0.01
145800.0 354 32.25 0.36 54736 5139.37 0.36 15556 1654.28 0.18 2520876 440617.32 20.23 350 49.77 0.18 54326 11265.53 20.23 102 10 198 16524 1620 32076 23.5 24.0 23.88 0.01
146700.0 310 31.48 0.15 55046 5170.85 0.36 15514 1654.29 0.18 2536390 442271.62 20.23 310 49.76 0.18 54636 11315.29 20.23 102 10 198 16626 1630 32274 23.6 24.0 23.89 0.01
147600.0 310 31.48 0.15 55356 5202.32 0.36 15514 1654.27 0.18 2551904 443925.89 20.23 310 49.77 0.18 54946 11365.06 20.23 102 10 198 16728 1640 32472 23.6 24.0 23.89 0.01
148500.0 376 31.62 0.15 55732 5233.94 0.36 15574 1654.3 0.18 2567478 445580.19 20.23 370 49.77 0.18 55316 11414.83 20.23 102 10 198 16830 1650 32670 23.6 24.0 23.89 0.01
149400.0 354 32.25 0.36 56086 5266.2 0.36 15552 1654.11 0.18 2583030 447234.3 20.23 350 49.77 0.18 55666 11464.6 20.23 102 10 198 16932 1660 32868 23.6 24.0 23.89 0.01
150300.0 310 31.48 0.15 56396 5297.68 0.36 15512 1654.13 0.18 2598542 448888.44 20.23 310 49.76 0.18 55976 11514.36 20.23 102 10 198 17034 1670 33066 23.7 24.0 23.89 0.01
151200.0 310 31.48 0.15 56706 5329.15 0.36 15512 1654.11 0.18 2614054 450542.55 20.23 310 49.77 0.18 56286 11564.13 20.23 102 10 198 17136 1680 33264 23.7 24.0 23.89 0.01
152100.0 376 31.62 0.15 57082 5360.77 0.36 15567 1653.82 0.18 2629621 452196.37 20.23 370 49.77 0.18 56656 11613.9 20.23 102 10 198 17238 1690 33462 23.7 24.0 23.89 0.01
153000.0 354 32.25 0.36 57436 5393.03 0.36 15547 1653.8 0.18 2645168 453850.17 20.23 350 49.77 0.18 57006 11663.67 20.23 102 10 198 17340 1700 33660 23.7 24.0 23.89 0.01
153900.0 310 31.48 0.15 57746 5424.51 0.36 15507 1653.81 0.18 2660675 455503.98 20.23 310 49.76 0.18 57316 11713.43 20.23 102 10 198 17442 1710 33858 23.6 24.0 23.89 0.01
154800.0 310 31.48 0.15 58056 5455.98 0.36 15504 1653.79 0.18 2676179 457157.78 20.23 310 49.77 0.18 57626 11763.2 20.23 102 10 198 17544 1720 34056 23.6 24.0 23.89 0.01
155700.0 376 31.62 0.15 58432 5487.6 0.36 15564 1653.82 0.18 2691743 458811.59 20.23 370 49.77 0.18 57996 11812.96 20.23 102 10 198 17646 1730 34254 23.6 24.0 23.89 0.01
156600.0 354 32.25 0.36 58786 5519.86 0.36 15544 1653.79 0.18 2707287 460465.39 20.23 350 49.77 0.18 58346 11862.73 20.23 102 10 198 17748 1740 34452 23.6 24.0 23.89 0.01
157500.0 310 31.48 0.15 59096 5551.33 0.36 15503 1653.81 0.18 2722790 462119.2 20.23 310 49.76 0.18 58656 11912.5 20.23 102 10 198 17850 1750 34650 23.5 24.0 23.88 0.01
158400.0 310 31.48 0.15 59406 5582.81 0.36 15503 1653.79 0.18 2738293 463773.0 20.23 310 49.77 0.18 58966 11962.26 20.23 102 10 198 17952 1760 34848 23.5 24.0 23.88 0.01
159300.0 376 31.62 0.15 59782 5614.43 0.36 15561 1653.66 0.18 2753854 465426.66 20.23 370 49.77 0.18 59336 12012.03 20.23 102 10 198 18054 1770 35046 23.5 24.0 23.88 0.01
160200.0 354 32.25 0.36 60136 5646.69 0.36 15539 1653.64 0.18 2769393 467080.29 20.23 350 49.77 0.18 59686 12061.8 20.23 102 10 198 18156 1780 35244 23.5 24.0 23.88 0.01
161100.0 310 31.48 0.15 60446 5678.16 0.36 15498 1653.49 0.18 2784891 468733.79 20.23 310 49.76 0.18 59996 12111.57 20.23 102 10 198 18258 1790 35442 23.4 24.0 23.86 0.01
162000.0 310 31.48 0.15 60756 5709.64 0.36 15497 1653.47 0.18 2800388 470387.26 20.23 310 49.77 0.18 60306 12161.33 20.23 102 10 198 18360 1800 35640 23.4 24.0 23.86 0.01
162900.0 376 31.62 0.15 61132 5741.26 0.36 15552 1653.18 0.18 2815940 472040.44 20.23 370 49.77 0.18 60676 12211.1 20.23 102 10 198 18462 1810 35838 23.4 24.0 23.86 0.01
163800.0 354 32.25 0.36 61486 5773.51 0.36 15532 1653.15 0.18 2831472 473693.59 20.23 350 49.77 0.18 61026 12260.87 20.23 102 10 198 18564 1820 36036 23.4 24.0 23.86 0.01
164700.0 310 31.48 0.15 61796 5804.99 0.36 15491 1653.01 0.18 2846963 475346.6 20.23 310 49.76 0.18 61336 12310.63 20.23 102 10 198 18666 1830 36234 23.3 24.0 23.83 0.02
165600.0 310 31.48 0.15 62106 5836.47 0.36 15488 1652.83 0.18 2862451 476999.44 20.23 310 49.77 0.18 61646 12360.4 20.23 102 10 198 18768 1840 36432 23.3 24.0 23.83 0.02
166500.0 376 31.62 0.15 62482 5868.09 0.36 15548 1652.86 0.18 2877999 478652.3 20.23 370 49.77 0.18 62016 12410.17 20.23 102 10 198 18870 1850 36630 23.3 24.0 23.83 0.02
167400.0 354 32.25 0.36 62836 5900.34 0.36 15527 1652.84 0.18 2893526 480305.13 20.23 350 49.77 0.18 62366 12459.94 20.23 102 10 198 18972 1860 36828 23.3 24.0 23.83 0.02
168300.0 310 31.48 0.15 63146 5931.82 0.36 15483 1652.69 0.18 2909009 481957.83 20.23 310 49.76 0.18 62676 12509.7 20.23 102 10 198 19074 1870 37026 23.2 24.0 23.81 0.02
169200.0 310 31.48 0.15 63456 5963.3 0.36 15482 1652.51 0.18 2924491 483610.34 20.23 310 49.77 0.18 62986 12559.47 20.23 102 10 198 19176 1880 37224 23.2 24.0 23.8 0.02
170100.0 376 31.62 0.15 63832 5994.91 0.36 15541 1652.38 0.18 2940032 485262.72 20.23 370 49.77 0.18 63356 12609.24 20.23 102 10 198 19278 1890 37422 23.2 24.0 23.8 0.02
171000.0 354 32.25 0.36 64186 6027.17 0.36 15520 1652.35 0.18 2955552 486915.07 20.23 350 49.77 0.18 63706 12659.0 20.23 102 10 198 19380 1900 37620 23.2 24.0 23.8 0.02
171900.0 310 31.48 0.15 64496 6058.64 0.36 15480 1652.53 0.18 2971032 488567.6 20.23 310 49.76 0.18 64016 12708.77 20.23 102 10 198 19482 1910 37818 23.1 24.0 23.77 0.02
172800.0 310 31.48 0.15 64806 6090.12 0.36 15479 1652.51 0.18 2986511 490220.12 20.23 310 49.77 0.18 64326 12758.54 20.23 102 10 198 19584 1920 38016 23.1 24.0 23.75 0.02
173700.0 376 31.62 0.15 65182 6121.74 0.36 15536 1652.54 0.18 3002047 491872.66 20.23 370 49.77 0.18 64696 12808.3 20.23 102 10 198 19686 1930 38214 23.1 24.0 23.75 0.02
174600.0 354 32.25 0.36 65536 6154.0 0.36 15513 1652.36 0.18 3017560 493525.01 20.23 350 49.77 0.18 65046 12858.07 20.23 102 10 198 19788 1940 38412 23.1 24.0 23.75 0.02
175500.0 310 31.48 0.15 65846 6185.47 0.36 15473 1652.21 0.18 3033033 495177.23 20.23 310 49.76 0.18 65356 12907.84 20.23 102 10 198 19890 1950 38610 22.9 24.0 23.72 0.03
176400.0 310 31.48 0.15 66156 6216.95 0.36 15468 1652.19 0.18 3048501 496829.42 20.23 310 49.77 0.18 65666 12957.6 20.23 102 10 198 19992 1960 38808 22.9 24.0 23.69 0.03
177300.0 376 31.62 0.15 66532 6248.57 0.36 15525 1651.9 0.18 3064026 498481.32 20.23 370 49.77 0.18 66036 13007.37 20.23 102 10 198 20094 1970 39006 22.9 23.9 23.69 0.03
178200.0 354 32.25 0.36 66886 6280.82 0.36 15501 1651.72 0.18 3079527 500133.03 20.23 350 49.77 0.18 66386 13057.14 20.23 102 10 198 20196 1980 39204 22.9 23.9 23.69 0.03
179100.0 310 31.48 0.15 67196 6312.3 0.36 15464 1651.73 0.18 3094991 501784.77 20.23 310 49.76 0.18 66696 13106.91 20.23 102 10 198 20298 1990 39402 22.8 23.9 23.63 0.03
180000.0 310 31.48 0.15 67506 6343.78 0.36 15468 1652.19 0.18 3110459 503436.96 20.23 310 49.77 0.18 67006 13156.67 20.23 102 10 198 20400 2000 39600 22.8 23.9 23.6 0.02
180900.0 376 31.62 0.15 67882 6375.4 0.36 15526 1652.06 0.18 3125985 505089.02 20.23 370 49.77 0.18 67376 13206.44 20.23 102 10 198 20502 2010 39798 22.8 23.9 23.6 0.02
181800.0 354 32.25 0.36 68236 6407.65 0.36 15490 1651.56 0.18 3141475 506740.57 20.23 350 49.77 0.18 67726 13256.21 20.23 102 10 198 20604 2020 39996 22.8 23.9 23.6 0.02
182700.0 310 31.48 0.15 68546 6439.13 0.36 15454 1651.41 0.18 3156929 508391.99 20.23 310 49.76 0.18 68036 13305.97 20.23 102 10 198 20706 2030 40194 22.7 23.8 23.52 0.03
183600.0 310 31.48 0.15 68856 6470.61 0.36 15462 1652.03 0.18 3172391 510044.02 20.23 310 49.77 0.18 68346 13355.74 20.23 102 10 198 20808 2040 40392 22.7 23.8 23.46 0.02
184500.0 376 31.62 0.15 69232 6502.23 0.36 15519 1651.9 0.18 3187910 511695.92 20.23 370 49.77 0.18 68716 13405.51 20.23 102 10 198 20910 2050 40590 22.7 23.8 23.46 0.02
185400.0 354 32.25 0.36 69586 6534.48 0.36 15488 1651.24 0.18 3203398 513347.15 20.23 350 49.77 0.18 69066 13455.28 20.23 102 10 198 21012 2060 40788 22.7 23.8 23.46 0.02
186300.0 310 31.48 0.15 69896 6565.96 0.36 15453 1651.41 0.18 3218851 514998.57 20.23 310 49.76 0.18 69376 13505.04 20.23 102 10 198 21114 2070 40986 22.4 23.7 23.36 0.03
187200.0 310 31.48 0.15 70206 6597.44 0.36 15448 1651.07 0.18 3234299 516649.64 20.23 310 49.77 0.18 69686 13554.81 20.23 102 10 198 21216 2080 41184 22.4 23.7 23.28 0.02
188100.0 376 31.62 0.15 70582 6629.06 0.36 15508 1651.1 0.18 3249807 518300.74 20.23 370 49.77 0.18 70056 13604.58 20.23 102 10 198 21318 2090 41382 22.4 23.7 23.28 0.02
189000.0 354 32.25 0.36 70936 6661.31 0.36 15482 1650.92 0.18 3265289 519951.65 20.23 350 49.77 0.18 70406 13654.35 20.23 102 10 198 21420 2100 41580 22.4 23.7 23.28 0.02
189900.0 310 31.48 0.15 71246 6692.79 0.36 15445 1651.41 0.18 3280734 521603.07 20.23 310 49.76 0.18 70716 13704.11 20.23 102 10 198 21522 2110 41778 22.1 23.5 23.15 0.03
190800.0 310 31.48 0.15 71556 6724.27 0.36 15446 1651.39 0.18 3296180 523254.46 20.23 310 49.77 0.18 71026 13753.88 20.23 102 10 198 21624 2120 41976 22.1 23.5 23.03 0.03
191700.0 376 31.62 0.15 71932 6755.89 0.36 15506 1651.42 0.18 3311686 524905.88 20.23 370 49.77 0.18 71396 13803.65 20.23 102 10 198 21726 2130 42174 22.1 23.5 23.03 0.03
192600.0 354 32.25 0.36 72286 6788.14 0.36 15478 1651.08 0.18 3327164 526556.95 20.23 350 49.77 0.18 71746 13853.42 20.23 102 10 198 21828 2140 42372 22.1 23.5 23.03 0.03
193500.0 310 31.48 0.15 72596 6819.62 0.36 15445 1651.09 0.18 3342609 528208.05 20.23 310 49.76 0.18 72056 13903.18 20.23 102 10 198 21930 2150 42570 22.0 23.3 22.88 0.03
194400.0 310 31.48 0.15 72906 6851.09 0.36 15444 1650.91 0.18 3358053 529858.96 20.23 310 49.77 0.18 72366 13952.95 20.23 102 10 198 22032 2160 42768 22.0 23.3 22.75 0.03
195300.0 376 31.62 0.15 73282 6882.71 0.36 15494 1650.14 0.18 3373547 531509.1 20.23 370 49.77 0.18 72736 14002.71 20.23 102 10 198 22134 2170 42966 22.0 23.3 22.75 0.03
196200.0 354 32.25 0.36 73636 6914.97 0.36 15471 1649.96 0.18 3389018 533159.05 20.23 350 49.77 0.18 73086 14052.48 20.23 102 10 198 22236 2180 43164 22.0 23.3 22.74 0.03
197100.0 310 31.48 0.15 73946 6946.45 0.36 15439 1650.45 0.18 3404457 534809.51 20.23 310 49.76 0.18 73396 14102.25 20.23 102 10 198 22338 2190 43362 22.0 23.1 22.58 0.02
198000.0 310 31.48 0.15 74256 6977.92 0.36 15396 1647.71 0.18 3419853 536457.22 20.23 310 49.77 0.18 73706 14152.02 20.23 102 10 198 22440 2200 43560 22.0 23.1 22.44 0.03
198900.0 376 31.62 0.15 74632 7009.54 0.36 15456 1647.74 0.18 3435309 538104.96 20.23 370 49.77 0.18 74076 14201.78 20.23 102 10 198 22542 2210 43758 22.0 23.1 22.44 0.03
199800.0 354 32.25 0.36 74986 7041.8 0.36 15435 1647.71 0.18 3450744 539752.67 20.23 350 49.77 0.18 74426 14251.55 20.23 102 10 198 22644 2220 43956 22.0 23.1 22.44 0.03
200700.0 310 31.48 0.15 75296 7073.27 0.36 15399 1648.21 0.18 3466143 541400.88 20.23 310 49.76 0.18 74736 14301.32 20.23 102 10 198 22746 2230 44154 22.0 22.8 22.27 0.02
201600.0 310 31.48 0.15 75606 7104.75 0.36 15408 1648.35 0.18 3481551 543049.24 20.23 310 49.77 0.18 75046 14351.08 20.23 102 10 198 22848 2240 44352 22.0 22.8 22.2 0.02
202500.0 376 31.62 0.15 75982 7136.37 0.36 15467 1648.38 0.18 3497018 544697.61 20.23 370 49.77 0.18 75416 14400.85 20.23 102 10 198 22950 2250 44550 22.0 22.8 22.2 0.02
203400.0 354 32.25 0.36 76336 7168.63 0.36 15442 1648.03 0.18 3512460 546345.65 20.23 350 49.77 0.18 75766 14450.62 20.23 102 10 198 23052 2260 44748 22.0 22.8 22.19 0.02
204300.0 310 31.48 0.15 76646 7200.1 0.36 15407 1648.21 0.18 3527867 547993.86 20.23 310 49.76 0.18 76076 14500.38 20.23 102 10 198 23154 2270 44946 22.0 22.6 22.07 0.01
205200.0 310 31.48 0.15 76956 7231.58 0.36 15405 1648.03 0.18 3543272 549641.89 20.23 310 49.77 0.18 76386 14550.15 20.23 102 10 198 23256 2280 45144 22.0 22.6 22.07 0.01
206100.0 376 31.62 0.15 77332 7263.2 0.36 15464 1647.9 0.18 3558736 551289.79 20.23 370 49.77 0.18 76756 14599.92 20.23 102 10 198 23358 2290 45342 22.0 22.6 22.07 0.01
207000.0 354 32.25 0.36 77686 7295.45 0.36 15431 1647.23 0.18 3574167 552937.02 20.23 350 49.77 0.18 77106 14649.69 20.23 102 10 198 23460 2300 45540 22.0 22.6 22.07 0.01
207900.0 310 31.48 0.15 77996 7326.93 0.36 15398 1647.89 0.18 3589565 554584.92 20.23 310 49.76 0.18 77416 14699.45 20.23 102 10 198 23562 2310 45738 22.0 22.2 22.03 0.0
208800.0 310 31.48 0.15 78306 7358.41 0.36 15395 1647.87 0.18 3604960 556232.79 20.23 310 49.77 0.18 77726 14749.22 20.23 102 10 198 23664 2320 45936 22.0 22.2 22.03 0.0
209700.0 376 31.62 0.15 78682 7390.03 0.36 15452 1647.9 0.18 3620412 557880.69 20.23 370 49.77 0.18 78096 14798.99 20.23 102 10 198 23766 2330 46134 22.0 22.2 22.03 0.0
210600.0 354 32.25 0.36 79036 7422.28 0.36 15421 1647.23 0.18 3635833 559527.92 20.23 350 49.77 0.18 78446 14848.76 20.23 102 10 198 23868 2340 46332 22.0 22.2 22.03 0.0
211500.0 310 31.48 0.15 79346 7453.76 0.36 15386 1647.73 0.18 3651219 561175.66 20.23 310 49.76 0.18 78756 14898.52 20.23 102 10 198 23970 2350 46530 22.0 22.0 22.0 0.0
212400.0 310 31.48 0.15 79656 7485.24 0.36 15386 1647.71 0.18 3666605 562823.37 20.23 310 49.77 0.18 79066 14948.29 20.23 102 10 198 24072 2360 46728 22.0 22.0 22.0 0.0
213300.0 376 31.62 0.15 80032 7516.85 0.36 15443 1647.58 0.18 3682048 564470.94 20.23 370 49.77 0.18 79436 14998.05 20.23 102 10 198 24174 2370 46926 22.0 22.0 22.0 0.0
214200.0 354 32.25 0.36 80386 7549.11 0.36 15409 1646.75 0.18 3697457 566117.7 20.23 350 49.77 0.18 79786 15047.82 20.23 102 10 198 24276 2380 47124 22.0 22.0 22.0 0.0
215100.0 310 31.48 0.15 80696 7580.58 0.36 15367 1646.77 0.18 3712824 567764.47 20.23 310 49.76 0.18 80096 15097.59 20.23 102 10 198 24378 2390 47322 22.0 22.0 22.0 0.0
216000.0 310 31.48 0.15 81006 7612.06 0.36 15363 1646.27 0.18 3728187 569410.74 20.23 310 49.77 0.18 80406 15147.35 20.23 102 10 198 24480 2400 47520 22.0 22.0 22.0 0.0
216900.0 376 31.62 0.15 81382 7643.68 0.36 15422 1646.3 0.18 3743609 571057.04 20.23 370 49.77 0.18 80776 15197.12 20.23 102 10 198 24582 2410 47718 22.0 22.0 22.0 0.0
217800.0 354 32.25 0.36 81736 7675.94 0.36 15399 1646.27 0.18 3759008 572703.31 20.23 350 49.77 0.18 81126 15246.89 20.23 102 10 198 24684 2420 47916 22.0 22.0 22.0 0.0
218700.0 310 31.48 0.15 82046 7707.41 0.36 15356 1646.13 0.18 3774364 574349.45 20.23 310 49.76 0.18 81436 15296.66 20.23 102 10 198 24786 2430 48114 22.0 22.0 22.0 0.0
219600.0 310 31.48 0.15 82356 7738.89 0.36 15354 1645.95 0.18 3789718 575995.4 20.23 310 49.77 0.18 81746 15346.42 20.23 102 10 198 24888 2440 48312 22.0 22.0 22.0 0.0
220500.0 376 31.62 0.15 82732 7770.51 0.36 15408 1645.82 0.18 3805126 577641.22 20.23 370 49.77 0.18 82116 15396.19 20.23 102 10 198 24990 2450 48510 22.0 22.0 22.0 0.0
221400.0 354 32.26 0.36 83086 7802.77 0.36 15386 1646.92 0.18 3820512 579288.14 20.23 350 49.8 0.18 82466 15445.99 20.23 102 10 198 25092 2460 48708 21.3 22.0 22.0 0.0
222300.0 310 31.48 0.15 83396 7834.25 0.36 15441 1653.03 0.18 3835953 580941.17 20.23 310 49.81 0.18 82776 15495.8 20.23 102 10 198 25194 2470 48906 20.4 22.0 21.3 0.06
223200.0 310 31.48 0.15 83706 7865.73 0.36 15475 1654.61 0.18 3851428 582595.77 20.23 310 49.81 0.18 83086 15545.61 20.23 102 10 198 25296 2480 49104 19.9 22.0 20.58 0.16
224100.0 376 31.62 0.15 84082 7897.35 0.36 15535 1654.64 0.18 3866963 584250.41 20.23 370 49.81 0.18 83456 15595.42 20.23 102 10 198 25398 2490 49302 19.8 21.8 20.57 0.15
225000.0 354 32.26 0.36 84436 7929.61 0.36 15516 1654.28 0.18 3882479 585904.69 20.23 350 49.81 0.18 83806 15645.23 20.23 102 10 198 25500 2500 49500 19.8 21.8 20.57 0.15
225900.0 310 31.48 0.15 84746 7961.08 0.36 15476 1654.53 0.18 3897955 587559.22 20.23 310 49.81 0.18 84116 15695.04 20.23 102 10 198 25602 2510 49698 19.8 21.7 20.51 0.13
226800.0 310 31.48 0.15 85056 7992.56 0.36 15479 1654.82 0.18 3913434 589214.04 20.23 310 49.81 0.18 84426 15744.84 20.23 102 10 198 25704 2520 49896 19.8 21.7 20.48 0.16
227700.0 376 31.62 0.15 85432 8024.19 0.36 15538 1654.69 0.18 3928972 590868.74 20.23 370 49.81 0.18 84796 15794.65 20.23 102 10 198 25806 2530 50094 19.8 21.7 20.48 0.16
228600.0 354 32.26 0.36 85786 8056.44 0.36 15515 1655.07 0.18 3944487 592523.81 20.23 350 49.82 0.18 85146 15844.47 20.23 102 10 198 25908 2540 50292 19.8 21.7 20.48 0.16
229500.0 310 31.48 0.15 86096 8087.92 0.36 15476 1654.28 0.18 3959963 594178.09 20.23 310 49.8 0.18 85456 15894.28 20.23 102 10 198 26010 2550 50490 19.8 21.6 20.45 0.15
230400.0 310 31.48 0.15 86406 8119.4 0.36 15477 1654.42 0.18 3975440 595832.51 20.23 310 49.81 0.18 85766 15944.08 20.23 102 10 198 26112 2560 50688 19.8 21.6 20.46 0.15
231300.0 376 31.62 0.15 86782 8151.02 0.36 15534 1654.44 0.18 3990974 597486.95 20.23 370 49.81 0.18 86136 15993.89 20.23 102 10 198 26214 2570 50886 19.8 21.6 20.46 0.15
232200.0 354 32.26 0.36 87136 8183.28 0.36 15512 1654.16 0.18 4006486 599141.11 20.23 350 49.8 0.18 86486 16043.69 20.23 102 10 198 26316 2580 51084 19.8 21.6 20.46 0.15
233100.0 310 31.48 0.15 87446 8214.76 0.36 15473 1654.53 0.18 4021959 600795.64 20.23 310 49.81 0.18 86796 16093.5 20.23 102 10 198 26418 2590 51282 19.8 21.5 20.49 0.16
234000.0 310 31.48 0.15 87756 8246.24 0.36 15473 1654.49 0.18 4037432 602450.13 20.23 310 49.81 0.18 87106 16143.31 20.23 102 10 198 26520 2600 51480 19.8 21.5 20.5 0.15
234900.0 376 31.62 0.15 88132 8277.86 0.36 15532 1654.37 0.18 4052964 604104.51 20.23 370 49.81 0.18 87476 16193.12 20.23 102 10 198 26622 2610 51678 19.8 21.5 20.5 0.15
235800.0 354 32.26 0.36 88486 8310.12 0.36 15508 1654.02 0.18 4068472 605758.53 20.23 350 49.8 0.18 87826 16242.93 20.23 102 10 198 26724 2620 51876 19.8 21.5 20.5 0.15
236700.0 310 31.48 0.15 88796 8341.6 0.36 15469 1653.02 0.18 4083941 607411.55 20.23 310 49.78 0.18 88136 16292.71 20.23 102 10 198 26826 2630 52074 19.8 21.4 20.51 0.16
237600.0 310 31.48 0.15 89106 8373.08 0.36 15468 1653.32 0.18 4099409 609064.87 20.23 310 49.78 0.18 88446 16342.49 20.23 102 10 198 26928 2640 52272 19.8 21.4 20.55 0.14
238500.0 376 31.62 0.15 89482 8404.69 0.36 15526 1653.18 0.18 4114935 610718.05 20.23 370 49.78 0.18 88816 16392.28 20.23 102 10 198 27030 2650 52470 19.7 21.4 20.55 0.14
239400.0 354 32.26 0.36 89836 8436.95 0.36 15500 1654.04 0.18 4130435 612372.09 20.23 350 49.8 0.18 89166 16442.08 20.23 102 10 198 27132 2660 52668 19.7 21.4 20.55 0.14
240300.0 310 31.48 0.15 90146 8468.43 0.36 15458 1653.26 0.18 4145893 614025.35 20.23 310 49.8 0.18 89476 16491.87 20.23 102 10 198 27234 2670 52866 19.7 21.6 20.57 0.16
241200.0 310 31.48 0.15 90456 8499.91 0.36 15454 1652.59 0.18 4161347 615677.95 20.23 310 49.8 0.18 89786 16541.67 20.23 102 10 198 27336 2680 53064 19.7 21.6 20.6 0.15
242100.0 376 31.62 0.15 90832 8531.53 0.36 15510 1652.15 0.18 4176857 617330.09 20.23 370 49.8 0.18 90156 16591.47 20.23 102 10 198 27438 2690 53262 19.7 21.6 20.6 0.15
243000.0 354 32.26 0.36 91186 8563.79 0.36 15489 1652.04 0.18 4192346 618982.13 20.23 350 49.8 0.18 90506 16641.27 20.23 102 10 198 27540 2700 53460 19.7 21.6 20.6 0.15
243900.0 310 31.48 0.15 91496 8595.27 0.36 15447 1652.77 0.18 4207793 620634.9 20.23 310 49.8 0.18 90816 16691.07 20.23 102 10 198 27642 2710 53658 19.7 21.8 20.61 0.16
244800.0 310 31.48 0.15 91806 8626.75 0.36 15452 1653.38 0.18 4223245 622288.28 20.23 310 49.81 0.18 91126 16740.87 20.23 102 10 198 27744 2720 53856 19.7 21.8 20.64 0.16
245700.0 376 31.62 0.15 92182 8658.37 0.36 15511 1653.25 0.18 4238756 623941.54 20.23 370 49.8 0.18 91496 16790.68 20.23 102 10 198 27846 2730 54054 19.6 21.8 20.64 0.16
246600.0 354 32.26 0.36 92536 8690.62 0.36 15471 1652.46 0.18 4254227 625594.0 20.23 350 49.81 0.18 91846 16840.49 20.23 102 10 198 27948 2740 54252 19.6 21.8 20.64 0.16
247500.0 310 31.48 0.15 92846 8722.1 0.36 15444 1652.33 0.18 4269671 627246.33 20.23 310 49.8 0.18 92156 16890.29 20.23 102 10 198 28050 2750 54450 19.6 21.9 20.6 0.16
248400.0 310 31.48 0.15 93156 8753.58 0.36 15445 1652.13 0.18 4285116 628898.46 20.23 310 49.8 0.18 92466 16940.09 20.23 102 10 198 28152 2760 54648 19.6 21.9 20.62 0.16
249300.0 376 31.62 0.15 93532 8785.2 0.36 15500 1651.85 0.18 4300616 630550.32 20.23 370 49.8 0.18 92836 16989.89 20.23 102 10 198 28254 2770 54846 19.5 21.9 20.62 0.17
250200.0 354 32.26 0.36 93886 8817.46 0.36 15458 1650.85 0.18 4316074 632201.16 20.23 350 49.8 0.18 93186 17039.68 20.23 102 10 198 28356 2780 55044 19.5 21.9 20.62 0.17
251100.0 310 31.48 0.15 94196 8848.94 0.36 15434 1652.08 0.18 4331508 633853.25 20.23 310 49.8 0.18 93496 17089.48 20.23 102 10 198 28458 2790 55242 19.5 22.0 20.58 0.18
252000.0 310 31.48 0.15 94506 8880.42 0.36 15440 1652.22 0.18 4346948 635505.47 20.23 310 49.8 0.18 93806 17139.28 20.23 102 10 198 28560 2800 55440 19.5 22.0 20.56 0.2
252900.0 376 31.62 0.15 94882 8912.04 0.36 15500 1652.25 0.18 4362448 637157.72 20.23 370 49.8 0.18 94176 17189.08 20.23 102 10 198 28662 2810 55638 19.5 22.0 20.56 0.2
253800.0 354 32.26 0.36 95236 8944.3 0.36 15462 1651.39 0.18 4377910 638809.11 20.23 350 49.8 0.18 94526 17238.89 20.23 102 10 198 28764 2820 55836 19.5 22.0 20.56 0.2
254700.0 310 31.48 0.15 95546 8975.78 0.36 15477 1654.51 0.18 4393387 640463.62 20.23 310 49.8 0.18 94836 17288.69 20.23 102 10 198 28866 2830 56034 19.5 21.8 20.43 0.2
255600.0 310 31.48 0.15 95856 9007.26 0.36 15481 1654.65 0.18 4408868 642118.27 20.23 310 49.8 0.18 95146 17338.49 20.23 102 10 198 28968 2840 56232 19.5 21.8 20.4 0.21
256500.0 376 31.62 0.15 96232 9038.88 0.36 15541 1654.67 0.18 4424409 643772.94 20.23 370 49.8 0.18 95516 17388.29 20.23 102 10 198 29070 2850 56430 19.3 21.8 20.39 0.21
257400.0 354 32.26 0.36 96586 9071.13 0.36 15491 1652.17 0.18 4439900 645425.11 20.23 350 49.8 0.18 95866 17438.08 20.23 102 10 198 29172 2860 56628 19.3 21.8 20.39 0.21
258300.0 310 31.48 0.15 96896 9102.61 0.36 15492 1655.08 0.18 4455392 647080.19 20.23 310 49.8 0.18 96176 17487.88 20.23 102 10 198 29274 2870 56826 19.3 21.8 20.23 0.21
259200.0 310 31.48 0.15 97206 9134.09 0.36 15496 1655.22 0.18 4470888 648735.41 20.23 310 49.8 0.18 96486 17537.69 20.23 102 10 198 29376 2880 57024 19.3 21.8 20.15 0.23
260100.0 376 31.62 0.15 97582 9165.71 0.36 15556 1655.25 0.18 4486444 650390.65 20.23 370 49.8 0.18 96856 17587.49 20.23 102 10 198 29478 2890 57222 19.2 21.6 20.15 0.23
261000.0 356 32.32 0.36 97938 9198.04 0.36 15843 161646.38 20.24 4502287 812037.03 20.24 352 3206.9 20.24 97208 20794.39 20.24 102 10 198 29580 2900 57420 19.2 21.6 20.15 0.23
261900.0 310 31.48 0.15 98248 9229.51 0.36 15518 1656.75 0.18 4517805 813693.78 20.24 310 49.81 0.18 97518 20844.2 20.24 102 10 198 29682 2910 57618 18.9 21.6 19.76 0.24
262800.0 310 31.48 0.15 98558 9260.99 0.36 15522 1656.72 0.18 4533327 815350.5 20.24 310 49.81 0.18 97828 20894.02 20.24 102 10 198 29784 2920 57816 18.9 21.6 19.63 0.24
263700.0 376 31.62 0.15 98934 9292.61 0.36 15582 1656.79 0.18 4548909 817007.29 20.24 370 49.81 0.18 98198 20943.83 20.24 102 10 198 29886 2930 58014 18.9 20.8 19.63 0.23
264600.0 356 32.33 0.36 99290 9324.95 0.36 15873 161494.49 20.22 4564782 978501.78 20.24 352 3203.21 20.22 98550 24147.04 20.24 102 10 198 29988 2940 58212 18.9 20.8 19.63 0.23
265500.0 310 31.5 0.15 99600 9356.45 0.36 15555 1679.15 0.19 4580337 980180.93 20.24 310 50.2 0.19 98860 24197.25 20.24 102 10 198 30090 2950 58410 17.3 20.2 18.27 0.25
266400.0 310 31.5 0.15 99910 9387.95 0.36 15566 1679.75 0.19 4595903 981860.68 20.24 310 50.2 0.19 99170 24247.45 20.24 102 10 198 30192 2960 58608 17.3 18.8 17.81 0.02
267300.0 376 31.64 0.15 100286 9419.59 0.36 15626 1679.84 0.19 4611529 983540.52 20.24 370 50.21 0.19 99540 24297.65 20.24 102 10 198 30294 2970 58806 17.3 18.8 17.81 0.02
268200.0 356 32.34 0.36 100642 9451.93 0.36 15915 161652.94 20.24 4627444 1145193.46 20.24 352 3207.58 20.24 99892 27505.24 20.24 102 10 198 30396 2980 59004 17.3 18.8 17.81 0.02
269100.0 310 31.5 0.15 100952 9483.43 0.36 15574 1678.01 0.19 4643018 1146871.47 20.24 310 50.16 0.19 100202 27555.4 20.24 102 10 198 30498 2990 59202 17.3 18.7 17.78 0.02
270000.0 310 31.5 0.15 101262 9514.93 0.36 15574 1678.0 0.19 4658592 1148549.47 20.24 310 50.16 0.19 100512 27605.55 20.24 102 10 198 30600 3000 59400 17.3 18.7 17.77 0.02
270900.0 376 31.64 0.15 101638 9546.57 0.36 15634 1678.05 0.19 4674226 1150227.52 20.24 370 50.16 0.19 100882 27655.71 20.24 102 10 198 30702 3010 59598 17.3 18.7 17.77 0.02
271800.0 354 32.27 0.36 101992 9578.84 0.36 15610 1676.63 0.19 4689836 1151904.15 20.24 350 50.14 0.19 101232 27705.86 20.24 102 10 198 30804 3020 59796 17.3 18.7 17.77 0.02
272700.0 310 31.5 0.15 102302 9610.34 0.36 15572 1676.96 0.19 4705408 1153581.1 20.24 310 50.14 0.19 101542 27755.99 20.24 102 10 198 30906 3030 59994 17.3 18.6 17.75 0.02
273600.0 310 31.5 0.15 102612 9641.84 0.36 15572 1676.95 0.19 4720980 1155258.05 20.24 310 50.14 0.19 101852 27806.13 20.24 102 10 198 31008 3040 60192 17.3 18.6 17.74 0.02
274500.0 376 31.64 0.15 102988 9673.48 0.36 15630 1677.0 0.19 4736610 1156935.05 20.24 370 50.14 0.19 102222 27856.28 20.24 102 10 198 31110 3050 60390 17.3 18.6 17.74 0.02
275400.0 354 32.28 0.36 103342 9705.75 0.36 15608 1678.39 0.19 4752218 1158613.44 20.24 350 50.18 0.19 102572 27906.45 20.24 102 10 198 31212 3060 60588 17.3 18.6 17.74 0.02
276300.0 310 31.5 0.15 103652 9737.25 0.36 15569 1676.24 0.19 4767787 1160289.68 20.24 310 50.13 0.19 102882 27956.58 20.24 102 10 198 31314 3070 60786 17.3 18.5 17.72 0.02
277200.0 310 31.5 0.15 103962 9768.75 0.36 15572 1676.71 0.19 4783359 1161966.39 20.24 310 50.13 0.19 103192 28006.72 20.24 102 10 198 31416 3080 60984 17.3 18.5 17.71 0.02
278100.0 376 31.64 0.15 104338 9800.39 0.36 15632 1676.72 0.19 4798991 1163643.12 20.24 370 50.13 0.19 103562 28056.85 20.24 102 10 198 31518 3090 61182 17.3 18.5 17.71 0.02
279000.0 354 32.27 0.36 104692 9832.67 0.36 15608 1675.3 0.19 4814599 1165318.42 20.24 350 50.11 0.19 103912 28106.96 20.24 102 10 198 31620 3100 61380 17.3 18.5 17.71 0.02
279900.0 310 31.5 0.15 105002 9864.16 0.36 15565 1677.2 0.19 4830164 1166995.62 20.24 310 50.16 0.19 104222 28157.12 20.24 102 10 198 31722 3110 61578 17.3 18.4 17.7 0.02
280800.0 310 31.5 0.15 105312 9895.66 0.36 15566 1677.36 0.19 4845730 1168672.98 20.24 310 50.16 0.19 104532 28207.28 20.24 102 10 198 31824 3120 61776 17.3 18.4 17.69 0.02
281700.0 376 31.64 0.15 105688 9927.3 0.36 15624 1677.09 0.19 4861354 1170350.07 20.24 370 50.16 0.19 104902 28257.44 20.24 102 10 198 31926 3130 61974 17.3 18.4 17.69 0.02
282600.0 354 32.28 0.36 106042 9959.58 0.36 15598 1675.92 0.19 4876952 1172025.99 20.24 350 50.14 0.19 105252 28307.58 20.24 102 10 198 32028 3140 62172 17.3 18.4 17.69 0.02
283500.0 310 31.5 0.15 106352 9991.08 0.36 15560 1673.93 0.19 4892512 1173699.92 20.24 310 50.09 0.19 105562 28357.66 20.24 102 10 198 32130 3150 62370 17.3 18.3 17.68 0.01
284400.0 310 31.5 0.15 106662 10022.57 0.36 15557 1673.6 0.19 4908069 1175373.52 20.24 310 50.09 0.19 105872 28407.75 20.24 102 10 198 32232 3160 62568 17.3 18.3 17.68 0.01
285300.0 376 31.64 0.15 107038 10054.21 0.36 15617 1673.65 0.19 4923686 1177047.17 20.24 370 50.09 0.19 106242 28457.84 20.24 102 10 198 32334 3170 62766 17.3 18.3 17.68 0.01
286200.0 354 32.27 0.36 107392 10086.49 0.36 15596 1673.85 0.19 4939282 1178721.02 20.24 350 50.1 0.19 106592 28507.95 20.24 102 10 198 32436 3180 62964 17.3 18.3 17.67 0.01
287100.0 310 31.49 0.15 107702 10117.98 0.36 15562 1673.78 0.19 4954844 1180394.8 20.24 310 50.09 0.19 106902 28558.04 20.24 102 10 198 32538 3190 63162 17.3 18.2 17.67 0.01
288000.0 310 31.49 0.15 108012 10149.48 0.36 15555 1673.13 0.19 4970399 1182067.93 20.24 310 50.09 0.19 107212 28608.13 20.24 102 10 198 32640 3200 63360 17.3 18.2 17.67 0.01
288900.0 376 31.64 0.15 108388 10181.11 0.36 15615 1673.19 0.19 4986014 1183741.13 20.24 370 50.09 0.19 107582 28658.22 20.24 102 10 198 32742 3210 63558 17.3 18.2 17.67 0.01
289800.0 354 32.28 0.36 108742 10213.39 0.36 15593 1675.27 0.19 5001607 1185416.4 20.24 350 50.14 0.19 107932 28708.36 20.24 102 10 198 32844 3220 63756 17.3 18.2 17.67 0.01
290700.0 310 31.5 0.15 109052 10244.89 0.36 15561 1677.93 0.19 5017168 1187094.33 20.24 310 50.17 0.19 108242 28758.53 20.24 102 10 198 32946 3230 63954 17.3 18.1 17.66 0.01
291600.0 310 31.5 0.15 109362 10276.39 0.36 15554 1677.27 0.19 5032722 1188771.6 20.24 310 50.17 0.19 108552 28808.7 20.24 102 10 198 33048 3240 64152 17.3 18.1 17.66 0.01
292500.0 376 31.65 0.15 109738 10308.04 0.36 15613 1677.18 0.19 5048335 1190448.77 20.24 370 50.18 0.19 108922 28858.88 20.24 102 10 198 33150 3250 64350 17.3 18.1 17.66 0.01
293400.0 354 32.28 0.36 110092 10340.32 0.36 15592 1677.11 0.19 5063927 1192125.89 20.24 350 50.18 0.19 109272 28909.05 20.24 102 10 198 33252 3260 64548 17.3 18.1 17.66 0.01
294300.0 310 31.5 0.15 110402 10371.82 0.36 15557 1675.69 0.19 5079484 1193801.58 20.24 310 50.13 0.19 109582 28959.19 20.24 102 10 198 33354 3270 64746 17.4 18.0 17.66 0.01
295200.0 310 31.5 0.15 110712 10403.32 0.36 15553 1675.35 0.19 5095037 1195476.92 20.24 310 50.13 0.19 109892 29009.32 20.24 102 10 198 33456 3280 64944 17.4 18.0 17.66 0.01
296100.0 376 31.64 0.15 111088 10434.96 0.36 15613 1675.42 0.19 5110650 1197152.34 20.24 370 50.14 0.19 110262 29059.46 20.24 102 10 198 33558 3290 65142 17.4 18.0 17.66 0.01
297000.0 354 32.28 0.36 111442 10467.24 0.36 15593 1675.35 0.19 5126243 1198827.69 20.24 350 50.14 0.19 110612 29109.6 20.24 102 10 198 33660 3300 65340 17.4 18.0 17.66 0.01
297900.0 310 31.5 0.15 111752 10498.74 0.36 15550 1677.13 0.19 5141793 1200504.82 20.24 310 50.17 0.19 110922 29159.77 20.24 102 10 198 33762 3310 65538 17.4 18.0 17.65 0.01
298800.0 310 31.5 0.15 112062 10530.24 0.36 15548 1677.11 0.19 5157341 1202181.92 20.24 310 50.17 0.19 111232 29209.94 20.24 102 10 198 33864 3320 65736 17.4 18.0 17.66 0.01
299700.0 376 31.65 0.15 112438 10561.89 0.36 15608 1677.18 0.19 5172949 1203859.1 20.24 370 50.18 0.19 111602 29260.12 20.24 102 10 198 33966 3330 65934 17.4 18.0 17.66 0.01
300600.0 354 32.28 0.36 112792 10594.17 0.36 15582 1676.79 0.19 5188531 1205535.89 20.24 350 50.18 0.19 111952 29310.29 20.24 102 10 198 34068 3340 66132 17.4 18.0 17.66 0.01
301500.0 310 31.5 0.15 113102 10625.67 0.36 15550 1675.31 0.19 5204081 1207211.2 20.24 310 50.14 0.19 112262 29360.43 20.24 102 10 198 34170 3350 66330 17.4 17.9 17.66 0.0
302400.0 310 31.5 0.15 113412 10657.17 0.36 15547 1675.28 0.19 5219628 1208886.48 20.24 310 50.14 0.19 112572 29410.58 20.24 102 10 198 34272 3360 66528 17.4 17.9 17.67 0.01
303300.0 376 31.64 0.15 113788 10688.81 0.36 15604 1675.19 0.19 5235232 1210561.67 20.24 370 50.14 0.19 112942 29460.72 20.24 102 10 198 34374 3370 66726 17.4 17.9 17.67 0.01
304200.0 354 32.27 0.36 114142 10721.08 0.36 15577 1674.0 0.19 5250809 1212235.67 20.24 350 50.13 0.19 113292 29510.85 20.24 102 10 198 34476 3380 66924 17.4 17.9 17.67 0.01
305100.0 310 31.5 0.15 114452 10752.58 0.36 15540 1675.6 0.19 5266349 1213911.27 20.24 310 50.16 0.19 113602 29561.01 20.24 102 10 198 34578 3390 67122 17.4 17.8 17.66 0.01
306000.0 310 31.5 0.15 114762 10784.08 0.36 15537 1675.44 0.19 5281886 1215586.71 20.24 310 50.16 0.19 113912 29611.17 20.24 102 10 198 34680 3400 67320 17.4 17.9 17.66 0.01
306900.0 376 31.64 0.15 115138 10815.72 0.36 15597 1675.49 0.19 5297483 1217262.2 20.24 370 50.16 0.19 114282 29661.33 20.24 102 10 198 34782 3410 67518 17.4 17.9 17.66 0.01
307800.0 354 32.28 0.36 115492 10848.0 0.36 15574 1676.15 0.19 5313057 1218938.35 20.24 350 50.18 0.19 114632 29711.5 20.24 102 10 198 34884 3420 67716 17.4 17.9 17.66 0.01
308700.0 310 31.5 0.15 115802 10879.5 0.36 15537 1676.65 0.19 5328594 1220615.0 20.24 310 50.17 0.19 114942 29761.68 20.24 102 10 198 34986 3430 67914 17.4 17.9 17.66 0.01
309600.0 310 31.5 0.15 116112 10911.0 0.36 15537 1676.15 0.19 5344131 1222291.15 20.24 310 50.17 0.19 115252 29811.85 20.24 102 10 198 35088 3440 68112 17.4 17.9 17.67 0.01
310500.0 376 31.65 0.15 116488 10942.65 0.36 15594 1676.22 0.19 5359725 1223967.37 20.24 370 50.18 0.19 115622 29862.02 20.24 102 10 198 35190 3450 68310 17.4 17.9 17.67 0.01
311400.0 354 32.28 0.36 116842 10974.93 0.36 15563 1675.19 0.19 5375288 1225642.56 20.24 350 50.18 0.19 115972 29912.2 20.24 102 10 198 35292 3460 68508 17.4 17.9 17.67 0.01
312300.0 310 31.5 0.15 117152 11006.43 0.36 15519 1673.45 0.19 5390807 1227316.01 20.24 310 50.13 0.19 116282 29962.33 20.24 102 10 198 35394 3470 68706 17.4 17.9 17.67 0.01
313200.0 310 31.5 0.15 117462 11037.93 0.36 15524 1673.91 0.19 5406331 1228989.91 20.24 310 50.13 0.19 116592 30012.47 20.24 102 10 198 35496 3480 68904 17.3 18.0 17.68 0.01
314100.0 376 31.64 0.15 117838 11069.57 0.36 15581 1673.66 0.19 5421912 1230663.57 20.24 370 50.14 0.19 116962 30062.61 20.24 102 10 198 35598 3490 69102 17.3 18.0 17.68 0.01
315000.0 354 32.28 0.36 118192 11101.85 0.36 15558 1673.27 0.19 5437470 1232336.84 20.24 350 50.14 0.19 117312 30112.74 20.24 102 10 198 35700 3500 69300 17.3 18.0 17.68 0.01
315900.0 310 31.5 0.15 118502 11133.35 0.36 15519 1672.88 0.19 5452989 1234009.72 20.24 310 50.13 0.19 117622 30162.87 20.24 102 10 198 35802 3510 69498 17.3 18.0 17.69 0.01
316800.0 310 31.5 0.15 118812 11164.85 0.36 15527 1673.51 0.19 5468516 1235683.23 20.24 310 50.13 0.19 117932 30213.01 20.24 102 10 198 35904 3520 69696 17.3 18.1 17.7 0.02
317700.0 376 31.64 0.15 119188 11196.49 0.36 15583 1673.56 0.19 5484099 1237356.79 20.24 370 50.13 0.19 118302 30263.14 20.24 102 10 198 36006 3530 69894 17.3 18.1 17.7 0.02
318600.0 354 32.28 0.36 119542 11228.77 0.36 15552 1673.03 0.19 5499651 1239029.83 20.24 350 50.14 0.19 118652 30313.28 20.24 102 10 198 36108 3540 70092 17.3 18.1 17.7 0.02
319500.0 310 31.5 0.15 119852 11260.27 0.36 15503 1674.25 0.19 5515154 1240704.08 20.24 310 50.17 0.19 118962 30363.45 20.24 102 10 198 36210 3550 70290 17.3 18.1 17.7 0.02
320400.0 310 31.5 0.15 120162 11291.77 0.36 15505 1674.39 0.19 5530659 1242378.47 20.24 310 50.17 0.19 119272 30413.63 20.24 102 10 198 36312 3560 70488 17.3 18.2 17.71 0.02
321300.0 376 31.65 0.15 120538 11323.42 0.36 15564 1674.46 0.19 5546223 1244052.92 20.24 370 50.18 0.19 119642 30463.8 20.24 102 10 198 36414 3570 70686 17.3 18.2 17.71 0.02
322200.0 354 32.27 0.36 120892 11355.69 0.36 15541 1669.78 0.19 5561764 1245722.71 20.24 350 50.09 0.19 119992 30513.89 20.24 102 10 198 36516 3580 70884 17.3 18.2 17.71 0.02
323100.0 310 31.49 0.15 121202 11387.18 0.36 15500 1668.36 0.19 5577264 1247391.07 20.24 310 50.05 0.19 120302 30563.94 20.24 102 10 198 36618 3590 71082 17.3 18.2 17.71 0.02
324000.0 310 31.49 0.15 121512 11418.67 0.36 15498 1668.34 0.19 5592762 1249059.41 20.24 310 50.06 0.19 120612 30614.0 20.24 102 10 198 36720 3600 71280 17.3 18.2 17.72 0.02
324900.0 376 31.63 0.15 121888 11450.3 0.36 15553 1668.24 0.19 5608315 1250727.66 20.24 370 50.06 0.19 120982 30664.05 20.24 102 10 198 36822 3610 71478 17.3 18.2 17.72 0.02
325800.0 354 32.28 0.36 122242 11482.58 0.36 15519 1671.44 0.19 5623834 1252399.1 20.24 350 50.15 0.19 121332 30714.2 20.24 102 10 198 36924 3620 71676 17.3 18.2 17.72 0.02
326700.0 310 31.5 0.15 122552 11514.08 0.36 15482 1672.97 0.19 5639316 1254072.06 20.24 310 50.17 0.19 121642 30764.37 20.24 102 10 198 37026 3630 71874 17.3 18.2 17.72 0.02
327600.0 310 31.5 0.15 122862 11545.59 0.36 15490 1673.59 0.19 5654806 1255745.65 20.24 310 50.17 0.19 121952 30814.54 20.24 102 10 198 37128 3640 72072 17.2 18.3 17.73 0.03
328500.0 376 31.65 0.15 123238 11577.23 0.36 15549 1673.5 0.19 5670355 1257419.15 20.24 370 50.18 0.19 122322 30864.72 20.24 102 10 198 37230 3650 72270 17.2 18.3 17.73 0.03
329400.0 354 32.28 0.36 123592 11609.51 0.36 15518 1672.79 0.19 5685873 1259091.94 20.24 350 50.18 0.19 122672 30914.9 20.24 102 10 198 37332 3660 72468 17.2 18.3 17.73 0.03
330300.0 310 31.5 0.15 123902 11641.01 0.36 15470 1672.01 0.19 5701343 1260763.95 20.24 310 50.17 0.19 122982 30965.07 20.24 102 10 198 37434 3670 72666 17.2 18.3 17.74 0.03
331200.0 310 31.5 0.15 124212 11672.52 0.36 15476 1671.83 0.19 5716819 1262435.77 20.24 310 50.17 0.19 123292 31015.24 20.24 102 10 198 37536 3680 72864 17.2 18.4 17.74 0.03
332100.0 376 31.65 0.15 124588 11704.16 0.36 15532 1671.74 0.19 5732351 1264107.51 20.24 370 50.18 0.19 123662 31065.42 20.24 102 10 198 37638 3690 73062 17.2 18.4 17.74 0.03
333000.0 354 32.27 0.36 124942 11736.44 0.36 15489 1669.36 0.19 5747840 1265776.87 20.24 350 50.16 0.19 124012 31115.58 20.24 102 10 198 37740 3700 73260 17.2 18.4 17.74 0.03
333900.0 310 31.5 0.15 125252 11767.93 0.36 15440 1669.52 0.19 5763280 1267446.39 20.24 310 50.16 0.19 124322 31165.73 20.24 102 10 198 37842 3710 73458 17.2 18.4 17.75 0.03
334800.0 310 31.5 0.15 125562 11799.43 0.36 15448 1670.32 0.19 5778728 1269116.71 20.24 310 50.16 0.19 124632 31215.89 20.24 102 10 198 37944 3720 73656 17.2 18.5 17.75 0.04
335700.0 376 31.64 0.15 125938 11831.07 0.36 15497 1670.05 0.19 5794225 1270786.76 20.24 370 50.16 0.19 125002 31266.05 20.24 102 10 198 38046 3730 73854 17.2 18.5 17.75 0.04
336600.0 354 32.28 0.36 126292 11863.35 0.36 15464 1670.07 0.19 5809689 1272456.83 20.24 350 50.18 0.19 125352 31316.23 20.24 102 10 198 38148 3740 74052 17.2 18.5 17.75 0.04
337500.0 310 31.5 0.15 126602 11894.85 0.36 15409 1669.13 0.19 5825098 1274125.96 20.24 310 50.17 0.19 125662 31366.4 20.24 102 10 198 38250 3750 74250 17.2 18.5 17.76 0.04
338400.0 310 31.5 0.15 126912 11926.36 0.36 15422 1669.91 0.19 5840520 1275795.87 20.24 310 50.17 0.19 125972 31416.58 20.24 102 10 198 38352 3760 74448 17.2 18.5 17.77 0.04
339300.0 376 31.65 0.15 127288 11958.0 0.36 15473 1669.5 0.19 5855993 1277465.36 20.24 370 50.18 0.19 126342 31466.75 20.24 102 10 198 38454 3770 74646 17.2 18.5 17.77 0.04
340200.0 354 32.27 0.36 127642 11990.27 0.36 15434 1666.55 0.19 5871427 1279131.91 20.24 350 50.14 0.19 126692 31516.89 20.24 102 10 198 38556 3780 74844 17.2 18.5 17.77 0.04
341100.0 310 31.5 0.15 127952 12021.77 0.36 15378 1665.91 0.19 5886805 1280797.82 20.24 310 50.14 0.19 127002 31567.03 20.24 102 10 198 38658 3790 75042 17.2 18.5 17.77 0.04
342000.0 310 31.5 0.15 128262 12053.27 0.36 15376 1665.9 0.19 5902181 1282463.73 20.24 310 50.14 0.19 127312 31617.17 20.24 102 10 198 38760 3800 75240 17.2 18.5 17.77 0.05
342900.0 376 31.64 0.15 128638 12084.91 0.36 15435 1665.92 0.19 5917616 1284129.64 20.24 370 50.14 0.19 127682 31667.31 20.24 102 10 198 38862 3810 75438 17.2 18.5 17.77 0.05
343800.0 354 32.27 0.36 128992 12117.18 0.36 15406 1663.47 0.19 5933022 1285793.11 20.24 350 50.1 0.19 128032 31717.41 20.24 102 10 198 38964 3820 75636 17.2 18.5 17.77 0.05
344700.0 310 31.5 0.15 129302 12148.67 0.36 15355 1662.83 0.19 5948377 1287455.94 20.24 310 50.1 0.19 128342 31767.51 20.24 102 10 198 39066 3830 75834 17.2 18.5 17.77 0.05
345600.0 310 31.5 0.15 129612 12180.17 0.36 15363 1662.99 0.19 5963740 1289118.93 20.24 310 50.1 0.19 128652 31817.61 20.24 102 10 198 39168 3840 76032 17.2 18.6 17.78 0.05
