# seed = 2, gamma = 1.0, beta = 0.33, dee = 10.0, dcc = 5.0, dec = 50.0, dsCnd = 150.0, dLocalhost = 0.02, hostBroker = EDGE 
#
# The columns have the following meaning: 
# instant[SECONDS] commCountUploadPartial delaySumUploadPartial[SECONDS] delayMaxUploadPartial[SECONDS] commCountUploadTot delaySumUploadTot[SECONDS] delayMaxUploadTot[SECONDS] commCountDownloadPartial delaySumDownloadPartial[SECONDS] delayMaxDownloadPartial[SECONDS] commCountDownloadTot delaySumDownloadTot[SECONDS] delayMaxDownloadTot[SECONDS] commCountDownloadMaxPartial delaySumDownloadMaxPartial[SECONDS] delayMaxDownloadMaxPartial[SECONDS] commCountDownloadMaxTot delaySumDownloadMaxTot[SECONDS] delayMaxDownloadMaxTot[SECONDS] runOnCloudPartial runOnEdgePartial runOnSmartphonePartial runOnCloudTot runOnEdgeTot runOnSmartphoneTot minTemp maxTemp avgTemp varianceTemp
0.0 0 0.0 0.0 0 0.0 0.0 0 0.0 0.0 0 0.0 0.0 0 0.0 0.0 0 0.0 0.0 0 0 0 0 0 0 17.0 25.0 21.0 0.0
900.0 376 26.79 0.16 376 26.79 0.16 15284 1441.48 0.2 15284 1441.48 0.2 370 52.88 0.19 370 52.88 0.19 201 10 99 201 10 99 18.9 21.0 19.35 0.75
1800.0 356 27.5 0.36 732 54.29 0.36 15569 150236.69 19.72 30853 151678.17 19.72 352 3055.76 19.72 722 3108.64 19.72 201 10 99 402 20 198 18.7 18.9 18.9 0.0
2700.0 310 26.67 0.16 1042 80.95 0.36 15222 1480.82 0.2 46075 153158.99 19.72 310 53.69 0.19 1032 3162.33 19.72 201 10 99 603 30 297 17.6 18.9 18.28 0.06
3600.0 310 26.67 0.16 1352 107.62 0.36 15221 1480.61 0.2 61296 154639.6 19.72 310 53.69 0.19 1342 3216.02 19.72 201 10 99 804 40 396 17.6 18.7 18.22 0.05
4500.0 376 26.81 0.16 1728 134.43 0.36 15277 1480.43 0.2 76573 156120.03 19.72 370 53.69 0.19 1712 3269.71 19.72 201 10 99 1005 50 495 17.6 18.7 18.22 0.05
5400.0 356 27.51 0.36 2084 161.93 0.36 15606 7605.45 19.82 92179 163725.48 19.82 352 73.59 19.82 2064 3343.3 19.82 201 10 99 1206 60 594 17.6 18.7 18.22 0.05
6300.0 310 26.67 0.16 2394 188.61 0.36 15297 1502.54 0.2 107476 165228.01 19.82 310 54.08 0.19 2374 3397.38 19.82 201 10 99 1407 70 693 17.6 18.7 18.23 0.05
7200.0 310 26.67 0.16 2704 215.28 0.36 15294 1501.93 0.2 122770 166729.95 19.82 310 54.08 0.19 2684 3451.47 19.82 201 10 99 1608 80 792 17.6 18.7 18.25 0.04
8100.0 376 26.82 0.16 3080 242.1 0.36 15352 1501.75 0.2 138122 168231.69 19.82 370 54.08 0.19 3054 3505.55 19.82 201 10 99 1809 90 891 17.6 18.7 18.25 0.04
9000.0 356 27.51 0.36 3436 269.6 0.36 15621 7597.08 19.78 153743 175828.77 19.82 352 73.62 19.78 3406 3579.17 19.82 201 10 99 2010 100 990 17.6 18.7 18.25 0.04
9900.0 310 26.67 0.16 3746 296.27 0.36 15254 1479.58 0.2 168997 177308.35 19.82 310 53.65 0.19 3716 3632.82 19.82 201 10 99 2211 110 1089 17.6 18.7 18.22 0.04
10800.0 310 26.67 0.16 4056 322.94 0.36 15263 1480.92 0.2 184260 178789.27 19.82 310 53.65 0.19 4026 3686.46 19.82 201 10 99 2412 120 1188 17.6 18.7 18.15 0.05
11700.0 376 26.81 0.16 4432 349.75 0.36 15321 1480.79 0.2 199581 180270.05 19.82 370 53.65 0.19 4396 3740.11 19.82 201 10 99 2613 130 1287 17.6 18.7 18.15 0.05
12600.0 354 27.45 0.36 4786 377.2 0.36 15284 1483.71 0.2 214865 181753.77 19.82 350 53.76 0.19 4746 3793.87 19.82 201 10 99 2814 140 1386 17.6 18.7 18.15 0.05
13500.0 310 26.67 0.16 5096 403.86 0.36 15205 1478.58 0.2 230070 183232.35 19.82 310 53.76 0.19 5056 3847.63 19.82 201 10 99 3015 150 1485 17.6 18.7 18.14 0.05
14400.0 310 26.67 0.16 5406 430.53 0.36 15207 1479.11 0.2 245277 184711.47 19.82 310 53.76 0.19 5366 3901.39 19.82 201 10 99 3216 160 1584 17.6 18.7 18.13 0.05
15300.0 376 26.81 0.16 5782 457.35 0.36 15266 1478.99 0.2 260543 186190.45 19.82 370 53.76 0.19 5736 3955.16 19.82 201 10 99 3417 170 1683 17.6 18.7 18.13 0.05
16200.0 354 27.44 0.36 6136 484.79 0.36 15237 1473.33 0.2 275780 187663.78 19.82 350 53.68 0.19 6086 4008.83 19.82 201 10 99 3618 180 1782 17.6 18.7 18.13 0.05
17100.0 310 26.66 0.16 6446 511.46 0.36 15205 1470.79 0.2 290985 189134.57 19.82 310 53.61 0.19 6396 4062.45 19.82 201 10 99 3819 190 1881 17.6 18.7 18.11 0.04
18000.0 310 26.66 0.16 6756 538.12 0.36 15209 1471.15 0.2 306194 190605.72 19.82 310 53.61 0.19 6706 4116.05 19.82 201 10 99 4020 200 1980 17.6 18.6 18.1 0.04
18900.0 376 26.81 0.16 7132 564.93 0.36 15268 1471.19 0.2 321462 192076.92 19.82 370 53.61 0.19 7076 4169.67 19.82 201 10 99 4221 210 2079 17.6 18.6 18.1 0.04
19800.0 354 27.44 0.36 7486 592.37 0.36 15236 1472.99 0.2 336698 193549.91 19.82 350 53.68 0.19 7426 4223.35 19.82 201 10 99 4422 220 2178 17.6 18.6 18.1 0.04
20700.0 310 26.67 0.16 7796 619.04 0.36 15198 1473.64 0.2 351896 195023.55 19.82 310 53.68 0.19 7736 4277.03 19.82 201 10 99 4623 230 2277 17.6 18.6 18.08 0.03
21600.0 310 26.67 0.16 8106 645.71 0.36 15202 1473.99 0.2 367098 196497.54 19.82 310 53.68 0.19 8046 4330.71 19.82 201 10 99 4824 240 2376 17.6 18.6 18.07 0.03
22500.0 376 26.81 0.16 8482 672.52 0.36 15260 1473.84 0.2 382358 197971.38 19.82 370 53.68 0.19 8416 4384.39 19.82 201 10 99 5025 250 2475 17.6 18.6 18.07 0.03
23400.0 354 27.45 0.36 8836 699.96 0.36 15232 1476.09 0.2 397590 199447.47 19.82 350 53.75 0.19 8766 4438.15 19.82 201 10 99 5226 260 2574 17.6 18.6 18.07 0.03
24300.0 310 26.67 0.16 9146 726.64 0.36 15196 1480.67 0.2 412786 200928.14 19.82 310 53.82 0.19 9076 4491.97 19.82 201 10 99 5427 270 2673 17.5 18.6 18.05 0.03
25200.0 310 26.67 0.16 9456 753.31 0.36 15206 1482.21 0.2 427992 202410.35 19.82 310 53.82 0.19 9386 4545.79 19.82 201 10 99 5628 280 2772 17.5 18.6 18.04 0.03
26100.0 376 26.81 0.16 9832 780.12 0.36 15264 1482.07 0.2 443256 203892.43 19.82 370 53.82 0.19 9756 4599.61 19.82 201 10 99 5829 290 2871 17.5 18.6 18.04 0.03
27000.0 354 27.45 0.36 10186 807.57 0.36 15231 1480.01 0.2 458487 205372.44 19.82 350 53.82 0.19 10106 4653.43 19.82 201 10 99 6030 300 2970 17.5 18.6 18.04 0.03
27900.0 310 26.67 0.16 10496 834.24 0.36 15193 1477.04 0.2 473680 206849.48 19.82 310 53.76 0.19 10416 4707.19 19.82 201 10 99 6231 310 3069 17.5 18.6 18.01 0.03
28800.0 310 26.67 0.16 10806 860.91 0.36 15201 1478.19 0.2 488881 208327.67 19.82 310 53.76 0.19 10726 4760.95 19.82 201 10 99 6432 320 3168 17.5 18.6 17.99 0.03
29700.0 376 26.81 0.16 11182 887.72 0.36 15260 1478.04 0.2 504141 209805.72 19.82 370 53.77 0.19 11096 4814.72 19.82 201 10 99 6633 330 3267 17.5 18.6 17.99 0.03
30600.0 354 27.45 0.36 11536 915.17 0.36 15224 1476.19 0.2 519365 211281.91 19.82 350 53.76 0.19 11446 4868.48 19.82 201 10 99 6834 340 3366 17.5 18.6 17.99 0.03
31500.0 310 26.67 0.16 11846 941.84 0.36 15194 1480.27 0.2 534559 212762.18 19.82 310 53.82 0.19 11756 4922.3 19.82 201 10 99 7035 350 3465 17.4 18.6 17.97 0.03
32400.0 310 26.67 0.16 12156 968.51 0.36 15203 1481.21 0.2 549762 214243.39 19.82 310 53.82 0.19 12066 4976.12 19.82 201 10 99 7236 360 3564 17.4 18.5 17.95 0.03
33300.0 376 26.81 0.16 12532 995.33 0.36 15262 1481.07 0.2 565024 215724.46 19.82 370 53.82 0.19 12436 5029.95 19.82 201 10 99 7437 370 3663 17.4 18.5 17.95 0.03
34200.0 354 27.45 0.36 12886 1022.78 0.36 15222 1478.41 0.2 580246 217202.88 19.82 350 53.82 0.19 12786 5083.77 19.82 201 10 99 7638 380 3762 17.4 18.5 17.95 0.03
35100.0 310 26.67 0.16 13196 1049.45 0.36 15185 1479.27 0.2 595431 218682.15 19.82 310 53.82 0.19 13096 5137.59 19.82 201 10 99 7839 390 3861 17.4 18.5 17.94 0.03
36000.0 310 26.67 0.16 13506 1076.12 0.36 15195 1480.41 0.2 610626 220162.56 19.82 310 53.82 0.19 13406 5191.41 19.82 201 10 99 8040 400 3960 17.4 18.5 17.91 0.04
36900.0 376 26.81 0.16 13882 1102.93 0.36 15255 1480.47 0.2 625881 221643.03 19.82 370 53.82 0.19 13776 5245.23 19.82 201 10 99 8241 410 4059 17.4 18.5 17.91 0.04
37800.0 354 27.44 0.36 14236 1130.38 0.36 15220 1472.8 0.2 641101 223115.83 19.82 350 53.71 0.19 14126 5298.94 19.82 201 10 99 8442 420 4158 17.4 18.5 17.91 0.04
38700.0 310 26.67 0.16 14546 1157.05 0.36 15188 1473.86 0.2 656289 224589.7 19.82 310 53.71 0.19 14436 5352.64 19.82 201 10 99 8643 430 4257 17.3 18.5 17.89 0.04
39600.0 310 26.67 0.16 14856 1183.71 0.36 15198 1475.0 0.2 671487 226064.69 19.82 310 53.7 0.19 14746 5406.35 19.82 201 10 99 8844 440 4356 17.3 18.5 17.87 0.04
40500.0 376 26.81 0.16 15232 1210.52 0.36 15256 1474.67 0.2 686743 227539.36 19.82 370 53.71 0.19 15116 5460.06 19.82 201 10 99 9045 450 4455 17.3 18.5 17.87 0.04
41400.0 354 27.45 0.36 15586 1237.97 0.36 15217 1477.81 0.2 701960 229017.17 19.82 350 53.82 0.19 15466 5513.88 19.82 201 10 99 9246 460 4554 17.3 18.5 17.87 0.04
42300.0 310 26.67 0.16 15896 1264.64 0.36 15189 1475.74 0.2 717149 230492.92 19.82 310 53.75 0.19 15776 5567.63 19.82 201 10 99 9447 470 4653 17.3 18.5 17.85 0.04
43200.0 310 26.67 0.16 16206 1291.31 0.36 15198 1477.29 0.2 732347 231970.21 19.82 310 53.75 0.19 16086 5621.38 19.82 201 10 99 9648 480 4752 17.2 18.4 17.83 0.05
44100.0 376 26.81 0.16 16582 1318.12 0.36 15258 1477.34 0.2 747605 233447.55 19.82 370 53.75 0.19 16456 5675.14 19.82 201 10 99 9849 490 4851 17.2 18.4 17.83 0.05
45000.0 354 27.45 0.36 16936 1345.57 0.36 15215 1474.69 0.2 762820 234922.24 19.82 350 53.75 0.19 16806 5728.89 19.82 201 10 99 10050 500 4950 17.2 18.4 17.83 0.05
45900.0 310 26.67 0.16 17246 1372.24 0.36 15180 1474.03 0.2 778000 236396.27 19.82 310 53.73 0.19 17116 5782.62 19.82 201 10 99 10251 510 5049 17.2 18.5 17.81 0.06
46800.0 310 26.67 0.16 17556 1398.91 0.36 15192 1475.57 0.2 793192 237871.84 19.82 310 53.73 0.19 17426 5836.35 19.82 201 10 99 10452 520 5148 17.2 18.5 17.8 0.06
47700.0 376 26.81 0.16 17932 1425.72 0.36 15250 1475.23 0.2 808442 239347.07 19.82 370 53.73 0.19 17796 5890.08 19.82 201 10 99 10653 530 5247 17.2 18.5 17.8 0.06
48600.0 354 27.45 0.36 18286 1453.17 0.36 15211 1472.97 0.2 823653 240820.05 19.82 350 53.73 0.19 18146 5943.81 19.82 201 10 99 10854 540 5346 17.2 18.5 17.8 0.06
49500.0 310 26.67 0.16 18596 1479.84 0.36 15189 1480.07 0.2 838842 242300.12 19.82 310 53.82 0.19 18456 5997.63 19.82 201 10 99 11055 550 5445 17.1 18.5 17.77 0.07
50400.0 310 26.67 0.16 18906 1506.51 0.36 15203 1482.21 0.2 854045 243782.33 19.82 310 53.82 0.19 18766 6051.45 19.82 201 10 99 11256 560 5544 17.1 18.5 17.75 0.07
51300.0 376 26.81 0.16 19282 1533.33 0.36 15261 1481.87 0.2 869306 245264.2 19.82 370 53.82 0.19 19136 6105.27 19.82 201 10 99 11457 570 5643 17.1 18.5 17.75 0.07
52200.0 354 27.45 0.36 19636 1560.77 0.36 15213 1478.01 0.2 884519 246742.21 19.82 350 53.82 0.19 19486 6159.1 19.82 201 10 99 11658 580 5742 17.1 18.5 17.75 0.07
53100.0 310 26.67 0.16 19946 1587.45 0.36 15172 1476.67 0.2 899691 248218.89 19.82 310 53.82 0.19 19796 6212.92 19.82 201 10 99 11859 590 5841 17.1 18.6 17.74 0.08
54000.0 310 26.67 0.16 20256 1614.12 0.36 15179 1477.21 0.2 914870 249696.1 19.82 310 53.82 0.19 20106 6266.74 19.82 201 10 99 12060 600 5940 17.1 18.6 17.73 0.08
54900.0 376 26.81 0.16 20632 1640.93 0.36 15237 1476.87 0.2 930107 251172.97 19.82 370 53.82 0.19 20476 6320.56 19.82 201 10 99 12261 610 6039 17.1 18.6 17.73 0.08
55800.0 354 27.45 0.36 20986 1668.38 0.36 15203 1475.81 0.2 945310 252648.79 19.82 350 53.82 0.19 20826 6374.38 19.82 201 10 99 12462 620 6138 17.1 18.6 17.73 0.08
56700.0 310 26.67 0.16 21296 1695.05 0.36 15186 1479.47 0.2 960496 254128.26 19.82 310 53.82 0.19 21136 6428.2 19.82 201 10 99 12663 630 6237 17.1 18.6 17.7 0.09
57600.0 310 26.67 0.16 21606 1721.72 0.36 15194 1480.41 0.2 975690 255608.67 19.82 310 53.82 0.19 21446 6482.02 19.82 201 10 99 12864 640 6336 17.1 18.6 17.69 0.09
58500.0 376 26.81 0.16 21982 1748.54 0.36 15254 1480.47 0.2 990944 257089.14 19.82 370 53.82 0.19 21816 6535.84 19.82 201 10 99 13065 650 6435 17.1 18.6 17.69 0.09
59400.0 354 27.45 0.36 22336 1775.99 0.36 15198 1472.52 0.2 1006142 258561.66 19.82 350 53.76 0.19 22166 6589.6 19.82 201 10 99 13266 660 6534 17.1 18.6 17.69 0.09
60300.0 310 26.67 0.16 22646 1802.65 0.36 15171 1474.18 0.2 1021313 260035.84 19.82 310 53.76 0.19 22476 6643.37 19.82 201 10 99 13467 670 6633 17.0 18.6 17.67 0.1
61200.0 310 26.67 0.16 22956 1829.32 0.36 15185 1476.31 0.2 1036498 261512.16 19.82 310 53.76 0.19 22786 6697.13 19.82 201 10 99 13668 680 6732 17.0 18.6 17.65 0.11
62100.0 376 26.81 0.16 23332 1856.14 0.36 15244 1476.19 0.2 1051742 262988.34 19.82 370 53.76 0.19 23156 6750.89 19.82 201 10 99 13869 690 6831 17.0 18.6 17.65 0.11
63000.0 354 27.44 0.36 23686 1883.58 0.36 15203 1465.34 0.2 1066945 264453.68 19.82 350 53.59 0.19 23506 6804.48 19.82 201 10 99 14070 700 6930 17.0 18.6 17.65 0.11
63900.0 310 26.66 0.16 23996 1910.24 0.36 15167 1463.66 0.2 1082112 265917.34 19.82 310 53.55 0.19 23816 6858.03 19.82 201 10 99 14271 710 7029 17.0 18.6 17.64 0.11
64800.0 310 26.66 0.16 24306 1936.91 0.36 15173 1464.23 0.2 1097285 267381.58 19.82 310 53.55 0.19 24126 6911.58 19.82 201 10 99 14472 720 7128 17.0 18.6 17.63 0.11
65700.0 376 26.8 0.16 24682 1963.71 0.36 15233 1464.26 0.2 1112518 268845.84 19.82 370 53.55 0.19 24496 6965.13 19.82 201 10 99 14673 730 7227 17.0 18.6 17.63 0.11
66600.0 354 27.44 0.36 25036 1991.15 0.36 15193 1460.3 0.2 1127711 270306.14 19.82 350 53.53 0.19 24846 7018.67 19.82 201 10 99 14874 740 7326 17.0 18.6 17.63 0.11
67500.0 310 26.66 0.16 25346 2017.81 0.36 15158 1456.61 0.2 1142869 271762.74 19.82 310 53.44 0.19 25156 7072.11 19.82 201 10 99 15075 750 7425 17.0 18.7 17.62 0.12
68400.0 310 26.66 0.16 25656 2044.47 0.36 15159 1456.16 0.2 1158028 273218.9 19.82 310 53.44 0.19 25466 7125.56 19.82 201 10 99 15276 760 7524 17.0 18.7 17.62 0.12
69300.0 376 26.8 0.16 26032 2071.27 0.36 15219 1456.21 0.2 1173247 274675.11 19.82 370 53.45 0.19 25836 7179.0 19.82 201 10 99 15477 770 7623 17.0 18.7 17.62 0.12
70200.0 354 27.44 0.36 26386 2098.71 0.36 15186 1459.04 0.2 1188433 276134.15 19.82 350 53.53 0.19 26186 7232.54 19.82 201 10 99 15678 780 7722 17.0 18.7 17.62 0.12
71100.0 310 26.66 0.16 26696 2125.38 0.36 15158 1462.29 0.2 1203591 277596.44 19.82 310 53.55 0.19 26496 7286.09 19.82 201 10 99 15879 790 7821 17.0 18.7 17.61 0.12
72000.0 310 26.66 0.16 27006 2152.04 0.36 15163 1463.06 0.2 1218754 279059.51 19.82 310 53.55 0.19 26806 7339.65 19.82 201 10 99 16080 800 7920 17.0 18.7 17.6 0.12
72900.0 376 26.8 0.16 27382 2178.84 0.36 15221 1463.1 0.2 1233975 280522.6 19.82 370 53.56 0.19 27176 7393.2 19.82 201 10 99 16281 810 8019 17.0 18.7 17.6 0.12
73800.0 354 27.44 0.36 27736 2206.28 0.36 15189 1461.26 0.2 1249164 281983.87 19.82 350 53.56 0.19 27526 7446.76 19.82 201 10 99 16482 820 8118 17.0 18.7 17.6 0.12
74700.0 310 26.67 0.16 28046 2232.95 0.36 15150 1465.07 0.2 1264314 283448.94 19.82 310 53.62 0.19 27836 7500.38 19.82 201 10 99 16683 830 8217 17.0 18.7 17.6 0.13
75600.0 310 26.67 0.16 28356 2259.61 0.36 15148 1464.84 0.2 1279462 284913.78 19.82 310 53.62 0.19 28146 7554.0 19.82 201 10 99 16884 840 8316 17.0 18.7 17.59 0.12
76500.0 376 26.81 0.16 28732 2286.42 0.36 15208 1464.88 0.2 1294670 286378.66 19.82 370 53.62 0.19 28516 7607.62 19.82 201 10 99 17085 850 8415 17.0 18.7 17.59 0.12
77400.0 354 27.44 0.36 29086 2313.86 0.36 15177 1459.64 0.2 1309847 287838.29 19.82 350 53.55 0.19 28866 7661.17 19.82 201 10 99 17286 860 8514 17.0 18.7 17.59 0.12
78300.0 310 26.66 0.16 29396 2340.52 0.36 15138 1459.26 0.2 1324985 289297.55 19.82 310 53.55 0.19 29176 7714.72 19.82 201 10 99 17487 870 8613 17.0 18.6 17.58 0.12
79200.0 310 26.66 0.16 29706 2367.19 0.36 15145 1460.23 0.2 1340130 290757.78 19.82 310 53.55 0.19 29486 7768.27 19.82 201 10 99 17688 880 8712 17.0 18.6 17.58 0.12
80100.0 376 26.8 0.16 30082 2393.99 0.36 15205 1460.26 0.2 1355335 292218.04 19.82 370 53.55 0.19 29856 7821.82 19.82 201 10 99 17889 890 8811 17.0 18.6 17.58 0.12
81000.0 354 27.44 0.36 30436 2421.43 0.36 15173 1459.31 0.2 1370508 293677.35 19.82 350 53.55 0.19 30206 7875.37 19.82 201 10 99 18090 900 8910 17.0 18.6 17.58 0.12
81900.0 310 26.67 0.16 30746 2448.1 0.36 15139 1462.77 0.2 1385647 295140.12 19.82 310 53.6 0.19 30516 7928.97 19.82 201 10 99 18291 910 9009 17.0 18.6 17.57 0.12
82800.0 310 26.67 0.16 31056 2474.77 0.36 15140 1462.93 0.2 1400787 296603.04 19.82 310 53.6 0.19 30826 7982.57 19.82 201 10 99 18492 920 9108 17.0 18.6 17.58 0.12
83700.0 376 26.81 0.16 31432 2501.58 0.36 15195 1462.77 0.2 1415982 298065.81 19.82 370 53.6 0.19 31196 8036.18 19.82 201 10 99 18693 930 9207 17.0 18.6 17.58 0.12
84600.0 354 27.44 0.36 31786 2529.02 0.36 15164 1461.13 0.2 1431146 299526.94 19.82 350 53.6 0.19 31546 8089.78 19.82 201 10 99 18894 940 9306 17.0 18.6 17.58 0.12
85500.0 310 26.66 0.16 32096 2555.68 0.36 15136 1458.22 0.2 1446282 300985.16 19.82 310 53.52 0.19 31856 8143.29 19.82 201 10 99 19095 950 9405 17.0 18.6 17.58 0.11
86400.0 310 26.66 0.16 32406 2582.35 0.36 15135 1457.19 0.2 1461417 302442.35 19.82 310 53.51 0.19 32166 8196.81 19.82 201 10 99 19296 960 9504 17.0 18.6 17.58 0.1
87300.0 376 26.81 0.16 32782 2609.15 0.36 15195 1457.22 0.2 1476612 303899.57 19.82 370 53.52 0.19 32536 8250.33 19.82 201 10 99 19497 970 9603 17.0 18.6 17.58 0.1
88200.0 354 27.45 0.36 33136 2636.6 0.36 15160 1465.77 0.2 1491772 305365.34 19.82 350 53.73 0.19 32886 8304.06 19.82 201 10 99 19698 980 9702 17.0 18.6 17.58 0.1
89100.0 310 26.67 0.16 33446 2663.27 0.36 15175 1478.07 0.2 1506947 306843.41 19.82 310 53.82 0.19 33196 8357.88 19.82 201 10 99 19899 990 9801 17.1 18.5 17.6 0.07
90000.0 310 26.67 0.16 33756 2689.94 0.36 15209 1482.01 0.2 1522156 308325.42 19.82 310 53.82 0.19 33506 8411.7 19.82 201 10 99 20100 1000 9900 17.1 18.5 17.68 0.05
90900.0 376 26.81 0.16 34132 2716.76 0.36 15269 1482.07 0.2 1537425 309807.49 19.82 370 53.82 0.19 33876 8465.52 19.82 201 10 99 20301 1010 9999 17.1 18.5 17.68 0.05
91800.0 354 27.44 0.36 34486 2744.2 0.36 15225 1466.39 0.2 1552650 311273.88 19.82 350 53.56 0.19 34226 8519.08 19.82 201 10 99 20502 1020 10098 17.1 18.5 17.68 0.05
92700.0 310 26.66 0.16 34796 2770.86 0.36 15244 1467.67 0.2 1567894 312741.55 19.82 310 53.43 0.19 34536 8572.51 19.82 201 10 99 20703 1030 10197 17.1 23.8 19.33 2.51
93600.0 310 26.66 0.16 35106 2797.52 0.36 15245 1467.82 0.2 1583139 314209.37 19.82 310 53.43 0.19 34846 8625.94 19.82 201 10 99 20904 1040 10296 17.1 23.8 20.55 5.01
94500.0 376 26.8 0.16 35482 2824.32 0.36 15301 1467.27 0.2 1598440 315676.64 19.82 370 53.43 0.19 35216 8679.37 19.82 201 10 99 21105 1050 10395 17.1 23.8 20.55 5.01
95400.0 354 27.44 0.36 35836 2851.76 0.36 15272 1466.02 0.2 1613712 317142.66 19.82 350 53.43 0.19 35566 8732.8 19.82 201 10 99 21306 1060 10494 17.1 23.8 20.55 5.01
96300.0 310 26.66 0.16 36146 2878.42 0.36 15244 1467.67 0.2 1628956 318610.33 19.82 310 53.43 0.19 35876 8786.23 19.82 201 10 99 21507 1070 10593 17.4 24.0 20.95 4.8
97200.0 310 26.66 0.16 36456 2905.08 0.36 15242 1467.22 0.2 1644198 320077.55 19.82 310 53.43 0.19 36186 8839.66 19.82 201 10 99 21708 1080 10692 17.4 24.0 21.06 4.89
98100.0 376 26.8 0.16 36832 2931.88 0.36 15300 1467.07 0.2 1659498 321544.62 19.82 370 53.43 0.19 36556 8893.09 19.82 201 10 99 21909 1090 10791 17.4 24.0 21.06 4.89
99000.0 354 27.43 0.36 37186 2959.32 0.36 15279 1460.95 0.2 1674777 323005.56 19.82 350 53.31 0.19 36906 8946.4 19.82 201 10 99 22110 1100 10890 17.4 24.0 21.06 4.89
99900.0 310 26.66 0.16 37496 2985.97 0.36 15240 1461.39 0.2 1690017 324466.95 19.82 310 53.31 0.19 37216 8999.71 19.82 201 10 99 22311 1110 10989 17.7 24.0 21.37 4.1
100800.0 310 26.66 0.16 37806 3012.63 0.36 15236 1460.54 0.2 1705253 325927.5 19.82 310 53.31 0.19 37526 9053.02 19.82 201 10 99 22512 1120 11088 17.8 24.0 21.42 4.02
101700.0 376 26.8 0.16 38182 3039.43 0.36 15295 1460.59 0.2 1720548 327388.09 19.82 370 53.31 0.19 37896 9106.33 19.82 201 10 99 22713 1130 11187 17.8 24.0 21.42 4.02
102600.0 354 27.43 0.36 38536 3066.86 0.36 15267 1457.87 0.2 1735815 328845.95 19.82 350 53.27 0.19 38246 9159.6 19.82 201 10 99 22914 1140 11286 17.8 24.0 21.42 4.02
103500.0 310 26.66 0.16 38846 3093.52 0.36 15233 1458.51 0.2 1751048 330304.46 19.82 310 53.27 0.19 38556 9212.87 19.82 201 10 99 23115 1150 11385 18.2 24.0 21.67 3.25
104400.0 310 26.66 0.16 39156 3120.17 0.36 15233 1458.47 0.2 1766281 331762.93 19.82 310 53.27 0.19 38866 9266.14 19.82 201 10 99 23316 1160 11484 18.5 24.0 21.73 3.17
105300.0 376 26.8 0.16 39532 3146.97 0.36 15292 1458.31 0.2 1781573 333221.24 19.82 370 53.27 0.19 39236 9319.41 19.82 201 10 99 23517 1170 11583 18.5 24.0 21.73 3.17
106200.0 354 27.43 0.36 39886 3174.4 0.36 15271 1450.96 0.2 1796844 334672.2 19.82 350 53.12 0.19 39586 9372.54 19.82 201 10 99 23718 1180 11682 18.5 24.0 21.73 3.17
107100.0 310 26.65 0.16 40196 3201.05 0.36 15231 1448.38 0.2 1812075 336120.58 19.82 310 53.07 0.19 39896 9425.6 19.82 201 10 99 23919 1190 11781 18.8 24.0 21.73 2.95
108000.0 310 26.65 0.16 40506 3227.7 0.36 15230 1448.15 0.2 1827305 337568.74 19.82 310 53.07 0.19 40206 9478.67 19.82 201 10 99 24120 1200 11880 18.9 24.0 21.73 2.93
108900.0 376 26.79 0.16 40882 3254.49 0.36 15288 1448.19 0.2 1842593 339016.92 19.82 370 53.07 0.19 40576 9531.74 19.82 201 10 99 24321 1210 11979 18.9 24.0 21.73 2.93
109800.0 354 27.43 0.36 41236 3281.91 0.36 15268 1448.16 0.2 1857861 340465.08 19.82 350 53.07 0.19 40926 9584.81 19.82 201 10 99 24522 1220 12078 18.9 24.0 21.73 2.93
110700.0 310 26.65 0.16 41546 3308.56 0.36 15226 1447.98 0.2 1873087 341913.06 19.82 310 53.07 0.19 41236 9637.87 19.82 201 10 99 24723 1230 12177 18.9 24.0 21.63 2.86
111600.0 310 26.65 0.16 41856 3335.21 0.36 15225 1447.95 0.2 1888312 343361.01 19.82 310 53.07 0.19 41546 9690.94 19.82 201 10 99 24924 1240 12276 18.9 23.9 21.57 2.74
112500.0 376 26.79 0.16 42232 3362.0 0.36 15285 1447.99 0.2 1903597 344809.0 19.82 370 53.07 0.19 41916 9744.01 19.82 201 10 99 25125 1250 12375 18.9 23.9 21.57 2.74
113400.0 354 27.43 0.36 42586 3389.43 0.36 15263 1447.76 0.2 1918860 346256.75 19.82 350 53.07 0.19 42266 9797.08 19.82 201 10 99 25326 1260 12474 18.9 23.9 21.57 2.74
114300.0 310 26.65 0.16 42896 3416.08 0.36 15223 1447.38 0.2 1934083 347704.14 19.82 310 53.07 0.19 42576 9850.14 19.82 201 10 99 25527 1270 12573 18.9 24.0 23.32 0.19
115200.0 310 26.65 0.16 43206 3442.73 0.36 15222 1447.35 0.2 1949305 349151.49 19.82 310 53.07 0.19 42886 9903.21 19.82 201 10 99 25728 1280 12672 22.6 24.0 23.51 0.04
116100.0 376 26.79 0.16 43582 3469.52 0.36 15282 1447.39 0.2 1964587 350598.87 19.82 370 53.07 0.19 43256 9956.28 19.82 201 10 99 25929 1290 12771 22.6 24.0 23.51 0.04
117000.0 354 27.43 0.36 43936 3496.95 0.36 15259 1446.96 0.2 1979846 352045.83 19.82 350 53.07 0.19 43606 10009.35 19.82 201 10 99 26130 1300 12870 22.6 24.0 23.51 0.04
117900.0 310 26.65 0.16 44246 3523.59 0.36 15219 1446.98 0.2 1995065 353492.81 19.82 310 53.07 0.19 43916 10062.41 19.82 201 10 99 26331 1310 12969 22.7 24.0 23.57 0.02
118800.0 310 26.65 0.16 44556 3550.24 0.36 15218 1446.75 0.2 2010283 354939.57 19.82 310 53.07 0.19 44226 10115.48 19.82 201 10 99 26532 1320 13068 22.7 24.0 23.6 0.02
119700.0 376 26.79 0.16 44932 3577.04 0.36 15275 1446.38 0.2 2025558 356385.95 19.82 370 53.07 0.19 44596 10168.55 19.82 201 10 99 26733 1330 13167 22.7 24.0 23.6 0.02
120600.0 354 27.43 0.36 45286 3604.46 0.36 15255 1446.36 0.2 2040813 357832.31 19.82 350 53.07 0.19 44946 10221.62 19.82 201 10 99 26934 1340 13266 22.7 24.0 23.6 0.02
121500.0 310 26.65 0.16 45596 3631.11 0.36 15215 1446.38 0.2 2056028 359278.69 19.82 310 53.07 0.19 45256 10274.68 19.82 201 10 99 27135 1350 13365 22.8 24.0 23.64 0.01
122400.0 310 26.65 0.16 45906 3657.76 0.36 15213 1445.95 0.2 2071241 360724.64 19.82 310 53.07 0.19 45566 10327.75 19.82 201 10 99 27336 1360 13464 22.8 24.0 23.67 0.01
123300.0 376 26.79 0.16 46282 3684.55 0.36 15273 1445.98 0.2 2086514 362170.63 19.82 370 53.07 0.19 45936 10380.82 19.82 201 10 99 27537 1370 13563 22.8 24.0 23.67 0.01
124200.0 354 27.43 0.36 46636 3711.98 0.36 15253 1445.96 0.2 2101767 363616.58 19.82 350 53.07 0.19 46286 10433.89 19.82 201 10 99 27738 1380 13662 22.8 24.0 23.67 0.01
125100.0 310 26.65 0.16 46946 3738.63 0.36 15210 1445.38 0.2 2116977 365061.97 19.82 310 53.07 0.19 46596 10486.95 19.82 201 10 99 27939 1390 13761 22.9 24.0 23.7 0.01
126000.0 310 26.65 0.16 47256 3765.27 0.36 15208 1444.95 0.2 2132185 366506.92 19.82 310 53.07 0.19 46906 10540.02 19.82 201 10 99 28140 1400 13860 22.9 24.0 23.73 0.01
126900.0 376 26.79 0.16 47632 3792.07 0.36 15267 1444.78 0.2 2147452 367951.71 19.82 370 53.07 0.19 47276 10593.09 19.82 201 10 99 28341 1410 13959 22.9 24.0 23.73 0.01
127800.0 354 27.43 0.36 47986 3819.49 0.36 15245 1444.56 0.2 2162697 369396.26 19.82 350 53.07 0.19 47626 10646.16 19.82 201 10 99 28542 1420 14058 22.9 24.0 23.73 0.01
128700.0 310 26.65 0.16 48296 3846.14 0.36 15205 1444.58 0.2 2177902 370840.84 19.82 310 53.07 0.19 47936 10699.23 19.82 201 10 99 28743 1430 14157 23.1 24.0 23.75 0.01
129600.0 310 26.65 0.16 48606 3872.79 0.36 15203 1444.15 0.2 2193105 372285.0 19.82 310 53.07 0.19 48246 10752.29 19.82 201 10 99 28944 1440 14256 23.1 24.0 23.77 0.01
130500.0 376 26.79 0.16 48982 3899.58 0.36 15258 1443.38 0.2 2208363 373728.38 19.82 370 53.07 0.19 48616 10805.36 19.82 201 10 99 29145 1450 14355 23.1 24.0 23.77 0.01
131400.0 354 27.43 0.36 49336 3927.01 0.36 15238 1443.36 0.2 2223601 375171.74 19.82 350 53.07 0.19 48966 10858.43 19.82 201 10 99 29346 1460 14454 23.1 24.0 23.77 0.01
132300.0 310 26.65 0.16 49646 3953.66 0.36 15197 1443.38 0.2 2238798 376615.12 19.82 310 53.07 0.19 49276 10911.5 19.82 201 10 99 29547 1470 14553 23.2 24.0 23.79 0.01
133200.0 310 26.65 0.16 49956 3980.31 0.36 15197 1443.35 0.2 2253995 378058.47 19.82 310 53.07 0.19 49586 10964.56 19.82 201 10 99 29748 1480 14652 23.2 24.0 23.8 0.01
134100.0 376 26.79 0.16 50332 4007.1 0.36 15257 1443.38 0.2 2269252 379501.86 19.82 370 53.07 0.19 49956 11017.63 19.82 201 10 99 29949 1490 14751 23.2 24.0 23.8 0.01
135000.0 354 27.43 0.36 50686 4034.52 0.36 15235 1443.16 0.2 2284487 380945.01 19.82 350 53.07 0.19 50306 11070.7 19.82 201 10 99 30150 1500 14850 23.2 24.0 23.8 0.01
135900.0 310 26.65 0.16 50996 4061.17 0.36 15192 1443.18 0.2 2299679 382388.2 19.82 310 53.07 0.19 50616 11123.77 19.82 201 10 99 30351 1510 14949 23.3 24.0 23.84 0.01
136800.0 310 26.65 0.16 51306 4087.82 0.36 15190 1442.95 0.2 2314869 383831.15 19.82 310 53.07 0.19 50926 11176.83 19.82 201 10 99 30552 1520 15048 23.3 24.0 23.85 0.01
137700.0 376 26.79 0.16 51682 4114.61 0.36 15249 1442.78 0.2 2330118 385273.93 19.82 370 53.07 0.19 51296 11229.9 19.82 201 10 99 30753 1530 15147 23.3 24.0 23.85 0.01
138600.0 354 27.43 0.36 52036 4142.04 0.36 15226 1442.36 0.2 2345344 386716.29 19.82 350 53.07 0.19 51646 11282.97 19.82 201 10 99 30954 1540 15246 23.3 24.0 23.85 0.01
139500.0 310 26.65 0.16 52346 4168.69 0.36 15186 1442.38 0.2 2360530 388158.67 19.82 310 53.07 0.19 51956 11336.04 19.82 201 10 99 31155 1550 15345 23.4 24.0 23.85 0.01
140400.0 310 26.65 0.16 52656 4195.34 0.36 15185 1442.15 0.2 2375715 389600.83 19.82 310 53.07 0.19 52266 11389.1 19.82 201 10 99 31356 1560 15444 23.4 24.0 23.86 0.01
141300.0 376 26.79 0.16 53032 4222.13 0.36 15241 1441.78 0.2 2390956 391042.61 19.82 370 53.07 0.19 52636 11442.17 19.82 201 10 99 31557 1570 15543 23.4 24.0 23.86 0.01
142200.0 354 27.43 0.36 53386 4249.56 0.36 15221 1441.76 0.2 2406177 392484.37 19.82 350 53.07 0.19 52986 11495.24 19.82 201 10 99 31758 1580 15642 23.4 24.0 23.86 0.01
143100.0 310 26.65 0.16 53696 4276.2 0.36 15181 1441.78 0.2 2421358 393926.15 19.82 310 53.07 0.19 53296 11548.31 19.82 201 10 99 31959 1590 15741 23.5 24.0 23.88 0.01
144000.0 310 26.65 0.16 54006 4302.85 0.36 15179 1441.55 0.2 2436537 395367.7 19.82 310 53.07 0.19 53606 11601.37 19.82 201 10 99 32160 1600 15840 23.5 24.0 23.88 0.01
144900.0 376 26.79 0.16 54382 4329.64 0.36 15239 1441.58 0.2 2451776 396809.29 19.82 370 53.07 0.19 53976 11654.44 19.82 201 10 99 32361 1610 15939 23.5 24.0 23.88 0.01
145800.0 354 27.43 0.36 54736 4357.07 0.36 15219 1441.56 0.2 2466995 398250.84 19.82 350 53.07 0.19 54326 11707.51 19.82 201 10 99 32562 1620 16038 23.5 24.0 23.88 0.01
146700.0 310 26.65 0.16 55046 4383.72 0.36 15177 1441.58 0.2 2482172 399692.42 19.82 310 53.07 0.19 54636 11760.58 19.82 201 10 99 32763 1630 16137 23.6 24.0 23.89 0.01
147600.0 310 26.65 0.16 55356 4410.37 0.36 15176 1441.35 0.2 2497348 401133.78 19.82 310 53.07 0.19 54946 11813.64 19.82 201 10 99 32964 1640 16236 23.6 24.0 23.89 0.01
148500.0 376 26.79 0.16 55732 4437.16 0.36 15235 1441.18 0.2 2512583 402574.96 19.82 370 53.07 0.19 55316 11866.71 19.82 201 10 99 33165 1650 16335 23.6 24.0 23.89 0.01
149400.0 354 27.43 0.36 56086 4464.59 0.36 15211 1440.75 0.2 2527794 404015.72 19.82 350 53.07 0.19 55666 11919.78 19.82 201 10 99 33366 1660 16434 23.6 24.0 23.89 0.01
150300.0 310 26.65 0.16 56396 4491.24 0.36 15171 1440.78 0.2 2542965 405456.5 19.82 310 53.07 0.19 55976 11972.85 19.82 201 10 99 33567 1670 16533 23.7 24.0 23.89 0.01
151200.0 310 26.65 0.16 56706 4517.88 0.36 15169 1440.35 0.2 2558134 406896.85 19.82 310 53.07 0.19 56286 12025.91 19.82 201 10 99 33768 1680 16632 23.7 24.0 23.9 0.01
152100.0 376 26.79 0.16 57082 4544.68 0.36 15227 1440.18 0.2 2573361 408337.04 19.82 370 53.07 0.19 56656 12078.98 19.82 201 10 99 33969 1690 16731 23.7 24.0 23.9 0.01
153000.0 354 27.43 0.36 57436 4572.1 0.36 15207 1440.15 0.2 2588568 409777.19 19.82 350 53.07 0.19 57006 12132.05 19.82 201 10 99 34170 1700 16830 23.7 24.0 23.9 0.01
153900.0 310 26.65 0.16 57746 4598.75 0.36 15164 1439.78 0.2 2603732 411216.98 19.82 310 53.07 0.19 57316 12185.12 19.82 201 10 99 34371 1710 16929 23.6 24.0 23.89 0.01
154800.0 310 26.65 0.16 58056 4625.4 0.36 15162 1439.55 0.2 2618894 412656.53 19.82 310 53.07 0.19 57626 12238.18 19.82 201 10 99 34572 1720 17028 23.6 24.0 23.89 0.01
155700.0 376 26.79 0.16 58432 4652.19 0.36 15222 1439.58 0.2 2634116 414096.11 19.82 370 53.07 0.19 57996 12291.25 19.82 201 10 99 34773 1730 17127 23.6 24.0 23.89 0.01
156600.0 354 27.43 0.36 58786 4679.62 0.36 15201 1439.55 0.2 2649317 415535.67 19.82 350 53.07 0.19 58346 12344.32 19.82 201 10 99 34974 1740 17226 23.6 24.0 23.89 0.01
157500.0 310 26.65 0.16 59096 4706.27 0.36 15159 1439.18 0.2 2664476 416974.85 19.82 310 53.07 0.19 58656 12397.39 19.82 201 10 99 35175 1750 17325 23.5 24.0 23.88 0.01
158400.0 310 26.65 0.16 59406 4732.92 0.36 15159 1439.15 0.2 2679635 418414.01 19.82 310 53.07 0.19 58966 12450.45 19.82 201 10 99 35376 1760 17424 23.5 24.0 23.88 0.01
159300.0 376 26.79 0.16 59782 4759.71 0.36 15219 1439.18 0.2 2694854 419853.19 19.82 370 53.07 0.19 59336 12503.52 19.82 201 10 99 35577 1770 17523 23.5 24.0 23.88 0.01
160200.0 354 27.43 0.36 60136 4787.13 0.36 15197 1438.75 0.2 2710051 421291.95 19.82 350 53.07 0.19 59686 12556.59 19.82 201 10 99 35778 1780 17622 23.5 24.0 23.88 0.01
161100.0 310 26.65 0.16 60446 4813.78 0.36 15157 1438.78 0.2 2725208 422730.73 19.82 310 53.07 0.19 59996 12609.66 19.82 201 10 99 35979 1790 17721 23.4 24.0 23.86 0.01
162000.0 310 26.65 0.16 60756 4840.43 0.36 15157 1438.75 0.2 2740365 424169.48 19.82 310 53.07 0.19 60306 12662.72 19.82 201 10 99 36180 1800 17820 23.4 24.0 23.86 0.01
162900.0 376 26.79 0.16 61132 4867.22 0.36 15217 1438.78 0.2 2755582 425608.27 19.82 370 53.07 0.19 60676 12715.79 19.82 201 10 99 36381 1810 17919 23.4 24.0 23.86 0.01
163800.0 354 27.43 0.36 61486 4894.65 0.36 15197 1438.75 0.2 2770779 427047.02 19.82 350 53.07 0.19 61026 12768.86 19.82 201 10 99 36582 1820 18018 23.4 24.0 23.86 0.01
164700.0 310 26.65 0.16 61796 4921.29 0.36 15156 1438.58 0.2 2785935 428485.6 19.82 310 53.07 0.19 61336 12821.93 19.82 201 10 99 36783 1830 18117 23.3 24.0 23.83 0.02
165600.0 310 26.65 0.16 62106 4947.94 0.36 15152 1437.95 0.2 2801087 429923.56 19.82 310 53.07 0.19 61646 12875.0 19.82 201 10 99 36984 1840 18216 23.3 24.0 23.82 0.02
166500.0 376 26.79 0.16 62482 4974.74 0.36 15212 1437.98 0.2 2816299 431361.54 19.82 370 53.07 0.19 62016 12928.06 19.82 201 10 99 37185 1850 18315 23.3 24.0 23.82 0.02
167400.0 354 27.43 0.36 62836 5002.16 0.36 15191 1437.75 0.2 2831490 432799.3 19.82 350 53.07 0.19 62366 12981.13 19.82 201 10 99 37386 1860 18414 23.3 24.0 23.82 0.02
168300.0 310 26.65 0.16 63146 5028.81 0.36 15151 1437.78 0.2 2846641 434237.08 19.82 310 53.07 0.19 62676 13034.2 19.82 201 10 99 37587 1870 18513 23.2 24.0 23.8 0.02
169200.0 310 26.65 0.16 63456 5055.46 0.36 15149 1437.35 0.2 2861790 435674.43 19.82 310 53.07 0.19 62986 13087.27 19.82 201 10 99 37788 1880 18612 23.2 24.0 23.79 0.02
170100.0 376 26.79 0.16 63832 5082.25 0.36 15208 1437.38 0.2 2876998 437111.82 19.82 370 53.07 0.19 63356 13140.34 19.82 201 10 99 37989 1890 18711 23.2 24.0 23.79 0.02
171000.0 354 27.43 0.36 64186 5109.67 0.36 15186 1437.15 0.2 2892184 438548.97 19.82 350 53.07 0.19 63706 13193.4 19.82 201 10 99 38190 1900 18810 23.2 24.0 23.79 0.02
171900.0 310 26.65 0.16 64496 5136.32 0.36 15145 1436.98 0.2 2907329 439985.95 19.82 310 53.07 0.19 64016 13246.47 19.82 201 10 99 38391 1910 18909 23.1 24.0 23.76 0.03
172800.0 310 26.65 0.16 64806 5162.97 0.36 15143 1436.55 0.2 2922472 441422.51 19.82 310 53.07 0.19 64326 13299.54 19.82 201 10 99 38592 1920 19008 23.1 24.0 23.74 0.02
173700.0 376 26.79 0.16 65182 5189.76 0.36 15201 1436.38 0.2 2937673 442858.89 19.82 370 53.07 0.19 64696 13352.61 19.82 201 10 99 38793 1930 19107 23.1 24.0 23.74 0.02
174600.0 354 27.43 0.36 65536 5217.19 0.36 15180 1436.15 0.2 2952853 444295.05 19.82 350 53.07 0.19 65046 13405.67 19.82 201 10 99 38994 1940 19206 23.1 24.0 23.74 0.02
175500.0 310 26.65 0.16 65846 5243.84 0.36 15139 1436.18 0.2 2967992 445731.23 19.82 310 53.07 0.19 65356 13458.74 19.82 201 10 99 39195 1950 19305 22.9 23.9 23.7 0.03
176400.0 310 26.65 0.16 66156 5270.49 0.36 15135 1435.75 0.2 2983127 447166.98 19.82 310 53.07 0.19 65666 13511.81 19.82 201 10 99 39396 1960 19404 22.9 23.9 23.68 0.03
177300.0 376 26.79 0.16 66532 5297.28 0.36 15190 1435.38 0.2 2998317 448602.37 19.82 370 53.07 0.19 66036 13564.88 19.82 201 10 99 39597 1970 19503 22.9 23.9 23.68 0.03
178200.0 354 27.43 0.36 66886 5324.7 0.36 15167 1434.95 0.2 3013484 450037.32 19.82 350 53.07 0.19 66386 13617.94 19.82 201 10 99 39798 1980 19602 22.9 23.9 23.68 0.03
179100.0 310 26.65 0.16 67196 5351.35 0.36 15126 1434.58 0.2 3028610 451471.9 19.82 310 53.07 0.19 66696 13671.01 19.82 201 10 99 39999 1990 19701 22.8 23.9 23.61 0.03
180000.0 310 26.65 0.16 67506 5378.0 0.36 15128 1434.95 0.2 3043738 452906.86 19.82 310 53.07 0.19 67006 13724.08 19.82 201 10 99 40200 2000 19800 22.8 23.9 23.58 0.02
180900.0 376 26.79 0.16 67882 5404.79 0.36 15188 1434.98 0.2 3058926 454341.84 19.82 370 53.07 0.19 67376 13777.15 19.82 201 10 99 40401 2010 19899 22.8 23.9 23.58 0.02
181800.0 354 27.43 0.36 68236 5432.22 0.36 15162 1434.15 0.2 3074088 455776.0 19.82 350 53.07 0.19 67726 13830.21 19.82 201 10 99 40602 2020 19998 22.8 23.9 23.58 0.02
182700.0 310 26.65 0.16 68546 5458.87 0.36 15124 1434.18 0.2 3089212 457210.18 19.82 310 53.07 0.19 68036 13883.28 19.82 201 10 99 40803 2030 20097 22.7 23.8 23.49 0.03
183600.0 310 26.65 0.16 68856 5485.52 0.36 15127 1434.75 0.2 3104339 458644.93 19.82 310 53.07 0.19 68346 13936.35 19.82 201 10 99 41004 2040 20196 22.7 23.8 23.44 0.02
184500.0 376 26.79 0.16 69232 5512.31 0.36 15186 1434.78 0.2 3119525 460079.72 19.82 370 53.07 0.19 68716 13989.42 19.82 201 10 99 41205 2050 20295 22.7 23.8 23.44 0.02
185400.0 354 27.43 0.36 69586 5539.74 0.36 15160 1433.95 0.2 3134685 461513.67 19.82 350 53.07 0.19 69066 14042.48 19.82 201 10 99 41406 2060 20394 22.7 23.8 23.44 0.02
186300.0 310 26.65 0.16 69896 5566.38 0.36 15128 1434.98 0.2 3149813 462948.65 19.82 310 53.07 0.19 69376 14095.55 19.82 201 10 99 41607 2070 20493 22.4 23.7 23.32 0.03
187200.0 310 26.65 0.16 70206 5593.03 0.36 15124 1434.55 0.2 3164937 464383.21 19.82 310 53.07 0.19 69686 14148.62 19.82 201 10 99 41808 2080 20592 22.4 23.7 23.26 0.02
188100.0 376 26.79 0.16 70582 5619.83 0.36 15183 1434.58 0.2 3180120 465817.79 19.82 370 53.07 0.19 70056 14201.69 19.82 201 10 99 42009 2090 20691 22.4 23.7 23.26 0.02
189000.0 354 27.43 0.36 70936 5647.25 0.36 15160 1433.95 0.2 3195280 467251.75 19.82 350 53.07 0.19 70406 14254.75 19.82 201 10 99 42210 2100 20790 22.4 23.7 23.26 0.02
189900.0 310 26.65 0.16 71246 5673.9 0.36 15110 1432.58 0.2 3210390 468684.33 19.82 310 53.07 0.19 70716 14307.82 19.82 201 10 99 42411 2110 20889 22.1 23.5 23.1 0.04
190800.0 310 26.65 0.16 71556 5700.55 0.36 15110 1432.75 0.2 3225500 470117.08 19.82 310 53.07 0.19 71026 14360.89 19.82 201 10 99 42612 2120 20988 22.1 23.5 23.01 0.03
191700.0 376 26.79 0.16 71932 5727.34 0.36 15168 1432.38 0.2 3240668 471549.47 19.82 370 53.07 0.19 71396 14413.96 19.82 201 10 99 42813 2130 21087 22.1 23.5 23.01 0.03
192600.0 354 27.43 0.36 72286 5754.77 0.36 15135 1430.55 0.2 3255803 472980.02 19.82 350 53.07 0.19 71746 14467.03 19.82 201 10 99 43014 2140 21186 22.1 23.5 23.01 0.03
193500.0 310 26.65 0.16 72596 5781.42 0.36 15103 1431.38 0.2 3270906 474411.4 19.82 310 53.07 0.19 72056 14520.09 19.82 201 10 99 43215 2150 21285 22.0 23.3 22.82 0.03
194400.0 310 26.65 0.16 72906 5808.06 0.36 15104 1431.75 0.2 3286010 475843.16 19.82 310 53.07 0.19 72366 14573.16 19.82 201 10 99 43416 2160 21384 22.0 23.3 22.73 0.02
195300.0 376 26.79 0.16 73282 5834.86 0.36 15154 1430.18 0.2 3301164 477273.34 19.82 370 53.07 0.19 72736 14626.23 19.82 201 10 99 43617 2170 21483 22.0 23.3 22.73 0.02
196200.0 354 27.43 0.36 73636 5862.28 0.36 15131 1429.75 0.2 3316295 478703.1 19.82 350 53.07 0.19 73086 14679.3 19.82 201 10 99 43818 2180 21582 22.0 23.3 22.73 0.02
197100.0 310 26.65 0.16 73946 5888.93 0.36 15100 1430.98 0.2 3331395 480134.08 19.82 310 53.07 0.19 73396 14732.36 19.82 201 10 99 44019 2190 21681 22.0 23.1 22.53 0.02
198000.0 310 26.65 0.16 74256 5915.58 0.36 15082 1429.15 0.2 3346477 481563.23 19.82 310 53.07 0.19 73706 14785.43 19.82 201 10 99 44220 2200 21780 22.0 23.1 22.42 0.03
198900.0 376 26.79 0.16 74632 5942.37 0.36 15139 1428.78 0.2 3361616 482992.02 19.82 370 53.07 0.19 74076 14838.5 19.82 201 10 99 44421 2210 21879 22.0 23.1 22.42 0.03
199800.0 354 27.43 0.36 74986 5969.8 0.36 15117 1428.35 0.2 3376733 484420.37 19.82 350 53.07 0.19 74426 14891.57 19.82 201 10 99 44622 2220 21978 22.0 23.1 22.41 0.03
200700.0 310 26.65 0.16 75296 5996.45 0.36 15081 1428.98 0.2 3391814 485849.35 19.82 310 53.07 0.19 74736 14944.63 19.82 201 10 99 44823 2230 22077 22.0 22.8 22.26 0.01
201600.0 310 26.65 0.16 75606 6023.1 0.36 15082 1429.35 0.2 3406896 487278.71 19.82 310 53.07 0.19 75046 14997.7 19.82 201 10 99 45024 2240 22176 22.0 22.8 22.18 0.02
202500.0 376 26.79 0.16 75982 6049.89 0.36 15142 1429.38 0.2 3422038 488708.09 19.82 370 53.07 0.19 75416 15050.77 19.82 201 10 99 45225 2250 22275 22.0 22.8 22.18 0.02
203400.0 354 27.43 0.36 76336 6077.31 0.36 15115 1428.35 0.2 3437153 490136.44 19.82 350 53.07 0.19 75766 15103.84 19.82 201 10 99 45426 2260 22374 22.0 22.8 22.18 0.02
204300.0 310 26.65 0.16 76646 6103.96 0.36 15087 1429.78 0.2 3452240 491566.23 19.82 310 53.07 0.19 76076 15156.9 19.82 201 10 99 45627 2270 22473 22.0 22.6 22.07 0.01
205200.0 310 26.65 0.16 76956 6130.61 0.36 15087 1429.75 0.2 3467327 492995.98 19.82 310 53.07 0.19 76386 15209.97 19.82 201 10 99 45828 2280 22572 22.0 22.6 22.06 0.01
206100.0 376 26.79 0.16 77332 6157.4 0.36 15145 1429.58 0.2 3482472 494425.56 19.82 370 53.07 0.19 76756 15263.04 19.82 201 10 99 46029 2290 22671 22.0 22.6 22.06 0.01
207000.0 354 27.43 0.36 77686 6184.83 0.36 15110 1427.75 0.2 3497582 495853.32 19.82 350 53.07 0.19 77106 15316.11 19.82 201 10 99 46230 2300 22770 22.0 22.6 22.06 0.01
207900.0 310 26.65 0.16 77996 6211.47 0.36 15081 1428.78 0.2 3512663 497282.1 19.82 310 53.07 0.19 77416 15369.17 19.82 201 10 99 46431 2310 22869 22.0 22.2 22.02 0.0
208800.0 310 26.65 0.16 78306 6238.12 0.36 15078 1428.55 0.2 3527741 498710.65 19.82 310 53.07 0.19 77726 15422.24 19.82 201 10 99 46632 2320 22968 22.0 22.2 22.02 0.0
209700.0 376 26.79 0.16 78682 6264.92 0.36 15137 1428.38 0.2 3542878 500139.04 19.82 370 53.07 0.19 78096 15475.31 19.82 201 10 99 46833 2330 23067 22.0 22.2 22.02 0.0
210600.0 354 27.43 0.36 79036 6292.34 0.36 15105 1427.15 0.2 3557983 501566.19 19.82 350 53.07 0.19 78446 15528.38 19.82 201 10 99 47034 2340 23166 22.0 22.2 22.02 0.0
211500.0 310 26.65 0.16 79346 6318.99 0.36 15067 1427.38 0.2 3573050 502993.57 19.82 310 53.07 0.19 78756 15581.44 19.82 201 10 99 47235 2350 23265 22.0 22.0 22.0 0.0
212400.0 310 26.65 0.16 79656 6345.64 0.36 15066 1427.15 0.2 3588116 504420.73 19.82 310 53.07 0.19 79066 15634.51 19.82 201 10 99 47436 2360 23364 22.0 22.0 22.0 0.0
213300.0 376 26.79 0.16 80032 6372.43 0.36 15120 1425.98 0.2 3603236 505846.71 19.82 370 53.07 0.19 79436 15687.58 19.82 201 10 99 47637 2370 23463 22.0 22.0 22.0 0.0
214200.0 354 27.43 0.36 80386 6399.85 0.36 15090 1424.55 0.2 3618326 507271.27 19.82 350 53.07 0.19 79786 15740.65 19.82 201 10 99 47838 2380 23562 22.0 22.0 22.0 0.0
215100.0 310 26.65 0.16 80696 6426.5 0.36 15049 1424.38 0.2 3633375 508695.65 19.82 310 53.07 0.19 80096 15793.71 19.82 201 10 99 48039 2390 23661 22.0 22.0 22.0 0.0
216000.0 310 26.65 0.16 81006 6453.15 0.36 15043 1423.55 0.2 3648418 510119.2 19.82 310 53.07 0.19 80406 15846.78 19.82 201 10 99 48240 2400 23760 22.0 22.0 22.0 0.0
216900.0 376 26.79 0.16 81382 6479.94 0.36 15101 1423.18 0.2 3663519 511542.38 19.82 370 53.07 0.19 80776 15899.85 19.82 201 10 99 48441 2410 23859 22.0 22.0 22.0 0.0
217800.0 354 27.43 0.36 81736 6507.37 0.36 15078 1422.75 0.2 3678597 512965.14 19.82 350 53.07 0.19 81126 15952.92 19.82 201 10 99 48642 2420 23958 22.0 22.0 22.0 0.0
218700.0 310 26.65 0.16 82046 6534.02 0.36 15031 1421.78 0.2 3693628 514386.92 19.82 310 53.07 0.19 81436 16005.99 19.82 201 10 99 48843 2430 24057 22.0 22.0 22.0 0.0
219600.0 310 26.65 0.16 82356 6560.67 0.36 15027 1421.15 0.2 3708655 515808.07 19.82 310 53.07 0.19 81746 16059.05 19.82 201 10 99 49044 2440 24156 22.0 22.0 22.0 0.0
220500.0 376 26.79 0.16 82732 6587.46 0.36 15075 1419.38 0.2 3723730 517227.46 19.82 370 53.07 0.19 82116 16112.12 19.82 201 10 99 49245 2450 24255 22.0 22.0 22.0 0.0
221400.0 354 27.43 0.36 83086 6614.89 0.36 15052 1422.18 0.2 3738782 518649.63 19.82 350 53.13 0.19 82466 16165.25 19.82 201 10 99 49446 2460 24354 21.8 22.0 22.0 0.0
222300.0 310 26.65 0.16 83396 6641.54 0.36 15123 1438.02 0.2 3753905 520087.65 19.82 310 53.15 0.19 82776 16218.4 19.82 201 10 99 49647 2470 24453 19.8 22.0 21.07 0.08
223200.0 310 26.65 0.16 83706 6668.19 0.36 15143 1440.39 0.2 3769048 521528.04 19.82 310 53.15 0.19 83086 16271.54 19.82 201 10 99 49848 2480 24552 19.8 21.8 20.55 0.13
224100.0 376 26.79 0.16 84082 6694.98 0.36 15203 1440.42 0.2 3784251 522968.46 19.82 370 53.15 0.19 83456 16324.69 19.82 201 10 99 50049 2490 24651 19.8 21.8 20.55 0.13
225000.0 354 27.43 0.36 84436 6722.41 0.36 15181 1439.0 0.2 3799432 524407.46 19.82 350 53.13 0.19 83806 16377.82 19.82 201 10 99 50250 2500 24750 19.8 21.8 20.55 0.13
225900.0 310 26.65 0.16 84746 6749.06 0.36 15142 1439.82 0.2 3814574 525847.28 19.82 310 53.14 0.19 84116 16430.96 19.82 201 10 99 50451 2510 24849 19.8 21.7 20.49 0.12
226800.0 310 26.65 0.16 85056 6775.72 0.36 15144 1440.19 0.2 3829718 527287.47 19.82 310 53.14 0.19 84426 16484.09 19.82 201 10 99 50652 2520 24948 19.8 21.7 20.45 0.14
227700.0 376 26.79 0.16 85432 6802.51 0.36 15204 1440.22 0.2 3844922 528727.69 19.82 370 53.14 0.19 84796 16537.23 19.82 201 10 99 50853 2530 25047 19.8 21.7 20.45 0.14
228600.0 354 27.43 0.36 85786 6829.94 0.36 15180 1440.5 0.2 3860102 530168.19 19.82 350 53.15 0.19 85146 16590.39 19.82 201 10 99 51054 2540 25146 19.8 21.7 20.45 0.14
229500.0 310 26.65 0.16 86096 6856.59 0.36 15141 1440.11 0.2 3875243 531608.3 19.82 310 53.14 0.19 85456 16643.53 19.82 201 10 99 51255 2550 25245 19.9 21.6 20.46 0.13
230400.0 310 26.65 0.16 86406 6883.24 0.36 15140 1440.09 0.2 3890383 533048.38 19.82 310 53.14 0.19 85766 16696.67 19.82 201 10 99 51456 2560 25344 19.8 21.6 20.44 0.14
231300.0 376 26.79 0.16 86782 6910.03 0.36 15199 1439.91 0.2 3905582 534488.3 19.82 370 53.15 0.19 86136 16749.82 19.82 201 10 99 51657 2570 25443 19.8 21.6 20.44 0.14
232200.0 354 27.43 0.36 87136 6937.46 0.36 15175 1439.36 0.2 3920757 535927.66 19.82 350 53.15 0.19 86486 16802.97 19.82 201 10 99 51858 2580 25542 19.8 21.6 20.44 0.14
233100.0 310 26.65 0.16 87446 6964.11 0.36 15137 1440.19 0.2 3935894 537367.85 19.82 310 53.15 0.19 86796 16856.12 19.82 201 10 99 52059 2590 25641 19.8 21.5 20.49 0.14
234000.0 310 26.65 0.16 87756 6990.76 0.36 15135 1439.57 0.2 3951029 538807.42 19.82 310 53.15 0.19 87106 16909.27 19.82 201 10 99 52260 2600 25740 19.8 21.5 20.48 0.15
234900.0 376 26.79 0.16 88132 7017.56 0.36 15195 1439.6 0.2 3966224 540247.01 19.82 370 53.16 0.19 87476 16962.43 19.82 201 10 99 52461 2610 25839 19.8 21.5 20.48 0.15
235800.0 354 27.43 0.36 88486 7044.99 0.36 15168 1436.7 0.2 3981392 541683.72 19.82 350 53.11 0.19 87826 17015.54 19.82 201 10 99 52662 2620 25938 19.8 21.5 20.48 0.15
236700.0 310 26.65 0.16 88796 7071.64 0.36 15135 1436.69 0.2 3996527 543120.41 19.82 310 53.09 0.19 88136 17068.62 19.82 201 10 99 52863 2630 26037 19.8 21.4 20.54 0.15
237600.0 310 26.65 0.16 89106 7098.29 0.36 15134 1436.46 0.2 4011661 544556.87 19.82 310 53.09 0.19 88446 17121.71 19.82 201 10 99 53064 2640 26136 19.7 21.4 20.54 0.15
238500.0 376 26.79 0.16 89482 7125.08 0.36 15189 1435.89 0.2 4026850 545992.76 19.82 370 53.09 0.19 88816 17174.8 19.82 201 10 99 53265 2650 26235 19.7 21.4 20.54 0.15
239400.0 354 27.43 0.36 89836 7152.5 0.36 15156 1436.08 0.2 4042006 547428.84 19.82 350 53.12 0.19 89166 17227.92 19.82 201 10 99 53466 2660 26334 19.7 21.4 20.54 0.15
240300.0 310 26.65 0.16 90146 7179.15 0.36 15123 1436.91 0.2 4057129 548865.75 19.82 310 53.12 0.19 89476 17281.04 19.82 201 10 99 53667 2670 26433 19.7 21.6 20.59 0.15
241200.0 310 26.65 0.16 90456 7205.8 0.36 15115 1435.68 0.2 4072244 550301.43 19.82 310 53.12 0.19 89786 17334.15 19.82 201 10 99 53868 2680 26532 19.7 21.6 20.59 0.15
242100.0 376 26.79 0.16 90832 7232.6 0.36 15174 1435.51 0.2 4087418 551736.93 19.82 370 53.12 0.19 90156 17387.28 19.82 201 10 99 54069 2690 26631 19.7 21.6 20.59 0.15
243000.0 354 27.43 0.36 91186 7260.03 0.36 15143 1434.3 0.2 4102561 553171.24 19.82 350 53.12 0.19 90506 17440.4 19.82 201 10 99 54270 2700 26730 19.7 21.6 20.59 0.15
243900.0 310 26.65 0.16 91496 7286.68 0.36 15116 1436.79 0.2 4117677 554608.03 19.82 310 53.13 0.19 90816 17493.53 19.82 201 10 99 54471 2710 26829 19.7 21.8 20.64 0.17
244800.0 310 26.65 0.16 91806 7313.33 0.36 15117 1436.76 0.2 4132794 556044.79 19.82 310 53.13 0.19 91126 17546.66 19.82 201 10 99 54672 2720 26928 19.6 21.8 20.64 0.17
245700.0 376 26.79 0.16 92182 7340.12 0.36 15177 1436.79 0.2 4147971 557481.58 19.82 370 53.14 0.19 91496 17599.8 19.82 201 10 99 54873 2730 27027 19.6 21.8 20.64 0.17
246600.0 354 27.43 0.36 92536 7367.55 0.36 15135 1434.38 0.2 4163106 558915.96 19.82 350 53.15 0.19 91846 17652.94 19.82 201 10 99 55074 2740 27126 19.6 21.8 20.64 0.17
247500.0 310 26.65 0.16 92846 7394.2 0.36 15104 1434.98 0.2 4178210 560350.94 19.82 310 53.14 0.19 92156 17706.09 19.82 201 10 99 55275 2750 27225 19.6 21.9 20.63 0.18
248400.0 310 26.65 0.16 93156 7420.85 0.36 15102 1434.56 0.2 4193312 561785.5 19.82 310 53.14 0.19 92466 17759.23 19.82 201 10 99 55476 2760 27324 19.5 21.9 20.62 0.18
249300.0 376 26.79 0.16 93532 7447.65 0.36 15159 1434.38 0.2 4208471 563219.88 19.82 370 53.14 0.19 92836 17812.37 19.82 201 10 99 55677 2770 27423 19.5 21.9 20.62 0.18
250200.0 354 27.43 0.36 93886 7475.07 0.36 15122 1432.01 0.2 4223593 564651.89 19.82 350 53.13 0.19 93186 17865.5 19.82 201 10 99 55878 2780 27522 19.5 21.9 20.62 0.18
251100.0 310 26.65 0.16 94196 7501.73 0.36 15100 1434.24 0.2 4238693 566086.13 19.82 310 53.12 0.19 93496 17918.62 19.82 201 10 99 56079 2790 27621 19.5 22.0 20.6 0.19
252000.0 310 26.65 0.16 94506 7528.38 0.36 15101 1434.22 0.2 4253794 567520.35 19.82 310 53.12 0.19 93806 17971.74 19.82 201 10 99 56280 2800 27720 19.5 22.0 20.57 0.21
252900.0 376 26.79 0.16 94882 7555.17 0.36 15161 1434.25 0.2 4268955 568954.6 19.82 370 53.12 0.19 94176 18024.86 19.82 201 10 99 56481 2810 27819 19.5 22.0 20.57 0.21
253800.0 354 27.43 0.36 95236 7582.6 0.36 15128 1433.07 0.2 4284083 570387.67 19.82 350 53.13 0.19 94526 18078.0 19.82 201 10 99 56682 2820 27918 19.5 22.0 20.57 0.21
254700.0 310 26.65 0.16 95546 7609.25 0.36 15135 1439.1 0.2 4299218 571826.78 19.82 310 53.14 0.19 94836 18131.14 19.82 201 10 99 56883 2830 28017 19.5 21.8 20.44 0.21
255600.0 310 26.65 0.16 95856 7635.9 0.36 15144 1440.28 0.2 4314362 573267.06 19.82 310 53.14 0.19 95146 18184.28 19.82 201 10 99 57084 2840 28116 19.3 21.8 20.4 0.23
256500.0 376 26.79 0.16 96232 7662.69 0.36 15204 1440.31 0.2 4329566 574707.37 19.82 370 53.14 0.19 95516 18237.42 19.82 201 10 99 57285 2850 28215 19.3 21.8 20.4 0.23
257400.0 354 27.43 0.36 96586 7690.12 0.36 15155 1435.0 0.2 4344721 576142.37 19.82 350 53.12 0.19 95866 18290.54 19.82 201 10 99 57486 2860 28314 19.3 21.8 20.4 0.23
258300.0 310 26.65 0.16 96896 7716.77 0.36 15152 1440.6 0.2 4359873 577582.97 19.82 310 53.12 0.19 96176 18343.66 19.82 201 10 99 57687 2870 28413 19.3 21.6 20.22 0.21
259200.0 310 26.65 0.16 97206 7743.42 0.36 15157 1441.37 0.2 4375030 579024.34 19.82 310 53.12 0.19 96486 18396.79 19.82 201 10 99 57888 2880 28512 19.2 21.6 20.15 0.25
260100.0 376 26.79 0.16 97582 7770.22 0.36 15217 1441.4 0.2 4390247 580465.74 19.82 370 53.13 0.19 96856 18449.91 19.82 201 10 99 58089 2890 28611 19.2 21.6 20.15 0.25
261000.0 356 27.49 0.36 97938 7797.71 0.36 15505 151454.96 19.79 4405752 731920.7 19.82 352 3076.91 19.79 97208 21526.83 19.82 201 10 99 58290 2900 28710 19.2 21.6 20.15 0.25
261900.0 310 26.65 0.16 98248 7824.36 0.36 15183 1446.78 0.2 4420935 733367.49 19.82 310 53.18 0.19 97518 21580.01 19.82 201 10 99 58491 2910 28809 18.9 20.8 19.68 0.18
262800.0 310 26.65 0.16 98558 7851.01 0.36 15184 1446.76 0.2 4436119 734814.25 19.82 310 53.18 0.19 97828 21633.19 19.82 201 10 99 58692 2920 28908 18.9 20.8 19.64 0.24
263700.0 376 26.79 0.16 98934 7877.8 0.36 15244 1446.79 0.2 4451363 736261.03 19.82 370 53.19 0.19 98198 21686.38 19.82 201 10 99 58893 2930 29007 18.9 20.8 19.64 0.24
264600.0 356 27.5 0.36 99290 7905.3 0.36 15532 151440.52 19.79 4466895 887701.55 19.82 352 3075.75 19.79 98550 24762.13 19.82 201 10 99 59094 2940 29106 18.9 20.8 19.64 0.24
265500.0 310 26.67 0.16 99600 7931.98 0.36 15230 1487.06 0.2 4482125 889188.61 19.82 310 53.88 0.19 98860 24816.01 19.82 201 10 99 59295 2950 29205 17.3 20.2 18.11 0.13
266400.0 310 26.67 0.16 99910 7958.65 0.36 15241 1488.0 0.2 4497366 890676.61 19.82 310 53.87 0.19 99170 24869.88 19.82 201 10 99 59496 2960 29304 17.3 18.8 17.81 0.02
267300.0 376 26.81 0.16 100286 7985.46 0.36 15301 1488.06 0.2 4512667 892164.67 19.82 370 53.88 0.19 99540 24923.76 19.82 201 10 99 59697 2970 29403 17.3 18.8 17.81 0.02
268200.0 356 27.51 0.36 100642 8012.97 0.36 15590 151291.84 19.78 4528257 1043456.5 19.82 352 3073.16 19.78 99892 27996.93 19.82 201 10 99 59898 2980 29502 17.3 18.8 17.81 0.02
269100.0 310 26.67 0.16 100952 8039.64 0.36 15232 1483.0 0.2 4543489 1044939.5 19.82 310 53.79 0.19 100202 28050.72 19.82 201 10 99 60099 2990 29601 17.3 18.7 17.79 0.02
270000.0 310 26.67 0.16 101262 8066.31 0.36 15234 1483.4 0.2 4558723 1046422.9 19.82 310 53.79 0.19 100512 28104.51 19.82 201 10 99 60300 3000 29700 17.3 18.7 17.77 0.02
270900.0 376 26.81 0.16 101638 8093.12 0.36 15294 1483.4 0.2 4574017 1047906.29 19.82 370 53.79 0.19 100882 28158.3 19.82 201 10 99 60501 3010 29799 17.3 18.7 17.77 0.02
271800.0 354 27.45 0.36 101992 8120.57 0.36 15269 1481.0 0.2 4589286 1049387.29 19.82 350 53.75 0.19 101232 28212.05 19.82 201 10 99 60702 3020 29898 17.3 18.7 17.77 0.02
272700.0 310 26.67 0.16 102302 8147.24 0.36 15232 1481.4 0.2 4604518 1050868.69 19.82 310 53.75 0.19 101542 28265.8 19.82 201 10 99 60903 3030 29997 17.3 18.6 17.75 0.02
273600.0 310 26.67 0.16 102612 8173.91 0.36 15232 1481.6 0.2 4619750 1052350.28 19.82 310 53.75 0.19 101852 28319.55 19.82 201 10 99 61104 3040 30096 17.3 18.6 17.74 0.02
274500.0 376 26.81 0.16 102988 8200.72 0.36 15291 1481.6 0.2 4635041 1053831.88 19.82 370 53.75 0.19 102222 28373.3 19.82 201 10 99 61305 3050 30195 17.3 18.6 17.74 0.02
275400.0 354 27.45 0.36 103342 8228.17 0.36 15266 1486.39 0.2 4650307 1055318.27 19.82 350 53.87 0.19 102572 28427.17 19.82 201 10 99 61506 3060 30294 17.3 18.6 17.74 0.02
276300.0 310 26.67 0.16 103652 8254.83 0.36 15223 1482.21 0.2 4665530 1056800.47 19.82 310 53.79 0.19 102882 28480.96 19.82 201 10 99 61707 3070 30393 17.3 18.5 17.72 0.02
277200.0 310 26.67 0.16 103962 8281.5 0.36 15224 1482.39 0.2 4680754 1058282.86 19.82 310 53.79 0.19 103192 28534.74 19.82 201 10 99 61908 3080 30492 17.3 18.5 17.71 0.02
278100.0 376 26.81 0.16 104338 8308.31 0.36 15284 1482.41 0.2 4696038 1059765.27 19.82 370 53.79 0.19 103562 28588.53 19.82 201 10 99 62109 3090 30591 17.3 18.5 17.71 0.02
279000.0 354 27.44 0.36 104692 8335.76 0.36 15264 1478.94 0.2 4711302 1061244.21 19.82 350 53.72 0.19 103912 28642.25 19.82 201 10 99 62310 3100 30690 17.3 18.5 17.71 0.02
279900.0 310 26.67 0.16 105002 8362.43 0.36 15223 1482.39 0.2 4726525 1062726.61 19.82 310 53.79 0.19 104222 28696.04 19.82 201 10 99 62511 3110 30789 17.3 18.4 17.7 0.02
280800.0 310 26.67 0.16 105312 8389.09 0.36 15228 1483.0 0.2 4741753 1064209.6 19.82 310 53.79 0.19 104532 28749.83 19.82 201 10 99 62712 3120 30888 17.3 18.4 17.69 0.02
281700.0 376 26.81 0.16 105688 8415.91 0.36 15288 1483.0 0.2 4757041 1065692.6 19.82 370 53.79 0.19 104902 28803.62 19.82 201 10 99 62913 3130 30987 17.3 18.4 17.69 0.02
282600.0 354 27.45 0.36 106042 8443.35 0.36 15266 1483.67 0.2 4772307 1067176.27 19.82 350 53.81 0.19 105252 28857.43 19.82 201 10 99 63114 3140 31086 17.3 18.4 17.69 0.02
283500.0 310 26.67 0.16 106352 8470.02 0.36 15223 1481.0 0.2 4787530 1068657.27 19.82 310 53.76 0.19 105562 28911.2 19.82 201 10 99 63315 3150 31185 17.3 18.3 17.68 0.01
284400.0 310 26.67 0.16 106662 8496.69 0.36 15223 1481.21 0.2 4802753 1070138.48 19.82 310 53.76 0.19 105872 28964.96 19.82 201 10 99 63516 3160 31284 17.3 18.3 17.68 0.01
285300.0 376 26.81 0.16 107038 8523.5 0.36 15281 1481.2 0.2 4818034 1071619.67 19.82 370 53.76 0.19 106242 29018.72 19.82 201 10 99 63717 3170 31383 17.3 18.3 17.68 0.01
286200.0 354 27.44 0.36 107392 8550.94 0.36 15259 1477.91 0.2 4833293 1073097.59 19.82 350 53.7 0.19 106592 29072.42 19.82 201 10 99 63918 3180 31482 17.3 18.3 17.68 0.01
287100.0 310 26.67 0.16 107702 8577.61 0.36 15214 1475.78 0.2 4848507 1074573.37 19.82 310 53.68 0.19 106902 29126.1 19.82 201 10 99 64119 3190 31581 17.3 18.2 17.67 0.01
288000.0 310 26.67 0.16 108012 8604.27 0.36 15213 1475.57 0.2 4863720 1076048.93 19.82 310 53.68 0.19 107212 29179.77 19.82 201 10 99 64320 3200 31680 17.3 18.2 17.67 0.01
288900.0 376 26.81 0.16 108388 8631.08 0.36 15273 1475.58 0.2 4878993 1077524.52 19.82 370 53.68 0.19 107582 29233.45 19.82 201 10 99 64521 3210 31779 17.3 18.2 17.67 0.01
289800.0 354 27.45 0.36 108742 8658.53 0.36 15250 1480.39 0.2 4894243 1079004.9 19.82 350 53.79 0.19 107932 29287.24 19.82 201 10 99 64722 3220 31878 17.3 18.2 17.67 0.01
290700.0 310 26.67 0.16 109052 8685.2 0.36 15210 1484.0 0.2 4909453 1080488.9 19.82 310 53.86 0.19 108242 29341.1 19.82 201 10 99 64923 3230 31977 17.3 18.1 17.67 0.01
291600.0 310 26.67 0.16 109362 8711.87 0.36 15211 1483.99 0.2 4924664 1081972.89 19.82 310 53.86 0.19 108552 29394.97 19.82 201 10 99 65124 3240 32076 17.3 18.1 17.66 0.01
292500.0 376 26.81 0.16 109738 8738.69 0.36 15268 1483.8 0.2 4939932 1083456.69 19.82 370 53.87 0.19 108922 29448.83 19.82 201 10 99 65325 3250 32175 17.3 18.1 17.66 0.01
293400.0 354 27.45 0.36 110092 8766.13 0.36 15247 1479.13 0.2 4955179 1084935.82 19.82 350 53.77 0.19 109272 29502.6 19.82 201 10 99 65526 3260 32274 17.3 18.1 17.66 0.01
294300.0 310 26.67 0.16 110402 8792.8 0.36 15207 1479.32 0.2 4970386 1086415.14 19.82 310 53.77 0.19 109582 29556.37 19.82 201 10 99 65727 3270 32373 17.4 18.0 17.67 0.01
295200.0 310 26.67 0.16 110712 8819.47 0.36 15203 1478.53 0.2 4985589 1087893.67 19.82 310 53.77 0.19 109892 29610.14 19.82 201 10 99 65928 3280 32472 17.4 18.0 17.66 0.01
296100.0 376 26.81 0.16 111088 8846.28 0.36 15263 1478.53 0.2 5000852 1089372.19 19.82 370 53.77 0.19 110262 29663.91 19.82 201 10 99 66129 3290 32571 17.4 18.0 17.66 0.01
297000.0 354 27.45 0.36 111442 8873.73 0.36 15242 1482.99 0.2 5016094 1090855.18 19.82 350 53.87 0.19 110612 29717.78 19.82 201 10 99 66330 3300 32670 17.4 18.0 17.66 0.01
297900.0 310 26.67 0.16 111752 8900.4 0.36 15199 1482.0 0.2 5031293 1092337.18 19.82 310 53.86 0.19 110922 29771.64 19.82 201 10 99 66531 3310 32769 17.4 18.0 17.67 0.01
298800.0 310 26.67 0.16 112062 8927.07 0.36 15200 1482.39 0.2 5046493 1093819.57 19.82 310 53.86 0.19 111232 29825.51 19.82 201 10 99 66732 3320 32868 17.4 18.0 17.66 0.01
299700.0 376 26.81 0.16 112438 8953.89 0.36 15260 1482.4 0.2 5061753 1095301.97 19.82 370 53.87 0.19 111602 29879.38 19.82 201 10 99 66933 3330 32967 17.4 18.0 17.66 0.01
300600.0 354 27.45 0.36 112792 8981.33 0.36 15232 1481.39 0.2 5076985 1096783.36 19.82 350 53.87 0.19 111952 29933.24 19.82 201 10 99 67134 3340 33066 17.4 18.0 17.66 0.01
301500.0 310 26.67 0.16 113102 9008.0 0.36 15193 1476.99 0.2 5092178 1098260.35 19.82 310 53.77 0.19 112262 29987.02 19.82 201 10 99 67335 3350 33165 17.4 17.9 17.67 0.01
302400.0 310 26.67 0.16 113412 9034.67 0.36 15195 1476.98 0.2 5107373 1099737.33 19.82 310 53.77 0.19 112572 30040.79 19.82 201 10 99 67536 3360 33264 17.4 17.9 17.67 0.01
303300.0 376 26.81 0.16 113788 9061.48 0.36 15253 1476.79 0.2 5122626 1101214.12 19.82 370 53.78 0.19 112942 30094.57 19.82 201 10 99 67737 3370 33363 17.4 17.9 17.67 0.01
304200.0 354 27.44 0.36 114142 9088.93 0.36 15229 1472.76 0.2 5137855 1102686.89 19.82 350 53.7 0.19 113292 30148.27 19.82 201 10 99 67938 3380 33462 17.4 17.9 17.67 0.01
305100.0 310 26.67 0.16 114452 9115.6 0.36 15191 1477.59 0.2 5153046 1104164.48 19.82 310 53.79 0.19 113602 30202.06 19.82 201 10 99 68139 3390 33561 17.4 17.8 17.67 0.01
306000.0 310 26.67 0.16 114762 9142.27 0.36 15190 1477.8 0.2 5168236 1105642.28 19.82 310 53.79 0.19 113912 30255.85 19.82 201 10 99 68340 3400 33660 17.4 17.9 17.67 0.01
306900.0 376 26.81 0.16 115138 9169.08 0.36 15250 1477.8 0.2 5183486 1107120.07 19.82 370 53.79 0.19 114282 30309.65 19.82 201 10 99 68541 3410 33759 17.4 17.9 17.67 0.01
307800.0 354 27.45 0.36 115492 9196.53 0.36 15226 1480.79 0.2 5198712 1108600.86 19.82 350 53.87 0.19 114632 30363.51 19.82 201 10 99 68742 3420 33858 17.4 17.9 17.67 0.01
308700.0 310 26.67 0.16 115802 9223.2 0.36 15187 1481.0 0.2 5213899 1110081.86 19.82 310 53.86 0.19 114942 30417.38 19.82 201 10 99 68943 3430 33957 17.4 17.9 17.68 0.01
309600.0 310 26.67 0.16 116112 9249.87 0.36 15187 1480.99 0.2 5229086 1111562.85 19.82 310 53.86 0.19 115252 30471.24 19.82 201 10 99 69144 3440 34056 17.4 17.9 17.68 0.01
310500.0 376 26.81 0.16 116488 9276.68 0.36 15244 1480.4 0.2 5244330 1113043.24 19.82 370 53.87 0.19 115622 30525.11 19.82 201 10 99 69345 3450 34155 17.4 17.9 17.68 0.01
311400.0 354 27.45 0.36 116842 9304.13 0.36 15214 1474.53 0.2 5259544 1114517.77 19.82 350 53.77 0.19 115972 30578.88 19.82 201 10 99 69546 3460 34254 17.4 17.9 17.68 0.01
312300.0 310 26.67 0.16 117152 9330.8 0.36 15184 1476.72 0.2 5274728 1115994.5 19.82 310 53.77 0.19 116282 30632.65 19.82 201 10 99 69747 3470 34353 17.4 18.0 17.69 0.01
313200.0 310 26.67 0.16 117462 9357.47 0.36 15181 1476.33 0.2 5289909 1117470.82 19.82 310 53.77 0.19 116592 30686.42 19.82 201 10 99 69948 3480 34452 17.3 18.0 17.69 0.01
314100.0 376 26.81 0.16 117838 9384.28 0.36 15239 1476.13 0.2 5305148 1118946.95 19.82 370 53.77 0.19 116962 30740.19 19.82 201 10 99 70149 3490 34551 17.3 18.0 17.69 0.01
315000.0 354 27.45 0.36 118192 9411.73 0.36 15205 1478.59 0.2 5320353 1120425.54 19.82 350 53.87 0.19 117312 30794.05 19.82 201 10 99 70350 3500 34650 17.3 18.0 17.69 0.01
315900.0 310 26.67 0.16 118502 9438.39 0.36 15172 1475.61 0.2 5335525 1121901.15 19.82 310 53.79 0.19 117622 30847.84 19.82 201 10 99 70551 3510 34749 17.3 18.1 17.7 0.01
316800.0 310 26.67 0.16 118812 9465.06 0.36 15171 1475.39 0.2 5350696 1123376.53 19.82 310 53.79 0.19 117932 30901.63 19.82 201 10 99 70752 3520 34848 17.3 18.1 17.71 0.02
317700.0 376 26.81 0.16 119188 9491.88 0.36 15230 1475.41 0.2 5365926 1124851.94 19.82 370 53.79 0.19 118302 30955.42 19.82 201 10 99 70953 3530 34947 17.3 18.1 17.71 0.02
318600.0 354 27.45 0.36 119542 9519.32 0.36 15197 1473.79 0.2 5381123 1126325.73 19.82 350 53.79 0.19 118652 31009.2 19.82 201 10 99 71154 3540 35046 17.3 18.1 17.71 0.02
319500.0 310 26.67 0.16 119852 9545.99 0.36 15170 1479.2 0.2 5396293 1127804.93 19.82 310 53.86 0.19 118962 31063.07 19.82 201 10 99 71355 3550 35145 17.3 18.2 17.72 0.02
320400.0 310 26.67 0.16 120162 9572.66 0.36 15168 1478.99 0.2 5411461 1129283.92 19.82 310 53.86 0.19 119272 31116.93 19.82 201 10 99 71556 3560 35244 17.3 18.2 17.72 0.02
321300.0 376 26.81 0.16 120538 9599.48 0.36 15226 1478.6 0.2 5426687 1130762.52 19.82 370 53.87 0.19 119642 31170.8 19.82 201 10 99 71757 3570 35343 17.3 18.2 17.72 0.02
322200.0 354 27.44 0.36 120892 9626.92 0.36 15185 1465.44 0.2 5441872 1132227.95 19.82 350 53.64 0.19 119992 31224.44 19.82 201 10 99 71958 3580 35442 17.3 18.2 17.72 0.02
323100.0 310 26.66 0.16 121202 9653.58 0.36 15149 1462.04 0.2 5457021 1133690.0 19.82 310 53.56 0.19 120302 31278.0 19.82 201 10 99 72159 3590 35541 17.3 18.2 17.72 0.02
324000.0 310 26.66 0.16 121512 9680.25 0.36 15152 1462.23 0.2 5472173 1135152.23 19.82 310 53.56 0.19 120612 31331.56 19.82 201 10 99 72360 3600 35640 17.3 18.2 17.73 0.02
324900.0 376 26.81 0.16 121888 9707.05 0.36 15205 1461.44 0.2 5487378 1136613.67 19.82 370 53.56 0.19 120982 31385.11 19.82 201 10 99 72561 3610 35739 17.3 18.2 17.73 0.02
325800.0 354 27.45 0.36 122242 9734.5 0.36 15176 1470.58 0.2 5502554 1138084.25 19.82 350 53.78 0.19 121332 31438.89 19.82 201 10 99 72762 3620 35838 17.3 18.2 17.73 0.02
326700.0 310 26.67 0.16 122552 9761.17 0.36 15154 1477.39 0.2 5517708 1139561.65 19.82 310 53.86 0.19 121642 31492.75 19.82 201 10 99 72963 3630 35937 17.3 18.3 17.74 0.03
327600.0 310 26.67 0.16 122862 9787.84 0.36 15153 1477.19 0.2 5532861 1141038.83 19.82 310 53.86 0.19 121952 31546.62 19.82 201 10 99 73164 3640 36036 17.2 18.3 17.74 0.03
328500.0 376 26.81 0.16 123238 9814.65 0.36 15212 1477.2 0.2 5548073 1142516.03 19.82 370 53.87 0.19 122322 31600.49 19.82 201 10 99 73365 3650 36135 17.2 18.3 17.74 0.03
329400.0 354 27.45 0.36 123592 9842.1 0.36 15169 1474.19 0.2 5563242 1143990.22 19.82 350 53.87 0.19 122672 31654.35 19.82 201 10 99 73566 3660 36234 17.2 18.3 17.74 0.03
330300.0 310 26.67 0.16 123902 9868.77 0.36 15148 1477.4 0.2 5578390 1145467.62 19.82 310 53.86 0.19 122982 31708.22 19.82 201 10 99 73767 3670 36333 17.2 18.4 17.76 0.03
331200.0 310 26.67 0.16 124212 9895.44 0.36 15144 1476.59 0.2 5593534 1146944.21 19.82 310 53.86 0.19 123292 31762.08 19.82 201 10 99 73968 3680 36432 17.2 18.4 17.76 0.03
332100.0 376 26.81 0.16 124588 9922.26 0.36 15200 1476.0 0.2 5608734 1148420.21 19.82 370 53.87 0.19 123662 31815.95 19.82 201 10 99 74169 3690 36531 17.2 18.4 17.76 0.03
333000.0 354 27.45 0.36 124942 9949.71 0.36 15138 1466.2 0.2 5623872 1149886.41 19.82 350 53.79 0.19 124012 31869.74 19.82 201 10 99 74370 3700 36630 17.2 18.4 17.76 0.03
333900.0 310 26.67 0.16 125252 9976.37 0.36 15101 1466.39 0.2 5638973 1151352.8 19.82 310 53.79 0.19 124322 31923.53 19.82 201 10 99 74571 3710 36729 17.2 18.5 17.77 0.04
334800.0 310 26.67 0.16 125562 10003.04 0.36 15101 1466.2 0.2 5654074 1152819.0 19.82 310 53.79 0.19 124632 31977.32 19.82 201 10 99 74772 3720 36828 17.2 18.5 17.77 0.04
335700.0 376 26.81 0.16 125938 10029.86 0.36 15150 1464.19 0.2 5669224 1154283.19 19.82 370 53.79 0.19 125002 32031.11 19.82 201 10 99 74973 3730 36927 17.2 18.5 17.77 0.04
336600.0 354 27.45 0.36 126292 10057.3 0.36 15109 1464.99 0.2 5684333 1155748.18 19.82 350 53.87 0.19 125352 32084.98 19.82 201 10 99 75174 3740 37026 17.2 18.5 17.77 0.04
337500.0 310 26.67 0.16 126602 10083.98 0.36 15082 1466.8 0.2 5699415 1157214.98 19.82 310 53.86 0.19 125662 32138.84 19.82 201 10 99 75375 3750 37125 17.2 18.5 17.78 0.04
338400.0 310 26.67 0.16 126912 10110.65 0.36 15082 1466.59 0.2 5714497 1158681.56 19.82 310 53.86 0.19 125972 32192.71 19.82 201 10 99 75576 3760 37224 17.2 18.5 17.78 0.04
339300.0 376 26.81 0.16 127288 10137.46 0.36 15132 1465.4 0.2 5729629 1160146.96 19.82 370 53.87 0.19 126342 32246.58 19.82 201 10 99 75777 3770 37323 17.2 18.5 17.78 0.04
340200.0 354 27.45 0.36 127642 10164.91 0.36 15078 1455.6 0.2 5744707 1161602.56 19.82 350 53.75 0.19 126692 32300.33 19.82 201 10 99 75978 3780 37422 17.2 18.5 17.78 0.04
341100.0 310 26.67 0.16 127952 10191.57 0.36 15040 1455.99 0.2 5759747 1163058.56 19.82 310 53.75 0.19 127002 32354.08 19.82 201 10 99 76179 3790 37521 17.2 18.5 17.78 0.04
342000.0 310 26.67 0.16 128262 10218.24 0.36 15039 1455.79 0.2 5774786 1164514.35 19.82 310 53.75 0.19 127312 32407.83 19.82 201 10 99 76380 3800 37620 17.2 18.5 17.79 0.04
342900.0 376 26.81 0.16 128638 10245.05 0.36 15093 1455.0 0.2 5789879 1165969.35 19.82 370 53.75 0.19 127682 32461.58 19.82 201 10 99 76581 3810 37719 17.2 18.5 17.79 0.04
343800.0 354 27.44 0.36 128992 10272.49 0.36 15058 1447.41 0.2 5804937 1167416.76 19.82 350 53.64 0.19 128032 32515.22 19.82 201 10 99 76782 3820 37818 17.2 18.5 17.79 0.04
344700.0 310 26.67 0.16 129302 10299.16 0.36 15015 1446.8 0.2 5819952 1168863.55 19.82 310 53.64 0.19 128342 32568.86 19.82 201 10 99 76983 3830 37917 17.2 18.6 17.79 0.05
345600.0 310 26.67 0.16 129612 10325.83 0.36 15012 1446.41 0.2 5834964 1170309.96 19.82 310 53.64 0.19 128652 32622.5 19.82 201 10 99 77184 3840 38016 17.2 18.6 17.79 0.05
