# seed = 6, gamma = 0.66, beta = 0.66, dee = 0.1, dcc = 25.0, dec = 50.0, dsCnd = 500.0, dLocalhost = 0.02, hostBroker = EDGE 
#
# The columns have the following meaning: 
# instant[SECONDS] commCountUploadPartial delaySumUploadPartial[SECONDS] delayMaxUploadPartial[SECONDS] commCountUploadTot delaySumUploadTot[SECONDS] delayMaxUploadTot[SECONDS] commCountDownloadPartial delaySumDownloadPartial[SECONDS] delayMaxDownloadPartial[SECONDS] commCountDownloadTot delaySumDownloadTot[SECONDS] delayMaxDownloadTot[SECONDS] commCountDownloadMaxPartial delaySumDownloadMaxPartial[SECONDS] delayMaxDownloadMaxPartial[SECONDS] commCountDownloadMaxTot delaySumDownloadMaxTot[SECONDS] delayMaxDownloadMaxTot[SECONDS] runOnCloudPartial runOnEdgePartial runOnSmartphonePartial runOnCloudTot runOnEdgeTot runOnSmartphoneTot minTemp maxTemp avgTemp varianceTemp
0.0 0 0.0 0.0 0 0.0 0.0 0 0.0 0.0 0 0.0 0.0 0 0.0 0.0 0 0.0 0.0 0 0 0 0 0 0 17.0 25.0 21.0 0.0
900.0 376 105.44 0.5 376 105.44 0.5 15589 5242.13 0.55 15589 5242.13 0.55 370 158.16 0.53 370 158.16 0.53 106 6 198 106 6 198 18.9 21.0 19.45 0.85
1800.0 356 106.21 0.5 732 211.65 0.5 15876 161537.31 20.49 31465 166779.44 20.49 352 3244.44 20.49 722 3402.6 20.49 106 6 198 212 12 396 18.8 18.9 18.9 0.0
2700.0 310 105.33 0.5 1042 316.97 0.5 15534 5261.22 0.55 46999 172040.66 20.49 310 158.47 0.54 1032 3561.08 20.49 106 6 198 318 18 594 17.7 18.9 18.43 0.03
3600.0 310 105.33 0.5 1352 422.3 0.5 15534 5261.23 0.55 62533 177301.88 20.49 310 158.48 0.54 1342 3719.55 20.49 106 6 198 424 24 792 17.6 18.9 18.23 0.06
4500.0 376 105.47 0.5 1728 527.77 0.5 15589 5260.73 0.55 78122 182562.61 20.49 370 158.52 0.54 1712 3878.08 20.49 106 6 198 530 30 990 17.6 18.7 18.23 0.06
5400.0 356 106.22 0.5 2084 633.99 0.5 15904 11586.21 20.56 94026 194148.82 20.56 352 179.22 20.56 2064 4057.3 20.56 106 6 198 636 36 1188 17.6 18.7 18.23 0.06
6300.0 310 105.33 0.5 2394 739.32 0.5 15581 5279.01 0.55 109607 199427.82 20.56 310 158.63 0.54 2374 4215.93 20.56 106 6 198 742 42 1386 17.6 18.7 18.24 0.05
7200.0 310 105.33 0.5 2704 844.65 0.5 15584 5279.6 0.55 125191 204707.43 20.56 310 158.64 0.54 2684 4374.57 20.56 106 6 198 848 48 1584 17.6 18.7 18.25 0.04
8100.0 376 105.48 0.5 3080 950.13 0.5 15641 5279.62 0.55 140832 209987.04 20.56 370 158.68 0.54 3054 4533.25 20.56 106 6 198 954 54 1782 17.6 18.7 18.25 0.04
9000.0 356 106.22 0.5 3436 1056.35 0.5 15933 11602.79 20.58 156765 221589.83 20.58 352 179.3 20.58 3406 4712.55 20.58 106 6 198 1060 60 1980 17.6 18.7 18.25 0.04
9900.0 310 105.33 0.5 3746 1161.68 0.5 15589 5275.65 0.55 172354 226865.49 20.58 310 158.56 0.54 3716 4871.11 20.58 106 6 198 1166 66 2178 17.6 18.7 18.23 0.04
10800.0 310 105.33 0.5 4056 1267.01 0.5 15590 5276.17 0.55 187944 232141.66 20.58 310 158.57 0.54 4026 5029.68 20.58 106 6 198 1272 72 2376 17.6 18.7 18.16 0.05
11700.0 376 105.47 0.5 4432 1372.48 0.5 15649 5276.27 0.55 203593 237417.93 20.58 370 158.62 0.54 4396 5188.3 20.58 106 6 198 1378 78 2574 17.6 18.7 18.16 0.05
12600.0 354 106.11 0.5 4786 1478.59 0.5 15620 5275.7 0.55 219213 242693.63 20.58 350 158.76 0.54 4746 5347.06 20.58 106 6 198 1484 84 2772 17.6 18.7 18.16 0.05
13500.0 310 105.33 0.5 5096 1583.92 0.5 15547 5268.45 0.55 234760 247962.08 20.58 310 158.61 0.54 5056 5505.67 20.58 106 6 198 1590 90 2970 17.6 18.7 18.14 0.05
14400.0 310 105.33 0.5 5406 1689.26 0.5 15544 5267.3 0.55 250304 253229.39 20.58 310 158.61 0.54 5366 5664.28 20.58 106 6 198 1696 96 3168 17.6 18.7 18.14 0.05
15300.0 376 105.48 0.5 5782 1794.73 0.5 15602 5266.85 0.55 265906 258496.24 20.58 370 158.66 0.54 5736 5822.94 20.58 106 6 198 1802 102 3366 17.6 18.7 18.14 0.05
16200.0 354 106.11 0.5 6136 1900.84 0.5 15577 5267.34 0.55 281483 263763.58 20.58 350 158.77 0.54 6086 5981.72 20.58 106 6 198 1908 108 3564 17.6 18.7 18.14 0.05
17100.0 310 105.33 0.5 6446 2006.17 0.5 15541 5264.23 0.55 297024 269027.81 20.58 310 158.53 0.54 6396 6140.25 20.58 106 6 198 2014 114 3762 17.6 18.7 18.12 0.04
18000.0 310 105.33 0.5 6756 2111.49 0.5 15543 5264.18 0.55 312567 274291.99 20.58 310 158.54 0.54 6706 6298.79 20.58 106 6 198 2120 120 3960 17.6 18.7 18.11 0.04
18900.0 376 105.47 0.5 7132 2216.96 0.5 15598 5262.08 0.55 328165 279554.06 20.58 370 158.59 0.54 7076 6457.37 20.58 106 6 198 2226 126 4158 17.6 18.6 18.11 0.04
19800.0 354 106.1 0.5 7486 2323.07 0.5 15574 5263.1 0.55 343739 284817.16 20.58 350 158.71 0.54 7426 6616.08 20.58 106 6 198 2332 132 4356 17.6 18.6 18.11 0.04
20700.0 310 105.33 0.5 7796 2428.4 0.5 15540 5266.27 0.55 359279 290083.43 20.58 310 158.6 0.54 7736 6774.68 20.58 106 6 198 2438 138 4554 17.6 18.6 18.08 0.03
21600.0 310 105.33 0.5 8106 2533.73 0.5 15540 5265.12 0.55 374819 295348.55 20.58 310 158.6 0.54 8046 6933.28 20.58 106 6 198 2544 144 4752 17.6 18.6 18.08 0.03
22500.0 376 105.47 0.5 8482 2639.2 0.5 15600 5265.23 0.55 390419 300613.78 20.58 370 158.65 0.54 8416 7091.93 20.58 106 6 198 2650 150 4950 17.6 18.6 18.08 0.03
23400.0 354 106.11 0.5 8836 2745.31 0.5 15570 5264.74 0.55 405989 305878.52 20.58 350 158.78 0.54 8766 7250.71 20.58 106 6 198 2756 156 5148 17.6 18.6 18.08 0.03
24300.0 310 105.34 0.5 9146 2850.64 0.5 15533 5266.75 0.55 421522 311145.28 20.58 310 158.64 0.54 9076 7409.35 20.58 106 6 198 2862 162 5346 17.5 18.6 18.05 0.03
25200.0 310 105.34 0.5 9456 2955.98 0.5 15536 5266.71 0.55 437058 316411.99 20.58 310 158.65 0.54 9386 7568.0 20.58 106 6 198 2968 168 5544 17.5 18.6 18.04 0.03
26100.0 376 105.48 0.5 9832 3061.46 0.5 15595 5266.81 0.55 452653 321678.8 20.58 370 158.69 0.54 9756 7726.69 20.58 106 6 198 3074 174 5742 17.5 18.6 18.04 0.03
27000.0 354 106.11 0.5 10186 3167.57 0.5 15566 5265.21 0.55 468219 326944.01 20.58 350 158.8 0.54 10106 7885.49 20.58 106 6 198 3180 180 5940 17.5 18.6 18.04 0.03
27900.0 310 105.33 0.5 10496 3272.9 0.5 15532 5264.49 0.55 483751 332208.5 20.58 310 158.62 0.54 10416 8044.11 20.58 106 6 198 3286 186 6138 17.5 18.6 18.01 0.03
28800.0 310 105.33 0.5 10806 3378.24 0.5 15537 5264.98 0.55 499288 337473.48 20.58 310 158.62 0.54 10726 8202.73 20.58 106 6 198 3392 192 6336 17.5 18.6 18.0 0.03
29700.0 376 105.48 0.5 11182 3483.71 0.5 15595 5263.99 0.55 514883 342737.47 20.58 370 158.67 0.54 11096 8361.4 20.58 106 6 198 3498 198 6534 17.5 18.6 18.0 0.03
30600.0 354 106.11 0.5 11536 3589.82 0.5 15565 5262.93 0.55 530448 348000.4 20.58 350 158.77 0.54 11446 8520.18 20.58 106 6 198 3604 204 6732 17.5 18.6 18.0 0.03
31500.0 310 105.34 0.5 11846 3695.16 0.5 15538 5267.85 0.55 545986 353268.25 20.58 310 158.64 0.54 11756 8678.82 20.58 106 6 198 3710 210 6930 17.4 18.6 17.97 0.03
32400.0 310 105.34 0.5 12156 3800.49 0.5 15538 5268.36 0.55 561524 358536.61 20.58 310 158.65 0.54 12066 8837.46 20.58 106 6 198 3816 216 7128 17.4 18.6 17.96 0.03
33300.0 376 105.48 0.5 12532 3905.97 0.5 15598 5268.46 0.55 577122 363805.07 20.58 370 158.69 0.54 12436 8996.16 20.58 106 6 198 3922 222 7326 17.4 18.5 17.96 0.03
34200.0 354 106.11 0.5 12886 4012.08 0.5 15558 5264.11 0.55 592680 369069.18 20.58 350 158.8 0.54 12786 9154.96 20.58 106 6 198 4028 228 7524 17.4 18.5 17.96 0.03
35100.0 310 105.34 0.5 13196 4117.42 0.5 15534 5265.66 0.55 608214 374334.84 20.58 310 158.64 0.54 13096 9313.6 20.58 106 6 198 4134 234 7722 17.4 18.5 17.93 0.03
36000.0 310 105.34 0.5 13506 4222.76 0.5 15538 5267.26 0.55 623752 379602.1 20.58 310 158.65 0.54 13406 9472.24 20.58 106 6 198 4240 240 7920 17.4 18.5 17.92 0.03
36900.0 376 105.48 0.5 13882 4328.23 0.5 15597 5267.36 0.55 639349 384869.46 20.58 370 158.69 0.54 13776 9630.94 20.58 106 6 198 4346 246 8118 17.4 18.5 17.92 0.03
37800.0 354 106.11 0.5 14236 4434.34 0.5 15554 5260.79 0.55 654903 390130.25 20.58 350 158.74 0.54 14126 9789.68 20.58 106 6 198 4452 252 8316 17.4 18.5 17.92 0.03
38700.0 310 105.33 0.5 14546 4539.67 0.5 15528 5262.89 0.55 670431 395393.15 20.58 310 158.59 0.54 14436 9948.26 20.58 106 6 198 4558 258 8514 17.3 18.5 17.89 0.03
39600.0 310 105.33 0.5 14856 4645.0 0.5 15538 5263.94 0.55 685969 400657.08 20.58 310 158.59 0.54 14746 10106.85 20.58 106 6 198 4664 264 8712 17.3 18.5 17.88 0.03
40500.0 376 105.47 0.5 15232 4750.47 0.5 15596 5263.49 0.55 701565 405920.58 20.58 370 158.64 0.54 15116 10265.49 20.58 106 6 198 4770 270 8910 17.3 18.5 17.88 0.03
41400.0 354 106.11 0.5 15586 4856.58 0.5 15557 5262.46 0.55 717122 411183.04 20.58 350 158.8 0.54 15466 10424.29 20.58 106 6 198 4876 276 9108 17.3 18.5 17.88 0.03
42300.0 310 105.33 0.5 15896 4961.92 0.5 15527 5265.2 0.55 732649 416448.24 20.58 310 158.62 0.54 15776 10582.91 20.58 106 6 198 4982 282 9306 17.3 18.5 17.85 0.04
43200.0 310 105.33 0.5 16206 5067.25 0.5 15531 5265.14 0.55 748180 421713.38 20.58 310 158.63 0.54 16086 10741.54 20.58 106 6 198 5088 288 9504 17.3 18.5 17.84 0.04
44100.0 376 105.48 0.5 16582 5172.73 0.5 15591 5265.25 0.55 763771 426978.63 20.58 370 158.67 0.54 16456 10900.21 20.58 106 6 198 5194 294 9702 17.2 18.4 17.83 0.04
45000.0 354 106.11 0.5 16936 5278.83 0.5 15550 5260.34 0.55 779321 432238.97 20.58 350 158.78 0.54 16806 11058.99 20.58 106 6 198 5300 300 9900 17.2 18.4 17.83 0.04
45900.0 310 105.33 0.5 17246 5384.17 0.5 15525 5264.39 0.55 794846 437503.36 20.58 310 158.62 0.54 17116 11217.6 20.58 106 6 198 5406 306 10098 17.2 18.5 17.81 0.05
46800.0 310 105.33 0.5 17556 5489.5 0.5 15534 5265.97 0.55 810380 442769.33 20.58 310 158.62 0.54 17426 11376.22 20.58 106 6 198 5512 312 10296 17.2 18.5 17.8 0.05
47700.0 376 105.48 0.5 17932 5594.98 0.5 15593 5266.09 0.55 825973 448035.43 20.58 370 158.67 0.54 17796 11534.89 20.58 106 6 198 5618 318 10494 17.2 18.5 17.8 0.05
48600.0 354 106.11 0.5 18286 5701.09 0.5 15548 5261.18 0.55 841521 453296.6 20.58 350 158.77 0.54 18146 11693.66 20.58 106 6 198 5724 324 10692 17.2 18.5 17.8 0.05
49500.0 310 105.34 0.5 18596 5806.42 0.5 15525 5265.65 0.55 857046 458562.25 20.58 310 158.64 0.54 18456 11852.3 20.58 106 6 198 5830 330 10890 17.1 18.5 17.76 0.06
50400.0 310 105.34 0.5 18906 5911.76 0.5 15534 5267.26 0.55 872580 463829.51 20.58 310 158.65 0.54 18766 12010.95 20.58 106 6 198 5936 336 11088 17.1 18.5 17.75 0.06
51300.0 376 105.48 0.5 19282 6017.24 0.5 15592 5266.26 0.55 888172 469095.77 20.58 370 158.69 0.54 19136 12169.64 20.58 106 6 198 6042 342 11286 17.1 18.5 17.75 0.06
52200.0 354 106.11 0.5 19636 6123.35 0.5 15547 5261.91 0.55 903719 474357.69 20.58 350 158.8 0.54 19486 12328.44 20.58 106 6 198 6148 348 11484 17.1 18.5 17.75 0.06
53100.0 310 105.34 0.5 19946 6228.68 0.5 15508 5262.36 0.55 919227 479620.04 20.58 310 158.64 0.54 19796 12487.08 20.58 106 6 198 6254 354 11682 17.1 18.6 17.73 0.07
54000.0 310 105.34 0.5 20256 6334.02 0.5 15517 5262.86 0.55 934744 484882.9 20.58 310 158.65 0.54 20106 12645.73 20.58 106 6 198 6360 360 11880 17.1 18.6 17.72 0.07
54900.0 376 105.48 0.5 20632 6439.5 0.5 15575 5262.41 0.55 950319 490145.31 20.58 370 158.69 0.54 20476 12804.42 20.58 106 6 198 6466 366 12078 17.1 18.6 17.72 0.07
55800.0 354 106.11 0.5 20986 6545.61 0.5 15545 5260.26 0.55 965864 495405.57 20.58 350 158.8 0.54 20826 12963.22 20.58 106 6 198 6572 372 12276 17.1 18.6 17.72 0.07
56700.0 310 105.34 0.5 21296 6650.95 0.5 15521 5265.11 0.55 981385 500670.68 20.58 310 158.64 0.54 21136 13121.86 20.58 106 6 198 6678 378 12474 17.1 18.6 17.69 0.08
57600.0 310 105.34 0.5 21606 6756.28 0.5 15529 5266.71 0.55 996914 505937.39 20.58 310 158.65 0.54 21446 13280.51 20.58 106 6 198 6784 384 12672 17.1 18.6 17.69 0.08
58500.0 376 105.48 0.5 21982 6861.76 0.5 15589 5266.81 0.55 1012503 511204.2 20.58 370 158.69 0.54 21816 13439.2 20.58 106 6 198 6890 390 12870 17.1 18.6 17.69 0.08
59400.0 354 106.11 0.5 22336 6967.87 0.5 15536 5259.2 0.55 1028039 516463.4 20.58 350 158.76 0.54 22166 13597.97 20.58 106 6 198 6996 396 13068 17.1 18.6 17.69 0.08
60300.0 310 105.33 0.5 22646 7073.2 0.5 15517 5263.5 0.55 1043556 521726.9 20.58 310 158.61 0.54 22476 13756.58 20.58 106 6 198 7102 402 13266 17.0 18.6 17.66 0.09
61200.0 310 105.33 0.5 22956 7178.54 0.5 15529 5266.75 0.55 1059085 526993.66 20.58 310 158.61 0.54 22786 13915.19 20.58 106 6 198 7208 408 13464 17.0 18.6 17.65 0.09
62100.0 376 105.48 0.5 23332 7284.01 0.5 15586 5266.3 0.55 1074671 532259.96 20.58 370 158.66 0.54 23156 14073.85 20.58 106 6 198 7314 414 13662 17.0 18.6 17.65 0.09
63000.0 354 106.1 0.5 23686 7390.12 0.5 15536 5257.78 0.55 1090207 537517.74 20.58 350 158.71 0.54 23506 14232.56 20.58 106 6 198 7420 420 13860 17.0 18.6 17.65 0.09
63900.0 310 105.32 0.5 23996 7495.44 0.5 15496 5253.52 0.55 1105703 542771.26 20.58 310 158.52 0.54 23816 14391.08 20.58 106 6 198 7526 426 14058 17.0 18.6 17.63 0.1
64800.0 310 105.32 0.5 24306 7600.77 0.5 15504 5255.67 0.55 1121207 548026.93 20.58 310 158.52 0.54 24126 14549.6 20.58 106 6 198 7632 432 14256 17.0 18.6 17.63 0.1
65700.0 376 105.46 0.5 24682 7706.23 0.5 15564 5255.76 0.55 1136771 553282.69 20.58 370 158.57 0.54 24496 14708.17 20.58 106 6 198 7738 438 14454 17.0 18.6 17.63 0.1
66600.0 354 106.1 0.5 25036 7812.33 0.5 15530 5253.01 0.55 1152301 558535.7 20.58 350 158.66 0.54 24846 14866.83 20.58 106 6 198 7844 444 14652 17.0 18.6 17.63 0.1
67500.0 310 105.32 0.5 25346 7917.65 0.5 15490 5250.92 0.55 1167791 563786.63 20.58 310 158.48 0.54 25156 15025.3 20.58 106 6 198 7950 450 14850 17.0 18.7 17.62 0.1
68400.0 310 105.32 0.5 25656 8022.98 0.5 15495 5252.0 0.55 1183286 569038.63 20.58 310 158.48 0.54 25466 15183.78 20.58 106 6 198 8056 456 15048 17.0 18.7 17.61 0.11
69300.0 376 105.46 0.5 26032 8128.44 0.5 15555 5252.07 0.55 1198841 574290.7 20.58 370 158.53 0.54 25836 15342.31 20.58 106 6 198 8162 462 15246 17.0 18.7 17.61 0.11
70200.0 354 106.1 0.5 26386 8234.54 0.5 15520 5252.13 0.55 1214361 579542.83 20.58 350 158.66 0.54 26186 15500.98 20.58 106 6 198 8268 468 15444 17.0 18.7 17.61 0.11
71100.0 310 105.32 0.5 26696 8339.86 0.5 15487 5252.69 0.55 1229848 584795.52 20.58 310 158.5 0.54 26496 15659.48 20.58 106 6 198 8374 474 15642 17.0 18.7 17.6 0.11
72000.0 310 105.32 0.5 27006 8445.19 0.5 15497 5254.85 0.55 1245345 590050.38 20.58 310 158.5 0.54 26806 15817.98 20.58 106 6 198 8480 480 15840 17.0 18.7 17.59 0.11
72900.0 376 105.46 0.5 27382 8550.65 0.5 15555 5254.39 0.55 1260900 595304.77 20.58 370 158.55 0.54 27176 15976.53 20.58 106 6 198 8586 486 16038 17.0 18.7 17.59 0.11
73800.0 354 106.1 0.5 27736 8656.75 0.5 15523 5252.25 0.55 1276423 600557.02 20.58 350 158.66 0.54 27526 16135.19 20.58 106 6 198 8692 492 16236 17.0 18.7 17.59 0.11
74700.0 310 105.33 0.5 28046 8762.08 0.5 15485 5254.63 0.55 1291908 605811.66 20.58 310 158.54 0.54 27836 16293.73 20.58 106 6 198 8798 498 16434 17.0 18.7 17.58 0.11
75600.0 310 105.33 0.5 28356 8867.41 0.5 15484 5254.59 0.55 1307392 611066.25 20.58 310 158.54 0.54 28146 16452.27 20.58 106 6 198 8904 504 16632 17.0 18.7 17.58 0.11
76500.0 376 105.47 0.5 28732 8972.88 0.5 15544 5254.69 0.55 1322936 616320.94 20.58 370 158.59 0.54 28516 16610.86 20.58 106 6 198 9010 510 16830 17.0 18.7 17.58 0.11
77400.0 354 106.1 0.5 29086 9078.98 0.5 15511 5250.87 0.55 1338447 621571.81 20.58 350 158.67 0.54 28866 16769.54 20.58 106 6 198 9116 516 17028 17.0 18.7 17.58 0.11
78300.0 310 105.32 0.5 29396 9184.3 0.5 15471 5250.21 0.55 1353918 626822.02 20.58 310 158.52 0.54 29176 16928.05 20.58 106 6 198 9222 522 17226 17.0 18.6 17.58 0.11
79200.0 310 105.32 0.5 29706 9289.63 0.5 15478 5251.27 0.55 1369396 632073.3 20.58 310 158.52 0.54 29486 17086.57 20.58 106 6 198 9328 528 17424 17.0 18.6 17.57 0.11
80100.0 376 105.46 0.5 30082 9395.09 0.5 15538 5251.36 0.55 1384934 637324.66 20.58 370 158.57 0.54 29856 17245.14 20.58 106 6 198 9434 534 17622 17.0 18.6 17.57 0.11
81000.0 354 106.1 0.5 30436 9501.2 0.5 15510 5251.45 0.55 1400444 642576.11 20.58 350 158.7 0.54 30206 17403.84 20.58 106 6 198 9540 540 17820 17.0 18.6 17.57 0.11
81900.0 310 105.33 0.5 30746 9606.53 0.5 15470 5252.37 0.55 1415914 647828.48 20.58 310 158.56 0.54 30516 17562.4 20.58 106 6 198 9646 546 18018 17.0 18.6 17.57 0.11
82800.0 310 105.33 0.5 31056 9711.86 0.5 15473 5252.33 0.55 1431387 653080.81 20.58 310 158.57 0.54 30826 17720.96 20.58 106 6 198 9752 552 18216 17.0 18.6 17.57 0.11
83700.0 376 105.47 0.5 31432 9817.33 0.5 15528 5250.78 0.55 1446915 658331.59 20.58 370 158.61 0.54 31196 17879.57 20.58 106 6 198 9858 558 18414 17.0 18.6 17.57 0.11
84600.0 354 106.11 0.5 31786 9923.44 0.5 15501 5249.73 0.55 1462416 663581.32 20.58 350 158.72 0.54 31546 18038.29 20.58 106 6 198 9964 564 18612 17.0 18.6 17.57 0.11
85500.0 310 105.33 0.5 32096 10028.76 0.5 15462 5249.43 0.55 1477878 668830.75 20.58 310 158.53 0.54 31856 18196.82 20.58 106 6 198 10070 570 18810 17.0 18.6 17.58 0.1
86400.0 310 105.33 0.5 32406 10134.09 0.5 15462 5250.46 0.55 1493340 674081.21 20.58 310 158.54 0.54 32166 18355.36 20.58 106 6 198 10176 576 19008 17.0 18.6 17.58 0.1
87300.0 376 105.47 0.5 32782 10239.56 0.5 15522 5250.57 0.55 1508862 679331.79 20.58 370 158.59 0.54 32536 18513.95 20.58 106 6 198 10282 582 19206 17.0 18.6 17.58 0.1
88200.0 354 106.11 0.5 33136 10345.67 0.5 15495 5252.92 0.55 1524357 684584.71 20.58 350 158.77 0.54 32886 18672.72 20.58 106 6 198 10388 588 19404 17.0 18.6 17.58 0.1
89100.0 310 105.34 0.5 33446 10451.01 0.5 15498 5260.15 0.55 1539855 689844.86 20.58 310 158.64 0.54 33196 18831.36 20.58 106 6 198 10494 594 19602 17.1 18.5 17.61 0.07
90000.0 310 105.34 0.5 33756 10556.34 0.5 15537 5267.81 0.55 1555392 695112.67 20.58 310 158.65 0.54 33506 18990.01 20.58 106 6 198 10600 600 19800 17.1 18.5 17.66 0.05
90900.0 376 105.48 0.5 34132 10661.82 0.5 15597 5267.91 0.55 1570989 700380.58 20.58 370 158.69 0.54 33876 19148.7 20.58 106 6 198 10706 606 19998 17.1 18.5 17.67 0.05
91800.0 354 106.1 0.5 34486 10767.93 0.5 15554 5259.58 0.55 1586543 705640.16 20.58 350 158.69 0.54 34226 19307.39 20.58 106 6 198 10812 612 20196 17.1 18.5 17.67 0.05
92700.0 310 105.32 0.5 34796 10873.25 0.5 15579 5269.14 0.55 1602122 710909.3 20.58 310 158.47 0.54 34536 19465.86 20.58 106 6 198 10918 618 20394 17.1 23.8 19.53 2.38
93600.0 310 105.32 0.5 35106 10978.57 0.5 15580 5270.22 0.55 1617702 716179.51 20.58 310 158.47 0.54 34846 19624.33 20.58 106 6 198 11024 624 20592 17.1 23.8 20.49 4.52
94500.0 376 105.46 0.5 35482 11084.03 0.5 15640 5270.29 0.55 1633342 721449.8 20.58 370 158.52 0.54 35216 19782.85 20.58 106 6 198 11130 630 20790 17.1 23.8 20.53 4.54
95400.0 354 106.1 0.5 35836 11190.13 0.5 15615 5269.27 0.55 1648957 726719.07 20.58 350 158.62 0.54 35566 19941.47 20.58 106 6 198 11236 636 20988 17.1 23.8 20.53 4.54
96300.0 310 105.32 0.5 36146 11295.45 0.5 15576 5270.24 0.55 1664533 731989.31 20.58 310 158.46 0.54 35876 20099.93 20.58 106 6 198 11342 642 21186 17.1 24.0 20.88 4.51
97200.0 310 105.32 0.5 36456 11400.77 0.5 15575 5269.67 0.55 1680108 737258.97 20.58 310 158.47 0.54 36186 20258.4 20.58 106 6 198 11448 648 21384 17.4 24.0 21.05 4.46
98100.0 376 105.46 0.5 36832 11506.23 0.5 15632 5269.19 0.55 1695740 742528.16 20.58 370 158.52 0.54 36556 20416.92 20.58 106 6 198 11554 654 21582 17.4 24.0 21.05 4.47
99000.0 354 106.09 0.5 37186 11612.33 0.5 15611 5266.55 0.55 1711351 747794.7 20.58 350 158.57 0.53 36906 20575.49 20.58 106 6 198 11660 660 21780 17.4 24.0 21.05 4.47
99900.0 310 105.32 0.5 37496 11717.64 0.5 15568 5266.41 0.55 1726919 753061.11 20.58 310 158.41 0.53 37216 20733.9 20.58 106 6 198 11766 666 21978 17.5 24.0 21.28 3.93
100800.0 310 105.32 0.5 37806 11822.96 0.5 15567 5264.19 0.55 1742486 758325.31 20.58 310 158.41 0.53 37526 20892.31 20.58 106 6 198 11872 672 22176 17.7 24.0 21.43 3.71
101700.0 376 105.46 0.5 38182 11928.42 0.5 15626 5264.26 0.55 1758112 763589.57 20.58 370 158.46 0.53 37896 21050.77 20.58 106 6 198 11978 678 22374 17.8 24.0 21.43 3.7
102600.0 354 106.09 0.5 38536 12034.51 0.5 15600 5262.97 0.55 1773712 768852.54 20.58 350 158.55 0.53 38246 21209.32 20.58 106 6 198 12084 684 22572 17.8 24.0 21.43 3.7
103500.0 310 105.32 0.5 38846 12139.82 0.5 15565 5263.38 0.55 1789277 774115.92 20.58 310 158.39 0.53 38556 21367.71 20.58 106 6 198 12190 690 22770 18.0 24.0 21.57 3.16
104400.0 310 105.32 0.5 39156 12245.14 0.5 15565 5262.82 0.55 1804842 779378.74 20.58 310 158.4 0.53 38866 21526.11 20.58 106 6 198 12296 696 22968 18.2 24.0 21.74 2.93
105300.0 376 105.46 0.5 39532 12350.6 0.5 15622 5261.78 0.55 1820464 784640.53 20.58 370 158.44 0.53 39236 21684.55 20.58 106 6 198 12402 702 23166 18.5 24.0 21.74 2.92
106200.0 354 106.09 0.5 39886 12456.69 0.5 15599 5260.2 0.55 1836063 789900.73 20.58 350 158.53 0.53 39586 21843.07 20.58 106 6 198 12508 708 23364 18.5 24.0 21.74 2.92
107100.0 310 105.31 0.5 40196 12561.99 0.5 15559 5257.03 0.55 1851622 795157.75 20.58 310 158.3 0.53 39896 22001.37 20.58 106 6 198 12614 714 23562 18.8 24.0 21.72 2.72
108000.0 310 105.31 0.5 40506 12667.3 0.5 15556 5257.0 0.55 1867178 800414.76 20.58 310 158.3 0.53 40206 22159.67 20.58 106 6 198 12720 720 23760 18.8 24.0 21.74 2.7
108900.0 376 105.45 0.5 40882 12772.75 0.5 15614 5256.52 0.55 1882792 805671.28 20.58 370 158.35 0.53 40576 22318.02 20.58 106 6 198 12826 726 23958 18.9 24.0 21.74 2.7
109800.0 354 106.08 0.5 41236 12878.83 0.5 15591 5256.05 0.55 1898383 810927.33 20.58 350 158.45 0.53 40926 22476.48 20.58 106 6 198 12932 732 24156 18.9 24.0 21.74 2.7
110700.0 310 105.31 0.5 41546 12984.14 0.5 15552 5255.37 0.55 1913935 816182.7 20.58 310 158.3 0.53 41236 22634.78 20.58 106 6 198 13038 738 24354 18.9 24.0 21.62 2.6
111600.0 310 105.31 0.5 41856 13089.44 0.5 15551 5255.35 0.55 1929486 821438.06 20.58 310 158.3 0.53 41546 22793.08 20.58 106 6 198 13144 744 24552 18.9 24.0 21.56 2.51
112500.0 376 105.45 0.5 42232 13194.89 0.5 15610 5254.87 0.55 1945096 826692.93 20.58 370 158.35 0.53 41916 22951.43 20.58 106 6 198 13250 750 24750 18.9 23.9 21.56 2.51
113400.0 354 106.08 0.5 42586 13300.98 0.5 15585 5254.4 0.55 1960681 831947.33 20.58 350 158.45 0.53 42266 23109.88 20.58 106 6 198 13356 756 24948 18.9 23.9 21.56 2.51
114300.0 310 105.31 0.5 42896 13406.28 0.5 15554 5254.82 0.55 1976235 837202.15 20.58 310 158.3 0.53 42576 23268.18 20.58 106 6 198 13462 762 25146 18.9 24.0 22.87 0.85
115200.0 310 105.31 0.5 43206 13511.59 0.5 15554 5254.8 0.55 1991789 842456.96 20.58 310 158.3 0.53 42886 23426.48 20.58 106 6 198 13568 768 25344 18.9 24.0 23.5 0.1
116100.0 376 105.45 0.5 43582 13617.04 0.5 15612 5254.32 0.55 2007401 847711.28 20.58 370 158.35 0.53 43256 23584.83 20.58 106 6 198 13674 774 25542 22.6 24.0 23.52 0.03
117000.0 354 106.08 0.5 43936 13723.12 0.5 15592 5254.4 0.55 2022993 852965.68 20.58 350 158.45 0.53 43606 23743.28 20.58 106 6 198 13780 780 25740 22.6 24.0 23.52 0.03
117900.0 310 105.31 0.5 44246 13828.43 0.5 15552 5254.27 0.55 2038545 858219.95 20.58 310 158.3 0.53 43916 23901.58 20.58 106 6 198 13886 786 25938 22.7 24.0 23.55 0.02
118800.0 310 105.31 0.5 44556 13933.73 0.5 15551 5253.7 0.55 2054096 863473.66 20.58 310 158.3 0.53 44226 24059.88 20.58 106 6 198 13992 792 26136 22.7 24.0 23.6 0.02
119700.0 376 105.45 0.5 44932 14039.18 0.5 15611 5253.77 0.55 2069707 868727.43 20.58 370 158.35 0.53 44596 24218.23 20.58 106 6 198 14098 798 26334 22.7 24.0 23.6 0.02
120600.0 354 106.08 0.5 45286 14145.27 0.5 15590 5253.85 0.55 2085297 873981.28 20.58 350 158.45 0.53 44946 24376.69 20.58 106 6 198 14204 804 26532 22.7 24.0 23.6 0.02
121500.0 310 105.31 0.5 45596 14250.57 0.5 15549 5253.72 0.55 2100846 879235.0 20.58 310 158.3 0.53 45256 24534.98 20.58 106 6 198 14310 810 26730 22.8 24.0 23.64 0.01
122400.0 310 105.31 0.5 45906 14355.88 0.5 15548 5253.15 0.55 2116394 884488.16 20.58 310 158.3 0.53 45566 24693.29 20.58 106 6 198 14416 816 26928 22.8 24.0 23.66 0.01
123300.0 376 105.45 0.5 46282 14461.33 0.5 15607 5252.67 0.55 2132001 889740.83 20.58 370 158.35 0.53 45936 24851.64 20.58 106 6 198 14522 822 27126 22.8 24.0 23.66 0.01
124200.0 354 106.08 0.5 46636 14567.41 0.5 15587 5252.75 0.55 2147588 894993.58 20.58 350 158.45 0.53 46286 25010.09 20.58 106 6 198 14628 828 27324 22.8 24.0 23.66 0.01
125100.0 310 105.31 0.5 46946 14672.72 0.5 15542 5250.97 0.55 2163130 900244.55 20.58 310 158.3 0.53 46596 25168.39 20.58 106 6 198 14734 834 27522 22.9 24.0 23.69 0.01
126000.0 310 105.31 0.5 47256 14778.02 0.5 15542 5250.95 0.55 2178672 905495.5 20.58 310 158.3 0.53 46906 25326.69 20.58 106 6 198 14840 840 27720 22.9 24.0 23.72 0.01
126900.0 376 105.45 0.5 47632 14883.47 0.5 15602 5251.02 0.55 2194274 910746.53 20.58 370 158.35 0.53 47276 25485.04 20.58 106 6 198 14946 846 27918 22.9 24.0 23.72 0.01
127800.0 354 106.08 0.5 47986 14989.56 0.5 15579 5251.1 0.55 2209853 915997.63 20.58 350 158.45 0.53 47626 25643.49 20.58 106 6 198 15052 852 28116 22.9 24.0 23.72 0.01
128700.0 310 105.31 0.5 48296 15094.86 0.5 15539 5250.97 0.55 2225392 921248.6 20.58 310 158.3 0.53 47936 25801.79 20.58 106 6 198 15158 858 28314 23.1 24.0 23.75 0.01
129600.0 310 105.31 0.5 48606 15200.17 0.5 15537 5250.95 0.55 2240929 926499.55 20.58 310 158.3 0.53 48246 25960.09 20.58 106 6 198 15264 864 28512 23.1 24.0 23.76 0.01
130500.0 376 105.45 0.5 48982 15305.62 0.5 15595 5249.92 0.55 2256524 931749.48 20.58 370 158.35 0.53 48616 26118.44 20.58 106 6 198 15370 870 28710 23.1 24.0 23.76 0.01
131400.0 354 106.08 0.5 49336 15411.7 0.5 15575 5250.0 0.55 2272099 936999.48 20.58 350 158.45 0.53 48966 26276.89 20.58 106 6 198 15476 876 28908 23.1 24.0 23.76 0.01
132300.0 310 105.31 0.5 49646 15517.01 0.5 15534 5249.32 0.55 2287633 942248.8 20.58 310 158.3 0.53 49276 26435.19 20.58 106 6 198 15582 882 29106 23.2 24.0 23.78 0.01
133200.0 310 105.31 0.5 49956 15622.31 0.5 15532 5249.3 0.55 2303165 947498.1 20.58 310 158.3 0.53 49586 26593.49 20.58 106 6 198 15688 888 29304 23.2 24.0 23.8 0.01
134100.0 376 105.45 0.5 50332 15727.76 0.5 15592 5249.37 0.55 2318757 952747.48 20.58 370 158.35 0.53 49956 26751.84 20.58 106 6 198 15794 894 29502 23.2 24.0 23.8 0.01
135000.0 354 106.08 0.5 50686 15833.84 0.5 15572 5249.45 0.55 2334329 957996.93 20.58 350 158.45 0.53 50306 26910.3 20.58 106 6 198 15900 900 29700 23.2 24.0 23.8 0.01
135900.0 310 105.31 0.5 50996 15939.15 0.5 15528 5248.22 0.55 2349857 963245.15 20.58 310 158.3 0.53 50616 27068.6 20.58 106 6 198 16006 906 29898 23.3 24.0 23.83 0.01
136800.0 310 105.31 0.5 51306 16044.46 0.5 15528 5248.2 0.55 2365385 968493.35 20.58 310 158.3 0.53 50926 27226.9 20.58 106 6 198 16112 912 30096 23.3 24.0 23.84 0.01
137700.0 376 105.45 0.5 51682 16149.91 0.5 15587 5247.72 0.55 2380972 973741.08 20.58 370 158.35 0.53 51296 27385.25 20.58 106 6 198 16218 918 30294 23.3 24.0 23.84 0.01
138600.0 354 106.08 0.5 52036 16255.99 0.5 15564 5246.7 0.55 2396536 978987.78 20.58 350 158.45 0.53 51646 27543.7 20.58 106 6 198 16324 924 30492 23.3 24.0 23.84 0.01
139500.0 310 105.31 0.5 52346 16361.3 0.5 15524 5246.57 0.55 2412060 984234.35 20.58 310 158.3 0.53 51956 27702.0 20.58 106 6 198 16430 930 30690 23.4 24.0 23.85 0.01
140400.0 310 105.31 0.5 52656 16466.6 0.5 15524 5246.55 0.55 2427584 989480.9 20.58 310 158.3 0.53 52266 27860.3 20.58 106 6 198 16536 936 30888 23.4 24.0 23.85 0.01
141300.0 376 105.45 0.5 53032 16572.05 0.5 15583 5246.07 0.55 2443167 994726.97 20.58 370 158.35 0.53 52636 28018.65 20.58 106 6 198 16642 942 31086 23.4 24.0 23.86 0.01
142200.0 354 106.08 0.5 53386 16678.13 0.5 15563 5246.15 0.55 2458730 999973.13 20.58 350 158.45 0.53 52986 28177.1 20.58 106 6 198 16748 948 31284 23.4 24.0 23.86 0.01
143100.0 310 105.31 0.5 53696 16783.44 0.5 15522 5246.02 0.55 2474252 1005219.15 20.58 310 158.3 0.53 53296 28335.4 20.58 106 6 198 16854 954 31482 23.5 24.0 23.88 0.01
144000.0 310 105.31 0.5 54006 16888.75 0.5 15517 5246.0 0.55 2489769 1010465.15 20.58 310 158.3 0.53 53606 28493.7 20.58 106 6 198 16960 960 31680 23.5 24.0 23.88 0.01
144900.0 376 105.45 0.5 54382 16994.2 0.5 15577 5246.07 0.55 2505346 1015711.22 20.58 370 158.35 0.53 53976 28652.05 20.58 106 6 198 17066 966 31878 23.5 24.0 23.88 0.01
145800.0 354 106.08 0.5 54736 17100.28 0.5 15556 5246.15 0.55 2520902 1020957.38 20.58 350 158.45 0.53 54326 28810.51 20.58 106 6 198 17172 972 32076 23.5 24.0 23.88 0.01
146700.0 310 105.31 0.5 55046 17205.59 0.5 15514 5246.02 0.55 2536416 1026203.4 20.58 310 158.3 0.53 54636 28968.8 20.58 106 6 198 17278 978 32274 23.6 24.0 23.89 0.01
147600.0 310 105.31 0.5 55356 17310.89 0.5 15514 5246.0 0.55 2551930 1031449.4 20.58 310 158.3 0.53 54946 29127.11 20.58 106 6 198 17384 984 32472 23.6 24.0 23.89 0.01
148500.0 376 105.45 0.5 55732 17416.34 0.5 15574 5246.07 0.55 2567504 1036695.47 20.58 370 158.35 0.53 55316 29285.46 20.58 106 6 198 17490 990 32670 23.6 24.0 23.89 0.01
149400.0 354 106.08 0.5 56086 17522.42 0.5 15552 5245.6 0.55 2583056 1041941.08 20.58 350 158.45 0.53 55666 29443.91 20.58 106 6 198 17596 996 32868 23.6 24.0 23.89 0.01
150300.0 310 105.31 0.5 56396 17627.73 0.5 15512 5245.47 0.55 2598568 1047186.55 20.58 310 158.3 0.53 55976 29602.21 20.58 106 6 198 17702 1002 33066 23.7 24.0 23.89 0.01
151200.0 310 105.31 0.5 56706 17733.04 0.5 15512 5245.45 0.55 2614080 1052432.0 20.58 310 158.3 0.53 56286 29760.51 20.58 106 6 198 17808 1008 33264 23.7 24.0 23.89 0.01
152100.0 376 105.45 0.5 57082 17838.49 0.5 15567 5244.42 0.55 2629647 1057676.42 20.58 370 158.35 0.53 56656 29918.86 20.58 106 6 198 17914 1014 33462 23.7 24.0 23.89 0.01
153000.0 354 106.08 0.5 57436 17944.57 0.5 15547 5244.5 0.55 2645194 1062920.92 20.58 350 158.45 0.53 57006 30077.31 20.58 106 6 198 18020 1020 33660 23.7 24.0 23.89 0.01
153900.0 310 105.31 0.5 57746 18049.88 0.5 15507 5244.37 0.55 2660701 1068165.29 20.58 310 158.3 0.53 57316 30235.61 20.58 106 6 198 18126 1026 33858 23.6 24.0 23.89 0.01
154800.0 310 105.31 0.5 58056 18155.18 0.5 15504 5244.35 0.55 2676205 1073409.65 20.58 310 158.3 0.53 57626 30393.91 20.58 106 6 198 18232 1032 34056 23.6 24.0 23.89 0.01
155700.0 376 105.45 0.5 58432 18260.63 0.5 15564 5244.42 0.55 2691769 1078654.07 20.58 370 158.35 0.53 57996 30552.26 20.58 106 6 198 18338 1038 34254 23.6 24.0 23.89 0.01
156600.0 354 106.08 0.5 58786 18366.71 0.5 15544 5244.5 0.55 2707313 1083898.57 20.58 350 158.45 0.53 58346 30710.72 20.58 106 6 198 18444 1044 34452 23.6 24.0 23.89 0.01
157500.0 310 105.31 0.5 59096 18472.02 0.5 15503 5244.37 0.55 2722816 1089142.94 20.58 310 158.3 0.53 58656 30869.01 20.58 106 6 198 18550 1050 34650 23.5 24.0 23.88 0.01
158400.0 310 105.31 0.5 59406 18577.33 0.5 15503 5244.35 0.55 2738319 1094387.3 20.58 310 158.3 0.53 58966 31027.31 20.58 106 6 198 18656 1056 34848 23.5 24.0 23.88 0.01
159300.0 376 105.45 0.5 59782 18682.78 0.5 15561 5243.87 0.55 2753880 1099631.17 20.58 370 158.35 0.53 59336 31185.67 20.58 106 6 198 18762 1062 35046 23.5 24.0 23.88 0.01
160200.0 354 106.08 0.5 60136 18788.86 0.5 15539 5243.95 0.55 2769419 1104875.12 20.58 350 158.45 0.53 59686 31344.12 20.58 106 6 198 18868 1068 35244 23.5 24.0 23.88 0.01
161100.0 310 105.31 0.5 60446 18894.16 0.5 15498 5243.27 0.55 2784917 1110118.39 20.58 310 158.3 0.53 59996 31502.42 20.58 106 6 198 18974 1074 35442 23.4 24.0 23.86 0.01
162000.0 310 105.31 0.5 60756 18999.47 0.5 15497 5243.25 0.55 2800414 1115361.64 20.58 310 158.3 0.53 60306 31660.72 20.58 106 6 198 19080 1080 35640 23.4 24.0 23.86 0.01
162900.0 376 105.45 0.5 61132 19104.92 0.5 15552 5242.22 0.55 2815966 1120603.86 20.58 370 158.35 0.53 60676 31819.07 20.58 106 6 198 19186 1086 35838 23.4 24.0 23.86 0.01
163800.0 354 106.08 0.5 61486 19211.0 0.5 15532 5242.3 0.55 2831498 1125846.17 20.58 350 158.45 0.53 61026 31977.52 20.58 106 6 198 19292 1092 36036 23.4 24.0 23.86 0.01
164700.0 310 105.31 0.5 61796 19316.31 0.5 15491 5241.62 0.55 2846989 1131087.79 20.58 310 158.3 0.53 61336 32135.82 20.58 106 6 198 19398 1098 36234 23.3 24.0 23.83 0.02
165600.0 310 105.31 0.5 62106 19421.61 0.5 15488 5241.05 0.55 2862477 1136328.84 20.58 310 158.3 0.53 61646 32294.12 20.58 106 6 198 19504 1104 36432 23.3 24.0 23.83 0.02
166500.0 376 105.45 0.5 62482 19527.06 0.5 15548 5241.12 0.55 2878025 1141569.96 20.58 370 158.35 0.53 62016 32452.47 20.58 106 6 198 19610 1110 36630 23.3 24.0 23.83 0.02
167400.0 354 106.08 0.5 62836 19633.14 0.5 15527 5241.2 0.55 2893552 1146811.17 20.58 350 158.45 0.53 62366 32610.92 20.58 106 6 198 19716 1116 36828 23.3 24.0 23.83 0.02
168300.0 310 105.31 0.5 63146 19738.45 0.5 15483 5240.52 0.55 2909035 1152051.69 20.58 310 158.3 0.53 62676 32769.22 20.58 106 6 198 19822 1122 37026 23.2 24.0 23.81 0.02
169200.0 310 105.31 0.5 63456 19843.76 0.5 15482 5239.95 0.55 2924517 1157291.64 20.58 310 158.3 0.53 62986 32927.52 20.58 106 6 198 19928 1128 37224 23.2 24.0 23.8 0.02
170100.0 376 105.45 0.5 63832 19949.2 0.5 15541 5239.47 0.55 2940058 1162531.11 20.58 370 158.35 0.53 63356 33085.87 20.58 106 6 198 20034 1134 37422 23.2 24.0 23.8 0.02
171000.0 354 106.08 0.5 64186 20055.29 0.5 15520 5239.55 0.55 2955578 1167770.66 20.58 350 158.45 0.53 63706 33244.33 20.58 106 6 198 20140 1140 37620 23.2 24.0 23.8 0.02
171900.0 310 105.31 0.5 64496 20160.59 0.5 15480 5239.97 0.55 2971058 1173010.63 20.58 310 158.3 0.53 64016 33402.63 20.58 106 6 198 20246 1146 37818 23.1 24.0 23.77 0.02
172800.0 310 105.31 0.5 64806 20265.9 0.5 15479 5239.95 0.55 2986537 1178250.59 20.58 310 158.3 0.53 64326 33560.93 20.58 106 6 198 20352 1152 38016 23.1 24.0 23.75 0.02
173700.0 376 105.45 0.5 65182 20371.35 0.5 15536 5240.02 0.55 3002073 1183490.61 20.58 370 158.35 0.53 64696 33719.28 20.58 106 6 198 20458 1158 38214 23.1 24.0 23.75 0.02
174600.0 354 106.08 0.5 65536 20477.43 0.5 15513 5239.55 0.55 3017586 1188730.16 20.58 350 158.45 0.53 65046 33877.73 20.58 106 6 198 20564 1164 38412 23.1 24.0 23.75 0.02
175500.0 310 105.31 0.5 65846 20582.74 0.5 15473 5238.87 0.55 3033059 1193969.03 20.58 310 158.3 0.53 65356 34036.03 20.58 106 6 198 20670 1170 38610 22.9 24.0 23.72 0.03
176400.0 310 105.31 0.5 66156 20688.04 0.5 15468 5238.85 0.55 3048527 1199207.88 20.58 310 158.3 0.53 65666 34194.33 20.58 106 6 198 20776 1176 38808 22.9 23.9 23.69 0.03
177300.0 376 105.45 0.5 66532 20793.49 0.5 15525 5237.82 0.55 3064052 1204445.7 20.58 370 158.35 0.53 66036 34352.68 20.58 106 6 198 20882 1182 39006 22.9 23.9 23.69 0.03
178200.0 354 106.08 0.5 66886 20899.58 0.5 15501 5237.35 0.55 3079553 1209683.06 20.58 350 158.45 0.53 66386 34511.13 20.58 106 6 198 20988 1188 39204 22.9 23.9 23.69 0.03
179100.0 310 105.31 0.5 67196 21004.88 0.5 15464 5237.22 0.55 3095017 1214920.28 20.58 310 158.3 0.53 66696 34669.43 20.58 106 6 198 21094 1194 39402 22.8 23.9 23.63 0.03
180000.0 310 105.31 0.5 67506 21110.19 0.5 15468 5238.85 0.55 3110485 1220159.13 20.58 310 158.3 0.53 67006 34827.73 20.58 106 6 198 21200 1200 39600 22.8 23.9 23.6 0.02
180900.0 376 105.45 0.5 67882 21215.64 0.5 15526 5238.37 0.55 3126011 1225397.5 20.58 370 158.35 0.53 67376 34986.08 20.58 106 6 198 21306 1206 39798 22.8 23.9 23.6 0.02
181800.0 354 106.08 0.5 68236 21321.72 0.5 15490 5236.8 0.55 3141501 1230634.3 20.58 350 158.45 0.53 67726 35144.54 20.58 106 6 198 21412 1212 39996 22.8 23.9 23.6 0.02
182700.0 310 105.31 0.5 68546 21427.03 0.5 15454 5236.12 0.55 3156955 1235870.42 20.58 310 158.3 0.53 68036 35302.83 20.58 106 6 198 21518 1218 40194 22.7 23.8 23.52 0.03
183600.0 310 105.31 0.5 68856 21532.33 0.5 15462 5238.3 0.55 3172417 1241108.73 20.58 310 158.3 0.53 68346 35461.14 20.58 106 6 198 21624 1224 40392 22.7 23.8 23.46 0.02
184500.0 376 105.45 0.5 69232 21637.78 0.5 15519 5237.82 0.55 3187936 1246346.55 20.58 370 158.35 0.53 68716 35619.49 20.58 106 6 198 21730 1230 40590 22.7 23.8 23.46 0.02
185400.0 354 106.08 0.5 69586 21743.87 0.5 15488 5235.7 0.55 3203424 1251582.25 20.58 350 158.45 0.53 69066 35777.94 20.58 106 6 198 21836 1236 40788 22.7 23.8 23.46 0.02
186300.0 310 105.31 0.5 69896 21849.17 0.5 15453 5236.12 0.55 3218877 1256818.37 20.58 310 158.3 0.53 69376 35936.24 20.58 106 6 198 21942 1242 40986 22.4 23.7 23.36 0.03
187200.0 310 105.31 0.5 70206 21954.48 0.5 15448 5235.0 0.55 3234325 1262053.37 20.58 310 158.3 0.53 69686 36094.54 20.58 106 6 198 22048 1248 41184 22.4 23.7 23.28 0.02
188100.0 376 105.45 0.5 70582 22059.93 0.5 15508 5235.07 0.55 3249833 1267288.44 20.58 370 158.35 0.53 70056 36252.89 20.58 106 6 198 22154 1254 41382 22.4 23.7 23.28 0.02
189000.0 354 106.08 0.5 70936 22166.01 0.5 15482 5234.6 0.55 3265315 1272523.05 20.58 350 158.45 0.53 70406 36411.34 20.58 106 6 198 22260 1260 41580 22.4 23.7 23.28 0.02
189900.0 310 105.31 0.5 71246 22271.32 0.5 15445 5236.12 0.55 3280760 1277759.16 20.58 310 158.3 0.53 70716 36569.64 20.58 106 6 198 22366 1266 41778 22.1 23.5 23.15 0.03
190800.0 310 105.31 0.5 71556 22376.62 0.5 15446 5236.1 0.55 3296206 1282995.27 20.58 310 158.3 0.53 71026 36727.94 20.58 106 6 198 22472 1272 41976 22.1 23.5 23.03 0.03
191700.0 376 105.45 0.5 71932 22482.07 0.5 15506 5236.17 0.55 3311712 1288231.44 20.58 370 158.35 0.53 71396 36886.29 20.58 106 6 198 22578 1278 42174 22.1 23.5 23.03 0.03
192600.0 354 106.08 0.5 72286 22588.16 0.5 15478 5235.15 0.55 3327190 1293466.59 20.58 350 158.45 0.53 71746 37044.74 20.58 106 6 198 22684 1284 42372 22.1 23.5 23.03 0.03
193500.0 310 105.31 0.5 72596 22693.46 0.5 15444 5234.47 0.55 3342634 1298701.06 20.58 310 158.3 0.53 72056 37203.04 20.58 106 6 198 22790 1290 42570 22.0 23.3 22.88 0.03
194400.0 310 105.31 0.5 72906 22798.77 0.5 15443 5233.9 0.55 3358077 1303934.96 20.58 310 158.3 0.53 72366 37361.34 20.58 106 6 198 22896 1296 42768 22.0 23.3 22.75 0.03
195300.0 376 105.45 0.5 73282 22904.22 0.5 15494 5231.77 0.55 3373571 1309166.73 20.58 370 158.35 0.53 72736 37519.69 20.58 106 6 198 23002 1302 42966 22.0 23.3 22.75 0.03
196200.0 354 106.08 0.5 73636 23010.3 0.5 15470 5230.75 0.55 3389041 1314397.49 20.58 350 158.45 0.53 73086 37678.15 20.58 106 6 198 23108 1308 43164 22.0 23.3 22.75 0.03
197100.0 310 105.31 0.5 73946 23115.61 0.5 15438 5232.27 0.55 3404479 1319629.76 20.58 310 158.3 0.53 73396 37836.45 20.58 106 6 198 23214 1314 43362 22.0 23.1 22.58 0.02
198000.0 310 105.31 0.5 74256 23220.91 0.5 15396 5223.45 0.55 3419875 1324853.21 20.58 310 158.3 0.53 73706 37994.75 20.58 106 6 198 23320 1320 43560 22.0 23.1 22.44 0.03
198900.0 376 105.45 0.5 74632 23326.36 0.5 15456 5223.52 0.55 3435331 1330076.73 20.58 370 158.35 0.53 74076 38153.1 20.58 106 6 198 23426 1326 43758 22.0 23.1 22.44 0.03
199800.0 354 106.08 0.5 74986 23432.45 0.5 15435 5223.6 0.55 3450766 1335300.33 20.58 350 158.45 0.53 74426 38311.55 20.58 106 6 198 23532 1332 43956 22.0 23.1 22.44 0.03
200700.0 310 105.31 0.5 75296 23537.75 0.5 15399 5225.12 0.55 3466165 1340525.45 20.58 310 158.3 0.53 74736 38469.85 20.58 106 6 198 23638 1338 44154 22.0 22.8 22.27 0.02
201600.0 310 105.31 0.5 75606 23643.06 0.5 15408 5225.65 0.55 3481573 1345751.1 20.58 310 158.3 0.53 75046 38628.15 20.58 106 6 198 23744 1344 44352 22.0 22.8 22.2 0.02
202500.0 376 105.45 0.5 75982 23748.51 0.5 15467 5225.72 0.55 3497040 1350976.82 20.58 370 158.35 0.53 75416 38786.5 20.58 106 6 198 23850 1350 44550 22.0 22.8 22.2 0.02
203400.0 354 106.08 0.5 76336 23854.59 0.5 15442 5224.7 0.55 3512482 1356201.53 20.58 350 158.45 0.53 75766 38944.95 20.58 106 6 198 23956 1356 44748 22.0 22.8 22.2 0.02
204300.0 310 105.31 0.5 76646 23959.9 0.5 15407 5225.12 0.55 3527889 1361426.64 20.58 310 158.3 0.53 76076 39103.25 20.58 106 6 198 24062 1362 44946 22.0 22.6 22.07 0.01
205200.0 310 105.31 0.5 76956 24065.2 0.5 15405 5224.55 0.55 3543294 1366651.2 20.58 310 158.3 0.53 76386 39261.55 20.58 106 6 198 24168 1368 45144 22.0 22.6 22.07 0.01
206100.0 376 105.45 0.5 77332 24170.65 0.5 15464 5224.07 0.55 3558758 1371875.27 20.58 370 158.35 0.53 76756 39419.9 20.58 106 6 198 24274 1374 45342 22.0 22.6 22.07 0.01
207000.0 354 106.08 0.5 77686 24276.73 0.5 15431 5221.95 0.55 3574189 1377097.22 20.58 350 158.45 0.53 77106 39578.36 20.58 106 6 198 24380 1380 45540 22.0 22.6 22.07 0.01
207900.0 310 105.31 0.5 77996 24382.04 0.5 15398 5224.02 0.55 3589587 1382321.24 20.58 310 158.3 0.53 77416 39736.65 20.58 106 6 198 24486 1386 45738 22.0 22.2 22.03 0.0
208800.0 310 105.31 0.5 78306 24487.34 0.5 15395 5224.0 0.55 3604982 1387545.24 20.58 310 158.3 0.53 77726 39894.96 20.58 106 6 198 24592 1392 45936 22.0 22.2 22.03 0.0
209700.0 376 105.45 0.5 78682 24592.79 0.5 15452 5224.07 0.55 3620434 1392769.31 20.58 370 158.35 0.53 78096 40053.31 20.58 106 6 198 24698 1398 46134 22.0 22.2 22.03 0.0
210600.0 354 106.08 0.5 79036 24698.88 0.5 15421 5221.95 0.55 3635855 1397991.26 20.58 350 158.45 0.53 78446 40211.76 20.58 106 6 198 24804 1404 46332 22.0 22.2 22.03 0.0
211500.0 310 105.31 0.5 79346 24804.18 0.5 15386 5223.47 0.55 3651241 1403214.73 20.58 310 158.3 0.53 78756 40370.06 20.58 106 6 198 24910 1410 46530 22.0 22.0 22.0 0.0
212400.0 310 105.31 0.5 79656 24909.49 0.5 15386 5223.45 0.55 3666627 1408438.18 20.58 310 158.3 0.53 79066 40528.36 20.58 106 6 198 25016 1416 46728 22.0 22.0 22.0 0.0
213300.0 376 105.45 0.5 80032 25014.94 0.5 15443 5222.97 0.55 3682070 1413661.15 20.58 370 158.35 0.53 79436 40686.71 20.58 106 6 198 25122 1422 46926 22.0 22.0 22.0 0.0
214200.0 354 106.08 0.5 80386 25121.02 0.5 15409 5220.3 0.55 3697479 1418881.46 20.58 350 158.45 0.53 79786 40845.16 20.58 106 6 198 25228 1428 47124 22.0 22.0 22.0 0.0
215100.0 310 105.31 0.5 80696 25226.32 0.5 15367 5220.17 0.55 3712846 1424101.63 20.58 310 158.3 0.53 80096 41003.46 20.58 106 6 198 25334 1434 47322 22.0 22.0 22.0 0.0
216000.0 310 105.31 0.5 81006 25331.63 0.5 15363 5218.5 0.55 3728209 1429320.13 20.58 310 158.3 0.53 80406 41161.76 20.58 106 6 198 25440 1440 47520 22.0 22.0 22.0 0.0
216900.0 376 105.45 0.5 81382 25437.08 0.5 15422 5218.57 0.55 3743631 1434538.7 20.58 370 158.35 0.53 80776 41320.11 20.58 106 6 198 25546 1446 47718 22.0 22.0 22.0 0.0
217800.0 354 106.08 0.5 81736 25543.16 0.5 15399 5218.65 0.55 3759030 1439757.35 20.58 350 158.45 0.53 81126 41478.56 20.58 106 6 198 25652 1452 47916 22.0 22.0 22.0 0.0
218700.0 310 105.31 0.5 82046 25648.47 0.5 15356 5217.97 0.55 3774386 1444975.32 20.58 310 158.3 0.53 81436 41636.86 20.58 106 6 198 25758 1458 48114 22.0 22.0 22.0 0.0
219600.0 310 105.31 0.5 82356 25753.78 0.5 15354 5217.4 0.55 3789740 1450192.72 20.58 310 158.3 0.53 81746 41795.16 20.58 106 6 198 25864 1464 48312 22.0 22.0 22.0 0.0
220500.0 376 105.45 0.5 82732 25859.22 0.5 15408 5216.92 0.55 3805148 1455409.64 20.58 370 158.35 0.53 82116 41953.51 20.58 106 6 198 25970 1470 48510 22.0 22.0 22.0 0.0
221400.0 354 106.09 0.5 83086 25965.31 0.5 15386 5217.59 0.55 3820534 1460627.23 20.58 350 158.47 0.53 82466 42111.99 20.58 106 6 198 26076 1476 48708 22.0 22.0 22.0 0.0
222300.0 310 105.31 0.5 83396 26070.62 0.5 15441 5235.92 0.55 3835975 1465863.15 20.58 310 158.34 0.53 82776 42270.33 20.58 106 6 198 26182 1482 48906 20.4 22.0 21.3 0.06
223200.0 310 105.31 0.5 83706 26175.93 0.5 15475 5241.42 0.55 3851450 1471104.57 20.58 310 158.34 0.53 83086 42428.67 20.58 106 6 198 26288 1488 49104 19.8 22.0 20.59 0.16
224100.0 376 105.45 0.5 84082 26281.38 0.5 15535 5241.48 0.55 3866985 1476346.05 20.58 370 158.39 0.53 83456 42587.06 20.58 106 6 198 26394 1494 49302 19.8 21.8 20.57 0.15
225000.0 354 106.09 0.5 84436 26387.47 0.5 15515 5241.16 0.55 3882500 1481587.21 20.58 350 158.48 0.53 83806 42745.54 20.58 106 6 198 26500 1500 49500 19.8 21.8 20.57 0.15
225900.0 310 105.31 0.5 84746 26492.78 0.5 15476 5241.8 0.55 3897976 1486829.01 20.58 310 158.33 0.53 84116 42903.88 20.58 106 6 198 26606 1506 49698 19.8 21.7 20.51 0.13
226800.0 310 105.31 0.5 85056 26598.09 0.5 15479 5242.88 0.55 3913455 1492071.89 20.58 310 158.34 0.53 84426 43062.21 20.58 106 6 198 26712 1512 49896 19.8 21.7 20.48 0.16
227700.0 376 105.45 0.5 85432 26703.54 0.5 15539 5242.95 0.55 3928994 1497314.84 20.58 370 158.39 0.53 84796 43220.6 20.58 106 6 198 26818 1518 50094 19.8 21.7 20.48 0.16
228600.0 354 106.09 0.5 85786 26809.63 0.5 15515 5242.51 0.55 3944509 1502557.36 20.58 350 158.5 0.53 85146 43379.1 20.58 106 6 198 26924 1524 50292 19.8 21.7 20.48 0.16
229500.0 310 105.31 0.5 86096 26914.94 0.5 15476 5241.18 0.55 3959985 1507798.53 20.58 310 158.33 0.53 85456 43537.43 20.58 106 6 198 27030 1530 50490 19.8 21.6 20.45 0.15
230400.0 310 105.31 0.5 86406 27020.25 0.5 15477 5241.71 0.55 3975462 1513040.25 20.58 310 158.34 0.53 85766 43695.77 20.58 106 6 198 27136 1536 50688 19.9 21.6 20.46 0.15
231300.0 376 105.45 0.5 86782 27125.7 0.5 15534 5241.78 0.55 3990996 1518282.02 20.58 370 158.38 0.53 86136 43854.15 20.58 106 6 198 27242 1542 50886 19.8 21.6 20.46 0.15
232200.0 354 106.09 0.5 87136 27231.78 0.5 15511 5241.56 0.55 4006507 1523523.58 20.58 350 158.48 0.53 86486 44012.63 20.58 106 6 198 27348 1548 51084 19.8 21.6 20.46 0.15
233100.0 310 105.31 0.5 87446 27337.09 0.5 15473 5241.52 0.55 4021980 1528765.11 20.58 310 158.34 0.53 86796 44170.97 20.58 106 6 198 27454 1554 51282 19.8 21.5 20.49 0.16
234000.0 310 105.31 0.5 87756 27442.4 0.5 15473 5241.51 0.55 4037453 1534006.61 20.58 310 158.34 0.53 87106 44329.32 20.58 106 6 198 27560 1560 51480 19.8 21.5 20.5 0.15
234900.0 376 105.45 0.5 88132 27547.85 0.5 15533 5241.58 0.55 4052986 1539248.19 20.58 370 158.39 0.53 87476 44487.71 20.58 106 6 198 27666 1566 51678 19.8 21.5 20.5 0.15
235800.0 354 106.09 0.5 88486 27653.94 0.5 15507 5240.51 0.55 4068493 1544488.7 20.58 350 158.48 0.53 87826 44646.19 20.58 106 6 198 27772 1572 51876 19.8 21.5 20.5 0.15
236700.0 310 105.31 0.5 88796 27759.25 0.5 15469 5239.51 0.55 4083962 1549728.21 20.58 310 158.31 0.53 88136 44804.5 20.58 106 6 198 27878 1578 52074 19.8 21.4 20.51 0.16
237600.0 310 105.31 0.5 89106 27864.55 0.5 15468 5240.59 0.55 4099430 1554968.81 20.58 310 158.31 0.53 88446 44962.81 20.58 106 6 198 27984 1584 52272 19.8 21.4 20.55 0.14
238500.0 376 105.45 0.5 89482 27970.0 0.5 15527 5240.66 0.55 4114957 1560209.47 20.58 370 158.36 0.53 88816 45121.17 20.58 106 6 198 28090 1590 52470 19.7 21.4 20.55 0.14
239400.0 354 106.09 0.5 89836 28076.09 0.5 15499 5240.91 0.55 4130456 1565450.38 20.58 350 158.48 0.53 89166 45279.65 20.58 106 6 198 28196 1596 52668 19.7 21.4 20.55 0.14
240300.0 310 105.31 0.5 90146 28181.4 0.5 15458 5238.58 0.55 4145914 1570688.96 20.58 310 158.32 0.53 89476 45437.98 20.58 106 6 198 28302 1602 52866 19.7 21.6 20.57 0.16
241200.0 310 105.31 0.5 90456 28286.7 0.5 15454 5236.36 0.55 4161368 1575925.32 20.58 310 158.33 0.53 89786 45596.3 20.58 106 6 198 28408 1608 53064 19.7 21.6 20.6 0.15
242100.0 376 105.45 0.5 90832 28392.16 0.5 15511 5235.33 0.55 4176879 1581160.65 20.58 370 158.38 0.53 90156 45754.68 20.58 106 6 198 28514 1614 53262 19.7 21.6 20.6 0.15
243000.0 354 106.09 0.5 91186 28498.24 0.5 15488 5234.63 0.55 4192367 1586395.27 20.58 350 158.47 0.53 90506 45913.15 20.58 106 6 198 28620 1620 53460 19.7 21.6 20.6 0.15
243900.0 310 105.31 0.5 91496 28603.55 0.5 15447 5236.13 0.55 4207814 1591631.41 20.58 310 158.33 0.53 90816 46071.48 20.58 106 6 198 28726 1626 53658 19.7 21.8 20.61 0.16
244800.0 310 105.31 0.5 91806 28708.86 0.5 15452 5238.32 0.55 4223266 1596869.73 20.58 310 158.33 0.53 91126 46229.82 20.58 106 6 198 28832 1632 53856 19.7 21.8 20.64 0.16
245700.0 376 105.45 0.5 92182 28814.31 0.5 15512 5238.39 0.55 4238778 1602108.11 20.58 370 158.38 0.53 91496 46388.2 20.58 106 6 198 28938 1638 54054 19.6 21.8 20.64 0.16
246600.0 354 106.09 0.5 92536 28920.4 0.5 15470 5234.41 0.55 4254248 1607342.53 20.58 350 158.49 0.53 91846 46546.69 20.58 106 6 198 29044 1644 54252 19.6 21.8 20.64 0.16
247500.0 310 105.31 0.5 92846 29025.71 0.5 15444 5235.44 0.55 4269692 1612577.97 20.58 310 158.33 0.53 92156 46705.02 20.58 106 6 198 29150 1650 54450 19.6 21.9 20.6 0.16
248400.0 310 105.31 0.5 93156 29131.02 0.5 15445 5234.87 0.55 4285137 1617812.84 20.58 310 158.33 0.53 92466 46863.35 20.58 106 6 198 29256 1656 54648 19.6 21.9 20.62 0.16
249300.0 376 105.45 0.5 93532 29236.47 0.5 15500 5233.84 0.55 4300637 1623046.68 20.58 370 158.38 0.53 92836 47021.73 20.58 106 6 198 29362 1662 54846 19.5 21.9 20.62 0.17
250200.0 354 106.09 0.5 93886 29342.55 0.5 15458 5230.88 0.55 4316095 1628277.56 20.58 350 158.48 0.53 93186 47180.21 20.58 106 6 198 29468 1668 55044 19.5 21.9 20.62 0.17
251100.0 310 105.31 0.5 94196 29447.86 0.5 15434 5234.3 0.55 4331529 1633511.86 20.58 310 158.33 0.53 93496 47338.53 20.58 106 6 198 29574 1674 55242 19.5 22.0 20.58 0.18
252000.0 310 105.31 0.5 94506 29553.17 0.5 15441 5235.38 0.55 4346970 1638747.24 20.58 310 158.33 0.53 93806 47496.87 20.58 106 6 198 29680 1680 55440 19.5 22.0 20.56 0.2
252900.0 376 105.45 0.5 94882 29658.62 0.5 15500 5234.9 0.55 4362470 1643982.14 20.58 370 158.38 0.53 94176 47655.24 20.58 106 6 198 29786 1686 55638 19.5 22.0 20.56 0.2
253800.0 354 106.09 0.5 95236 29764.71 0.5 15461 5231.65 0.55 4377931 1649213.79 20.58 350 158.48 0.53 94526 47813.72 20.58 106 6 198 29892 1692 55836 19.5 22.0 20.56 0.2
254700.0 310 105.31 0.5 95546 29870.02 0.5 15477 5242.58 0.55 4393408 1654456.37 20.58 310 158.33 0.53 94836 47972.05 20.58 106 6 198 29998 1698 56034 19.5 21.8 20.43 0.2
255600.0 310 105.31 0.5 95856 29975.33 0.5 15481 5243.11 0.55 4408889 1659699.49 20.58 310 158.33 0.53 95146 48130.38 20.58 106 6 198 30104 1704 56232 19.5 21.8 20.4 0.21
256500.0 376 105.45 0.5 96232 30080.78 0.5 15541 5243.18 0.55 4424430 1664942.67 20.58 370 158.38 0.53 95516 48288.76 20.58 106 6 198 30210 1710 56430 19.3 21.8 20.39 0.21
257400.0 354 106.09 0.5 96586 30186.86 0.5 15491 5235.69 0.55 4439921 1670178.36 20.58 350 158.47 0.53 95866 48447.24 20.58 106 6 198 30316 1716 56628 19.3 21.8 20.39 0.21
258300.0 310 105.31 0.5 96896 30292.17 0.5 15492 5244.3 0.55 4455413 1675422.66 20.58 310 158.33 0.53 96176 48605.56 20.58 106 6 198 30422 1722 56826 19.3 21.8 20.23 0.21
259200.0 310 105.31 0.5 97206 30397.48 0.5 15496 5244.83 0.55 4470909 1680667.49 20.58 310 158.33 0.53 96486 48763.9 20.58 106 6 198 30528 1728 57024 19.3 21.6 20.15 0.23
260100.0 376 105.45 0.5 97582 30502.93 0.5 15556 5244.9 0.55 4486465 1685912.4 20.58 370 158.38 0.53 96856 48922.28 20.58 106 6 198 30634 1734 57222 19.2 21.6 20.15 0.23
261000.0 356 106.2 0.5 97938 30609.13 0.5 15843 163212.42 20.59 4502308 1849124.82 20.59 352 3272.24 20.59 97208 52194.52 20.59 106 6 198 30740 1740 57420 19.2 21.6 20.15 0.23
261900.0 310 105.31 0.5 98248 30714.44 0.5 15517 5248.1 0.55 4517825 1854372.92 20.59 310 158.34 0.53 97518 52352.86 20.59 106 6 198 30846 1746 57618 18.9 21.6 19.8 0.23
262800.0 310 105.31 0.5 98558 30819.75 0.5 15522 5248.59 0.55 4533347 1859621.51 20.59 310 158.34 0.53 97828 52511.19 20.59 106 6 198 30952 1752 57816 18.9 20.8 19.63 0.23
263700.0 376 105.45 0.5 98934 30925.2 0.5 15582 5248.71 0.55 4548929 1864870.22 20.59 370 158.39 0.53 98198 52669.58 20.59 106 6 198 31058 1758 58014 18.9 20.8 19.63 0.23
264600.0 356 106.21 0.5 99290 31031.41 0.5 15873 163062.23 20.57 4564802 2027932.45 20.59 352 3268.55 20.57 98550 55938.13 20.59 106 6 198 31164 1764 58212 18.9 20.8 19.63 0.23
265500.0 310 105.33 0.5 99600 31136.75 0.5 15549 5270.73 0.55 4580351 2033203.17 20.59 310 158.64 0.54 98860 56096.77 20.59 106 6 198 31270 1770 58410 17.3 20.2 18.37 0.26
266400.0 310 105.33 0.5 99910 31242.08 0.5 15566 5276.22 0.55 4595917 2038479.39 20.59 310 158.64 0.54 99170 56255.41 20.59 106 6 198 31376 1776 58608 17.3 20.2 17.82 0.05
267300.0 376 105.48 0.5 100286 31347.56 0.5 15626 5276.28 0.55 4611543 2043755.68 20.59 370 158.69 0.54 99540 56414.1 20.59 106 6 198 31482 1782 58806 17.3 18.8 17.81 0.02
268200.0 356 106.23 0.5 100642 31453.78 0.5 15917 163231.78 20.59 4627460 2206987.46 20.59 352 3272.94 20.59 99892 59687.04 20.59 106 6 198 31588 1788 59004 17.3 18.8 17.81 0.02
269100.0 310 105.33 0.5 100952 31559.12 0.5 15572 5278.5 0.55 4643032 2212265.97 20.59 310 158.66 0.54 100202 59845.7 20.59 106 6 198 31694 1794 59202 17.3 18.7 17.79 0.02
270000.0 310 105.33 0.5 101262 31664.45 0.5 15574 5279.58 0.55 4658606 2217545.55 20.59 310 158.66 0.54 100512 60004.36 20.59 106 6 198 31800 1800 59400 17.3 18.7 17.77 0.02
270900.0 376 105.48 0.5 101638 31769.93 0.5 15634 5279.65 0.55 4674240 2222825.19 20.59 370 158.71 0.54 100882 60163.07 20.59 106 6 198 31906 1806 59598 17.3 18.7 17.77 0.02
271800.0 354 106.11 0.5 101992 31876.04 0.5 15612 5278.4 0.55 4689852 2228103.59 20.59 350 158.8 0.54 101232 60321.87 20.59 106 6 198 32012 1812 59796 17.3 18.7 17.77 0.02
272700.0 310 105.33 0.5 102302 31981.37 0.5 15572 5278.27 0.55 4705424 2233381.85 20.59 310 158.64 0.54 101542 60480.51 20.59 106 6 198 32118 1818 59994 17.3 18.6 17.75 0.02
273600.0 310 105.33 0.5 102612 32086.7 0.5 15572 5278.24 0.55 4720996 2238660.1 20.59 310 158.65 0.54 101852 60639.16 20.59 106 6 198 32224 1824 60192 17.3 18.6 17.74 0.02
274500.0 376 105.48 0.5 102988 32192.18 0.5 15630 5278.32 0.55 4736626 2243938.41 20.59 370 158.7 0.54 102222 60797.86 20.59 106 6 198 32330 1830 60390 17.3 18.6 17.74 0.02
275400.0 354 106.11 0.5 103342 32298.29 0.5 15608 5279.28 0.55 4752234 2249217.69 20.59 350 158.84 0.54 102572 60956.7 20.59 106 6 198 32436 1836 60588 17.3 18.6 17.74 0.02
276300.0 310 105.33 0.5 103652 32403.63 0.5 15569 5276.03 0.55 4767803 2254493.72 20.59 310 158.63 0.54 102882 61115.33 20.59 106 6 198 32542 1842 60786 17.3 18.5 17.72 0.02
277200.0 310 105.33 0.5 103962 32508.96 0.5 15572 5277.65 0.55 4783375 2259771.38 20.59 310 158.64 0.54 103192 61273.97 20.59 106 6 198 32648 1848 60984 17.3 18.5 17.71 0.02
278100.0 376 105.47 0.5 104338 32614.43 0.5 15632 5277.73 0.55 4799007 2265049.11 20.59 370 158.68 0.54 103562 61432.65 20.59 106 6 198 32754 1854 61182 17.3 18.5 17.71 0.02
279000.0 354 106.11 0.5 104692 32720.54 0.5 15608 5276.05 0.55 4814615 2270325.16 20.59 350 158.76 0.54 103912 61591.41 20.59 106 6 198 32860 1860 61380 17.3 18.5 17.71 0.02
279900.0 310 105.33 0.5 105002 32825.87 0.5 15565 5276.84 0.55 4830180 2275602.01 20.59 310 158.66 0.54 104222 61750.07 20.59 106 6 198 32966 1866 61578 17.3 18.4 17.7 0.02
280800.0 310 105.33 0.5 105312 32931.2 0.5 15566 5277.38 0.55 4845746 2280879.39 20.59 310 158.66 0.54 104532 61908.73 20.59 106 6 198 33072 1872 61776 17.3 18.4 17.69 0.02
281700.0 376 105.48 0.5 105688 33036.68 0.5 15625 5276.9 0.55 4861371 2286156.28 20.59 370 158.71 0.54 104902 62067.45 20.59 106 6 198 33178 1878 61974 17.3 18.4 17.69 0.02
282600.0 354 106.11 0.5 106042 33142.79 0.5 15598 5275.24 0.55 4876969 2291431.52 20.59 350 158.8 0.54 105252 62226.25 20.59 106 6 198 33284 1884 62172 17.3 18.4 17.69 0.02
283500.0 310 105.33 0.5 106352 33248.12 0.5 15560 5273.57 0.55 4892529 2296705.1 20.59 310 158.61 0.54 105562 62384.85 20.59 106 6 198 33390 1890 62370 17.3 18.3 17.68 0.01
284400.0 310 105.33 0.5 106662 33353.45 0.5 15559 5273.56 0.55 4908088 2301978.66 20.59 310 158.61 0.54 105872 62543.46 20.59 106 6 198 33496 1896 62568 17.3 18.3 17.68 0.01
285300.0 376 105.47 0.5 107038 33458.92 0.5 15617 5272.52 0.55 4923705 2307251.18 20.59 370 158.66 0.54 106242 62702.12 20.59 106 6 198 33602 1902 62766 17.3 18.3 17.68 0.01
286200.0 354 106.11 0.5 107392 33565.03 0.5 15596 5271.96 0.55 4939301 2312523.14 20.59 350 158.76 0.54 106592 62860.88 20.59 106 6 198 33708 1908 62964 17.3 18.3 17.68 0.01
287100.0 310 105.33 0.5 107702 33670.36 0.5 15562 5272.96 0.55 4954863 2317796.1 20.59 310 158.59 0.54 106902 63019.47 20.59 106 6 198 33814 1914 63162 17.3 18.2 17.67 0.01
288000.0 310 105.33 0.5 108012 33775.69 0.5 15555 5270.73 0.55 4970418 2323066.84 20.59 310 158.59 0.54 107212 63178.07 20.59 106 6 198 33920 1920 63360 17.3 18.2 17.67 0.01
288900.0 376 105.47 0.5 108388 33881.16 0.5 15615 5270.81 0.55 4986033 2328337.65 20.59 370 158.64 0.54 107582 63336.71 20.59 106 6 198 34026 1926 63558 17.3 18.2 17.67 0.01
289800.0 354 106.11 0.5 108742 33987.27 0.5 15593 5272.85 0.55 5001626 2333610.51 20.59 350 158.79 0.54 107932 63495.5 20.59 106 6 198 34132 1932 63756 17.3 18.2 17.67 0.01
290700.0 310 105.34 0.5 109052 34092.61 0.5 15561 5277.5 0.55 5017187 2338888.0 20.59 310 158.68 0.54 108242 63654.18 20.59 106 6 198 34238 1938 63954 17.3 18.2 17.66 0.01
291600.0 310 105.34 0.5 109362 34197.94 0.5 15554 5275.28 0.55 5032741 2344163.28 20.59 310 158.69 0.54 108552 63812.87 20.59 106 6 198 34344 1944 64152 17.3 18.1 17.66 0.01
292500.0 376 105.48 0.5 109738 34303.42 0.5 15613 5274.8 0.55 5048354 2349438.09 20.59 370 158.74 0.54 108922 63971.61 20.59 106 6 198 34450 1950 64350 17.3 18.1 17.66 0.01
293400.0 354 106.11 0.5 110092 34409.54 0.5 15592 5274.88 0.55 5063946 2354712.97 20.59 350 158.84 0.54 109272 64130.45 20.59 106 6 198 34556 1956 64548 17.3 18.1 17.66 0.01
294300.0 310 105.33 0.5 110402 34514.87 0.5 15557 5274.35 0.55 5079503 2359987.32 20.59 310 158.64 0.54 109582 64289.09 20.59 106 6 198 34662 1962 64746 17.4 18.1 17.66 0.01
295200.0 310 105.33 0.5 110712 34620.2 0.5 15553 5273.22 0.55 5095056 2365260.54 20.59 310 158.65 0.54 109892 64447.74 20.59 106 6 198 34768 1968 64944 17.4 18.0 17.66 0.01
296100.0 376 105.48 0.5 111088 34725.68 0.5 15613 5273.3 0.55 5110669 2370533.84 20.59 370 158.69 0.54 110262 64606.43 20.59 106 6 198 34874 1974 65142 17.4 18.0 17.66 0.01
297000.0 354 106.11 0.5 111442 34831.79 0.5 15593 5273.37 0.55 5126262 2375807.21 20.59 350 158.8 0.54 110612 64765.23 20.59 106 6 198 34980 1980 65340 17.4 18.0 17.66 0.01
297900.0 310 105.34 0.5 111752 34937.12 0.5 15550 5274.75 0.55 5141812 2381081.96 20.59 310 158.68 0.54 110922 64923.91 20.59 106 6 198 35086 1986 65538 17.4 18.0 17.65 0.01
298800.0 310 105.34 0.5 112062 35042.46 0.5 15548 5274.73 0.55 5157360 2386356.69 20.59 310 158.69 0.54 111232 65082.6 20.59 106 6 198 35192 1992 65736 17.4 18.0 17.66 0.01
299700.0 376 105.48 0.5 112438 35147.94 0.5 15608 5274.8 0.55 5172968 2391631.49 20.59 370 158.74 0.54 111602 65241.34 20.59 106 6 198 35298 1998 65934 17.4 18.0 17.66 0.01
300600.0 354 106.11 0.5 112792 35254.05 0.5 15582 5273.78 0.55 5188550 2396905.27 20.59 350 158.84 0.54 111952 65400.18 20.59 106 6 198 35404 2004 66132 17.4 18.0 17.66 0.01
301500.0 310 105.33 0.5 113102 35359.38 0.5 15550 5272.16 0.55 5204100 2402177.43 20.59 310 158.65 0.54 112262 65558.83 20.59 106 6 198 35510 2010 66330 17.4 18.0 17.66 0.0
302400.0 310 105.33 0.5 113412 35464.72 0.5 15547 5272.14 0.55 5219647 2407449.57 20.59 310 158.66 0.54 112572 65717.49 20.59 106 6 198 35616 2016 66528 17.4 17.9 17.67 0.01
303300.0 376 105.48 0.5 113788 35570.19 0.5 15604 5271.66 0.55 5235251 2412721.23 20.59 370 158.71 0.54 112942 65876.2 20.59 106 6 198 35722 2022 66726 17.4 17.9 17.67 0.01
304200.0 354 106.11 0.5 114142 35676.3 0.5 15577 5269.44 0.55 5250828 2417990.67 20.59 350 158.78 0.54 113292 66034.98 20.59 106 6 198 35828 2028 66924 17.4 17.9 17.67 0.01
305100.0 310 105.33 0.5 114452 35781.63 0.5 15540 5271.34 0.55 5266368 2423262.01 20.59 310 158.66 0.54 113602 66193.64 20.59 106 6 198 35934 2034 67122 17.4 17.9 17.66 0.01
306000.0 310 105.33 0.5 114762 35886.97 0.5 15537 5270.78 0.55 5281905 2428532.79 20.59 310 158.66 0.54 113912 66352.3 20.59 106 6 198 36040 2040 67320 17.4 17.8 17.66 0.01
306900.0 376 105.48 0.5 115138 35992.44 0.5 15597 5270.85 0.55 5297502 2433803.64 20.59 370 158.71 0.54 114282 66511.02 20.59 106 6 198 36146 2046 67518 17.4 17.9 17.66 0.01
307800.0 354 106.11 0.5 115492 36098.56 0.5 15574 5271.58 0.55 5313076 2439075.22 20.59 350 158.84 0.54 114632 66669.86 20.59 106 6 198 36252 2052 67716 17.4 17.9 17.66 0.01
308700.0 310 105.34 0.5 115802 36203.89 0.5 15537 5273.1 0.55 5328613 2444348.32 20.59 310 158.68 0.54 114942 66828.54 20.59 106 6 198 36358 2058 67914 17.4 17.9 17.66 0.01
309600.0 310 105.34 0.5 116112 36309.23 0.5 15537 5271.43 0.55 5344150 2449619.75 20.59 310 158.69 0.54 115252 66987.23 20.59 106 6 198 36464 2064 68112 17.4 17.9 17.67 0.01
310500.0 376 105.48 0.5 116488 36414.71 0.5 15594 5271.5 0.55 5359744 2454891.25 20.59 370 158.74 0.54 115622 67145.97 20.59 106 6 198 36570 2070 68310 17.4 17.9 17.67 0.01
311400.0 354 106.11 0.5 116842 36520.82 0.5 15563 5268.28 0.55 5375307 2460159.53 20.59 350 158.84 0.54 115972 67304.81 20.59 106 6 198 36676 2076 68508 17.4 17.9 17.67 0.01
312300.0 310 105.33 0.5 117152 36626.15 0.5 15518 5266.1 0.55 5390825 2465425.63 20.59 310 158.64 0.54 116282 67463.45 20.59 106 6 198 36782 2082 68706 17.4 17.9 17.67 0.01
313200.0 310 105.33 0.5 117462 36731.49 0.5 15524 5268.27 0.55 5406349 2470693.9 20.59 310 158.65 0.54 116592 67622.1 20.59 106 6 198 36888 2088 68904 17.4 18.0 17.68 0.01
314100.0 376 105.48 0.5 117838 36836.96 0.5 15581 5267.25 0.55 5421930 2475961.15 20.59 370 158.69 0.54 116962 67780.79 20.59 106 6 198 36994 2094 69102 17.3 18.0 17.68 0.01
315000.0 354 106.11 0.5 118192 36943.07 0.5 15559 5266.77 0.55 5437489 2481227.92 20.59 350 158.8 0.54 117312 67939.59 20.59 106 6 198 37100 2100 69300 17.3 18.0 17.68 0.01
315900.0 310 105.33 0.5 118502 37048.41 0.5 15519 5264.48 0.55 5453008 2486492.4 20.59 310 158.63 0.54 117622 68098.22 20.59 106 6 198 37206 2106 69498 17.3 18.0 17.69 0.01
316800.0 310 105.33 0.5 118812 37153.74 0.5 15527 5266.65 0.55 5468535 2491759.06 20.59 310 158.64 0.54 117932 68256.85 20.59 106 6 198 37312 2112 69696 17.3 18.1 17.7 0.02
317700.0 376 105.48 0.5 119188 37259.21 0.5 15583 5266.73 0.55 5484118 2497025.79 20.59 370 158.68 0.54 118302 68415.54 20.59 106 6 198 37418 2118 69894 17.3 18.1 17.7 0.02
318600.0 354 106.11 0.5 119542 37365.32 0.5 15553 5265.7 0.55 5499671 2502291.49 20.59 350 158.79 0.54 118652 68574.33 20.59 106 6 198 37524 2124 70092 17.3 18.1 17.7 0.02
319500.0 310 105.34 0.5 119852 37470.66 0.5 15503 5264.85 0.55 5515174 2507556.34 20.59 310 158.68 0.54 118962 68733.01 20.59 106 6 198 37630 2130 70290 17.3 18.1 17.7 0.02
320400.0 310 105.34 0.5 120162 37576.0 0.5 15505 5265.38 0.55 5530679 2512821.72 20.59 310 158.69 0.54 119272 68891.7 20.59 106 6 198 37736 2136 70488 17.3 18.2 17.7 0.02
321300.0 376 105.48 0.5 120538 37681.47 0.5 15564 5265.45 0.55 5546243 2518087.17 20.59 370 158.74 0.54 119642 69050.43 20.59 106 6 198 37842 2142 70686 17.3 18.2 17.71 0.02
322200.0 354 106.1 0.5 120892 37787.58 0.5 15541 5259.97 0.55 5561784 2523347.14 20.59 350 158.74 0.54 119992 69209.17 20.59 106 6 198 37948 2148 70884 17.3 18.2 17.71 0.02
323100.0 310 105.33 0.5 121202 37892.9 0.5 15500 5258.45 0.55 5577284 2528605.59 20.59 310 158.55 0.54 120302 69367.72 20.59 106 6 198 38054 2154 71082 17.3 18.2 17.71 0.02
324000.0 310 105.33 0.5 121512 37998.23 0.5 15498 5258.42 0.55 5592782 2533864.01 20.59 310 158.56 0.54 120612 69526.28 20.59 106 6 198 38160 2160 71280 17.3 18.2 17.72 0.02
324900.0 376 105.47 0.5 121888 38103.7 0.5 15553 5257.94 0.55 5608335 2539121.95 20.59 370 158.6 0.54 120982 69684.88 20.59 106 6 198 38266 2166 71478 17.3 18.2 17.72 0.02
325800.0 354 106.11 0.5 122242 38209.81 0.5 15519 5259.09 0.55 5623854 2544381.04 20.59 350 158.81 0.54 121332 69843.69 20.59 106 6 198 38372 2172 71676 17.3 18.2 17.72 0.02
326700.0 310 105.34 0.5 122552 38315.14 0.5 15482 5260.45 0.55 5639336 2549641.49 20.59 310 158.68 0.54 121642 70002.38 20.59 106 6 198 38478 2178 71874 17.3 18.2 17.72 0.02
327600.0 310 105.34 0.5 122862 38420.48 0.5 15490 5262.63 0.55 5654826 2554904.11 20.59 310 158.69 0.54 121952 70161.07 20.59 106 6 198 38584 2184 72072 17.3 18.3 17.73 0.03
328500.0 376 105.48 0.5 123238 38525.96 0.5 15549 5262.15 0.55 5670375 2560166.27 20.59 370 158.74 0.54 122322 70319.8 20.59 106 6 198 38690 2190 72270 17.2 18.3 17.73 0.03
329400.0 354 106.11 0.5 123592 38632.07 0.5 15518 5260.03 0.55 5685893 2565426.3 20.59 350 158.84 0.54 122672 70478.64 20.59 106 6 198 38796 2196 72468 17.2 18.3 17.73 0.03
330300.0 310 105.34 0.5 123902 38737.41 0.5 15470 5257.15 0.55 5701363 2570683.45 20.59 310 158.68 0.54 122982 70637.33 20.59 106 6 198 38902 2202 72666 17.2 18.3 17.74 0.03
331200.0 310 105.34 0.5 124212 38842.74 0.5 15476 5256.58 0.55 5716839 2575940.03 20.59 310 158.69 0.54 123292 70796.02 20.59 106 6 198 39008 2208 72864 17.2 18.4 17.74 0.03
332100.0 376 105.48 0.5 124588 38948.22 0.5 15532 5256.1 0.55 5732371 2581196.13 20.59 370 158.74 0.54 123662 70954.75 20.59 106 6 198 39114 2214 73062 17.2 18.4 17.74 0.03
333000.0 354 106.11 0.5 124942 39054.33 0.5 15489 5250.03 0.55 5747860 2586446.16 20.59 350 158.82 0.54 124012 71113.57 20.59 106 6 198 39220 2220 73260 17.2 18.4 17.74 0.03
333900.0 310 105.33 0.5 125252 39159.67 0.5 15440 5250.44 0.55 5763300 2591696.6 20.59 310 158.66 0.54 124322 71272.23 20.59 106 6 198 39326 2226 73458 17.2 18.4 17.75 0.03
334800.0 310 105.33 0.5 125562 39265.0 0.5 15448 5253.18 0.55 5778748 2596949.78 20.59 310 158.66 0.54 124632 71430.89 20.59 106 6 198 39432 2232 73656 17.2 18.5 17.75 0.04
335700.0 376 105.48 0.5 125938 39370.48 0.5 15497 5252.15 0.55 5794245 2602201.93 20.59 370 158.71 0.54 125002 71589.6 20.59 106 6 198 39538 2238 73854 17.2 18.5 17.75 0.04
336600.0 354 106.11 0.5 126292 39476.59 0.5 15464 5250.68 0.55 5809709 2607452.61 20.59 350 158.84 0.54 125352 71748.44 20.59 106 6 198 39644 2244 74052 17.2 18.5 17.75 0.04
337500.0 310 105.34 0.5 126602 39581.93 0.5 15409 5247.25 0.55 5825118 2612699.86 20.59 310 158.68 0.54 125662 71907.13 20.59 106 6 198 39750 2250 74250 17.2 18.5 17.76 0.04
338400.0 310 105.34 0.5 126912 39687.26 0.5 15422 5249.98 0.55 5840540 2617949.84 20.59 310 158.69 0.54 125972 72065.82 20.59 106 6 198 39856 2256 74448 17.2 18.5 17.77 0.04
339300.0 376 105.48 0.5 127288 39792.74 0.5 15473 5248.4 0.55 5856013 2623198.24 20.59 370 158.74 0.54 126342 72224.55 20.59 106 6 198 39962 2262 74646 17.2 18.5 17.77 0.04
340200.0 354 106.11 0.5 127642 39898.85 0.5 15434 5242.64 0.55 5871447 2628440.88 20.59 350 158.8 0.54 126692 72383.35 20.59 106 6 198 40068 2268 74844 17.2 18.5 17.77 0.04
341100.0 310 105.33 0.5 127952 40004.18 0.5 15378 5240.31 0.55 5886825 2633681.19 20.59 310 158.64 0.54 127002 72542.0 20.59 106 6 198 40174 2274 75042 17.2 18.5 17.77 0.04
342000.0 310 105.33 0.5 128262 40109.52 0.5 15376 5240.29 0.55 5902201 2638921.48 20.59 310 158.65 0.54 127312 72700.65 20.59 106 6 198 40280 2280 75240 17.2 18.5 17.77 0.05
342900.0 376 105.47 0.5 128638 40214.99 0.5 15435 5240.37 0.55 5917636 2644161.85 20.59 370 158.7 0.54 127682 72859.34 20.59 106 6 198 40386 2286 75438 17.2 18.5 17.77 0.05
343800.0 354 106.11 0.5 128992 40321.1 0.5 15406 5236.87 0.55 5933042 2649398.72 20.59 350 158.76 0.54 128032 73018.1 20.59 106 6 198 40492 2292 75636 17.2 18.5 17.77 0.05
344700.0 310 105.33 0.5 129302 40426.43 0.5 15355 5234.54 0.55 5948397 2654633.26 20.59 310 158.6 0.54 128342 73176.7 20.59 106 6 198 40598 2298 75834 17.2 18.5 17.77 0.05
345600.0 310 105.33 0.5 129612 40531.76 0.5 15363 5235.06 0.55 5963760 2659868.32 20.59 310 158.61 0.54 128652 73335.31 20.59 106 6 198 40704 2304 76032 17.2 18.6 17.78 0.05
