# seed = 10, gamma = 0.0, beta = 0.0, dee = 1.0, dcc = 100.0, dec = 1000.0, dsCnd = 150.0, dLocalhost = 0.02, hostBroker = CLOUD 
#
# The columns have the following meaning: 
# instant[SECONDS] commCountUploadPartial delaySumUploadPartial[SECONDS] delayMaxUploadPartial[SECONDS] commCountUploadTot delaySumUploadTot[SECONDS] delayMaxUploadTot[SECONDS] commCountDownloadPartial delaySumDownloadPartial[SECONDS] delayMaxDownloadPartial[SECONDS] commCountDownloadTot delaySumDownloadTot[SECONDS] delayMaxDownloadTot[SECONDS] commCountDownloadMaxPartial delaySumDownloadMaxPartial[SECONDS] delayMaxDownloadMaxPartial[SECONDS] commCountDownloadMaxTot delaySumDownloadMaxTot[SECONDS] delayMaxDownloadMaxTot[SECONDS] runOnCloudPartial runOnEdgePartial runOnSmartphonePartial runOnCloudTot runOnEdgeTot runOnSmartphoneTot minTemp maxTemp avgTemp varianceTemp
0.0 0 0.0 0.0 0 0.0 0.0 0 0.0 0.0 0 0.0 0.0 0 0.0 0.0 0 0.0 0.0 0 0 0 0 0 0 17.0 25.0 21.0 0.0
900.0 376 32.33 0.1 376 32.33 0.1 15323 2530.61 1.15 15323 2530.61 1.15 370 45.95 0.19 370 45.95 0.19 310 0 0 310 0 0 18.9 21.0 19.36 0.76
1800.0 356 33.15 0.36 732 65.49 0.36 15610 154400.93 19.72 30933 156931.53 19.72 352 3110.01 19.72 722 3155.96 19.72 310 0 0 620 0 0 18.9 18.9 18.9 0.0
2700.0 310 32.23 0.11 1042 97.72 0.36 15266 2589.28 1.15 46199 159520.81 19.72 310 46.5 0.2 1032 3202.45 19.72 310 0 0 930 0 0 17.7 18.9 18.42 0.03
3600.0 310 32.23 0.11 1352 129.95 0.36 15265 2588.2 1.15 61464 162109.01 19.72 310 46.5 0.2 1342 3248.95 19.72 310 0 0 1240 0 0 17.7 18.9 18.22 0.05
4500.0 376 32.37 0.11 1728 162.32 0.36 15321 2584.14 1.15 76785 164693.15 19.72 370 47.1 0.2 1712 3296.05 19.72 310 0 0 1550 0 0 17.6 18.7 18.22 0.05
5400.0 356 33.17 0.36 2084 195.49 0.36 15631 8716.42 19.77 92416 173409.57 19.77 352 66.71 19.77 2064 3362.76 19.77 310 0 0 1860 0 0 17.6 18.7 18.22 0.05
6300.0 310 32.23 0.11 2394 227.72 0.36 15301 2597.87 1.15 107717 176007.44 19.77 310 46.81 0.2 2374 3409.58 19.77 310 0 0 2170 0 0 17.6 18.7 18.22 0.05
7200.0 310 32.23 0.11 2704 259.96 0.36 15304 2601.32 1.15 123021 178608.76 19.77 310 46.81 0.2 2684 3456.38 19.77 310 0 0 2480 0 0 17.6 18.7 18.24 0.04
8100.0 376 32.38 0.11 3080 292.33 0.36 15360 2597.34 1.15 138381 181206.1 19.77 370 47.42 0.2 3054 3503.8 19.77 310 0 0 2790 0 0 17.6 18.7 18.24 0.04
9000.0 356 33.17 0.36 3436 325.5 0.36 15642 8707.99 19.76 154023 189914.09 19.77 352 66.75 19.76 3406 3570.55 19.77 310 0 0 3100 0 0 17.6 18.7 18.24 0.04
9900.0 310 32.23 0.11 3746 357.73 0.36 15283 2573.86 1.15 169306 192487.95 19.77 310 46.54 0.2 3716 3617.09 19.77 310 0 0 3410 0 0 17.6 18.7 18.22 0.04
10800.0 310 32.23 0.11 4056 389.96 0.36 15296 2588.78 1.15 184602 195076.73 19.77 310 46.53 0.2 4026 3663.62 19.77 310 0 0 3720 0 0 17.6 18.7 18.14 0.04
11700.0 376 32.37 0.11 4432 422.33 0.36 15354 2587.12 1.15 199956 197663.86 19.77 370 47.14 0.2 4396 3710.76 19.77 310 0 0 4030 0 0 17.6 18.7 18.14 0.04
12600.0 354 33.01 0.36 4786 455.34 0.36 15319 2576.66 1.15 215275 200240.52 19.77 350 47.08 0.2 4746 3757.83 19.77 310 0 0 4340 0 0 17.6 18.7 18.14 0.04
13500.0 310 32.23 0.11 5096 487.57 0.36 15244 2536.05 1.15 230519 202776.57 19.77 310 46.68 0.2 5056 3804.52 19.77 310 0 0 4650 0 0 17.6 18.7 18.13 0.04
14400.0 310 32.23 0.11 5406 519.8 0.36 15242 2533.71 1.15 245761 205310.29 19.77 310 46.68 0.2 5366 3851.19 19.77 310 0 0 4960 0 0 17.6 18.7 18.12 0.04
15300.0 376 32.38 0.11 5782 552.18 0.36 15302 2534.36 1.15 261063 207844.64 19.77 370 47.28 0.2 5736 3898.47 19.77 310 0 0 5270 0 0 17.6 18.7 18.12 0.04
16200.0 354 33.01 0.36 6136 585.19 0.36 15273 2522.81 1.15 276336 210367.46 19.77 350 47.06 0.2 6086 3945.53 19.77 310 0 0 5580 0 0 17.6 18.7 18.12 0.04
17100.0 310 32.23 0.11 6446 617.41 0.36 15242 2523.79 1.15 291578 212891.25 19.77 310 46.48 0.2 6396 3992.01 19.77 310 0 0 5890 0 0 17.6 18.7 18.1 0.03
18000.0 310 32.23 0.11 6756 649.64 0.36 15244 2526.09 1.15 306822 215417.34 19.77 310 46.47 0.2 6706 4038.49 19.77 310 0 0 6200 0 0 17.6 18.7 18.09 0.04
18900.0 376 32.37 0.11 7132 682.01 0.36 15302 2524.39 1.15 322124 217941.72 19.77 370 47.08 0.2 7076 4085.57 19.77 310 0 0 6510 0 0 17.6 18.6 18.09 0.04
19800.0 354 33.0 0.36 7486 715.01 0.36 15272 2513.43 1.15 337396 220455.15 19.77 350 46.89 0.2 7426 4132.46 19.77 310 0 0 6820 0 0 17.6 18.6 18.09 0.04
20700.0 310 32.23 0.11 7796 747.24 0.36 15240 2526.45 1.15 352636 222981.6 19.77 310 46.58 0.2 7736 4179.04 19.77 310 0 0 7130 0 0 17.6 18.6 18.07 0.03
21600.0 310 32.23 0.11 8106 779.47 0.36 15240 2526.42 1.15 367876 225508.02 19.77 310 46.57 0.2 8046 4225.61 19.77 310 0 0 7440 0 0 17.6 18.6 18.06 0.03
22500.0 376 32.37 0.11 8482 811.84 0.36 15299 2525.9 1.15 383175 228033.92 19.77 370 47.18 0.2 8416 4272.79 19.77 310 0 0 7750 0 0 17.6 18.6 18.06 0.03
23400.0 354 33.01 0.36 8836 844.85 0.36 15266 2514.61 1.15 398441 230548.52 19.77 350 47.05 0.2 8766 4319.85 19.77 310 0 0 8060 0 0 17.6 18.6 18.06 0.03
24300.0 310 32.24 0.11 9146 877.08 0.36 15233 2527.41 1.15 413674 233075.94 19.77 310 46.77 0.2 9076 4366.61 19.77 310 0 0 8370 0 0 17.6 18.6 18.04 0.03
25200.0 310 32.24 0.11 9456 909.32 0.36 15239 2534.28 1.15 428913 235610.21 19.77 310 46.76 0.2 9386 4413.37 19.77 310 0 0 8680 0 0 17.5 18.6 18.03 0.03
26100.0 376 32.38 0.11 9832 941.7 0.36 15298 2533.77 1.15 444211 238143.98 19.77 370 47.37 0.2 9756 4460.74 19.77 310 0 0 8990 0 0 17.5 18.6 18.03 0.03
27000.0 354 33.01 0.36 10186 974.71 0.36 15264 2517.43 1.15 459475 240661.41 19.77 350 47.16 0.2 10106 4507.9 19.77 310 0 0 9300 0 0 17.5 18.6 18.03 0.03
27900.0 310 32.23 0.11 10496 1006.94 0.36 15229 2518.04 1.15 474704 243179.45 19.77 310 46.67 0.2 10416 4554.56 19.77 310 0 0 9610 0 0 17.5 18.6 18.0 0.03
28800.0 310 32.23 0.11 10806 1039.18 0.36 15237 2527.19 1.15 489941 245706.64 19.77 310 46.66 0.2 10726 4601.22 19.77 310 0 0 9920 0 0 17.5 18.6 17.99 0.03
29700.0 376 32.38 0.11 11182 1071.55 0.36 15294 2524.38 1.15 505235 248231.02 19.77 370 47.27 0.2 11096 4648.49 19.77 310 0 0 10230 0 0 17.5 18.6 17.99 0.03
30600.0 354 33.01 0.36 11536 1104.56 0.36 15260 2508.05 1.15 520495 250739.07 19.77 350 47.06 0.2 11446 4695.55 19.77 310 0 0 10540 0 0 17.5 18.6 17.99 0.03
31500.0 310 32.24 0.11 11846 1136.8 0.36 15229 2522.81 1.15 535724 253261.88 19.77 310 46.77 0.2 11756 4742.32 19.77 310 0 0 10850 0 0 17.4 18.6 17.96 0.03
32400.0 310 32.24 0.11 12156 1169.03 0.36 15236 2530.83 1.15 550960 255792.71 19.77 310 46.76 0.2 12066 4789.08 19.77 310 0 0 11160 0 0 17.4 18.6 17.95 0.03
33300.0 376 32.38 0.11 12532 1201.41 0.36 15296 2531.47 1.15 566256 258324.17 19.77 370 47.37 0.2 12436 4836.44 19.77 310 0 0 11470 0 0 17.4 18.5 17.95 0.03
34200.0 354 33.01 0.36 12886 1234.43 0.36 15256 2508.23 1.15 581512 260832.4 19.77 350 47.16 0.2 12786 4883.6 19.77 310 0 0 11780 0 0 17.4 18.5 17.95 0.03
35100.0 310 32.24 0.11 13196 1266.66 0.36 15227 2520.51 1.15 596739 263352.92 19.77 310 46.77 0.2 13096 4930.37 19.77 310 0 0 12090 0 0 17.4 18.5 17.92 0.03
36000.0 310 32.24 0.11 13506 1298.9 0.36 15233 2527.38 1.15 611972 265880.29 19.77 310 46.76 0.2 13406 4977.13 19.77 310 0 0 12400 0 0 17.4 18.5 17.91 0.03
36900.0 376 32.38 0.11 13882 1331.28 0.36 15293 2528.02 1.15 627265 268408.31 19.77 370 47.37 0.2 13776 5024.5 19.77 310 0 0 12710 0 0 17.4 18.5 17.91 0.03
37800.0 354 33.01 0.36 14236 1364.28 0.36 15246 2487.75 1.15 642511 270896.06 19.77 350 46.97 0.2 14126 5071.47 19.77 310 0 0 13020 0 0 17.4 18.5 17.91 0.03
38700.0 310 32.23 0.11 14546 1396.51 0.36 15226 2510.39 1.15 657737 273406.45 19.77 310 46.58 0.2 14436 5118.05 19.77 310 0 0 13330 0 0 17.3 18.5 17.88 0.03
39600.0 310 32.23 0.11 14856 1428.74 0.36 15235 2520.7 1.15 672972 275927.15 19.77 310 46.57 0.2 14746 5164.62 19.77 310 0 0 13640 0 0 17.3 18.5 17.87 0.04
40500.0 376 32.37 0.11 15232 1461.11 0.36 15291 2516.74 1.15 688263 278443.89 19.77 370 47.18 0.2 15116 5211.8 19.77 310 0 0 13950 0 0 17.3 18.5 17.87 0.04
41400.0 354 33.01 0.36 15586 1494.13 0.36 15248 2499.03 1.15 703511 280942.92 19.77 350 47.16 0.2 15466 5258.96 19.77 310 0 0 14260 0 0 17.3 18.5 17.87 0.04
42300.0 310 32.23 0.11 15896 1526.36 0.36 15217 2503.89 1.15 718728 283446.8 19.77 310 46.66 0.2 15776 5305.62 19.77 310 0 0 14570 0 0 17.3 18.5 17.84 0.04
43200.0 310 32.23 0.11 16206 1558.59 0.36 15226 2514.21 1.15 733954 285961.01 19.77 310 46.65 0.2 16086 5352.28 19.77 310 0 0 14880 0 0 17.3 18.5 17.83 0.05
44100.0 376 32.38 0.11 16582 1590.97 0.36 15286 2514.84 1.15 749240 288475.85 19.77 370 47.26 0.2 16456 5399.54 19.77 310 0 0 15190 0 0 17.2 18.4 17.83 0.05
45000.0 354 33.01 0.36 16936 1623.98 0.36 15244 2489.31 1.15 764484 290965.16 19.77 350 47.05 0.2 16806 5446.59 19.77 310 0 0 15500 0 0 17.2 18.4 17.83 0.05
45900.0 310 32.23 0.11 17246 1656.21 0.36 15217 2503.49 1.15 779701 293468.64 19.77 310 46.65 0.2 17116 5493.24 19.77 310 0 0 15810 0 0 17.2 18.4 17.8 0.05
46800.0 310 32.23 0.11 17556 1688.44 0.36 15225 2512.65 1.15 794926 295981.29 19.77 310 46.64 0.2 17426 5539.89 19.77 310 0 0 16120 0 0 17.2 18.5 17.79 0.06
47700.0 376 32.38 0.11 17932 1720.81 0.36 15285 2513.29 1.15 810211 298494.58 19.77 370 47.25 0.2 17796 5587.14 19.77 310 0 0 16430 0 0 17.2 18.5 17.79 0.06
48600.0 354 33.01 0.36 18286 1753.82 0.36 15236 2479.7 1.15 825447 300974.27 19.77 350 47.05 0.2 18146 5634.18 19.77 310 0 0 16740 0 0 17.2 18.5 17.79 0.06
49500.0 310 32.24 0.11 18596 1786.06 0.36 15217 2509.01 1.15 840664 303483.29 19.77 310 46.77 0.2 18456 5680.95 19.77 310 0 0 17050 0 0 17.2 18.5 17.76 0.06
50400.0 310 32.24 0.11 18906 1818.29 0.36 15233 2527.38 1.15 855897 306010.66 19.77 310 46.76 0.2 18766 5727.71 19.77 310 0 0 17360 0 0 17.1 18.5 17.74 0.07
51300.0 376 32.38 0.11 19282 1850.67 0.36 15292 2526.87 1.15 871189 308537.53 19.77 370 47.37 0.2 19136 5775.08 19.77 310 0 0 17670 0 0 17.1 18.5 17.74 0.07
52200.0 354 33.01 0.36 19636 1883.69 0.36 15249 2500.18 1.15 886438 311037.71 19.77 350 47.16 0.2 19486 5822.23 19.77 310 0 0 17980 0 0 17.1 18.5 17.74 0.07
53100.0 310 32.24 0.11 19946 1915.92 0.36 15202 2491.76 1.15 901640 313529.47 19.77 310 46.77 0.2 19796 5869.0 19.77 310 0 0 18290 0 0 17.1 18.5 17.73 0.07
54000.0 310 32.24 0.11 20256 1948.16 0.36 15214 2505.53 1.15 916854 316035.0 19.77 310 46.76 0.2 20106 5915.76 19.77 310 0 0 18600 0 0 17.1 18.6 17.72 0.08
54900.0 376 32.38 0.11 20632 1980.54 0.36 15269 2500.42 1.15 932123 318535.42 19.77 370 47.37 0.2 20476 5963.13 19.77 310 0 0 18910 0 0 17.1 18.6 17.72 0.08
55800.0 354 33.01 0.36 20986 2013.55 0.36 15239 2488.68 1.15 947362 321024.1 19.77 350 47.16 0.2 20826 6010.29 19.77 310 0 0 19220 0 0 17.1 18.6 17.72 0.08
56700.0 310 32.24 0.11 21296 2045.79 0.36 15208 2498.66 1.15 962570 323522.76 19.77 310 46.77 0.2 21136 6057.05 19.77 310 0 0 19530 0 0 17.1 18.6 17.69 0.08
57600.0 310 32.24 0.11 21606 2078.02 0.36 15213 2504.38 1.15 977783 326027.14 19.77 310 46.76 0.2 21446 6103.81 19.77 310 0 0 19840 0 0 17.1 18.6 17.69 0.09
58500.0 376 32.38 0.11 21982 2110.4 0.36 15273 2505.02 1.15 993056 328532.15 19.77 370 47.37 0.2 21816 6151.18 19.77 310 0 0 20150 0 0 17.1 18.6 17.69 0.09
59400.0 354 33.01 0.36 22336 2143.41 0.36 15227 2470.87 1.15 1008283 331003.02 19.77 350 47.08 0.2 22166 6198.25 19.77 310 0 0 20460 0 0 17.1 18.6 17.69 0.09
60300.0 310 32.23 0.11 22646 2175.64 0.36 15207 2493.5 1.15 1023490 333496.52 19.77 310 46.68 0.2 22476 6244.94 19.77 310 0 0 20770 0 0 17.0 18.6 17.66 0.1
61200.0 310 32.23 0.11 22956 2207.88 0.36 15216 2503.81 1.15 1038706 336000.34 19.77 310 46.68 0.2 22786 6291.61 19.77 310 0 0 21080 0 0 17.0 18.6 17.65 0.1
62100.0 376 32.38 0.11 23332 2240.25 0.36 15274 2502.16 1.15 1053980 338502.49 19.77 370 47.28 0.2 23156 6338.9 19.77 310 0 0 21390 0 0 17.0 18.6 17.65 0.1
63000.0 354 33.0 0.36 23686 2273.25 0.36 15226 2459.83 1.15 1069206 340962.32 19.77 350 46.87 0.2 23506 6385.77 19.77 310 0 0 21700 0 0 17.0 18.6 17.65 0.1
63900.0 310 32.22 0.11 23996 2305.47 0.36 15197 2467.99 1.15 1084403 343430.31 19.77 310 46.39 0.2 23816 6432.16 19.77 310 0 0 22010 0 0 17.0 18.6 17.64 0.11
64800.0 310 32.22 0.11 24306 2337.7 0.36 15204 2476.06 1.15 1099607 345906.37 19.77 310 46.39 0.2 24126 6478.55 19.77 310 0 0 22320 0 0 17.0 18.6 17.63 0.11
65700.0 376 32.36 0.11 24682 2370.06 0.36 15264 2476.63 1.15 1114871 348383.0 19.77 370 47.0 0.2 24496 6525.55 19.77 310 0 0 22630 0 0 17.0 18.6 17.63 0.11
66600.0 354 33.0 0.36 25036 2403.06 0.36 15224 2452.58 1.15 1130095 350835.59 19.77 350 46.77 0.2 24846 6572.32 19.77 310 0 0 22940 0 0 17.0 18.6 17.63 0.11
67500.0 310 32.22 0.11 25346 2435.27 0.36 15182 2442.05 1.15 1145277 353277.64 19.77 310 46.22 0.2 25156 6618.54 19.77 310 0 0 23250 0 0 17.0 18.6 17.62 0.11
68400.0 310 32.22 0.11 25656 2467.49 0.36 15184 2444.34 1.15 1160461 355721.98 19.77 310 46.21 0.2 25466 6664.74 19.77 310 0 0 23560 0 0 17.0 18.7 17.62 0.11
69300.0 376 32.36 0.11 26032 2499.85 0.36 15244 2444.95 1.15 1175705 358166.93 19.77 370 46.82 0.2 25836 6711.56 19.77 310 0 0 23870 0 0 17.0 18.7 17.62 0.11
70200.0 354 33.0 0.36 26386 2532.85 0.36 15210 2435.71 1.15 1190915 360602.63 19.77 350 46.76 0.2 26186 6758.32 19.77 310 0 0 24180 0 0 17.0 18.7 17.62 0.11
71100.0 310 32.22 0.11 26696 2565.07 0.36 15183 2450.61 1.15 1206098 363053.25 19.77 310 46.37 0.2 26496 6804.69 19.77 310 0 0 24490 0 0 17.0 18.7 17.61 0.12
72000.0 310 32.22 0.11 27006 2597.29 0.36 15193 2462.14 1.15 1221291 365515.39 19.77 310 46.36 0.2 26806 6851.05 19.77 310 0 0 24800 0 0 17.0 18.7 17.6 0.12
72900.0 376 32.36 0.11 27382 2629.66 0.36 15250 2459.27 1.15 1236541 367974.65 19.77 370 46.97 0.2 27176 6898.02 19.77 310 0 0 25110 0 0 17.0 18.7 17.6 0.12
73800.0 354 33.0 0.36 27736 2662.65 0.36 15215 2441.84 1.15 1251756 370416.5 19.77 350 46.76 0.2 27526 6944.78 19.77 310 0 0 25420 0 0 17.0 18.7 17.6 0.12
74700.0 310 32.23 0.11 28046 2694.88 0.36 15173 2444.26 1.15 1266929 372860.75 19.77 310 46.47 0.2 27836 6991.26 19.77 310 0 0 25730 0 0 17.0 18.7 17.59 0.12
75600.0 310 32.23 0.11 28356 2727.11 0.36 15171 2441.99 1.15 1282100 375302.74 19.77 310 46.47 0.2 28146 7037.73 19.77 310 0 0 26040 0 0 17.0 18.7 17.59 0.12
76500.0 376 32.37 0.11 28732 2759.47 0.36 15231 2442.56 1.15 1297331 377745.31 19.77 370 47.08 0.2 28516 7084.8 19.77 310 0 0 26350 0 0 17.0 18.7 17.59 0.12
77400.0 354 33.0 0.36 29086 2792.47 0.36 15203 2429.31 1.15 1312534 380174.62 19.77 350 46.79 0.2 28866 7131.59 19.77 310 0 0 26660 0 0 17.0 18.7 17.59 0.12
78300.0 310 32.22 0.11 29396 2824.69 0.36 15166 2432.33 1.15 1327700 382606.95 19.77 310 46.39 0.2 29176 7177.99 19.77 310 0 0 26970 0 0 17.0 18.7 17.58 0.12
79200.0 310 32.22 0.11 29706 2856.92 0.36 15175 2442.71 1.15 1342875 385049.66 19.77 310 46.39 0.2 29486 7224.37 19.77 310 0 0 27280 0 0 17.0 18.6 17.58 0.12
80100.0 376 32.36 0.11 30082 2889.28 0.36 15235 2443.28 1.15 1358110 387492.94 19.77 370 47.0 0.2 29856 7271.37 19.77 310 0 0 27590 0 0 17.0 18.6 17.58 0.12
81000.0 354 33.0 0.36 30436 2922.28 0.36 15204 2432.91 1.15 1373314 389925.85 19.77 350 46.84 0.2 30206 7318.21 19.77 310 0 0 27900 0 0 17.0 18.6 17.58 0.12
81900.0 310 32.23 0.11 30746 2954.51 0.36 15167 2440.34 1.15 1388481 392366.19 19.77 310 46.54 0.2 30516 7364.75 19.77 310 0 0 28210 0 0 17.0 18.6 17.58 0.12
82800.0 310 32.23 0.11 31056 2986.73 0.36 15167 2440.39 1.15 1403648 394806.58 19.77 310 46.53 0.2 30826 7411.28 19.77 310 0 0 28520 0 0 17.0 18.6 17.58 0.12
83700.0 376 32.37 0.11 31432 3019.1 0.36 15224 2437.49 1.15 1418872 397244.08 19.77 370 47.14 0.2 31196 7458.42 19.77 310 0 0 28830 0 0 17.0 18.6 17.58 0.12
84600.0 354 33.0 0.36 31786 3052.11 0.36 15192 2423.55 1.15 1434064 399667.62 19.77 350 46.93 0.2 31546 7505.35 19.77 310 0 0 29140 0 0 17.0 18.6 17.58 0.12
85500.0 310 32.22 0.11 32096 3084.33 0.36 15163 2430.22 1.15 1449227 402097.84 19.77 310 46.42 0.2 31856 7551.77 19.77 310 0 0 29450 0 0 17.0 18.6 17.59 0.11
86400.0 310 32.22 0.11 32406 3116.56 0.36 15166 2433.72 1.15 1464393 404531.56 19.77 310 46.42 0.2 32166 7598.19 19.77 310 0 0 29760 0 0 17.0 18.6 17.59 0.11
87300.0 376 32.37 0.11 32782 3148.92 0.36 15226 2434.26 1.15 1479619 406965.82 19.77 370 47.02 0.2 32536 7645.21 19.77 310 0 0 30070 0 0 17.0 18.6 17.59 0.11
88200.0 354 33.01 0.36 33136 3181.93 0.36 15196 2433.69 1.15 1494815 409399.51 19.77 350 47.05 0.2 32886 7692.26 19.77 310 0 0 30380 0 0 17.0 18.6 17.59 0.11
89100.0 310 32.24 0.11 33446 3214.17 0.36 15210 2500.96 1.15 1510025 411900.47 19.77 310 46.77 0.2 33196 7739.02 19.77 310 0 0 30690 0 0 17.0 18.6 17.62 0.08
90000.0 310 32.24 0.11 33756 3246.4 0.36 15248 2544.63 1.15 1525273 414445.1 19.77 310 46.76 0.2 33506 7785.78 19.77 310 0 0 31000 0 0 17.1 18.5 17.68 0.05
90900.0 376 32.38 0.11 34132 3278.78 0.36 15308 2545.27 1.15 1540581 416990.37 19.77 370 47.37 0.2 33876 7833.15 19.77 310 0 0 31310 0 0 17.1 18.5 17.68 0.05
91800.0 354 33.0 0.36 34486 3311.78 0.36 15252 2487.92 1.15 1555833 419478.29 19.77 350 46.84 0.2 34226 7879.99 19.77 310 0 0 31620 0 0 17.1 18.5 17.68 0.05
92700.0 310 32.22 0.11 34796 3344.0 0.36 15278 2551.16 1.15 1571111 422029.45 19.77 310 46.19 0.2 34536 7926.17 19.77 310 0 0 31930 0 0 17.1 23.8 19.33 2.08
93600.0 310 32.22 0.11 35106 3376.22 0.36 15279 2552.29 1.15 1586390 424581.74 19.77 310 46.18 0.2 34846 7972.36 19.77 310 0 0 32240 0 0 17.1 23.8 20.51 4.73
94500.0 376 32.36 0.11 35482 3408.58 0.36 15337 2550.6 1.15 1601727 427132.35 19.77 370 46.79 0.2 35216 8019.15 19.77 310 0 0 32550 0 0 17.1 23.8 20.54 4.78
95400.0 354 32.99 0.36 35836 3441.57 0.36 15312 2544.64 1.15 1617039 429676.99 19.77 350 46.58 0.2 35566 8065.73 19.77 310 0 0 32860 0 0 17.1 23.8 20.54 4.78
96300.0 310 32.22 0.11 36146 3473.79 0.36 15277 2550.0 1.15 1632316 432227.0 19.77 310 46.19 0.2 35876 8111.92 19.77 310 0 0 33170 0 0 17.1 24.0 20.89 4.66
97200.0 310 32.22 0.11 36456 3506.01 0.36 15275 2547.69 1.15 1647591 434774.69 19.77 310 46.18 0.2 36186 8158.1 19.77 310 0 0 33480 0 0 17.1 24.0 21.06 4.74
98100.0 376 32.36 0.11 36832 3538.37 0.36 15334 2547.15 1.15 1662925 437321.84 19.77 370 46.79 0.2 36556 8204.89 19.77 310 0 0 33790 0 0 17.4 24.0 21.07 4.73
99000.0 354 32.99 0.36 37186 3571.35 0.36 15311 2536.25 1.15 1678236 439858.09 19.77 350 46.44 0.2 36906 8251.33 19.77 310 0 0 34100 0 0 17.4 24.0 21.07 4.73
99900.0 310 32.21 0.11 37496 3603.56 0.36 15277 2542.72 1.15 1693513 442400.81 19.77 310 46.04 0.2 37216 8297.37 19.77 310 0 0 34410 0 0 17.4 24.0 21.3 4.1
100800.0 310 32.21 0.11 37806 3635.77 0.36 15276 2541.6 1.15 1708789 444942.41 19.77 310 46.03 0.2 37526 8343.4 19.77 310 0 0 34720 0 0 17.5 24.0 21.43 3.94
101700.0 376 32.35 0.11 38182 3668.13 0.36 15336 2542.17 1.15 1724125 447484.58 19.77 370 46.64 0.2 37896 8390.05 19.77 310 0 0 35030 0 0 17.8 24.0 21.44 3.92
102600.0 354 32.99 0.36 38536 3701.11 0.36 15307 2529.43 1.15 1739432 450014.02 19.77 350 46.39 0.2 38246 8436.43 19.77 310 0 0 35340 0 0 17.8 24.0 21.44 3.92
103500.0 310 32.21 0.11 38846 3733.32 0.36 15270 2532.47 1.15 1754702 452546.49 19.77 310 45.99 0.2 38556 8482.43 19.77 310 0 0 35650 0 0 17.8 24.0 21.58 3.32
104400.0 310 32.21 0.11 39156 3765.53 0.36 15269 2531.33 1.15 1769971 455077.82 19.77 310 45.99 0.2 38866 8528.41 19.77 310 0 0 35960 0 0 18.0 24.0 21.73 3.15
105300.0 376 32.35 0.11 39532 3797.88 0.36 15323 2525.02 1.15 1785294 457602.84 19.77 370 46.59 0.2 39236 8575.01 19.77 310 0 0 36270 0 0 18.5 24.0 21.74 3.12
106200.0 354 32.98 0.36 39886 3830.86 0.36 15303 2521.64 1.15 1800597 460124.48 19.77 350 46.33 0.2 39586 8621.33 19.77 310 0 0 36580 0 0 18.5 24.0 21.74 3.12
107100.0 310 32.2 0.1 40196 3863.06 0.36 15265 2514.09 1.15 1815862 462638.57 19.77 310 45.74 0.2 39896 8667.08 19.77 310 0 0 36890 0 0 18.5 24.0 21.73 2.92
108000.0 310 32.2 0.1 40506 3895.26 0.36 15265 2514.05 1.15 1831127 465152.62 19.77 310 45.74 0.2 40206 8712.81 19.77 310 0 0 37200 0 0 18.8 24.0 21.74 2.9
108900.0 376 32.34 0.1 40882 3927.6 0.36 15320 2508.94 1.15 1846447 467661.55 19.77 370 46.35 0.2 40576 8759.16 19.77 310 0 0 37510 0 0 18.9 24.0 21.74 2.89
109800.0 354 32.98 0.36 41236 3960.58 0.36 15298 2506.4 1.15 1861745 470167.95 19.77 350 46.14 0.2 40926 8805.3 19.77 310 0 0 37820 0 0 18.9 24.0 21.74 2.89
110700.0 310 32.2 0.1 41546 3992.78 0.36 15255 2502.58 1.15 1877000 472670.54 19.77 310 45.74 0.2 41236 8851.04 19.77 310 0 0 38130 0 0 18.9 24.0 21.63 2.83
111600.0 310 32.2 0.1 41856 4024.98 0.36 15254 2501.4 1.15 1892254 475171.94 19.77 310 45.74 0.2 41546 8896.78 19.77 310 0 0 38440 0 0 18.9 24.0 21.57 2.7
112500.0 376 32.34 0.1 42232 4057.32 0.36 15312 2499.74 1.15 1907566 477671.67 19.77 370 46.35 0.2 41916 8943.12 19.77 310 0 0 38750 0 0 18.9 23.9 21.57 2.7
113400.0 354 32.98 0.36 42586 4090.29 0.36 15289 2496.05 1.15 1922855 480167.72 19.77 350 46.14 0.2 42266 8989.26 19.77 310 0 0 39060 0 0 18.9 23.9 21.57 2.7
114300.0 310 32.2 0.1 42896 4122.49 0.36 15252 2499.13 1.15 1938107 482666.86 19.77 310 45.74 0.2 42576 9035.0 19.77 310 0 0 39370 0 0 18.9 23.9 22.91 0.7
115200.0 310 32.2 0.1 43206 4154.69 0.36 15252 2499.1 1.15 1953359 485165.96 19.77 310 45.74 0.2 42886 9080.74 19.77 310 0 0 39680 0 0 18.9 24.0 23.47 0.17
116100.0 376 32.34 0.1 43582 4187.03 0.36 15312 2499.74 1.15 1968671 487665.69 19.77 370 46.35 0.2 43256 9127.08 19.77 310 0 0 39990 0 0 22.6 24.0 23.5 0.04
117000.0 354 32.98 0.36 43936 4220.01 0.36 15288 2494.9 1.15 1983959 490160.59 19.77 350 46.14 0.2 43606 9173.22 19.77 310 0 0 40300 0 0 22.6 24.0 23.5 0.04
117900.0 310 32.2 0.1 44246 4252.21 0.36 15247 2493.38 1.15 1999206 492653.98 19.77 310 45.74 0.2 43916 9218.96 19.77 310 0 0 40610 0 0 22.6 24.0 23.54 0.02
118800.0 310 32.2 0.1 44556 4284.41 0.36 15247 2493.35 1.15 2014453 495147.33 19.77 310 45.74 0.2 44226 9264.7 19.77 310 0 0 40920 0 0 22.7 24.0 23.59 0.02
119700.0 376 32.34 0.1 44932 4316.75 0.36 15305 2491.69 1.15 2029758 497639.01 19.77 370 46.35 0.2 44596 9311.05 19.77 310 0 0 41230 0 0 22.7 24.0 23.59 0.02
120600.0 354 32.98 0.36 45286 4349.72 0.36 15285 2491.45 1.15 2045043 500130.46 19.77 350 46.14 0.2 44946 9357.18 19.77 310 0 0 41540 0 0 22.7 24.0 23.59 0.02
121500.0 310 32.2 0.1 45596 4381.92 0.36 15241 2486.48 1.15 2060284 502616.95 19.77 310 45.74 0.2 45256 9402.93 19.77 310 0 0 41850 0 0 22.7 24.0 23.64 0.01
122400.0 310 32.2 0.1 45906 4414.12 0.36 15240 2485.3 1.15 2075524 505102.25 19.77 310 45.74 0.2 45566 9448.66 19.77 310 0 0 42160 0 0 22.8 24.0 23.65 0.01
123300.0 376 32.34 0.1 46282 4446.46 0.36 15299 2484.79 1.15 2090823 507587.03 19.77 370 46.35 0.2 45936 9495.01 19.77 310 0 0 42470 0 0 22.8 24.0 23.66 0.01
124200.0 354 32.98 0.36 46636 4479.44 0.36 15279 2484.55 1.15 2106102 510071.58 19.77 350 46.14 0.2 46286 9541.14 19.77 310 0 0 42780 0 0 22.8 24.0 23.66 0.01
125100.0 310 32.2 0.1 46946 4511.64 0.36 15238 2483.03 1.15 2121340 512554.62 19.77 310 45.74 0.2 46596 9586.89 19.77 310 0 0 43090 0 0 22.8 24.0 23.69 0.01
126000.0 310 32.2 0.1 47256 4543.84 0.36 15238 2483.0 1.15 2136578 515037.62 19.77 310 45.74 0.2 46906 9632.62 19.77 310 0 0 43400 0 0 22.9 24.0 23.72 0.01
126900.0 376 32.34 0.1 47632 4576.18 0.36 15298 2483.64 1.15 2151876 517521.25 19.77 370 46.35 0.2 47276 9678.97 19.77 310 0 0 43710 0 0 22.9 24.0 23.72 0.01
127800.0 354 32.98 0.36 47986 4609.15 0.36 15277 2482.25 1.15 2167153 520003.5 19.77 350 46.14 0.2 47626 9725.11 19.77 310 0 0 44020 0 0 22.9 24.0 23.72 0.01
128700.0 310 32.2 0.1 48296 4641.35 0.36 15236 2480.73 1.15 2182389 522484.24 19.77 310 45.74 0.2 47936 9770.85 19.77 310 0 0 44330 0 0 22.9 24.0 23.75 0.01
129600.0 310 32.2 0.1 48606 4673.55 0.36 15236 2480.7 1.15 2197625 524964.94 19.77 310 45.74 0.2 48246 9816.59 19.77 310 0 0 44640 0 0 23.1 24.0 23.77 0.01
130500.0 376 32.34 0.1 48982 4705.89 0.36 15294 2479.04 1.15 2212919 527443.97 19.77 370 46.35 0.2 48616 9862.93 19.77 310 0 0 44950 0 0 23.1 24.0 23.77 0.01
131400.0 354 32.98 0.36 49336 4738.87 0.36 15274 2478.8 1.15 2228193 529922.77 19.77 350 46.14 0.2 48966 9909.07 19.77 310 0 0 45260 0 0 23.1 24.0 23.77 0.01
132300.0 310 32.2 0.1 49646 4771.07 0.36 15234 2478.43 1.15 2243427 532401.21 19.77 310 45.74 0.2 49276 9954.81 19.77 310 0 0 45570 0 0 23.1 24.0 23.78 0.01
133200.0 310 32.2 0.1 49956 4803.27 0.36 15229 2472.65 1.15 2258656 534873.86 19.77 310 45.74 0.2 49586 10000.55 19.77 310 0 0 45880 0 0 23.2 24.0 23.81 0.01
134100.0 376 32.34 0.1 50332 4835.61 0.36 15289 2473.29 1.15 2273945 537347.14 19.77 370 46.35 0.2 49956 10046.89 19.77 310 0 0 46190 0 0 23.2 24.0 23.81 0.01
135000.0 354 32.98 0.36 50686 4868.58 0.36 15269 2473.05 1.15 2289214 539820.19 19.77 350 46.14 0.2 50306 10093.03 19.77 310 0 0 46500 0 0 23.2 24.0 23.81 0.01
135900.0 310 32.2 0.1 50996 4900.78 0.36 15226 2469.23 1.15 2304440 542289.43 19.77 310 45.74 0.2 50616 10138.77 19.77 310 0 0 46810 0 0 23.2 24.0 23.83 0.01
136800.0 310 32.2 0.1 51306 4932.98 0.36 15226 2469.2 1.15 2319666 544758.63 19.77 310 45.74 0.2 50926 10184.51 19.77 310 0 0 47120 0 0 23.3 24.0 23.84 0.01
137700.0 376 32.34 0.1 51682 4965.32 0.36 15285 2468.69 1.15 2334951 547227.31 19.77 370 46.35 0.2 51296 10230.86 19.77 310 0 0 47430 0 0 23.3 24.0 23.84 0.01
138600.0 354 32.98 0.36 52036 4998.3 0.36 15262 2465.0 1.15 2350213 549692.31 19.77 350 46.14 0.2 51646 10276.99 19.77 310 0 0 47740 0 0 23.3 24.0 23.84 0.01
139500.0 310 32.2 0.1 52346 5030.5 0.36 15222 2464.63 1.15 2365435 552156.95 19.77 310 45.74 0.2 51956 10322.74 19.77 310 0 0 48050 0 0 23.3 24.0 23.85 0.01
140400.0 310 32.2 0.1 52656 5062.69 0.36 15220 2462.3 1.15 2380655 554619.25 19.77 310 45.74 0.2 52266 10368.47 19.77 310 0 0 48360 0 0 23.4 24.0 23.86 0.01
141300.0 376 32.34 0.1 53032 5095.04 0.36 15279 2461.79 1.15 2395934 557081.03 19.77 370 46.35 0.2 52636 10414.82 19.77 310 0 0 48670 0 0 23.4 24.0 23.86 0.01
142200.0 354 32.98 0.36 53386 5128.01 0.36 15259 2461.55 1.15 2411193 559542.59 19.77 350 46.14 0.2 52986 10460.95 19.77 310 0 0 48980 0 0 23.4 24.0 23.86 0.01
143100.0 310 32.2 0.1 53696 5160.21 0.36 15219 2461.18 1.15 2426412 562003.77 19.77 310 45.74 0.2 53296 10506.7 19.77 310 0 0 49290 0 0 23.4 24.0 23.88 0.01
144000.0 310 32.2 0.1 54006 5192.41 0.36 15215 2456.55 1.15 2441627 564460.32 19.77 310 45.74 0.2 53606 10552.43 19.77 310 0 0 49600 0 0 23.5 24.0 23.88 0.01
144900.0 376 32.34 0.1 54382 5224.75 0.36 15275 2457.19 1.15 2456902 566917.5 19.77 370 46.35 0.2 53976 10598.78 19.77 310 0 0 49910 0 0 23.5 24.0 23.88 0.01
145800.0 354 32.98 0.36 54736 5257.73 0.36 15254 2455.8 1.15 2472156 569373.31 19.77 350 46.14 0.2 54326 10644.92 19.77 310 0 0 50220 0 0 23.5 24.0 23.88 0.01
146700.0 310 32.2 0.1 55046 5289.93 0.36 15211 2451.98 1.15 2487367 571825.29 19.77 310 45.74 0.2 54636 10690.66 19.77 310 0 0 50530 0 0 23.5 24.0 23.89 0.01
147600.0 310 32.2 0.1 55356 5322.12 0.36 15210 2450.8 1.15 2502577 574276.09 19.77 310 45.74 0.2 54946 10736.4 19.77 310 0 0 50840 0 0 23.6 24.0 23.89 0.01
148500.0 376 32.34 0.1 55732 5354.47 0.36 15266 2446.84 1.15 2517843 576722.92 19.77 370 46.35 0.2 55316 10782.74 19.77 310 0 0 51150 0 0 23.6 24.0 23.89 0.01
149400.0 354 32.98 0.36 56086 5387.44 0.36 15242 2442.0 1.15 2533085 579164.93 19.77 350 46.14 0.2 55666 10828.88 19.77 310 0 0 51460 0 0 23.6 24.0 23.89 0.01
150300.0 310 32.2 0.1 56396 5419.64 0.36 15201 2440.48 1.15 2548286 581605.41 19.77 310 45.74 0.2 55976 10874.62 19.77 310 0 0 51770 0 0 23.6 24.0 23.89 0.01
151200.0 310 32.2 0.1 56706 5451.84 0.36 15201 2440.45 1.15 2563487 584045.86 19.77 310 45.74 0.2 56286 10920.36 19.77 310 0 0 52080 0 0 23.7 24.0 23.9 0.01
152100.0 376 32.34 0.1 57082 5484.18 0.36 15257 2436.49 1.15 2578744 586482.34 19.77 370 46.35 0.2 56656 10966.7 19.77 310 0 0 52390 0 0 23.7 24.0 23.9 0.01
153000.0 354 32.98 0.36 57436 5517.16 0.36 15237 2436.25 1.15 2593981 588918.6 19.77 350 46.14 0.2 57006 11012.84 19.77 310 0 0 52700 0 0 23.7 24.0 23.9 0.01
153900.0 310 32.2 0.1 57746 5549.35 0.36 15196 2434.73 1.15 2609177 591353.33 19.77 310 45.74 0.2 57316 11058.58 19.77 310 0 0 53010 0 0 23.7 24.0 23.89 0.01
154800.0 310 32.2 0.1 58056 5581.55 0.36 15194 2432.4 1.15 2624371 593785.73 19.77 310 45.74 0.2 57626 11104.32 19.77 310 0 0 53320 0 0 23.6 24.0 23.89 0.01
155700.0 376 32.34 0.1 58432 5613.9 0.36 15254 2433.04 1.15 2639625 596218.76 19.77 370 46.35 0.2 57996 11150.67 19.77 310 0 0 53630 0 0 23.6 24.0 23.89 0.01
156600.0 354 32.98 0.36 58786 5646.87 0.36 15234 2432.8 1.15 2654859 598651.57 19.77 350 46.14 0.2 58346 11196.8 19.77 310 0 0 53940 0 0 23.6 24.0 23.89 0.01
157500.0 310 32.2 0.1 59096 5679.07 0.36 15193 2431.28 1.15 2670052 601082.85 19.77 310 45.74 0.2 58656 11242.55 19.77 310 0 0 54250 0 0 23.6 24.0 23.88 0.01
158400.0 310 32.2 0.1 59406 5711.27 0.36 15193 2431.25 1.15 2685245 603514.1 19.77 310 45.74 0.2 58966 11288.28 19.77 310 0 0 54560 0 0 23.5 24.0 23.88 0.01
159300.0 376 32.34 0.1 59782 5743.61 0.36 15252 2430.74 1.15 2700497 605944.84 19.77 370 46.35 0.2 59336 11334.63 19.77 310 0 0 54870 0 0 23.5 24.0 23.88 0.01
160200.0 354 32.98 0.36 60136 5776.59 0.36 15228 2425.9 1.15 2715725 608370.74 19.77 350 46.14 0.2 59686 11380.76 19.77 310 0 0 55180 0 0 23.5 24.0 23.88 0.01
161100.0 310 32.2 0.1 60446 5808.78 0.36 15188 2425.53 1.15 2730913 610796.27 19.77 310 45.74 0.2 59996 11426.51 19.77 310 0 0 55490 0 0 23.5 24.0 23.86 0.02
162000.0 310 32.2 0.1 60756 5840.98 0.36 15188 2425.5 1.15 2746101 613221.77 19.77 310 45.74 0.2 60306 11472.24 19.77 310 0 0 55800 0 0 23.4 24.0 23.86 0.02
162900.0 376 32.34 0.1 61132 5873.32 0.36 15245 2422.69 1.15 2761346 615644.46 19.77 370 46.35 0.2 60676 11518.59 19.77 310 0 0 56110 0 0 23.4 24.0 23.86 0.02
163800.0 354 32.98 0.36 61486 5906.3 0.36 15225 2422.45 1.15 2776571 618066.91 19.77 350 46.14 0.2 61026 11564.73 19.77 310 0 0 56420 0 0 23.4 24.0 23.86 0.02
164700.0 310 32.2 0.1 61796 5938.5 0.36 15184 2420.93 1.15 2791755 620487.84 19.77 310 45.74 0.2 61336 11610.47 19.77 310 0 0 56730 0 0 23.4 24.0 23.82 0.02
165600.0 310 32.2 0.1 62106 5970.69 0.36 15183 2419.75 1.15 2806938 622907.59 19.77 310 45.74 0.2 61646 11656.21 19.77 310 0 0 57040 0 0 23.3 24.0 23.82 0.02
166500.0 376 32.34 0.1 62482 6003.04 0.36 15243 2420.39 1.15 2822181 625327.98 19.77 370 46.35 0.2 62016 11702.55 19.77 310 0 0 57350 0 0 23.3 24.0 23.82 0.02
167400.0 354 32.98 0.36 62836 6036.01 0.36 15222 2419.0 1.15 2837403 627746.98 19.77 350 46.14 0.2 62366 11748.69 19.77 310 0 0 57660 0 0 23.3 24.0 23.82 0.02
168300.0 310 32.2 0.1 63146 6068.21 0.36 15180 2416.33 1.15 2852583 630163.31 19.77 310 45.74 0.2 62676 11794.43 19.77 310 0 0 57970 0 0 23.3 24.0 23.8 0.02
169200.0 310 32.2 0.1 63456 6100.41 0.36 15180 2416.3 1.15 2867763 632579.61 19.77 310 45.74 0.2 62986 11840.17 19.77 310 0 0 58280 0 0 23.2 24.0 23.79 0.02
170100.0 376 32.34 0.1 63832 6132.75 0.36 15239 2415.79 1.15 2883002 634995.4 19.77 370 46.35 0.2 63356 11886.51 19.77 310 0 0 58590 0 0 23.2 24.0 23.79 0.02
171000.0 354 32.98 0.36 64186 6165.72 0.36 15212 2407.5 1.15 2898214 637402.9 19.77 350 46.14 0.2 63706 11932.65 19.77 310 0 0 58900 0 0 23.2 24.0 23.79 0.02
171900.0 310 32.2 0.1 64496 6197.92 0.36 15173 2408.28 1.15 2913387 639811.18 19.77 310 45.74 0.2 64016 11978.39 19.77 310 0 0 59210 0 0 23.2 24.0 23.76 0.03
172800.0 310 32.2 0.1 64806 6230.12 0.36 15173 2408.25 1.15 2928560 642219.43 19.77 310 45.74 0.2 64326 12024.13 19.77 310 0 0 59520 0 0 23.1 24.0 23.74 0.03
173700.0 376 32.34 0.1 65182 6262.46 0.36 15231 2406.59 1.15 2943791 644626.02 19.77 370 46.35 0.2 64696 12070.48 19.77 310 0 0 59830 0 0 23.1 24.0 23.74 0.03
174600.0 354 32.98 0.36 65536 6295.44 0.36 15209 2404.05 1.15 2959000 647030.07 19.77 350 46.14 0.2 65046 12116.61 19.77 310 0 0 60140 0 0 23.1 24.0 23.74 0.03
175500.0 310 32.2 0.1 65846 6327.64 0.36 15167 2401.38 1.15 2974167 649431.45 19.77 310 45.74 0.2 65356 12162.36 19.77 310 0 0 60450 0 0 23.1 24.0 23.7 0.03
176400.0 310 32.2 0.1 66156 6359.83 0.36 15167 2401.35 1.15 2989334 651832.8 19.77 310 45.74 0.2 65666 12208.09 19.77 310 0 0 60760 0 0 22.9 24.0 23.67 0.03
177300.0 376 32.34 0.1 66532 6392.18 0.36 15225 2399.69 1.15 3004559 654232.49 19.77 370 46.35 0.2 66036 12254.44 19.77 310 0 0 61070 0 0 22.9 23.9 23.67 0.03
178200.0 354 32.98 0.36 66886 6425.15 0.36 15201 2394.85 1.15 3019760 656627.34 19.77 350 46.14 0.2 66386 12300.57 19.77 310 0 0 61380 0 0 22.9 23.9 23.67 0.03
179100.0 310 32.2 0.1 67196 6457.35 0.36 15160 2393.33 1.15 3034920 659020.67 19.77 310 45.74 0.2 66696 12346.32 19.77 310 0 0 61690 0 0 22.9 23.9 23.62 0.03
180000.0 310 32.2 0.1 67506 6489.55 0.36 15162 2395.6 1.15 3050082 661416.27 19.77 310 45.74 0.2 67006 12392.05 19.77 310 0 0 62000 0 0 22.8 23.9 23.58 0.03
180900.0 376 32.34 0.1 67882 6521.89 0.36 15221 2395.09 1.15 3065303 663811.36 19.77 370 46.35 0.2 67376 12438.4 19.77 310 0 0 62310 0 0 22.8 23.9 23.58 0.03
181800.0 354 32.98 0.36 68236 6554.87 0.36 15190 2382.2 1.15 3080493 666193.56 19.77 350 46.14 0.2 67726 12484.54 19.77 310 0 0 62620 0 0 22.8 23.9 23.58 0.03
182700.0 310 32.2 0.1 68546 6587.06 0.36 15156 2388.73 1.15 3095649 668582.29 19.77 310 45.74 0.2 68036 12530.28 19.77 310 0 0 62930 0 0 22.8 23.8 23.51 0.03
183600.0 310 32.2 0.1 68856 6619.26 0.36 15158 2391.0 1.15 3110807 670973.29 19.77 310 45.74 0.2 68346 12576.01 19.77 310 0 0 63240 0 0 22.7 23.8 23.44 0.02
184500.0 376 32.34 0.1 69232 6651.61 0.36 15215 2388.19 1.15 3126022 673361.48 19.77 370 46.35 0.2 68716 12622.36 19.77 310 0 0 63550 0 0 22.7 23.8 23.44 0.02
185400.0 354 32.98 0.36 69586 6684.58 0.36 15191 2383.35 1.15 3141213 675744.83 19.77 350 46.14 0.2 69066 12668.5 19.77 310 0 0 63860 0 0 22.7 23.8 23.44 0.02
186300.0 310 32.2 0.1 69896 6716.78 0.36 15152 2384.13 1.15 3156365 678128.96 19.77 310 45.74 0.2 69376 12714.24 19.77 310 0 0 64170 0 0 22.7 23.7 23.35 0.03
187200.0 310 32.2 0.1 70206 6748.98 0.36 15149 2380.65 1.15 3171514 680509.61 19.77 310 45.74 0.2 69686 12759.98 19.77 310 0 0 64480 0 0 22.4 23.7 23.27 0.02
188100.0 376 32.34 0.1 70582 6781.32 0.36 15209 2381.29 1.15 3186723 682890.9 19.77 370 46.35 0.2 70056 12806.32 19.77 310 0 0 64790 0 0 22.4 23.7 23.26 0.02
189000.0 354 32.98 0.36 70936 6814.3 0.36 15185 2376.45 1.15 3201908 685267.35 19.77 350 46.14 0.2 70406 12852.46 19.77 310 0 0 65100 0 0 22.4 23.7 23.26 0.02
189900.0 310 32.2 0.1 71246 6846.49 0.36 15146 2377.23 1.15 3217054 687644.58 19.77 310 45.74 0.2 70716 12898.2 19.77 310 0 0 65410 0 0 22.4 23.6 23.13 0.03
190800.0 310 32.2 0.1 71556 6878.69 0.36 15148 2379.5 1.15 3232202 690024.08 19.77 310 45.74 0.2 71026 12943.94 19.77 310 0 0 65720 0 0 22.1 23.5 23.02 0.03
191700.0 376 32.34 0.1 71932 6911.04 0.36 15206 2377.84 1.15 3247408 692401.92 19.77 370 46.35 0.2 71396 12990.29 19.77 310 0 0 66030 0 0 22.1 23.5 23.01 0.02
192600.0 354 32.98 0.36 72286 6944.01 0.36 15181 2371.85 1.15 3262589 694773.77 19.77 350 46.14 0.2 71746 13036.42 19.77 310 0 0 66340 0 0 22.1 23.5 23.01 0.02
193500.0 310 32.2 0.1 72596 6976.21 0.36 15146 2377.23 1.15 3277735 697151.0 19.77 310 45.74 0.2 72056 13082.17 19.77 310 0 0 66650 0 0 22.1 23.4 22.87 0.03
194400.0 310 32.2 0.1 72906 7008.41 0.36 15149 2380.65 1.15 3292884 699531.65 19.77 310 45.74 0.2 72366 13127.9 19.77 310 0 0 66960 0 0 22.0 23.3 22.73 0.02
195300.0 376 32.34 0.1 73282 7040.75 0.36 15201 2372.09 1.15 3308085 701903.74 19.77 370 46.35 0.2 72736 13174.25 19.77 310 0 0 67270 0 0 22.0 23.3 22.73 0.02
196200.0 354 32.98 0.36 73636 7073.73 0.36 15180 2370.7 1.15 3323265 704274.44 19.77 350 46.14 0.2 73086 13220.38 19.77 310 0 0 67580 0 0 22.0 23.3 22.73 0.02
197100.0 310 32.2 0.1 73946 7105.92 0.36 15137 2366.88 1.15 3338402 706641.32 19.77 310 45.74 0.2 73396 13266.13 19.77 310 0 0 67890 0 0 22.0 23.1 22.57 0.02
198000.0 310 32.2 0.1 74256 7138.12 0.36 15102 2326.6 1.15 3353504 708967.92 19.77 310 45.74 0.2 73706 13311.86 19.77 310 0 0 68200 0 0 22.0 23.1 22.43 0.02
198900.0 376 32.34 0.1 74632 7170.46 0.36 15161 2326.09 1.15 3368665 711294.01 19.77 370 46.35 0.2 74076 13358.21 19.77 310 0 0 68510 0 0 22.0 23.1 22.42 0.02
199800.0 354 32.98 0.36 74986 7203.44 0.36 15136 2320.1 1.15 3383801 713614.11 19.77 350 46.14 0.2 74426 13404.35 19.77 310 0 0 68820 0 0 22.0 23.1 22.42 0.02
200700.0 310 32.2 0.1 75296 7235.64 0.36 15110 2335.83 1.15 3398911 715949.94 19.77 310 45.74 0.2 74736 13450.09 19.77 310 0 0 69130 0 0 22.0 22.8 22.27 0.01
201600.0 310 32.2 0.1 75606 7267.84 0.36 15114 2340.4 1.15 3414025 718290.34 19.77 310 45.74 0.2 75046 13495.82 19.77 310 0 0 69440 0 0 22.0 22.8 22.19 0.02
202500.0 376 32.34 0.1 75982 7300.18 0.36 15173 2339.89 1.15 3429198 720630.23 19.77 370 46.35 0.2 75416 13542.17 19.77 310 0 0 69750 0 0 22.0 22.8 22.19 0.02
203400.0 354 32.98 0.36 76336 7333.15 0.36 15147 2332.75 1.15 3444345 722962.98 19.77 350 46.14 0.2 75766 13588.31 19.77 310 0 0 70060 0 0 22.0 22.8 22.19 0.02
204300.0 310 32.2 0.1 76646 7365.35 0.36 15118 2345.03 1.15 3459463 725308.01 19.77 310 45.74 0.2 76076 13634.05 19.77 310 0 0 70370 0 0 22.0 22.6 22.07 0.01
205200.0 310 32.2 0.1 76956 7397.55 0.36 15116 2342.7 1.15 3474579 727650.71 19.77 310 45.74 0.2 76386 13679.79 19.77 310 0 0 70680 0 0 22.0 22.6 22.06 0.01
206100.0 376 32.34 0.1 77332 7429.89 0.36 15174 2341.04 1.15 3489753 729991.75 19.77 370 46.35 0.2 76756 13726.13 19.77 310 0 0 70990 0 0 22.0 22.6 22.06 0.01
207000.0 354 32.98 0.36 77686 7462.87 0.36 15135 2318.95 1.15 3504888 732310.7 19.77 350 46.14 0.2 77106 13772.27 19.77 310 0 0 71300 0 0 22.0 22.6 22.06 0.01
207900.0 310 32.2 0.1 77996 7495.06 0.36 15112 2338.13 1.15 3520000 734648.83 19.77 310 45.74 0.2 77416 13818.01 19.77 310 0 0 71610 0 0 22.0 22.2 22.02 0.0
208800.0 310 32.2 0.1 78306 7527.26 0.36 15104 2328.9 1.15 3535104 736977.73 19.77 310 45.74 0.2 77726 13863.75 19.77 310 0 0 71920 0 0 22.0 22.2 22.02 0.0
209700.0 376 32.34 0.1 78682 7559.6 0.36 15164 2329.54 1.15 3550268 739307.27 19.77 370 46.35 0.2 78096 13910.09 19.77 310 0 0 72230 0 0 22.0 22.2 22.02 0.0
210600.0 354 32.98 0.36 79036 7592.58 0.36 15128 2310.9 1.15 3565396 741618.17 19.77 350 46.14 0.2 78446 13956.23 19.77 310 0 0 72540 0 0 22.0 22.2 22.02 0.0
211500.0 310 32.2 0.1 79346 7624.78 0.36 15094 2317.43 1.15 3580490 743935.6 19.77 310 45.74 0.2 78756 14001.98 19.77 310 0 0 72850 0 0 22.0 22.0 22.0 0.0
212400.0 310 32.2 0.1 79656 7656.98 0.36 15094 2317.4 1.15 3595584 746253.0 19.77 310 45.74 0.2 79066 14047.71 19.77 310 0 0 73160 0 0 22.0 22.0 22.0 0.0
213300.0 376 32.34 0.1 80032 7689.32 0.36 15153 2316.89 1.15 3610737 748569.89 19.77 370 46.35 0.2 79436 14094.06 19.77 310 0 0 73470 0 0 22.0 22.0 22.0 0.0
214200.0 354 32.98 0.36 80386 7722.29 0.36 15118 2299.4 1.15 3625855 750869.29 19.77 350 46.14 0.2 79786 14140.19 19.77 310 0 0 73780 0 0 22.0 22.0 22.0 0.0
215100.0 310 32.2 0.1 80696 7754.49 0.36 15077 2297.88 1.15 3640932 753167.17 19.77 310 45.74 0.2 80096 14185.94 19.77 310 0 0 74090 0 0 22.0 22.0 22.0 0.0
216000.0 310 32.2 0.1 81006 7786.69 0.36 15071 2290.95 1.15 3656003 755458.12 19.77 310 45.74 0.2 80406 14231.67 19.77 310 0 0 74400 0 0 22.0 22.0 22.0 0.0
216900.0 376 32.34 0.1 81382 7819.03 0.36 15126 2285.84 1.15 3671129 757743.96 19.77 370 46.35 0.2 80776 14278.02 19.77 310 0 0 74710 0 0 22.0 22.0 22.0 0.0
217800.0 354 32.98 0.36 81736 7852.01 0.36 15103 2282.15 1.15 3686232 760026.11 19.77 350 46.14 0.2 81126 14324.16 19.77 310 0 0 75020 0 0 22.0 22.0 22.0 0.0
218700.0 310 32.2 0.1 82046 7884.2 0.36 15056 2273.73 1.15 3701288 762299.84 19.77 310 45.74 0.2 81436 14369.9 19.77 310 0 0 75330 0 0 22.0 22.0 22.0 0.0
219600.0 310 32.2 0.1 82356 7916.4 0.36 15055 2272.55 1.15 3716343 764572.39 19.77 310 45.74 0.2 81746 14415.63 19.77 310 0 0 75640 0 0 22.0 22.0 22.0 0.0
220500.0 376 32.34 0.1 82732 7948.75 0.36 15112 2269.74 1.15 3731455 766842.13 19.77 370 46.35 0.2 82116 14461.98 19.77 310 0 0 75950 0 0 22.0 22.0 22.0 0.0
221400.0 354 32.98 0.36 83086 7981.72 0.36 15087 2268.91 1.15 3746542 769111.04 19.77 350 46.24 0.2 82466 14508.22 19.77 310 0 0 76260 0 0 22.0 22.0 22.0 0.0
222300.0 310 32.2 0.1 83396 8013.93 0.36 15153 2392.48 1.15 3761695 771503.53 19.77 310 45.89 0.2 82776 14554.11 19.77 310 0 0 76570 0 0 20.8 22.0 21.3 0.06
223200.0 310 32.2 0.1 83706 8046.13 0.36 15171 2413.18 1.15 3776866 773916.71 19.77 310 45.88 0.2 83086 14599.99 19.77 310 0 0 76880 0 0 19.9 22.0 20.58 0.15
224100.0 376 32.35 0.1 84082 8078.48 0.36 15231 2413.79 1.15 3792097 776330.5 19.77 370 46.49 0.2 83456 14646.47 19.77 310 0 0 77190 0 0 19.8 21.8 20.56 0.13
225000.0 354 32.98 0.36 84436 8111.45 0.36 15211 2410.62 1.15 3807308 778741.12 19.77 350 46.22 0.2 83806 14692.7 19.77 310 0 0 77500 0 0 19.8 21.8 20.56 0.13
225900.0 310 32.2 0.1 84746 8143.66 0.36 15172 2414.57 1.15 3822480 781155.69 19.77 310 45.89 0.2 84116 14738.59 19.77 310 0 0 77810 0 0 19.8 21.7 20.5 0.12
226800.0 310 32.2 0.1 85056 8175.86 0.36 15175 2418.04 1.15 3837655 783573.73 19.77 310 45.89 0.2 84426 14784.47 19.77 310 0 0 78120 0 0 19.8 21.7 20.46 0.14
227700.0 376 32.35 0.1 85432 8208.21 0.36 15234 2417.47 1.15 3852889 785991.2 19.77 370 46.49 0.2 84796 14830.97 19.77 310 0 0 78430 0 0 19.8 21.7 20.46 0.14
228600.0 354 32.98 0.36 85786 8241.19 0.36 15211 2415.29 1.15 3868100 788406.49 19.77 350 46.32 0.2 85146 14877.28 19.77 310 0 0 78740 0 0 19.8 21.7 20.46 0.14
229500.0 310 32.2 0.1 86096 8273.39 0.36 15172 2414.42 1.15 3883272 790820.91 19.77 310 45.89 0.2 85456 14923.17 19.77 310 0 0 79050 0 0 19.8 21.6 20.44 0.14
230400.0 310 32.2 0.1 86406 8305.59 0.36 15172 2414.43 1.15 3898444 793235.34 19.77 310 45.88 0.2 85766 14969.06 19.77 310 0 0 79360 0 0 19.8 21.6 20.45 0.14
231300.0 376 32.34 0.1 86782 8337.93 0.36 15229 2411.57 1.15 3913673 795646.92 19.77 370 46.49 0.2 86136 15015.55 19.77 310 0 0 79670 0 0 19.8 21.6 20.45 0.14
232200.0 354 32.98 0.36 87136 8370.91 0.36 15205 2406.24 1.15 3928878 798053.15 19.77 350 46.27 0.2 86486 15061.82 19.77 310 0 0 79980 0 0 19.8 21.6 20.45 0.14
233100.0 310 32.2 0.1 87446 8403.12 0.36 15171 2414.32 1.15 3944049 800467.47 19.77 310 45.91 0.2 86796 15107.73 19.77 310 0 0 80290 0 0 19.8 21.5 20.47 0.16
234000.0 310 32.2 0.1 87756 8435.32 0.36 15170 2413.19 1.15 3959219 802880.66 19.77 310 45.9 0.2 87106 15153.63 19.77 310 0 0 80600 0 0 19.8 21.5 20.48 0.16
234900.0 376 32.35 0.1 88132 8467.67 0.36 15230 2413.77 1.15 3974449 805294.44 19.77 370 46.51 0.2 87476 15200.15 19.77 310 0 0 80910 0 0 19.8 21.5 20.48 0.16
235800.0 354 32.98 0.36 88486 8500.65 0.36 15201 2401.31 1.15 3989650 807695.74 19.77 350 46.27 0.2 87826 15246.41 19.77 310 0 0 81220 0 0 19.8 21.5 20.48 0.16
236700.0 310 32.2 0.1 88796 8532.85 0.36 15165 2401.13 1.15 4004815 810096.88 19.77 310 45.79 0.2 88136 15292.2 19.77 310 0 0 81530 0 0 19.8 21.4 20.5 0.17
237600.0 310 32.2 0.1 89106 8565.05 0.36 15169 2405.7 1.15 4019984 812502.58 19.77 310 45.78 0.2 88446 15337.98 19.77 310 0 0 81840 0 0 19.8 21.4 20.54 0.16
238500.0 376 32.34 0.1 89482 8597.38 0.36 15226 2402.88 1.15 4035210 814905.46 19.77 370 46.39 0.2 88816 15384.37 19.77 310 0 0 82150 0 0 19.7 21.4 20.55 0.16
239400.0 354 32.98 0.36 89836 8630.36 0.36 15196 2392.43 1.15 4050406 817297.9 19.77 350 46.2 0.2 89166 15430.57 19.77 310 0 0 82460 0 0 19.7 21.4 20.55 0.16
240300.0 310 32.2 0.1 90146 8662.57 0.36 15159 2395.54 1.15 4065565 819693.44 19.77 310 45.81 0.2 89476 15476.38 19.77 310 0 0 82770 0 0 19.7 21.5 20.57 0.18
241200.0 310 32.2 0.1 90456 8694.77 0.36 15149 2383.98 1.15 4080714 822077.42 19.77 310 45.8 0.2 89786 15522.18 19.77 310 0 0 83080 0 0 19.7 21.6 20.6 0.17
242100.0 376 32.35 0.1 90832 8727.11 0.36 15208 2383.5 1.15 4095922 824460.92 19.77 370 46.41 0.2 90156 15568.59 19.77 310 0 0 83390 0 0 19.7 21.6 20.6 0.17
243000.0 354 32.98 0.36 91186 8760.09 0.36 15180 2373.91 1.15 4111102 826834.83 19.77 350 46.2 0.2 90506 15614.79 19.77 310 0 0 83700 0 0 19.7 21.6 20.6 0.17
243900.0 310 32.2 0.1 91496 8792.29 0.36 15146 2384.07 1.15 4126248 829218.89 19.77 310 45.88 0.2 90816 15660.67 19.77 310 0 0 84010 0 0 19.7 21.6 20.61 0.19
244800.0 310 32.2 0.1 91806 8824.49 0.36 15150 2388.67 1.15 4141398 831607.56 19.77 310 45.87 0.2 91126 15706.55 19.77 310 0 0 84320 0 0 19.7 21.8 20.64 0.18
245700.0 376 32.35 0.1 92182 8856.84 0.36 15210 2389.27 1.15 4156608 833996.83 19.77 370 46.48 0.2 91496 15753.03 19.77 310 0 0 84630 0 0 19.6 21.8 20.65 0.19
246600.0 354 32.98 0.36 92536 8889.82 0.36 15172 2369.16 1.15 4171780 836365.99 19.77 350 46.29 0.2 91846 15799.32 19.77 310 0 0 84940 0 0 19.6 21.8 20.65 0.19
247500.0 310 32.2 0.1 92846 8922.02 0.36 15146 2383.63 1.15 4186926 838749.62 19.77 310 45.87 0.2 92156 15845.19 19.77 310 0 0 85250 0 0 19.6 21.8 20.61 0.2
248400.0 310 32.2 0.1 93156 8954.23 0.36 15143 2380.17 1.15 4202069 841129.79 19.77 310 45.86 0.2 92466 15891.05 19.77 310 0 0 85560 0 0 19.6 21.9 20.63 0.2
249300.0 376 32.35 0.1 93532 8986.57 0.36 15193 2369.28 1.15 4217262 843499.07 19.77 370 46.47 0.2 92836 15937.52 19.77 310 0 0 85870 0 0 19.5 21.9 20.63 0.2
250200.0 354 32.98 0.36 93886 9019.55 0.36 15152 2344.15 1.15 4232414 845843.22 19.77 350 46.25 0.2 93186 15983.77 19.77 310 0 0 86180 0 0 19.5 21.9 20.63 0.2
251100.0 310 32.2 0.1 94196 9051.75 0.36 15136 2371.68 1.15 4247550 848214.9 19.77 310 45.86 0.2 93496 16029.63 19.77 310 0 0 86490 0 0 19.5 21.9 20.59 0.21
252000.0 310 32.2 0.1 94506 9083.95 0.36 15138 2373.99 1.15 4262688 850588.88 19.77 310 45.85 0.2 93806 16075.48 19.77 310 0 0 86800 0 0 19.5 22.0 20.57 0.23
252900.0 376 32.35 0.1 94882 9116.3 0.36 15198 2374.58 1.15 4277886 852963.46 19.77 370 46.46 0.2 94176 16121.95 19.77 310 0 0 87110 0 0 19.5 22.0 20.57 0.23
253800.0 354 32.98 0.36 95236 9149.28 0.36 15158 2351.69 1.15 4293044 855315.16 19.77 350 46.26 0.2 94526 16168.21 19.77 310 0 0 87420 0 0 19.5 22.0 20.57 0.23
254700.0 310 32.2 0.1 95546 9181.48 0.36 15171 2412.72 1.15 4308215 857727.87 19.77 310 45.88 0.2 94836 16214.09 19.77 310 0 0 87730 0 0 19.5 22.0 20.45 0.22
255600.0 310 32.2 0.1 95856 9213.68 0.36 15178 2420.77 1.15 4323393 860148.65 19.77 310 45.87 0.2 95146 16259.96 19.77 310 0 0 88040 0 0 19.5 21.8 20.41 0.24
256500.0 376 32.35 0.1 96232 9246.03 0.36 15237 2420.22 1.15 4338630 862568.87 19.77 370 46.48 0.2 95516 16306.44 19.77 310 0 0 88350 0 0 19.3 21.8 20.4 0.25
257400.0 354 32.98 0.36 96586 9279.01 0.36 15198 2396.89 1.15 4353828 864965.76 19.77 350 46.25 0.2 95866 16352.68 19.77 310 0 0 88660 0 0 19.3 21.8 20.4 0.25
258300.0 310 32.2 0.1 96896 9311.21 0.36 15181 2424.07 1.15 4369009 867389.83 19.77 310 45.88 0.2 96176 16398.56 19.77 310 0 0 88970 0 0 19.3 21.8 20.25 0.24
259200.0 310 32.2 0.1 97206 9343.41 0.36 15186 2429.85 1.15 4384195 869819.68 19.77 310 45.87 0.2 96486 16444.43 19.77 310 0 0 89280 0 0 19.3 21.8 20.16 0.27
260100.0 376 32.35 0.1 97582 9375.75 0.36 15246 2430.43 1.15 4399441 872250.11 19.77 370 46.48 0.2 96856 16490.9 19.77 310 0 0 89590 0 0 19.2 21.6 20.16 0.27
261000.0 356 33.14 0.36 97938 9408.9 0.36 15535 155291.15 19.77 4414976 1027541.26 19.77 352 3127.66 19.77 97208 19618.56 19.77 310 0 0 89900 0 0 19.2 21.6 20.16 0.27
261900.0 310 32.2 0.1 98248 9441.1 0.36 15211 2445.54 1.15 4430187 1029986.8 19.77 310 45.82 0.2 97518 19664.38 19.77 310 0 0 90210 0 0 18.9 21.6 19.82 0.24
262800.0 310 32.2 0.1 98558 9473.3 0.36 15219 2454.7 1.15 4445406 1032441.5 19.77 310 45.81 0.2 97828 19710.18 19.77 310 0 0 90520 0 0 18.9 21.6 19.65 0.26
263700.0 376 32.34 0.1 98934 9505.64 0.36 15279 2455.35 1.15 4460685 1034896.84 19.77 370 46.42 0.2 98198 19756.6 19.77 310 0 0 90830 0 0 18.9 20.8 19.64 0.25
264600.0 356 33.16 0.36 99290 9538.8 0.36 15568 155443.05 19.78 4476253 1190339.89 19.78 352 3129.36 19.78 98550 22885.96 19.78 310 0 0 91140 0 0 18.9 20.8 19.64 0.25
265500.0 310 32.24 0.11 99600 9571.04 0.36 15265 2552.46 1.15 4491518 1192892.35 19.78 310 46.73 0.2 98860 22932.69 19.78 310 0 0 91450 0 0 17.3 20.8 18.38 0.26
266400.0 310 32.24 0.11 99910 9603.27 0.36 15286 2576.67 1.15 4506804 1195469.02 19.78 310 46.72 0.2 99170 22979.41 19.78 310 0 0 91760 0 0 17.3 20.2 17.83 0.06
267300.0 376 32.38 0.11 100286 9635.65 0.36 15346 2577.22 1.15 4522150 1198046.24 19.78 370 47.33 0.2 99540 23026.75 19.78 310 0 0 92070 0 0 17.3 18.8 17.81 0.02
268200.0 356 33.18 0.36 100642 9668.83 0.36 15636 155404.16 19.77 4537786 1353450.41 19.78 352 3126.75 19.77 99892 26153.5 19.78 310 0 0 92380 0 0 17.3 18.8 17.81 0.02
269100.0 310 32.23 0.11 100952 9701.06 0.36 15276 2569.19 1.15 4553062 1356019.6 19.78 310 46.65 0.2 100202 26200.15 19.78 310 0 0 92690 0 0 17.3 18.8 17.79 0.02
270000.0 310 32.23 0.11 101262 9733.29 0.36 15277 2570.37 1.15 4568339 1358589.97 19.78 310 46.64 0.2 100512 26246.79 19.78 310 0 0 93000 0 0 17.3 18.7 17.77 0.02
270900.0 376 32.38 0.11 101638 9765.67 0.36 15336 2569.78 1.15 4583675 1361159.75 19.78 370 47.25 0.2 100882 26294.04 19.78 310 0 0 93310 0 0 17.3 18.7 17.77 0.02
271800.0 354 33.01 0.36 101992 9798.68 0.36 15313 2563.01 1.15 4598988 1363722.76 19.78 350 46.98 0.2 101232 26341.02 19.78 310 0 0 93620 0 0 17.3 18.7 17.77 0.02
272700.0 310 32.23 0.11 102302 9830.91 0.36 15274 2563.73 1.15 4614262 1366286.49 19.78 310 46.58 0.2 101542 26387.6 19.78 310 0 0 93930 0 0 17.3 18.7 17.75 0.02
273600.0 310 32.23 0.11 102612 9863.14 0.36 15275 2564.91 1.15 4629537 1368851.4 19.78 310 46.58 0.2 101852 26434.17 19.78 310 0 0 94240 0 0 17.3 18.6 17.74 0.02
274500.0 376 32.38 0.11 102988 9895.52 0.36 15333 2563.18 1.15 4644870 1371414.58 19.78 370 47.18 0.2 102222 26481.36 19.78 310 0 0 94550 0 0 17.3 18.6 17.74 0.02
275400.0 354 33.01 0.36 103342 9928.53 0.36 15311 2567.76 1.15 4660181 1373982.34 19.78 350 47.12 0.2 102572 26528.48 19.78 310 0 0 94860 0 0 17.3 18.6 17.74 0.02
276300.0 310 32.23 0.11 103652 9960.76 0.36 15272 2563.96 1.15 4675453 1376546.3 19.78 310 46.63 0.2 102882 26575.11 19.78 310 0 0 95170 0 0 17.3 18.6 17.73 0.02
277200.0 310 32.23 0.11 103962 9993.0 0.36 15271 2562.83 1.15 4690724 1379109.12 19.78 310 46.63 0.2 103192 26621.74 19.78 310 0 0 95480 0 0 17.3 18.5 17.71 0.02
278100.0 376 32.37 0.11 104338 10025.37 0.36 15331 2563.41 1.15 4706055 1381672.53 19.78 370 47.24 0.2 103562 26668.98 19.78 310 0 0 95790 0 0 17.3 18.5 17.71 0.02
279000.0 354 33.01 0.36 104692 10058.38 0.36 15307 2554.74 1.15 4721362 1384227.27 19.78 350 46.95 0.2 103912 26715.93 19.78 310 0 0 96100 0 0 17.3 18.5 17.71 0.02
279900.0 310 32.23 0.11 105002 10090.61 0.36 15266 2557.68 1.15 4736628 1386784.95 19.78 310 46.65 0.2 104222 26762.57 19.78 310 0 0 96410 0 0 17.3 18.5 17.7 0.02
280800.0 310 32.23 0.11 105312 10122.84 0.36 15267 2558.87 1.15 4751895 1389343.81 19.78 310 46.64 0.2 104532 26809.21 19.78 310 0 0 96720 0 0 17.3 18.4 17.69 0.01
281700.0 376 32.38 0.11 105688 10155.22 0.36 15325 2557.13 1.15 4767220 1391900.95 19.78 370 47.25 0.2 104902 26856.46 19.78 310 0 0 97030 0 0 17.3 18.4 17.69 0.01
282600.0 354 33.01 0.36 106042 10188.23 0.36 15302 2552.49 1.15 4782522 1394453.44 19.78 350 47.02 0.2 105252 26903.48 19.78 310 0 0 97340 0 0 17.3 18.4 17.69 0.01
283500.0 310 32.23 0.11 106352 10220.46 0.36 15266 2552.01 1.15 4797788 1397005.44 19.78 310 46.53 0.2 105562 26950.01 19.78 310 0 0 97650 0 0 17.3 18.4 17.68 0.01
284400.0 310 32.23 0.11 106662 10252.69 0.36 15263 2548.59 1.15 4813051 1399554.03 19.78 310 46.52 0.2 105872 26996.54 19.78 310 0 0 97960 0 0 17.3 18.3 17.68 0.01
285300.0 376 32.37 0.11 107038 10285.06 0.36 15320 2545.71 1.15 4828371 1402099.74 19.78 370 47.13 0.2 106242 27043.67 19.78 310 0 0 98270 0 0 17.3 18.3 17.68 0.01
286200.0 354 33.01 0.36 107392 10318.06 0.36 15296 2538.82 1.15 4843667 1404638.55 19.78 350 46.88 0.2 106592 27090.55 19.78 310 0 0 98580 0 0 17.3 18.3 17.68 0.01
287100.0 310 32.23 0.11 107702 10350.29 0.36 15255 2537.35 1.15 4858922 1407175.9 19.78 310 46.49 0.2 106902 27137.04 19.78 310 0 0 98890 0 0 17.3 18.3 17.67 0.01
288000.0 310 32.23 0.11 108012 10382.52 0.36 15255 2537.37 1.15 4874177 1409713.27 19.78 310 46.48 0.2 107212 27183.52 19.78 310 0 0 99200 0 0 17.3 18.2 17.67 0.01
288900.0 376 32.37 0.11 108388 10414.89 0.36 15315 2537.95 1.15 4889492 1412251.23 19.78 370 47.09 0.2 107582 27230.61 19.78 310 0 0 99510 0 0 17.3 18.2 17.67 0.01
289800.0 354 33.01 0.36 108742 10447.9 0.36 15290 2539.08 1.15 4904782 1414790.3 19.78 350 47.03 0.2 107932 27277.64 19.78 310 0 0 99820 0 0 17.3 18.2 17.67 0.01
290700.0 310 32.24 0.11 109052 10480.14 0.36 15248 2540.88 1.15 4920030 1417331.18 19.78 310 46.73 0.2 108242 27324.37 19.78 310 0 0 100130 0 0 17.3 18.2 17.66 0.01
291600.0 310 32.24 0.11 109362 10512.37 0.36 15246 2538.61 1.15 4935276 1419869.8 19.78 310 46.72 0.2 108552 27371.09 19.78 310 0 0 100440 0 0 17.3 18.1 17.66 0.01
292500.0 376 32.38 0.11 109738 10544.75 0.36 15305 2538.03 1.15 4950581 1422407.83 19.78 370 47.33 0.2 108922 27418.42 19.78 310 0 0 100750 0 0 17.3 18.1 17.66 0.01
293400.0 354 33.01 0.36 110092 10577.77 0.36 15283 2535.57 1.15 4965864 1424943.4 19.78 350 47.12 0.2 109272 27465.54 19.78 310 0 0 101060 0 0 17.3 18.1 17.66 0.01
294300.0 310 32.23 0.11 110402 10610.0 0.36 15248 2535.47 1.15 4981112 1427478.86 19.78 310 46.62 0.2 109582 27512.16 19.78 310 0 0 101370 0 0 17.3 18.1 17.66 0.01
295200.0 310 32.23 0.11 110712 10642.23 0.36 15249 2536.65 1.15 4996361 1430015.51 19.78 310 46.61 0.2 109892 27558.77 19.78 310 0 0 101680 0 0 17.4 18.0 17.66 0.01
296100.0 376 32.38 0.11 111088 10674.61 0.36 15309 2537.21 1.15 5011670 1432552.73 19.78 370 47.22 0.2 110262 27605.99 19.78 310 0 0 101990 0 0 17.4 18.0 17.66 0.01
297000.0 354 33.01 0.36 111442 10707.62 0.36 15286 2533.6 1.15 5026956 1435086.32 19.78 350 47.01 0.2 110612 27653.0 19.78 310 0 0 102300 0 0 17.4 18.0 17.66 0.01
297900.0 310 32.24 0.11 111752 10739.85 0.36 15241 2532.83 1.15 5042197 1437619.15 19.78 310 46.73 0.2 110922 27699.73 19.78 310 0 0 102610 0 0 17.4 18.0 17.66 0.01
298800.0 310 32.24 0.11 112062 10772.09 0.36 15238 2529.41 1.15 5057435 1440148.57 19.78 310 46.72 0.2 111232 27746.45 19.78 310 0 0 102920 0 0 17.4 18.0 17.66 0.01
299700.0 376 32.38 0.11 112438 10804.47 0.36 15298 2529.98 1.15 5072733 1442678.55 19.78 370 47.33 0.2 111602 27793.78 19.78 310 0 0 103230 0 0 17.4 18.0 17.66 0.01
300600.0 354 33.01 0.36 112792 10837.48 0.36 15276 2527.52 1.15 5088009 1445206.07 19.78 350 47.12 0.2 111952 27840.9 19.78 310 0 0 103540 0 0 17.4 18.0 17.66 0.01
301500.0 310 32.23 0.11 113102 10869.72 0.36 15241 2527.29 1.15 5103250 1447733.36 19.78 310 46.61 0.2 112262 27887.51 19.78 310 0 0 103850 0 0 17.4 18.0 17.66 0.01
302400.0 310 32.23 0.11 113412 10901.95 0.36 15243 2529.63 1.15 5118493 1450262.98 19.78 310 46.61 0.2 112572 27934.12 19.78 310 0 0 104160 0 0 17.4 17.9 17.67 0.01
303300.0 376 32.38 0.11 113788 10934.32 0.36 15295 2520.99 1.15 5133788 1452783.97 19.78 370 47.22 0.2 112942 27981.33 19.78 310 0 0 104470 0 0 17.4 17.9 17.67 0.01
304200.0 354 33.01 0.36 114142 10967.33 0.36 15270 2511.18 1.15 5149058 1455295.16 19.78 350 46.93 0.2 113292 28028.26 19.78 310 0 0 104780 0 0 17.4 17.9 17.67 0.01
305100.0 310 32.23 0.11 114452 10999.56 0.36 15230 2516.28 1.15 5164288 1457811.43 19.78 310 46.65 0.2 113602 28074.91 19.78 310 0 0 105090 0 0 17.4 17.9 17.67 0.01
306000.0 310 32.23 0.11 114762 11031.8 0.36 15229 2515.17 1.15 5179517 1460326.6 19.78 310 46.64 0.2 113912 28121.55 19.78 310 0 0 105400 0 0 17.4 17.8 17.67 0.01
306900.0 376 32.38 0.11 115138 11064.17 0.36 15288 2514.58 1.15 5194805 1462841.18 19.78 370 47.25 0.2 114282 28168.8 19.78 310 0 0 105710 0 0 17.4 17.9 17.67 0.01
307800.0 354 33.01 0.36 115492 11097.19 0.36 15264 2513.72 1.15 5210069 1465354.9 19.78 350 47.12 0.2 114632 28215.92 19.78 310 0 0 106020 0 0 17.4 17.9 17.67 0.01
308700.0 310 32.24 0.11 115802 11129.42 0.36 15226 2515.58 1.15 5225295 1467870.48 19.78 310 46.73 0.2 114942 28262.65 19.78 310 0 0 106330 0 0 17.4 17.9 17.67 0.01
309600.0 310 32.24 0.11 116112 11161.66 0.36 15230 2520.21 1.15 5240525 1470390.7 19.78 310 46.72 0.2 115252 28309.37 19.78 310 0 0 106640 0 0 17.4 17.9 17.67 0.01
310500.0 376 32.38 0.11 116488 11194.04 0.36 15287 2517.33 1.15 5255812 1472908.03 19.78 370 47.33 0.2 115622 28356.7 19.78 310 0 0 106950 0 0 17.4 17.9 17.67 0.01
311400.0 354 33.01 0.36 116842 11227.05 0.36 15259 2507.97 1.15 5271071 1475416.0 19.78 350 47.12 0.2 115972 28403.82 19.78 310 0 0 107260 0 0 17.4 17.9 17.67 0.01
312300.0 310 32.23 0.11 117152 11259.28 0.36 15217 2499.82 1.15 5286288 1477915.81 19.78 310 46.62 0.2 116282 28450.44 19.78 310 0 0 107570 0 0 17.4 17.9 17.67 0.01
313200.0 310 32.23 0.11 117462 11291.52 0.36 15220 2503.3 1.15 5301508 1480419.11 19.78 310 46.61 0.2 116592 28497.05 19.78 310 0 0 107880 0 0 17.4 17.9 17.69 0.01
314100.0 376 32.38 0.11 117838 11323.89 0.36 15278 2501.56 1.15 5316786 1482920.67 19.78 370 47.22 0.2 116962 28544.27 19.78 310 0 0 108190 0 0 17.3 18.0 17.69 0.01
315000.0 354 33.01 0.36 118192 11356.9 0.36 15249 2491.05 1.15 5332035 1485411.72 19.78 350 47.01 0.2 117312 28591.28 19.78 310 0 0 108500 0 0 17.3 18.0 17.69 0.01
315900.0 310 32.23 0.11 118502 11389.13 0.36 15209 2491.5 1.15 5347244 1487903.23 19.78 310 46.63 0.2 117622 28637.91 19.78 310 0 0 108810 0 0 17.3 18.0 17.7 0.01
316800.0 310 32.23 0.11 118812 11421.37 0.36 15217 2500.73 1.15 5362461 1490403.96 19.78 310 46.63 0.2 117932 28684.54 19.78 310 0 0 109120 0 0 17.3 18.0 17.71 0.01
317700.0 376 32.38 0.11 119188 11453.74 0.36 15273 2496.71 1.15 5377734 1492900.66 19.78 370 47.24 0.2 118302 28731.78 19.78 310 0 0 109430 0 0 17.3 18.1 17.71 0.01
318600.0 354 33.01 0.36 119542 11486.75 0.36 15242 2483.88 1.15 5392976 1495384.54 19.78 350 47.03 0.2 118652 28778.81 19.78 310 0 0 109740 0 0 17.3 18.1 17.71 0.01
319500.0 310 32.24 0.11 119852 11518.99 0.36 15194 2478.78 1.15 5408170 1497863.33 19.78 310 46.73 0.2 118962 28825.53 19.78 310 0 0 110050 0 0 17.3 18.1 17.71 0.01
320400.0 310 32.24 0.11 120162 11551.23 0.36 15195 2479.96 1.15 5423365 1500343.29 19.78 310 46.72 0.2 119272 28872.25 19.78 310 0 0 110360 0 0 17.3 18.1 17.71 0.02
321300.0 376 32.38 0.11 120538 11583.61 0.36 15254 2479.38 1.15 5438619 1502822.67 19.78 370 47.33 0.2 119642 28919.58 19.78 310 0 0 110670 0 0 17.3 18.2 17.71 0.02
322200.0 354 33.0 0.36 120892 11616.61 0.36 15224 2455.33 1.15 5453843 1505278.01 19.78 350 46.87 0.2 119992 28966.45 19.78 310 0 0 110980 0 0 17.3 18.2 17.71 0.02
323100.0 310 32.22 0.11 121202 11648.83 0.36 15180 2441.95 1.15 5469023 1507719.95 19.78 310 46.3 0.2 120302 29012.75 19.78 310 0 0 111290 0 0 17.3 18.2 17.72 0.02
324000.0 310 32.22 0.11 121512 11681.05 0.36 15185 2447.69 1.15 5484208 1510167.65 19.78 310 46.29 0.2 120612 29059.04 19.78 310 0 0 111600 0 0 17.3 18.2 17.72 0.02
324900.0 376 32.37 0.11 121888 11713.42 0.36 15242 2444.85 1.15 5499450 1512612.5 19.78 370 46.9 0.2 120982 29105.95 19.78 310 0 0 111910 0 0 17.3 18.2 17.72 0.02
325800.0 354 33.01 0.36 122242 11746.43 0.36 15219 2456.42 1.15 5514669 1515068.92 19.78 350 47.01 0.2 121332 29152.95 19.78 310 0 0 112220 0 0 17.3 18.2 17.72 0.02
326700.0 310 32.24 0.11 122552 11778.66 0.36 15183 2466.13 1.15 5529852 1517535.05 19.78 310 46.73 0.2 121642 29199.68 19.78 310 0 0 112530 0 0 17.3 18.2 17.73 0.02
327600.0 310 32.24 0.11 122862 11810.9 0.36 15192 2476.51 1.15 5545044 1520011.56 19.78 310 46.72 0.2 121952 29246.4 19.78 310 0 0 112840 0 0 17.3 18.2 17.74 0.02
328500.0 376 32.38 0.11 123238 11843.28 0.36 15251 2475.93 1.15 5560295 1522487.5 19.78 370 47.33 0.2 122322 29293.73 19.78 310 0 0 113150 0 0 17.2 18.3 17.74 0.02
329400.0 354 33.01 0.36 123592 11876.29 0.36 15220 2463.12 1.15 5575515 1524950.61 19.78 350 47.12 0.2 122672 29340.86 19.78 310 0 0 113460 0 0 17.2 18.3 17.74 0.02
330300.0 310 32.24 0.11 123902 11908.53 0.36 15180 2462.68 1.15 5590695 1527413.29 19.78 310 46.73 0.2 122982 29387.58 19.78 310 0 0 113770 0 0 17.2 18.3 17.74 0.02
331200.0 310 32.24 0.11 124212 11940.76 0.36 15190 2474.21 1.15 5605885 1529887.51 19.78 310 46.72 0.2 123292 29434.31 19.78 310 0 0 114080 0 0 17.2 18.3 17.75 0.02
332100.0 376 32.38 0.11 124588 11973.14 0.36 15248 2472.48 1.15 5621133 1532359.99 19.78 370 47.33 0.2 123662 29481.64 19.78 310 0 0 114390 0 0 17.2 18.4 17.75 0.02
333000.0 354 33.01 0.36 124942 12006.15 0.36 15199 2435.07 1.15 5636332 1534795.06 19.78 350 47.04 0.2 124012 29528.68 19.78 310 0 0 114700 0 0 17.2 18.4 17.75 0.02
333900.0 310 32.23 0.11 125252 12038.39 0.36 15147 2420.83 1.15 5651479 1537215.9 19.78 310 46.65 0.2 124322 29575.32 19.78 310 0 0 115010 0 0 17.2 18.4 17.75 0.03
334800.0 310 32.23 0.11 125562 12070.62 0.36 15141 2413.97 1.15 5666620 1539629.86 19.78 310 46.64 0.2 124632 29621.97 19.78 310 0 0 115320 0 0 17.2 18.4 17.76 0.03
335700.0 376 32.38 0.11 125938 12103.0 0.36 15194 2406.48 1.15 5681814 1542036.35 19.78 370 47.25 0.2 125002 29669.21 19.78 310 0 0 115630 0 0 17.2 18.5 17.76 0.03
336600.0 354 33.01 0.36 126292 12136.01 0.36 15158 2391.82 1.15 5696972 1544428.16 19.78 350 47.12 0.2 125352 29716.34 19.78 310 0 0 115940 0 0 17.2 18.5 17.76 0.03
337500.0 310 32.24 0.11 126602 12168.25 0.36 15124 2398.28 1.15 5712096 1546826.44 19.78 310 46.73 0.2 125662 29763.07 19.78 310 0 0 116250 0 0 17.2 18.5 17.77 0.03
338400.0 310 32.24 0.11 126912 12200.48 0.36 15131 2406.36 1.15 5727227 1549232.81 19.78 310 46.72 0.2 125972 29809.79 19.78 310 0 0 116560 0 0 17.2 18.5 17.77 0.03
339300.0 376 32.38 0.11 127288 12232.86 0.36 15181 2395.43 1.15 5742408 1551628.24 19.78 370 47.33 0.2 126342 29857.12 19.78 310 0 0 116870 0 0 17.2 18.5 17.77 0.03
340200.0 354 33.01 0.36 127642 12265.87 0.36 15138 2361.76 1.15 5757546 1553990.01 19.78 350 46.98 0.2 126692 29904.09 19.78 310 0 0 117180 0 0 17.2 18.5 17.77 0.03
341100.0 310 32.23 0.11 127952 12298.1 0.36 15078 2338.33 1.15 5772624 1556328.33 19.78 310 46.58 0.2 127002 29950.68 19.78 310 0 0 117490 0 0 17.2 18.5 17.78 0.03
342000.0 310 32.23 0.11 128262 12330.33 0.36 15080 2340.66 1.15 5787704 1558668.99 19.78 310 46.58 0.2 127312 29997.25 19.78 310 0 0 117800 0 0 17.2 18.5 17.78 0.03
342900.0 376 32.37 0.11 128638 12362.71 0.36 15137 2337.78 1.15 5802841 1561006.77 19.78 370 47.18 0.2 127682 30044.44 19.78 310 0 0 118110 0 0 17.2 18.5 17.78 0.03
343800.0 354 33.0 0.36 128992 12395.71 0.36 15108 2321.71 1.15 5817949 1563328.48 19.78 350 46.86 0.2 128032 30091.3 19.78 310 0 0 118420 0 0 17.2 18.5 17.78 0.03
344700.0 310 32.23 0.11 129302 12427.94 0.36 15058 2309.76 1.15 5833007 1565638.24 19.78 310 46.47 0.2 128342 30137.77 19.78 310 0 0 118730 0 0 17.2 18.5 17.78 0.03
345600.0 310 32.23 0.11 129612 12460.16 0.36 15057 2308.66 1.15 5848064 1567946.9 19.78 310 46.46 0.2 128652 30184.23 19.78 310 0 0 119040 0 0 17.2 18.5 17.78 0.03
