# seed = 2, gamma = 0.0, beta = 0.66, dee = 0.1, dcc = 5.0, dec = 10.0, dsCnd = 150.0, dLocalhost = 0.02, hostBroker = EDGE 
#
# The columns have the following meaning: 
# instant[SECONDS] commCountUploadPartial delaySumUploadPartial[SECONDS] delayMaxUploadPartial[SECONDS] commCountUploadTot delaySumUploadTot[SECONDS] delayMaxUploadTot[SECONDS] commCountDownloadPartial delaySumDownloadPartial[SECONDS] delayMaxDownloadPartial[SECONDS] commCountDownloadTot delaySumDownloadTot[SECONDS] delayMaxDownloadTot[SECONDS] commCountDownloadMaxPartial delaySumDownloadMaxPartial[SECONDS] delayMaxDownloadMaxPartial[SECONDS] commCountDownloadMaxTot delaySumDownloadMaxTot[SECONDS] delayMaxDownloadMaxTot[SECONDS] runOnCloudPartial runOnEdgePartial runOnSmartphonePartial runOnCloudTot runOnEdgeTot runOnSmartphoneTot minTemp maxTemp avgTemp varianceTemp
0.0 0 0.0 0.0 0 0.0 0.0 0 0.0 0.0 0 0.0 0.0 0 0.0 0.0 0 0.0 0.0 0 0 0 0 0 0 17.0 25.0 21.0 0.0
900.0 376 31.7 0.15 376 31.7 0.15 15284 1672.67 0.18 15284 1672.67 0.18 370 49.87 0.18 370 49.87 0.18 112 0 198 112 0 198 18.9 21.0 19.24 0.6
1800.0 356 32.43 0.36 732 64.13 0.36 15569 150505.75 19.71 30853 152178.41 19.71 352 3053.59 19.71 722 3103.46 19.71 112 0 198 224 0 396 18.7 18.9 18.9 0.0
2700.0 310 31.59 0.15 1042 95.72 0.36 15221 1695.13 0.19 46074 153873.55 19.71 310 50.27 0.19 1032 3153.73 19.71 112 0 198 336 0 594 17.7 18.9 18.38 0.05
3600.0 310 31.59 0.15 1352 127.31 0.36 15221 1695.16 0.19 61295 155568.71 19.71 310 50.28 0.19 1342 3204.01 19.71 112 0 198 448 0 792 17.7 18.9 18.23 0.06
4500.0 376 31.73 0.15 1728 159.03 0.36 15277 1695.2 0.19 76572 157263.91 19.71 370 50.34 0.19 1712 3254.35 19.71 112 0 198 560 0 990 17.6 18.7 18.22 0.05
5400.0 356 32.44 0.36 2084 191.47 0.36 15606 7823.43 19.81 92178 165087.35 19.81 352 70.17 19.81 2064 3324.51 19.81 112 0 198 672 0 1188 17.6 18.7 18.22 0.05
6300.0 310 31.59 0.15 2394 223.06 0.36 15297 1708.18 0.19 107475 166795.52 19.81 310 50.45 0.19 2374 3374.96 19.81 112 0 198 784 0 1386 17.6 18.7 18.23 0.05
7200.0 310 31.59 0.15 2704 254.65 0.36 15295 1708.19 0.19 122770 168503.71 19.81 310 50.45 0.19 2684 3425.42 19.81 112 0 198 896 0 1584 17.6 18.7 18.25 0.04
8100.0 376 31.73 0.15 3080 286.39 0.36 15353 1708.1 0.19 138123 170211.81 19.81 370 50.51 0.19 3054 3475.93 19.81 112 0 198 1008 0 1782 17.6 18.7 18.25 0.04
9000.0 356 32.44 0.36 3436 318.82 0.36 15621 7815.86 19.77 153744 178027.67 19.81 352 70.16 19.77 3406 3546.09 19.81 112 0 198 1120 0 1980 17.6 18.7 18.25 0.04
9900.0 310 31.59 0.15 3746 350.41 0.36 15254 1700.74 0.19 168998 179728.41 19.81 310 50.32 0.19 3716 3596.41 19.81 112 0 198 1232 0 2178 17.6 18.7 18.22 0.04
10800.0 310 31.59 0.15 4056 382.0 0.36 15263 1701.58 0.19 184261 181429.99 19.81 310 50.33 0.19 4026 3646.74 19.81 112 0 198 1344 0 2376 17.6 18.7 18.15 0.05
11700.0 376 31.73 0.15 4432 413.73 0.36 15321 1701.46 0.19 199582 183131.45 19.81 370 50.38 0.19 4396 3697.13 19.81 112 0 198 1456 0 2574 17.6 18.7 18.15 0.05
12600.0 354 32.37 0.36 4786 446.09 0.36 15284 1703.49 0.19 214866 184834.95 19.81 350 50.43 0.19 4746 3747.56 19.81 112 0 198 1568 0 2772 17.6 18.7 18.15 0.05
13500.0 310 31.59 0.15 5096 477.68 0.36 15207 1701.02 0.19 230073 186535.97 19.81 310 50.38 0.19 5056 3797.94 19.81 112 0 198 1680 0 2970 17.6 18.7 18.14 0.05
14400.0 310 31.59 0.15 5406 509.27 0.36 15207 1701.21 0.19 245280 188237.18 19.81 310 50.39 0.19 5366 3848.33 19.81 112 0 198 1792 0 3168 17.6 18.7 18.13 0.05
15300.0 376 31.73 0.15 5782 541.01 0.36 15266 1701.09 0.19 260546 189938.27 19.81 370 50.45 0.19 5736 3898.78 19.81 112 0 198 1904 0 3366 17.6 18.7 18.13 0.05
16200.0 354 32.37 0.36 6136 573.37 0.36 15235 1700.18 0.19 275781 191638.46 19.81 350 50.42 0.19 6086 3949.2 19.81 112 0 198 2016 0 3564 17.6 18.7 18.13 0.05
17100.0 310 31.58 0.15 6446 604.96 0.36 15208 1696.2 0.19 290989 193334.66 19.81 310 50.29 0.19 6396 3999.49 19.81 112 0 198 2128 0 3762 17.6 18.7 18.11 0.04
18000.0 310 31.58 0.15 6756 636.54 0.36 15209 1696.24 0.19 306198 195030.9 19.81 310 50.29 0.19 6706 4049.78 19.81 112 0 198 2240 0 3960 17.6 18.7 18.1 0.04
18900.0 376 31.73 0.15 7132 668.27 0.36 15268 1696.27 0.19 321466 196727.17 19.81 370 50.35 0.19 7076 4100.13 19.81 112 0 198 2352 0 4158 17.6 18.6 18.1 0.04
19800.0 354 32.36 0.36 7486 700.63 0.36 15234 1694.91 0.19 336700 198422.08 19.81 350 50.32 0.19 7426 4150.45 19.81 112 0 198 2464 0 4356 17.6 18.6 18.1 0.04
20700.0 310 31.59 0.15 7796 732.22 0.36 15200 1697.48 0.19 351900 200119.56 19.81 310 50.32 0.19 7736 4200.77 19.81 112 0 198 2576 0 4554 17.6 18.6 18.08 0.03
21600.0 310 31.59 0.15 8106 763.81 0.36 15202 1697.68 0.19 367102 201817.24 19.81 310 50.33 0.19 8046 4251.1 19.81 112 0 198 2688 0 4752 17.6 18.6 18.07 0.03
22500.0 376 31.73 0.15 8482 795.54 0.36 15260 1697.71 0.19 382362 203514.96 19.81 370 50.38 0.19 8416 4301.48 19.81 112 0 198 2800 0 4950 17.6 18.6 18.07 0.03
23400.0 354 32.37 0.36 8836 827.9 0.36 15230 1699.75 0.19 397592 205214.71 19.81 350 50.42 0.19 8766 4351.91 19.81 112 0 198 2912 0 5148 17.6 18.6 18.07 0.03
24300.0 310 31.59 0.15 9146 859.49 0.36 15199 1702.34 0.19 412791 206917.05 19.81 310 50.41 0.19 9076 4402.32 19.81 112 0 198 3024 0 5346 17.5 18.6 18.05 0.03
25200.0 310 31.59 0.15 9456 891.08 0.36 15206 1702.85 0.19 427997 208619.9 19.81 310 50.42 0.19 9386 4452.73 19.81 112 0 198 3136 0 5544 17.5 18.6 18.04 0.03
26100.0 376 31.73 0.15 9832 922.82 0.36 15264 1702.89 0.19 443261 210322.79 19.81 370 50.47 0.19 9756 4503.21 19.81 112 0 198 3248 0 5742 17.5 18.6 18.04 0.03
27000.0 354 32.37 0.36 10186 955.19 0.36 15228 1701.61 0.19 458489 212024.4 19.81 350 50.46 0.19 10106 4553.67 19.81 112 0 198 3360 0 5940 17.5 18.6 18.04 0.03
27900.0 310 31.59 0.15 10496 986.78 0.36 15194 1699.72 0.19 473683 213724.12 19.81 310 50.37 0.19 10416 4604.04 19.81 112 0 198 3472 0 6138 17.5 18.6 18.01 0.03
28800.0 310 31.59 0.15 10806 1018.37 0.36 15201 1700.23 0.19 488884 215424.35 19.81 310 50.37 0.19 10726 4654.41 19.81 112 0 198 3584 0 6336 17.5 18.6 17.99 0.03
29700.0 376 31.73 0.15 11182 1050.1 0.36 15260 1700.11 0.19 504144 217124.46 19.81 370 50.43 0.19 11096 4704.84 19.81 112 0 198 3696 0 6534 17.5 18.6 17.99 0.03
30600.0 354 32.37 0.36 11536 1082.46 0.36 15223 1699.31 0.19 519367 218823.76 19.81 350 50.42 0.19 11446 4755.26 19.81 112 0 198 3808 0 6732 17.4 18.6 17.99 0.03
31500.0 310 31.59 0.15 11846 1114.05 0.36 15195 1701.7 0.19 534562 220525.46 19.81 310 50.41 0.19 11756 4805.67 19.81 112 0 198 3920 0 6930 17.4 18.6 17.96 0.03
32400.0 310 31.59 0.15 12156 1145.65 0.36 15203 1702.21 0.19 549765 222227.67 19.81 310 50.42 0.19 12066 4856.09 19.81 112 0 198 4032 0 7128 17.4 18.6 17.95 0.03
33300.0 376 31.73 0.15 12532 1177.38 0.36 15262 1702.25 0.19 565027 223929.92 19.81 370 50.47 0.19 12436 4906.56 19.81 112 0 198 4144 0 7326 17.4 18.5 17.95 0.03
34200.0 354 32.37 0.36 12886 1209.75 0.36 15222 1701.45 0.19 580249 225631.37 19.81 350 50.46 0.19 12786 4957.02 19.81 112 0 198 4256 0 7524 17.4 18.5 17.95 0.03
35100.0 310 31.59 0.15 13196 1241.34 0.36 15186 1701.7 0.19 595435 227333.07 19.81 310 50.41 0.19 13096 5007.43 19.81 112 0 198 4368 0 7722 17.4 18.5 17.93 0.03
36000.0 310 31.59 0.15 13506 1272.93 0.36 15195 1702.05 0.19 610630 229035.12 19.81 310 50.42 0.19 13406 5057.85 19.81 112 0 198 4480 0 7920 17.4 18.5 17.91 0.04
36900.0 376 31.73 0.15 13882 1304.67 0.36 15255 1702.09 0.19 625885 230737.21 19.81 370 50.47 0.19 13776 5108.32 19.81 112 0 198 4592 0 8118 17.4 18.5 17.91 0.04
37800.0 354 32.36 0.36 14236 1337.03 0.36 15219 1698.06 0.19 641104 232435.27 19.81 350 50.39 0.19 14126 5158.72 19.81 112 0 198 4704 0 8316 17.3 18.5 17.91 0.04
38700.0 310 31.59 0.15 14546 1368.62 0.36 15191 1698.96 0.19 656295 234134.23 19.81 310 50.35 0.19 14436 5209.07 19.81 112 0 198 4816 0 8514 17.3 18.5 17.89 0.04
39600.0 310 31.59 0.15 14856 1400.21 0.36 15198 1699.46 0.19 671493 235833.7 19.81 310 50.35 0.19 14746 5259.42 19.81 112 0 198 4928 0 8712 17.3 18.5 17.87 0.04
40500.0 376 31.73 0.15 15232 1431.94 0.36 15256 1699.35 0.19 686749 237533.04 19.81 370 50.41 0.19 15116 5309.83 19.81 112 0 198 5040 0 8910 17.3 18.5 17.87 0.04
41400.0 354 32.37 0.36 15586 1464.3 0.36 15214 1701.13 0.19 701963 239234.18 19.81 350 50.46 0.19 15466 5360.29 19.81 112 0 198 5152 0 9108 17.3 18.5 17.87 0.04
42300.0 310 31.59 0.15 15896 1495.89 0.36 15191 1699.68 0.19 717154 240933.86 19.81 310 50.37 0.19 15776 5410.66 19.81 112 0 198 5264 0 9306 17.3 18.5 17.85 0.05
43200.0 310 31.59 0.15 16206 1527.48 0.36 15198 1700.35 0.19 732352 242634.21 19.81 310 50.38 0.19 16086 5461.04 19.81 112 0 198 5376 0 9504 17.3 18.5 17.83 0.05
44100.0 376 31.73 0.15 16582 1559.22 0.36 15258 1700.39 0.19 747610 244334.6 19.81 370 50.43 0.19 16456 5511.47 19.81 112 0 198 5488 0 9702 17.2 18.4 17.83 0.05
45000.0 354 32.37 0.36 16936 1591.58 0.36 15214 1699.6 0.19 762824 246034.19 19.81 350 50.42 0.19 16806 5561.89 19.81 112 0 198 5600 0 9900 17.2 18.4 17.83 0.05
45900.0 310 31.59 0.15 17246 1623.17 0.36 15184 1699.56 0.19 778008 247733.75 19.81 310 50.37 0.19 17116 5612.26 19.81 112 0 198 5712 0 10098 17.2 18.5 17.8 0.06
46800.0 310 31.59 0.15 17556 1654.76 0.36 15191 1699.75 0.19 793199 249433.51 19.81 310 50.38 0.19 17426 5662.64 19.81 112 0 198 5824 0 10296 17.2 18.5 17.8 0.06
47700.0 376 31.73 0.15 17932 1686.49 0.36 15248 1699.63 0.19 808447 251133.14 19.81 370 50.43 0.19 17796 5713.07 19.81 112 0 198 5936 0 10494 17.2 18.5 17.8 0.06
48600.0 354 32.37 0.36 18286 1718.86 0.36 15204 1698.68 0.19 823651 252831.81 19.81 350 50.42 0.19 18146 5763.49 19.81 112 0 198 6048 0 10692 17.2 18.5 17.8 0.06
49500.0 310 31.59 0.15 18596 1750.45 0.36 15189 1701.7 0.19 838840 254533.51 19.81 310 50.41 0.19 18456 5813.9 19.81 112 0 198 6160 0 10890 17.1 18.5 17.76 0.07
50400.0 310 31.59 0.15 18906 1782.04 0.36 15202 1702.69 0.19 854042 256236.2 19.81 310 50.42 0.19 18766 5864.32 19.81 112 0 198 6272 0 11088 17.1 18.5 17.75 0.07
51300.0 376 31.73 0.15 19282 1813.77 0.36 15261 1702.57 0.19 869303 257938.77 19.81 370 50.47 0.19 19136 5914.79 19.81 112 0 198 6384 0 11286 17.1 18.5 17.75 0.07
52200.0 354 32.37 0.36 19636 1846.14 0.36 15211 1701.29 0.19 884514 259640.06 19.81 350 50.46 0.19 19486 5965.25 19.81 112 0 198 6496 0 11484 17.1 18.5 17.75 0.07
53100.0 310 31.59 0.15 19946 1877.73 0.36 15175 1700.42 0.19 899689 261340.48 19.81 310 50.41 0.19 19796 6015.66 19.81 112 0 198 6608 0 11682 17.1 18.6 17.73 0.08
54000.0 310 31.59 0.15 20256 1909.33 0.36 15179 1700.77 0.19 914868 263041.25 19.81 310 50.42 0.19 20106 6066.08 19.81 112 0 198 6720 0 11880 17.1 18.6 17.73 0.08
54900.0 376 31.73 0.15 20632 1941.06 0.36 15237 1700.81 0.19 930105 264742.06 19.81 370 50.47 0.19 20476 6116.56 19.81 112 0 198 6832 0 12078 17.1 18.6 17.73 0.08
55800.0 354 32.37 0.36 20986 1973.43 0.36 15199 1700.49 0.19 945304 266442.55 19.81 350 50.46 0.19 20826 6167.01 19.81 112 0 198 6944 0 12276 17.1 18.6 17.73 0.08
56700.0 310 31.59 0.15 21296 2005.02 0.36 15185 1701.22 0.19 960489 268143.77 19.81 310 50.41 0.19 21136 6217.43 19.81 112 0 198 7056 0 12474 17.1 18.6 17.7 0.09
57600.0 310 31.59 0.15 21606 2036.61 0.36 15194 1702.05 0.19 975683 269845.82 19.81 310 50.42 0.19 21446 6267.84 19.81 112 0 198 7168 0 12672 17.1 18.6 17.69 0.09
58500.0 376 31.73 0.15 21982 2068.35 0.36 15254 1702.09 0.19 990937 271547.91 19.81 370 50.47 0.19 21816 6318.32 19.81 112 0 198 7280 0 12870 17.1 18.6 17.69 0.09
59400.0 354 32.37 0.36 22336 2100.71 0.36 15198 1699.66 0.19 1006135 273247.56 19.81 350 50.43 0.19 22166 6368.75 19.81 112 0 198 7392 0 13068 17.0 18.6 17.69 0.09
60300.0 310 31.59 0.15 22646 2132.3 0.36 15173 1699.74 0.19 1021308 274947.31 19.81 310 50.38 0.19 22476 6419.13 19.81 112 0 198 7504 0 13266 17.0 18.6 17.67 0.1
61200.0 310 31.59 0.15 22956 2163.89 0.36 15185 1700.57 0.19 1036493 276647.88 19.81 310 50.39 0.19 22786 6469.52 19.81 112 0 198 7616 0 13464 17.0 18.6 17.65 0.1
62100.0 376 31.73 0.15 23332 2195.62 0.36 15244 1700.45 0.19 1051737 278348.33 19.81 370 50.45 0.19 23156 6519.97 19.81 112 0 198 7728 0 13662 17.0 18.6 17.65 0.11
63000.0 354 32.36 0.36 23686 2227.99 0.36 15201 1693.92 0.19 1066938 280042.25 19.81 350 50.32 0.19 23506 6570.29 19.81 112 0 198 7840 0 13860 17.0 18.6 17.65 0.11
63900.0 310 31.58 0.15 23996 2259.57 0.36 15169 1691.68 0.19 1082107 281733.93 19.81 310 50.23 0.19 23816 6620.51 19.81 112 0 198 7952 0 14058 17.0 18.6 17.64 0.11
64800.0 310 31.58 0.15 24306 2291.15 0.36 15173 1691.86 0.19 1097280 283425.8 19.81 310 50.23 0.19 24126 6670.75 19.81 112 0 198 8064 0 14256 17.0 18.6 17.63 0.11
65700.0 376 31.72 0.15 24682 2322.88 0.36 15233 1691.9 0.19 1112513 285117.7 19.81 370 50.29 0.19 24496 6721.04 19.81 112 0 198 8176 0 14454 17.0 18.6 17.63 0.11
66600.0 354 32.36 0.36 25036 2355.23 0.36 15189 1691.48 0.19 1127702 286809.18 19.81 350 50.29 0.19 24846 6771.32 19.81 112 0 198 8288 0 14652 17.0 18.6 17.63 0.11
67500.0 310 31.58 0.15 25346 2386.82 0.36 15155 1689.71 0.18 1142857 288498.88 19.81 310 50.2 0.18 25156 6821.52 19.81 112 0 198 8400 0 14850 17.0 18.7 17.62 0.12
68400.0 310 31.58 0.15 25656 2418.4 0.36 15159 1689.88 0.18 1158016 290188.76 19.81 310 50.2 0.18 25466 6871.72 19.81 112 0 198 8512 0 15048 17.0 18.7 17.62 0.12
69300.0 376 31.72 0.15 26032 2450.12 0.36 15219 1689.93 0.18 1173235 291878.69 19.81 370 50.26 0.18 25836 6921.98 19.81 112 0 198 8624 0 15246 17.0 18.7 17.62 0.12
70200.0 354 32.36 0.36 26386 2482.48 0.36 15183 1691.05 0.19 1188418 293569.74 19.81 350 50.28 0.19 26186 6972.26 19.81 112 0 198 8736 0 15444 17.0 18.7 17.62 0.12
71100.0 310 31.58 0.15 26696 2514.06 0.36 15154 1691.66 0.19 1203572 295261.4 19.81 310 50.24 0.19 26496 7022.5 19.81 112 0 198 8848 0 15642 17.0 18.7 17.61 0.12
72000.0 310 31.58 0.15 27006 2545.64 0.36 15162 1691.85 0.19 1218734 296953.25 19.81 310 50.25 0.19 26806 7072.75 19.81 112 0 198 8960 0 15840 17.0 18.7 17.6 0.12
72900.0 376 31.72 0.15 27382 2577.37 0.36 15220 1691.88 0.19 1233954 298645.13 19.81 370 50.3 0.19 27176 7123.05 19.81 112 0 198 9072 0 16038 17.0 18.7 17.6 0.12
73800.0 354 32.36 0.36 27736 2609.73 0.36 15185 1691.25 0.19 1249139 300336.39 19.81 350 50.29 0.19 27526 7173.33 19.81 112 0 198 9184 0 16236 17.0 18.7 17.6 0.12
74700.0 310 31.59 0.15 28046 2641.31 0.36 15149 1693.98 0.19 1264288 302030.37 19.81 310 50.28 0.19 27836 7223.61 19.81 112 0 198 9296 0 16434 17.0 18.7 17.59 0.12
75600.0 310 31.59 0.15 28356 2672.9 0.36 15147 1693.85 0.19 1279435 303724.21 19.81 310 50.28 0.19 28146 7273.9 19.81 112 0 198 9408 0 16632 17.0 18.7 17.59 0.12
76500.0 376 31.73 0.15 28732 2704.63 0.36 15207 1693.89 0.19 1294642 305418.11 19.81 370 50.34 0.19 28516 7324.24 19.81 112 0 198 9520 0 16830 17.0 18.7 17.59 0.12
77400.0 354 32.36 0.36 29086 2736.98 0.36 15174 1690.31 0.19 1309816 307108.41 19.81 350 50.27 0.19 28866 7374.51 19.81 112 0 198 9632 0 17028 17.0 18.7 17.59 0.12
78300.0 310 31.58 0.15 29396 2768.57 0.36 15137 1689.92 0.19 1324953 308798.33 19.81 310 50.23 0.19 29176 7424.74 19.81 112 0 198 9744 0 17226 17.0 18.6 17.58 0.12
79200.0 310 31.58 0.15 29706 2800.15 0.36 15144 1690.42 0.19 1340097 310488.76 19.81 310 50.23 0.19 29486 7474.97 19.81 112 0 198 9856 0 17424 17.0 18.6 17.58 0.12
80100.0 376 31.72 0.15 30082 2831.87 0.36 15204 1690.46 0.19 1355301 312179.22 19.81 370 50.29 0.19 29856 7525.26 19.81 112 0 198 9968 0 17622 17.0 18.6 17.58 0.12
81000.0 354 32.36 0.36 30436 2864.24 0.36 15172 1691.05 0.19 1370473 313870.26 19.81 350 50.3 0.19 30206 7575.56 19.81 112 0 198 10080 0 17820 17.0 18.6 17.58 0.12
81900.0 310 31.59 0.15 30746 2895.82 0.36 15138 1693.24 0.19 1385611 315563.51 19.81 310 50.29 0.19 30516 7625.84 19.81 112 0 198 10192 0 18018 17.0 18.6 17.57 0.12
82800.0 310 31.59 0.15 31056 2927.41 0.36 15139 1693.44 0.19 1400750 317256.94 19.81 310 50.29 0.19 30826 7676.14 19.81 112 0 198 10304 0 18216 17.0 18.6 17.58 0.12
83700.0 376 31.73 0.15 31432 2959.14 0.36 15194 1693.31 0.19 1415944 318950.25 19.81 370 50.35 0.19 31196 7726.49 19.81 112 0 198 10416 0 18414 17.0 18.6 17.58 0.12
84600.0 354 32.36 0.36 31786 2991.5 0.36 15164 1692.68 0.19 1431108 320642.93 19.81 350 50.33 0.19 31546 7776.82 19.81 112 0 198 10528 0 18612 17.0 18.6 17.58 0.12
85500.0 310 31.58 0.15 32096 3023.09 0.36 15138 1691.2 0.19 1446246 322334.13 19.81 310 50.24 0.19 31856 7827.07 19.81 112 0 198 10640 0 18810 17.0 18.6 17.58 0.11
86400.0 310 31.58 0.15 32406 3054.67 0.36 15135 1690.59 0.19 1461381 324024.73 19.81 310 50.25 0.19 32166 7877.32 19.81 112 0 198 10752 0 19008 17.0 18.6 17.58 0.1
87300.0 376 31.73 0.15 32782 3086.4 0.36 15195 1690.63 0.19 1476576 325715.36 19.81 370 50.31 0.19 32536 7927.62 19.81 112 0 198 10864 0 19206 17.0 18.6 17.58 0.1
88200.0 354 32.37 0.36 33136 3118.76 0.36 15160 1696.27 0.19 1491736 327411.63 19.81 350 50.42 0.19 32886 7978.04 19.81 112 0 198 10976 0 19404 17.0 18.6 17.58 0.1
89100.0 310 31.59 0.15 33446 3150.35 0.36 15174 1700.42 0.19 1506910 329112.04 19.81 310 50.41 0.19 33196 8028.45 19.81 112 0 198 11088 0 19602 17.1 18.5 17.62 0.08
90000.0 310 31.59 0.15 33756 3181.95 0.36 15210 1702.69 0.19 1522120 330814.74 19.81 310 50.42 0.19 33506 8078.87 19.81 112 0 198 11200 0 19800 17.1 18.5 17.68 0.05
90900.0 376 31.73 0.15 34132 3213.68 0.36 15270 1702.73 0.19 1537390 332517.46 19.81 370 50.47 0.19 33876 8129.34 19.81 112 0 198 11312 0 19998 17.1 18.5 17.68 0.05
91800.0 354 32.36 0.36 34486 3246.04 0.36 15225 1695.03 0.19 1552615 334212.49 19.81 350 50.32 0.19 34226 8179.66 19.81 112 0 198 11424 0 20196 17.1 20.5 17.7 0.09
92700.0 310 31.58 0.15 34796 3277.62 0.36 15245 1693.89 0.18 1567860 335906.38 19.81 310 50.19 0.18 34536 8229.85 19.81 112 0 198 11536 0 20394 17.1 23.8 19.41 2.23
93600.0 310 31.58 0.15 35106 3309.2 0.36 15245 1693.58 0.18 1583105 337599.96 19.81 310 50.19 0.18 34846 8280.04 19.81 112 0 198 11648 0 20592 17.1 23.8 20.52 4.97
94500.0 376 31.72 0.15 35482 3340.92 0.36 15301 1693.47 0.18 1598406 339293.43 19.81 370 50.25 0.18 35216 8330.29 19.81 112 0 198 11760 0 20790 17.1 23.8 20.55 5.01
95400.0 354 32.36 0.36 35836 3373.28 0.36 15274 1693.3 0.18 1613680 340986.73 19.81 350 50.23 0.18 35566 8380.52 19.81 112 0 198 11872 0 20988 17.1 23.9 20.55 5.02
96300.0 310 31.58 0.15 36146 3404.86 0.36 15245 1693.72 0.18 1628925 342680.46 19.81 310 50.19 0.18 35876 8430.71 19.81 112 0 198 11984 0 21186 17.1 24.0 20.89 4.92
97200.0 310 31.58 0.15 36456 3436.44 0.36 15242 1693.26 0.18 1644167 344373.72 19.81 310 50.19 0.18 36186 8480.9 19.81 112 0 198 12096 0 21384 17.1 24.0 21.05 4.9
98100.0 376 31.72 0.15 36832 3468.16 0.36 15300 1693.31 0.18 1659467 346067.03 19.81 370 50.25 0.18 36556 8531.15 19.81 112 0 198 12208 0 21582 17.4 24.0 21.06 4.89
99000.0 354 32.35 0.36 37186 3500.52 0.36 15279 1689.53 0.18 1674746 347756.55 19.81 350 50.16 0.18 36906 8581.31 19.81 112 0 198 12320 0 21780 17.4 24.0 21.06 4.89
99900.0 310 31.58 0.15 37496 3532.09 0.36 15242 1689.79 0.18 1689988 349446.34 19.81 310 50.11 0.18 37216 8631.41 19.81 112 0 198 12432 0 21978 17.5 24.0 21.29 4.28
100800.0 310 31.58 0.15 37806 3563.67 0.36 15236 1689.8 0.18 1705224 351136.15 19.81 310 50.11 0.18 37526 8681.53 19.81 112 0 198 12544 0 22176 17.5 24.0 21.42 4.04
101700.0 376 31.72 0.15 38182 3595.39 0.36 15295 1689.86 0.18 1720519 352826.0 19.81 370 50.17 0.18 37896 8731.7 19.81 112 0 198 12656 0 22374 17.8 24.0 21.42 4.02
102600.0 354 32.35 0.36 38536 3627.74 0.36 15267 1688.93 0.18 1735786 354514.93 19.81 350 50.14 0.18 38246 8781.84 19.81 112 0 198 12768 0 22572 17.8 24.0 21.42 4.02
103500.0 310 31.58 0.15 38846 3659.32 0.36 15230 1688.86 0.18 1751016 356203.79 19.81 310 50.09 0.18 38556 8831.94 19.81 112 0 198 12880 0 22770 18.0 24.0 21.57 3.46
104400.0 310 31.58 0.15 39156 3690.89 0.36 15233 1688.89 0.18 1766249 357892.68 19.81 310 50.1 0.18 38866 8882.04 19.81 112 0 198 12992 0 22968 18.0 24.0 21.73 3.2
105300.0 376 31.72 0.15 39532 3722.61 0.36 15292 1688.93 0.18 1781541 359581.61 19.81 370 50.16 0.18 39236 8932.19 19.81 112 0 198 13104 0 23166 18.5 24.0 21.73 3.17
106200.0 354 32.35 0.36 39886 3754.96 0.36 15271 1686.94 0.18 1796812 361268.55 19.81 350 50.1 0.18 39586 8982.3 19.81 112 0 198 13216 0 23364 18.5 24.0 21.73 3.17
107100.0 310 31.57 0.15 40196 3786.53 0.36 15231 1682.62 0.18 1812043 362951.18 19.81 310 49.97 0.18 39896 9032.27 19.81 112 0 198 13328 0 23562 18.8 24.0 21.72 2.96
108000.0 310 31.57 0.15 40506 3818.1 0.36 15230 1682.5 0.18 1827273 364633.68 19.81 310 49.98 0.18 40206 9082.24 19.81 112 0 198 13440 0 23760 18.8 24.0 21.73 2.94
108900.0 376 31.71 0.15 40882 3849.81 0.36 15289 1682.53 0.18 1842562 366316.2 19.81 370 50.03 0.18 40576 9132.27 19.81 112 0 198 13552 0 23958 18.9 24.0 21.73 2.93
109800.0 354 32.35 0.36 41236 3882.16 0.36 15268 1682.54 0.18 1857830 367998.74 19.81 350 50.02 0.18 40926 9182.29 19.81 112 0 198 13664 0 24156 18.9 24.0 21.73 2.93
110700.0 310 31.57 0.15 41546 3913.73 0.36 15226 1682.46 0.18 1873056 369681.2 19.81 310 49.97 0.18 41236 9232.26 19.81 112 0 198 13776 0 24354 18.9 24.0 21.63 2.86
111600.0 310 31.57 0.15 41856 3945.3 0.36 15225 1682.5 0.18 1888281 371363.7 19.81 310 49.98 0.18 41546 9282.24 19.81 112 0 198 13888 0 24552 18.9 24.0 21.57 2.75
112500.0 376 31.71 0.15 42232 3977.01 0.36 15285 1682.53 0.18 1903566 373046.23 19.81 370 50.03 0.18 41916 9332.27 19.81 112 0 198 14000 0 24750 18.9 23.9 21.57 2.74
113400.0 354 32.35 0.36 42586 4009.35 0.36 15264 1682.54 0.18 1918830 374728.77 19.81 350 50.02 0.18 42266 9382.28 19.81 112 0 198 14112 0 24948 18.9 23.9 21.58 2.72
114300.0 310 31.57 0.15 42896 4040.92 0.36 15223 1681.82 0.18 1934053 376410.58 19.81 310 49.97 0.18 42576 9432.25 19.81 112 0 198 14224 0 25146 18.9 23.9 22.89 0.94
115200.0 310 31.57 0.15 43206 4072.49 0.36 15222 1681.86 0.18 1949275 378092.44 19.81 310 49.98 0.18 42886 9482.23 19.81 112 0 198 14336 0 25344 18.9 24.0 23.48 0.17
116100.0 376 31.71 0.15 43582 4104.21 0.36 15282 1681.89 0.18 1964557 379774.33 19.81 370 50.03 0.18 43256 9532.26 19.81 112 0 198 14448 0 25542 22.6 24.0 23.51 0.04
117000.0 354 32.35 0.36 43936 4136.55 0.36 15259 1681.74 0.18 1979816 381456.07 19.81 350 50.02 0.18 43606 9582.28 19.81 112 0 198 14560 0 25740 22.6 24.0 23.51 0.04
117900.0 310 31.57 0.15 44246 4168.12 0.36 15219 1681.66 0.18 1995035 383137.73 19.81 310 49.97 0.18 43916 9632.25 19.81 112 0 198 14672 0 25938 22.7 24.0 23.55 0.02
118800.0 310 31.57 0.15 44556 4199.69 0.36 15218 1681.7 0.18 2010253 384819.43 19.81 310 49.98 0.18 44226 9682.22 19.81 112 0 198 14784 0 26136 22.7 24.0 23.6 0.02
119700.0 376 31.71 0.15 44932 4231.4 0.36 15275 1681.41 0.18 2025528 386500.83 19.81 370 50.03 0.18 44596 9732.25 19.81 112 0 198 14896 0 26334 22.7 24.0 23.6 0.02
120600.0 354 32.35 0.36 45286 4263.75 0.36 15255 1681.42 0.18 2040783 388182.25 19.81 350 50.02 0.18 44946 9782.27 19.81 112 0 198 15008 0 26532 22.7 24.0 23.6 0.02
121500.0 310 31.57 0.15 45596 4295.32 0.36 15215 1681.34 0.18 2055998 389863.59 19.81 310 49.97 0.18 45256 9832.24 19.81 112 0 198 15120 0 26730 22.8 24.0 23.64 0.01
122400.0 310 31.57 0.15 45906 4326.89 0.36 15213 1681.38 0.18 2071211 391544.97 19.81 310 49.98 0.18 45566 9882.21 19.81 112 0 198 15232 0 26928 22.8 24.0 23.67 0.01
123300.0 376 31.71 0.15 46282 4358.6 0.36 15273 1681.41 0.18 2086484 393226.37 19.81 370 50.03 0.18 45936 9932.25 19.81 112 0 198 15344 0 27126 22.8 24.0 23.67 0.01
124200.0 354 32.35 0.36 46636 4390.94 0.36 15253 1681.42 0.18 2101737 394907.79 19.81 350 50.02 0.18 46286 9982.26 19.81 112 0 198 15456 0 27324 22.8 24.0 23.67 0.01
125100.0 310 31.57 0.15 46946 4422.51 0.36 15210 1680.86 0.18 2116947 396588.65 19.81 310 49.97 0.18 46596 10032.23 19.81 112 0 198 15568 0 27522 22.9 24.0 23.7 0.01
126000.0 310 31.57 0.15 47256 4454.08 0.36 15208 1680.9 0.18 2132155 398269.55 19.81 310 49.98 0.18 46906 10082.21 19.81 112 0 198 15680 0 27720 22.9 24.0 23.72 0.01
126900.0 376 31.71 0.15 47632 4485.79 0.36 15267 1680.93 0.18 2147422 399950.48 19.81 370 50.03 0.18 47276 10132.24 19.81 112 0 198 15792 0 27918 22.9 24.0 23.73 0.01
127800.0 354 32.35 0.36 47986 4518.14 0.36 15245 1680.78 0.18 2162667 401631.26 19.81 350 50.02 0.18 47626 10182.25 19.81 112 0 198 15904 0 28116 22.9 24.0 23.73 0.01
128700.0 310 31.57 0.15 48296 4549.71 0.36 15205 1680.7 0.18 2177872 403311.95 19.81 310 49.97 0.18 47936 10232.22 19.81 112 0 198 16016 0 28314 23.1 24.0 23.75 0.01
129600.0 310 31.57 0.15 48606 4581.28 0.36 15203 1680.42 0.18 2193075 404992.37 19.81 310 49.98 0.18 48246 10282.2 19.81 112 0 198 16128 0 28512 23.1 24.0 23.77 0.01
130500.0 376 31.71 0.15 48982 4612.99 0.36 15258 1679.97 0.18 2208333 406672.34 19.81 370 50.03 0.18 48616 10332.23 19.81 112 0 198 16240 0 28710 23.1 24.0 23.77 0.01
131400.0 354 32.35 0.36 49336 4645.34 0.36 15238 1679.98 0.18 2223571 408352.32 19.81 350 50.02 0.18 48966 10382.25 19.81 112 0 198 16352 0 28908 23.1 24.0 23.77 0.01
132300.0 310 31.57 0.15 49646 4676.91 0.36 15197 1679.9 0.18 2238768 410032.22 19.81 310 49.97 0.18 49276 10432.22 19.81 112 0 198 16464 0 29106 23.2 24.0 23.79 0.01
133200.0 310 31.57 0.15 49956 4708.48 0.36 15197 1679.94 0.18 2253965 411712.16 19.81 310 49.98 0.18 49586 10482.19 19.81 112 0 198 16576 0 29304 23.2 24.0 23.8 0.01
134100.0 376 31.71 0.15 50332 4740.19 0.36 15257 1679.97 0.18 2269222 413392.12 19.81 370 50.03 0.18 49956 10532.22 19.81 112 0 198 16688 0 29502 23.2 24.0 23.8 0.01
135000.0 354 32.35 0.36 50686 4772.53 0.36 15235 1679.98 0.18 2284457 415072.1 19.81 350 50.02 0.18 50306 10582.24 19.81 112 0 198 16800 0 29700 23.2 24.0 23.8 0.01
135900.0 310 31.57 0.15 50996 4804.1 0.36 15192 1679.9 0.18 2299649 416752.0 19.81 310 49.97 0.18 50616 10632.21 19.81 112 0 198 16912 0 29898 23.3 24.0 23.83 0.01
136800.0 310 31.57 0.15 51306 4835.67 0.36 15190 1679.78 0.18 2314839 418431.78 19.81 310 49.98 0.18 50926 10682.18 19.81 112 0 198 17024 0 30096 23.3 24.0 23.84 0.01
137700.0 376 31.71 0.15 51682 4867.38 0.36 15250 1679.81 0.18 2330089 420111.58 19.81 370 50.03 0.18 51296 10732.22 19.81 112 0 198 17136 0 30294 23.3 24.0 23.85 0.01
138600.0 354 32.35 0.36 52036 4899.73 0.36 15226 1679.66 0.18 2345315 421791.24 19.81 350 50.02 0.18 51646 10782.23 19.81 112 0 198 17248 0 30492 23.3 24.0 23.85 0.01
139500.0 310 31.57 0.15 52346 4931.3 0.36 15185 1679.42 0.18 2360500 423470.66 19.81 310 49.97 0.18 51956 10832.2 19.81 112 0 198 17360 0 30690 23.4 24.0 23.85 0.01
140400.0 310 31.57 0.15 52656 4962.87 0.36 15185 1679.46 0.18 2375685 425150.12 19.81 310 49.98 0.18 52266 10882.18 19.81 112 0 198 17472 0 30888 23.4 24.0 23.86 0.01
141300.0 376 31.71 0.15 53032 4994.58 0.36 15241 1679.33 0.18 2390926 426829.44 19.81 370 50.03 0.18 52636 10932.21 19.81 112 0 198 17584 0 31086 23.4 24.0 23.86 0.01
142200.0 354 32.35 0.36 53386 5026.93 0.36 15221 1679.34 0.18 2406147 428508.78 19.81 350 50.02 0.18 52986 10982.23 19.81 112 0 198 17696 0 31284 23.4 24.0 23.86 0.01
143100.0 310 31.57 0.15 53696 5058.5 0.36 15181 1679.26 0.18 2421328 430188.04 19.81 310 49.97 0.18 53296 11032.2 19.81 112 0 198 17808 0 31482 23.5 24.0 23.88 0.01
144000.0 310 31.57 0.15 54006 5090.07 0.36 15179 1679.3 0.18 2436507 431867.34 19.81 310 49.98 0.18 53606 11082.17 19.81 112 0 198 17920 0 31680 23.5 24.0 23.88 0.01
144900.0 376 31.71 0.15 54382 5121.78 0.36 15239 1679.33 0.18 2451746 433546.67 19.81 370 50.03 0.18 53976 11132.2 19.81 112 0 198 18032 0 31878 23.5 24.0 23.88 0.01
145800.0 354 32.35 0.36 54736 5154.12 0.36 15219 1679.34 0.18 2466965 435226.01 19.81 350 50.02 0.18 54326 11182.22 19.81 112 0 198 18144 0 32076 23.5 24.0 23.88 0.01
146700.0 310 31.57 0.15 55046 5185.69 0.36 15177 1679.26 0.18 2482142 436905.26 19.81 310 49.97 0.18 54636 11232.19 19.81 112 0 198 18256 0 32274 23.6 24.0 23.89 0.01
147600.0 310 31.57 0.15 55356 5217.26 0.36 15176 1679.3 0.18 2497318 438584.56 19.81 310 49.98 0.18 54946 11282.16 19.81 112 0 198 18368 0 32472 23.6 24.0 23.89 0.01
148500.0 376 31.71 0.15 55732 5248.97 0.36 15235 1679.33 0.18 2512553 440263.89 19.81 370 50.03 0.18 55316 11332.19 19.81 112 0 198 18480 0 32670 23.6 24.0 23.89 0.01
149400.0 354 32.35 0.36 56086 5281.32 0.36 15211 1679.34 0.18 2527764 441943.23 19.81 350 50.02 0.18 55666 11382.21 19.81 112 0 198 18592 0 32868 23.6 24.0 23.89 0.01
150300.0 310 31.57 0.15 56396 5312.89 0.36 15171 1679.26 0.18 2542935 443622.48 19.81 310 49.97 0.18 55976 11432.18 19.81 112 0 198 18704 0 33066 23.7 24.0 23.89 0.01
151200.0 310 31.57 0.15 56706 5344.46 0.36 15169 1679.14 0.18 2558104 445301.62 19.81 310 49.98 0.18 56286 11482.16 19.81 112 0 198 18816 0 33264 23.7 24.0 23.9 0.01
152100.0 376 31.71 0.15 57082 5376.17 0.36 15227 1679.01 0.18 2573331 446980.63 19.81 370 50.03 0.18 56656 11532.19 19.81 112 0 198 18928 0 33462 23.7 24.0 23.9 0.01
153000.0 354 32.35 0.36 57436 5408.52 0.36 15207 1679.02 0.18 2588538 448659.65 19.81 350 50.02 0.18 57006 11582.2 19.81 112 0 198 19040 0 33660 23.7 24.0 23.9 0.01
153900.0 310 31.57 0.15 57746 5440.09 0.36 15164 1678.78 0.18 2603702 450338.43 19.81 310 49.97 0.18 57316 11632.17 19.81 112 0 198 19152 0 33858 23.6 24.0 23.89 0.01
154800.0 310 31.57 0.15 58056 5471.65 0.36 15162 1678.82 0.18 2618864 452017.24 19.81 310 49.98 0.18 57626 11682.15 19.81 112 0 198 19264 0 34056 23.6 24.0 23.89 0.01
155700.0 376 31.71 0.15 58432 5503.37 0.36 15222 1678.85 0.18 2634086 453696.09 19.81 370 50.03 0.18 57996 11732.18 19.81 112 0 198 19376 0 34254 23.6 24.0 23.89 0.01
156600.0 354 32.35 0.36 58786 5535.71 0.36 15201 1678.86 0.18 2649287 455374.95 19.81 350 50.02 0.18 58346 11782.2 19.81 112 0 198 19488 0 34452 23.6 24.0 23.89 0.01
157500.0 310 31.57 0.15 59096 5567.28 0.36 15159 1678.78 0.18 2664446 457053.73 19.81 310 49.97 0.18 58656 11832.17 19.81 112 0 198 19600 0 34650 23.5 24.0 23.88 0.01
158400.0 310 31.57 0.15 59406 5598.85 0.36 15159 1678.82 0.18 2679605 458732.54 19.81 310 49.98 0.18 58966 11882.14 19.81 112 0 198 19712 0 34848 23.5 24.0 23.88 0.01
159300.0 376 31.71 0.15 59782 5630.56 0.36 15219 1678.85 0.18 2694824 460411.39 19.81 370 50.03 0.18 59336 11932.17 19.81 112 0 198 19824 0 35046 23.5 24.0 23.88 0.01
160200.0 354 32.35 0.36 60136 5662.91 0.36 15197 1678.7 0.18 2710021 462090.09 19.81 350 50.02 0.18 59686 11982.19 19.81 112 0 198 19936 0 35244 23.5 24.0 23.88 0.01
161100.0 310 31.57 0.15 60446 5694.48 0.36 15157 1678.62 0.18 2725178 463768.71 19.81 310 49.97 0.18 59996 12032.16 19.81 112 0 198 20048 0 35442 23.4 24.0 23.86 0.01
162000.0 310 31.57 0.15 60756 5726.05 0.36 15157 1678.66 0.18 2740335 465447.36 19.81 310 49.98 0.18 60306 12082.13 19.81 112 0 198 20160 0 35640 23.4 24.0 23.86 0.01
162900.0 376 31.71 0.15 61132 5757.76 0.36 15217 1678.68 0.18 2755552 467126.04 19.81 370 50.03 0.18 60676 12132.17 19.81 112 0 198 20272 0 35838 23.4 24.0 23.86 0.01
163800.0 354 32.35 0.36 61486 5790.1 0.36 15197 1678.7 0.18 2770749 468804.74 19.81 350 50.02 0.18 61026 12182.18 19.81 112 0 198 20384 0 36036 23.4 24.0 23.86 0.01
164700.0 310 31.57 0.15 61796 5821.67 0.36 15156 1678.62 0.18 2785905 470483.36 19.81 310 49.97 0.18 61336 12232.15 19.81 112 0 198 20496 0 36234 23.3 24.0 23.83 0.02
165600.0 310 31.57 0.15 62106 5853.24 0.36 15152 1678.5 0.18 2801057 472161.86 19.81 310 49.98 0.18 61646 12282.13 19.81 112 0 198 20608 0 36432 23.3 24.0 23.82 0.02
166500.0 376 31.71 0.15 62482 5884.95 0.36 15212 1678.53 0.18 2816269 473840.38 19.81 370 50.03 0.18 62016 12332.16 19.81 112 0 198 20720 0 36630 23.3 24.0 23.82 0.02
167400.0 354 32.35 0.36 62836 5917.3 0.36 15191 1678.54 0.18 2831460 475518.92 19.81 350 50.02 0.18 62366 12382.18 19.81 112 0 198 20832 0 36828 23.3 24.0 23.82 0.02
168300.0 310 31.57 0.15 63146 5948.87 0.36 15151 1678.46 0.18 2846611 477197.38 19.81 310 49.97 0.18 62676 12432.14 19.81 112 0 198 20944 0 37026 23.2 24.0 23.8 0.02
169200.0 310 31.57 0.15 63456 5980.44 0.36 15149 1678.18 0.18 2861760 478875.56 19.81 310 49.98 0.18 62986 12482.12 19.81 112 0 198 21056 0 37224 23.2 24.0 23.79 0.02
170100.0 376 31.71 0.15 63832 6012.15 0.36 15208 1678.2 0.18 2876968 480553.76 19.81 370 50.03 0.18 63356 12532.15 19.81 112 0 198 21168 0 37422 23.2 24.0 23.79 0.02
171000.0 354 32.35 0.36 64186 6044.49 0.36 15186 1678.06 0.18 2892154 482231.82 19.81 350 50.02 0.18 63706 12582.17 19.81 112 0 198 21280 0 37620 23.2 24.0 23.79 0.02
171900.0 310 31.57 0.15 64496 6076.06 0.36 15145 1677.98 0.18 2907299 483909.79 19.81 310 49.97 0.18 64016 12632.14 19.81 112 0 198 21392 0 37818 23.1 24.0 23.76 0.03
172800.0 310 31.57 0.15 64806 6107.63 0.36 15143 1677.86 0.18 2922442 485587.65 19.81 310 49.98 0.18 64326 12682.11 19.81 112 0 198 21504 0 38016 23.1 24.0 23.74 0.03
173700.0 376 31.71 0.15 65182 6139.34 0.36 15201 1677.89 0.18 2937643 487265.54 19.81 370 50.03 0.18 64696 12732.14 19.81 112 0 198 21616 0 38214 23.1 24.0 23.74 0.02
174600.0 354 32.35 0.36 65536 6171.69 0.36 15180 1677.9 0.18 2952823 488943.44 19.81 350 50.02 0.18 65046 12782.16 19.81 112 0 198 21728 0 38412 23.1 24.0 23.74 0.02
175500.0 310 31.57 0.15 65846 6203.26 0.36 15139 1677.82 0.18 2967962 490621.25 19.81 310 49.97 0.18 65356 12832.13 19.81 112 0 198 21840 0 38610 23.0 24.0 23.71 0.03
176400.0 310 31.57 0.15 66156 6234.83 0.36 15135 1677.7 0.18 2983097 492298.95 19.81 310 49.98 0.18 65666 12882.11 19.81 112 0 198 21952 0 38808 22.9 24.0 23.68 0.03
177300.0 376 31.71 0.15 66532 6266.54 0.36 15190 1677.57 0.18 2998287 493976.52 19.81 370 50.03 0.18 66036 12932.14 19.81 112 0 198 22064 0 39006 22.9 23.9 23.68 0.03
178200.0 354 32.35 0.36 66886 6298.89 0.36 15167 1677.42 0.18 3013454 495653.94 19.81 350 50.02 0.18 66386 12982.15 19.81 112 0 198 22176 0 39204 22.9 23.9 23.68 0.03
179100.0 310 31.57 0.15 67196 6330.46 0.36 15125 1676.7 0.18 3028579 497330.63 19.81 310 49.97 0.18 66696 13032.12 19.81 112 0 198 22288 0 39402 22.9 23.9 23.62 0.03
180000.0 310 31.57 0.15 67506 6362.02 0.36 15128 1677.22 0.18 3043707 499007.85 19.81 310 49.98 0.18 67006 13082.1 19.81 112 0 198 22400 0 39600 22.8 23.9 23.58 0.03
180900.0 376 31.71 0.15 67882 6393.74 0.36 15188 1677.25 0.18 3058895 500685.1 19.81 370 50.03 0.18 67376 13132.13 19.81 112 0 198 22512 0 39798 22.8 23.9 23.58 0.02
181800.0 354 32.35 0.36 68236 6426.08 0.36 15163 1677.1 0.18 3074058 502362.2 19.81 350 50.02 0.18 67726 13182.15 19.81 112 0 198 22624 0 39996 22.8 23.9 23.58 0.02
182700.0 310 31.57 0.15 68546 6457.65 0.36 15124 1676.54 0.18 3089182 504038.73 19.81 310 49.97 0.18 68036 13232.12 19.81 112 0 198 22736 0 40194 22.8 23.8 23.51 0.03
183600.0 310 31.57 0.15 68856 6489.22 0.36 15129 1677.06 0.18 3104311 505715.79 19.81 310 49.98 0.18 68346 13282.09 19.81 112 0 198 22848 0 40392 22.7 23.8 23.44 0.02
184500.0 376 31.71 0.15 69232 6520.93 0.36 15186 1676.93 0.18 3119497 507392.72 19.81 370 50.03 0.18 68716 13332.12 19.81 112 0 198 22960 0 40590 22.7 23.8 23.44 0.02
185400.0 354 32.35 0.36 69586 6553.28 0.36 15160 1676.94 0.18 3134657 509069.65 19.81 350 50.02 0.18 69066 13382.14 19.81 112 0 198 23072 0 40788 22.7 23.8 23.44 0.02
186300.0 310 31.57 0.15 69896 6584.85 0.36 15125 1676.86 0.18 3149782 510746.51 19.81 310 49.97 0.18 69376 13432.11 19.81 112 0 198 23184 0 40986 22.7 23.7 23.35 0.03
187200.0 310 31.57 0.15 70206 6616.42 0.36 15124 1676.9 0.18 3164906 512423.41 19.81 310 49.98 0.18 69686 13482.08 19.81 112 0 198 23296 0 41184 22.4 23.7 23.27 0.02
188100.0 376 31.71 0.15 70582 6648.13 0.36 15183 1676.93 0.18 3180089 514100.33 19.81 370 50.03 0.18 70056 13532.12 19.81 112 0 198 23408 0 41382 22.4 23.7 23.26 0.02
189000.0 354 32.35 0.36 70936 6680.48 0.36 15159 1676.78 0.18 3195248 515777.11 19.81 350 50.02 0.18 70406 13582.13 19.81 112 0 198 23520 0 41580 22.4 23.7 23.26 0.02
189900.0 310 31.57 0.15 71246 6712.04 0.36 15115 1676.7 0.18 3210363 517453.81 19.81 310 49.97 0.18 70716 13632.1 19.81 112 0 198 23632 0 41778 22.4 23.5 23.13 0.03
190800.0 310 31.57 0.15 71556 6743.61 0.36 15111 1676.26 0.18 3225474 519130.07 19.81 310 49.98 0.18 71026 13682.08 19.81 112 0 198 23744 0 41976 22.1 23.5 23.02 0.03
191700.0 376 31.71 0.15 71932 6775.33 0.36 15168 1676.12 0.18 3240642 520806.19 19.81 370 50.03 0.18 71396 13732.11 19.81 112 0 198 23856 0 42174 22.1 23.5 23.01 0.03
192600.0 354 32.35 0.36 72286 6807.67 0.36 15136 1675.5 0.18 3255778 522481.69 19.81 350 50.02 0.18 71746 13782.12 19.81 112 0 198 23968 0 42372 22.1 23.5 23.01 0.03
193500.0 310 31.57 0.15 72596 6839.24 0.36 15103 1675.74 0.18 3270881 524157.43 19.81 310 49.97 0.18 72056 13832.09 19.81 112 0 198 24080 0 42570 22.1 23.3 22.86 0.03
194400.0 310 31.57 0.15 72906 6870.81 0.36 15104 1676.1 0.18 3285985 525833.53 19.81 310 49.98 0.18 72366 13882.07 19.81 112 0 198 24192 0 42768 22.0 23.3 22.73 0.03
195300.0 376 31.71 0.15 73282 6902.52 0.36 15154 1675.32 0.18 3301139 527508.85 19.81 370 50.03 0.18 72736 13932.1 19.81 112 0 198 24304 0 42966 22.0 23.3 22.73 0.02
196200.0 354 32.35 0.36 73636 6934.87 0.36 15132 1675.18 0.18 3316271 529184.03 19.81 350 50.02 0.18 73086 13982.12 19.81 112 0 198 24416 0 43164 22.0 23.3 22.72 0.02
197100.0 310 31.57 0.15 73946 6966.44 0.36 15098 1675.58 0.18 3331369 530859.61 19.81 310 49.97 0.18 73396 14032.09 19.81 112 0 198 24528 0 43362 22.0 23.1 22.57 0.02
198000.0 310 31.57 0.15 74256 6998.01 0.36 15083 1674.5 0.18 3346452 532534.1 19.81 310 49.98 0.18 73706 14082.06 19.81 112 0 198 24640 0 43560 22.0 23.1 22.42 0.03
198900.0 376 31.71 0.15 74632 7029.72 0.36 15140 1674.52 0.18 3361592 534208.63 19.81 370 50.03 0.18 74076 14132.09 19.81 112 0 198 24752 0 43758 22.0 23.1 22.42 0.03
199800.0 354 32.35 0.36 74986 7062.06 0.36 15120 1674.54 0.18 3376712 535883.17 19.81 350 50.02 0.18 74426 14182.11 19.81 112 0 198 24864 0 43956 22.0 23.1 22.41 0.03
200700.0 310 31.57 0.15 75296 7093.63 0.36 15081 1674.46 0.18 3391793 537557.62 19.81 310 49.97 0.18 74736 14232.08 19.81 112 0 198 24976 0 44154 22.0 22.8 22.26 0.01
201600.0 310 31.57 0.15 75606 7125.2 0.36 15082 1674.66 0.18 3406875 539232.28 19.81 310 49.98 0.18 75046 14282.06 19.81 112 0 198 25088 0 44352 22.0 22.8 22.18 0.02
202500.0 376 31.71 0.15 75982 7156.92 0.36 15142 1674.68 0.18 3422017 540906.97 19.81 370 50.03 0.18 75416 14332.09 19.81 112 0 198 25200 0 44550 22.0 22.8 22.18 0.02
203400.0 354 32.35 0.36 76336 7189.26 0.36 15117 1674.54 0.18 3437134 542581.5 19.81 350 50.02 0.18 75766 14382.1 19.81 112 0 198 25312 0 44748 22.0 22.8 22.18 0.02
204300.0 310 31.57 0.15 76646 7220.83 0.36 15087 1674.78 0.18 3452221 544256.28 19.81 310 49.97 0.18 76076 14432.07 19.81 112 0 198 25424 0 44946 22.0 22.6 22.07 0.01
205200.0 310 31.57 0.15 76956 7252.4 0.36 15087 1674.82 0.18 3467308 545931.1 19.81 310 49.98 0.18 76386 14482.05 19.81 112 0 198 25536 0 45144 22.0 22.6 22.06 0.01
206100.0 376 31.71 0.15 77332 7284.11 0.36 15146 1674.84 0.18 3482454 547605.94 19.81 370 50.03 0.18 76756 14532.08 19.81 112 0 198 25648 0 45342 22.0 22.6 22.06 0.01
207000.0 354 32.35 0.36 77686 7316.45 0.36 15111 1674.06 0.18 3497565 549280.0 19.81 350 50.02 0.18 77106 14582.1 19.81 112 0 198 25760 0 45540 22.0 22.6 22.06 0.01
207900.0 310 31.57 0.15 77996 7348.02 0.36 15081 1674.14 0.18 3512646 550954.13 19.81 310 49.97 0.18 77416 14632.07 19.81 112 0 198 25872 0 45738 22.0 22.2 22.02 0.0
208800.0 310 31.57 0.15 78306 7379.59 0.36 15078 1674.02 0.18 3527724 552628.15 19.81 310 49.98 0.18 77726 14682.04 19.81 112 0 198 25984 0 45936 22.0 22.2 22.02 0.0
209700.0 376 31.71 0.15 78682 7411.31 0.36 15137 1674.04 0.18 3542861 554302.19 19.81 370 50.03 0.18 78096 14732.07 19.81 112 0 198 26096 0 46134 22.0 22.2 22.02 0.0
210600.0 354 32.35 0.36 79036 7443.65 0.36 15107 1673.9 0.18 3557968 555976.09 19.81 350 50.02 0.18 78446 14782.09 19.81 112 0 198 26208 0 46332 22.0 22.2 22.02 0.0
211500.0 310 31.57 0.15 79346 7475.22 0.36 15067 1673.5 0.18 3573035 557649.59 19.81 310 49.97 0.18 78756 14832.06 19.81 112 0 198 26320 0 46530 22.0 22.0 22.0 0.0
212400.0 310 31.57 0.15 79656 7506.79 0.36 15066 1673.54 0.18 3588101 559323.13 19.81 310 49.98 0.18 79066 14882.03 19.81 112 0 198 26432 0 46728 22.0 22.0 22.0 0.0
213300.0 376 31.71 0.15 80032 7538.5 0.36 15122 1673.24 0.18 3603223 560996.36 19.81 370 50.03 0.18 79436 14932.06 19.81 112 0 198 26544 0 46926 22.0 22.0 22.0 0.0
214200.0 354 32.35 0.36 80386 7570.84 0.36 15090 1673.1 0.18 3618313 562669.46 19.81 350 50.02 0.18 79786 14982.08 19.81 112 0 198 26656 0 47124 22.0 22.0 22.0 0.0
215100.0 310 31.57 0.15 80696 7602.41 0.36 15049 1673.02 0.18 3633362 564342.48 19.81 310 49.97 0.18 80096 15032.05 19.81 112 0 198 26768 0 47322 22.0 22.0 22.0 0.0
216000.0 310 31.57 0.15 81006 7633.98 0.36 15044 1672.74 0.18 3648406 566015.22 19.81 310 49.98 0.18 80406 15082.03 19.81 112 0 198 26880 0 47520 22.0 22.0 22.0 0.0
216900.0 376 31.71 0.15 81382 7665.7 0.36 15101 1672.6 0.18 3663507 567687.82 19.81 370 50.03 0.18 80776 15132.06 19.81 112 0 198 26992 0 47718 22.0 22.0 22.0 0.0
217800.0 354 32.35 0.36 81736 7698.04 0.36 15079 1672.46 0.18 3678586 569360.28 19.81 350 50.02 0.18 81126 15182.07 19.81 112 0 198 27104 0 47916 22.0 22.0 22.0 0.0
218700.0 310 31.57 0.15 82046 7729.61 0.36 15031 1671.9 0.18 3693617 571032.17 19.81 310 49.97 0.18 81436 15232.04 19.81 112 0 198 27216 0 48114 22.0 22.0 22.0 0.0
219600.0 310 31.57 0.15 82356 7761.18 0.36 15027 1671.78 0.18 3708644 572703.95 19.81 310 49.98 0.18 81746 15282.02 19.81 112 0 198 27328 0 48312 22.0 22.0 22.0 0.0
220500.0 376 31.71 0.15 82732 7792.89 0.36 15076 1670.68 0.18 3723720 574374.64 19.81 370 50.03 0.18 82116 15332.05 19.81 112 0 198 27440 0 48510 22.0 22.0 22.0 0.0
221400.0 354 32.35 0.36 83086 7825.24 0.36 15053 1672.19 0.18 3738773 576046.83 19.81 350 50.05 0.18 82466 15382.1 19.81 112 0 198 27552 0 48708 21.2 22.0 21.99 0.0
222300.0 310 31.57 0.15 83396 7856.81 0.36 15114 1678.86 0.18 3753887 577725.68 19.81 310 50.02 0.18 82776 15432.12 19.81 112 0 198 27664 0 48906 20.4 22.0 21.29 0.08
223200.0 310 31.57 0.15 83706 7888.38 0.36 15143 1680.5 0.18 3769030 579406.18 19.81 310 50.03 0.18 83086 15482.14 19.81 112 0 198 27776 0 49104 19.9 22.0 20.58 0.16
224100.0 376 31.71 0.15 84082 7920.1 0.36 15203 1680.53 0.18 3784233 581086.71 19.81 370 50.08 0.18 83456 15532.22 19.81 112 0 198 27888 0 49302 19.8 21.8 20.55 0.13
225000.0 354 32.35 0.36 84436 7952.45 0.36 15181 1679.86 0.18 3799414 582766.57 19.81 350 50.06 0.18 83806 15582.28 19.81 112 0 198 28000 0 49500 19.8 21.8 20.55 0.13
225900.0 310 31.57 0.15 84746 7984.02 0.36 15142 1680.09 0.18 3814556 584446.66 19.81 310 50.02 0.18 84116 15632.29 19.81 112 0 198 28112 0 49698 19.8 21.7 20.49 0.12
226800.0 310 31.57 0.15 85056 8015.59 0.36 15144 1680.29 0.18 3829700 586126.95 19.81 310 50.02 0.18 84426 15682.32 19.81 112 0 198 28224 0 49896 19.8 21.7 20.45 0.14
227700.0 376 31.71 0.15 85432 8047.3 0.36 15204 1680.32 0.18 3844904 587807.27 19.81 370 50.08 0.18 84796 15732.39 19.81 112 0 198 28336 0 50094 19.8 21.7 20.45 0.14
228600.0 354 32.35 0.36 85786 8079.65 0.36 15180 1680.82 0.18 3860084 589488.09 19.81 350 50.08 0.18 85146 15782.47 19.81 112 0 198 28448 0 50292 19.8 21.7 20.45 0.14
229500.0 310 31.57 0.15 86096 8111.22 0.36 15141 1680.06 0.18 3875225 591168.15 19.81 310 50.01 0.18 85456 15832.48 19.81 112 0 198 28560 0 50490 19.8 21.6 20.43 0.14
230400.0 310 31.57 0.15 86406 8142.8 0.36 15140 1680.1 0.18 3890365 592848.26 19.81 310 50.02 0.18 85766 15882.5 19.81 112 0 198 28672 0 50688 19.8 21.6 20.44 0.14
231300.0 376 31.71 0.15 86782 8174.51 0.36 15198 1679.96 0.18 3905563 594528.22 19.81 370 50.08 0.18 86136 15932.58 19.81 112 0 198 28784 0 50886 19.8 21.6 20.44 0.14
232200.0 354 32.35 0.36 87136 8206.86 0.36 15175 1679.62 0.18 3920738 596207.84 19.81 350 50.06 0.18 86486 15982.64 19.81 112 0 198 28896 0 51084 19.8 21.6 20.44 0.14
233100.0 310 31.57 0.15 87446 8238.43 0.36 15136 1680.05 0.18 3935874 597887.89 19.81 310 50.02 0.18 86796 16032.66 19.81 112 0 198 29008 0 51282 19.8 21.5 20.47 0.15
234000.0 310 31.57 0.15 87756 8270.0 0.36 15133 1680.09 0.18 3951007 599567.98 19.81 310 50.03 0.18 87106 16082.69 19.81 112 0 198 29120 0 51480 19.8 21.5 20.48 0.15
234900.0 376 31.71 0.15 88132 8301.71 0.36 15193 1680.12 0.18 3966200 601248.09 19.81 370 50.09 0.18 87476 16132.78 19.81 112 0 198 29232 0 51678 19.8 21.5 20.48 0.15
235800.0 354 32.35 0.36 88486 8334.06 0.36 15167 1679.09 0.18 3981367 602927.18 19.81 350 50.05 0.18 87826 16182.83 19.81 112 0 198 29344 0 51876 19.8 21.5 20.48 0.15
236700.0 310 31.57 0.15 88796 8365.63 0.36 15132 1678.2 0.18 3996499 604605.39 19.81 310 49.99 0.18 88136 16232.82 19.81 112 0 198 29456 0 52074 19.8 21.4 20.5 0.16
237600.0 310 31.57 0.15 89106 8397.2 0.36 15134 1678.4 0.18 4011633 606283.79 19.81 310 49.99 0.18 88446 16282.81 19.81 112 0 198 29568 0 52272 19.8 21.4 20.54 0.15
238500.0 376 31.71 0.15 89482 8428.91 0.36 15190 1678.1 0.18 4026823 607961.89 19.81 370 50.05 0.18 88816 16332.86 19.81 112 0 198 29680 0 52470 19.7 21.4 20.54 0.15
239400.0 354 32.35 0.36 89836 8461.26 0.36 15159 1678.38 0.18 4041982 609640.27 19.81 350 50.05 0.18 89166 16382.91 19.81 112 0 198 29792 0 52668 19.7 21.4 20.54 0.15
240300.0 310 31.57 0.15 90146 8492.83 0.36 15122 1678.78 0.18 4057104 611319.05 19.81 310 50.0 0.18 89476 16432.92 19.81 112 0 198 29904 0 52866 19.7 21.6 20.56 0.16
241200.0 310 31.57 0.15 90456 8524.4 0.36 15117 1678.66 0.18 4072221 612997.71 19.81 310 50.01 0.18 89786 16482.93 19.81 112 0 198 30016 0 53064 19.7 21.6 20.59 0.15
242100.0 376 31.71 0.15 90832 8556.12 0.36 15176 1678.53 0.18 4087397 614676.24 19.81 370 50.07 0.18 90156 16533.0 19.81 112 0 198 30128 0 53262 19.7 21.6 20.59 0.15
243000.0 354 32.35 0.36 91186 8588.46 0.36 15148 1677.46 0.18 4102545 616353.7 19.81 350 50.04 0.18 90506 16583.04 19.81 112 0 198 30240 0 53460 19.7 21.6 20.59 0.15
243900.0 310 31.57 0.15 91496 8620.04 0.36 15109 1677.85 0.18 4117654 618031.55 19.81 310 50.01 0.18 90816 16633.05 19.81 112 0 198 30352 0 53658 19.7 21.8 20.6 0.17
244800.0 310 31.57 0.15 91806 8651.61 0.36 15117 1678.21 0.18 4132771 619709.76 19.81 310 50.01 0.18 91126 16683.06 19.81 112 0 198 30464 0 53856 19.7 21.8 20.64 0.16
245700.0 376 31.71 0.15 92182 8683.32 0.36 15177 1678.24 0.18 4147948 621387.99 19.81 370 50.07 0.18 91496 16733.13 19.81 112 0 198 30576 0 54054 19.6 21.8 20.64 0.17
246600.0 354 32.35 0.36 92536 8715.67 0.36 15142 1678.44 0.18 4163090 623066.44 19.81 350 50.07 0.18 91846 16783.2 19.81 112 0 198 30688 0 54252 19.6 21.8 20.64 0.17
247500.0 310 31.57 0.15 92846 8747.24 0.36 15103 1677.54 0.18 4178193 624743.97 19.81 310 50.01 0.18 92156 16833.22 19.81 112 0 198 30800 0 54450 19.6 21.9 20.61 0.17
248400.0 310 31.57 0.15 93156 8778.81 0.36 15102 1677.42 0.18 4193295 626421.39 19.81 310 50.02 0.18 92466 16883.23 19.81 112 0 198 30912 0 54648 19.6 21.9 20.62 0.18
249300.0 376 31.71 0.15 93532 8810.53 0.36 15160 1677.28 0.18 4208455 628098.67 19.81 370 50.07 0.18 92836 16933.31 19.81 112 0 198 31024 0 54846 19.5 21.9 20.62 0.18
250200.0 354 32.35 0.36 93886 8842.87 0.36 15126 1676.17 0.18 4223581 629774.85 19.81 350 50.05 0.18 93186 16983.35 19.81 112 0 198 31136 0 55044 19.5 21.9 20.62 0.18
251100.0 310 31.57 0.15 94196 8874.45 0.36 15100 1676.59 0.18 4238681 631451.44 19.81 310 50.0 0.18 93496 17033.36 19.81 112 0 198 31248 0 55242 19.5 22.0 20.58 0.19
252000.0 310 31.57 0.15 94506 8906.02 0.36 15102 1677.43 0.18 4253783 633128.87 19.81 310 50.01 0.18 93806 17083.36 19.81 112 0 198 31360 0 55440 19.5 22.0 20.57 0.21
252900.0 376 31.71 0.15 94882 8937.73 0.36 15161 1677.46 0.18 4268944 634806.33 19.81 370 50.06 0.18 94176 17133.43 19.81 112 0 198 31472 0 55638 19.5 22.0 20.57 0.21
253800.0 354 32.35 0.36 95236 8970.08 0.36 15126 1677.41 0.18 4284070 636483.74 19.81 350 50.05 0.18 94526 17183.48 19.81 112 0 198 31584 0 55836 19.5 22.0 20.57 0.21
254700.0 310 31.57 0.15 95546 9001.65 0.36 15135 1679.39 0.18 4299205 638163.13 19.81 310 50.01 0.18 94836 17233.49 19.81 112 0 198 31696 0 56034 19.5 21.8 20.44 0.21
255600.0 310 31.57 0.15 95856 9033.22 0.36 15144 1680.07 0.18 4314349 639843.2 19.81 310 50.02 0.18 95146 17283.51 19.81 112 0 198 31808 0 56232 19.5 21.8 20.4 0.22
256500.0 376 31.71 0.15 96232 9064.94 0.36 15204 1680.1 0.18 4329553 641523.3 19.81 370 50.07 0.18 95516 17333.58 19.81 112 0 198 31920 0 56430 19.3 21.8 20.4 0.23
257400.0 354 32.35 0.36 96586 9097.28 0.36 15155 1677.8 0.18 4344708 643201.1 19.81 350 50.04 0.18 95866 17383.63 19.81 112 0 198 32032 0 56628 19.3 21.8 20.4 0.23
258300.0 310 31.57 0.15 96896 9128.85 0.36 15147 1679.67 0.18 4359855 644880.77 19.81 310 50.01 0.18 96176 17433.63 19.81 112 0 198 32144 0 56826 19.3 21.8 20.24 0.22
259200.0 310 31.57 0.15 97206 9160.43 0.36 15157 1680.35 0.18 4375012 646561.12 19.81 310 50.01 0.18 96486 17483.65 19.81 112 0 198 32256 0 57024 19.3 21.8 20.16 0.25
260100.0 376 31.71 0.15 97582 9192.14 0.36 15217 1680.38 0.18 4390229 648241.5 19.81 370 50.07 0.18 96856 17533.72 19.81 112 0 198 32368 0 57222 19.2 21.6 20.15 0.25
261000.0 356 32.42 0.36 97938 9224.56 0.36 15506 151741.7 19.78 4405735 799983.2 19.81 352 3074.91 19.78 97208 20608.63 19.81 112 0 198 32480 0 57420 19.2 21.6 20.15 0.25
261900.0 310 31.57 0.15 98248 9256.13 0.36 15182 1682.05 0.18 4420917 801665.25 19.81 310 50.03 0.18 97518 20658.65 19.81 112 0 198 32592 0 57618 18.9 21.6 19.78 0.22
262800.0 310 31.57 0.15 98558 9287.7 0.36 15184 1682.25 0.18 4436101 803347.5 19.81 310 50.03 0.18 97828 20708.68 19.81 112 0 198 32704 0 57816 18.9 21.6 19.64 0.25
263700.0 376 31.71 0.15 98934 9319.42 0.36 15244 1682.28 0.18 4451345 805029.78 19.81 370 50.09 0.18 98198 20758.77 19.81 112 0 198 32816 0 58014 18.9 20.8 19.64 0.24
264600.0 356 32.43 0.36 99290 9351.84 0.36 15533 151718.86 19.78 4466878 956748.64 19.81 352 3073.6 19.78 98550 23832.37 19.81 112 0 198 32928 0 58212 18.9 20.8 19.63 0.24
265500.0 310 31.59 0.15 99600 9383.43 0.36 15224 1707.98 0.19 4482102 958456.62 19.81 310 50.51 0.19 98860 23882.88 19.81 112 0 198 33040 0 58410 17.3 20.7 18.29 0.26
266400.0 310 31.59 0.15 99910 9415.02 0.36 15241 1708.82 0.19 4497343 960165.44 19.81 310 50.52 0.19 99170 23933.4 19.81 112 0 198 33152 0 58608 17.3 20.0 17.83 0.05
267300.0 376 31.73 0.15 100286 9446.76 0.36 15301 1708.85 0.19 4512644 961874.29 19.81 370 50.58 0.19 99540 23983.98 19.81 112 0 198 33264 0 58806 17.3 18.8 17.81 0.02
268200.0 356 32.44 0.36 100642 9479.2 0.36 15591 151569.62 19.77 4528235 1113443.91 19.81 352 3071.1 19.77 99892 27055.07 19.81 112 0 198 33376 0 59004 17.3 18.8 17.81 0.02
269100.0 310 31.59 0.15 100952 9510.79 0.36 15232 1704.3 0.19 4543467 1115148.22 19.81 310 50.43 0.19 100202 27105.51 19.81 112 0 198 33488 0 59202 17.3 18.8 17.79 0.02
270000.0 310 31.59 0.15 101262 9542.38 0.36 15234 1704.52 0.19 4558701 1116852.73 19.81 310 50.44 0.19 100512 27155.94 19.81 112 0 198 33600 0 59400 17.3 18.7 17.77 0.02
270900.0 376 31.73 0.15 101638 9574.11 0.36 15294 1704.53 0.19 4573995 1118557.26 19.81 370 50.49 0.19 100882 27206.44 19.81 112 0 198 33712 0 59598 17.3 18.7 17.77 0.02
271800.0 354 32.36 0.36 101992 9606.47 0.36 15269 1703.65 0.19 4589264 1120260.91 19.81 350 50.46 0.19 101232 27256.9 19.81 112 0 198 33824 0 59796 17.3 18.7 17.77 0.02
272700.0 310 31.59 0.15 102302 9638.06 0.36 15232 1703.4 0.19 4604496 1121964.31 19.81 310 50.42 0.19 101542 27307.32 19.81 112 0 198 33936 0 59994 17.3 18.7 17.75 0.02
273600.0 310 31.59 0.15 102612 9669.65 0.36 15232 1703.61 0.19 4619728 1123667.92 19.81 310 50.42 0.19 101852 27357.74 19.81 112 0 198 34048 0 60192 17.3 18.6 17.74 0.02
274500.0 376 31.73 0.15 102988 9701.38 0.36 15291 1703.63 0.19 4635019 1125371.55 19.81 370 50.48 0.19 102222 27408.22 19.81 112 0 198 34160 0 60390 17.3 18.6 17.74 0.02
275400.0 354 32.37 0.36 103342 9733.75 0.36 15266 1706.91 0.19 4650285 1127078.45 19.81 350 50.53 0.19 102572 27458.75 19.81 112 0 198 34272 0 60588 17.3 18.6 17.74 0.02
276300.0 310 31.59 0.15 103652 9765.34 0.36 15224 1705.03 0.19 4665509 1128783.48 19.81 310 50.45 0.19 102882 27509.21 19.81 112 0 198 34384 0 60786 17.3 18.6 17.72 0.02
277200.0 310 31.59 0.15 103962 9796.92 0.36 15224 1705.07 0.19 4680733 1130488.55 19.81 310 50.46 0.19 103192 27559.66 19.81 112 0 198 34496 0 60984 17.3 18.5 17.71 0.02
278100.0 376 31.73 0.15 104338 9828.65 0.36 15284 1705.09 0.19 4696017 1132193.64 19.81 370 50.51 0.19 103562 27610.17 19.81 112 0 198 34608 0 61182 17.3 18.5 17.71 0.02
279000.0 354 32.36 0.36 104692 9861.02 0.36 15264 1702.6 0.19 4711281 1133896.23 19.81 350 50.45 0.19 103912 27660.62 19.81 112 0 198 34720 0 61380 17.3 18.5 17.71 0.02
279900.0 310 31.59 0.15 105002 9892.61 0.36 15225 1704.14 0.19 4726506 1135600.37 19.81 310 50.43 0.19 104222 27711.05 19.81 112 0 198 34832 0 61578 17.3 18.5 17.7 0.02
280800.0 310 31.59 0.15 105312 9924.19 0.36 15228 1704.52 0.19 4741734 1137304.89 19.81 310 50.44 0.19 104532 27761.49 19.81 112 0 198 34944 0 61776 17.3 18.4 17.69 0.02
281700.0 376 31.73 0.15 105688 9955.93 0.36 15288 1704.53 0.19 4757022 1139009.42 19.81 370 50.49 0.19 104902 27811.99 19.81 112 0 198 35056 0 61974 17.3 18.4 17.69 0.02
282600.0 354 32.37 0.36 106042 9988.29 0.36 15264 1705.11 0.19 4772286 1140714.53 19.81 350 50.49 0.19 105252 27862.48 19.81 112 0 198 35168 0 62172 17.3 18.4 17.69 0.02
283500.0 310 31.59 0.15 106352 10019.88 0.36 15224 1702.41 0.19 4787510 1142416.94 19.81 310 50.4 0.19 105562 27912.87 19.81 112 0 198 35280 0 62370 17.3 18.4 17.68 0.01
284400.0 310 31.59 0.15 106662 10051.46 0.36 15223 1702.44 0.19 4802733 1144119.38 19.81 310 50.4 0.19 105872 27963.27 19.81 112 0 198 35392 0 62568 17.3 18.3 17.68 0.01
285300.0 376 31.73 0.15 107038 10083.19 0.36 15281 1702.48 0.19 4818014 1145821.86 19.81 370 50.46 0.19 106242 28013.73 19.81 112 0 198 35504 0 62766 17.3 18.3 17.68 0.01
286200.0 354 32.36 0.36 107392 10115.56 0.36 15259 1701.36 0.19 4833273 1147523.22 19.81 350 50.42 0.19 106592 28064.15 19.81 112 0 198 35616 0 62964 17.3 18.3 17.68 0.01
287100.0 310 31.59 0.15 107702 10147.14 0.36 15216 1700.81 0.19 4848489 1149224.03 19.81 310 50.38 0.19 106902 28114.54 19.81 112 0 198 35728 0 63162 17.3 18.3 17.67 0.01
288000.0 310 31.59 0.15 108012 10178.73 0.36 15213 1701.01 0.19 4863702 1150925.04 19.81 310 50.39 0.19 107212 28164.93 19.81 112 0 198 35840 0 63360 17.3 18.2 17.67 0.01
288900.0 376 31.73 0.15 108388 10210.46 0.36 15273 1701.04 0.19 4878975 1152626.08 19.81 370 50.45 0.19 107582 28215.37 19.81 112 0 198 35952 0 63558 17.3 18.2 17.67 0.01
289800.0 354 32.37 0.36 108742 10242.82 0.36 15251 1704.15 0.19 4894226 1154330.22 19.81 350 50.5 0.19 107932 28265.87 19.81 112 0 198 36064 0 63756 17.3 18.2 17.67 0.01
290700.0 310 31.59 0.15 109052 10274.41 0.36 15211 1705.37 0.19 4909437 1156035.6 19.81 310 50.48 0.19 108242 28316.36 19.81 112 0 198 36176 0 63954 17.3 18.2 17.66 0.01
291600.0 310 31.59 0.15 109362 10306.0 0.36 15211 1705.43 0.19 4924648 1157741.03 19.81 310 50.49 0.19 108552 28366.85 19.81 112 0 198 36288 0 64152 17.3 18.1 17.66 0.01
292500.0 376 31.73 0.15 109738 10337.74 0.36 15268 1705.44 0.19 4939916 1159446.47 19.81 370 50.55 0.19 108922 28417.39 19.81 112 0 198 36400 0 64350 17.3 18.1 17.66 0.01
293400.0 354 32.37 0.36 110092 10370.1 0.36 15247 1705.47 0.19 4955163 1161151.94 19.81 350 50.53 0.19 109272 28467.92 19.81 112 0 198 36512 0 64548 17.3 18.1 17.66 0.01
294300.0 310 31.59 0.15 110402 10401.69 0.36 15208 1702.97 0.19 4970371 1162854.9 19.81 310 50.44 0.19 109582 28518.36 19.81 112 0 198 36624 0 64746 17.4 18.0 17.66 0.01
295200.0 310 31.59 0.15 110712 10433.28 0.36 15204 1703.02 0.19 4985575 1164557.92 19.81 310 50.44 0.19 109892 28568.8 19.81 112 0 198 36736 0 64944 17.4 18.0 17.66 0.01
296100.0 376 31.73 0.15 111088 10465.01 0.36 15263 1702.87 0.19 5000838 1166260.79 19.81 370 50.5 0.19 110262 28619.3 19.81 112 0 198 36848 0 65142 17.4 18.0 17.66 0.01
297000.0 354 32.37 0.36 111442 10497.38 0.36 15242 1702.9 0.19 5016080 1167963.69 19.81 350 50.48 0.19 110612 28669.78 19.81 112 0 198 36960 0 65340 17.4 18.0 17.66 0.01
297900.0 310 31.59 0.15 111752 10528.97 0.36 15198 1704.57 0.19 5031278 1169668.26 19.81 310 50.48 0.19 110922 28720.26 19.81 112 0 198 37072 0 65538 17.4 18.0 17.66 0.01
298800.0 310 31.59 0.15 112062 10560.56 0.36 15200 1704.95 0.19 5046478 1171373.21 19.81 310 50.49 0.19 111232 28770.75 19.81 112 0 198 37184 0 65736 17.4 18.0 17.66 0.01
299700.0 376 31.73 0.15 112438 10592.29 0.36 15260 1704.96 0.19 5061738 1173078.17 19.81 370 50.55 0.19 111602 28821.3 19.81 112 0 198 37296 0 65934 17.4 18.0 17.66 0.01
300600.0 354 32.37 0.36 112792 10624.66 0.36 15233 1704.35 0.19 5076971 1174782.52 19.81 350 50.53 0.19 111952 28871.83 19.81 112 0 198 37408 0 66132 17.4 18.0 17.66 0.01
301500.0 310 31.59 0.15 113102 10656.25 0.36 15194 1701.35 0.19 5092165 1176483.88 19.81 310 50.43 0.19 112262 28922.26 19.81 112 0 198 37520 0 66330 17.4 17.9 17.66 0.01
302400.0 310 31.59 0.15 113412 10687.84 0.36 15195 1701.41 0.19 5107360 1178185.28 19.81 310 50.44 0.19 112572 28972.7 19.81 112 0 198 37632 0 66528 17.4 17.9 17.67 0.01
303300.0 376 31.73 0.15 113788 10719.57 0.36 15253 1701.42 0.19 5122613 1179886.7 19.81 370 50.49 0.19 112942 29023.19 19.81 112 0 198 37744 0 66726 17.4 17.9 17.67 0.01
304200.0 354 32.36 0.36 114142 10751.93 0.36 15230 1698.94 0.19 5137843 1181585.63 19.81 350 50.43 0.19 113292 29073.62 19.81 112 0 198 37856 0 66924 17.4 17.9 17.67 0.01
305100.0 310 31.59 0.15 114452 10783.52 0.36 15190 1701.26 0.19 5153033 1183286.89 19.81 310 50.43 0.19 113602 29124.05 19.81 112 0 198 37968 0 67122 17.4 17.8 17.66 0.01
306000.0 310 31.59 0.15 114762 10815.11 0.36 15190 1701.32 0.19 5168223 1184988.21 19.81 310 50.44 0.19 113912 29174.49 19.81 112 0 198 38080 0 67320 17.4 17.9 17.67 0.01
306900.0 376 31.73 0.15 115138 10846.84 0.36 15250 1701.33 0.19 5183473 1186689.54 19.81 370 50.49 0.19 114282 29224.98 19.81 112 0 198 38192 0 67518 17.4 17.9 17.67 0.01
307800.0 354 32.37 0.36 115492 10879.21 0.36 15228 1703.87 0.19 5198701 1188393.4 19.81 350 50.53 0.19 114632 29275.51 19.81 112 0 198 38304 0 67716 17.4 17.9 17.67 0.01
308700.0 310 31.59 0.15 115802 10910.8 0.36 15181 1703.61 0.19 5213882 1190097.02 19.81 310 50.48 0.19 114942 29326.0 19.81 112 0 198 38416 0 67914 17.4 17.9 17.67 0.01
309600.0 310 31.59 0.15 116112 10942.39 0.36 15187 1704.15 0.19 5229069 1191801.17 19.81 310 50.49 0.19 115252 29376.49 19.81 112 0 198 38528 0 68112 17.4 17.9 17.68 0.01
310500.0 376 31.73 0.15 116488 10974.12 0.36 15244 1704.16 0.19 5244313 1193505.33 19.81 370 50.55 0.19 115622 29427.03 19.81 112 0 198 38640 0 68310 17.4 17.9 17.68 0.01
311400.0 354 32.37 0.36 116842 11006.49 0.36 15222 1704.19 0.19 5259535 1195209.52 19.81 350 50.53 0.19 115972 29477.57 19.81 112 0 198 38752 0 68508 17.4 17.9 17.68 0.01
312300.0 310 31.59 0.15 117152 11038.08 0.36 15180 1701.37 0.19 5274715 1196910.88 19.81 310 50.44 0.19 116282 29528.0 19.81 112 0 198 38864 0 68706 17.4 17.9 17.68 0.01
313200.0 310 31.59 0.15 117462 11069.67 0.36 15181 1702.06 0.19 5289896 1198612.94 19.81 310 50.44 0.19 116592 29578.44 19.81 112 0 198 38976 0 68904 17.3 18.0 17.69 0.01
314100.0 376 31.73 0.15 117838 11101.4 0.36 15239 1701.91 0.19 5305135 1200314.85 19.81 370 50.5 0.19 116962 29628.94 19.81 112 0 198 39088 0 69102 17.3 18.0 17.69 0.01
315000.0 354 32.37 0.36 118192 11133.76 0.36 15211 1701.78 0.19 5320346 1202016.63 19.81 350 50.48 0.19 117312 29679.42 19.81 112 0 198 39200 0 69300 17.3 18.0 17.69 0.01
315900.0 310 31.59 0.15 118502 11165.35 0.36 15170 1702.3 0.19 5335516 1203718.93 19.81 310 50.45 0.19 117622 29729.87 19.81 112 0 198 39312 0 69498 17.3 18.0 17.69 0.01
316800.0 310 31.59 0.15 118812 11196.94 0.36 15171 1702.35 0.19 5350687 1205421.28 19.81 310 50.46 0.19 117932 29780.33 19.81 112 0 198 39424 0 69696 17.3 18.1 17.71 0.02
317700.0 376 31.73 0.15 119188 11228.67 0.36 15230 1702.37 0.19 5365917 1207123.66 19.81 370 50.51 0.19 118302 29830.84 19.81 112 0 198 39536 0 69894 17.3 18.1 17.71 0.02
318600.0 354 32.37 0.36 119542 11261.04 0.36 15201 1701.75 0.19 5381118 1208825.41 19.81 350 50.5 0.19 118652 29881.34 19.81 112 0 198 39648 0 70092 17.3 18.1 17.71 0.02
319500.0 310 31.59 0.15 119852 11292.63 0.36 15163 1703.29 0.19 5396281 1210528.7 19.81 310 50.48 0.19 118962 29931.82 19.81 112 0 198 39760 0 70290 17.3 18.1 17.71 0.02
320400.0 310 31.59 0.15 120162 11324.22 0.36 15168 1703.35 0.19 5411449 1212232.05 19.81 310 50.49 0.19 119272 29982.31 19.81 112 0 198 39872 0 70488 17.3 18.2 17.72 0.02
321300.0 376 31.73 0.15 120538 11355.95 0.36 15226 1703.04 0.19 5426675 1213935.09 19.81 370 50.55 0.19 119642 30032.86 19.81 112 0 198 39984 0 70686 17.3 18.2 17.72 0.02
322200.0 354 32.36 0.36 120892 11388.31 0.36 15190 1696.42 0.19 5441865 1215631.51 19.81 350 50.4 0.19 119992 30083.26 19.81 112 0 198 40096 0 70884 17.3 18.2 17.72 0.02
323100.0 310 31.58 0.15 121202 11419.89 0.36 15148 1693.92 0.19 5457013 1217325.43 19.81 310 50.3 0.19 120302 30133.57 19.81 112 0 198 40208 0 71082 17.3 18.2 17.72 0.02
324000.0 310 31.58 0.15 121512 11451.48 0.36 15152 1694.43 0.19 5472165 1219019.86 19.81 310 50.31 0.19 120612 30183.88 19.81 112 0 198 40320 0 71280 17.3 18.2 17.73 0.02
324900.0 376 31.73 0.15 121888 11483.2 0.36 15208 1694.3 0.19 5487373 1220714.16 19.81 370 50.37 0.19 120982 30234.24 19.81 112 0 198 40432 0 71478 17.3 18.2 17.73 0.02
325800.0 354 32.37 0.36 122242 11515.57 0.36 15179 1700.0 0.19 5502552 1222414.16 19.81 350 50.48 0.19 121332 30284.72 19.81 112 0 198 40544 0 71676 17.3 18.2 17.73 0.02
326700.0 310 31.59 0.15 122552 11547.16 0.36 15144 1702.17 0.19 5517696 1224116.33 19.81 310 50.48 0.19 121642 30335.21 19.81 112 0 198 40656 0 71874 17.3 18.2 17.74 0.02
327600.0 310 31.59 0.15 122862 11578.75 0.36 15154 1703.51 0.19 5532850 1225819.84 19.81 310 50.49 0.19 121952 30385.7 19.81 112 0 198 40768 0 72072 17.2 18.3 17.74 0.03
328500.0 376 31.73 0.15 123238 11610.48 0.36 15213 1703.52 0.19 5548063 1227523.36 19.81 370 50.55 0.19 122322 30436.24 19.81 112 0 198 40880 0 72270 17.2 18.3 17.74 0.03
329400.0 354 32.37 0.36 123592 11642.85 0.36 15180 1703.23 0.19 5563243 1229226.59 19.81 350 50.53 0.19 122672 30486.77 19.81 112 0 198 40992 0 72468 17.2 18.3 17.74 0.03
330300.0 310 31.59 0.15 123902 11674.44 0.36 15135 1702.01 0.19 5578378 1230928.6 19.81 310 50.48 0.19 122982 30537.26 19.81 112 0 198 41104 0 72666 17.2 18.3 17.75 0.03
331200.0 310 31.59 0.15 124212 11706.03 0.36 15145 1702.71 0.19 5593523 1232631.31 19.81 310 50.49 0.19 123292 30587.75 19.81 112 0 198 41216 0 72864 17.2 18.4 17.76 0.03
332100.0 376 31.73 0.15 124588 11737.76 0.36 15200 1702.08 0.19 5608723 1234333.39 19.81 370 50.55 0.19 123662 30638.29 19.81 112 0 198 41328 0 73062 17.2 18.4 17.76 0.03
333000.0 354 32.37 0.36 124942 11770.13 0.36 15151 1698.16 0.19 5623874 1236031.55 19.81 350 50.48 0.19 124012 30688.77 19.81 112 0 198 41440 0 73260 17.2 18.4 17.76 0.03
333900.0 310 31.59 0.15 125252 11801.72 0.36 15098 1697.58 0.19 5638972 1237729.13 19.81 310 50.43 0.19 124322 30739.21 19.81 112 0 198 41552 0 73458 17.2 18.4 17.76 0.03
334800.0 310 31.59 0.15 125562 11833.31 0.36 15102 1697.47 0.19 5654074 1239426.6 19.81 310 50.44 0.19 124632 30789.64 19.81 112 0 198 41664 0 73656 17.2 18.5 17.77 0.04
335700.0 376 31.73 0.15 125938 11865.04 0.36 15152 1696.85 0.19 5669226 1241123.45 19.81 370 50.49 0.19 125002 30840.14 19.81 112 0 198 41776 0 73854 17.2 18.5 17.77 0.04
336600.0 354 32.37 0.36 126292 11897.41 0.36 15122 1698.75 0.19 5684348 1242822.2 19.81 350 50.53 0.19 125352 30890.67 19.81 112 0 198 41888 0 74052 17.2 18.5 17.77 0.04
337500.0 310 31.59 0.15 126602 11929.0 0.36 15071 1697.85 0.19 5699419 1244520.05 19.81 310 50.48 0.19 125662 30941.15 19.81 112 0 198 42000 0 74250 17.2 18.5 17.77 0.04
338400.0 310 31.59 0.15 126912 11960.59 0.36 15082 1698.39 0.19 5714501 1246218.44 19.81 310 50.49 0.19 125972 30991.64 19.81 112 0 198 42112 0 74448 17.2 18.5 17.78 0.04
339300.0 376 31.73 0.15 127288 11992.32 0.36 15132 1697.76 0.19 5729633 1247916.2 19.81 370 50.55 0.19 126342 31042.19 19.81 112 0 198 42224 0 74646 17.2 18.5 17.78 0.04
340200.0 354 32.36 0.36 127642 12024.69 0.36 15093 1693.73 0.19 5744726 1249609.93 19.81 350 50.46 0.19 126692 31092.65 19.81 112 0 198 42336 0 74844 17.2 18.5 17.78 0.04
341100.0 310 31.59 0.15 127952 12056.27 0.36 15038 1692.67 0.19 5759764 1251302.61 19.81 310 50.42 0.19 127002 31143.07 19.81 112 0 198 42448 0 75042 17.2 18.5 17.78 0.04
342000.0 310 31.59 0.15 128262 12087.86 0.36 15040 1693.37 0.19 5774804 1252995.97 19.81 310 50.42 0.19 127312 31193.5 19.81 112 0 198 42560 0 75240 17.2 18.5 17.79 0.04
342900.0 376 31.73 0.15 128638 12119.59 0.36 15094 1693.06 0.19 5789898 1254689.03 19.81 370 50.48 0.19 127682 31243.98 19.81 112 0 198 42672 0 75438 17.2 18.5 17.79 0.04
343800.0 354 32.36 0.36 128992 12151.95 0.36 15062 1689.33 0.19 5804960 1256378.36 19.81 350 50.4 0.19 128032 31294.37 19.81 112 0 198 42784 0 75636 17.2 18.5 17.79 0.04
344700.0 310 31.59 0.15 129302 12183.54 0.36 15009 1687.95 0.19 5819969 1258066.31 19.81 310 50.35 0.19 128342 31344.72 19.81 112 0 198 42896 0 75834 17.2 18.5 17.78 0.04
345600.0 310 31.59 0.15 129612 12215.12 0.36 15012 1688.49 0.19 5834981 1259754.8 19.81 310 50.36 0.19 128652 31395.08 19.81 112 0 198 43008 0 76032 17.2 18.6 17.79 0.05
