# seed = 3, gamma = 1.0, beta = 0.33, dee = 0.1, dcc = 100.0, dec = 10.0, dsCnd = 150.0, dLocalhost = 0.02, hostBroker = CLOUD 
#
# The columns have the following meaning: 
# instant[SECONDS] commCountUploadPartial delaySumUploadPartial[SECONDS] delayMaxUploadPartial[SECONDS] commCountUploadTot delaySumUploadTot[SECONDS] delayMaxUploadTot[SECONDS] commCountDownloadPartial delaySumDownloadPartial[SECONDS] delayMaxDownloadPartial[SECONDS] commCountDownloadTot delaySumDownloadTot[SECONDS] delayMaxDownloadTot[SECONDS] commCountDownloadMaxPartial delaySumDownloadMaxPartial[SECONDS] delayMaxDownloadMaxPartial[SECONDS] commCountDownloadMaxTot delaySumDownloadMaxTot[SECONDS] delayMaxDownloadMaxTot[SECONDS] runOnCloudPartial runOnEdgePartial runOnSmartphonePartial runOnCloudTot runOnEdgeTot runOnSmartphoneTot minTemp maxTemp avgTemp varianceTemp
0.0 0 0.0 0.0 0 0.0 0.0 0 0.0 0.0 0 0.0 0.0 0 0.0 0.0 0 0.0 0.0 0 0 0 0 0 0 17.0 25.0 21.0 0.0
900.0 376 37.27 0.16 376 37.27 0.16 15972 2289.84 0.22 15972 2289.84 0.22 370 58.61 0.22 370 58.61 0.22 201 10 99 201 10 99 18.9 21.0 19.31 0.69
1800.0 356 38.0 0.36 732 75.27 0.36 16258 170089.0 20.59 32230 172378.84 20.59 352 3306.95 20.59 722 3365.56 20.59 201 10 99 402 20 198 18.6 18.9 18.9 0.0
2700.0 310 37.17 0.16 1042 112.44 0.36 15913 2347.03 0.22 48143 174725.88 20.59 310 59.73 0.22 1032 3425.29 20.59 201 10 99 603 30 297 17.6 18.9 18.3 0.05
3600.0 310 37.17 0.16 1352 149.62 0.36 15915 2347.56 0.22 64058 177073.43 20.59 310 59.74 0.22 1342 3485.03 20.59 201 10 99 804 40 396 17.6 18.9 18.24 0.05
4500.0 376 37.31 0.16 1728 186.93 0.36 15971 2347.2 0.22 80029 179420.63 20.59 370 59.73 0.22 1712 3544.76 20.59 201 10 99 1005 50 495 17.6 18.7 18.24 0.05
5400.0 356 38.01 0.36 2084 224.94 0.36 16283 8739.24 20.65 96312 188159.87 20.65 352 80.44 20.65 2064 3625.2 20.65 201 10 99 1206 60 594 17.6 18.7 18.24 0.05
6300.0 310 37.18 0.17 2394 262.12 0.36 15960 2362.51 0.22 112272 190522.38 20.65 310 59.97 0.22 2374 3685.17 20.65 201 10 99 1407 70 693 17.6 18.7 18.24 0.05
7200.0 310 37.18 0.17 2704 299.29 0.36 15963 2362.93 0.22 128235 192885.31 20.65 310 59.97 0.22 2684 3745.14 20.65 201 10 99 1608 80 792 17.6 18.7 18.25 0.04
8100.0 376 37.32 0.17 3080 336.61 0.36 16020 2362.52 0.22 144255 195247.83 20.65 370 59.97 0.22 3054 3805.11 20.65 201 10 99 1809 90 891 17.6 18.7 18.25 0.04
9000.0 356 38.01 0.36 3436 374.63 0.36 16304 8739.16 20.65 160559 203986.99 20.65 352 80.43 20.65 3406 3885.54 20.65 201 10 99 2010 100 990 17.6 18.7 18.25 0.04
9900.0 310 37.17 0.17 3746 411.8 0.36 15948 2350.73 0.22 176507 206337.72 20.65 310 59.75 0.22 3716 3945.3 20.65 201 10 99 2211 110 1089 17.6 18.7 18.24 0.04
10800.0 310 37.17 0.17 4056 448.97 0.36 15956 2351.57 0.22 192463 208689.29 20.65 310 59.76 0.22 4026 4005.06 20.65 201 10 99 2412 120 1188 17.6 18.7 18.16 0.05
11700.0 376 37.31 0.17 4432 486.28 0.36 16016 2351.54 0.22 208479 211040.84 20.65 370 59.76 0.22 4396 4064.81 20.65 201 10 99 2613 130 1287 17.6 18.7 18.16 0.05
12600.0 354 37.95 0.36 4786 524.23 0.36 15980 2355.31 0.22 224459 213396.15 20.65 350 59.87 0.22 4746 4124.68 20.65 201 10 99 2814 140 1386 17.6 18.7 18.16 0.05
13500.0 310 37.17 0.17 5096 561.41 0.36 15900 2350.63 0.22 240359 215746.78 20.65 310 59.86 0.22 5056 4184.55 20.65 201 10 99 3015 150 1485 17.6 18.7 18.15 0.04
14400.0 310 37.17 0.17 5406 598.58 0.36 15897 2350.51 0.22 256256 218097.29 20.65 310 59.87 0.22 5366 4244.42 20.65 201 10 99 3216 160 1584 17.6 18.7 18.14 0.05
15300.0 376 37.32 0.17 5782 635.9 0.36 15956 2350.47 0.22 272212 220447.77 20.65 370 59.87 0.22 5736 4304.29 20.65 201 10 99 3417 170 1683 17.6 18.7 18.14 0.05
16200.0 354 37.95 0.36 6136 673.85 0.36 15930 2343.7 0.22 288142 222791.46 20.65 350 59.75 0.22 6086 4364.04 20.65 201 10 99 3618 180 1782 17.6 18.7 18.14 0.04
17100.0 310 37.17 0.16 6446 711.01 0.36 15896 2339.63 0.22 304038 225131.09 20.65 310 59.66 0.22 6396 4423.69 20.65 201 10 99 3819 190 1881 17.6 18.7 18.12 0.04
18000.0 310 37.17 0.16 6756 748.18 0.36 15899 2340.01 0.22 319937 227471.1 20.65 310 59.66 0.22 6706 4483.35 20.65 201 10 99 4020 200 1980 17.6 18.7 18.11 0.04
18900.0 376 37.31 0.16 7132 785.49 0.36 15957 2339.79 0.22 335894 229810.89 20.65 370 59.66 0.22 7076 4543.01 20.65 201 10 99 4221 210 2079 17.6 18.6 18.11 0.04
19800.0 354 37.95 0.36 7486 823.44 0.36 15928 2344.31 0.22 351822 232155.19 20.65 350 59.77 0.22 7426 4602.78 20.65 201 10 99 4422 220 2178 17.6 18.6 18.11 0.04
20700.0 310 37.17 0.17 7796 860.61 0.36 15897 2344.91 0.22 367719 234500.11 20.65 310 59.76 0.22 7736 4662.54 20.65 201 10 99 4623 230 2277 17.6 18.6 18.08 0.03
21600.0 310 37.17 0.17 8106 897.78 0.36 15901 2345.43 0.22 383620 236845.54 20.65 310 59.77 0.22 8046 4722.31 20.65 201 10 99 4824 240 2376 17.6 18.6 18.07 0.03
22500.0 376 37.31 0.17 8482 935.09 0.36 15960 2345.39 0.22 399580 239190.93 20.65 370 59.76 0.22 8416 4782.07 20.65 201 10 99 5025 250 2475 17.6 18.6 18.07 0.03
23400.0 354 37.95 0.36 8836 973.04 0.36 15922 2348.1 0.22 415502 241539.04 20.65 350 59.85 0.22 8766 4841.92 20.65 201 10 99 5226 260 2574 17.6 18.6 18.07 0.03
24300.0 310 37.18 0.17 9146 1010.22 0.36 15881 2352.89 0.22 431383 243891.92 20.65 310 59.95 0.22 9076 4901.87 20.65 201 10 99 5427 270 2673 17.5 18.6 18.06 0.03
25200.0 310 37.18 0.17 9456 1047.4 0.36 15886 2353.72 0.22 447269 246245.65 20.65 310 59.95 0.22 9386 4961.83 20.65 201 10 99 5628 280 2772 17.5 18.6 18.04 0.03
26100.0 376 37.32 0.17 9832 1084.72 0.36 15946 2353.69 0.22 463215 248599.34 20.65 370 59.95 0.22 9756 5021.78 20.65 201 10 99 5829 290 2871 17.5 18.6 18.04 0.03
27000.0 354 37.95 0.36 10186 1122.67 0.36 15915 2352.77 0.22 479130 250952.11 20.65 350 59.96 0.22 10106 5081.73 20.65 201 10 99 6030 300 2970 17.5 18.6 18.04 0.03
27900.0 310 37.17 0.17 10496 1159.85 0.36 15885 2348.04 0.22 495015 253300.15 20.65 310 59.85 0.22 10416 5141.58 20.65 201 10 99 6231 310 3069 17.5 18.6 18.01 0.03
28800.0 310 37.17 0.17 10806 1197.02 0.36 15893 2348.87 0.22 510908 255649.02 20.65 310 59.85 0.22 10726 5201.43 20.65 201 10 99 6432 320 3168 17.5 18.6 18.0 0.03
29700.0 376 37.32 0.17 11182 1234.34 0.36 15949 2348.2 0.22 526857 257997.22 20.65 370 59.85 0.22 11096 5261.28 20.65 201 10 99 6633 330 3267 17.5 18.6 18.0 0.03
30600.0 354 37.95 0.36 11536 1272.29 0.36 15910 2346.32 0.22 542767 260343.54 20.65 350 59.85 0.22 11446 5321.13 20.65 201 10 99 6834 340 3366 17.5 18.6 18.0 0.03
31500.0 310 37.18 0.17 11846 1309.47 0.36 15880 2352.73 0.22 558647 262696.26 20.65 310 59.95 0.22 11756 5381.08 20.65 201 10 99 7035 350 3465 17.4 18.6 17.97 0.03
32400.0 310 37.18 0.17 12156 1346.65 0.36 15889 2353.88 0.22 574536 265050.15 20.65 310 59.95 0.22 12066 5441.03 20.65 201 10 99 7236 360 3564 17.4 18.6 17.96 0.03
33300.0 376 37.32 0.17 12532 1383.97 0.36 15947 2353.69 0.22 590483 267403.84 20.65 370 59.95 0.22 12436 5500.98 20.65 201 10 99 7437 370 3663 17.4 18.5 17.96 0.03
34200.0 354 37.95 0.36 12886 1421.92 0.36 15908 2351.65 0.22 606391 269755.48 20.65 350 59.96 0.22 12786 5560.94 20.65 201 10 99 7638 380 3762 17.4 18.5 17.95 0.03
35100.0 310 37.18 0.17 13196 1459.1 0.36 15874 2351.61 0.22 622265 272107.09 20.65 310 59.95 0.22 13096 5620.89 20.65 201 10 99 7839 390 3861 17.4 18.5 17.93 0.03
36000.0 310 37.18 0.17 13506 1496.28 0.36 15886 2353.08 0.22 638151 274460.18 20.65 310 59.95 0.22 13406 5680.84 20.65 201 10 99 8040 400 3960 17.4 18.5 17.91 0.03
36900.0 376 37.32 0.17 13882 1533.6 0.36 15946 2353.05 0.22 654097 276813.23 20.65 370 59.95 0.22 13776 5740.8 20.65 201 10 99 8241 410 4059 17.4 18.5 17.91 0.03
37800.0 354 37.95 0.36 14236 1571.55 0.36 15900 2341.21 0.22 669997 279154.44 20.65 350 59.78 0.22 14126 5800.57 20.65 201 10 99 8442 420 4158 17.4 18.5 17.91 0.03
38700.0 310 37.17 0.17 14546 1608.72 0.36 15866 2341.8 0.22 685863 281496.24 20.65 310 59.77 0.22 14436 5860.34 20.65 201 10 99 8643 430 4257 17.3 18.5 17.89 0.03
39600.0 310 37.17 0.17 14856 1645.89 0.36 15879 2343.44 0.22 701742 283839.69 20.65 310 59.77 0.22 14746 5920.12 20.65 201 10 99 8844 440 4356 17.3 18.5 17.87 0.04
40500.0 376 37.31 0.17 15232 1683.2 0.36 15938 2343.41 0.22 717680 286183.09 20.65 370 59.77 0.22 15116 5979.89 20.65 201 10 99 9045 450 4455 17.3 18.5 17.87 0.04
41400.0 354 37.95 0.36 15586 1721.16 0.36 15901 2350.68 0.22 733581 288533.78 20.65 350 59.96 0.22 15466 6039.85 20.65 201 10 99 9246 460 4554 17.3 18.5 17.87 0.04
42300.0 310 37.17 0.17 15896 1758.33 0.36 15870 2345.99 0.22 749451 290879.77 20.65 310 59.85 0.22 15776 6099.69 20.65 201 10 99 9447 470 4653 17.3 18.5 17.85 0.04
43200.0 310 37.17 0.17 16206 1795.51 0.36 15885 2347.78 0.22 765336 293227.55 20.65 310 59.85 0.22 16086 6159.54 20.65 201 10 99 9648 480 4752 17.2 18.5 17.83 0.04
44100.0 376 37.32 0.17 16582 1832.82 0.36 15944 2347.59 0.22 781280 295575.14 20.65 370 59.85 0.22 16456 6219.39 20.65 201 10 99 9849 490 4851 17.2 18.4 17.83 0.04
45000.0 354 37.95 0.36 16936 1870.78 0.36 15902 2345.39 0.22 797182 297920.53 20.65 350 59.85 0.22 16806 6279.24 20.65 201 10 99 10050 500 4950 17.2 18.4 17.83 0.04
45900.0 310 37.17 0.17 17246 1907.95 0.36 15864 2346.01 0.22 813046 300266.54 20.65 310 59.85 0.22 17116 6339.09 20.65 201 10 99 10251 510 5049 17.2 18.5 17.8 0.05
46800.0 310 37.17 0.17 17556 1945.12 0.36 15884 2348.14 0.22 828930 302614.68 20.65 310 59.86 0.22 17426 6398.95 20.65 201 10 99 10452 520 5148 17.2 18.5 17.79 0.05
47700.0 376 37.32 0.17 17932 1982.44 0.36 15944 2348.1 0.22 844874 304962.77 20.65 370 59.85 0.22 17796 6458.81 20.65 201 10 99 10653 530 5247 17.2 18.5 17.79 0.05
48600.0 354 37.95 0.36 18286 2020.39 0.36 15900 2345.42 0.22 860774 307308.19 20.65 350 59.86 0.22 18146 6518.67 20.65 201 10 99 10854 540 5346 17.2 18.5 17.79 0.05
49500.0 310 37.18 0.17 18596 2057.57 0.36 15872 2352.09 0.22 876646 309660.28 20.65 310 59.95 0.22 18456 6578.62 20.65 201 10 99 11055 550 5445 17.1 18.5 17.75 0.06
50400.0 310 37.18 0.17 18906 2094.75 0.36 15883 2353.56 0.22 892529 312013.85 20.65 310 59.95 0.22 18766 6638.57 20.65 201 10 99 11256 560 5544 17.1 18.5 17.74 0.07
51300.0 376 37.32 0.17 19282 2132.07 0.36 15941 2353.21 0.22 908470 314367.06 20.65 370 59.95 0.22 19136 6698.52 20.65 201 10 99 11457 570 5643 17.1 18.5 17.74 0.07
52200.0 354 37.95 0.36 19636 2170.03 0.36 15892 2349.89 0.22 924362 316716.95 20.65 350 59.96 0.22 19486 6758.48 20.65 201 10 99 11658 580 5742 17.1 18.5 17.74 0.07
53100.0 310 37.18 0.17 19946 2207.2 0.36 15856 2349.85 0.22 940218 319066.79 20.65 310 59.95 0.22 19796 6818.43 20.65 201 10 99 11859 590 5841 17.1 18.6 17.73 0.07
54000.0 310 37.18 0.17 20256 2244.38 0.36 15861 2350.52 0.22 956079 321417.32 20.65 310 59.95 0.22 20106 6878.38 20.65 201 10 99 12060 600 5940 17.1 18.6 17.71 0.07
54900.0 376 37.32 0.17 20632 2281.7 0.36 15919 2350.17 0.22 971998 323767.49 20.65 370 59.95 0.22 20476 6938.33 20.65 201 10 99 12261 610 6039 17.1 18.6 17.71 0.07
55800.0 354 37.95 0.36 20986 2319.66 0.36 15884 2348.93 0.22 987882 326116.42 20.65 350 59.96 0.22 20826 6998.29 20.65 201 10 99 12462 620 6138 17.1 18.6 17.71 0.07
56700.0 310 37.18 0.17 21296 2356.84 0.36 15860 2350.81 0.22 1003742 328467.23 20.65 310 59.95 0.22 21136 7058.24 20.65 201 10 99 12663 630 6237 17.1 18.6 17.69 0.08
57600.0 310 37.18 0.17 21606 2394.01 0.36 15871 2351.96 0.22 1019613 330819.19 20.65 310 59.95 0.22 21446 7118.2 20.65 201 10 99 12864 640 6336 17.1 18.6 17.68 0.09
58500.0 376 37.32 0.17 21982 2431.34 0.36 15931 2351.93 0.22 1035544 333171.12 20.65 370 59.95 0.22 21816 7178.15 20.65 201 10 99 13065 650 6435 17.1 18.6 17.68 0.09
59400.0 354 37.95 0.36 22336 2469.29 0.36 15881 2344.27 0.22 1051425 335515.39 20.65 350 59.87 0.22 22166 7238.02 20.65 201 10 99 13266 660 6534 17.1 18.6 17.68 0.09
60300.0 310 37.17 0.17 22646 2506.46 0.36 15852 2345.99 0.22 1067277 337861.39 20.65 310 59.86 0.22 22476 7297.88 20.65 201 10 99 13467 670 6633 17.0 18.6 17.66 0.1
61200.0 310 37.17 0.17 22956 2543.64 0.36 15870 2347.95 0.22 1083147 340209.34 20.65 310 59.87 0.22 22786 7357.75 20.65 201 10 99 13668 680 6732 17.0 18.6 17.64 0.1
62100.0 376 37.32 0.17 23332 2580.95 0.36 15930 2347.91 0.22 1099077 342557.25 20.65 370 59.87 0.22 23156 7417.62 20.65 201 10 99 13869 690 6831 17.0 18.6 17.64 0.1
63000.0 354 37.94 0.36 23686 2618.9 0.36 15888 2336.22 0.22 1114965 344893.48 20.65 350 59.7 0.22 23506 7477.32 20.65 201 10 99 14070 700 6930 17.0 18.6 17.64 0.1
63900.0 310 37.16 0.16 23996 2656.06 0.36 15844 2331.04 0.22 1130809 347224.52 20.65 310 59.61 0.22 23816 7536.93 20.65 201 10 99 14271 710 7029 17.0 18.6 17.63 0.11
64800.0 310 37.16 0.16 24306 2693.23 0.36 15850 2332.07 0.22 1146659 349556.59 20.65 310 59.61 0.22 24126 7596.54 20.65 201 10 99 14472 720 7128 17.0 18.6 17.62 0.11
65700.0 376 37.3 0.16 24682 2730.53 0.36 15910 2332.0 0.22 1162569 351888.6 20.65 370 59.61 0.22 24496 7656.15 20.65 201 10 99 14673 730 7227 17.0 18.6 17.62 0.11
66600.0 354 37.94 0.36 25036 2768.47 0.36 15875 2330.2 0.22 1178444 354218.8 20.65 350 59.6 0.22 24846 7715.75 20.65 201 10 99 14874 740 7326 17.0 18.6 17.62 0.11
67500.0 310 37.16 0.16 25346 2805.63 0.36 15844 2326.91 0.22 1194288 356545.7 20.65 310 59.51 0.22 25156 7775.26 20.65 201 10 99 15075 750 7425 17.0 18.7 17.61 0.12
68400.0 310 37.16 0.16 25656 2842.79 0.36 15845 2326.96 0.22 1210133 358872.66 20.65 310 59.51 0.22 25466 7834.78 20.65 201 10 99 15276 760 7524 17.0 18.7 17.61 0.12
69300.0 376 37.3 0.16 26032 2880.09 0.36 15905 2326.91 0.22 1226038 361199.57 20.65 370 59.51 0.22 25836 7894.29 20.65 201 10 99 15477 770 7623 17.0 18.7 17.61 0.12
70200.0 354 37.94 0.36 26386 2918.03 0.36 15862 2328.51 0.22 1241900 363528.08 20.65 350 59.6 0.22 26186 7953.89 20.65 201 10 99 15678 780 7722 17.0 18.7 17.61 0.12
71100.0 310 37.16 0.16 26696 2955.2 0.36 15835 2329.52 0.22 1257735 365857.59 20.65 310 59.59 0.22 26496 8013.48 20.65 201 10 99 15879 790 7821 17.0 18.7 17.6 0.12
72000.0 310 37.16 0.16 27006 2992.36 0.36 15846 2330.7 0.22 1273581 368188.29 20.65 310 59.59 0.22 26806 8073.07 20.65 201 10 99 16080 800 7920 17.0 18.7 17.59 0.12
72900.0 376 37.3 0.16 27382 3029.67 0.36 15903 2330.48 0.22 1289484 370518.77 20.65 370 59.59 0.22 27176 8132.66 20.65 201 10 99 16281 810 8019 17.0 18.7 17.59 0.12
73800.0 354 37.94 0.36 27736 3067.61 0.36 15871 2329.42 0.22 1305355 372848.19 20.65 350 59.59 0.22 27526 8192.26 20.65 201 10 99 16482 820 8118 17.0 18.7 17.59 0.12
74700.0 310 37.17 0.16 28046 3104.77 0.36 15829 2334.67 0.22 1321184 375182.87 20.65 310 59.69 0.22 27836 8251.95 20.65 201 10 99 16683 830 8217 17.0 18.7 17.58 0.13
75600.0 310 37.17 0.16 28356 3141.94 0.36 15830 2334.42 0.22 1337014 377517.29 20.65 310 59.7 0.22 28146 8311.65 20.65 201 10 99 16884 840 8316 17.0 18.7 17.58 0.12
76500.0 376 37.31 0.16 28732 3179.25 0.36 15890 2334.35 0.22 1352904 379851.64 20.65 370 59.69 0.22 28516 8371.34 20.65 201 10 99 17085 850 8415 17.0 18.7 17.58 0.12
77400.0 354 37.94 0.36 29086 3217.19 0.36 15858 2328.72 0.22 1368762 382180.36 20.65 350 59.62 0.22 28866 8430.95 20.65 201 10 99 17286 860 8514 17.0 18.7 17.58 0.12
78300.0 310 37.16 0.16 29396 3254.36 0.36 15823 2329.12 0.22 1384585 384509.48 20.65 310 59.61 0.22 29176 8490.56 20.65 201 10 99 17487 870 8613 17.0 18.6 17.57 0.12
79200.0 310 37.16 0.16 29706 3291.52 0.36 15826 2329.67 0.22 1400411 386839.15 20.65 310 59.61 0.22 29486 8550.18 20.65 201 10 99 17688 880 8712 17.0 18.6 17.56 0.12
80100.0 376 37.3 0.16 30082 3328.82 0.36 15886 2329.6 0.22 1416297 389168.75 20.65 370 59.61 0.22 29856 8609.79 20.65 201 10 99 17889 890 8811 17.0 18.6 17.56 0.12
81000.0 354 37.94 0.36 30436 3366.77 0.36 15852 2330.47 0.22 1432149 391499.22 20.65 350 59.65 0.22 30206 8669.44 20.65 201 10 99 18090 900 8910 17.0 18.6 17.56 0.12
81900.0 310 37.17 0.17 30746 3403.94 0.36 15816 2335.36 0.22 1447965 393834.58 20.65 310 59.75 0.22 30516 8729.19 20.65 201 10 99 18291 910 9009 17.0 18.6 17.56 0.12
82800.0 310 37.17 0.17 31056 3441.11 0.36 15816 2335.24 0.22 1463781 396169.82 20.65 310 59.75 0.22 30826 8788.94 20.65 201 10 99 18492 920 9108 17.0 18.6 17.56 0.11
83700.0 376 37.31 0.17 31432 3478.42 0.36 15873 2334.88 0.22 1479654 398504.71 20.65 370 59.75 0.22 31196 8848.68 20.65 201 10 99 18693 930 9207 17.0 18.6 17.56 0.11
84600.0 354 37.95 0.36 31786 3516.37 0.36 15846 2334.6 0.22 1495500 400839.31 20.65 350 59.75 0.22 31546 8908.44 20.65 201 10 99 18894 940 9306 17.0 18.6 17.56 0.11
85500.0 310 37.17 0.17 32096 3553.54 0.36 15819 2330.73 0.22 1511319 403170.04 20.65 310 59.65 0.22 31856 8968.08 20.65 201 10 99 19095 950 9405 17.0 18.6 17.57 0.11
86400.0 310 37.17 0.17 32406 3590.7 0.36 15816 2330.3 0.22 1527135 405500.35 20.65 310 59.65 0.22 32166 9027.74 20.65 201 10 99 19296 960 9504 17.0 18.6 17.57 0.11
87300.0 376 37.31 0.17 32782 3628.01 0.36 15876 2330.25 0.22 1543011 407830.6 20.65 370 59.65 0.22 32536 9087.39 20.65 201 10 99 19497 970 9603 17.0 18.6 17.57 0.11
88200.0 354 37.95 0.36 33136 3665.96 0.36 15838 2339.02 0.22 1558849 410169.61 20.65 350 59.86 0.22 32886 9147.25 20.65 201 10 99 19698 980 9702 17.0 18.6 17.57 0.11
89100.0 310 37.18 0.17 33446 3703.14 0.36 15850 2349.37 0.22 1574699 412518.98 20.65 310 59.95 0.22 33196 9207.2 20.65 201 10 99 19899 990 9801 17.1 18.5 17.59 0.07
90000.0 310 37.18 0.17 33756 3740.32 0.36 15895 2354.68 0.22 1590594 414873.67 20.65 310 59.95 0.22 33506 9267.15 20.65 201 10 99 20100 1000 9900 17.1 18.5 17.67 0.05
90900.0 376 37.32 0.17 34132 3777.64 0.36 15955 2354.65 0.22 1606549 417228.32 20.65 370 59.95 0.22 33876 9327.1 20.65 201 10 99 20301 1010 9999 17.1 18.5 17.67 0.05
91800.0 354 37.94 0.36 34486 3815.59 0.36 15916 2338.18 0.22 1622465 419566.5 20.65 350 59.67 0.22 34226 9386.77 20.65 201 10 99 20502 1020 10098 17.1 18.5 17.68 0.05
92700.0 310 37.16 0.16 34796 3852.74 0.36 15935 2335.13 0.22 1638400 421901.63 20.65 310 59.49 0.22 34536 9446.26 20.65 201 10 99 20703 1030 10197 17.1 23.8 19.4 2.66
93600.0 310 37.16 0.16 35106 3889.9 0.36 15938 2335.34 0.22 1654338 424236.97 20.65 310 59.49 0.22 34846 9505.75 20.65 201 10 99 20904 1040 10296 17.1 23.8 20.66 4.85
94500.0 376 37.3 0.16 35482 3927.21 0.36 15996 2335.13 0.22 1670334 426572.1 20.65 370 59.49 0.22 35216 9565.24 20.65 201 10 99 21105 1050 10395 17.1 23.8 20.66 4.85
95400.0 354 37.94 0.36 35836 3965.14 0.36 15973 2335.02 0.22 1686307 428907.11 20.65 350 59.49 0.22 35566 9624.73 20.65 201 10 99 21306 1060 10494 17.1 23.8 20.66 4.86
96300.0 310 37.16 0.16 36146 4002.3 0.36 15933 2334.81 0.22 1702240 431241.92 20.65 310 59.49 0.22 35876 9684.22 20.65 201 10 99 21507 1070 10593 17.1 24.0 21.06 4.63
97200.0 310 37.16 0.16 36456 4039.46 0.36 15931 2334.54 0.22 1718171 433576.46 20.65 310 59.49 0.22 36186 9743.71 20.65 201 10 99 21708 1080 10692 17.4 24.0 21.17 4.73
98100.0 376 37.3 0.16 36832 4076.76 0.36 15988 2334.17 0.22 1734159 435910.63 20.65 370 59.49 0.22 36556 9803.2 20.65 201 10 99 21909 1090 10791 17.4 24.0 21.18 4.73
99000.0 354 37.93 0.36 37186 4114.69 0.36 15965 2323.45 0.22 1750124 438234.07 20.65 350 59.29 0.22 36906 9862.48 20.65 201 10 99 22110 1100 10890 17.4 24.0 21.18 4.73
99900.0 310 37.15 0.16 37496 4151.84 0.36 15928 2323.74 0.22 1766052 440557.82 20.65 310 59.28 0.22 37216 9921.77 20.65 201 10 99 22311 1110 10989 17.5 24.0 21.48 3.93
100800.0 310 37.15 0.16 37806 4189.0 0.36 15926 2323.44 0.22 1781978 442881.26 20.65 310 59.29 0.22 37526 9981.05 20.65 201 10 99 22512 1120 11088 17.7 24.0 21.53 3.89
101700.0 376 37.3 0.16 38182 4226.29 0.36 15986 2323.42 0.22 1797964 445204.68 20.65 370 59.29 0.22 37896 10040.34 20.65 201 10 99 22713 1130 11187 17.8 24.0 21.53 3.88
102600.0 354 37.93 0.36 38536 4264.22 0.36 15955 2322.96 0.22 1813919 447527.64 20.65 350 59.3 0.22 38246 10099.64 20.65 201 10 99 22914 1140 11286 17.8 24.0 21.53 3.87
103500.0 310 37.15 0.16 38846 4301.37 0.36 15924 2323.88 0.22 1829843 449851.52 20.65 310 59.3 0.22 38556 10158.94 20.65 201 10 99 23115 1150 11385 18.0 24.0 21.77 3.12
104400.0 310 37.15 0.16 39156 4338.52 0.36 15924 2323.92 0.22 1845767 452175.44 20.65 310 59.3 0.22 38866 10218.23 20.65 201 10 99 23316 1160 11484 18.2 24.0 21.83 3.09
105300.0 376 37.29 0.16 39532 4375.82 0.36 15983 2323.88 0.22 1861750 454499.33 20.65 370 59.3 0.22 39236 10277.53 20.65 201 10 99 23517 1170 11583 18.5 24.0 21.83 3.07
106200.0 354 37.92 0.36 39886 4413.74 0.36 15960 2311.13 0.22 1877710 456810.46 20.65 350 59.06 0.22 39586 10336.59 20.65 201 10 99 23718 1180 11682 18.5 24.0 21.83 3.07
107100.0 310 37.14 0.16 40196 4450.88 0.36 15922 2302.12 0.22 1893632 459112.58 20.65 310 58.87 0.22 39896 10395.47 20.65 201 10 99 23919 1190 11781 18.8 24.0 21.83 2.85
108000.0 310 37.14 0.16 40506 4488.02 0.36 15919 2301.81 0.22 1909551 461414.39 20.65 310 58.87 0.22 40206 10454.34 20.65 201 10 99 24120 1200 11880 18.8 24.0 21.83 2.85
108900.0 376 37.28 0.16 40882 4525.3 0.36 15979 2301.8 0.22 1925530 463716.19 20.65 370 58.87 0.22 40576 10513.21 20.65 201 10 99 24321 1210 11979 18.9 24.0 21.83 2.84
109800.0 354 37.92 0.36 41236 4563.22 0.36 15957 2301.49 0.22 1941487 466017.68 20.65 350 58.88 0.22 40926 10572.09 20.65 201 10 99 24522 1220 12078 18.9 24.0 21.83 2.84
110700.0 310 37.14 0.16 41546 4600.36 0.36 15918 2301.48 0.22 1957405 468319.16 20.65 310 58.87 0.22 41236 10630.96 20.65 201 10 99 24723 1230 12177 18.9 24.0 21.72 2.76
111600.0 310 37.14 0.16 41856 4637.5 0.36 15907 2300.53 0.22 1973312 470619.69 20.65 310 58.87 0.22 41546 10689.83 20.65 201 10 99 24924 1240 12276 18.9 23.9 21.65 2.65
112500.0 376 37.28 0.16 42232 4674.78 0.36 15967 2300.52 0.22 1989279 472920.21 20.65 370 58.87 0.22 41916 10748.71 20.65 201 10 99 25125 1250 12375 18.9 23.9 21.65 2.65
113400.0 354 37.92 0.36 42586 4712.7 0.36 15942 2300.05 0.22 2005221 475220.27 20.65 350 58.88 0.22 42266 10807.58 20.65 201 10 99 25326 1260 12474 18.9 23.9 21.65 2.65
114300.0 310 37.14 0.16 42896 4749.84 0.36 15911 2301.16 0.22 2021132 477521.42 20.65 310 58.87 0.22 42576 10866.46 20.65 201 10 99 25527 1270 12573 18.9 24.0 23.32 0.21
115200.0 310 37.14 0.16 43206 4786.98 0.36 15911 2301.17 0.22 2037043 479822.59 20.65 310 58.87 0.22 42886 10925.33 20.65 201 10 99 25728 1280 12672 18.9 24.0 23.5 0.1
116100.0 376 37.28 0.16 43582 4824.26 0.36 15970 2301.0 0.22 2053013 482123.59 20.65 370 58.87 0.22 43256 10984.2 20.65 201 10 99 25929 1290 12771 22.6 24.0 23.51 0.03
117000.0 354 37.92 0.36 43936 4862.18 0.36 15945 2300.37 0.22 2068958 484423.97 20.65 350 58.88 0.22 43606 11043.08 20.65 201 10 99 26130 1300 12870 22.6 24.0 23.51 0.03
117900.0 310 37.14 0.16 44246 4899.32 0.36 15905 2300.36 0.22 2084863 486724.33 20.65 310 58.87 0.22 43916 11101.95 20.65 201 10 99 26331 1310 12969 22.7 24.0 23.57 0.02
118800.0 310 37.14 0.16 44556 4936.46 0.36 15903 2300.21 0.22 2100766 489024.54 20.65 310 58.87 0.22 44226 11160.83 20.65 201 10 99 26532 1320 13068 22.7 24.0 23.59 0.02
119700.0 376 37.28 0.16 44932 4973.74 0.36 15963 2300.2 0.22 2116729 491324.74 20.65 370 58.87 0.22 44596 11219.7 20.65 201 10 99 26733 1330 13167 22.7 24.0 23.6 0.02
120600.0 354 37.92 0.36 45286 5011.66 0.36 15943 2300.21 0.22 2132672 493624.95 20.65 350 58.88 0.22 44946 11278.58 20.65 201 10 99 26934 1340 13266 22.7 24.0 23.6 0.02
121500.0 310 37.14 0.16 45596 5048.8 0.36 15903 2300.2 0.22 2148575 495925.15 20.65 310 58.87 0.22 45256 11337.45 20.65 201 10 99 27135 1350 13365 22.8 24.0 23.64 0.01
122400.0 310 37.14 0.16 45906 5085.94 0.36 15900 2299.89 0.22 2164475 498225.04 20.65 310 58.87 0.22 45566 11396.32 20.65 201 10 99 27336 1360 13464 22.8 24.0 23.66 0.01
123300.0 376 37.28 0.16 46282 5123.22 0.36 15960 2299.88 0.22 2180435 500524.92 20.65 370 58.87 0.22 45936 11455.2 20.65 201 10 99 27537 1370 13563 22.8 24.0 23.66 0.01
124200.0 354 37.92 0.36 46636 5161.14 0.36 15940 2299.89 0.22 2196375 502824.81 20.65 350 58.88 0.22 46286 11514.07 20.65 201 10 99 27738 1380 13662 22.8 24.0 23.66 0.01
125100.0 310 37.14 0.16 46946 5198.28 0.36 15896 2299.4 0.22 2212271 505124.21 20.65 310 58.87 0.22 46596 11572.94 20.65 201 10 99 27939 1390 13761 22.9 24.0 23.69 0.01
126000.0 310 37.14 0.16 47256 5235.42 0.36 15896 2299.41 0.22 2228167 507423.62 20.65 310 58.87 0.22 46906 11631.82 20.65 201 10 99 28140 1400 13860 22.9 24.0 23.72 0.01
126900.0 376 37.28 0.16 47632 5272.7 0.36 15954 2299.24 0.22 2244121 509722.86 20.65 370 58.87 0.22 47276 11690.69 20.65 201 10 99 28341 1410 13959 22.9 24.0 23.72 0.01
127800.0 354 37.92 0.36 47986 5310.62 0.36 15931 2298.93 0.22 2260052 512021.8 20.65 350 58.88 0.22 47626 11749.57 20.65 201 10 99 28542 1420 14058 22.9 24.0 23.72 0.01
128700.0 310 37.14 0.16 48296 5347.76 0.36 15891 2298.92 0.22 2275943 514320.71 20.65 310 58.87 0.22 47936 11808.44 20.65 201 10 99 28743 1430 14157 23.1 24.0 23.75 0.01
129600.0 310 37.14 0.16 48606 5384.9 0.36 15890 2298.77 0.22 2291833 516619.48 20.65 310 58.87 0.22 48246 11867.31 20.65 201 10 99 28944 1440 14256 23.1 24.0 23.76 0.01
130500.0 376 37.28 0.16 48982 5422.18 0.36 15948 2298.6 0.22 2307781 518918.08 20.65 370 58.87 0.22 48616 11926.19 20.65 201 10 99 29145 1450 14355 23.1 24.0 23.76 0.01
131400.0 354 37.92 0.36 49336 5460.1 0.36 15928 2298.61 0.22 2323709 521216.7 20.65 350 58.88 0.22 48966 11985.06 20.65 201 10 99 29346 1460 14454 23.1 24.0 23.76 0.01
132300.0 310 37.14 0.16 49646 5497.24 0.36 15886 2298.28 0.22 2339595 523514.98 20.65 310 58.87 0.22 49276 12043.94 20.65 201 10 99 29547 1470 14553 23.2 24.0 23.78 0.01
133200.0 310 37.14 0.16 49956 5534.38 0.36 15882 2297.97 0.22 2355477 525812.95 20.65 310 58.87 0.22 49586 12102.81 20.65 201 10 99 29748 1480 14652 23.2 24.0 23.79 0.01
134100.0 376 37.28 0.16 50332 5571.66 0.36 15942 2297.96 0.22 2371419 528110.91 20.65 370 58.87 0.22 49956 12161.68 20.65 201 10 99 29949 1490 14751 23.2 24.0 23.8 0.01
135000.0 354 37.92 0.36 50686 5609.58 0.36 15922 2297.97 0.22 2387341 530408.88 20.65 350 58.88 0.22 50306 12220.56 20.65 201 10 99 30150 1500 14850 23.2 24.0 23.8 0.01
135900.0 310 37.14 0.16 50996 5646.72 0.36 15880 2297.8 0.22 2403221 532706.68 20.65 310 58.87 0.22 50616 12279.43 20.65 201 10 99 30351 1510 14949 23.3 24.0 23.83 0.01
136800.0 310 37.14 0.16 51306 5683.86 0.36 15879 2297.65 0.22 2419100 535004.33 20.65 310 58.87 0.22 50926 12338.31 20.65 201 10 99 30552 1520 15048 23.3 24.0 23.84 0.01
137700.0 376 37.28 0.16 51682 5721.14 0.36 15938 2297.48 0.22 2435038 537301.81 20.65 370 58.87 0.22 51296 12397.18 20.65 201 10 99 30753 1530 15147 23.3 24.0 23.84 0.01
138600.0 354 37.92 0.36 52036 5759.06 0.36 15914 2297.17 0.22 2450952 539598.98 20.65 350 58.88 0.22 51646 12456.05 20.65 201 10 99 30954 1540 15246 23.3 24.0 23.84 0.01
139500.0 310 37.14 0.16 52346 5796.2 0.36 15874 2297.16 0.22 2466826 541896.14 20.65 310 58.87 0.22 51956 12514.93 20.65 201 10 99 31155 1550 15345 23.4 24.0 23.85 0.01
140400.0 310 37.14 0.16 52656 5833.34 0.36 15874 2297.17 0.22 2482700 544193.31 20.65 310 58.87 0.22 52266 12573.8 20.65 201 10 99 31356 1560 15444 23.4 24.0 23.85 0.01
141300.0 376 37.28 0.16 53032 5870.62 0.36 15930 2296.84 0.22 2498630 546490.15 20.65 370 58.87 0.22 52636 12632.68 20.65 201 10 99 31557 1570 15543 23.4 24.0 23.85 0.01
142200.0 354 37.92 0.36 53386 5908.54 0.36 15910 2296.85 0.22 2514540 548787.0 20.65 350 58.88 0.22 52986 12691.55 20.65 201 10 99 31758 1580 15642 23.4 24.0 23.85 0.01
143100.0 310 37.14 0.16 53696 5945.68 0.36 15870 2296.84 0.22 2530410 551083.84 20.65 310 58.87 0.22 53296 12750.42 20.65 201 10 99 31959 1590 15741 23.5 24.0 23.88 0.01
144000.0 310 37.14 0.16 54006 5982.82 0.36 15869 2296.69 0.22 2546279 553380.53 20.65 310 58.87 0.22 53606 12809.3 20.65 201 10 99 32160 1600 15840 23.5 24.0 23.88 0.01
144900.0 376 37.28 0.16 54382 6020.1 0.36 15929 2296.68 0.22 2562208 555677.21 20.65 370 58.87 0.22 53976 12868.17 20.65 201 10 99 32361 1610 15939 23.5 24.0 23.88 0.01
145800.0 354 37.92 0.36 54736 6058.01 0.36 15908 2296.53 0.22 2578116 557973.75 20.65 350 58.88 0.22 54326 12927.05 20.65 201 10 99 32562 1620 16038 23.5 24.0 23.88 0.01
146700.0 310 37.14 0.16 55046 6095.15 0.36 15863 2295.72 0.22 2593979 560269.46 20.65 310 58.87 0.22 54636 12985.92 20.65 201 10 99 32763 1630 16137 23.6 24.0 23.88 0.01
147600.0 310 37.14 0.16 55356 6132.29 0.36 15863 2295.73 0.22 2609842 562565.19 20.65 310 58.87 0.22 54946 13044.79 20.65 201 10 99 32964 1640 16236 23.6 24.0 23.88 0.01
148500.0 376 37.28 0.16 55732 6169.58 0.36 15921 2295.4 0.22 2625763 564860.59 20.65 370 58.87 0.22 55316 13103.67 20.65 201 10 99 33165 1650 16335 23.6 24.0 23.88 0.01
149400.0 354 37.92 0.36 56086 6207.49 0.36 15894 2294.45 0.22 2641657 567155.05 20.65 350 58.88 0.22 55666 13162.54 20.65 201 10 99 33366 1660 16434 23.6 24.0 23.88 0.01
150300.0 310 37.14 0.16 56396 6244.63 0.36 15854 2294.44 0.22 2657511 569449.48 20.65 310 58.87 0.22 55976 13221.41 20.65 201 10 99 33567 1670 16533 23.7 24.0 23.89 0.01
151200.0 310 37.14 0.16 56706 6281.77 0.36 15852 2294.45 0.22 2673363 571743.94 20.65 310 58.87 0.22 56286 13280.29 20.65 201 10 99 33768 1680 16632 23.7 24.0 23.9 0.01
152100.0 376 37.28 0.16 57082 6319.06 0.36 15911 2294.44 0.22 2689274 574038.38 20.65 370 58.87 0.22 56656 13339.16 20.65 201 10 99 33969 1690 16731 23.7 24.0 23.9 0.01
153000.0 354 37.92 0.36 57436 6356.97 0.36 15891 2294.45 0.22 2705165 576332.83 20.65 350 58.88 0.22 57006 13398.04 20.65 201 10 99 34170 1700 16830 23.7 24.0 23.9 0.01
153900.0 310 37.14 0.16 57746 6394.11 0.36 15851 2294.44 0.22 2721016 578627.27 20.65 310 58.87 0.22 57316 13456.91 20.65 201 10 99 34371 1710 16929 23.6 24.0 23.89 0.01
154800.0 310 37.14 0.16 58056 6431.25 0.36 15847 2293.97 0.22 2736863 580921.24 20.65 310 58.87 0.22 57626 13515.78 20.65 201 10 99 34572 1720 17028 23.6 24.0 23.89 0.01
155700.0 376 37.28 0.16 58432 6468.54 0.36 15907 2293.96 0.22 2752770 583215.2 20.65 370 58.87 0.22 57996 13574.66 20.65 201 10 99 34773 1730 17127 23.6 24.0 23.89 0.01
156600.0 354 37.92 0.36 58786 6506.45 0.36 15885 2293.65 0.22 2768655 585508.85 20.65 350 58.88 0.22 58346 13633.53 20.65 201 10 99 34974 1740 17226 23.6 24.0 23.89 0.01
157500.0 310 37.14 0.16 59096 6543.59 0.36 15844 2293.48 0.22 2784499 587802.33 20.65 310 58.87 0.22 58656 13692.41 20.65 201 10 99 35175 1750 17325 23.5 24.0 23.88 0.01
158400.0 310 37.14 0.16 59406 6580.73 0.36 15844 2293.49 0.22 2800343 590095.82 20.65 310 58.87 0.22 58966 13751.28 20.65 201 10 99 35376 1760 17424 23.5 24.0 23.88 0.01
159300.0 376 37.28 0.16 59782 6618.02 0.36 15900 2293.16 0.22 2816243 592388.98 20.65 370 58.87 0.22 59336 13810.15 20.65 201 10 99 35577 1770 17523 23.5 24.0 23.88 0.01
160200.0 354 37.92 0.36 60136 6655.93 0.36 15876 2292.69 0.22 2832119 594681.67 20.65 350 58.88 0.22 59686 13869.03 20.65 201 10 99 35778 1780 17622 23.5 24.0 23.88 0.01
161100.0 310 37.14 0.16 60446 6693.07 0.36 15836 2292.68 0.22 2847955 596974.35 20.65 310 58.87 0.22 59996 13927.9 20.65 201 10 99 35979 1790 17721 23.4 24.0 23.86 0.01
162000.0 310 37.14 0.16 60756 6730.21 0.36 15835 2292.53 0.22 2863790 599266.88 20.65 310 58.87 0.22 60306 13986.78 20.65 201 10 99 36180 1800 17820 23.4 24.0 23.86 0.01
162900.0 376 37.28 0.16 61132 6767.49 0.36 15894 2292.52 0.22 2879684 601559.4 20.65 370 58.87 0.22 60676 14045.65 20.65 201 10 99 36381 1810 17919 23.4 24.0 23.86 0.01
163800.0 354 37.92 0.36 61486 6805.41 0.36 15874 2292.53 0.22 2895558 603851.93 20.65 350 58.88 0.22 61026 14104.53 20.65 201 10 99 36582 1820 18018 23.4 24.0 23.86 0.01
164700.0 310 37.14 0.16 61796 6842.55 0.36 15833 2292.36 0.22 2911391 606144.29 20.65 310 58.87 0.22 61336 14163.4 20.65 201 10 99 36783 1830 18117 23.3 24.0 23.83 0.02
165600.0 310 37.14 0.16 62106 6879.69 0.36 15832 2292.21 0.22 2927223 608436.5 20.65 310 58.87 0.22 61646 14222.27 20.65 201 10 99 36984 1840 18216 23.3 24.0 23.82 0.02
166500.0 376 37.28 0.16 62482 6916.97 0.36 15892 2292.2 0.22 2943115 610728.7 20.65 370 58.87 0.22 62016 14281.15 20.65 201 10 99 37185 1850 18315 23.3 24.0 23.82 0.02
167400.0 354 37.92 0.36 62836 6954.89 0.36 15871 2292.05 0.22 2958986 613020.75 20.65 350 58.88 0.22 62366 14340.02 20.65 201 10 99 37386 1860 18414 23.3 24.0 23.82 0.02
168300.0 310 37.14 0.16 63146 6992.03 0.36 15831 2292.04 0.22 2974817 615312.79 20.65 310 58.87 0.22 62676 14398.89 20.65 201 10 99 37587 1870 18513 23.2 24.0 23.8 0.02
169200.0 310 37.14 0.16 63456 7029.17 0.36 15828 2291.57 0.22 2990645 617604.36 20.65 310 58.87 0.22 62986 14457.77 20.65 201 10 99 37788 1880 18612 23.2 24.0 23.79 0.02
170100.0 376 37.28 0.16 63832 7066.45 0.36 15888 2291.56 0.22 3006533 619895.92 20.65 370 58.87 0.22 63356 14516.64 20.65 201 10 99 37989 1890 18711 23.2 24.0 23.79 0.02
171000.0 354 37.92 0.36 64186 7104.37 0.36 15865 2291.25 0.22 3022398 622187.18 20.65 350 58.88 0.22 63706 14575.52 20.65 201 10 99 38190 1900 18810 23.2 24.0 23.79 0.02
171900.0 310 37.14 0.16 64496 7141.51 0.36 15822 2290.92 0.22 3038220 624478.09 20.65 310 58.87 0.22 64016 14634.39 20.65 201 10 99 38391 1910 18909 23.1 24.0 23.76 0.03
172800.0 310 37.14 0.16 64806 7178.65 0.36 15820 2290.61 0.22 3054040 626768.7 20.65 310 58.87 0.22 64326 14693.26 20.65 201 10 99 38592 1920 19008 23.1 24.0 23.74 0.02
173700.0 376 37.28 0.16 65182 7215.93 0.36 15876 2289.96 0.22 3069916 629058.66 20.65 370 58.87 0.22 64696 14752.14 20.65 201 10 99 38793 1930 19107 23.1 24.0 23.74 0.02
174600.0 354 37.92 0.36 65536 7253.85 0.36 15856 2289.97 0.22 3085772 631348.64 20.65 350 58.88 0.22 65046 14811.01 20.65 201 10 99 38994 1940 19206 23.1 24.0 23.74 0.02
175500.0 310 37.14 0.16 65846 7290.99 0.36 15817 2290.44 0.22 3101589 633639.07 20.65 310 58.87 0.22 65356 14869.89 20.65 201 10 99 39195 1950 19305 22.9 24.0 23.69 0.03
176400.0 310 37.14 0.16 66156 7328.13 0.36 15813 2290.29 0.22 3117402 635929.37 20.65 310 58.87 0.22 65666 14928.76 20.65 201 10 99 39396 1960 19404 22.9 23.9 23.68 0.03
177300.0 376 37.28 0.16 66532 7365.41 0.36 15872 2290.28 0.22 3133274 638219.65 20.65 370 58.87 0.22 66036 14987.63 20.65 201 10 99 39597 1970 19503 22.9 23.9 23.68 0.03
178200.0 354 37.92 0.36 66886 7403.33 0.36 15848 2289.65 0.22 3149122 640509.3 20.65 350 58.88 0.22 66386 15046.51 20.65 201 10 99 39798 1980 19602 22.9 23.9 23.68 0.03
179100.0 310 37.14 0.16 67196 7440.47 0.36 15811 2290.12 0.22 3164933 642799.42 20.65 310 58.87 0.22 66696 15105.38 20.65 201 10 99 39999 1990 19701 22.8 23.9 23.62 0.03
180000.0 310 37.14 0.16 67506 7477.61 0.36 15816 2290.93 0.22 3180749 645090.35 20.65 310 58.87 0.22 67006 15164.25 20.65 201 10 99 40200 2000 19800 22.8 23.9 23.58 0.02
180900.0 376 37.28 0.16 67882 7514.89 0.36 15875 2290.76 0.22 3196624 647381.11 20.65 370 58.87 0.22 67376 15223.13 20.65 201 10 99 40401 2010 19899 22.8 23.9 23.58 0.02
181800.0 354 37.92 0.36 68236 7552.81 0.36 15847 2289.81 0.22 3212471 649670.92 20.65 350 58.88 0.22 67726 15282.0 20.65 201 10 99 40602 2020 19998 22.8 23.9 23.58 0.02
182700.0 310 37.14 0.16 68546 7589.95 0.36 15812 2290.12 0.22 3228283 651961.04 20.65 310 58.87 0.22 68036 15340.88 20.65 201 10 99 40803 2030 20097 22.7 23.8 23.49 0.03
183600.0 310 37.14 0.16 68856 7627.09 0.36 15807 2289.97 0.22 3244090 654251.01 20.65 310 58.87 0.22 68346 15399.75 20.65 201 10 99 41004 2040 20196 22.7 23.8 23.45 0.02
184500.0 376 37.28 0.16 69232 7664.37 0.36 15862 2289.32 0.22 3259952 656540.33 20.65 370 58.87 0.22 68716 15458.62 20.65 201 10 99 41205 2050 20295 22.7 23.8 23.45 0.02
185400.0 354 37.92 0.36 69586 7702.29 0.36 15836 2288.85 0.22 3275788 658829.18 20.65 350 58.88 0.22 69066 15517.5 20.65 201 10 99 41406 2060 20394 22.7 23.8 23.45 0.02
186300.0 310 37.14 0.16 69896 7739.43 0.36 15803 2289.8 0.22 3291591 661118.98 20.65 310 58.87 0.22 69376 15576.37 20.65 201 10 99 41607 2070 20493 22.4 23.7 23.33 0.03
187200.0 310 37.14 0.16 70206 7776.57 0.36 15799 2288.85 0.22 3307390 663407.83 20.65 310 58.87 0.22 69686 15635.25 20.65 201 10 99 41808 2080 20592 22.4 23.7 23.27 0.02
188100.0 376 37.28 0.16 70582 7813.85 0.36 15858 2288.84 0.22 3323248 665696.67 20.65 370 58.87 0.22 70056 15694.12 20.65 201 10 99 42009 2090 20691 22.4 23.7 23.27 0.02
189000.0 354 37.92 0.36 70936 7851.77 0.36 15836 2288.69 0.22 3339084 667985.36 20.65 350 58.88 0.22 70406 15753.0 20.65 201 10 99 42210 2100 20790 22.4 23.7 23.27 0.02
189900.0 310 37.14 0.16 71246 7888.91 0.36 15793 2288.2 0.22 3354877 670273.56 20.65 310 58.87 0.22 70716 15811.87 20.65 201 10 99 42411 2110 20889 22.1 23.5 23.1 0.03
190800.0 310 37.14 0.16 71556 7926.05 0.36 15792 2288.21 0.22 3370669 672561.77 20.65 310 58.87 0.22 71026 15870.74 20.65 201 10 99 42612 2120 20988 22.1 23.5 23.02 0.02
191700.0 376 37.28 0.16 71932 7963.33 0.36 15849 2287.72 0.22 3386518 674849.49 20.65 370 58.87 0.22 71396 15929.62 20.65 201 10 99 42813 2130 21087 22.1 23.5 23.02 0.02
192600.0 354 37.92 0.36 72286 8001.25 0.36 15823 2287.57 0.22 3402341 677137.06 20.65 350 58.88 0.22 71746 15988.49 20.65 201 10 99 43014 2140 21186 22.1 23.5 23.02 0.02
193500.0 310 37.14 0.16 72596 8038.39 0.36 15784 2287.72 0.22 3418125 679424.78 20.65 310 58.87 0.22 72056 16047.36 20.65 201 10 99 43215 2150 21285 22.0 23.3 22.83 0.03
194400.0 310 37.14 0.16 72906 8075.53 0.36 15784 2287.89 0.22 3433909 681712.67 20.65 310 58.87 0.22 72366 16106.24 20.65 201 10 99 43416 2160 21384 22.0 23.3 22.73 0.02
195300.0 376 37.28 0.16 73282 8112.81 0.36 15837 2287.08 0.22 3449746 683999.75 20.65 370 58.87 0.22 72736 16165.11 20.65 201 10 99 43617 2170 21483 22.0 23.3 22.73 0.02
196200.0 354 37.92 0.36 73636 8150.73 0.36 15815 2286.93 0.22 3465561 686286.68 20.65 350 58.88 0.22 73086 16223.99 20.65 201 10 99 43818 2180 21582 22.0 23.3 22.73 0.02
197100.0 310 37.14 0.16 73946 8187.87 0.36 15780 2286.92 0.22 3481341 688573.6 20.65 310 58.87 0.22 73396 16282.86 20.65 201 10 99 44019 2190 21681 22.0 23.1 22.54 0.02
198000.0 310 37.14 0.16 74256 8225.01 0.36 15757 2284.69 0.22 3497098 690858.29 20.65 310 58.87 0.22 73706 16341.73 20.65 201 10 99 44220 2200 21780 22.0 23.1 22.42 0.02
198900.0 376 37.28 0.16 74632 8262.29 0.36 15817 2284.68 0.22 3512915 693142.97 20.65 370 58.87 0.22 74076 16400.61 20.65 201 10 99 44421 2210 21879 22.0 23.1 22.42 0.02
199800.0 354 37.92 0.36 74986 8300.2 0.36 15792 2284.05 0.22 3528707 695427.02 20.65 350 58.88 0.22 74426 16459.48 20.65 201 10 99 44622 2220 21978 22.0 23.1 22.42 0.02
200700.0 310 37.14 0.16 75296 8337.34 0.36 15762 2285.48 0.22 3544469 697712.5 20.65 310 58.87 0.22 74736 16518.36 20.65 201 10 99 44823 2230 22077 22.0 22.8 22.26 0.01
201600.0 310 37.14 0.16 75606 8374.48 0.36 15762 2285.49 0.22 3560231 699997.99 20.65 310 58.87 0.22 75046 16577.23 20.65 201 10 99 45024 2240 22176 22.0 22.8 22.19 0.02
202500.0 376 37.28 0.16 75982 8411.77 0.36 15822 2285.48 0.22 3576053 702283.47 20.65 370 58.87 0.22 75416 16636.1 20.65 201 10 99 45225 2250 22275 22.0 22.8 22.19 0.02
203400.0 354 37.92 0.36 76336 8449.68 0.36 15797 2284.69 0.22 3591850 704568.16 20.65 350 58.88 0.22 75766 16694.98 20.65 201 10 99 45426 2260 22374 22.0 22.8 22.19 0.02
204300.0 310 37.14 0.16 76646 8486.82 0.36 15765 2285.48 0.22 3607615 706853.64 20.65 310 58.87 0.22 76076 16753.85 20.65 201 10 99 45627 2270 22473 22.0 22.6 22.07 0.01
205200.0 310 37.14 0.16 76956 8523.96 0.36 15764 2285.33 0.22 3623379 709138.97 20.65 310 58.87 0.22 76386 16812.73 20.65 201 10 99 45828 2280 22572 22.0 22.6 22.06 0.01
206100.0 376 37.28 0.16 77332 8561.24 0.36 15824 2285.32 0.22 3639203 711424.29 20.65 370 58.87 0.22 76756 16871.6 20.65 201 10 99 46029 2290 22671 22.0 22.6 22.06 0.01
207000.0 354 37.92 0.36 77686 8599.16 0.36 15794 2284.37 0.22 3654997 713708.66 20.65 350 58.88 0.22 77106 16930.47 20.65 201 10 99 46230 2300 22770 22.0 22.6 22.06 0.01
207900.0 310 37.14 0.16 77996 8636.3 0.36 15759 2285.16 0.22 3670756 715993.82 20.65 310 58.87 0.22 77416 16989.35 20.65 201 10 99 46431 2310 22869 22.0 22.2 22.02 0.0
208800.0 310 37.14 0.16 78306 8673.44 0.36 15754 2284.53 0.22 3686510 718278.35 20.65 310 58.87 0.22 77726 17048.22 20.65 201 10 99 46632 2320 22968 22.0 22.2 22.02 0.0
209700.0 376 37.28 0.16 78682 8710.72 0.36 15814 2284.52 0.22 3702324 720562.87 20.65 370 58.87 0.22 78096 17107.1 20.65 201 10 99 46833 2330 23067 22.0 22.2 22.02 0.0
210600.0 354 37.92 0.36 79036 8748.64 0.36 15787 2283.73 0.22 3718111 722846.6 20.65 350 58.88 0.22 78446 17165.97 20.65 201 10 99 47034 2340 23166 22.0 22.2 22.02 0.0
211500.0 310 37.14 0.16 79346 8785.78 0.36 15746 2283.88 0.22 3733857 725130.48 20.65 310 58.87 0.22 78756 17224.84 20.65 201 10 99 47235 2350 23265 22.0 22.0 22.0 0.0
212400.0 310 37.14 0.16 79656 8822.92 0.36 15746 2283.89 0.22 3749603 727414.37 20.65 310 58.87 0.22 79066 17283.72 20.65 201 10 99 47436 2360 23364 22.0 22.0 22.0 0.0
213300.0 376 37.28 0.16 80032 8860.2 0.36 15803 2283.72 0.22 3765406 729698.09 20.65 370 58.87 0.22 79436 17342.59 20.65 201 10 99 47637 2370 23463 22.0 22.0 22.0 0.0
214200.0 354 37.92 0.36 80386 8898.12 0.36 15776 2283.09 0.22 3781182 731981.18 20.65 350 58.88 0.22 79786 17401.47 20.65 201 10 99 47838 2380 23562 22.0 22.0 22.0 0.0
215100.0 310 37.14 0.16 80696 8935.26 0.36 15734 2282.92 0.22 3796916 734264.09 20.65 310 58.87 0.22 80096 17460.34 20.65 201 10 99 48039 2390 23661 22.0 22.0 22.0 0.0
216000.0 310 37.14 0.16 81006 8972.4 0.36 15729 2282.45 0.22 3812645 736546.55 20.65 310 58.87 0.22 80406 17519.21 20.65 201 10 99 48240 2400 23760 22.0 22.0 22.0 0.0
216900.0 376 37.28 0.16 81382 9009.68 0.36 15788 2282.44 0.22 3828433 738828.98 20.65 370 58.87 0.22 80776 17578.09 20.65 201 10 99 48441 2410 23859 22.0 22.0 22.0 0.0
217800.0 354 37.92 0.36 81736 9047.6 0.36 15767 2282.29 0.22 3844200 741111.28 20.65 350 58.88 0.22 81126 17636.96 20.65 201 10 99 48642 2420 23958 22.0 22.0 22.0 0.0
218700.0 310 37.14 0.16 82046 9084.74 0.36 15718 2281.32 0.22 3859918 743392.59 20.65 310 58.87 0.22 81436 17695.83 20.65 201 10 99 48843 2430 24057 22.0 22.0 22.0 0.0
219600.0 310 37.14 0.16 82356 9121.88 0.36 15713 2280.53 0.22 3875631 745673.12 20.65 310 58.87 0.22 81746 17754.71 20.65 201 10 99 49044 2440 24156 22.0 22.0 22.0 0.0
220500.0 376 37.28 0.16 82732 9159.16 0.36 15773 2280.52 0.22 3891404 747953.64 20.65 370 58.87 0.22 82116 17813.58 20.65 201 10 99 49245 2450 24255 22.0 22.0 22.0 0.0
221400.0 354 37.92 0.36 83086 9197.08 0.36 15751 2290.15 0.22 3907155 750243.79 20.65 350 59.07 0.22 82466 17872.66 20.65 201 10 99 49446 2460 24354 21.7 22.0 22.0 0.0
222300.0 310 37.14 0.16 83396 9234.23 0.36 15802 2300.53 0.22 3922957 752544.32 20.65 310 59.1 0.22 82776 17931.75 20.65 201 10 99 49647 2470 24453 19.8 22.0 21.08 0.07
223200.0 310 37.14 0.16 83706 9271.37 0.36 15819 2302.67 0.22 3938776 754846.99 20.65 310 59.1 0.22 83086 17990.85 20.65 201 10 99 49848 2480 24552 19.8 22.0 20.57 0.13
224100.0 376 37.29 0.16 84082 9308.66 0.36 15879 2302.61 0.22 3954655 757149.6 20.65 370 59.1 0.22 83456 18049.95 20.65 201 10 99 50049 2490 24651 19.8 21.8 20.56 0.13
225000.0 354 37.92 0.36 84436 9346.58 0.36 15856 2299.52 0.22 3970511 759449.12 20.65 350 59.05 0.22 83806 18109.0 20.65 201 10 99 50250 2500 24750 19.8 21.8 20.56 0.13
225900.0 310 37.14 0.16 84746 9383.72 0.36 15822 2300.15 0.22 3986333 761749.27 20.65 310 59.04 0.22 84116 18168.04 20.65 201 10 99 50451 2510 24849 19.8 21.7 20.5 0.12
226800.0 310 37.14 0.16 85056 9420.87 0.36 15824 2300.34 0.22 4002157 764049.61 20.65 310 59.05 0.22 84426 18227.09 20.65 201 10 99 50652 2520 24948 19.8 21.7 20.46 0.14
227700.0 376 37.29 0.16 85432 9458.15 0.36 15883 2300.15 0.22 4018040 766349.76 20.65 370 59.05 0.22 84796 18286.14 20.65 201 10 99 50853 2530 25047 19.8 21.7 20.46 0.14
228600.0 354 37.92 0.36 85786 9496.07 0.36 15855 2299.76 0.22 4033895 768649.52 20.65 350 59.05 0.22 85146 18345.19 20.65 201 10 99 51054 2540 25146 19.8 21.7 20.46 0.14
229500.0 310 37.14 0.16 86096 9533.22 0.36 15820 2299.36 0.22 4049715 770948.87 20.65 310 59.03 0.22 85456 18404.22 20.65 201 10 99 51255 2550 25245 19.8 21.6 20.46 0.13
230400.0 310 37.14 0.16 86406 9570.36 0.36 15820 2299.4 0.22 4065535 773248.27 20.65 310 59.04 0.22 85766 18463.26 20.65 201 10 99 51456 2560 25344 19.9 21.6 20.45 0.14
231300.0 376 37.28 0.16 86782 9607.65 0.36 15879 2299.2 0.22 4081414 775547.48 20.65 370 59.03 0.22 86136 18522.29 20.65 201 10 99 51657 2570 25443 19.8 21.6 20.45 0.14
232200.0 354 37.92 0.36 87136 9645.57 0.36 15852 2299.27 0.22 4097266 777846.74 20.65 350 59.05 0.22 86486 18581.34 20.65 201 10 99 51858 2580 25542 19.8 21.6 20.45 0.14
233100.0 310 37.14 0.16 87446 9682.71 0.36 15815 2300.54 0.22 4113081 780147.29 20.65 310 59.06 0.22 86796 18640.4 20.65 201 10 99 52059 2590 25641 19.8 21.5 20.5 0.14
234000.0 310 37.14 0.16 87756 9719.86 0.36 15814 2300.58 0.22 4128895 782447.87 20.65 310 59.07 0.22 87106 18699.47 20.65 201 10 99 52260 2600 25740 19.8 21.5 20.49 0.15
234900.0 376 37.29 0.16 88132 9757.14 0.36 15874 2300.55 0.22 4144769 784748.42 20.65 370 59.06 0.22 87476 18758.53 20.65 201 10 99 52461 2610 25839 19.8 21.5 20.49 0.15
235800.0 354 37.92 0.36 88486 9795.06 0.36 15846 2296.95 0.22 4160615 787045.37 20.65 350 59.01 0.22 87826 18817.54 20.65 201 10 99 52662 2620 25938 19.8 21.5 20.49 0.15
236700.0 310 37.14 0.16 88796 9832.21 0.36 15811 2292.42 0.22 4176426 789337.79 20.65 310 58.91 0.22 88136 18876.45 20.65 201 10 99 52863 2630 26037 19.8 21.4 20.54 0.15
237600.0 310 37.14 0.16 89106 9869.35 0.36 15809 2292.27 0.22 4192235 791630.07 20.65 310 58.91 0.22 88446 18935.37 20.65 201 10 99 53064 2640 26136 19.8 21.4 20.55 0.14
238500.0 376 37.28 0.16 89482 9906.63 0.36 15868 2292.1 0.22 4208103 793922.17 20.65 370 58.91 0.22 88816 18994.28 20.65 201 10 99 53265 2650 26235 19.7 21.4 20.55 0.15
239400.0 354 37.92 0.36 89836 9944.55 0.36 15836 2299.13 0.22 4223939 796221.3 20.65 350 59.08 0.22 89166 19053.36 20.65 201 10 99 53466 2660 26334 19.7 21.4 20.55 0.15
240300.0 310 37.14 0.16 90146 9981.69 0.36 15799 2299.08 0.22 4239738 798520.38 20.65 310 59.07 0.22 89476 19112.43 20.65 201 10 99 53667 2670 26433 19.7 21.6 20.6 0.16
241200.0 310 37.14 0.16 90456 10018.83 0.36 15794 2298.49 0.22 4255532 800818.87 20.65 310 59.07 0.22 89786 19171.5 20.65 201 10 99 53868 2680 26532 19.7 21.6 20.6 0.16
242100.0 376 37.29 0.16 90832 10056.12 0.36 15853 2298.28 0.22 4271385 803117.16 20.65 370 59.07 0.22 90156 19230.57 20.65 201 10 99 54069 2690 26631 19.7 21.6 20.6 0.16
243000.0 354 37.92 0.36 91186 10094.04 0.36 15829 2295.47 0.22 4287214 805412.62 20.65 350 59.03 0.22 90506 19289.6 20.65 201 10 99 54270 2700 26730 19.7 21.6 20.6 0.16
243900.0 310 37.14 0.16 91496 10131.18 0.36 15796 2296.6 0.22 4303010 807709.22 20.65 310 59.02 0.22 90816 19348.62 20.65 201 10 99 54471 2710 26829 19.7 21.8 20.65 0.17
244800.0 310 37.14 0.16 91806 10168.33 0.36 15793 2296.32 0.22 4318803 810005.54 20.65 310 59.03 0.22 91126 19407.65 20.65 201 10 99 54672 2720 26928 19.7 21.8 20.64 0.17
245700.0 376 37.29 0.16 92182 10205.61 0.36 15852 2296.28 0.22 4334655 812301.82 20.65 370 59.03 0.22 91496 19466.68 20.65 201 10 99 54873 2730 27027 19.6 21.8 20.64 0.17
246600.0 354 37.92 0.36 92536 10243.54 0.36 15814 2296.96 0.22 4350469 814598.78 20.65 350 59.09 0.22 91846 19525.76 20.65 201 10 99 55074 2740 27126 19.6 21.8 20.64 0.17
247500.0 310 37.14 0.16 92846 10280.68 0.36 15796 2298.4 0.22 4366265 816897.18 20.65 310 59.07 0.22 92156 19584.83 20.65 201 10 99 55275 2750 27225 19.6 21.9 20.63 0.18
248400.0 310 37.14 0.16 93156 10317.82 0.36 15794 2298.47 0.22 4382059 819195.64 20.65 310 59.08 0.22 92466 19643.91 20.65 201 10 99 55476 2760 27324 19.6 21.9 20.63 0.18
249300.0 376 37.29 0.16 93532 10355.11 0.36 15848 2297.92 0.22 4397907 821493.57 20.65 370 59.07 0.22 92836 19702.98 20.65 201 10 99 55677 2770 27423 19.5 21.9 20.62 0.18
250200.0 354 37.92 0.36 93886 10393.03 0.36 15805 2292.21 0.22 4413712 823785.77 20.65 350 59.02 0.22 93186 19762.0 20.65 201 10 99 55878 2780 27522 19.5 21.9 20.62 0.18
251100.0 310 37.14 0.16 94196 10430.17 0.36 15785 2294.45 0.22 4429497 826080.23 20.65 310 59.01 0.22 93496 19821.01 20.65 201 10 99 56079 2790 27621 19.5 22.0 20.6 0.2
252000.0 310 37.14 0.16 94506 10467.32 0.36 15791 2295.29 0.22 4445288 828375.52 20.65 310 59.02 0.22 93806 19880.02 20.65 201 10 99 56280 2800 27720 19.5 22.0 20.56 0.22
252900.0 376 37.29 0.16 94882 10504.6 0.36 15851 2295.25 0.22 4461139 830670.77 20.65 370 59.01 0.22 94176 19939.03 20.65 201 10 99 56481 2810 27819 19.5 22.0 20.56 0.22
253800.0 354 37.92 0.36 95236 10542.52 0.36 15816 2293.54 0.22 4476955 832964.31 20.65 350 59.02 0.22 94526 19998.06 20.65 201 10 99 56682 2820 27918 19.5 22.0 20.56 0.22
254700.0 310 37.14 0.16 95546 10579.67 0.36 15818 2298.83 0.22 4492773 835263.15 20.65 310 59.02 0.22 94836 20057.07 20.65 201 10 99 56883 2830 28017 19.5 21.8 20.43 0.21
255600.0 310 37.14 0.16 95856 10616.81 0.36 15826 2299.36 0.22 4508599 837562.51 20.65 310 59.03 0.22 95146 20116.1 20.65 201 10 99 57084 2840 28116 19.5 21.8 20.4 0.23
256500.0 376 37.29 0.16 96232 10654.1 0.36 15886 2299.32 0.22 4524485 839861.82 20.65 370 59.02 0.22 95516 20175.12 20.65 201 10 99 57285 2850 28215 19.3 21.8 20.39 0.23
257400.0 354 37.92 0.36 96586 10692.02 0.36 15842 2296.01 0.22 4540327 842157.83 20.65 350 59.02 0.22 95866 20234.14 20.65 201 10 99 57486 2860 28314 19.3 21.8 20.39 0.23
258300.0 310 37.14 0.16 96896 10729.16 0.36 15833 2300.47 0.22 4556160 844458.3 20.65 310 59.03 0.22 96176 20293.17 20.65 201 10 99 57687 2870 28413 19.3 21.8 20.21 0.23
259200.0 310 37.14 0.16 97206 10766.3 0.36 15836 2300.99 0.22 4571996 846759.29 20.65 310 59.03 0.22 96486 20352.2 20.65 201 10 99 57888 2880 28512 19.3 21.6 20.15 0.26
260100.0 376 37.29 0.16 97582 10803.59 0.36 15896 2300.96 0.22 4587892 849060.25 20.65 370 59.03 0.22 96856 20411.23 20.65 201 10 99 58089 2890 28611 19.2 21.6 20.15 0.26
261000.0 356 37.99 0.36 97938 10841.58 0.36 16183 171015.33 20.63 4604075 1020075.58 20.65 352 3321.12 20.63 97208 23732.35 20.65 201 10 99 58290 2900 28710 19.2 21.6 20.15 0.26
261900.0 310 37.14 0.16 98248 10878.72 0.36 15848 2296.41 0.22 4619923 1022371.99 20.65 310 58.92 0.22 97518 23791.27 20.65 201 10 99 58491 2910 28809 18.9 21.6 19.67 0.2
262800.0 310 37.14 0.16 98558 10915.86 0.36 15851 2296.92 0.22 4635774 1024668.91 20.65 310 58.92 0.22 97828 23850.19 20.65 201 10 99 58692 2920 28908 18.9 20.8 19.61 0.24
263700.0 376 37.28 0.16 98934 10953.14 0.36 15911 2296.89 0.22 4651685 1026965.8 20.65 370 58.92 0.22 98198 23909.1 20.65 201 10 99 58893 2930 29007 18.9 20.8 19.62 0.24
264600.0 356 38.0 0.36 99290 10991.14 0.36 16199 171124.59 20.64 4667884 1198090.39 20.65 352 3324.5 20.64 98550 27233.6 20.65 201 10 99 59094 2940 29106 18.4 20.8 19.61 0.25
265500.0 310 37.18 0.16 99600 11028.32 0.36 15914 2350.84 0.22 4683798 1200441.22 20.65 310 59.82 0.22 98860 27293.43 20.65 201 10 99 59295 2950 29205 17.3 20.2 18.11 0.15
266400.0 310 37.18 0.16 99910 11065.49 0.36 15921 2351.52 0.22 4699719 1202792.74 20.65 310 59.82 0.22 99170 27353.25 20.65 201 10 99 59496 2960 29304 17.3 18.8 17.8 0.02
267300.0 376 37.32 0.16 100286 11102.81 0.36 15981 2351.47 0.22 4715700 1205144.22 20.65 370 59.82 0.22 99540 27413.07 20.65 201 10 99 59697 2970 29403 17.3 18.8 17.8 0.02
268200.0 356 38.02 0.36 100642 11140.83 0.36 16272 171141.12 20.64 4731972 1376285.34 20.65 352 3324.02 20.64 99892 30737.09 20.65 201 10 99 59898 2980 29502 17.3 18.8 17.8 0.02
269100.0 310 37.17 0.16 100952 11178.01 0.36 15920 2348.34 0.22 4747892 1378633.68 20.65 310 59.76 0.22 100202 30796.85 20.65 201 10 99 60099 2990 29601 17.3 18.7 17.78 0.02
270000.0 310 37.17 0.16 101262 11215.18 0.36 15921 2348.55 0.22 4763813 1380982.23 20.65 310 59.76 0.22 100512 30856.62 20.65 201 10 99 60300 3000 29700 17.3 18.7 17.76 0.02
270900.0 376 37.32 0.16 101638 11252.5 0.36 15980 2348.5 0.22 4779793 1383330.73 20.65 370 59.76 0.22 100882 30916.38 20.65 201 10 99 60501 3010 29799 17.3 18.7 17.76 0.02
271800.0 354 37.95 0.36 101992 11290.45 0.36 15958 2347.15 0.22 4795751 1385677.89 20.65 350 59.74 0.22 101232 30976.12 20.65 201 10 99 60702 3020 29898 17.3 18.7 17.76 0.02
272700.0 310 37.17 0.16 102302 11327.62 0.36 15918 2347.12 0.22 4811669 1388025.01 20.65 310 59.74 0.22 101542 31035.86 20.65 201 10 99 60903 3030 29997 17.3 18.6 17.74 0.02
273600.0 310 37.17 0.16 102612 11364.79 0.36 15918 2347.15 0.22 4827587 1390372.16 20.65 310 59.74 0.22 101852 31095.59 20.65 201 10 99 61104 3040 30096 17.3 18.6 17.73 0.02
274500.0 376 37.32 0.16 102988 11402.11 0.36 15976 2346.8 0.22 4843563 1392718.96 20.65 370 59.74 0.22 102222 31155.33 20.65 201 10 99 61305 3050 30195 17.3 18.6 17.73 0.02
275400.0 354 37.95 0.36 103342 11440.07 0.36 15955 2352.35 0.22 4859518 1395071.31 20.65 350 59.85 0.22 102572 31215.18 20.65 201 10 99 61506 3060 30294 17.3 18.6 17.73 0.02
276300.0 310 37.17 0.16 103652 11477.24 0.36 15916 2348.18 0.22 4875434 1397419.49 20.65 310 59.77 0.22 102882 31274.95 20.65 201 10 99 61707 3070 30393 17.3 18.5 17.72 0.02
277200.0 310 37.17 0.16 103962 11514.41 0.36 15915 2348.06 0.22 4891349 1399767.54 20.65 310 59.77 0.22 103192 31334.71 20.65 201 10 99 61908 3080 30492 17.3 18.5 17.7 0.02
278100.0 376 37.31 0.16 104338 11551.73 0.36 15975 2348.02 0.22 4907324 1402115.57 20.65 370 59.77 0.22 103562 31394.48 20.65 201 10 99 62109 3090 30591 17.3 18.5 17.7 0.02
279000.0 354 37.95 0.36 104692 11589.67 0.36 15953 2343.62 0.22 4923277 1404459.18 20.65 350 59.68 0.22 103912 31454.17 20.65 201 10 99 62310 3100 30690 17.3 18.5 17.7 0.02
279900.0 310 37.17 0.16 105002 11626.85 0.36 15914 2347.86 0.22 4939191 1406807.04 20.65 310 59.76 0.22 104222 31513.93 20.65 201 10 99 62511 3110 30789 17.3 18.4 17.69 0.02
280800.0 310 37.17 0.16 105312 11664.02 0.36 15915 2347.91 0.22 4955106 1409154.95 20.65 310 59.76 0.22 104532 31573.69 20.65 201 10 99 62712 3120 30888 17.3 18.4 17.68 0.02
281700.0 376 37.32 0.16 105688 11701.34 0.36 15971 2347.7 0.22 4971077 1411502.65 20.65 370 59.76 0.22 104902 31633.46 20.65 201 10 99 62913 3130 30987 17.3 18.4 17.68 0.02
282600.0 354 37.95 0.36 106042 11739.29 0.36 15949 2346.92 0.22 4987026 1413849.57 20.65 350 59.76 0.22 105252 31693.21 20.65 201 10 99 63114 3140 31086 17.3 18.4 17.68 0.02
283500.0 310 37.17 0.16 106352 11776.46 0.36 15913 2342.3 0.22 5002939 1416191.87 20.65 310 59.65 0.22 105562 31752.86 20.65 201 10 99 63315 3150 31185 17.3 18.3 17.67 0.01
284400.0 310 37.17 0.16 106662 11813.63 0.36 15911 2342.03 0.22 5018850 1418533.9 20.65 310 59.65 0.22 105872 31812.51 20.65 201 10 99 63516 3160 31284 17.3 18.3 17.67 0.01
285300.0 376 37.31 0.16 107038 11850.94 0.36 15968 2341.82 0.22 5034818 1420875.72 20.65 370 59.65 0.22 106242 31872.17 20.65 201 10 99 63717 3170 31383 17.3 18.3 17.67 0.01
286200.0 354 37.95 0.36 107392 11888.89 0.36 15943 2340.35 0.22 5050761 1423216.06 20.65 350 59.64 0.22 106592 31931.8 20.65 201 10 99 63918 3180 31482 17.3 18.3 17.67 0.01
287100.0 310 37.17 0.16 107702 11926.06 0.36 15900 2341.07 0.22 5066661 1425557.13 20.65 310 59.65 0.22 106902 31991.46 20.65 201 10 99 64119 3190 31581 17.3 18.2 17.66 0.01
288000.0 310 37.17 0.16 108012 11963.23 0.36 15900 2341.1 0.22 5082561 1427898.23 20.65 310 59.66 0.22 107212 32051.11 20.65 201 10 99 64320 3200 31680 17.3 18.2 17.66 0.01
288900.0 376 37.31 0.16 108388 12000.54 0.36 15960 2341.07 0.22 5098521 1430239.3 20.65 370 59.66 0.22 107582 32110.77 20.65 201 10 99 64521 3210 31779 17.3 18.2 17.66 0.01
289800.0 354 37.95 0.36 108742 12038.49 0.36 15937 2346.45 0.22 5114458 1432585.76 20.65 350 59.77 0.22 107932 32170.54 20.65 201 10 99 64722 3220 31878 17.3 18.2 17.66 0.01
290700.0 310 37.18 0.16 109052 12075.67 0.36 15899 2350.71 0.22 5130357 1434936.47 20.65 310 59.85 0.22 108242 32230.39 20.65 201 10 99 64923 3230 31977 17.3 18.1 17.66 0.01
291600.0 310 37.18 0.16 109362 12112.85 0.36 15899 2350.59 0.22 5146256 1437287.06 20.65 310 59.85 0.22 108552 32290.23 20.65 201 10 99 65124 3240 32076 17.3 18.1 17.66 0.01
292500.0 376 37.32 0.16 109738 12150.17 0.36 15954 2350.07 0.22 5162210 1439637.13 20.65 370 59.85 0.22 108922 32350.08 20.65 201 10 99 65325 3250 32175 17.3 18.1 17.66 0.01
293400.0 354 37.95 0.36 110092 12188.12 0.36 15934 2343.79 0.22 5178144 1441980.92 20.65 350 59.73 0.22 109272 32409.81 20.65 201 10 99 65526 3260 32274 17.3 18.1 17.66 0.01
294300.0 310 37.17 0.16 110402 12225.29 0.36 15899 2344.39 0.22 5194043 1444325.3 20.65 310 59.72 0.22 109582 32469.53 20.65 201 10 99 65727 3270 32373 17.4 18.0 17.66 0.01
295200.0 310 37.17 0.16 110712 12262.46 0.36 15898 2344.11 0.22 5209941 1446669.41 20.65 310 59.72 0.22 109892 32529.25 20.65 201 10 99 65928 3280 32472 17.4 18.0 17.66 0.01
296100.0 376 37.32 0.16 111088 12299.78 0.36 15958 2344.07 0.22 5225899 1449013.48 20.65 370 59.72 0.22 110262 32588.98 20.65 201 10 99 66129 3290 32571 17.4 18.0 17.66 0.01
297000.0 354 37.95 0.36 111442 12337.73 0.36 15931 2349.79 0.22 5241830 1451363.27 20.65 350 59.85 0.22 110612 32648.83 20.65 201 10 99 66330 3300 32670 17.4 18.0 17.66 0.01
297900.0 310 37.18 0.16 111752 12374.91 0.36 15889 2349.27 0.22 5257719 1453712.54 20.65 310 59.85 0.22 110922 32708.67 20.65 201 10 99 66531 3310 32769 17.4 18.0 17.66 0.01
298800.0 310 37.18 0.16 112062 12412.09 0.36 15888 2349.15 0.22 5273607 1456061.69 20.65 310 59.85 0.22 111232 32768.52 20.65 201 10 99 66732 3320 32868 17.4 18.0 17.66 0.01
299700.0 376 37.32 0.16 112438 12449.41 0.36 15948 2349.11 0.22 5289555 1458410.8 20.65 370 59.85 0.22 111602 32828.37 20.65 201 10 99 66933 3330 32967 17.4 18.0 17.66 0.01
300600.0 354 37.95 0.36 112792 12487.36 0.36 15919 2348.51 0.22 5305474 1460759.31 20.65 350 59.85 0.22 111952 32888.22 20.65 201 10 99 67134 3340 33066 17.4 18.0 17.66 0.01
301500.0 310 37.17 0.16 113102 12524.54 0.36 15883 2343.83 0.22 5321357 1463103.14 20.65 310 59.75 0.22 112262 32947.97 20.65 201 10 99 67335 3350 33165 17.4 17.9 17.67 0.01
302400.0 310 37.17 0.16 113412 12561.71 0.36 15885 2344.2 0.22 5337242 1465447.34 20.65 310 59.75 0.22 112572 33007.72 20.65 201 10 99 67536 3360 33264 17.4 17.9 17.66 0.01
303300.0 376 37.32 0.16 113788 12599.03 0.36 15941 2343.67 0.22 5353183 1467791.02 20.65 370 59.75 0.22 112942 33067.47 20.65 201 10 99 67737 3370 33363 17.4 17.9 17.66 0.01
304200.0 354 37.95 0.36 114142 12636.97 0.36 15916 2338.96 0.22 5369099 1470129.98 20.65 350 59.67 0.22 113292 33127.14 20.65 201 10 99 67938 3380 33462 17.4 17.9 17.66 0.01
305100.0 310 37.17 0.16 114452 12674.15 0.36 15877 2344.02 0.22 5384976 1472474.0 20.65 310 59.76 0.22 113602 33186.9 20.65 201 10 99 68139 3390 33561 17.4 17.8 17.66 0.01
306000.0 310 37.17 0.16 114762 12711.32 0.36 15876 2344.07 0.22 5400852 1474818.07 20.65 310 59.76 0.22 113912 33246.67 20.65 201 10 99 68340 3400 33660 17.4 17.9 17.66 0.01
306900.0 376 37.32 0.16 115138 12748.64 0.36 15936 2344.02 0.22 5416788 1477162.09 20.65 370 59.76 0.22 114282 33306.43 20.65 201 10 99 68541 3410 33759 17.4 17.9 17.66 0.01
307800.0 354 37.95 0.36 115492 12786.59 0.36 15911 2347.71 0.22 5432699 1479509.8 20.65 350 59.85 0.22 114632 33366.28 20.65 201 10 99 68742 3420 33858 17.4 17.9 17.66 0.01
308700.0 310 37.18 0.16 115802 12823.77 0.36 15872 2347.67 0.22 5448571 1481857.47 20.65 310 59.85 0.22 114942 33426.13 20.65 201 10 99 68943 3430 33957 17.4 17.9 17.68 0.01
309600.0 310 37.18 0.16 116112 12860.95 0.36 15879 2348.67 0.22 5464450 1484206.14 20.65 310 59.85 0.22 115252 33485.97 20.65 201 10 99 69144 3440 34056 17.4 17.9 17.68 0.01
310500.0 376 37.32 0.16 116488 12898.27 0.36 15937 2348.31 0.22 5480387 1486554.45 20.65 370 59.85 0.22 115622 33545.82 20.65 201 10 99 69345 3450 34155 17.4 17.9 17.68 0.01
311400.0 354 37.95 0.36 116842 12936.22 0.36 15905 2340.75 0.22 5496292 1488895.2 20.65 350 59.73 0.22 115972 33605.55 20.65 201 10 99 69546 3460 34254 17.4 17.9 17.68 0.01
312300.0 310 37.17 0.16 117152 12973.39 0.36 15862 2340.23 0.22 5512154 1491235.43 20.65 310 59.72 0.22 116282 33665.27 20.65 201 10 99 69747 3470 34353 17.4 18.0 17.68 0.01
313200.0 310 37.17 0.16 117462 13010.56 0.36 15863 2340.43 0.22 5528017 1493575.85 20.65 310 59.72 0.22 116592 33724.99 20.65 201 10 99 69948 3480 34452 17.3 18.0 17.68 0.01
314100.0 376 37.32 0.16 117838 13047.88 0.36 15920 2340.07 0.22 5543937 1495915.92 20.65 370 59.72 0.22 116962 33784.72 20.65 201 10 99 70149 3490 34551 17.3 18.0 17.68 0.01
315000.0 354 37.95 0.36 118192 13085.83 0.36 15892 2345.47 0.22 5559829 1498261.39 20.65 350 59.85 0.22 117312 33844.57 20.65 201 10 99 70350 3500 34650 17.3 18.0 17.68 0.01
315900.0 310 37.17 0.16 118502 13123.01 0.36 15861 2342.42 0.22 5575690 1500603.81 20.65 310 59.77 0.22 117622 33904.33 20.65 201 10 99 70551 3510 34749 17.3 18.1 17.7 0.01
316800.0 310 37.17 0.16 118812 13160.18 0.36 15861 2342.61 0.22 5591551 1502946.43 20.65 310 59.77 0.22 117932 33964.1 20.65 201 10 99 70752 3520 34848 17.3 18.1 17.7 0.01
317700.0 376 37.32 0.16 119188 13197.5 0.36 15918 2342.42 0.22 5607469 1505288.85 20.65 370 59.77 0.22 118302 34023.87 20.65 201 10 99 70953 3530 34947 17.3 18.1 17.7 0.01
318600.0 354 37.95 0.36 119542 13235.45 0.36 15877 2339.9 0.22 5623346 1507628.74 20.65 350 59.77 0.22 118652 34083.64 20.65 201 10 99 71154 3540 35046 17.3 18.1 17.7 0.01
319500.0 310 37.18 0.16 119852 13272.63 0.36 15842 2343.83 0.22 5639188 1509972.57 20.65 310 59.85 0.22 118962 34143.48 20.65 201 10 99 71355 3550 35145 17.3 18.2 17.71 0.02
320400.0 310 37.18 0.16 120162 13309.8 0.36 15838 2343.55 0.22 5655026 1512316.12 20.65 310 59.85 0.22 119272 34203.33 20.65 201 10 99 71556 3560 35244 17.3 18.2 17.71 0.02
321300.0 376 37.32 0.16 120538 13347.12 0.36 15898 2343.51 0.22 5670924 1514659.63 20.65 370 59.85 0.22 119642 34263.18 20.65 201 10 99 71757 3570 35343 17.3 18.2 17.71 0.02
322200.0 354 37.94 0.36 120892 13385.07 0.36 15866 2327.68 0.22 5686790 1516987.31 20.65 350 59.56 0.22 119992 34322.74 20.65 201 10 99 71958 3580 35442 17.3 18.2 17.71 0.02
323100.0 310 37.16 0.16 121202 13422.23 0.36 15832 2323.51 0.22 5702622 1519310.83 20.65 310 59.47 0.22 120302 34382.21 20.65 201 10 99 72159 3590 35541 17.3 18.2 17.72 0.02
324000.0 310 37.16 0.16 121512 13459.39 0.36 15836 2324.02 0.22 5718458 1521634.85 20.65 310 59.47 0.22 120612 34441.68 20.65 201 10 99 72360 3600 35640 17.3 18.2 17.72 0.02
324900.0 376 37.31 0.16 121888 13496.7 0.36 15890 2323.52 0.22 5734348 1523958.36 20.65 370 59.47 0.22 120982 34501.14 20.65 201 10 99 72561 3610 35739 17.3 18.2 17.72 0.02
325800.0 354 37.95 0.36 122242 13534.65 0.36 15858 2336.68 0.22 5750206 1526295.04 20.65 350 59.75 0.22 121332 34560.9 20.65 201 10 99 72762 3620 35838 17.3 18.2 17.72 0.02
326700.0 310 37.18 0.16 122552 13571.83 0.36 15821 2341.59 0.22 5766027 1528636.63 20.65 310 59.85 0.22 121642 34620.74 20.65 201 10 99 72963 3630 35937 17.3 18.3 17.73 0.02
327600.0 310 37.18 0.16 122862 13609.0 0.36 15818 2340.83 0.22 5781845 1530977.46 20.65 310 59.85 0.22 121952 34680.59 20.65 201 10 99 73164 3640 36036 17.2 18.3 17.73 0.03
328500.0 376 37.32 0.16 123238 13646.32 0.36 15876 2340.63 0.22 5797721 1533318.09 20.65 370 59.85 0.22 122322 34740.44 20.65 201 10 99 73365 3650 36135 17.2 18.3 17.73 0.03
329400.0 354 37.95 0.36 123592 13684.28 0.36 15846 2339.87 0.22 5813567 1535657.96 20.65 350 59.85 0.22 122672 34800.29 20.65 201 10 99 73566 3660 36234 17.2 18.3 17.73 0.03
330300.0 310 37.18 0.16 123902 13721.46 0.36 15818 2342.07 0.22 5829385 1538000.03 20.65 310 59.85 0.22 122982 34860.14 20.65 201 10 99 73767 3670 36333 17.2 18.4 17.75 0.03
331200.0 310 37.18 0.16 124212 13758.63 0.36 15819 2341.95 0.22 5845204 1540341.98 20.65 310 59.85 0.22 123292 34919.98 20.65 201 10 99 73968 3680 36432 17.2 18.4 17.75 0.03
332100.0 376 37.32 0.16 124588 13795.95 0.36 15876 2341.43 0.22 5861080 1542683.41 20.65 370 59.85 0.22 123662 34979.83 20.65 201 10 99 74169 3690 36531 17.2 18.4 17.75 0.03
333000.0 354 37.95 0.36 124942 13833.9 0.36 15822 2333.19 0.22 5876902 1545016.6 20.65 350 59.77 0.22 124012 35039.6 20.65 201 10 99 74370 3700 36630 17.2 18.4 17.75 0.03
333900.0 310 37.17 0.16 125252 13871.08 0.36 15784 2334.1 0.22 5892686 1547350.7 20.65 310 59.76 0.22 124322 35099.36 20.65 201 10 99 74571 3710 36729 17.2 18.5 17.76 0.03
334800.0 310 37.17 0.16 125562 13908.25 0.36 15787 2334.31 0.22 5908473 1549685.0 20.65 310 59.76 0.22 124632 35159.12 20.65 201 10 99 74772 3720 36828 17.2 18.5 17.76 0.04
335700.0 376 37.32 0.16 125938 13945.57 0.36 15838 2333.46 0.22 5924311 1552018.47 20.65 370 59.76 0.22 125002 35218.89 20.65 201 10 99 74973 3730 36927 17.2 18.5 17.76 0.04
336600.0 354 37.95 0.36 126292 13983.52 0.36 15793 2334.59 0.22 5940104 1554353.05 20.65 350 59.85 0.22 125352 35278.74 20.65 201 10 99 75174 3740 37026 17.2 18.5 17.76 0.04
337500.0 310 37.18 0.16 126602 14020.7 0.36 15764 2335.67 0.22 5955868 1556688.72 20.65 310 59.85 0.22 125662 35338.59 20.65 201 10 99 75375 3750 37125 17.2 18.5 17.77 0.04
338400.0 310 37.18 0.16 126912 14057.88 0.36 15767 2336.19 0.22 5971635 1559024.91 20.65 310 59.85 0.22 125972 35398.43 20.65 201 10 99 75576 3760 37224 17.2 18.5 17.78 0.04
339300.0 376 37.32 0.16 127288 14095.2 0.36 15822 2335.83 0.22 5987457 1561360.74 20.65 370 59.85 0.22 126342 35458.28 20.65 201 10 99 75777 3770 37323 17.2 18.5 17.78 0.04
340200.0 354 37.95 0.36 127642 14133.15 0.36 15766 2326.19 0.22 6003223 1563686.94 20.65 350 59.74 0.22 126692 35518.02 20.65 201 10 99 75978 3780 37422 17.2 18.5 17.78 0.04
341100.0 310 37.17 0.16 127952 14170.32 0.36 15717 2326.0 0.22 6018940 1566012.94 20.65 310 59.74 0.22 127002 35577.76 20.65 201 10 99 76179 3790 37521 17.2 18.5 17.78 0.04
342000.0 310 37.17 0.16 128262 14207.5 0.36 15712 2325.39 0.22 6034652 1568338.33 20.65 310 59.74 0.22 127312 35637.49 20.65 201 10 99 76380 3800 37620 17.2 18.5 17.78 0.04
342900.0 376 37.31 0.16 128638 14244.81 0.36 15770 2325.36 0.22 6050422 1570663.69 20.65 370 59.74 0.22 127682 35697.23 20.65 201 10 99 76581 3810 37719 17.2 18.5 17.78 0.04
343800.0 354 37.95 0.36 128992 14282.75 0.36 15738 2318.11 0.22 6066160 1572981.8 20.65 350 59.62 0.22 128032 35756.85 20.65 201 10 99 76782 3820 37818 17.2 18.5 17.78 0.04
344700.0 310 37.17 0.16 129302 14319.92 0.36 15703 2318.24 0.22 6081863 1575300.04 20.65 310 59.62 0.22 128342 35816.47 20.65 201 10 99 76983 3830 37917 17.2 18.6 17.78 0.04
345600.0 310 37.17 0.16 129612 14357.09 0.36 15700 2318.11 0.22 6097563 1577618.15 20.65 310 59.62 0.22 128652 35876.09 20.65 201 10 99 77184 3840 38016 17.2 18.6 17.78 0.04
