# seed = 3, gamma = 0.33, beta = 0.33, dee = 10.0, dcc = 25.0, dec = 10.0, dsCnd = 500.0, dLocalhost = 0.02, hostBroker = CLOUD 
#
# The columns have the following meaning: 
# instant[SECONDS] commCountUploadPartial delaySumUploadPartial[SECONDS] delayMaxUploadPartial[SECONDS] commCountUploadTot delaySumUploadTot[SECONDS] delayMaxUploadTot[SECONDS] commCountDownloadPartial delaySumDownloadPartial[SECONDS] delayMaxDownloadPartial[SECONDS] commCountDownloadTot delaySumDownloadTot[SECONDS] delayMaxDownloadTot[SECONDS] commCountDownloadMaxPartial delaySumDownloadMaxPartial[SECONDS] delayMaxDownloadMaxPartial[SECONDS] commCountDownloadMaxTot delaySumDownloadMaxTot[SECONDS] delayMaxDownloadMaxTot[SECONDS] runOnCloudPartial runOnEdgePartial runOnSmartphonePartial runOnCloudTot runOnEdgeTot runOnSmartphoneTot minTemp maxTemp avgTemp varianceTemp
0.0 0 0.0 0.0 0 0.0 0.0 0 0.0 0.0 0 0.0 0.0 0 0.0 0.0 0 0.0 0.0 0 0 0 0 0 0 17.0 25.0 21.0 0.0
900.0 376 56.37 0.51 376 56.37 0.51 15972 3111.35 0.55 15972 3111.35 0.55 370 161.99 0.55 370 161.99 0.55 208 3 99 208 3 99 18.9 21.0 19.22 0.57
1800.0 356 57.1 0.51 732 113.47 0.51 16259 170963.36 20.94 32231 174074.71 20.94 352 3411.86 20.94 722 3573.84 20.94 208 3 99 416 6 198 18.6 18.9 18.9 0.0
2700.0 310 56.24 0.51 1042 169.71 0.51 15911 3136.55 0.55 48142 177211.27 20.94 310 162.42 0.55 1032 3736.26 20.94 208 3 99 624 9 297 17.7 18.9 18.4 0.04
3600.0 310 56.24 0.51 1352 225.95 0.51 15915 3138.55 0.55 64057 180349.82 20.94 310 162.42 0.55 1342 3898.68 20.94 208 3 99 832 12 396 17.6 18.9 18.24 0.05
4500.0 376 56.38 0.51 1728 282.33 0.51 15971 3137.66 0.55 80028 183487.48 20.94 370 162.49 0.55 1712 4061.17 20.94 208 3 99 1040 15 495 17.6 18.7 18.24 0.05
5400.0 356 57.11 0.51 2084 339.44 0.51 16283 9547.13 21.0 96311 193034.61 21.0 352 183.54 21.0 2064 4244.72 21.0 208 3 99 1248 18 594 17.6 18.7 18.24 0.05
6300.0 310 56.24 0.51 2394 395.68 0.51 15961 3145.69 0.55 112272 196180.3 21.0 310 162.53 0.55 2374 4407.25 21.0 208 3 99 1456 21 693 17.6 18.7 18.24 0.05
7200.0 310 56.24 0.51 2704 451.93 0.51 15963 3146.18 0.55 128235 199326.47 21.0 310 162.53 0.55 2684 4569.78 21.0 208 3 99 1664 24 792 17.6 18.7 18.25 0.04
8100.0 376 56.39 0.51 3080 508.32 0.51 16020 3145.27 0.55 144255 202471.74 21.0 370 162.61 0.55 3054 4732.38 21.0 208 3 99 1872 27 891 17.6 18.7 18.25 0.04
9000.0 356 57.11 0.51 3436 565.42 0.51 16304 9546.25 21.0 160559 212017.99 21.0 352 183.54 21.0 3406 4915.92 21.0 208 3 99 2080 30 990 17.6 18.7 18.25 0.04
9900.0 310 56.24 0.51 3746 621.66 0.51 15949 3141.33 0.55 176508 215159.32 21.0 310 162.46 0.55 3716 5078.38 21.0 208 3 99 2288 33 1089 17.6 18.7 18.23 0.04
10800.0 310 56.24 0.51 4056 677.91 0.51 15956 3143.26 0.55 192464 218302.58 21.0 310 162.45 0.55 4026 5240.83 21.0 208 3 99 2496 36 1188 17.6 18.7 18.16 0.05
11700.0 376 56.38 0.51 4432 734.29 0.51 16016 3143.45 0.55 208480 221446.03 21.0 370 162.53 0.55 4396 5403.36 21.0 208 3 99 2704 39 1287 17.6 18.7 18.16 0.05
12600.0 354 57.02 0.51 4786 791.31 0.51 15979 3139.55 0.55 224459 224585.58 21.0 350 162.61 0.55 4746 5565.97 21.0 208 3 99 2912 42 1386 17.6 18.7 18.16 0.05
13500.0 310 56.24 0.51 5096 847.55 0.51 15900 3125.27 0.55 240359 227710.84 21.0 310 162.51 0.55 5056 5728.48 21.0 208 3 99 3120 45 1485 17.6 18.7 18.15 0.04
14400.0 310 56.24 0.51 5406 903.8 0.51 15897 3124.66 0.55 256256 230835.5 21.0 310 162.51 0.55 5366 5890.99 21.0 208 3 99 3328 48 1584 17.6 18.7 18.14 0.05
15300.0 376 56.39 0.51 5782 960.18 0.51 15956 3124.83 0.55 272212 233960.34 21.0 370 162.59 0.55 5736 6053.58 21.0 208 3 99 3536 51 1683 17.6 18.7 18.14 0.05
16200.0 354 57.02 0.51 6136 1017.2 0.51 15930 3122.19 0.55 288142 237082.53 21.0 350 162.6 0.55 6086 6216.18 21.0 208 3 99 3744 54 1782 17.6 18.7 18.14 0.04
17100.0 310 56.24 0.51 6446 1073.44 0.51 15896 3118.06 0.55 304038 240200.58 21.0 310 162.39 0.55 6396 6378.56 21.0 208 3 99 3952 57 1881 17.6 18.7 18.12 0.04
18000.0 310 56.24 0.51 6756 1129.68 0.51 15899 3118.99 0.55 319937 243319.58 21.0 310 162.38 0.55 6706 6540.95 21.0 208 3 99 4160 60 1980 17.6 18.7 18.11 0.04
18900.0 376 56.38 0.51 7132 1186.06 0.51 15956 3118.13 0.55 335893 246437.71 21.0 370 162.46 0.55 7076 6703.41 21.0 208 3 99 4368 63 2079 17.6 18.6 18.11 0.04
19800.0 354 57.02 0.51 7486 1243.08 0.51 15928 3115.79 0.55 351821 249553.5 21.0 350 162.49 0.55 7426 6865.9 21.0 208 3 99 4576 66 2178 17.6 18.6 18.11 0.04
20700.0 310 56.24 0.51 7796 1299.32 0.51 15897 3120.88 0.55 367718 252674.37 21.0 310 162.45 0.55 7736 7028.35 21.0 208 3 99 4784 69 2277 17.6 18.6 18.08 0.03
21600.0 310 56.24 0.51 8106 1355.56 0.51 15901 3122.36 0.55 383619 255796.73 21.0 310 162.45 0.55 8046 7190.8 21.0 208 3 99 4992 72 2376 17.6 18.6 18.07 0.03
22500.0 376 56.38 0.51 8482 1411.94 0.51 15960 3122.49 0.55 399579 258919.21 21.0 370 162.53 0.55 8416 7353.33 21.0 208 3 99 5200 75 2475 17.6 18.6 18.07 0.03
23400.0 354 57.02 0.51 8836 1468.96 0.51 15922 3119.21 0.55 415501 262038.43 21.0 350 162.59 0.55 8766 7515.92 21.0 208 3 99 5408 78 2574 17.6 18.6 18.07 0.03
24300.0 310 56.24 0.51 9146 1525.21 0.51 15883 3121.25 0.55 431384 265159.67 21.0 310 162.54 0.55 9076 7678.46 21.0 208 3 99 5616 81 2673 17.6 18.6 18.05 0.03
25200.0 310 56.24 0.51 9456 1581.45 0.51 15886 3122.68 0.55 447270 268282.36 21.0 310 162.54 0.55 9386 7841.0 21.0 208 3 99 5824 84 2772 17.5 18.6 18.04 0.03
26100.0 376 56.39 0.51 9832 1637.84 0.51 15946 3122.85 0.55 463216 271405.21 21.0 370 162.62 0.55 9756 8003.62 21.0 208 3 99 6032 87 2871 17.5 18.6 18.04 0.03
27000.0 354 57.02 0.51 10186 1694.86 0.51 15913 3118.7 0.55 479129 274523.91 21.0 350 162.64 0.55 10106 8166.25 21.0 208 3 99 6240 90 2970 17.5 18.6 18.04 0.03
27900.0 310 56.24 0.51 10496 1751.1 0.51 15885 3119.32 0.55 495014 277643.23 21.0 310 162.49 0.55 10416 8328.75 21.0 208 3 99 6448 93 3069 17.5 18.6 18.01 0.03
28800.0 310 56.24 0.51 10806 1807.35 0.51 15893 3121.78 0.55 510907 280765.01 21.0 310 162.49 0.55 10726 8491.24 21.0 208 3 99 6656 96 3168 17.5 18.6 18.0 0.03
29700.0 376 56.39 0.51 11182 1863.73 0.51 15949 3119.9 0.55 526856 283884.91 21.0 370 162.57 0.55 11096 8653.81 21.0 208 3 99 6864 99 3267 17.5 18.6 18.0 0.03
30600.0 354 57.02 0.51 11536 1920.75 0.51 15911 3114.23 0.55 542767 286999.13 21.0 350 162.59 0.55 11446 8816.4 21.0 208 3 99 7072 102 3366 17.5 18.6 18.0 0.03
31500.0 310 56.24 0.51 11846 1977.0 0.51 15885 3121.24 0.55 558652 290120.38 21.0 310 162.54 0.55 11756 8978.94 21.0 208 3 99 7280 105 3465 17.5 18.6 17.96 0.03
32400.0 310 56.24 0.51 12156 2033.24 0.51 15889 3123.19 0.55 574541 293243.57 21.0 310 162.54 0.55 12066 9141.48 21.0 208 3 99 7488 108 3564 17.4 18.6 17.96 0.03
33300.0 376 56.39 0.51 12532 2089.63 0.51 15947 3122.34 0.55 590488 296365.91 21.0 370 162.62 0.55 12436 9304.1 21.0 208 3 99 7696 111 3663 17.4 18.5 17.96 0.03
34200.0 354 57.02 0.51 12886 2146.65 0.51 15904 3115.13 0.55 606392 299481.05 21.0 350 162.64 0.55 12786 9466.74 21.0 208 3 99 7904 114 3762 17.4 18.5 17.95 0.03
35100.0 310 56.24 0.51 13196 2202.9 0.51 15873 3115.64 0.55 622265 302596.68 21.0 310 162.54 0.55 13096 9629.28 21.0 208 3 99 8112 117 3861 17.4 18.5 17.93 0.03
36000.0 310 56.24 0.51 13506 2259.14 0.51 15886 3120.64 0.55 638151 305717.33 21.0 310 162.54 0.55 13406 9791.82 21.0 208 3 99 8320 120 3960 17.4 18.5 17.91 0.03
36900.0 376 56.39 0.51 13882 2315.53 0.51 15945 3120.3 0.55 654096 308837.63 21.0 370 162.62 0.55 13776 9954.43 21.0 208 3 99 8528 123 4059 17.4 18.5 17.91 0.03
37800.0 354 57.02 0.51 14236 2372.55 0.51 15902 3109.38 0.55 669998 311947.01 21.0 350 162.57 0.55 14126 10117.0 21.0 208 3 99 8736 126 4158 17.4 18.5 17.91 0.03
38700.0 310 56.24 0.51 14546 2428.79 0.51 15868 3111.4 0.55 685866 315058.41 21.0 310 162.47 0.55 14436 10279.47 21.0 208 3 99 8944 129 4257 17.4 18.5 17.89 0.03
39600.0 310 56.24 0.51 14856 2485.03 0.51 15879 3115.39 0.55 701745 318173.8 21.0 310 162.47 0.55 14746 10441.93 21.0 208 3 99 9152 132 4356 17.3 18.5 17.87 0.04
40500.0 376 56.38 0.51 15232 2541.41 0.51 15937 3115.05 0.55 717682 321288.85 21.0 370 162.55 0.55 15116 10604.48 21.0 208 3 99 9360 135 4455 17.3 18.5 17.87 0.04
41400.0 354 57.02 0.51 15586 2598.43 0.51 15900 3112.58 0.55 733582 324401.43 21.0 350 162.64 0.55 15466 10767.12 21.0 208 3 99 9568 138 4554 17.3 18.5 17.87 0.04
42300.0 310 56.24 0.51 15896 2654.68 0.51 15876 3115.14 0.55 749458 327516.56 21.0 310 162.49 0.55 15776 10929.61 21.0 208 3 99 9776 141 4653 17.3 18.5 17.84 0.04
43200.0 310 56.24 0.51 16206 2710.92 0.51 15885 3118.09 0.55 765343 330634.66 21.0 310 162.49 0.55 16086 11092.1 21.0 208 3 99 9984 144 4752 17.3 18.5 17.83 0.04
44100.0 376 56.39 0.51 16582 2767.31 0.51 15943 3117.25 0.55 781286 333751.91 21.0 370 162.57 0.55 16456 11254.67 21.0 208 3 99 10192 147 4851 17.2 18.4 17.83 0.04
45000.0 354 57.02 0.51 16936 2824.32 0.51 15896 3108.0 0.55 797182 336859.9 21.0 350 162.59 0.55 16806 11417.25 21.0 208 3 99 10400 150 4950 17.2 18.4 17.83 0.04
45900.0 310 56.24 0.51 17246 2880.57 0.51 15867 3113.38 0.55 813049 339973.29 21.0 310 162.5 0.55 17116 11579.75 21.0 208 3 99 10608 153 5049 17.2 18.4 17.8 0.05
46800.0 310 56.24 0.51 17556 2936.81 0.51 15884 3118.4 0.55 828933 343091.68 21.0 310 162.49 0.55 17426 11742.25 21.0 208 3 99 10816 156 5148 17.2 18.5 17.79 0.05
47700.0 376 56.39 0.51 17932 2993.2 0.51 15944 3118.56 0.55 844877 346210.24 21.0 370 162.57 0.55 17796 11904.82 21.0 208 3 99 11024 159 5247 17.2 18.5 17.79 0.05
48600.0 354 57.02 0.51 18286 3050.22 0.51 15899 3109.32 0.55 860776 349319.56 21.0 350 162.6 0.55 18146 12067.42 21.0 208 3 99 11232 162 5346 17.2 18.5 17.79 0.05
49500.0 310 56.24 0.51 18596 3106.46 0.51 15871 3117.68 0.55 876647 352437.24 21.0 310 162.54 0.55 18456 12229.96 21.0 208 3 99 11440 165 5445 17.2 18.5 17.75 0.06
50400.0 310 56.24 0.51 18906 3162.71 0.51 15883 3122.17 0.55 892530 355559.41 21.0 310 162.54 0.55 18766 12392.49 21.0 208 3 99 11648 168 5544 17.1 18.5 17.74 0.07
51300.0 376 56.39 0.51 19282 3219.09 0.51 15939 3120.3 0.55 908469 358679.71 21.0 370 162.62 0.55 19136 12555.11 21.0 208 3 99 11856 171 5643 17.1 18.5 17.74 0.07
52200.0 354 57.02 0.51 19636 3276.11 0.51 15893 3110.54 0.55 924362 361790.26 21.0 350 162.64 0.55 19486 12717.75 21.0 208 3 99 12064 174 5742 17.1 18.5 17.74 0.07
53100.0 310 56.24 0.51 19946 3332.36 0.51 15855 3110.03 0.55 940217 364900.28 21.0 310 162.54 0.55 19796 12880.29 21.0 208 3 99 12272 177 5841 17.1 18.5 17.72 0.07
54000.0 310 56.24 0.51 20256 3388.6 0.51 15861 3112.48 0.55 956078 368012.76 21.0 310 162.54 0.55 20106 13042.83 21.0 208 3 99 12480 180 5940 17.1 18.6 17.71 0.07
54900.0 376 56.39 0.51 20632 3444.99 0.51 15918 3111.12 0.55 971996 371123.89 21.0 370 162.62 0.55 20476 13205.45 21.0 208 3 99 12688 183 6039 17.1 18.6 17.71 0.07
55800.0 354 57.02 0.51 20986 3502.01 0.51 15884 3107.48 0.55 987880 374231.37 21.0 350 162.64 0.55 20826 13368.09 21.0 208 3 99 12896 186 6138 17.1 18.6 17.71 0.07
56700.0 310 56.24 0.51 21296 3558.26 0.51 15861 3114.11 0.55 1003741 377345.48 21.0 310 162.54 0.55 21136 13530.63 21.0 208 3 99 13104 189 6237 17.1 18.6 17.68 0.08
57600.0 310 56.24 0.51 21606 3614.5 0.51 15871 3117.07 0.55 1019612 380462.55 21.0 310 162.54 0.55 21446 13693.17 21.0 208 3 99 13312 192 6336 17.1 18.6 17.68 0.09
58500.0 376 56.39 0.51 21982 3670.89 0.51 15930 3116.73 0.55 1035542 383579.28 21.0 370 162.62 0.55 21816 13855.79 21.0 208 3 99 13520 195 6435 17.1 18.6 17.68 0.09
59400.0 354 57.02 0.51 22336 3727.91 0.51 15880 3104.36 0.55 1051422 386683.64 21.0 350 162.61 0.55 22166 14018.4 21.0 208 3 99 13728 198 6534 17.1 18.6 17.68 0.09
60300.0 310 56.24 0.51 22646 3784.15 0.51 15856 3112.52 0.55 1067278 389796.16 21.0 310 162.51 0.55 22476 14180.91 21.0 208 3 99 13936 201 6633 17.0 18.6 17.65 0.1
61200.0 310 56.24 0.51 22956 3840.39 0.51 15869 3115.99 0.55 1083147 392912.15 21.0 310 162.51 0.55 22786 14343.41 21.0 208 3 99 14144 204 6732 17.0 18.6 17.64 0.1
62100.0 376 56.39 0.51 23332 3896.78 0.51 15928 3115.65 0.55 1099075 396027.8 21.0 370 162.59 0.55 23156 14506.0 21.0 208 3 99 14352 207 6831 17.0 18.6 17.64 0.1
63000.0 354 57.02 0.51 23686 3953.8 0.51 15882 3099.62 0.55 1114957 399127.42 21.0 350 162.51 0.55 23506 14668.52 21.0 208 3 99 14560 210 6930 17.0 18.6 17.64 0.1
63900.0 310 56.24 0.51 23996 4010.03 0.51 15845 3098.84 0.55 1130802 402226.25 21.0 310 162.37 0.55 23816 14830.89 21.0 208 3 99 14768 213 7029 17.0 18.6 17.63 0.11
64800.0 310 56.24 0.51 24306 4066.27 0.51 15850 3100.83 0.55 1146652 405327.09 21.0 310 162.37 0.55 24126 14993.25 21.0 208 3 99 14976 216 7128 17.0 18.6 17.62 0.11
65700.0 376 56.38 0.51 24682 4122.65 0.51 15910 3100.95 0.55 1162562 408428.04 21.0 370 162.45 0.55 24496 15155.7 21.0 208 3 99 15184 219 7227 17.0 18.6 17.62 0.11
66600.0 354 57.01 0.51 25036 4179.67 0.51 15873 3095.94 0.55 1178435 411523.97 21.0 350 162.47 0.55 24846 15318.17 21.0 208 3 99 15392 222 7326 17.0 18.6 17.62 0.11
67500.0 310 56.24 0.51 25346 4235.9 0.51 15844 3098.73 0.55 1194279 414622.7 21.0 310 162.33 0.55 25156 15480.5 21.0 208 3 99 15600 225 7425 17.0 18.6 17.61 0.11
68400.0 310 56.24 0.51 25656 4292.14 0.51 15845 3098.73 0.55 1210124 417721.43 21.0 310 162.33 0.55 25466 15642.83 21.0 208 3 99 15808 228 7524 17.0 18.7 17.61 0.12
69300.0 376 56.38 0.51 26032 4348.52 0.51 15904 3098.3 0.55 1226028 420819.73 21.0 370 162.41 0.55 25836 15805.23 21.0 208 3 99 16016 231 7623 17.0 18.7 17.61 0.12
70200.0 354 57.01 0.51 26386 4405.53 0.51 15861 3090.94 0.55 1241889 423910.67 21.0 350 162.47 0.55 26186 15967.7 21.0 208 3 99 16224 234 7722 17.0 18.7 17.61 0.12
71100.0 310 56.24 0.51 26696 4461.77 0.51 15835 3095.21 0.55 1257724 427005.88 21.0 310 162.36 0.55 26496 16130.06 21.0 208 3 99 16432 237 7821 17.0 18.7 17.59 0.12
72000.0 310 56.24 0.51 27006 4518.01 0.51 15846 3099.2 0.55 1273570 430105.08 21.0 310 162.36 0.55 26806 16292.42 21.0 208 3 99 16640 240 7920 17.0 18.7 17.59 0.12
72900.0 376 56.38 0.51 27382 4574.39 0.51 15903 3098.85 0.55 1289473 433203.93 21.0 370 162.44 0.55 27176 16454.86 21.0 208 3 99 16848 243 8019 17.0 18.7 17.59 0.12
73800.0 354 57.01 0.51 27736 4631.4 0.51 15867 3093.7 0.55 1305340 436297.63 21.0 350 162.46 0.55 27526 16617.31 21.0 208 3 99 17056 246 8118 17.0 18.7 17.59 0.12
74700.0 310 56.24 0.51 28046 4687.64 0.51 15826 3095.63 0.55 1321166 439393.26 21.0 310 162.41 0.55 27836 16779.72 21.0 208 3 99 17264 249 8217 17.0 18.7 17.58 0.12
75600.0 310 56.24 0.51 28356 4743.88 0.51 15830 3096.57 0.55 1336996 442489.83 21.0 310 162.41 0.55 28146 16942.13 21.0 208 3 99 17472 252 8316 17.0 18.7 17.58 0.12
76500.0 376 56.38 0.51 28732 4800.26 0.51 15890 3096.73 0.55 1352886 445586.56 21.0 370 162.49 0.55 28516 17104.62 21.0 208 3 99 17680 255 8415 17.0 18.7 17.58 0.12
77400.0 354 57.01 0.51 29086 4857.28 0.51 15856 3089.71 0.55 1368742 448676.27 21.0 350 162.47 0.55 28866 17267.09 21.0 208 3 99 17888 258 8514 17.0 18.7 17.58 0.12
78300.0 310 56.24 0.51 29396 4913.52 0.51 15823 3092.2 0.55 1384565 451768.48 21.0 310 162.37 0.55 29176 17429.46 21.0 208 3 99 18096 261 8613 17.0 18.7 17.56 0.12
79200.0 310 56.24 0.51 29706 4969.75 0.51 15826 3093.18 0.55 1400391 454861.66 21.0 310 162.37 0.55 29486 17591.82 21.0 208 3 99 18304 264 8712 17.0 18.6 17.56 0.12
80100.0 376 56.38 0.51 30082 5026.13 0.51 15886 3093.3 0.55 1416277 457954.96 21.0 370 162.45 0.55 29856 17754.27 21.0 208 3 99 18512 267 8811 17.0 18.6 17.56 0.12
81000.0 354 57.02 0.51 30436 5083.15 0.51 15851 3089.72 0.55 1432128 461044.67 21.0 350 162.49 0.55 30206 17916.76 21.0 208 3 99 18720 270 8910 17.0 18.6 17.56 0.12
81900.0 310 56.24 0.51 30746 5139.39 0.51 15816 3092.48 0.55 1447944 464137.16 21.0 310 162.44 0.55 30516 18079.2 21.0 208 3 99 18928 273 9009 17.0 18.6 17.56 0.12
82800.0 310 56.24 0.51 31056 5195.63 0.51 15816 3091.86 0.55 1463760 467229.02 21.0 310 162.43 0.55 30826 18241.63 21.0 208 3 99 19136 276 9108 17.0 18.6 17.56 0.11
83700.0 376 56.38 0.51 31432 5252.01 0.51 15873 3091.03 0.55 1479633 470320.05 21.0 370 162.52 0.55 31196 18404.15 21.0 208 3 99 19344 279 9207 17.0 18.6 17.56 0.11
84600.0 354 57.02 0.51 31786 5309.03 0.51 15845 3089.42 0.55 1495478 473409.47 21.0 350 162.54 0.55 31546 18566.69 21.0 208 3 99 19552 282 9306 17.0 18.6 17.56 0.11
85500.0 310 56.24 0.51 32096 5365.27 0.51 15819 3091.25 0.55 1511297 476500.72 21.0 310 162.39 0.55 31856 18729.08 21.0 208 3 99 19760 285 9405 17.0 18.6 17.57 0.11
86400.0 310 56.24 0.51 32406 5421.51 0.51 15815 3089.11 0.55 1527112 479589.83 21.0 310 162.39 0.55 32166 18891.47 21.0 208 3 99 19968 288 9504 17.0 18.6 17.57 0.11
87300.0 376 56.38 0.51 32782 5477.89 0.51 15875 3089.29 0.55 1542987 482679.12 21.0 370 162.47 0.55 32536 19053.94 21.0 208 3 99 20176 291 9603 17.0 18.6 17.57 0.11
88200.0 354 57.02 0.51 33136 5534.91 0.51 15841 3090.95 0.55 1558828 485770.08 21.0 350 162.6 0.55 32886 19216.54 21.0 208 3 99 20384 294 9702 17.0 18.6 17.57 0.11
89100.0 310 56.24 0.51 33446 5591.16 0.51 15860 3115.13 0.55 1574688 488885.21 21.0 310 162.54 0.55 33196 19379.08 21.0 208 3 99 20592 297 9801 17.1 18.6 17.61 0.08
90000.0 310 56.24 0.51 33756 5647.4 0.51 15896 3126.25 0.55 1590584 492011.46 21.0 310 162.54 0.55 33506 19541.62 21.0 208 3 99 20800 300 9900 17.1 18.5 17.67 0.05
90900.0 376 56.39 0.51 34132 5703.79 0.51 15954 3125.4 0.55 1606538 495136.86 21.0 370 162.62 0.55 33876 19704.23 21.0 208 3 99 21008 303 9999 17.1 18.5 17.67 0.05
91800.0 354 57.02 0.51 34486 5760.8 0.51 15914 3113.11 0.55 1622452 498249.97 21.0 350 162.51 0.55 34226 19866.74 21.0 208 3 99 21216 306 10098 17.1 19.6 17.7 0.09
92700.0 310 56.24 0.51 34796 5817.04 0.51 15938 3128.77 0.55 1638390 501378.74 21.0 310 162.32 0.55 34536 20029.06 21.0 208 3 99 21424 309 10197 17.2 23.8 19.56 2.59
93600.0 310 56.24 0.51 35106 5873.28 0.51 15938 3128.77 0.55 1654328 504507.5 21.0 310 162.32 0.55 34846 20191.38 21.0 208 3 99 21632 312 10296 17.1 23.8 20.64 4.82
94500.0 376 56.38 0.51 35482 5929.66 0.51 15996 3128.33 0.55 1670324 507635.84 21.0 370 162.39 0.55 35216 20353.77 21.0 208 3 99 21840 315 10395 17.1 23.8 20.66 4.85
95400.0 354 57.01 0.51 35836 5986.67 0.51 15974 3127.85 0.55 1686298 510763.68 21.0 350 162.42 0.55 35566 20516.19 21.0 208 3 99 22048 318 10494 17.1 23.8 20.67 4.85
96300.0 310 56.24 0.51 36146 6042.9 0.51 15933 3127.24 0.55 1702231 513890.92 21.0 310 162.32 0.55 35876 20678.51 21.0 208 3 99 22256 321 10593 17.1 24.0 21.01 4.74
97200.0 310 56.24 0.51 36456 6099.14 0.51 15932 3126.73 0.55 1718163 517017.65 21.0 310 162.32 0.55 36186 20840.83 21.0 208 3 99 22464 324 10692 17.1 24.0 21.17 4.74
98100.0 376 56.38 0.51 36832 6155.52 0.51 15989 3125.78 0.55 1734152 520143.43 21.0 370 162.39 0.55 36556 21003.22 21.0 208 3 99 22672 327 10791 17.4 24.0 21.18 4.73
99000.0 354 57.01 0.51 37186 6212.53 0.51 15966 3121.36 0.55 1750118 523264.79 21.0 350 162.35 0.55 36906 21165.57 21.0 208 3 99 22880 330 10890 17.4 24.0 21.18 4.71
99900.0 310 56.23 0.51 37496 6268.76 0.51 15926 3120.71 0.55 1766044 526385.51 21.0 310 162.25 0.55 37216 21327.82 21.0 208 3 99 23088 333 10989 17.4 24.0 21.4 4.09
100800.0 310 56.23 0.51 37806 6324.99 0.51 15926 3120.75 0.55 1781970 529506.25 21.0 310 162.25 0.55 37526 21490.07 21.0 208 3 99 23296 336 11088 17.5 24.0 21.53 3.9
101700.0 376 56.38 0.51 38182 6381.37 0.51 15986 3120.79 0.55 1797956 532627.04 21.0 370 162.32 0.55 37896 21652.39 21.0 208 3 99 23504 339 11187 17.8 24.0 21.53 3.88
102600.0 354 57.01 0.51 38536 6438.38 0.51 15956 3116.41 0.55 1813912 535743.46 21.0 350 162.33 0.55 38246 21814.73 21.0 208 3 99 23712 342 11286 17.8 24.0 21.54 3.85
103500.0 310 56.23 0.51 38846 6494.61 0.51 15923 3119.39 0.55 1829835 538862.85 21.0 310 162.23 0.55 38556 21976.96 21.0 208 3 99 23920 345 11385 17.8 24.0 21.68 3.31
104400.0 310 56.23 0.51 39156 6550.84 0.51 15924 3119.37 0.55 1845759 541982.22 21.0 310 162.23 0.55 38866 22139.19 21.0 208 3 99 24128 348 11484 18.0 24.0 21.83 3.11
105300.0 376 56.38 0.51 39532 6607.22 0.51 15983 3119.47 0.55 1861742 545101.69 21.0 370 162.31 0.55 39236 22301.5 21.0 208 3 99 24336 351 11583 18.5 24.0 21.83 3.07
106200.0 354 57.01 0.51 39886 6664.22 0.51 15960 3116.1 0.55 1877702 548217.78 21.0 350 162.3 0.55 39586 22463.8 21.0 208 3 99 24544 354 11682 18.5 24.0 21.83 3.06
107100.0 310 56.23 0.51 40196 6720.45 0.51 15922 3111.38 0.55 1893624 551329.17 21.0 310 162.08 0.55 39896 22625.88 21.0 208 3 99 24752 357 11781 18.5 24.0 21.82 2.87
108000.0 310 56.23 0.51 40506 6776.68 0.51 15919 3110.37 0.55 1909543 554439.54 21.0 310 162.08 0.55 40206 22787.97 21.0 208 3 99 24960 360 11880 18.8 24.0 21.83 2.85
108900.0 376 56.37 0.51 40882 6833.05 0.51 15979 3110.44 0.55 1925522 557549.98 21.0 370 162.16 0.55 40576 22950.13 21.0 208 3 99 25168 363 11979 18.9 24.0 21.83 2.84
109800.0 354 57.0 0.51 41236 6890.05 0.51 15957 3109.45 0.55 1941479 560659.43 21.0 350 162.19 0.55 40926 23112.31 21.0 208 3 99 25376 366 12078 18.9 24.0 21.83 2.84
110700.0 310 56.23 0.51 41546 6946.28 0.51 15917 3108.83 0.55 1957396 563768.26 21.0 310 162.08 0.55 41236 23274.4 21.0 208 3 99 25584 369 12177 18.9 24.0 21.72 2.76
111600.0 310 56.23 0.51 41856 7002.51 0.51 15907 3106.29 0.55 1973303 566874.55 21.0 310 162.08 0.55 41546 23436.48 21.0 208 3 99 25792 372 12276 18.9 24.0 21.65 2.65
112500.0 376 56.37 0.51 42232 7058.88 0.51 15967 3106.36 0.55 1989270 569980.91 21.0 370 162.16 0.55 41916 23598.64 21.0 208 3 99 26000 375 12375 18.9 23.9 21.65 2.65
113400.0 354 57.0 0.51 42586 7115.88 0.51 15943 3105.37 0.55 2005213 573086.28 21.0 350 162.19 0.55 42266 23760.83 21.0 208 3 99 26208 378 12474 18.9 23.9 21.69 2.61
114300.0 310 56.23 0.51 42896 7172.11 0.51 15911 3108.32 0.55 2021124 576194.6 21.0 310 162.08 0.55 42576 23922.91 21.0 208 3 99 26416 381 12573 18.9 23.9 22.92 0.86
115200.0 310 56.23 0.51 43206 7228.33 0.51 15911 3108.33 0.55 2037035 579302.93 21.0 310 162.08 0.55 42886 24084.99 21.0 208 3 99 26624 384 12672 18.9 24.0 23.48 0.17
116100.0 376 56.37 0.51 43582 7284.7 0.51 15970 3107.89 0.55 2053005 582410.82 21.0 370 162.16 0.55 43256 24247.15 21.0 208 3 99 26832 387 12771 22.6 24.0 23.51 0.03
117000.0 354 57.0 0.51 43936 7341.71 0.51 15945 3105.88 0.55 2068950 585516.7 21.0 350 162.19 0.55 43606 24409.34 21.0 208 3 99 27040 390 12870 22.6 24.0 23.51 0.03
117900.0 310 56.23 0.51 44246 7397.93 0.51 15905 3105.77 0.55 2084855 588622.47 21.0 310 162.08 0.55 43916 24571.42 21.0 208 3 99 27248 393 12969 22.6 24.0 23.55 0.02
118800.0 310 56.23 0.51 44556 7454.16 0.51 15903 3105.27 0.55 2100758 591727.74 21.0 310 162.08 0.55 44226 24733.51 21.0 208 3 99 27456 396 13068 22.7 24.0 23.59 0.02
119700.0 376 56.37 0.51 44932 7510.53 0.51 15963 3105.34 0.55 2116721 594833.08 21.0 370 162.16 0.55 44596 24895.67 21.0 208 3 99 27664 399 13167 22.7 24.0 23.6 0.02
120600.0 354 57.0 0.51 45286 7567.54 0.51 15943 3105.37 0.55 2132664 597938.45 21.0 350 162.19 0.55 44946 25057.85 21.0 208 3 99 27872 402 13266 22.7 24.0 23.6 0.02
121500.0 310 56.23 0.51 45596 7623.76 0.51 15903 3105.26 0.55 2148567 601043.71 21.0 310 162.08 0.55 45256 25219.94 21.0 208 3 99 28080 405 13365 22.8 24.0 23.64 0.01
122400.0 310 56.23 0.51 45906 7679.99 0.51 15900 3104.25 0.55 2164467 604147.96 21.0 310 162.08 0.55 45566 25382.02 21.0 208 3 99 28288 408 13464 22.8 24.0 23.66 0.01
123300.0 376 56.37 0.51 46282 7736.36 0.51 15960 3104.32 0.55 2180427 607252.28 21.0 370 162.16 0.55 45936 25544.18 21.0 208 3 99 28496 411 13563 22.8 24.0 23.66 0.01
124200.0 354 57.0 0.51 46636 7793.36 0.51 15940 3104.35 0.55 2196367 610356.63 21.0 350 162.19 0.55 46286 25706.37 21.0 208 3 99 28704 414 13662 22.8 24.0 23.67 0.01
125100.0 310 56.23 0.51 46946 7849.59 0.51 15896 3102.71 0.55 2212263 613459.34 21.0 310 162.08 0.55 46596 25868.45 21.0 208 3 99 28912 417 13761 22.9 24.0 23.69 0.01
126000.0 310 56.23 0.51 47256 7905.82 0.51 15896 3102.72 0.55 2228159 616562.06 21.0 310 162.08 0.55 46906 26030.53 21.0 208 3 99 29120 420 13860 22.9 24.0 23.72 0.01
126900.0 376 56.37 0.51 47632 7962.19 0.51 15954 3102.28 0.55 2244113 619664.34 21.0 370 162.16 0.55 47276 26192.69 21.0 208 3 99 29328 423 13959 22.9 24.0 23.72 0.01
127800.0 354 57.0 0.51 47986 8019.19 0.51 15931 3101.29 0.55 2260044 622765.63 21.0 350 162.19 0.55 47626 26354.88 21.0 208 3 99 29536 426 14058 22.9 24.0 23.72 0.01
128700.0 310 56.23 0.51 48296 8075.42 0.51 15891 3101.18 0.55 2275935 625866.81 21.0 310 162.08 0.55 47936 26516.96 21.0 208 3 99 29744 429 14157 23.1 24.0 23.75 0.01
129600.0 310 56.23 0.51 48606 8131.65 0.51 15890 3100.68 0.55 2291825 628967.49 21.0 310 162.08 0.55 48246 26679.05 21.0 208 3 99 29952 432 14256 23.1 24.0 23.76 0.01
130500.0 376 56.37 0.51 48982 8188.02 0.51 15948 3100.24 0.55 2307773 632067.73 21.0 370 162.16 0.55 48616 26841.21 21.0 208 3 99 30160 435 14355 23.1 24.0 23.76 0.01
131400.0 354 57.0 0.51 49336 8245.02 0.51 15928 3100.27 0.55 2323701 635168.0 21.0 350 162.19 0.55 48966 27003.39 21.0 208 3 99 30368 438 14454 23.1 24.0 23.77 0.01
132300.0 310 56.23 0.51 49646 8301.25 0.51 15886 3099.14 0.55 2339587 638267.14 21.0 310 162.08 0.55 49276 27165.48 21.0 208 3 99 30576 441 14553 23.2 24.0 23.78 0.01
133200.0 310 56.23 0.51 49956 8357.47 0.51 15882 3098.13 0.55 2355469 641365.27 21.0 310 162.08 0.55 49586 27327.56 21.0 208 3 99 30784 444 14652 23.2 24.0 23.79 0.01
134100.0 376 56.37 0.51 50332 8413.84 0.51 15942 3098.2 0.55 2371411 644463.47 21.0 370 162.16 0.55 49956 27489.72 21.0 208 3 99 30992 447 14751 23.2 24.0 23.8 0.01
135000.0 354 57.0 0.51 50686 8470.85 0.51 15922 3098.23 0.55 2387333 647561.7 21.0 350 162.19 0.55 50306 27651.91 21.0 208 3 99 31200 450 14850 23.2 24.0 23.8 0.01
135900.0 310 56.23 0.51 50996 8527.07 0.51 15880 3097.61 0.55 2403213 650659.31 21.0 310 162.08 0.55 50616 27813.99 21.0 208 3 99 31408 453 14949 23.3 24.0 23.83 0.01
136800.0 310 56.23 0.51 51306 8583.3 0.51 15879 3097.11 0.55 2419092 653756.42 21.0 310 162.08 0.55 50926 27976.07 21.0 208 3 99 31616 456 15048 23.3 24.0 23.84 0.01
137700.0 376 56.37 0.51 51682 8639.67 0.51 15938 3096.67 0.55 2435030 656853.09 21.0 370 162.16 0.55 51296 28138.23 21.0 208 3 99 31824 459 15147 23.3 24.0 23.84 0.01
138600.0 354 57.0 0.51 52036 8696.67 0.51 15915 3095.68 0.55 2450945 659948.77 21.0 350 162.19 0.55 51646 28300.42 21.0 208 3 99 32032 462 15246 23.3 24.0 23.84 0.01
139500.0 310 56.23 0.51 52346 8752.9 0.51 15874 3095.57 0.55 2466819 663044.34 21.0 310 162.08 0.55 51956 28462.5 21.0 208 3 99 32240 465 15345 23.4 24.0 23.85 0.01
140400.0 310 56.23 0.51 52656 8809.13 0.51 15873 3095.07 0.55 2482692 666139.41 21.0 310 162.08 0.55 52266 28624.59 21.0 208 3 99 32448 468 15444 23.4 24.0 23.85 0.01
141300.0 376 56.37 0.51 53032 8865.5 0.51 15930 3094.63 0.55 2498622 669234.04 21.0 370 162.16 0.55 52636 28786.75 21.0 208 3 99 32656 471 15543 23.4 24.0 23.85 0.01
142200.0 354 57.0 0.51 53386 8922.5 0.51 15910 3094.66 0.55 2514532 672328.7 21.0 350 162.19 0.55 52986 28948.93 21.0 208 3 99 32864 474 15642 23.4 24.0 23.85 0.01
143100.0 310 56.23 0.51 53696 8978.73 0.51 15870 3094.55 0.55 2530402 675423.25 21.0 310 162.08 0.55 53296 29111.01 21.0 208 3 99 33072 477 15741 23.5 24.0 23.88 0.01
144000.0 310 56.23 0.51 54006 9034.96 0.51 15869 3094.05 0.55 2546271 678517.3 21.0 310 162.08 0.55 53606 29273.1 21.0 208 3 99 33280 480 15840 23.5 24.0 23.88 0.01
144900.0 376 56.37 0.51 54382 9091.33 0.51 15929 3094.12 0.55 2562200 681611.42 21.0 370 162.16 0.55 53976 29435.26 21.0 208 3 99 33488 483 15939 23.5 24.0 23.88 0.01
145800.0 354 57.0 0.51 54736 9148.33 0.51 15908 3093.64 0.55 2578108 684705.06 21.0 350 162.19 0.55 54326 29597.45 21.0 208 3 99 33696 486 16038 23.5 24.0 23.88 0.01
146700.0 310 56.23 0.51 55046 9204.56 0.51 15863 3090.98 0.55 2593971 687796.04 21.0 310 162.08 0.55 54636 29759.53 21.0 208 3 99 33904 489 16137 23.6 24.0 23.88 0.01
147600.0 310 56.23 0.51 55356 9260.78 0.51 15863 3090.99 0.55 2609834 690887.03 21.0 310 162.08 0.55 54946 29921.61 21.0 208 3 99 34112 492 16236 23.6 24.0 23.88 0.01
148500.0 376 56.37 0.51 55732 9317.15 0.51 15922 3090.55 0.55 2625756 693977.58 21.0 370 162.16 0.55 55316 30083.77 21.0 208 3 99 34320 495 16335 23.6 24.0 23.88 0.01
149400.0 354 57.0 0.51 56086 9374.16 0.51 15894 3087.01 0.55 2641650 697064.59 21.0 350 162.19 0.55 55666 30245.96 21.0 208 3 99 34528 498 16434 23.6 24.0 23.89 0.01
150300.0 310 56.23 0.51 56396 9430.39 0.51 15854 3086.9 0.55 2657504 700151.49 21.0 310 162.08 0.55 55976 30408.04 21.0 208 3 99 34736 501 16533 23.7 24.0 23.89 0.01
151200.0 310 56.23 0.51 56706 9486.61 0.51 15852 3086.91 0.55 2673356 703238.4 21.0 310 162.08 0.55 56286 30570.13 21.0 208 3 99 34944 504 16632 23.7 24.0 23.9 0.01
152100.0 376 56.37 0.51 57082 9542.98 0.51 15911 3086.98 0.55 2689267 706325.38 21.0 370 162.16 0.55 56656 30732.29 21.0 208 3 99 35152 507 16731 23.7 24.0 23.9 0.01
153000.0 354 57.0 0.51 57436 9599.99 0.51 15891 3087.01 0.55 2705158 709412.39 21.0 350 162.19 0.55 57006 30894.47 21.0 208 3 99 35360 510 16830 23.7 24.0 23.9 0.01
153900.0 310 56.23 0.51 57746 9656.21 0.51 15851 3086.9 0.55 2721009 712499.29 21.0 310 162.08 0.55 57316 31056.55 21.0 208 3 99 35568 513 16929 23.7 24.0 23.89 0.01
154800.0 310 56.23 0.51 58056 9712.44 0.51 15847 3085.38 0.55 2736856 715584.67 21.0 310 162.08 0.55 57626 31218.64 21.0 208 3 99 35776 516 17028 23.6 24.0 23.89 0.01
155700.0 376 56.37 0.51 58432 9768.81 0.51 15907 3085.45 0.55 2752763 718670.12 21.0 370 162.16 0.55 57996 31380.8 21.0 208 3 99 35984 519 17127 23.6 24.0 23.89 0.01
156600.0 354 57.0 0.51 58786 9825.81 0.51 15885 3084.46 0.55 2768648 721754.58 21.0 350 162.19 0.55 58346 31542.98 21.0 208 3 99 36192 522 17226 23.6 24.0 23.89 0.01
157500.0 310 56.23 0.51 59096 9882.04 0.51 15844 3083.84 0.55 2784492 724838.42 21.0 310 162.08 0.55 58656 31705.07 21.0 208 3 99 36400 525 17325 23.6 24.0 23.88 0.01
158400.0 310 56.23 0.51 59406 9938.27 0.51 15844 3083.85 0.55 2800336 727922.27 21.0 310 162.08 0.55 58966 31867.15 21.0 208 3 99 36608 528 17424 23.5 24.0 23.88 0.01
159300.0 376 56.37 0.51 59782 9994.64 0.51 15900 3082.9 0.55 2816236 731005.17 21.0 370 162.16 0.55 59336 32029.31 21.0 208 3 99 36816 531 17523 23.5 24.0 23.88 0.01
160200.0 354 57.0 0.51 60136 10051.64 0.51 15876 3081.4 0.55 2832112 734086.57 21.0 350 162.19 0.55 59686 32191.5 21.0 208 3 99 37024 534 17622 23.5 24.0 23.88 0.01
161100.0 310 56.23 0.51 60446 10107.87 0.51 15836 3081.29 0.55 2847948 737167.86 21.0 310 162.08 0.55 59996 32353.58 21.0 208 3 99 37232 537 17721 23.5 24.0 23.86 0.01
162000.0 310 56.23 0.51 60756 10164.1 0.51 15835 3080.79 0.55 2863783 740248.65 21.0 310 162.08 0.55 60306 32515.66 21.0 208 3 99 37440 540 17820 23.4 24.0 23.86 0.01
162900.0 376 56.37 0.51 61132 10220.46 0.51 15894 3080.86 0.55 2879677 743329.51 21.0 370 162.16 0.55 60676 32677.82 21.0 208 3 99 37648 543 17919 23.4 24.0 23.86 0.01
163800.0 354 57.0 0.51 61486 10277.47 0.51 15874 3080.89 0.55 2895551 746410.4 21.0 350 162.19 0.55 61026 32840.01 21.0 208 3 99 37856 546 18018 23.4 24.0 23.85 0.01
164700.0 310 56.23 0.51 61796 10333.69 0.51 15833 3080.27 0.55 2911384 749490.67 21.0 310 162.08 0.55 61336 33002.09 21.0 208 3 99 38064 549 18117 23.4 24.0 23.83 0.02
165600.0 310 56.23 0.51 62106 10389.92 0.51 15832 3079.77 0.55 2927216 752570.44 21.0 310 162.08 0.55 61646 33164.18 21.0 208 3 99 38272 552 18216 23.3 24.0 23.82 0.02
166500.0 376 56.37 0.51 62482 10446.29 0.51 15892 3079.84 0.55 2943108 755650.28 21.0 370 162.16 0.55 62016 33326.34 21.0 208 3 99 38480 555 18315 23.3 24.0 23.82 0.02
167400.0 354 57.0 0.51 62836 10503.29 0.51 15871 3079.36 0.55 2958979 758729.64 21.0 350 162.19 0.55 62366 33488.52 21.0 208 3 99 38688 558 18414 23.3 24.0 23.82 0.02
168300.0 310 56.23 0.51 63146 10559.52 0.51 15831 3079.25 0.55 2974810 761808.89 21.0 310 162.08 0.55 62676 33650.61 21.0 208 3 99 38896 561 18513 23.3 24.0 23.8 0.02
169200.0 310 56.23 0.51 63456 10615.75 0.51 15828 3077.73 0.55 2990638 764886.62 21.0 310 162.08 0.55 62986 33812.69 21.0 208 3 99 39104 564 18612 23.2 24.0 23.79 0.02
170100.0 376 56.37 0.51 63832 10672.12 0.51 15888 3077.8 0.55 3006526 767964.42 21.0 370 162.16 0.55 63356 33974.85 21.0 208 3 99 39312 567 18711 23.2 24.0 23.79 0.02
171000.0 354 57.0 0.51 64186 10729.12 0.51 15865 3076.81 0.55 3022391 771041.23 21.0 350 162.19 0.55 63706 34137.04 21.0 208 3 99 39520 570 18810 23.2 24.0 23.78 0.02
171900.0 310 56.23 0.51 64496 10785.35 0.51 15822 3075.68 0.55 3038213 774116.91 21.0 310 162.08 0.55 64016 34299.12 21.0 208 3 99 39728 573 18909 23.2 24.0 23.76 0.03
172800.0 310 56.23 0.51 64806 10841.57 0.51 15820 3074.67 0.55 3054033 777191.58 21.0 310 162.08 0.55 64326 34461.2 21.0 208 3 99 39936 576 19008 23.1 24.0 23.74 0.02
173700.0 376 56.37 0.51 65182 10897.94 0.51 15876 3072.7 0.55 3069909 780264.28 21.0 370 162.16 0.55 64696 34623.36 21.0 208 3 99 40144 579 19107 23.1 24.0 23.74 0.02
174600.0 354 57.0 0.51 65536 10954.95 0.51 15856 3072.73 0.55 3085765 783337.01 21.0 350 162.19 0.55 65046 34785.55 21.0 208 3 99 40352 582 19206 23.1 24.0 23.74 0.02
175500.0 310 56.23 0.51 65846 11011.17 0.51 15817 3074.15 0.55 3101582 786411.16 21.0 310 162.08 0.55 65356 34947.63 21.0 208 3 99 40560 585 19305 23.1 24.0 23.71 0.03
176400.0 310 56.23 0.51 66156 11067.4 0.51 15813 3073.65 0.55 3117395 789484.81 21.0 310 162.08 0.55 65666 35109.72 21.0 208 3 99 40768 588 19404 22.9 24.0 23.68 0.03
177300.0 376 56.37 0.51 66532 11123.77 0.51 15872 3073.72 0.55 3133267 792558.53 21.0 370 162.16 0.55 66036 35271.88 21.0 208 3 99 40976 591 19503 22.9 23.9 23.68 0.03
178200.0 354 57.0 0.51 66886 11180.78 0.51 15848 3071.71 0.55 3149115 795630.24 21.0 350 162.19 0.55 66386 35434.06 21.0 208 3 99 41184 594 19602 22.9 23.9 23.68 0.03
179100.0 310 56.23 0.51 67196 11237.0 0.51 15810 3073.13 0.55 3164925 798703.37 21.0 310 162.08 0.55 66696 35596.15 21.0 208 3 99 41392 597 19701 22.9 23.9 23.62 0.03
180000.0 310 56.23 0.51 67506 11293.23 0.51 15816 3075.69 0.55 3180741 801779.06 21.0 310 162.08 0.55 67006 35758.23 21.0 208 3 99 41600 600 19800 22.8 23.9 23.59 0.02
180900.0 376 56.37 0.51 67882 11349.6 0.51 15875 3075.25 0.55 3196616 804854.31 21.0 370 162.16 0.55 67376 35920.39 21.0 208 3 99 41808 603 19899 22.8 23.9 23.58 0.02
181800.0 354 57.0 0.51 68236 11406.6 0.51 15847 3072.22 0.55 3212463 807926.53 21.0 350 162.19 0.55 67726 36082.58 21.0 208 3 99 42016 606 19998 22.8 23.9 23.58 0.02
182700.0 310 56.23 0.51 68546 11462.83 0.51 15812 3073.13 0.55 3228275 810999.66 21.0 310 162.08 0.55 68036 36244.66 21.0 208 3 99 42224 609 20097 22.8 23.8 23.51 0.03
183600.0 310 56.23 0.51 68856 11519.06 0.51 15807 3072.63 0.55 3244082 814072.29 21.0 310 162.08 0.55 68346 36406.74 21.0 208 3 99 42432 612 20196 22.7 23.8 23.45 0.02
184500.0 376 56.37 0.51 69232 11575.43 0.51 15862 3070.66 0.55 3259944 817142.95 21.0 370 162.16 0.55 68716 36568.9 21.0 208 3 99 42640 615 20295 22.7 23.8 23.45 0.02
185400.0 354 57.0 0.51 69586 11632.43 0.51 15836 3069.16 0.55 3275780 820212.11 21.0 350 162.19 0.55 69066 36731.09 21.0 208 3 99 42848 618 20394 22.7 23.8 23.44 0.02
186300.0 310 56.23 0.51 69896 11688.66 0.51 15799 3071.09 0.55 3291579 823283.2 21.0 310 162.08 0.55 69376 36893.17 21.0 208 3 99 43056 621 20493 22.7 23.7 23.35 0.03
187200.0 310 56.23 0.51 70206 11744.89 0.51 15801 3070.08 0.55 3307380 826353.28 21.0 310 162.08 0.55 69686 37055.26 21.0 208 3 99 43264 624 20592 22.4 23.7 23.27 0.02
188100.0 376 56.37 0.51 70582 11801.26 0.51 15860 3070.15 0.55 3323240 829423.42 21.0 370 162.16 0.55 70056 37217.42 21.0 208 3 99 43472 627 20691 22.4 23.7 23.27 0.02
189000.0 354 57.0 0.51 70936 11858.26 0.51 15837 3069.16 0.55 3339077 832492.59 21.0 350 162.19 0.55 70406 37379.6 21.0 208 3 99 43680 630 20790 22.4 23.7 23.27 0.02
189900.0 310 56.23 0.51 71246 11914.49 0.51 15794 3068.03 0.55 3354871 835560.62 21.0 310 162.08 0.55 70716 37541.68 21.0 208 3 99 43888 633 20889 22.4 23.5 23.13 0.03
190800.0 310 56.23 0.51 71556 11970.71 0.51 15794 3068.04 0.55 3370665 838628.66 21.0 310 162.08 0.55 71026 37703.77 21.0 208 3 99 44096 636 20988 22.1 23.5 23.03 0.02
191700.0 376 56.37 0.51 71932 12027.08 0.51 15850 3066.07 0.55 3386515 841694.72 21.0 370 162.16 0.55 71396 37865.93 21.0 208 3 99 44304 639 21087 22.1 23.5 23.02 0.02
192600.0 354 57.0 0.51 72286 12084.09 0.51 15823 3065.08 0.55 3402338 844759.81 21.0 350 162.19 0.55 71746 38028.11 21.0 208 3 99 44512 642 21186 22.1 23.5 23.02 0.02
193500.0 310 56.23 0.51 72596 12140.31 0.51 15784 3064.46 0.55 3418122 847824.26 21.0 310 162.08 0.55 72056 38190.2 21.0 208 3 99 44720 645 21285 22.1 23.3 22.86 0.03
194400.0 310 56.23 0.51 72906 12196.54 0.51 15783 3065.49 0.55 3433905 850889.76 21.0 310 162.08 0.55 72366 38352.28 21.0 208 3 99 44928 648 21384 22.0 23.3 22.74 0.02
195300.0 376 56.37 0.51 73282 12252.91 0.51 15836 3063.01 0.55 3449741 853952.76 21.0 370 162.16 0.55 72736 38514.44 21.0 208 3 99 45136 651 21483 22.0 23.3 22.73 0.02
196200.0 354 57.0 0.51 73636 12309.91 0.51 15815 3063.04 0.55 3465556 857015.8 21.0 350 162.19 0.55 73086 38676.63 21.0 208 3 99 45344 654 21582 22.0 23.3 22.73 0.02
197100.0 310 56.23 0.51 73946 12366.14 0.51 15785 3064.97 0.55 3481341 860080.77 21.0 310 162.08 0.55 73396 38838.71 21.0 208 3 99 45552 657 21681 22.0 23.1 22.57 0.02
198000.0 310 56.23 0.51 74256 12422.37 0.51 15758 3056.82 0.55 3497099 863137.59 21.0 310 162.08 0.55 73706 39000.8 21.0 208 3 99 45760 660 21780 22.0 23.1 22.43 0.02
198900.0 376 56.37 0.51 74632 12478.74 0.51 15818 3056.89 0.55 3512917 866194.48 21.0 370 162.16 0.55 74076 39162.95 21.0 208 3 99 45968 663 21879 22.0 23.1 22.42 0.02
199800.0 354 57.0 0.51 74986 12535.74 0.51 15794 3054.88 0.55 3528711 869249.36 21.0 350 162.19 0.55 74426 39325.14 21.0 208 3 99 46176 666 21978 22.0 23.1 22.42 0.02
200700.0 310 56.23 0.51 75296 12591.97 0.51 15762 3058.34 0.55 3544473 872307.7 21.0 310 162.08 0.55 74736 39487.22 21.0 208 3 99 46384 669 22077 22.0 22.8 22.26 0.01
201600.0 310 56.23 0.51 75606 12648.2 0.51 15762 3058.35 0.55 3560235 875366.05 21.0 310 162.08 0.55 75046 39649.31 21.0 208 3 99 46592 672 22176 22.0 22.8 22.19 0.02
202500.0 376 56.37 0.51 75982 12704.57 0.51 15822 3058.42 0.55 3576057 878424.47 21.0 370 162.16 0.55 75416 39811.47 21.0 208 3 99 46800 675 22275 22.0 22.8 22.19 0.02
203400.0 354 57.0 0.51 76336 12761.57 0.51 15797 3055.9 0.55 3591854 881480.37 21.0 350 162.19 0.55 75766 39973.65 21.0 208 3 99 47008 678 22374 22.0 22.8 22.18 0.02
204300.0 310 56.23 0.51 76646 12817.8 0.51 15765 3058.34 0.55 3607619 884538.71 21.0 310 162.08 0.55 76076 40135.74 21.0 208 3 99 47216 681 22473 22.0 22.6 22.07 0.01
205200.0 310 56.23 0.51 76956 12874.02 0.51 15764 3057.84 0.55 3623383 887596.55 21.0 310 162.08 0.55 76386 40297.82 21.0 208 3 99 47424 684 22572 22.0 22.6 22.06 0.01
206100.0 376 56.37 0.51 77332 12930.39 0.51 15824 3057.91 0.55 3639207 890654.45 21.0 370 162.16 0.55 76756 40459.98 21.0 208 3 99 47632 687 22671 22.0 22.6 22.06 0.01
207000.0 354 57.0 0.51 77686 12987.4 0.51 15794 3054.88 0.55 3655001 893709.34 21.0 350 162.19 0.55 77106 40622.17 21.0 208 3 99 47840 690 22770 22.0 22.6 22.06 0.01
207900.0 310 56.23 0.51 77996 13043.62 0.51 15759 3057.32 0.55 3670760 896766.66 21.0 310 162.08 0.55 77416 40784.25 21.0 208 3 99 48048 693 22869 22.0 22.2 22.02 0.0
208800.0 310 56.23 0.51 78306 13099.85 0.51 15755 3055.8 0.55 3686515 899822.46 21.0 310 162.08 0.55 77726 40946.33 21.0 208 3 99 48256 696 22968 22.0 22.2 22.02 0.0
209700.0 376 56.37 0.51 78682 13156.22 0.51 15814 3055.36 0.55 3702329 902877.81 21.0 370 162.16 0.55 78096 41108.49 21.0 208 3 99 48464 699 23067 22.0 22.2 22.02 0.0
210600.0 354 57.0 0.51 79036 13213.22 0.51 15787 3052.84 0.55 3718116 905930.66 21.0 350 162.19 0.55 78446 41270.68 21.0 208 3 99 48672 702 23166 22.0 22.2 22.02 0.0
211500.0 310 56.23 0.51 79346 13269.45 0.51 15747 3053.75 0.55 3733863 908984.4 21.0 310 162.08 0.55 78756 41432.76 21.0 208 3 99 48880 705 23265 22.0 22.0 22.0 0.0
212400.0 310 56.23 0.51 79656 13325.68 0.51 15747 3053.76 0.55 3749610 912038.16 21.0 310 162.08 0.55 79066 41594.85 21.0 208 3 99 49088 708 23364 22.0 22.0 22.0 0.0
213300.0 376 56.37 0.51 80032 13382.04 0.51 15805 3053.83 0.55 3765415 915091.99 21.0 370 162.16 0.55 79436 41757.01 21.0 208 3 99 49296 711 23463 22.0 22.0 22.0 0.0
214200.0 354 57.0 0.51 80386 13439.05 0.51 15777 3051.31 0.55 3781192 918143.3 21.0 350 162.19 0.55 79786 41919.19 21.0 208 3 99 49504 714 23562 22.0 22.0 22.0 0.0
215100.0 310 56.23 0.51 80696 13495.27 0.51 15736 3051.2 0.55 3796928 921194.5 21.0 310 162.08 0.55 80096 42081.28 21.0 208 3 99 49712 717 23661 22.0 22.0 22.0 0.0
216000.0 310 56.23 0.51 81006 13551.5 0.51 15729 3048.66 0.55 3812657 924243.16 21.0 310 162.08 0.55 80406 42243.36 21.0 208 3 99 49920 720 23760 22.0 22.0 22.0 0.0
216900.0 376 56.37 0.51 81382 13607.87 0.51 15788 3048.73 0.55 3828445 927291.89 21.0 370 162.16 0.55 80776 42405.52 21.0 208 3 99 50128 723 23859 22.0 22.0 22.0 0.0
217800.0 354 57.0 0.51 81736 13664.88 0.51 15766 3047.74 0.55 3844211 930339.63 21.0 350 162.19 0.55 81126 42567.71 21.0 208 3 99 50336 726 23958 22.0 22.0 22.0 0.0
218700.0 310 56.23 0.51 82046 13721.1 0.51 15718 3045.08 0.55 3859929 933384.71 21.0 310 162.08 0.55 81436 42729.79 21.0 208 3 99 50544 729 24057 22.0 22.0 22.0 0.0
219600.0 310 56.23 0.51 82356 13777.33 0.51 15713 3042.54 0.55 3875642 936427.25 21.0 310 162.08 0.55 81746 42891.87 21.0 208 3 99 50752 732 24156 22.0 22.0 22.0 0.0
220500.0 376 56.37 0.51 82732 13833.7 0.51 15772 3042.1 0.55 3891414 939469.34 21.0 370 162.16 0.55 82116 43054.03 21.0 208 3 99 50960 735 24255 22.0 22.0 22.0 0.0
221400.0 354 57.01 0.51 83086 13890.7 0.51 15755 3045.34 0.55 3907169 942514.68 21.0 350 162.22 0.55 82466 43216.25 21.0 208 3 99 51168 738 24354 21.3 22.0 21.98 0.01
222300.0 310 56.23 0.51 83396 13946.93 0.51 15795 3069.93 0.55 3922964 945584.61 21.0 310 162.14 0.55 82776 43378.39 21.0 208 3 99 51376 741 24453 20.5 22.0 21.28 0.07
223200.0 310 56.23 0.51 83706 14003.16 0.51 15819 3079.13 0.55 3938783 948663.74 21.0 310 162.14 0.55 83086 43540.53 21.0 208 3 99 51584 744 24552 19.8 22.0 20.58 0.15
224100.0 376 56.37 0.51 84082 14059.54 0.51 15879 3079.19 0.55 3954662 951742.93 21.0 370 162.22 0.55 83456 43702.75 21.0 208 3 99 51792 747 24651 19.8 21.8 20.56 0.13
225000.0 354 57.01 0.51 84436 14116.54 0.51 15856 3078.1 0.55 3970518 954821.03 21.0 350 162.23 0.55 83806 43864.98 21.0 208 3 99 52000 750 24750 19.8 21.8 20.56 0.13
225900.0 310 56.23 0.51 84746 14172.77 0.51 15822 3079.87 0.55 3986340 957900.91 21.0 310 162.14 0.55 84116 44027.12 21.0 208 3 99 52208 753 24849 19.8 21.7 20.5 0.12
226800.0 310 56.23 0.51 85056 14229.0 0.51 15824 3080.39 0.55 4002164 960981.3 21.0 310 162.14 0.55 84426 44189.26 21.0 208 3 99 52416 756 24948 19.8 21.7 20.46 0.14
227700.0 376 56.37 0.51 85432 14285.37 0.51 15883 3079.95 0.55 4018047 964061.25 21.0 370 162.21 0.55 84796 44351.47 21.0 208 3 99 52624 759 25047 19.8 21.7 20.46 0.14
228600.0 354 57.01 0.51 85786 14342.38 0.51 15855 3078.61 0.55 4033902 967139.86 21.0 350 162.25 0.55 85146 44513.72 21.0 208 3 99 52832 762 25146 19.8 21.7 20.46 0.14
229500.0 310 56.23 0.51 86096 14398.61 0.51 15819 3078.65 0.55 4049721 970218.5 21.0 310 162.13 0.55 85456 44675.85 21.0 208 3 99 53040 765 25245 19.8 21.6 20.44 0.14
230400.0 310 56.23 0.51 86406 14454.83 0.51 15820 3079.17 0.55 4065541 973297.68 21.0 310 162.13 0.55 85766 44837.98 21.0 208 3 99 53248 768 25344 19.8 21.6 20.45 0.14
231300.0 376 56.37 0.51 86782 14511.2 0.51 15879 3078.72 0.55 4081420 976376.4 21.0 370 162.21 0.55 86136 45000.19 21.0 208 3 99 53456 771 25443 19.8 21.6 20.45 0.14
232200.0 354 57.01 0.51 87136 14568.21 0.51 15853 3076.97 0.55 4097273 979453.37 21.0 350 162.23 0.55 86486 45162.42 21.0 208 3 99 53664 774 25542 19.8 21.6 20.45 0.14
233100.0 310 56.23 0.51 87446 14624.44 0.51 15814 3078.23 0.55 4113087 982531.6 21.0 310 162.14 0.55 86796 45324.56 21.0 208 3 99 53872 777 25641 19.8 21.5 20.48 0.15
234000.0 310 56.23 0.51 87756 14680.67 0.51 15814 3078.75 0.55 4128901 985610.35 21.0 310 162.14 0.55 87106 45486.71 21.0 208 3 99 54080 780 25740 19.8 21.5 20.49 0.15
234900.0 376 56.37 0.51 88132 14737.04 0.51 15874 3078.82 0.55 4144775 988689.17 21.0 370 162.22 0.55 87476 45648.93 21.0 208 3 99 54288 783 25839 19.8 21.5 20.49 0.15
235800.0 354 57.01 0.51 88486 14794.04 0.51 15848 3075.89 0.55 4160623 991765.06 21.0 350 162.23 0.55 87826 45811.16 21.0 208 3 99 54496 786 25938 19.8 21.5 20.49 0.15
236700.0 310 56.23 0.51 88796 14850.27 0.51 15810 3074.55 0.55 4176433 994839.62 21.0 310 162.1 0.55 88136 45973.26 21.0 208 3 99 54704 789 26037 19.8 21.4 20.5 0.16
237600.0 310 56.23 0.51 89106 14906.5 0.51 15808 3074.06 0.55 4192241 997913.68 21.0 310 162.1 0.55 88446 46135.36 21.0 208 3 99 54912 792 26136 19.8 21.4 20.55 0.14
238500.0 376 56.37 0.51 89482 14962.87 0.51 15867 3073.61 0.55 4208108 1000987.29 21.0 370 162.18 0.55 88816 46297.54 21.0 208 3 99 55120 795 26235 19.7 21.4 20.55 0.15
239400.0 354 57.01 0.51 89836 15019.87 0.51 15840 3073.62 0.55 4223948 1004060.91 21.0 350 162.22 0.55 89166 46459.76 21.0 208 3 99 55328 798 26334 19.7 21.4 20.55 0.15
240300.0 310 56.23 0.51 90146 15076.1 0.51 15797 3070.45 0.55 4239745 1007131.36 21.0 310 162.12 0.55 89476 46621.88 21.0 208 3 99 55536 801 26433 19.7 21.5 20.57 0.16
241200.0 310 56.23 0.51 90456 15132.33 0.51 15794 3069.44 0.55 4255539 1010200.8 21.0 310 162.12 0.55 89786 46784.0 21.0 208 3 99 55744 804 26532 19.7 21.6 20.6 0.16
242100.0 376 56.37 0.51 90832 15188.7 0.51 15852 3068.49 0.55 4271391 1013269.29 21.0 370 162.2 0.55 90156 46946.2 21.0 208 3 99 55952 807 26631 19.7 21.6 20.6 0.16
243000.0 354 57.0 0.51 91186 15245.71 0.51 15830 3068.15 0.55 4287221 1016337.45 21.0 350 162.22 0.55 90506 47108.42 21.0 208 3 99 56160 810 26730 19.7 21.6 20.6 0.16
243900.0 310 56.23 0.51 91496 15301.93 0.51 15793 3070.93 0.55 4303014 1019408.38 21.0 310 162.13 0.55 90816 47270.55 21.0 208 3 99 56368 813 26829 19.7 21.6 20.61 0.17
244800.0 310 56.23 0.51 91806 15358.16 0.51 15794 3070.94 0.55 4318808 1022479.32 21.0 310 162.13 0.55 91126 47432.68 21.0 208 3 99 56576 816 26928 19.7 21.8 20.64 0.17
245700.0 376 56.37 0.51 92182 15414.53 0.51 15853 3071.01 0.55 4334661 1025550.33 21.0 370 162.21 0.55 91496 47594.89 21.0 208 3 99 56784 819 27027 19.6 21.8 20.64 0.17
246600.0 354 57.01 0.51 92536 15471.54 0.51 15816 3064.45 0.55 4350477 1028614.78 21.0 350 162.24 0.55 91846 47757.13 21.0 208 3 99 56992 822 27126 19.6 21.8 20.64 0.17
247500.0 310 56.23 0.51 92846 15527.77 0.51 15790 3068.25 0.55 4366267 1031683.03 21.0 310 162.13 0.55 92156 47919.26 21.0 208 3 99 57200 825 27225 19.6 21.8 20.61 0.18
248400.0 310 56.23 0.51 93156 15584.0 0.51 15794 3069.29 0.55 4382061 1034752.32 21.0 310 162.13 0.55 92466 48081.39 21.0 208 3 99 57408 828 27324 19.6 21.9 20.62 0.18
249300.0 376 56.37 0.51 93532 15640.37 0.51 15850 3068.32 0.55 4397911 1037820.64 21.0 370 162.2 0.55 92836 48243.59 21.0 208 3 99 57616 831 27423 19.5 21.9 20.62 0.18
250200.0 354 57.01 0.51 93886 15697.38 0.51 15809 3060.25 0.55 4413720 1040880.89 21.0 350 162.22 0.55 93186 48405.81 21.0 208 3 99 57824 834 27522 19.5 21.9 20.62 0.18
251100.0 310 56.23 0.51 94196 15753.6 0.51 15786 3067.04 0.55 4429506 1043947.93 21.0 310 162.12 0.55 93496 48567.94 21.0 208 3 99 58032 837 27621 19.5 21.9 20.58 0.2
252000.0 310 56.23 0.51 94506 15809.83 0.51 15790 3069.09 0.55 4445296 1047017.02 21.0 310 162.13 0.55 93806 48730.06 21.0 208 3 99 58240 840 27720 19.5 22.0 20.56 0.22
252900.0 376 56.37 0.51 94882 15866.2 0.51 15850 3069.16 0.55 4461146 1050086.17 21.0 370 162.2 0.55 94176 48892.26 21.0 208 3 99 58448 843 27819 19.5 22.0 20.56 0.22
253800.0 354 57.01 0.51 95236 15923.21 0.51 15815 3063.2 0.55 4476961 1053149.38 21.0 350 162.23 0.55 94526 49054.49 21.0 208 3 99 58656 846 27918 19.5 22.0 20.56 0.22
254700.0 310 56.23 0.51 95546 15979.44 0.51 15818 3079.06 0.55 4492779 1056228.44 21.0 310 162.13 0.55 94836 49216.62 21.0 208 3 99 58864 849 28017 19.5 22.0 20.43 0.22
255600.0 310 56.23 0.51 95856 16035.67 0.51 15826 3080.61 0.55 4508605 1059309.04 21.0 310 162.13 0.55 95146 49378.75 21.0 208 3 99 59072 852 28116 19.5 21.8 20.4 0.23
256500.0 376 56.37 0.51 96232 16092.04 0.51 15885 3080.16 0.55 4524490 1062389.2 21.0 370 162.21 0.55 95516 49540.96 21.0 208 3 99 59280 855 28215 19.3 21.8 20.39 0.23
257400.0 354 57.0 0.51 96586 16149.04 0.51 15844 3071.87 0.55 4540334 1065461.07 21.0 350 162.22 0.55 95866 49703.18 21.0 208 3 99 59488 858 28314 19.3 21.8 20.39 0.23
258300.0 310 56.23 0.51 96896 16205.27 0.51 15831 3082.57 0.55 4556165 1068543.63 21.0 310 162.13 0.55 96176 49865.31 21.0 208 3 99 59696 861 28413 19.3 21.8 20.23 0.24
259200.0 310 56.23 0.51 97206 16261.5 0.51 15836 3084.62 0.55 4572001 1071628.25 21.0 310 162.13 0.55 96486 50027.44 21.0 208 3 99 59904 864 28512 19.3 21.8 20.15 0.26
260100.0 376 56.37 0.51 97582 16317.87 0.51 15896 3084.68 0.55 4587897 1074712.93 21.0 370 162.2 0.55 96856 50189.64 21.0 208 3 99 60112 867 28611 19.2 21.6 20.15 0.26
261000.0 356 57.1 0.51 97938 16374.97 0.51 16184 171869.67 20.98 4604081 1246582.6 21.0 352 3426.19 20.98 97208 53615.83 21.0 208 3 99 60320 870 28710 19.2 21.6 20.15 0.26
261900.0 310 56.23 0.51 98248 16431.2 0.51 15846 3087.67 0.55 4619927 1249670.28 21.0 310 162.11 0.55 97518 53777.94 21.0 208 3 99 60528 873 28809 18.9 21.6 19.76 0.27
262800.0 310 56.23 0.51 98558 16487.42 0.51 15851 3090.25 0.55 4635778 1252760.53 21.0 310 162.11 0.55 97828 53940.05 21.0 208 3 99 60736 876 28908 18.9 21.6 19.62 0.25
263700.0 376 56.37 0.51 98934 16543.79 0.51 15911 3090.3 0.55 4651689 1255850.83 21.0 370 162.19 0.55 98198 54102.24 21.0 208 3 99 60944 879 29007 18.9 20.8 19.62 0.24
264600.0 356 57.1 0.51 99290 16600.9 0.51 16199 171977.19 20.99 4667888 1427828.02 21.0 352 3429.44 20.99 98550 57531.68 21.0 208 3 99 61152 882 29106 18.4 20.8 19.61 0.25
265500.0 310 56.24 0.51 99600 16657.14 0.51 15909 3130.01 0.55 4683797 1430958.03 21.0 310 162.44 0.55 98860 57694.12 21.0 208 3 99 61360 885 29205 17.3 20.8 18.27 0.32
266400.0 310 56.24 0.51 99910 16713.38 0.51 15921 3132.51 0.55 4699718 1434090.54 21.0 310 162.44 0.55 99170 57856.56 21.0 208 3 99 61568 888 29304 17.3 20.0 17.81 0.04
267300.0 376 56.39 0.51 100286 16769.77 0.51 15981 3132.64 0.55 4715699 1437223.18 21.0 370 162.52 0.55 99540 58019.08 21.0 208 3 99 61776 891 29403 17.3 18.8 17.8 0.02
268200.0 356 57.11 0.51 100642 16826.88 0.51 16272 172016.79 20.99 4731971 1609239.97 21.0 352 3429.1 20.99 99892 61448.18 21.0 208 3 99 61984 894 29502 17.3 18.8 17.8 0.02
269100.0 310 56.24 0.51 100952 16883.13 0.51 15920 3132.06 0.55 4747891 1612372.03 21.0 310 162.42 0.55 100202 61610.6 21.0 208 3 99 62192 897 29601 17.3 18.8 17.78 0.02
270000.0 310 56.24 0.51 101262 16939.37 0.51 15921 3132.56 0.55 4763812 1615504.59 21.0 310 162.42 0.55 100512 61773.02 21.0 208 3 99 62400 900 29700 17.3 18.7 17.76 0.02
270900.0 376 56.39 0.51 101638 16995.76 0.51 15981 3132.65 0.55 4779793 1618637.24 21.0 370 162.49 0.55 100882 61935.51 21.0 208 3 99 62608 903 29799 17.3 18.7 17.76 0.02
271800.0 354 57.02 0.51 101992 17052.78 0.51 15958 3131.81 0.55 4795751 1621769.05 21.0 350 162.5 0.55 101232 62098.01 21.0 208 3 99 62816 906 29898 17.3 18.7 17.76 0.02
272700.0 310 56.24 0.51 102302 17109.02 0.51 15918 3131.76 0.55 4811669 1624900.81 21.0 310 162.4 0.55 101542 62260.41 21.0 208 3 99 63024 909 29997 17.3 18.7 17.74 0.02
273600.0 310 56.24 0.51 102612 17165.26 0.51 15918 3131.71 0.55 4827587 1628032.52 21.0 310 162.4 0.55 101852 62422.82 21.0 208 3 99 63232 912 30096 17.3 18.6 17.73 0.02
274500.0 376 56.39 0.51 102988 17221.65 0.51 15976 3130.81 0.55 4843563 1631163.33 21.0 370 162.48 0.55 102222 62585.3 21.0 208 3 99 63440 915 30195 17.3 18.6 17.73 0.02
275400.0 354 57.02 0.51 103342 17278.67 0.51 15955 3133.0 0.55 4859518 1634296.33 21.0 350 162.56 0.55 102572 62747.85 21.0 208 3 99 63648 918 30294 17.3 18.6 17.73 0.02
276300.0 310 56.24 0.51 103652 17334.91 0.51 15916 3130.95 0.55 4875434 1637427.28 21.0 310 162.42 0.55 102882 62910.27 21.0 208 3 99 63856 921 30393 17.3 18.6 17.72 0.02
277200.0 310 56.24 0.51 103962 17391.16 0.51 15915 3130.37 0.55 4891349 1640557.65 21.0 310 162.41 0.55 103192 63072.68 21.0 208 3 99 64064 924 30492 17.3 18.5 17.71 0.02
278100.0 376 56.38 0.51 104338 17447.54 0.51 15975 3130.52 0.55 4907324 1643688.17 21.0 370 162.49 0.55 103562 63235.17 21.0 208 3 99 64272 927 30591 17.3 18.5 17.7 0.02
279000.0 354 57.02 0.51 104692 17504.56 0.51 15953 3128.09 0.55 4923277 1646816.26 21.0 350 162.48 0.55 103912 63397.65 21.0 208 3 99 64480 930 30690 17.3 18.5 17.7 0.02
279900.0 310 56.24 0.51 105002 17560.8 0.51 15914 3130.53 0.55 4939191 1649946.79 21.0 310 162.42 0.55 104222 63560.07 21.0 208 3 99 64688 933 30789 17.3 18.5 17.69 0.02
280800.0 310 56.24 0.51 105312 17617.04 0.51 15915 3130.52 0.55 4955106 1653077.31 21.0 310 162.42 0.55 104532 63722.48 21.0 208 3 99 64896 936 30888 17.3 18.4 17.68 0.02
281700.0 376 56.39 0.51 105688 17673.43 0.51 15972 3130.1 0.55 4971078 1656207.41 21.0 370 162.49 0.55 104902 63884.98 21.0 208 3 99 65104 939 30987 17.3 18.4 17.68 0.02
282600.0 354 57.02 0.51 106042 17730.45 0.51 15949 3128.96 0.55 4987027 1659336.37 21.0 350 162.52 0.55 105252 64047.49 21.0 208 3 99 65312 942 31086 17.3 18.4 17.68 0.02
283500.0 310 56.24 0.51 106352 17786.69 0.51 15914 3128.55 0.55 5002941 1662464.92 21.0 310 162.37 0.55 105562 64209.86 21.0 208 3 99 65520 945 31185 17.3 18.4 17.67 0.01
284400.0 310 56.24 0.51 106662 17842.93 0.51 15911 3127.5 0.55 5018852 1665592.42 21.0 310 162.37 0.55 105872 64372.23 21.0 208 3 99 65728 948 31284 17.3 18.3 17.67 0.01
285300.0 376 56.38 0.51 107038 17899.32 0.51 15968 3127.09 0.55 5034820 1668719.51 21.0 370 162.45 0.55 106242 64534.68 21.0 208 3 99 65936 951 31383 17.3 18.3 17.67 0.01
286200.0 354 57.02 0.51 107392 17956.33 0.51 15943 3124.32 0.55 5050763 1671843.83 21.0 350 162.46 0.55 106592 64697.13 21.0 208 3 99 66144 954 31482 17.3 18.3 17.66 0.01
287100.0 310 56.24 0.51 107702 18012.58 0.51 15901 3123.64 0.55 5066664 1674967.47 21.0 310 162.36 0.55 106902 64859.5 21.0 208 3 99 66352 957 31581 17.3 18.3 17.66 0.01
288000.0 310 56.24 0.51 108012 18068.82 0.51 15900 3123.56 0.55 5082564 1678091.03 21.0 310 162.36 0.55 107212 65021.86 21.0 208 3 99 66560 960 31680 17.3 18.2 17.66 0.01
288900.0 376 56.38 0.51 108388 18125.2 0.51 15960 3123.71 0.55 5098524 1681214.74 21.0 370 162.44 0.55 107582 65184.3 21.0 208 3 99 66768 963 31779 17.3 18.2 17.66 0.01
289800.0 354 57.02 0.51 108742 18182.22 0.51 15937 3125.37 0.55 5114461 1684340.11 21.0 350 162.51 0.55 107932 65346.81 21.0 208 3 99 66976 966 31878 17.3 18.2 17.66 0.01
290700.0 310 56.24 0.51 109052 18238.47 0.51 15900 3127.34 0.55 5130361 1687467.45 21.0 310 162.46 0.55 108242 65509.27 21.0 208 3 99 67184 969 31977 17.3 18.2 17.66 0.01
291600.0 310 56.24 0.51 109362 18294.71 0.51 15899 3127.29 0.55 5146260 1690594.74 21.0 310 162.45 0.55 108552 65671.72 21.0 208 3 99 67392 972 32076 17.3 18.1 17.66 0.01
292500.0 376 56.39 0.51 109738 18351.1 0.51 15954 3125.89 0.55 5162214 1693720.63 21.0 370 162.53 0.55 108922 65834.25 21.0 208 3 99 67600 975 32175 17.3 18.1 17.66 0.01
293400.0 354 57.02 0.51 110092 18408.12 0.51 15933 3125.86 0.55 5178147 1696846.5 21.0 350 162.56 0.55 109272 65996.81 21.0 208 3 99 67808 978 32274 17.3 18.1 17.66 0.01
294300.0 310 56.24 0.51 110402 18464.36 0.51 15898 3124.88 0.55 5194045 1699971.38 21.0 310 162.4 0.55 109582 66159.21 21.0 208 3 99 68016 981 32373 17.4 18.1 17.65 0.01
295200.0 310 56.24 0.51 110712 18520.61 0.51 15898 3123.82 0.55 5209943 1703095.2 21.0 310 162.4 0.55 109892 66321.6 21.0 208 3 99 68224 984 32472 17.4 18.0 17.66 0.01
296100.0 376 56.39 0.51 111088 18576.99 0.51 15958 3123.94 0.55 5225901 1706219.14 21.0 370 162.47 0.55 110262 66484.08 21.0 208 3 99 68432 987 32571 17.4 18.0 17.66 0.01
297000.0 354 57.02 0.51 111442 18634.01 0.51 15932 3121.89 0.55 5241833 1709341.02 21.0 350 162.5 0.55 110612 66646.58 21.0 208 3 99 68640 990 32670 17.4 18.0 17.66 0.01
297900.0 310 56.24 0.51 111752 18690.26 0.51 15890 3123.26 0.55 5257723 1712464.28 21.0 310 162.46 0.55 110922 66809.03 21.0 208 3 99 68848 993 32769 17.4 18.0 17.65 0.01
298800.0 310 56.24 0.51 112062 18746.5 0.51 15888 3122.7 0.55 5273611 1715586.99 21.0 310 162.45 0.55 111232 66971.49 21.0 208 3 99 69056 996 32868 17.4 18.0 17.66 0.01
299700.0 376 56.39 0.51 112438 18802.89 0.51 15948 3122.83 0.55 5289559 1718709.82 21.0 370 162.53 0.55 111602 67134.02 21.0 208 3 99 69264 999 32967 17.4 18.0 17.66 0.01
300600.0 354 57.02 0.51 112792 18859.91 0.51 15919 3120.76 0.55 5305478 1721830.58 21.0 350 162.56 0.55 111952 67296.57 21.0 208 3 99 69472 1002 33066 17.4 18.0 17.66 0.01
301500.0 310 56.24 0.51 113102 18916.15 0.51 15882 3119.05 0.55 5321360 1724949.62 21.0 310 162.41 0.55 112262 67458.99 21.0 208 3 99 69680 1005 33165 17.4 18.0 17.66 0.01
302400.0 310 56.24 0.51 113412 18972.4 0.51 15885 3120.54 0.55 5337245 1728070.17 21.0 310 162.41 0.55 112572 67621.4 21.0 208 3 99 69888 1008 33264 17.4 17.9 17.66 0.01
303300.0 376 56.39 0.51 113788 19028.78 0.51 15941 3119.12 0.55 5353186 1731189.29 21.0 370 162.49 0.55 112942 67783.89 21.0 208 3 99 70096 1011 33363 17.4 17.9 17.66 0.01
304200.0 354 57.02 0.51 114142 19085.8 0.51 15919 3116.74 0.55 5369105 1734306.03 21.0 350 162.48 0.55 113292 67946.37 21.0 208 3 99 70304 1014 33462 17.4 17.9 17.66 0.01
305100.0 310 56.24 0.51 114452 19142.04 0.51 15881 3118.8 0.55 5384986 1737424.83 21.0 310 162.42 0.55 113602 68108.78 21.0 208 3 99 70512 1017 33561 17.4 17.9 17.66 0.01
306000.0 310 56.24 0.51 114762 19198.29 0.51 15877 3118.28 0.55 5400863 1740543.11 21.0 310 162.42 0.55 113912 68271.2 21.0 208 3 99 70720 1020 33660 17.4 17.9 17.66 0.01
306900.0 376 56.39 0.51 115138 19254.67 0.51 15936 3118.37 0.55 5416799 1743661.48 21.0 370 162.49 0.55 114282 68433.69 21.0 208 3 99 70928 1023 33759 17.4 17.9 17.66 0.01
307800.0 354 57.02 0.51 115492 19311.69 0.51 15911 3118.72 0.55 5432710 1746780.2 21.0 350 162.56 0.55 114632 68596.25 21.0 208 3 99 71136 1026 33858 17.4 17.9 17.66 0.01
308700.0 310 56.24 0.51 115802 19367.94 0.51 15872 3119.18 0.55 5448582 1749899.38 21.0 310 162.46 0.55 114942 68758.71 21.0 208 3 99 71344 1029 33957 17.4 17.9 17.67 0.01
309600.0 310 56.24 0.51 116112 19424.18 0.51 15879 3121.17 0.55 5464461 1753020.55 21.0 310 162.45 0.55 115252 68921.16 21.0 208 3 99 71552 1032 34056 17.4 17.9 17.67 0.01
310500.0 376 56.39 0.51 116488 19480.57 0.51 15936 3119.77 0.55 5480397 1756140.32 21.0 370 162.53 0.55 115622 69083.69 21.0 208 3 99 71760 1035 34155 17.4 17.9 17.68 0.01
311400.0 354 57.02 0.51 116842 19537.59 0.51 15908 3116.68 0.55 5496305 1759257.01 21.0 350 162.56 0.55 115972 69246.25 21.0 208 3 99 71968 1038 34254 17.4 17.9 17.67 0.01
312300.0 310 56.24 0.51 117152 19593.84 0.51 15862 3111.62 0.55 5512167 1762368.63 21.0 310 162.4 0.55 116282 69408.65 21.0 208 3 99 72176 1041 34353 17.4 17.9 17.68 0.01
313200.0 310 56.24 0.51 117462 19650.08 0.51 15863 3112.09 0.55 5528030 1765480.72 21.0 310 162.4 0.55 116592 69571.04 21.0 208 3 99 72384 1044 34452 17.4 18.0 17.68 0.01
314100.0 376 56.39 0.51 117838 19706.47 0.51 15920 3111.19 0.55 5543950 1768591.91 21.0 370 162.47 0.55 116962 69733.52 21.0 208 3 99 72592 1047 34551 17.3 18.0 17.68 0.01
315000.0 354 57.02 0.51 118192 19763.49 0.51 15897 3110.15 0.55 5559847 1771702.06 21.0 350 162.5 0.55 117312 69896.02 21.0 208 3 99 72800 1050 34650 17.3 18.0 17.68 0.01
315900.0 310 56.24 0.51 118502 19819.73 0.51 15854 3109.53 0.55 5575701 1774811.59 21.0 310 162.42 0.55 117622 70058.43 21.0 208 3 99 73008 1053 34749 17.3 18.0 17.69 0.01
316800.0 310 56.24 0.51 118812 19875.97 0.51 15861 3113.03 0.55 5591562 1777924.62 21.0 310 162.41 0.55 117932 70220.85 21.0 208 3 99 73216 1056 34848 17.3 18.1 17.7 0.01
317700.0 376 56.39 0.51 119188 19932.36 0.51 15918 3112.67 0.55 5607480 1781037.29 21.0 370 162.49 0.55 118302 70383.34 21.0 208 3 99 73424 1059 34947 17.3 18.1 17.7 0.01
318600.0 354 57.02 0.51 119542 19989.38 0.51 15887 3109.05 0.55 5623367 1784146.33 21.0 350 162.51 0.55 118652 70545.85 21.0 208 3 99 73632 1062 35046 17.3 18.1 17.7 0.01
319500.0 310 56.24 0.51 119852 20045.62 0.51 15836 3105.41 0.55 5639203 1787251.74 21.0 310 162.46 0.55 118962 70708.31 21.0 208 3 99 73840 1065 35145 17.3 18.1 17.71 0.02
320400.0 310 56.24 0.51 120162 20101.87 0.51 15839 3105.36 0.55 5655042 1790357.11 21.0 310 162.45 0.55 119272 70870.76 21.0 208 3 99 74048 1068 35244 17.3 18.2 17.71 0.02
321300.0 376 56.39 0.51 120538 20158.26 0.51 15899 3105.49 0.55 5670941 1793462.6 21.0 370 162.53 0.55 119642 71033.3 21.0 208 3 99 74256 1071 35343 17.3 18.2 17.71 0.02
322200.0 354 57.02 0.51 120892 20215.27 0.51 15873 3097.3 0.55 5686814 1796559.9 21.0 350 162.44 0.55 119992 71195.74 21.0 208 3 99 74464 1074 35442 17.3 18.2 17.71 0.02
323100.0 310 56.24 0.51 121202 20271.51 0.51 15831 3095.48 0.55 5702645 1799655.38 21.0 310 162.3 0.55 120302 71358.04 21.0 208 3 99 74672 1077 35541 17.3 18.2 17.72 0.02
324000.0 310 56.24 0.51 121512 20327.75 0.51 15836 3097.03 0.55 5718481 1802752.4 21.0 310 162.3 0.55 120612 71520.34 21.0 208 3 99 74880 1080 35640 17.3 18.2 17.72 0.02
324900.0 376 56.38 0.51 121888 20384.13 0.51 15892 3096.07 0.55 5734373 1805848.47 21.0 370 162.37 0.55 120982 71682.71 21.0 208 3 99 75088 1083 35739 17.3 18.2 17.72 0.02
325800.0 354 57.02 0.51 122242 20441.15 0.51 15860 3097.18 0.55 5750233 1808945.65 21.0 350 162.51 0.55 121332 71845.23 21.0 208 3 99 75296 1086 35838 17.3 18.2 17.72 0.02
326700.0 310 56.24 0.51 122552 20497.39 0.51 15816 3097.76 0.55 5766049 1812043.41 21.0 310 162.46 0.55 121642 72007.68 21.0 208 3 99 75504 1089 35937 17.3 18.2 17.73 0.02
327600.0 310 56.24 0.51 122862 20553.64 0.51 15818 3096.18 0.55 5781867 1815139.59 21.0 310 162.45 0.55 121952 72170.14 21.0 208 3 99 75712 1092 36036 17.3 18.3 17.73 0.02
328500.0 376 56.39 0.51 123238 20610.03 0.51 15876 3095.8 0.55 5797743 1818235.39 21.0 370 162.53 0.55 122322 72332.67 21.0 208 3 99 75920 1095 36135 17.2 18.3 17.73 0.03
329400.0 354 57.02 0.51 123592 20667.05 0.51 15851 3094.24 0.55 5813594 1821329.64 21.0 350 162.56 0.55 122672 72495.23 21.0 208 3 99 76128 1098 36234 17.2 18.3 17.73 0.03
330300.0 310 56.24 0.51 123902 20723.29 0.51 15804 3095.72 0.55 5829398 1824425.36 21.0 310 162.46 0.55 122982 72657.68 21.0 208 3 99 76336 1101 36333 17.2 18.3 17.74 0.03
331200.0 310 56.24 0.51 124212 20779.54 0.51 15820 3100.26 0.55 5845218 1827525.62 21.0 310 162.45 0.55 123292 72820.14 21.0 208 3 99 76544 1104 36432 17.2 18.4 17.75 0.03
332100.0 376 56.39 0.51 124588 20835.92 0.51 15876 3098.35 0.55 5861094 1830623.97 21.0 370 162.53 0.55 123662 72982.67 21.0 208 3 99 76752 1107 36531 17.2 18.4 17.75 0.03
333000.0 354 57.02 0.51 124942 20892.94 0.51 15836 3088.29 0.55 5876930 1833712.26 21.0 350 162.52 0.55 124012 73145.19 21.0 208 3 99 76960 1110 36630 17.2 18.4 17.75 0.03
333900.0 310 56.24 0.51 125252 20949.19 0.51 15780 3084.63 0.55 5892710 1836796.89 21.0 310 162.42 0.55 124322 73307.61 21.0 208 3 99 77168 1113 36729 17.2 18.4 17.76 0.03
334800.0 310 56.24 0.51 125562 21005.43 0.51 15787 3087.17 0.55 5908497 1839884.06 21.0 310 162.42 0.55 124632 73470.02 21.0 208 3 99 77376 1116 36828 17.2 18.5 17.76 0.04
335700.0 376 56.39 0.51 125938 21061.82 0.51 15837 3084.2 0.55 5924334 1842968.26 21.0 370 162.49 0.55 125002 73632.52 21.0 208 3 99 77584 1119 36927 17.2 18.5 17.76 0.04
336600.0 354 57.02 0.51 126292 21118.84 0.51 15801 3079.45 0.55 5940135 1846047.71 21.0 350 162.56 0.55 125352 73795.07 21.0 208 3 99 77792 1122 37026 17.2 18.5 17.76 0.04
337500.0 310 56.24 0.51 126602 21175.08 0.51 15757 3076.34 0.55 5955892 1849124.05 21.0 310 162.46 0.55 125662 73957.53 21.0 208 3 99 78000 1125 37125 17.2 18.5 17.77 0.04
338400.0 310 56.24 0.51 126912 21231.33 0.51 15767 3081.39 0.55 5971659 1852205.45 21.0 310 162.45 0.55 125972 74119.98 21.0 208 3 99 78208 1128 37224 17.2 18.5 17.78 0.04
339300.0 376 56.39 0.51 127288 21287.72 0.51 15822 3080.5 0.55 5987481 1855285.94 21.0 370 162.53 0.55 126342 74282.52 21.0 208 3 99 78416 1131 37323 17.2 18.5 17.78 0.04
340200.0 354 57.02 0.51 127642 21344.74 0.51 15775 3068.57 0.55 6003256 1858354.51 21.0 350 162.5 0.55 126692 74445.02 21.0 208 3 99 78624 1134 37422 17.2 18.5 17.78 0.04
341100.0 310 56.24 0.51 127952 21400.98 0.51 15716 3063.93 0.55 6018972 1861418.44 21.0 310 162.4 0.55 127002 74607.42 21.0 208 3 99 78832 1137 37521 17.2 18.5 17.78 0.04
342000.0 310 56.24 0.51 128262 21457.22 0.51 15712 3062.35 0.55 6034684 1864480.79 21.0 310 162.4 0.55 127312 74769.82 21.0 208 3 99 79040 1140 37620 17.2 18.5 17.78 0.04
342900.0 376 56.38 0.51 128638 21513.6 0.51 15769 3061.96 0.55 6050453 1867542.75 21.0 370 162.48 0.55 127682 74932.3 21.0 208 3 99 79248 1143 37719 17.2 18.5 17.78 0.04
343800.0 354 57.02 0.51 128992 21570.62 0.51 15741 3056.6 0.55 6066194 1870599.35 21.0 350 162.45 0.55 128032 75094.75 21.0 208 3 99 79456 1146 37818 17.2 18.5 17.78 0.04
344700.0 310 56.24 0.51 129302 21626.86 0.51 15700 3055.54 0.55 6081894 1873654.89 21.0 310 162.35 0.55 128342 75257.1 21.0 208 3 99 79664 1149 37917 17.2 18.5 17.78 0.04
345600.0 310 56.24 0.51 129612 21683.1 0.51 15700 3055.48 0.55 6097594 1876710.37 21.0 310 162.35 0.55 128652 75419.45 21.0 208 3 99 79872 1152 38016 17.2 18.6 17.78 0.04
