# seed = 9, gamma = 1.0, beta = 0.33, dee = 0.1, dcc = 25.0, dec = 10.0, dsCnd = 150.0, dLocalhost = 0.02, hostBroker = CLOUD 
#
# The columns have the following meaning: 
# instant[SECONDS] commCountUploadPartial delaySumUploadPartial[SECONDS] delayMaxUploadPartial[SECONDS] commCountUploadTot delaySumUploadTot[SECONDS] delayMaxUploadTot[SECONDS] commCountDownloadPartial delaySumDownloadPartial[SECONDS] delayMaxDownloadPartial[SECONDS] commCountDownloadTot delaySumDownloadTot[SECONDS] delayMaxDownloadTot[SECONDS] commCountDownloadMaxPartial delaySumDownloadMaxPartial[SECONDS] delayMaxDownloadMaxPartial[SECONDS] commCountDownloadMaxTot delaySumDownloadMaxTot[SECONDS] delayMaxDownloadMaxTot[SECONDS] runOnCloudPartial runOnEdgePartial runOnSmartphonePartial runOnCloudTot runOnEdgeTot runOnSmartphoneTot minTemp maxTemp avgTemp varianceTemp
0.0 0 0.0 0.0 0 0.0 0.0 0 0.0 0.0 0 0.0 0.0 0 0.0 0.0 0 0.0 0.0 0 0 0 0 0 0 17.0 25.0 21.0 0.0
900.0 376 21.54 0.16 376 21.54 0.16 14874 1118.07 0.18 14874 1118.07 0.18 370 52.06 0.18 370 52.06 0.18 201 10 99 201 10 99 18.9 21.0 19.39 0.79
1800.0 356 22.25 0.36 732 43.79 0.36 15157 139399.62 19.22 30031 140517.7 19.22 352 2908.99 19.22 722 2961.04 19.22 201 10 99 402 20 198 18.8 21.0 18.91 0.01
2700.0 310 21.42 0.16 1042 65.21 0.36 14811 1137.49 0.19 44842 141655.18 19.22 310 52.48 0.19 1032 3013.52 19.22 201 10 99 603 30 297 17.7 21.0 18.39 0.06
3600.0 310 21.42 0.16 1352 86.63 0.36 14809 1137.22 0.19 59651 142792.4 19.22 310 52.48 0.19 1342 3065.99 19.22 201 10 99 804 40 396 17.6 21.0 18.24 0.08
4500.0 376 21.56 0.16 1728 108.18 0.36 14865 1136.69 0.19 74516 143929.09 19.22 370 52.48 0.19 1712 3118.47 19.22 201 10 99 1005 50 495 17.6 21.0 18.24 0.08
5400.0 356 22.26 0.36 2084 130.44 0.36 15191 7097.97 19.32 89707 151027.06 19.32 352 71.83 19.32 2064 3190.31 19.32 201 10 99 1206 60 594 17.6 21.0 18.24 0.08
6300.0 310 21.42 0.16 2394 151.86 0.36 14880 1148.28 0.19 104587 152175.34 19.32 310 52.66 0.19 2374 3242.96 19.32 201 10 99 1407 70 693 17.6 21.0 18.25 0.07
7200.0 310 21.42 0.16 2704 173.28 0.36 14882 1148.83 0.19 119469 153324.18 19.32 310 52.66 0.19 2684 3295.62 19.32 201 10 99 1608 80 792 17.6 21.0 18.27 0.06
8100.0 376 21.56 0.16 3080 194.84 0.36 14942 1148.77 0.19 134411 154472.95 19.32 370 52.66 0.19 3054 3348.28 19.32 201 10 99 1809 90 891 17.6 21.0 18.27 0.06
9000.0 356 22.26 0.36 3436 217.1 0.36 15214 7092.81 19.28 149625 161565.75 19.32 352 71.86 19.28 3406 3420.14 19.32 201 10 99 2010 100 990 17.6 21.0 18.27 0.06
9900.0 310 21.42 0.16 3746 238.51 0.36 14846 1140.9 0.19 164471 162706.66 19.32 310 52.55 0.19 3716 3472.69 19.32 201 10 99 2211 110 1089 17.6 21.0 18.25 0.06
10800.0 310 21.42 0.16 4056 259.93 0.36 14851 1141.91 0.19 179322 163848.57 19.32 310 52.55 0.19 4026 3525.24 19.32 201 10 99 2412 120 1188 17.6 21.0 18.17 0.08
11700.0 376 21.56 0.16 4432 281.49 0.36 14911 1141.87 0.19 194233 164990.44 19.32 370 52.55 0.19 4396 3577.79 19.32 201 10 99 2613 130 1287 17.6 21.0 18.17 0.08
12600.0 354 22.19 0.36 4786 303.68 0.36 14870 1142.24 0.19 209103 166132.68 19.32 350 52.59 0.19 4746 3630.38 19.32 201 10 99 2814 140 1386 17.6 21.0 18.17 0.08
13500.0 310 21.42 0.16 5096 325.1 0.36 14796 1137.71 0.19 223899 167270.39 19.32 310 52.59 0.19 5056 3682.97 19.32 201 10 99 3015 150 1485 17.6 21.0 18.16 0.07
14400.0 310 21.42 0.16 5406 346.52 0.36 14797 1138.24 0.19 238696 168408.64 19.32 310 52.59 0.19 5366 3735.56 19.32 201 10 99 3216 160 1584 17.6 21.0 18.15 0.07
15300.0 376 21.56 0.16 5782 368.08 0.36 14856 1138.04 0.19 253552 169546.67 19.32 370 52.59 0.19 5736 3788.16 19.32 201 10 99 3417 170 1683 17.6 21.0 18.15 0.07
16200.0 354 22.19 0.36 6136 390.27 0.36 14825 1136.79 0.19 268377 170683.46 19.32 350 52.59 0.19 6086 3840.74 19.32 201 10 99 3618 180 1782 17.6 21.0 18.15 0.07
17100.0 310 21.41 0.16 6446 411.69 0.36 14786 1132.54 0.19 283163 171815.99 19.32 310 52.49 0.19 6396 3893.24 19.32 201 10 99 3819 190 1881 17.6 21.0 18.13 0.07
18000.0 310 21.41 0.16 6756 433.1 0.36 14786 1132.58 0.19 297949 172948.58 19.32 310 52.5 0.19 6706 3945.74 19.32 201 10 99 4020 200 1980 17.6 21.0 18.12 0.07
18900.0 376 21.56 0.16 7132 454.66 0.36 14845 1132.54 0.19 312794 174081.12 19.32 370 52.5 0.19 7076 3998.23 19.32 201 10 99 4221 210 2079 17.6 21.0 18.12 0.07
19800.0 354 22.19 0.36 7486 476.85 0.36 14817 1132.22 0.19 327611 175213.34 19.32 350 52.5 0.19 7426 4050.74 19.32 201 10 99 4422 220 2178 17.6 21.0 18.12 0.07
20700.0 310 21.42 0.16 7796 498.27 0.36 14789 1134.89 0.19 342400 176348.22 19.32 310 52.54 0.19 7736 4103.28 19.32 201 10 99 4623 230 2277 17.6 21.0 18.1 0.06
21600.0 310 21.42 0.16 8106 519.69 0.36 14791 1135.1 0.19 357191 177483.33 19.32 310 52.55 0.19 8046 4155.83 19.32 201 10 99 4824 240 2376 17.6 21.0 18.09 0.06
22500.0 376 21.56 0.16 8482 541.25 0.36 14850 1134.89 0.19 372041 178618.21 19.32 370 52.55 0.19 8416 4208.38 19.32 201 10 99 5025 250 2475 17.6 21.0 18.09 0.06
23400.0 354 22.19 0.36 8836 563.44 0.36 14815 1135.46 0.19 386856 179753.67 19.32 350 52.58 0.19 8766 4260.96 19.32 201 10 99 5226 260 2574 17.6 21.0 18.09 0.06
24300.0 310 21.42 0.16 9146 584.86 0.36 14781 1138.0 0.19 401637 180891.67 19.32 310 52.62 0.19 9076 4313.58 19.32 201 10 99 5427 270 2673 17.5 21.0 18.07 0.06
25200.0 310 21.42 0.16 9456 606.28 0.36 14782 1138.22 0.19 416419 182029.89 19.32 310 52.62 0.19 9386 4366.2 19.32 201 10 99 5628 280 2772 17.5 21.0 18.06 0.06
26100.0 376 21.56 0.16 9832 627.84 0.36 14842 1138.16 0.19 431261 183168.05 19.32 370 52.62 0.19 9756 4418.82 19.32 201 10 99 5829 290 2871 17.5 21.0 18.06 0.06
27000.0 354 22.2 0.36 10186 650.04 0.36 14811 1137.1 0.19 446072 184305.15 19.32 350 52.63 0.19 10106 4471.45 19.32 201 10 99 6030 300 2970 17.5 21.0 18.06 0.06
27900.0 310 21.42 0.16 10496 671.45 0.36 14787 1136.37 0.19 460859 185441.53 19.32 310 52.58 0.19 10416 4524.03 19.32 201 10 99 6231 310 3069 17.5 21.0 18.03 0.06
28800.0 310 21.42 0.16 10806 692.87 0.36 14792 1137.24 0.19 475651 186578.77 19.32 310 52.59 0.19 10726 4576.62 19.32 201 10 99 6432 320 3168 17.5 21.0 18.02 0.05
29700.0 376 21.56 0.16 11182 714.43 0.36 14851 1137.02 0.19 490502 187715.78 19.32 370 52.59 0.19 11096 4629.21 19.32 201 10 99 6633 330 3267 17.5 21.0 18.02 0.05
30600.0 354 22.19 0.36 11536 736.63 0.36 14811 1135.48 0.19 505313 188851.27 19.32 350 52.59 0.19 11446 4681.79 19.32 201 10 99 6834 340 3366 17.5 21.0 18.02 0.05
31500.0 310 21.42 0.16 11846 758.05 0.36 14784 1137.68 0.19 520097 189988.95 19.32 310 52.62 0.19 11756 4734.41 19.32 201 10 99 7035 350 3465 17.4 21.0 17.99 0.06
32400.0 310 21.42 0.16 12156 779.47 0.36 14787 1137.9 0.19 534884 191126.85 19.32 310 52.62 0.19 12066 4787.04 19.32 201 10 99 7236 360 3564 17.4 21.0 17.98 0.06
33300.0 376 21.56 0.16 12532 801.03 0.36 14847 1137.84 0.19 549731 192264.69 19.32 370 52.62 0.19 12436 4839.66 19.32 201 10 99 7437 370 3663 17.4 21.0 17.98 0.06
34200.0 354 22.2 0.36 12886 823.23 0.36 14805 1136.14 0.19 564536 193400.83 19.32 350 52.63 0.19 12786 4892.29 19.32 201 10 99 7638 380 3762 17.4 21.0 17.98 0.06
35100.0 310 21.42 0.16 13196 844.64 0.36 14772 1136.88 0.19 579308 194537.71 19.32 310 52.62 0.19 13096 4944.91 19.32 201 10 99 7839 390 3861 17.4 21.0 17.95 0.06
36000.0 310 21.42 0.16 13506 866.06 0.36 14787 1138.86 0.19 594095 195676.57 19.32 310 52.62 0.19 13406 4997.53 19.32 201 10 99 8040 400 3960 17.4 21.0 17.94 0.06
36900.0 376 21.56 0.16 13882 887.63 0.36 14847 1138.8 0.19 608942 196815.37 19.32 370 52.62 0.19 13776 5050.16 19.32 201 10 99 8241 410 4059 17.4 21.0 17.94 0.06
37800.0 354 22.19 0.36 14236 909.82 0.36 14808 1133.77 0.19 623750 197949.14 19.32 350 52.56 0.19 14126 5102.71 19.32 201 10 99 8442 420 4158 17.4 21.0 17.94 0.06
38700.0 310 21.42 0.16 14546 931.24 0.36 14770 1133.08 0.19 638520 199082.22 19.32 310 52.55 0.19 14436 5155.27 19.32 201 10 99 8643 430 4257 17.3 21.0 17.91 0.06
39600.0 310 21.42 0.16 14856 952.65 0.36 14779 1133.77 0.19 653299 200215.99 19.32 310 52.56 0.19 14746 5207.82 19.32 201 10 99 8844 440 4356 17.3 21.0 17.9 0.07
40500.0 376 21.56 0.16 15232 974.21 0.36 14838 1133.72 0.19 668137 201349.71 19.32 370 52.55 0.19 15116 5260.38 19.32 201 10 99 9045 450 4455 17.3 21.0 17.9 0.07
41400.0 354 22.2 0.36 15586 996.41 0.36 14802 1135.82 0.19 682939 202485.53 19.32 350 52.63 0.19 15466 5313.0 19.32 201 10 99 9246 460 4554 17.3 21.0 17.9 0.07
42300.0 310 21.42 0.16 15896 1017.83 0.36 14781 1135.57 0.19 697720 203621.1 19.32 310 52.58 0.19 15776 5365.58 19.32 201 10 99 9447 470 4653 17.3 21.0 17.87 0.07
43200.0 310 21.42 0.16 16206 1039.24 0.36 14791 1136.42 0.19 712511 204757.52 19.32 310 52.58 0.19 16086 5418.16 19.32 201 10 99 9648 480 4752 17.2 21.0 17.86 0.08
44100.0 376 21.56 0.16 16582 1060.8 0.36 14850 1136.21 0.19 727361 205893.72 19.32 370 52.58 0.19 16456 5470.73 19.32 201 10 99 9849 490 4851 17.2 21.0 17.86 0.08
45000.0 354 22.19 0.36 16936 1083.0 0.36 14802 1133.7 0.19 742163 207027.42 19.32 350 52.58 0.19 16806 5523.31 19.32 201 10 99 10050 500 4950 17.2 21.0 17.86 0.08
45900.0 310 21.42 0.16 17246 1104.42 0.36 14773 1135.67 0.19 756936 208163.1 19.32 310 52.59 0.19 17116 5575.91 19.32 201 10 99 10251 510 5049 17.2 21.0 17.83 0.08
46800.0 310 21.42 0.16 17556 1125.83 0.36 14781 1136.24 0.19 771717 209299.34 19.32 310 52.6 0.19 17426 5628.5 19.32 201 10 99 10452 520 5148 17.2 21.0 17.82 0.09
47700.0 376 21.56 0.16 17932 1147.4 0.36 14841 1136.16 0.19 786558 210435.5 19.32 370 52.59 0.19 17796 5681.09 19.32 201 10 99 10653 530 5247 17.2 21.0 17.82 0.09
48600.0 354 22.19 0.36 18286 1169.59 0.36 14797 1134.0 0.19 801355 211569.5 19.32 350 52.6 0.19 18146 5733.69 19.32 201 10 99 10854 540 5346 17.2 21.0 17.82 0.09
49500.0 310 21.42 0.16 18596 1191.01 0.36 14778 1137.84 0.19 816133 212707.34 19.32 310 52.62 0.19 18456 5786.31 19.32 201 10 99 11055 550 5445 17.1 21.0 17.79 0.1
50400.0 310 21.42 0.16 18906 1212.43 0.36 14794 1139.02 0.19 830927 213846.36 19.32 310 52.62 0.19 18766 5838.94 19.32 201 10 99 11256 560 5544 17.1 21.0 17.77 0.11
51300.0 376 21.56 0.16 19282 1233.99 0.36 14853 1138.8 0.19 845780 214985.16 19.32 370 52.62 0.19 19136 5891.56 19.32 201 10 99 11457 570 5643 17.1 21.0 17.77 0.11
52200.0 354 22.2 0.36 19636 1256.19 0.36 14809 1136.3 0.19 860589 216121.46 19.32 350 52.63 0.19 19486 5944.18 19.32 201 10 99 11658 580 5742 17.1 21.0 17.77 0.11
53100.0 310 21.42 0.16 19946 1277.61 0.36 14761 1135.44 0.19 875350 217256.9 19.32 310 52.62 0.19 19796 5996.81 19.32 201 10 99 11859 590 5841 17.1 21.0 17.76 0.11
54000.0 310 21.42 0.16 20256 1299.03 0.36 14764 1135.34 0.19 890114 218392.24 19.32 310 52.62 0.19 20106 6049.43 19.32 201 10 99 12060 600 5940 17.1 21.0 17.75 0.11
54900.0 376 21.56 0.16 20632 1320.59 0.36 14818 1134.64 0.19 904932 219526.88 19.32 370 52.62 0.19 20476 6102.05 19.32 201 10 99 12261 610 6039 17.1 21.0 17.75 0.11
55800.0 354 22.2 0.36 20986 1342.78 0.36 14790 1134.54 0.19 919722 220661.42 19.32 350 52.63 0.19 20826 6154.68 19.32 201 10 99 12462 620 6138 17.1 21.0 17.75 0.11
56700.0 310 21.42 0.16 21296 1364.2 0.36 14765 1136.4 0.19 934487 221797.82 19.32 310 52.62 0.19 21136 6207.3 19.32 201 10 99 12663 630 6237 17.1 21.0 17.72 0.12
57600.0 310 21.42 0.16 21606 1385.62 0.36 14778 1138.22 0.19 949265 222936.04 19.32 310 52.62 0.19 21446 6259.92 19.32 201 10 99 12864 640 6336 17.1 21.0 17.72 0.13
58500.0 376 21.56 0.16 21982 1407.19 0.36 14836 1137.84 0.19 964101 224073.88 19.32 370 52.62 0.19 21816 6312.55 19.32 201 10 99 13065 650 6435 17.1 21.0 17.72 0.13
59400.0 354 22.19 0.36 22336 1429.38 0.36 14790 1133.92 0.19 978891 225207.81 19.32 350 52.59 0.19 22166 6365.14 19.32 201 10 99 13266 660 6534 17.1 21.0 17.72 0.13
60300.0 310 21.42 0.16 22646 1450.8 0.36 14759 1133.87 0.19 993650 226341.68 19.32 310 52.59 0.19 22476 6417.73 19.32 201 10 99 13467 670 6633 17.0 21.0 17.69 0.14
61200.0 310 21.42 0.16 22956 1472.21 0.36 14774 1135.52 0.19 1008424 227477.2 19.32 310 52.59 0.19 22786 6470.32 19.32 201 10 99 13668 680 6732 17.0 21.0 17.68 0.14
62100.0 376 21.56 0.16 23332 1493.78 0.36 14831 1135.32 0.19 1023255 228612.52 19.32 370 52.59 0.19 23156 6522.91 19.32 201 10 99 13869 690 6831 17.0 21.0 17.68 0.14
63000.0 354 22.19 0.36 23686 1515.97 0.36 14788 1130.15 0.19 1038043 229742.67 19.32 350 52.52 0.19 23506 6575.44 19.32 201 10 99 14070 700 6930 17.0 21.0 17.68 0.14
63900.0 310 21.41 0.16 23996 1537.38 0.36 14749 1128.23 0.19 1052792 230870.89 19.32 310 52.48 0.19 23816 6627.92 19.32 201 10 99 14271 710 7029 17.0 21.0 17.67 0.15
64800.0 310 21.41 0.16 24306 1558.8 0.36 14753 1128.6 0.19 1067545 231999.49 19.32 310 52.48 0.19 24126 6680.4 19.32 201 10 99 14472 720 7128 17.0 21.0 17.66 0.15
65700.0 376 21.55 0.16 24682 1580.35 0.36 14813 1128.55 0.19 1082358 233128.04 19.32 370 52.48 0.19 24496 6732.89 19.32 201 10 99 14673 730 7227 17.0 21.0 17.66 0.15
66600.0 354 22.19 0.36 25036 1602.54 0.36 14777 1126.68 0.19 1097135 234254.72 19.32 350 52.48 0.19 24846 6785.36 19.32 201 10 99 14874 740 7326 17.0 21.0 17.66 0.15
67500.0 310 21.41 0.16 25346 1623.95 0.36 14734 1124.56 0.19 1111869 235379.28 19.32 310 52.44 0.19 25156 6837.8 19.32 201 10 99 15075 750 7425 17.0 21.0 17.65 0.16
68400.0 310 21.41 0.16 25656 1645.36 0.36 14741 1125.43 0.19 1126610 236504.71 19.32 310 52.44 0.19 25466 6890.25 19.32 201 10 99 15276 760 7524 17.0 21.0 17.65 0.16
69300.0 376 21.56 0.16 26032 1666.92 0.36 14798 1124.88 0.19 1141408 237629.59 19.32 370 52.44 0.19 25836 6942.69 19.32 201 10 99 15477 770 7623 17.0 21.0 17.65 0.16
70200.0 354 22.19 0.36 26386 1689.11 0.36 14761 1125.63 0.19 1156169 238755.22 19.32 350 52.49 0.19 26186 6995.17 19.32 201 10 99 15678 780 7722 17.0 21.0 17.65 0.16
71100.0 310 21.41 0.16 26696 1710.52 0.36 14732 1125.74 0.19 1170901 239880.96 19.32 310 52.47 0.19 26496 7047.64 19.32 201 10 99 15879 790 7821 17.0 21.0 17.63 0.16
72000.0 310 21.41 0.16 27006 1731.94 0.36 14742 1126.75 0.19 1185643 241007.7 19.32 310 52.47 0.19 26806 7100.12 19.32 201 10 99 16080 800 7920 17.0 21.0 17.63 0.17
72900.0 376 21.55 0.16 27382 1753.49 0.36 14800 1126.54 0.19 1200443 242134.24 19.32 370 52.47 0.19 27176 7152.59 19.32 201 10 99 16281 810 8019 17.0 21.0 17.63 0.17
73800.0 354 22.19 0.36 27736 1775.68 0.36 14763 1125.15 0.19 1215206 243259.39 19.32 350 52.47 0.19 27526 7205.06 19.32 201 10 99 16482 820 8118 17.0 21.0 17.63 0.17
74700.0 310 21.42 0.16 28046 1797.1 0.36 14721 1126.98 0.19 1229927 244386.37 19.32 310 52.51 0.19 27836 7257.58 19.32 201 10 99 16683 830 8217 17.0 21.0 17.62 0.17
75600.0 310 21.42 0.16 28356 1818.51 0.36 14718 1126.56 0.19 1244645 245512.93 19.32 310 52.52 0.19 28146 7310.09 19.32 201 10 99 16884 840 8316 17.0 21.0 17.62 0.17
76500.0 376 21.56 0.16 28732 1840.07 0.36 14777 1126.34 0.19 1259422 246639.27 19.32 370 52.52 0.19 28516 7362.61 19.32 201 10 99 17085 850 8415 17.0 21.0 17.62 0.17
77400.0 354 22.19 0.36 29086 1862.26 0.36 14748 1124.12 0.19 1274170 247763.39 19.32 350 52.49 0.19 28866 7415.09 19.32 201 10 99 17286 860 8514 17.0 21.0 17.62 0.17
78300.0 310 21.41 0.16 29396 1883.68 0.36 14709 1123.74 0.19 1288879 248887.14 19.32 310 52.48 0.19 29176 7467.57 19.32 201 10 99 17487 870 8613 17.0 21.0 17.61 0.17
79200.0 310 21.41 0.16 29706 1905.09 0.36 14717 1124.44 0.19 1303596 250011.58 19.32 310 52.48 0.19 29486 7520.06 19.32 201 10 99 17688 880 8712 17.0 21.0 17.61 0.17
80100.0 376 21.55 0.16 30082 1926.64 0.36 14777 1124.39 0.19 1318373 251135.97 19.32 370 52.48 0.19 29856 7572.54 19.32 201 10 99 17889 890 8811 17.0 21.0 17.61 0.17
81000.0 354 22.19 0.36 30436 1948.83 0.36 14748 1124.51 0.19 1333121 252260.47 19.32 350 52.5 0.19 30206 7625.05 19.32 201 10 99 18090 900 8910 17.0 21.0 17.61 0.17
81900.0 310 21.42 0.16 30746 1970.25 0.36 14709 1126.56 0.19 1347830 253387.03 19.32 310 52.53 0.19 30516 7677.58 19.32 201 10 99 18291 910 9009 17.0 21.0 17.61 0.17
82800.0 310 21.42 0.16 31056 1991.67 0.36 14714 1127.42 0.19 1362544 254514.45 19.32 310 52.54 0.19 30826 7730.12 19.32 201 10 99 18492 920 9108 17.0 21.0 17.61 0.16
83700.0 376 21.56 0.16 31432 2013.23 0.36 14772 1127.37 0.19 1377316 255641.82 19.32 370 52.54 0.19 31196 7782.66 19.32 201 10 99 18693 930 9207 17.0 21.0 17.61 0.16
84600.0 354 22.19 0.36 31786 2035.42 0.36 14742 1126.14 0.19 1392058 256767.96 19.32 350 52.54 0.19 31546 7835.2 19.32 201 10 99 18894 940 9306 17.0 21.0 17.61 0.16
85500.0 310 21.41 0.16 32096 2056.83 0.36 14712 1124.88 0.19 1406770 257892.83 19.32 310 52.5 0.19 31856 7887.7 19.32 201 10 99 19095 950 9405 17.0 21.0 17.62 0.16
86400.0 310 21.41 0.16 32406 2078.25 0.36 14707 1124.96 0.19 1421477 259017.79 19.32 310 52.51 0.19 32166 7940.21 19.32 201 10 99 19296 960 9504 17.0 21.0 17.62 0.15
87300.0 376 21.56 0.16 32782 2099.81 0.36 14767 1124.88 0.19 1436244 260142.67 19.32 370 52.51 0.19 32536 7992.71 19.32 201 10 99 19497 970 9603 17.0 21.0 17.62 0.15
88200.0 354 22.19 0.36 33136 2122.0 0.36 14734 1128.08 0.19 1450978 261270.75 19.32 350 52.6 0.19 32886 8045.31 19.32 201 10 99 19698 980 9702 17.0 21.0 17.62 0.15
89100.0 310 21.42 0.16 33446 2143.42 0.36 14762 1136.08 0.19 1465740 262406.83 19.32 310 52.62 0.19 33196 8097.93 19.32 201 10 99 19899 990 9801 17.1 21.0 17.65 0.12
90000.0 310 21.42 0.16 33756 2164.84 0.36 14792 1139.02 0.19 1480532 263545.85 19.32 310 52.62 0.19 33506 8150.56 19.32 201 10 99 20100 1000 9900 17.1 21.0 17.7 0.09
90900.0 376 21.56 0.16 34132 2186.4 0.36 14852 1138.96 0.19 1495384 264684.81 19.32 370 52.62 0.19 33876 8203.18 19.32 201 10 99 20301 1010 9999 17.1 21.0 17.7 0.09
91800.0 354 22.19 0.36 34486 2208.59 0.36 14801 1130.17 0.19 1510185 265814.98 19.32 350 52.51 0.19 34226 8255.69 19.32 201 10 99 20502 1020 10098 17.1 21.0 17.73 0.14
92700.0 310 21.41 0.16 34796 2230.01 0.36 14829 1133.57 0.19 1525014 266948.55 19.32 310 52.43 0.19 34536 8308.12 19.32 201 10 99 20703 1030 10197 17.1 23.8 19.41 2.38
93600.0 310 21.41 0.16 35106 2251.42 0.36 14832 1134.11 0.19 1539846 268082.66 19.32 310 52.43 0.19 34846 8360.55 19.32 201 10 99 20904 1040 10296 17.1 23.8 20.49 5.22
94500.0 376 21.56 0.16 35482 2272.97 0.36 14891 1133.89 0.19 1554737 269216.55 19.32 370 52.43 0.19 35216 8412.98 19.32 201 10 99 21105 1050 10395 17.1 23.8 20.49 5.22
95400.0 354 22.19 0.36 35836 2295.16 0.36 14869 1133.63 0.19 1569606 270350.18 19.32 350 52.44 0.19 35566 8465.42 19.32 201 10 99 21306 1060 10494 17.1 23.8 20.5 5.21
96300.0 310 21.41 0.16 36146 2316.57 0.36 14827 1133.56 0.19 1584433 271483.75 19.32 310 52.43 0.19 35876 8517.85 19.32 201 10 99 21507 1070 10593 17.1 24.0 20.82 5.13
97200.0 310 21.41 0.16 36456 2337.99 0.36 14823 1133.63 0.19 1599256 272617.38 19.32 310 52.43 0.19 36186 8570.29 19.32 201 10 99 21708 1080 10692 17.4 24.0 20.99 5.12
98100.0 376 21.56 0.16 36832 2359.54 0.36 14880 1133.25 0.19 1614136 273750.63 19.32 370 52.43 0.19 36556 8622.72 19.32 201 10 99 21909 1090 10791 17.4 24.0 20.99 5.12
99000.0 354 22.19 0.36 37186 2381.73 0.36 14856 1130.2 0.19 1628992 274880.82 19.32 350 52.37 0.19 36906 8675.09 19.32 201 10 99 22110 1100 10890 17.4 24.0 21.0 5.11
99900.0 310 21.41 0.16 37496 2403.14 0.36 14817 1130.14 0.19 1643809 276010.96 19.32 310 52.37 0.19 37216 8727.46 19.32 201 10 99 22311 1110 10989 17.5 24.0 21.22 4.49
100800.0 310 21.41 0.16 37806 2424.54 0.36 14820 1130.36 0.19 1658629 277141.32 19.32 310 52.37 0.19 37526 8779.84 19.32 201 10 99 22512 1120 11088 17.8 24.0 21.35 4.24
101700.0 376 21.55 0.16 38182 2446.1 0.36 14880 1130.3 0.19 1673509 278271.62 19.32 370 52.37 0.19 37896 8832.21 19.32 201 10 99 22713 1130 11187 17.8 24.0 21.35 4.24
102600.0 354 22.19 0.36 38536 2468.28 0.36 14851 1128.9 0.19 1688360 279400.52 19.32 350 52.36 0.19 38246 8884.57 19.32 201 10 99 22914 1140 11286 17.8 24.0 21.36 4.24
103500.0 310 21.41 0.16 38846 2489.69 0.36 14812 1128.52 0.19 1703172 280529.05 19.32 310 52.35 0.19 38556 8936.92 19.32 201 10 99 23115 1150 11385 18.0 24.0 21.51 3.65
104400.0 310 21.41 0.16 39156 2511.1 0.36 14815 1128.74 0.19 1717987 281657.79 19.32 310 52.36 0.19 38866 8989.27 19.32 201 10 99 23316 1160 11484 18.5 24.0 21.66 3.38
105300.0 376 21.55 0.16 39532 2532.65 0.36 14872 1128.37 0.19 1732859 282786.15 19.32 370 52.35 0.19 39236 9041.63 19.32 201 10 99 23517 1170 11583 18.5 24.0 21.66 3.38
106200.0 354 22.18 0.36 39886 2554.84 0.36 14852 1126.95 0.19 1747711 283913.11 19.32 350 52.33 0.19 39586 9093.96 19.32 201 10 99 23718 1180 11682 18.5 24.0 21.66 3.37
107100.0 310 21.4 0.16 40196 2576.24 0.36 14812 1122.72 0.19 1762523 285035.83 19.32 310 52.23 0.19 39896 9146.19 19.32 201 10 99 23919 1190 11781 18.8 24.0 21.65 3.18
108000.0 310 21.4 0.16 40506 2597.64 0.36 14811 1122.75 0.19 1777334 286158.58 19.32 310 52.24 0.19 40206 9198.42 19.32 201 10 99 24120 1200 11880 18.9 24.0 21.67 3.13
108900.0 376 21.55 0.16 40882 2619.19 0.36 14867 1122.4 0.19 1792201 287280.98 19.32 370 52.23 0.19 40576 9250.66 19.32 201 10 99 24321 1210 11979 18.9 24.0 21.67 3.13
109800.0 354 22.18 0.36 41236 2641.37 0.36 14844 1122.11 0.19 1807045 288403.1 19.32 350 52.24 0.19 40926 9302.89 19.32 201 10 99 24522 1220 12078 18.9 24.0 21.67 3.13
110700.0 310 21.4 0.16 41546 2662.78 0.36 14801 1121.76 0.19 1821846 289524.85 19.32 310 52.23 0.19 41236 9355.13 19.32 201 10 99 24723 1230 12177 18.9 24.0 21.56 3.05
111600.0 310 21.4 0.16 41856 2684.18 0.36 14799 1121.63 0.19 1836645 290646.49 19.32 310 52.24 0.19 41546 9407.36 19.32 201 10 99 24924 1240 12276 18.9 23.9 21.5 2.91
112500.0 376 21.55 0.16 42232 2705.73 0.36 14857 1121.28 0.19 1851502 291767.77 19.32 370 52.23 0.19 41916 9459.6 19.32 201 10 99 25125 1250 12375 18.9 23.9 21.5 2.91
113400.0 354 22.18 0.36 42586 2727.91 0.36 14831 1120.35 0.19 1866333 292888.12 19.32 350 52.24 0.19 42266 9511.83 19.32 201 10 99 25326 1260 12474 18.9 23.9 21.54 2.9
114300.0 310 21.4 0.16 42896 2749.31 0.36 14800 1121.44 0.19 1881133 294009.56 19.32 310 52.23 0.19 42576 9564.07 19.32 201 10 99 25527 1270 12573 18.9 24.0 22.88 0.87
115200.0 310 21.4 0.16 43206 2770.72 0.36 14801 1121.63 0.19 1895934 295131.19 19.32 310 52.24 0.19 42886 9616.3 19.32 201 10 99 25728 1280 12672 21.0 24.0 23.5 0.05
116100.0 376 21.55 0.16 43582 2792.27 0.36 14859 1121.44 0.19 1910793 296252.63 19.32 370 52.23 0.19 43256 9668.54 19.32 201 10 99 25929 1290 12771 21.0 24.0 23.5 0.05
117000.0 354 22.18 0.36 43936 2814.45 0.36 14837 1121.31 0.19 1925630 297373.95 19.32 350 52.24 0.19 43606 9720.77 19.32 201 10 99 26130 1300 12870 21.0 24.0 23.5 0.05
117900.0 310 21.4 0.16 44246 2835.85 0.36 14797 1121.28 0.19 1940427 298495.23 19.32 310 52.23 0.19 43916 9773.01 19.32 201 10 99 26331 1310 12969 21.0 24.0 23.54 0.04
118800.0 310 21.4 0.16 44556 2857.26 0.36 14797 1121.31 0.19 1955224 299616.54 19.32 310 52.24 0.19 44226 9825.24 19.32 201 10 99 26532 1320 13068 21.0 24.0 23.59 0.04
119700.0 376 21.55 0.16 44932 2878.8 0.36 14856 1121.12 0.19 1970080 300737.66 19.32 370 52.23 0.19 44596 9877.48 19.32 201 10 99 26733 1330 13167 21.0 24.0 23.59 0.04
120600.0 354 22.18 0.36 45286 2900.98 0.36 14836 1121.15 0.19 1984916 301858.81 19.32 350 52.24 0.19 44946 9929.71 19.32 201 10 99 26934 1340 13266 21.0 24.0 23.59 0.04
121500.0 310 21.4 0.16 45596 2922.39 0.36 14794 1120.8 0.19 1999710 302979.61 19.32 310 52.23 0.19 45256 9981.95 19.32 201 10 99 27135 1350 13365 21.0 24.0 23.63 0.03
122400.0 310 21.4 0.16 45906 2943.79 0.36 14790 1120.51 0.19 2014500 304100.12 19.32 310 52.24 0.19 45566 10034.18 19.32 201 10 99 27336 1360 13464 21.0 24.0 23.65 0.03
123300.0 376 21.55 0.16 46282 2965.34 0.36 14850 1120.48 0.19 2029350 305220.6 19.32 370 52.23 0.19 45936 10086.42 19.32 201 10 99 27537 1370 13563 21.0 24.0 23.65 0.03
124200.0 354 22.18 0.36 46636 2987.52 0.36 14830 1120.51 0.19 2044180 306341.12 19.32 350 52.24 0.19 46286 10138.65 19.32 201 10 99 27738 1380 13662 21.0 24.0 23.66 0.03
125100.0 310 21.4 0.16 46946 3008.93 0.36 14790 1120.48 0.19 2058970 307461.6 19.32 310 52.23 0.19 46596 10190.89 19.32 201 10 99 27939 1390 13761 21.0 24.0 23.69 0.03
126000.0 310 21.4 0.16 47256 3030.33 0.36 14790 1120.51 0.19 2073760 308582.11 19.32 310 52.24 0.19 46906 10243.12 19.32 201 10 99 28140 1400 13860 21.0 24.0 23.71 0.03
126900.0 376 21.55 0.16 47632 3051.88 0.36 14850 1120.48 0.19 2088610 309702.59 19.32 370 52.23 0.19 47276 10295.36 19.32 201 10 99 28341 1410 13959 21.0 24.0 23.71 0.03
127800.0 354 22.18 0.36 47986 3074.06 0.36 14824 1120.35 0.19 2103434 310822.94 19.32 350 52.24 0.19 47626 10347.59 19.32 201 10 99 28542 1420 14058 21.0 24.0 23.71 0.03
128700.0 310 21.4 0.16 48296 3095.46 0.36 14784 1120.32 0.19 2118218 311943.26 19.32 310 52.23 0.19 47936 10399.82 19.32 201 10 99 28743 1430 14157 21.0 24.0 23.75 0.03
129600.0 310 21.4 0.16 48606 3116.87 0.36 14782 1120.03 0.19 2133000 313063.29 19.32 310 52.24 0.19 48246 10452.06 19.32 201 10 99 28944 1440 14256 21.0 24.0 23.76 0.03
130500.0 376 21.55 0.16 48982 3138.42 0.36 14842 1120.0 0.19 2147842 314183.29 19.32 370 52.23 0.19 48616 10504.29 19.32 201 10 99 29145 1450 14355 21.0 24.0 23.76 0.03
131400.0 354 22.18 0.36 49336 3160.6 0.36 14822 1120.03 0.19 2162664 315303.33 19.32 350 52.24 0.19 48966 10556.53 19.32 201 10 99 29346 1460 14454 21.0 24.0 23.77 0.03
132300.0 310 21.4 0.16 49646 3182.0 0.36 14781 1120.0 0.19 2177445 316423.33 19.32 310 52.23 0.19 49276 10608.76 19.32 201 10 99 29547 1470 14553 21.0 24.0 23.78 0.03
133200.0 310 21.4 0.16 49956 3203.41 0.36 14780 1119.87 0.19 2192225 317543.2 19.32 310 52.24 0.19 49586 10661.0 19.32 201 10 99 29748 1480 14652 21.0 24.0 23.8 0.03
134100.0 376 21.55 0.16 50332 3224.95 0.36 14840 1119.84 0.19 2207065 318663.04 19.32 370 52.23 0.19 49956 10713.23 19.32 201 10 99 29949 1490 14751 21.0 24.0 23.8 0.03
135000.0 354 22.18 0.36 50686 3247.13 0.36 14819 1119.87 0.19 2221884 319782.91 19.32 350 52.24 0.19 50306 10765.47 19.32 201 10 99 30150 1500 14850 21.0 24.0 23.8 0.03
135900.0 310 21.4 0.16 50996 3268.54 0.36 14776 1119.52 0.19 2236660 320902.43 19.32 310 52.23 0.19 50616 10817.7 19.32 201 10 99 30351 1510 14949 21.0 24.0 23.82 0.03
136800.0 310 21.4 0.16 51306 3289.94 0.36 14775 1119.55 0.19 2251435 322021.98 19.32 310 52.24 0.19 50926 10869.94 19.32 201 10 99 30552 1520 15048 21.0 24.0 23.84 0.03
137700.0 376 21.55 0.16 51682 3311.49 0.36 14835 1119.52 0.19 2266270 323141.5 19.32 370 52.23 0.19 51296 10922.17 19.32 201 10 99 30753 1530 15147 21.0 24.0 23.84 0.03
138600.0 354 22.18 0.36 52036 3333.67 0.36 14813 1119.23 0.19 2281083 324260.74 19.32 350 52.24 0.19 51646 10974.41 19.32 201 10 99 30954 1540 15246 21.0 24.0 23.84 0.03
139500.0 310 21.4 0.16 52346 3355.08 0.36 14773 1119.2 0.19 2295856 325379.94 19.32 310 52.23 0.19 51956 11026.64 19.32 201 10 99 31155 1550 15345 21.0 24.0 23.85 0.03
140400.0 310 21.4 0.16 52656 3376.48 0.36 14771 1119.07 0.19 2310627 326499.01 19.32 310 52.24 0.19 52266 11078.88 19.32 201 10 99 31356 1560 15444 21.0 24.0 23.85 0.03
141300.0 376 21.55 0.16 53032 3398.03 0.36 14830 1118.88 0.19 2325457 327617.89 19.32 370 52.23 0.19 52636 11131.11 19.32 201 10 99 31557 1570 15543 21.0 24.0 23.85 0.03
142200.0 354 22.18 0.36 53386 3420.21 0.36 14810 1118.91 0.19 2340267 328736.8 19.32 350 52.24 0.19 52986 11183.35 19.32 201 10 99 31758 1580 15642 21.0 24.0 23.85 0.03
143100.0 310 21.4 0.16 53696 3441.61 0.36 14769 1118.72 0.19 2355036 329855.52 19.32 310 52.23 0.19 53296 11235.58 19.32 201 10 99 31959 1590 15741 21.0 24.0 23.87 0.03
144000.0 310 21.4 0.16 54006 3463.02 0.36 14766 1118.59 0.19 2369802 330974.11 19.32 310 52.24 0.19 53606 11287.82 19.32 201 10 99 32160 1600 15840 21.0 24.0 23.88 0.03
144900.0 376 21.55 0.16 54382 3484.57 0.36 14826 1118.56 0.19 2384628 332092.67 19.32 370 52.23 0.19 53976 11340.05 19.32 201 10 99 32361 1610 15939 21.0 24.0 23.88 0.03
145800.0 354 22.18 0.36 54736 3506.75 0.36 14806 1118.59 0.19 2399434 333211.27 19.32 350 52.24 0.19 54326 11392.29 19.32 201 10 99 32562 1620 16038 21.0 24.0 23.88 0.03
146700.0 310 21.4 0.16 55046 3528.15 0.36 14765 1118.4 0.19 2414199 334329.67 19.32 310 52.23 0.19 54636 11444.52 19.32 201 10 99 32763 1630 16137 21.0 24.0 23.88 0.03
147600.0 310 21.4 0.16 55356 3549.55 0.36 14765 1118.43 0.19 2428964 335448.1 19.32 310 52.24 0.19 54946 11496.76 19.32 201 10 99 32964 1640 16236 21.0 24.0 23.88 0.03
148500.0 376 21.55 0.16 55732 3571.1 0.36 14824 1118.24 0.19 2443788 336566.34 19.32 370 52.23 0.19 55316 11548.99 19.32 201 10 99 33165 1650 16335 21.0 24.0 23.88 0.03
149400.0 354 22.18 0.36 56086 3593.28 0.36 14804 1118.27 0.19 2458592 337684.61 19.32 350 52.24 0.19 55666 11601.23 19.32 201 10 99 33366 1660 16434 21.0 24.0 23.88 0.03
150300.0 310 21.4 0.16 56396 3614.69 0.36 14764 1118.24 0.19 2473356 338802.85 19.32 310 52.23 0.19 55976 11653.46 19.32 201 10 99 33567 1670 16533 21.0 24.0 23.88 0.03
151200.0 310 21.4 0.16 56706 3636.09 0.36 14761 1117.79 0.19 2488117 339920.64 19.32 310 52.24 0.19 56286 11705.7 19.32 201 10 99 33768 1680 16632 21.0 24.0 23.89 0.03
152100.0 376 21.55 0.16 57082 3657.64 0.36 14818 1117.6 0.19 2502935 341038.24 19.32 370 52.23 0.19 56656 11757.93 19.32 201 10 99 33969 1690 16731 21.0 24.0 23.89 0.03
153000.0 354 22.18 0.36 57436 3679.82 0.36 14798 1117.63 0.19 2517733 342155.88 19.32 350 52.24 0.19 57006 11810.17 19.32 201 10 99 34170 1700 16830 21.0 24.0 23.89 0.03
153900.0 310 21.4 0.16 57746 3701.23 0.36 14756 1117.28 0.19 2532489 343273.15 19.32 310 52.23 0.19 57316 11862.4 19.32 201 10 99 34371 1710 16929 21.0 24.0 23.88 0.03
154800.0 310 21.4 0.16 58056 3722.63 0.36 14754 1117.15 0.19 2547243 344390.31 19.32 310 52.24 0.19 57626 11914.64 19.32 201 10 99 34572 1720 17028 21.0 24.0 23.88 0.03
155700.0 376 21.55 0.16 58432 3744.18 0.36 14814 1117.12 0.19 2562057 345507.43 19.32 370 52.23 0.19 57996 11966.87 19.32 201 10 99 34773 1730 17127 21.0 24.0 23.88 0.03
156600.0 354 22.18 0.36 58786 3766.36 0.36 14792 1116.99 0.19 2576849 346624.42 19.32 350 52.24 0.19 58346 12019.11 19.32 201 10 99 34974 1740 17226 21.0 24.0 23.88 0.03
157500.0 310 21.4 0.16 59096 3787.76 0.36 14748 1116.48 0.19 2591597 347740.9 19.32 310 52.23 0.19 58656 12071.34 19.32 201 10 99 35175 1750 17325 21.0 24.0 23.87 0.04
158400.0 310 21.4 0.16 59406 3809.17 0.36 14748 1116.51 0.19 2606345 348857.41 19.32 310 52.24 0.19 58966 12123.58 19.32 201 10 99 35376 1760 17424 21.0 24.0 23.87 0.04
159300.0 376 21.55 0.16 59782 3830.71 0.36 14807 1116.32 0.19 2621152 349973.73 19.32 370 52.23 0.19 59336 12175.81 19.32 201 10 99 35577 1770 17523 21.0 24.0 23.87 0.04
160200.0 354 22.18 0.36 60136 3852.9 0.36 14783 1115.87 0.19 2635935 351089.6 19.32 350 52.24 0.19 59686 12228.05 19.32 201 10 99 35778 1780 17622 21.0 24.0 23.87 0.04
161100.0 310 21.4 0.16 60446 3874.3 0.36 14743 1115.84 0.19 2650678 352205.44 19.32 310 52.23 0.19 59996 12280.28 19.32 201 10 99 35979 1790 17721 21.0 24.0 23.84 0.04
162000.0 310 21.4 0.16 60756 3895.7 0.36 14742 1115.71 0.19 2665420 353321.15 19.32 310 52.24 0.19 60306 12332.52 19.32 201 10 99 36180 1800 17820 21.0 24.0 23.84 0.04
162900.0 376 21.54 0.16 61132 3917.25 0.36 14800 1115.52 0.19 2680220 354436.68 19.32 370 52.23 0.19 60676 12384.75 19.32 201 10 99 36381 1810 17919 21.0 24.0 23.84 0.04
163800.0 354 22.18 0.36 61486 3939.43 0.36 14780 1115.55 0.19 2695000 355552.23 19.32 350 52.24 0.19 61026 12436.99 19.32 201 10 99 36582 1820 18018 21.0 24.0 23.84 0.04
164700.0 310 21.4 0.16 61796 3960.83 0.36 14739 1115.52 0.19 2709739 356667.75 19.32 310 52.23 0.19 61336 12489.22 19.32 201 10 99 36783 1830 18117 21.0 24.0 23.81 0.04
165600.0 310 21.4 0.16 62106 3982.24 0.36 14735 1115.39 0.19 2724474 357783.14 19.32 310 52.24 0.19 61646 12541.46 19.32 201 10 99 36984 1840 18216 21.0 24.0 23.81 0.04
166500.0 376 21.55 0.16 62482 4003.79 0.36 14794 1115.2 0.19 2739268 358898.34 19.32 370 52.23 0.19 62016 12593.69 19.32 201 10 99 37185 1850 18315 21.0 24.0 23.81 0.04
167400.0 354 22.18 0.36 62836 4025.97 0.36 14774 1115.23 0.19 2754042 360013.57 19.32 350 52.24 0.19 62366 12645.93 19.32 201 10 99 37386 1860 18414 21.0 24.0 23.81 0.04
168300.0 310 21.4 0.16 63146 4047.37 0.36 14731 1114.88 0.19 2768773 361128.45 19.32 310 52.23 0.19 62676 12698.16 19.32 201 10 99 37587 1870 18513 21.0 24.0 23.78 0.05
169200.0 310 21.4 0.16 63456 4068.78 0.36 14731 1114.91 0.19 2783504 362243.36 19.32 310 52.24 0.19 62986 12750.39 19.32 201 10 99 37788 1880 18612 21.0 24.0 23.77 0.05
170100.0 376 21.54 0.16 63832 4090.32 0.36 14789 1114.72 0.19 2798293 363358.08 19.32 370 52.23 0.19 63356 12802.63 19.32 201 10 99 37989 1890 18711 21.0 24.0 23.77 0.05
171000.0 354 22.18 0.36 64186 4112.5 0.36 14765 1114.43 0.19 2813058 364472.52 19.32 350 52.24 0.19 63706 12854.87 19.32 201 10 99 38190 1900 18810 21.0 24.0 23.77 0.05
171900.0 310 21.4 0.16 64496 4133.9 0.36 14724 1114.24 0.19 2827782 365586.76 19.32 310 52.23 0.19 64016 12907.1 19.32 201 10 99 38391 1910 18909 21.0 24.0 23.74 0.05
172800.0 310 21.4 0.16 64806 4155.31 0.36 14722 1113.95 0.19 2842504 366700.71 19.32 310 52.24 0.19 64326 12959.33 19.32 201 10 99 38592 1920 19008 21.0 24.0 23.73 0.05
173700.0 376 21.55 0.16 65182 4176.86 0.36 14779 1113.44 0.19 2857283 367814.15 19.32 370 52.23 0.19 64696 13011.57 19.32 201 10 99 38793 1930 19107 21.0 24.0 23.73 0.05
174600.0 354 22.18 0.36 65536 4199.04 0.36 14758 1113.31 0.19 2872041 368927.46 19.32 350 52.24 0.19 65046 13063.81 19.32 201 10 99 38994 1940 19206 21.0 24.0 23.73 0.05
175500.0 310 21.4 0.16 65846 4220.44 0.36 14717 1113.28 0.19 2886758 370040.74 19.32 310 52.23 0.19 65356 13116.04 19.32 201 10 99 39195 1950 19305 21.0 24.0 23.69 0.05
176400.0 310 21.4 0.16 66156 4241.85 0.36 14717 1113.47 0.19 2901475 371154.21 19.32 310 52.24 0.19 65666 13168.27 19.32 201 10 99 39396 1960 19404 21.0 23.9 23.66 0.05
177300.0 376 21.55 0.16 66532 4263.39 0.36 14777 1113.44 0.19 2916252 372267.65 19.32 370 52.23 0.19 66036 13220.51 19.32 201 10 99 39597 1970 19503 21.0 23.9 23.66 0.05
178200.0 354 22.18 0.36 66886 4285.57 0.36 14755 1113.15 0.19 2931007 373380.8 19.32 350 52.24 0.19 66386 13272.75 19.32 201 10 99 39798 1980 19602 21.0 23.9 23.66 0.05
179100.0 310 21.4 0.16 67196 4306.98 0.36 14710 1112.64 0.19 2945717 374493.44 19.32 310 52.23 0.19 66696 13324.98 19.32 201 10 99 39999 1990 19701 21.0 23.9 23.61 0.05
180000.0 310 21.4 0.16 67506 4328.38 0.36 14712 1112.99 0.19 2960429 375606.43 19.32 310 52.24 0.19 67006 13377.21 19.32 201 10 99 40200 2000 19800 21.0 23.9 23.57 0.05
180900.0 376 21.55 0.16 67882 4349.93 0.36 14769 1112.8 0.19 2975198 376719.23 19.32 370 52.23 0.19 67376 13429.45 19.32 201 10 99 40401 2010 19899 21.0 23.9 23.57 0.05
181800.0 354 22.18 0.36 68236 4372.11 0.36 14745 1112.35 0.19 2989943 377831.59 19.32 350 52.24 0.19 67726 13481.68 19.32 201 10 99 40602 2020 19998 21.0 23.9 23.56 0.05
182700.0 310 21.4 0.16 68546 4393.52 0.36 14702 1112.16 0.19 3004645 378943.75 19.32 310 52.23 0.19 68036 13533.92 19.32 201 10 99 40803 2030 20097 21.0 23.8 23.49 0.05
183600.0 310 21.4 0.16 68856 4414.92 0.36 14703 1112.35 0.19 3019348 380056.1 19.32 310 52.24 0.19 68346 13586.15 19.32 201 10 99 41004 2040 20196 21.0 23.8 23.43 0.04
184500.0 376 21.55 0.16 69232 4436.47 0.36 14757 1111.52 0.19 3034105 381167.62 19.32 370 52.23 0.19 68716 13638.39 19.32 201 10 99 41205 2050 20295 21.0 23.8 23.43 0.04
185400.0 354 22.18 0.36 69586 4458.65 0.36 14734 1111.23 0.19 3048839 382278.85 19.32 350 52.24 0.19 69066 13690.62 19.32 201 10 99 41406 2060 20394 21.0 23.8 23.43 0.04
186300.0 310 21.4 0.16 69896 4480.05 0.36 14698 1111.68 0.19 3063537 383390.53 19.32 310 52.23 0.19 69376 13742.86 19.32 201 10 99 41607 2070 20493 21.0 23.7 23.33 0.05
187200.0 310 21.4 0.16 70206 4501.46 0.36 14693 1111.39 0.19 3078230 384501.92 19.32 310 52.24 0.19 69686 13795.09 19.32 201 10 99 41808 2080 20592 21.0 23.7 23.25 0.04
188100.0 376 21.55 0.16 70582 4523.01 0.36 14752 1111.2 0.19 3092982 385613.12 19.32 370 52.23 0.19 70056 13847.33 19.32 201 10 99 42009 2090 20691 21.0 23.7 23.25 0.04
189000.0 354 22.18 0.36 70936 4545.19 0.36 14729 1110.75 0.19 3107711 386723.87 19.32 350 52.24 0.19 70406 13899.56 19.32 201 10 99 42210 2100 20790 21.0 23.7 23.25 0.04
189900.0 310 21.4 0.16 71246 4566.59 0.36 14692 1111.2 0.19 3122403 387835.07 19.32 310 52.23 0.19 70716 13951.8 19.32 201 10 99 42411 2110 20889 21.0 23.5 23.11 0.05
190800.0 310 21.4 0.16 71556 4588.0 0.36 14689 1110.75 0.19 3137092 388945.82 19.32 310 52.24 0.19 71026 14004.03 19.32 201 10 99 42612 2120 20988 21.0 23.5 23.0 0.04
191700.0 376 21.55 0.16 71932 4609.54 0.36 14746 1110.4 0.19 3151838 390056.22 19.32 370 52.23 0.19 71396 14056.27 19.32 201 10 99 42813 2130 21087 21.0 23.5 23.0 0.04
192600.0 354 22.18 0.36 72286 4631.72 0.36 14719 1109.47 0.19 3166557 391165.7 19.32 350 52.24 0.19 71746 14108.5 19.32 201 10 99 43014 2140 21186 21.0 23.5 22.99 0.04
193500.0 310 21.4 0.16 72596 4653.13 0.36 14683 1110.08 0.19 3181240 392275.77 19.32 310 52.23 0.19 72056 14160.74 19.32 201 10 99 43215 2150 21285 21.0 23.3 22.85 0.04
194400.0 310 21.4 0.16 72906 4674.53 0.36 14686 1110.27 0.19 3195926 393386.05 19.32 310 52.24 0.19 72366 14212.97 19.32 201 10 99 43416 2160 21384 21.0 23.3 22.72 0.04
195300.0 376 21.55 0.16 73282 4696.08 0.36 14737 1109.28 0.19 3210663 394495.33 19.32 370 52.23 0.19 72736 14265.21 19.32 201 10 99 43617 2170 21483 21.0 23.3 22.72 0.04
196200.0 354 22.18 0.36 73636 4718.26 0.36 14716 1109.31 0.19 3225379 395604.64 19.32 350 52.24 0.19 73086 14317.44 19.32 201 10 99 43818 2180 21582 21.0 23.3 22.71 0.04
197100.0 310 21.4 0.16 73946 4739.67 0.36 14681 1109.44 0.19 3240060 396714.08 19.32 310 52.23 0.19 73396 14369.68 19.32 201 10 99 44019 2190 21681 21.0 23.1 22.56 0.03
198000.0 310 21.4 0.16 74256 4761.07 0.36 14658 1105.79 0.19 3254718 397819.87 19.32 310 52.24 0.19 73706 14421.91 19.32 201 10 99 44220 2200 21780 21.0 23.1 22.4 0.04
198900.0 376 21.55 0.16 74632 4782.62 0.36 14718 1105.76 0.19 3269436 398925.63 19.32 370 52.23 0.19 74076 14474.15 19.32 201 10 99 44421 2210 21879 21.0 23.1 22.4 0.04
199800.0 354 22.18 0.36 74986 4804.8 0.36 14696 1105.47 0.19 3284132 400031.1 19.32 350 52.24 0.19 74426 14526.38 19.32 201 10 99 44622 2220 21978 21.0 23.1 22.4 0.04
200700.0 310 21.4 0.16 75296 4826.2 0.36 14660 1106.08 0.19 3298792 401137.18 19.32 310 52.23 0.19 74736 14578.61 19.32 201 10 99 44823 2230 22077 21.0 22.8 22.25 0.02
201600.0 310 21.4 0.16 75606 4847.61 0.36 14662 1106.59 0.19 3313454 402243.77 19.32 310 52.24 0.19 75046 14630.85 19.32 201 10 99 45024 2240 22176 21.0 22.8 22.18 0.03
202500.0 376 21.55 0.16 75982 4869.16 0.36 14721 1106.4 0.19 3328175 403350.17 19.32 370 52.23 0.19 75416 14683.08 19.32 201 10 99 45225 2250 22275 21.0 22.8 22.18 0.03
203400.0 354 22.18 0.36 76336 4891.34 0.36 14693 1105.63 0.19 3342868 404455.8 19.32 350 52.24 0.19 75766 14735.32 19.32 201 10 99 45426 2260 22374 21.0 22.8 22.18 0.03
204300.0 310 21.4 0.16 76646 4912.74 0.36 14663 1106.4 0.19 3357531 405562.2 19.32 310 52.23 0.19 76076 14787.55 19.32 201 10 99 45627 2270 22473 21.0 22.6 22.06 0.01
205200.0 310 21.4 0.16 76956 4934.14 0.36 14661 1106.27 0.19 3372192 406668.47 19.32 310 52.24 0.19 76386 14839.79 19.32 201 10 99 45828 2280 22572 21.0 22.6 22.06 0.01
206100.0 376 21.54 0.16 77332 4955.69 0.36 14719 1106.08 0.19 3386911 407774.55 19.32 370 52.23 0.19 76756 14892.02 19.32 201 10 99 46029 2290 22671 21.0 22.6 22.06 0.01
207000.0 354 22.18 0.36 77686 4977.87 0.36 14689 1104.99 0.19 3401600 408879.55 19.32 350 52.24 0.19 77106 14944.26 19.32 201 10 99 46230 2300 22770 21.0 22.6 22.06 0.01
207900.0 310 21.4 0.16 77996 4999.27 0.36 14657 1105.76 0.19 3416257 409985.31 19.32 310 52.23 0.19 77416 14996.49 19.32 201 10 99 46431 2310 22869 21.0 22.2 22.02 0.01
208800.0 310 21.4 0.16 78306 5020.68 0.36 14653 1105.31 0.19 3430910 411090.62 19.32 310 52.24 0.19 77726 15048.73 19.32 201 10 99 46632 2320 22968 21.0 22.2 22.02 0.01
209700.0 376 21.55 0.16 78682 5042.23 0.36 14711 1104.96 0.19 3445621 412195.58 19.32 370 52.23 0.19 78096 15100.96 19.32 201 10 99 46833 2330 23067 21.0 22.2 22.02 0.01
210600.0 354 22.18 0.36 79036 5064.41 0.36 14679 1103.87 0.19 3460300 413299.45 19.32 350 52.24 0.19 78446 15153.2 19.32 201 10 99 47034 2340 23166 21.0 22.2 22.02 0.01
211500.0 310 21.4 0.16 79346 5085.81 0.36 14640 1104.0 0.19 3474940 414403.45 19.32 310 52.23 0.19 78756 15205.43 19.32 201 10 99 47235 2350 23265 21.0 22.0 22.0 0.0
212400.0 310 21.4 0.16 79656 5107.22 0.36 14640 1104.03 0.19 3489580 415507.48 19.32 310 52.24 0.19 79066 15257.67 19.32 201 10 99 47436 2360 23364 21.0 22.0 22.0 0.0
213300.0 376 21.54 0.16 80032 5128.76 0.36 14696 1103.52 0.19 3504276 416611.0 19.32 370 52.23 0.19 79436 15309.9 19.32 201 10 99 47637 2370 23463 21.0 22.0 22.0 0.0
214200.0 354 22.18 0.36 80386 5150.94 0.36 14666 1102.11 0.19 3518942 417713.11 19.32 350 52.24 0.19 79786 15362.14 19.32 201 10 99 47838 2380 23562 21.0 22.0 22.0 0.0
215100.0 310 21.4 0.16 80696 5172.35 0.36 14624 1101.92 0.19 3533566 418815.03 19.32 310 52.23 0.19 80096 15414.37 19.32 201 10 99 48039 2390 23661 21.0 22.0 22.0 0.0
216000.0 310 21.4 0.16 81006 5193.75 0.36 14622 1101.79 0.19 3548188 419916.82 19.32 310 52.24 0.19 80406 15466.61 19.32 201 10 99 48240 2400 23760 21.0 22.0 22.0 0.0
216900.0 376 21.55 0.16 81382 5215.3 0.36 14679 1101.28 0.19 3562867 421018.1 19.32 370 52.23 0.19 80776 15518.84 19.32 201 10 99 48441 2410 23859 21.0 22.0 22.0 0.0
217800.0 354 22.18 0.36 81736 5237.48 0.36 14654 1100.83 0.19 3577521 422118.93 19.32 350 52.24 0.19 81126 15571.08 19.32 201 10 99 48642 2420 23958 21.0 22.0 22.0 0.0
218700.0 310 21.4 0.16 82046 5258.88 0.36 14608 1100.48 0.19 3592129 423219.41 19.32 310 52.23 0.19 81436 15623.31 19.32 201 10 99 48843 2430 24057 21.0 22.0 22.0 0.0
219600.0 310 21.4 0.16 82356 5280.29 0.36 14608 1100.51 0.19 3606737 424319.92 19.32 310 52.24 0.19 81746 15675.55 19.32 201 10 99 49044 2440 24156 21.0 22.0 22.0 0.0
220500.0 376 21.55 0.16 82732 5301.83 0.36 14662 1099.84 0.19 3621399 425419.76 19.32 370 52.23 0.19 82116 15727.78 19.32 201 10 99 49245 2450 24255 21.0 22.0 22.0 0.0
221400.0 354 22.18 0.36 83086 5324.02 0.36 14642 1101.44 0.19 3636041 426521.2 19.32 350 52.27 0.19 82466 15780.05 19.32 201 10 99 49446 2460 24354 21.0 22.0 21.98 0.01
222300.0 310 21.41 0.16 83396 5345.42 0.36 14695 1113.32 0.19 3650736 427634.52 19.32 310 52.28 0.19 82776 15832.33 19.32 201 10 99 49647 2470 24453 20.2 22.0 21.28 0.07
223200.0 310 21.41 0.16 83706 5366.83 0.36 14726 1116.89 0.19 3665462 428751.41 19.32 310 52.28 0.19 83086 15884.61 19.32 201 10 99 49848 2480 24552 19.8 21.8 20.55 0.13
224100.0 376 21.55 0.16 84082 5388.38 0.36 14786 1116.84 0.19 3680248 429868.25 19.32 370 52.28 0.19 83456 15936.9 19.32 201 10 99 50049 2490 24651 19.8 21.8 20.55 0.13
225000.0 354 22.18 0.36 84436 5410.56 0.36 14764 1116.17 0.19 3695012 430984.42 19.32 350 52.27 0.19 83806 15989.17 19.32 201 10 99 50250 2500 24750 19.8 21.8 20.55 0.13
225900.0 310 21.41 0.16 84746 5431.97 0.36 14725 1116.5 0.19 3709737 432100.92 19.32 310 52.27 0.19 84116 16041.44 19.32 201 10 99 50451 2510 24849 19.8 21.7 20.5 0.12
226800.0 310 21.41 0.16 85056 5453.37 0.36 14729 1117.19 0.19 3724466 433218.11 19.32 310 52.28 0.19 84426 16093.72 19.32 201 10 99 50652 2520 24948 19.8 21.7 20.46 0.14
227700.0 376 21.55 0.16 85432 5474.92 0.36 14789 1117.15 0.19 3739255 434335.26 19.32 370 52.28 0.19 84796 16146.0 19.32 201 10 99 50853 2530 25047 19.8 21.7 20.46 0.14
228600.0 354 22.18 0.36 85786 5497.11 0.36 14766 1117.47 0.19 3754021 435452.72 19.32 350 52.29 0.19 85146 16198.29 19.32 201 10 99 51054 2540 25146 19.8 21.7 20.46 0.14
229500.0 310 21.41 0.16 86096 5518.51 0.36 14724 1116.3 0.19 3768745 436569.02 19.32 310 52.27 0.19 85456 16250.56 19.32 201 10 99 51255 2550 25245 19.8 21.6 20.44 0.14
230400.0 310 21.41 0.16 86406 5539.92 0.36 14724 1116.02 0.19 3783469 437685.05 19.32 310 52.28 0.19 85766 16302.84 19.32 201 10 99 51456 2560 25344 19.8 21.6 20.45 0.14
231300.0 376 21.55 0.16 86782 5561.46 0.36 14783 1115.98 0.19 3798252 438801.03 19.32 370 52.27 0.19 86136 16355.11 19.32 201 10 99 51657 2570 25443 19.8 21.6 20.45 0.14
232200.0 354 22.18 0.36 87136 5583.65 0.36 14760 1115.4 0.19 3813012 439916.43 19.32 350 52.27 0.19 86486 16407.38 19.32 201 10 99 51858 2580 25542 19.8 21.6 20.45 0.14
233100.0 310 21.41 0.16 87446 5605.05 0.36 14719 1116.16 0.19 3827731 441032.59 19.32 310 52.28 0.19 86796 16459.66 19.32 201 10 99 52059 2590 25641 19.8 21.5 20.48 0.15
234000.0 310 21.41 0.16 87756 5626.46 0.36 14714 1115.41 0.19 3842445 442148.0 19.32 310 52.28 0.19 87106 16511.94 19.32 201 10 99 52260 2600 25740 19.8 21.5 20.49 0.15
234900.0 376 21.55 0.16 88132 5648.01 0.36 14774 1115.36 0.19 3857219 443263.36 19.32 370 52.28 0.19 87476 16564.23 19.32 201 10 99 52461 2610 25839 19.8 21.5 20.49 0.15
235800.0 354 22.18 0.36 88486 5670.19 0.36 14749 1114.22 0.19 3871968 444377.58 19.32 350 52.27 0.19 87826 16616.5 19.32 201 10 99 52662 2620 25938 19.8 21.5 20.49 0.15
236700.0 310 21.4 0.16 88796 5691.59 0.36 14709 1113.29 0.19 3886677 445490.88 19.32 310 52.25 0.19 88136 16668.74 19.32 201 10 99 52863 2630 26037 19.8 21.4 20.51 0.16
237600.0 310 21.4 0.16 89106 5713.0 0.36 14716 1114.14 0.19 3901393 446605.01 19.32 310 52.25 0.19 88446 16720.99 19.32 201 10 99 53064 2640 26136 19.7 21.4 20.55 0.14
238500.0 376 21.54 0.16 89482 5734.54 0.36 14769 1113.29 0.19 3916162 447718.31 19.32 370 52.25 0.19 88816 16773.24 19.32 201 10 99 53265 2650 26235 19.7 21.4 20.55 0.14
239400.0 354 22.18 0.36 89836 5756.73 0.36 14739 1113.19 0.19 3930901 448831.5 19.32 350 52.27 0.19 89166 16825.51 19.32 201 10 99 53466 2660 26334 19.7 21.4 20.55 0.15
240300.0 310 21.41 0.16 90146 5778.13 0.36 14698 1113.15 0.19 3945599 449944.64 19.32 310 52.26 0.19 89476 16877.77 19.32 201 10 99 53667 2670 26433 19.7 21.6 20.58 0.16
241200.0 310 21.41 0.16 90456 5799.54 0.36 14694 1112.87 0.19 3960293 451057.51 19.32 310 52.27 0.19 89786 16930.04 19.32 201 10 99 53868 2680 26532 19.7 21.6 20.61 0.16
242100.0 376 21.55 0.16 90832 5821.09 0.36 14753 1112.83 0.19 3975046 452170.34 19.32 370 52.27 0.19 90156 16982.3 19.32 201 10 99 54069 2690 26631 19.7 21.6 20.61 0.16
243000.0 354 22.18 0.36 91186 5843.27 0.36 14728 1111.94 0.19 3989774 453282.28 19.32 350 52.26 0.19 90506 17034.56 19.32 201 10 99 54270 2700 26730 19.7 21.6 20.61 0.16
243900.0 310 21.41 0.16 91496 5864.67 0.36 14696 1113.13 0.19 4004470 454395.41 19.32 310 52.27 0.19 90816 17086.83 19.32 201 10 99 54471 2710 26829 19.7 21.8 20.62 0.17
244800.0 310 21.41 0.16 91806 5886.08 0.36 14700 1113.5 0.19 4019170 455508.91 19.32 310 52.27 0.19 91126 17139.11 19.32 201 10 99 54672 2720 26928 19.6 21.8 20.66 0.17
245700.0 376 21.55 0.16 92182 5907.63 0.36 14759 1113.3 0.19 4033929 456622.2 19.32 370 52.27 0.19 91496 17191.38 19.32 201 10 99 54873 2730 27027 19.6 21.8 20.66 0.17
246600.0 354 22.18 0.36 92536 5929.81 0.36 14712 1110.91 0.19 4048641 457733.12 19.32 350 52.28 0.19 91846 17243.66 19.32 201 10 99 55074 2740 27126 19.6 21.8 20.66 0.17
247500.0 310 21.41 0.16 92846 5951.22 0.36 14683 1111.01 0.19 4063324 458844.12 19.32 310 52.27 0.19 92156 17295.93 19.32 201 10 99 55275 2750 27225 19.6 21.9 20.62 0.19
248400.0 310 21.41 0.16 93156 5972.62 0.36 14679 1111.21 0.19 4078003 459955.33 19.32 310 52.27 0.19 92466 17348.21 19.32 201 10 99 55476 2760 27324 19.5 21.9 20.64 0.19
249300.0 376 21.55 0.16 93532 5994.17 0.36 14731 1110.05 0.19 4092734 461065.38 19.32 370 52.27 0.19 92836 17400.48 19.32 201 10 99 55677 2770 27423 19.5 21.9 20.64 0.19
250200.0 354 22.18 0.36 93886 6016.35 0.36 14694 1108.46 0.19 4107428 462173.84 19.32 350 52.27 0.19 93186 17452.74 19.32 201 10 99 55878 2780 27522 19.5 21.9 20.64 0.19
251100.0 310 21.41 0.16 94196 6037.76 0.36 14675 1110.75 0.19 4122103 463284.59 19.32 310 52.27 0.19 93496 17505.01 19.32 201 10 99 56079 2790 27621 19.5 22.0 20.6 0.21
252000.0 310 21.41 0.16 94506 6059.17 0.36 14689 1112.56 0.19 4136792 464397.15 19.32 310 52.27 0.19 93806 17557.28 19.32 201 10 99 56280 2800 27720 19.5 22.0 20.59 0.23
252900.0 376 21.55 0.16 94882 6080.71 0.36 14748 1112.35 0.19 4151540 465509.5 19.32 370 52.27 0.19 94176 17609.55 19.32 201 10 99 56481 2810 27819 19.5 22.0 20.59 0.23
253800.0 354 22.18 0.36 95236 6102.9 0.36 14702 1109.68 0.19 4166242 466619.19 19.32 350 52.27 0.19 94526 17661.82 19.32 201 10 99 56682 2820 27918 19.5 22.0 20.58 0.23
254700.0 310 21.41 0.16 95546 6124.3 0.36 14719 1115.16 0.19 4180961 467734.34 19.32 310 52.27 0.19 94836 17714.09 19.32 201 10 99 56883 2830 28017 19.5 21.8 20.45 0.23
255600.0 310 21.41 0.16 95856 6145.71 0.36 14726 1116.0 0.19 4195687 468850.35 19.32 310 52.27 0.19 95146 17766.36 19.32 201 10 99 57084 2840 28116 19.3 21.8 20.42 0.25
256500.0 376 21.55 0.16 96232 6167.26 0.36 14785 1115.8 0.19 4210472 469966.15 19.32 370 52.27 0.19 95516 17818.63 19.32 201 10 99 57285 2850 28215 19.3 21.8 20.42 0.25
257400.0 354 22.18 0.36 96586 6189.44 0.36 14730 1112.48 0.19 4225202 471078.62 19.32 350 52.26 0.19 95866 17870.89 19.32 201 10 99 57486 2860 28314 19.3 21.8 20.42 0.25
258300.0 310 21.41 0.16 96896 6210.85 0.36 14734 1116.88 0.19 4239936 472195.5 19.32 310 52.27 0.19 96176 17923.16 19.32 201 10 99 57687 2870 28413 19.3 21.8 20.26 0.25
259200.0 310 21.41 0.16 97206 6232.25 0.36 14741 1117.89 0.19 4254677 473313.39 19.32 310 52.27 0.19 96486 17975.43 19.32 201 10 99 57888 2880 28512 19.2 21.6 20.18 0.28
260100.0 376 21.55 0.16 97582 6253.8 0.36 14801 1117.84 0.19 4269478 474431.24 19.32 370 52.27 0.19 96856 18027.7 19.32 201 10 99 58089 2890 28611 19.2 21.6 20.18 0.28
261000.0 356 22.24 0.36 97938 6276.04 0.36 15089 140527.72 19.29 4284567 614958.96 19.32 352 2928.91 19.29 97208 20956.61 19.32 201 10 99 58290 2900 28710 19.2 21.6 20.18 0.28
261900.0 310 21.41 0.16 98248 6297.45 0.36 14767 1119.25 0.19 4299334 616078.2 19.32 310 52.26 0.19 97518 21008.87 19.32 201 10 99 58491 2910 28809 18.9 21.6 19.79 0.28
262800.0 310 21.41 0.16 98558 6318.85 0.36 14769 1119.41 0.19 4314103 617197.61 19.32 310 52.26 0.19 97828 21061.13 19.32 201 10 99 58692 2920 28908 18.9 21.0 19.66 0.27
263700.0 376 21.55 0.16 98934 6340.4 0.36 14829 1119.41 0.19 4328932 618317.03 19.32 370 52.26 0.19 98198 21113.39 19.32 201 10 99 58893 2930 29007 18.9 21.0 19.66 0.27
264600.0 356 22.25 0.36 99290 6362.65 0.36 15119 140486.71 19.28 4344051 758803.73 19.32 352 2927.6 19.28 98550 24040.99 19.32 201 10 99 59094 2940 29106 18.9 21.0 19.65 0.27
265500.0 310 21.42 0.16 99600 6384.07 0.36 14801 1136.97 0.19 4358852 759940.7 19.32 310 52.55 0.19 98860 24093.54 19.32 201 10 99 59295 2950 29205 17.3 21.0 18.25 0.27
266400.0 310 21.42 0.16 99910 6405.49 0.36 14820 1138.76 0.19 4373672 761079.46 19.32 310 52.55 0.19 99170 24146.09 19.32 201 10 99 59496 2960 29304 17.3 21.0 17.81 0.06
267300.0 376 21.56 0.16 100286 6427.05 0.36 14880 1138.73 0.19 4388552 762218.2 19.32 370 52.55 0.19 99540 24198.64 19.32 201 10 99 59697 2970 29403 17.3 21.0 17.81 0.06
268200.0 356 22.26 0.36 100642 6449.31 0.36 15171 140586.41 19.29 4403723 902804.61 19.32 352 2930.19 19.29 99892 27128.83 19.32 201 10 99 59898 2980 29502 17.3 21.0 17.81 0.06
269100.0 310 21.42 0.16 100952 6470.73 0.36 14824 1138.78 0.19 4418547 903943.39 19.32 310 52.54 0.19 100202 27181.37 19.32 201 10 99 60099 2990 29601 17.3 21.0 17.79 0.06
270000.0 310 21.42 0.16 101262 6492.15 0.36 14823 1138.81 0.19 4433370 905082.21 19.32 310 52.55 0.19 100512 27233.92 19.32 201 10 99 60300 3000 29700 17.3 21.0 17.78 0.06
270900.0 376 21.56 0.16 101638 6513.71 0.36 14883 1138.78 0.19 4448253 906220.98 19.32 370 52.54 0.19 100882 27286.46 19.32 201 10 99 60501 3010 29799 17.3 21.0 17.78 0.06
271800.0 354 22.2 0.36 101992 6535.9 0.36 14861 1138.22 0.19 4463114 907359.2 19.32 350 52.54 0.19 101232 27339.0 19.32 201 10 99 60702 3020 29898 17.3 21.0 17.78 0.06
272700.0 310 21.42 0.16 102302 6557.32 0.36 14822 1138.35 0.19 4477936 908497.55 19.32 310 52.53 0.19 101542 27391.53 19.32 201 10 99 60903 3030 29997 17.3 21.0 17.76 0.06
273600.0 310 21.42 0.16 102612 6578.74 0.36 14825 1138.7 0.19 4492761 909636.25 19.32 310 52.54 0.19 101852 27444.07 19.32 201 10 99 61104 3040 30096 17.3 21.0 17.74 0.05
274500.0 376 21.56 0.16 102988 6600.3 0.36 14884 1138.51 0.19 4507645 910774.76 19.32 370 52.54 0.19 102222 27496.6 19.32 201 10 99 61305 3050 30195 17.3 21.0 17.74 0.05
275400.0 354 22.2 0.36 103342 6622.5 0.36 14863 1140.25 0.19 4522508 911915.01 19.32 350 52.58 0.19 102572 27549.18 19.32 201 10 99 61506 3060 30294 17.3 21.0 17.74 0.05
276300.0 310 21.42 0.16 103652 6643.92 0.36 14819 1138.19 0.19 4537327 913053.21 19.32 310 52.54 0.19 102882 27601.72 19.32 201 10 99 61707 3070 30393 17.3 21.0 17.73 0.05
277200.0 310 21.42 0.16 103962 6665.33 0.36 14818 1138.22 0.19 4552145 914191.43 19.32 310 52.54 0.19 103192 27654.26 19.32 201 10 99 61908 3080 30492 17.3 21.0 17.72 0.05
278100.0 376 21.56 0.16 104338 6686.89 0.36 14878 1138.19 0.19 4567023 915329.62 19.32 370 52.54 0.19 103562 27706.79 19.32 201 10 99 62109 3090 30591 17.3 21.0 17.72 0.05
279000.0 354 22.19 0.36 104692 6709.09 0.36 14854 1136.15 0.19 4581877 916465.77 19.32 350 52.51 0.19 103912 27759.3 19.32 201 10 99 62310 3100 30690 17.3 21.0 17.72 0.05
279900.0 310 21.42 0.16 105002 6730.5 0.36 14812 1137.65 0.19 4596689 917603.42 19.32 310 52.54 0.19 104222 27811.85 19.32 201 10 99 62511 3110 30789 17.3 21.0 17.71 0.05
280800.0 310 21.42 0.16 105312 6751.92 0.36 14813 1137.69 0.19 4611502 918741.12 19.32 310 52.55 0.19 104532 27864.39 19.32 201 10 99 62712 3120 30888 17.3 21.0 17.7 0.05
281700.0 376 21.56 0.16 105688 6773.48 0.36 14872 1137.66 0.19 4626374 919878.78 19.32 370 52.54 0.19 104902 27916.94 19.32 201 10 99 62913 3130 30987 17.3 21.0 17.7 0.05
282600.0 354 22.2 0.36 106042 6795.68 0.36 14849 1137.15 0.19 4641223 921015.92 19.32 350 52.54 0.19 105252 27969.48 19.32 201 10 99 63114 3140 31086 17.3 21.0 17.7 0.05
283500.0 310 21.42 0.16 106352 6817.1 0.36 14808 1135.29 0.19 4656031 922151.22 19.32 310 52.5 0.19 105562 28021.98 19.32 201 10 99 63315 3150 31185 17.3 21.0 17.69 0.05
284400.0 310 21.42 0.16 106662 6838.51 0.36 14811 1135.49 0.19 4670842 923286.7 19.32 310 52.5 0.19 105872 28074.48 19.32 201 10 99 63516 3160 31284 17.3 21.0 17.68 0.05
285300.0 376 21.56 0.16 107038 6860.07 0.36 14868 1134.97 0.19 4685710 924421.68 19.32 370 52.5 0.19 106242 28126.98 19.32 201 10 99 63717 3170 31383 17.3 21.0 17.68 0.05
286200.0 354 22.19 0.36 107392 6882.27 0.36 14848 1134.92 0.19 4700558 925556.6 19.32 350 52.5 0.19 106592 28179.48 19.32 201 10 99 63918 3180 31482 17.3 21.0 17.68 0.05
287100.0 310 21.42 0.16 107702 6903.68 0.36 14808 1134.81 0.19 4715366 926691.41 19.32 310 52.5 0.19 106902 28231.98 19.32 201 10 99 64119 3190 31581 17.3 21.0 17.68 0.05
288000.0 310 21.42 0.16 108012 6925.1 0.36 14806 1134.85 0.19 4730172 927826.26 19.32 310 52.5 0.19 107212 28284.48 19.32 201 10 99 64320 3200 31680 17.3 21.0 17.68 0.05
288900.0 376 21.56 0.16 108388 6946.66 0.36 14866 1134.82 0.19 4745038 928961.08 19.32 370 52.5 0.19 107582 28336.98 19.32 201 10 99 64521 3210 31779 17.3 21.0 17.68 0.05
289800.0 354 22.2 0.36 108742 6968.86 0.36 14839 1135.98 0.19 4759877 930097.06 19.32 350 52.54 0.19 107932 28389.52 19.32 201 10 99 64722 3220 31878 17.3 21.0 17.68 0.05
290700.0 310 21.42 0.16 109052 6990.28 0.36 14804 1138.13 0.19 4774681 931235.19 19.32 310 52.57 0.19 108242 28442.09 19.32 201 10 99 64923 3230 31977 17.3 21.0 17.67 0.04
291600.0 310 21.42 0.16 109362 7011.7 0.36 14800 1137.85 0.19 4789481 932373.04 19.32 310 52.58 0.19 108552 28494.66 19.32 201 10 99 65124 3240 32076 17.3 21.0 17.67 0.04
292500.0 376 21.56 0.16 109738 7033.26 0.36 14859 1137.65 0.19 4804340 933510.69 19.32 370 52.57 0.19 108922 28547.24 19.32 201 10 99 65325 3250 32175 17.3 21.0 17.67 0.04
293400.0 354 22.2 0.36 110092 7055.46 0.36 14836 1137.22 0.19 4819176 934647.91 19.32 350 52.58 0.19 109272 28599.82 19.32 201 10 99 65526 3260 32274 17.3 21.0 17.67 0.04
294300.0 310 21.42 0.16 110402 7076.87 0.36 14798 1135.36 0.19 4833974 935783.27 19.32 310 52.53 0.19 109582 28652.35 19.32 201 10 99 65727 3270 32373 17.4 21.0 17.67 0.04
295200.0 310 21.42 0.16 110712 7098.29 0.36 14796 1135.39 0.19 4848770 936918.66 19.32 310 52.53 0.19 109892 28704.88 19.32 201 10 99 65928 3280 32472 17.4 21.0 17.67 0.04
296100.0 376 21.56 0.16 111088 7119.86 0.36 14856 1135.36 0.19 4863626 938054.02 19.32 370 52.53 0.19 110262 28757.41 19.32 201 10 99 66129 3290 32571 17.4 21.0 17.67 0.04
297000.0 354 22.2 0.36 111442 7142.05 0.36 14834 1135.23 0.19 4878460 939189.24 19.32 350 52.54 0.19 110612 28809.95 19.32 201 10 99 66330 3300 32670 17.4 21.0 17.67 0.04
297900.0 310 21.42 0.16 111752 7163.47 0.36 14795 1137.17 0.19 4893255 940326.41 19.32 310 52.57 0.19 110922 28862.52 19.32 201 10 99 66531 3310 32769 17.4 21.0 17.67 0.04
298800.0 310 21.42 0.16 112062 7184.89 0.36 14795 1137.37 0.19 4908050 941463.79 19.32 310 52.58 0.19 111232 28915.1 19.32 201 10 99 66732 3320 32868 17.4 21.0 17.68 0.04
299700.0 376 21.56 0.16 112438 7206.45 0.36 14855 1137.33 0.19 4922905 942601.12 19.32 370 52.57 0.19 111602 28967.67 19.32 201 10 99 66933 3330 32967 17.4 21.0 17.68 0.04
300600.0 354 22.2 0.36 112792 7228.65 0.36 14830 1137.22 0.19 4937735 943738.34 19.32 350 52.58 0.19 111952 29020.25 19.32 201 10 99 67134 3340 33066 17.4 21.0 17.68 0.04
301500.0 310 21.42 0.16 113102 7250.07 0.36 14789 1135.73 0.19 4952524 944874.06 19.32 310 52.54 0.19 112262 29072.8 19.32 201 10 99 67335 3350 33165 17.4 21.0 17.67 0.04
302400.0 310 21.42 0.16 113412 7271.49 0.36 14793 1136.27 0.19 4967317 946010.33 19.32 310 52.55 0.19 112572 29125.34 19.32 201 10 99 67536 3360 33264 17.4 21.0 17.68 0.04
303300.0 376 21.56 0.16 113788 7293.05 0.36 14847 1136.05 0.19 4982164 947146.38 19.32 370 52.55 0.19 112942 29177.89 19.32 201 10 99 67737 3370 33363 17.4 21.0 17.68 0.04
304200.0 354 22.19 0.36 114142 7315.24 0.36 14824 1134.35 0.19 4996988 948280.73 19.32 350 52.52 0.19 113292 29230.41 19.32 201 10 99 67938 3380 33462 17.4 21.0 17.68 0.04
305100.0 310 21.42 0.16 114452 7336.66 0.36 14782 1135.41 0.19 5011770 949416.14 19.32 310 52.54 0.19 113602 29282.95 19.32 201 10 99 68139 3390 33561 17.4 21.0 17.67 0.04
306000.0 310 21.42 0.16 114762 7358.08 0.36 14786 1135.77 0.19 5026556 950551.92 19.32 310 52.55 0.19 113912 29335.5 19.32 201 10 99 68340 3400 33660 17.4 21.0 17.68 0.04
306900.0 376 21.56 0.16 115138 7379.64 0.36 14846 1135.74 0.19 5041402 951687.66 19.32 370 52.54 0.19 114282 29388.04 19.32 201 10 99 68541 3410 33759 17.4 21.0 17.68 0.04
307800.0 354 22.2 0.36 115492 7401.84 0.36 14825 1137.06 0.19 5056227 952824.71 19.32 350 52.58 0.19 114632 29440.62 19.32 201 10 99 68742 3420 33858 17.4 21.0 17.68 0.04
308700.0 310 21.42 0.16 115802 7423.26 0.36 14784 1136.85 0.19 5071011 953961.56 19.32 310 52.57 0.19 114942 29493.19 19.32 201 10 99 68943 3430 33957 17.4 21.0 17.68 0.04
309600.0 310 21.42 0.16 116112 7444.68 0.36 14794 1138.33 0.19 5085805 955099.9 19.32 310 52.58 0.19 115252 29545.77 19.32 201 10 99 69144 3440 34056 17.4 21.0 17.69 0.04
310500.0 376 21.56 0.16 116488 7466.24 0.36 14850 1137.81 0.19 5100655 956237.71 19.32 370 52.57 0.19 115622 29598.34 19.32 201 10 99 69345 3450 34155 17.4 21.0 17.69 0.04
311400.0 354 22.2 0.36 116842 7488.44 0.36 14820 1136.58 0.19 5115475 957374.28 19.32 350 52.58 0.19 115972 29650.92 19.32 201 10 99 69546 3460 34254 17.4 21.0 17.69 0.04
312300.0 310 21.42 0.16 117152 7509.86 0.36 14773 1133.76 0.19 5130248 958508.04 19.32 310 52.53 0.19 116282 29703.45 19.32 201 10 99 69747 3470 34353 17.4 21.0 17.69 0.04
313200.0 310 21.42 0.16 117462 7531.27 0.36 14780 1134.27 0.19 5145028 959642.31 19.32 310 52.53 0.19 116592 29755.99 19.32 201 10 99 69948 3480 34452 17.3 21.0 17.7 0.05
314100.0 376 21.56 0.16 117838 7552.84 0.36 14838 1133.92 0.19 5159866 960776.23 19.32 370 52.53 0.19 116962 29808.52 19.32 201 10 99 70149 3490 34551 17.3 21.0 17.7 0.05
315000.0 354 22.2 0.36 118192 7575.03 0.36 14813 1133.31 0.19 5174679 961909.54 19.32 350 52.54 0.19 117312 29861.05 19.32 201 10 99 70350 3500 34650 17.3 21.0 17.7 0.05
315900.0 310 21.42 0.16 118502 7596.45 0.36 14764 1132.43 0.19 5189443 963041.97 19.32 310 52.54 0.19 117622 29913.59 19.32 201 10 99 70551 3510 34749 17.3 21.0 17.7 0.05
316800.0 310 21.42 0.16 118812 7617.87 0.36 14767 1132.62 0.19 5204210 964174.59 19.32 310 52.54 0.19 117932 29966.13 19.32 201 10 99 70752 3520 34848 17.3 21.0 17.71 0.05
317700.0 376 21.56 0.16 119188 7639.43 0.36 14824 1132.27 0.19 5219034 965306.86 19.32 370 52.54 0.19 118302 30018.67 19.32 201 10 99 70953 3530 34947 17.3 21.0 17.71 0.05
318600.0 354 22.2 0.36 119542 7661.62 0.36 14798 1132.15 0.19 5233832 966439.01 19.32 350 52.54 0.19 118652 30071.21 19.32 201 10 99 71154 3540 35046 17.3 21.0 17.71 0.05
319500.0 310 21.42 0.16 119852 7683.04 0.36 14752 1133.33 0.19 5248584 967572.34 19.32 310 52.57 0.19 118962 30123.78 19.32 201 10 99 71355 3550 35145 17.3 21.0 17.72 0.05
320400.0 310 21.42 0.16 120162 7704.46 0.36 14756 1134.01 0.19 5263340 968706.35 19.32 310 52.58 0.19 119272 30176.36 19.32 201 10 99 71556 3560 35244 17.3 21.0 17.72 0.05
321300.0 376 21.56 0.16 120538 7726.03 0.36 14813 1133.49 0.19 5278153 969839.84 19.32 370 52.57 0.19 119642 30228.93 19.32 201 10 99 71757 3570 35343 17.3 21.0 17.72 0.05
322200.0 354 22.19 0.36 120892 7748.22 0.36 14788 1128.22 0.19 5292941 970968.06 19.32 350 52.48 0.19 119992 30281.41 19.32 201 10 99 71958 3580 35442 17.3 21.0 17.73 0.05
323100.0 310 21.41 0.16 121202 7769.63 0.36 14747 1126.43 0.19 5307688 972094.5 19.32 310 52.44 0.19 120302 30333.85 19.32 201 10 99 72159 3590 35541 17.3 21.0 17.73 0.05
324000.0 310 21.41 0.16 121512 7791.05 0.36 14751 1127.11 0.19 5322439 973221.61 19.32 310 52.45 0.19 120612 30386.3 19.32 201 10 99 72360 3600 35640 17.3 21.0 17.73 0.06
324900.0 376 21.56 0.16 121888 7812.6 0.36 14810 1126.92 0.19 5337249 974348.52 19.32 370 52.45 0.19 120982 30438.75 19.32 201 10 99 72561 3610 35739 17.3 21.0 17.73 0.06
325800.0 354 22.2 0.36 122242 7834.8 0.36 14779 1130.67 0.19 5352028 975479.19 19.32 350 52.55 0.19 121332 30491.3 19.32 201 10 99 72762 3620 35838 17.3 21.0 17.73 0.06
326700.0 310 21.42 0.16 122552 7856.22 0.36 14737 1131.25 0.19 5366765 976610.44 19.32 310 52.57 0.19 121642 30543.87 19.32 201 10 99 72963 3630 35937 17.3 21.0 17.74 0.06
327600.0 310 21.42 0.16 122862 7877.64 0.36 14739 1131.45 0.19 5381504 977741.89 19.32 310 52.58 0.19 121952 30596.45 19.32 201 10 99 73164 3640 36036 17.2 21.0 17.75 0.06
328500.0 376 21.56 0.16 123238 7899.2 0.36 14797 1131.25 0.19 5396301 978873.14 19.32 370 52.57 0.19 122322 30649.02 19.32 201 10 99 73365 3650 36135 17.2 21.0 17.75 0.06
329400.0 354 22.2 0.36 123592 7921.4 0.36 14764 1129.7 0.19 5411065 980002.84 19.32 350 52.58 0.19 122672 30701.6 19.32 201 10 99 73566 3660 36234 17.2 21.0 17.75 0.06
330300.0 310 21.42 0.16 123902 7942.82 0.36 14726 1129.49 0.19 5425791 981132.33 19.32 310 52.57 0.19 122982 30754.17 19.32 201 10 99 73767 3670 36333 17.2 21.0 17.76 0.06
331200.0 310 21.42 0.16 124212 7964.24 0.36 14733 1130.49 0.19 5440524 982262.82 19.32 310 52.58 0.19 123292 30806.75 19.32 201 10 99 73968 3680 36432 17.2 21.0 17.76 0.06
332100.0 376 21.56 0.16 124588 7985.8 0.36 14790 1130.13 0.19 5455314 983392.96 19.32 370 52.57 0.19 123662 30859.32 19.32 201 10 99 74169 3690 36531 17.2 21.0 17.76 0.06
333000.0 354 22.2 0.36 124942 8008.0 0.36 14749 1126.66 0.19 5470063 984519.61 19.32 350 52.55 0.19 124012 30911.87 19.32 201 10 99 74370 3700 36630 17.2 21.0 17.76 0.06
333900.0 310 21.42 0.16 125252 8029.42 0.36 14695 1124.85 0.19 5484758 985644.47 19.32 310 52.54 0.19 124322 30964.41 19.32 201 10 99 74571 3710 36729 17.2 21.0 17.77 0.06
334800.0 310 21.42 0.16 125562 8050.83 0.36 14702 1125.85 0.19 5499460 986770.32 19.32 310 52.55 0.19 124632 31016.95 19.32 201 10 99 74772 3720 36828 17.2 21.0 17.78 0.07
335700.0 376 21.56 0.16 125938 8072.4 0.36 14746 1123.9 0.19 5514206 987894.22 19.32 370 52.54 0.19 125002 31069.5 19.32 201 10 99 74973 3730 36927 17.2 21.0 17.78 0.07
336600.0 354 22.2 0.36 126292 8094.59 0.36 14717 1124.26 0.19 5528923 989018.47 19.32 350 52.58 0.19 125352 31122.08 19.32 201 10 99 75174 3740 37026 17.2 21.0 17.78 0.07
337500.0 310 21.42 0.16 126602 8116.01 0.36 14663 1121.97 0.19 5543586 990140.44 19.32 310 52.57 0.19 125662 31174.65 19.32 201 10 99 75375 3750 37125 17.2 21.0 17.78 0.07
338400.0 310 21.42 0.16 126912 8137.43 0.36 14679 1123.77 0.19 5558265 991264.22 19.32 310 52.58 0.19 125972 31227.22 19.32 201 10 99 75576 3760 37224 17.2 21.0 17.79 0.07
339300.0 376 21.56 0.16 127288 8159.0 0.36 14731 1122.77 0.19 5572996 992386.99 19.32 370 52.57 0.19 126342 31279.8 19.32 201 10 99 75777 3770 37323 17.2 21.0 17.79 0.07
340200.0 354 22.2 0.36 127642 8181.19 0.36 14695 1119.82 0.19 5587691 993506.81 19.32 350 52.54 0.19 126692 31332.34 19.32 201 10 99 75978 3780 37422 17.2 21.0 17.79 0.07
341100.0 310 21.42 0.16 127952 8202.61 0.36 14636 1117.55 0.19 5602327 994624.35 19.32 310 52.53 0.19 127002 31384.87 19.32 201 10 99 76179 3790 37521 17.2 21.0 17.8 0.07
342000.0 310 21.42 0.16 128262 8224.03 0.36 14638 1117.73 0.19 5616965 995742.09 19.32 310 52.54 0.19 127312 31437.41 19.32 201 10 99 76380 3800 37620 17.2 21.0 17.8 0.07
342900.0 376 21.56 0.16 128638 8245.59 0.36 14694 1117.23 0.19 5631659 996859.32 19.32 370 52.54 0.19 127682 31489.94 19.32 201 10 99 76581 3810 37719 17.2 21.0 17.8 0.07
343800.0 354 22.19 0.36 128992 8267.78 0.36 14661 1113.14 0.19 5646320 997972.46 19.32 350 52.49 0.19 128032 31542.43 19.32 201 10 99 76782 3820 37818 17.2 21.0 17.8 0.07
344700.0 310 21.42 0.16 129302 8289.2 0.36 14616 1112.63 0.19 5660936 999085.09 19.32 310 52.48 0.19 128342 31594.91 19.32 201 10 99 76983 3830 37917 17.2 21.0 17.8 0.07
345600.0 310 21.42 0.16 129612 8310.61 0.36 14612 1112.49 0.19 5675548 1000197.58 19.32 310 52.49 0.19 128652 31647.4 19.32 201 10 99 77184 3840 38016 17.2 21.0 17.8 0.08
