# seed = 4, gamma = 0.33, beta = 0.0, dee = 0.1, dcc = 5.0, dec = 300.0, dsCnd = 150.0, dLocalhost = 0.02, hostBroker = CLOUD 
#
# The columns have the following meaning: 
# instant[SECONDS] commCountUploadPartial delaySumUploadPartial[SECONDS] delayMaxUploadPartial[SECONDS] commCountUploadTot delaySumUploadTot[SECONDS] delayMaxUploadTot[SECONDS] commCountDownloadPartial delaySumDownloadPartial[SECONDS] delayMaxDownloadPartial[SECONDS] commCountDownloadTot delaySumDownloadTot[SECONDS] delayMaxDownloadTot[SECONDS] commCountDownloadMaxPartial delaySumDownloadMaxPartial[SECONDS] delayMaxDownloadMaxPartial[SECONDS] commCountDownloadMaxTot delaySumDownloadMaxTot[SECONDS] delayMaxDownloadMaxTot[SECONDS] runOnCloudPartial runOnEdgePartial runOnSmartphonePartial runOnCloudTot runOnEdgeTot runOnSmartphoneTot minTemp maxTemp avgTemp varianceTemp
0.0 0 0.0 0.0 0 0.0 0.0 0 0.0 0.0 0 0.0 0.0 0 0.0 0.0 0 0.0 0.0 0 0 0 0 0 0 17.0 25.0 21.0 0.0
900.0 376 1.75 0.02 376 1.75 0.02 15177 787.76 0.45 15177 787.76 0.45 370 13.73 0.1 370 13.73 0.1 307 3 0 307 3 0 18.9 21.0 19.04 0.27
1800.0 356 2.46 0.36 732 4.21 0.36 15455 147843.92 19.46 30632 148631.68 19.46 352 3000.65 19.46 722 3014.38 19.46 307 3 0 614 6 0 18.7 21.0 18.9 0.01
2700.0 310 1.62 0.01 1042 5.83 0.36 15112 831.79 0.45 45744 149463.47 19.46 310 14.54 0.1 1032 3028.91 19.46 307 3 0 921 9 0 17.6 21.0 18.26 0.08
3600.0 310 1.62 0.01 1352 7.45 0.36 15112 831.71 0.45 60856 150295.17 19.46 310 14.53 0.1 1342 3043.44 19.46 307 3 0 1228 12 0 17.6 21.0 18.24 0.07
4500.0 376 1.76 0.02 1728 9.2 0.36 15171 831.36 0.45 76027 151126.53 19.46 370 14.55 0.1 1712 3057.99 19.46 307 3 0 1535 15 0 17.6 21.0 18.24 0.07
5400.0 356 2.46 0.36 2084 11.66 0.36 15473 6875.91 19.5 91500 158002.44 19.5 352 34.07 19.5 2064 3092.06 19.5 307 3 0 1842 18 0 17.6 21.0 18.24 0.07
6300.0 310 1.62 0.01 2394 13.28 0.36 15140 838.03 0.45 106640 158840.46 19.5 310 14.68 0.1 2374 3106.74 19.5 307 3 0 2149 21 0 17.6 21.0 18.25 0.07
7200.0 310 1.62 0.01 2704 14.89 0.36 15137 836.57 0.45 121777 159677.03 19.5 310 14.67 0.1 2684 3121.42 19.5 307 3 0 2456 24 0 17.6 21.0 18.26 0.06
8100.0 376 1.76 0.02 3080 16.65 0.36 15194 836.05 0.45 136971 160513.08 19.5 370 14.86 0.1 3054 3136.28 19.5 307 3 0 2763 27 0 17.6 21.0 18.26 0.06
9000.0 356 2.46 0.36 3436 19.11 0.36 15491 6877.56 19.52 152462 167390.64 19.52 352 34.04 19.52 3406 3170.31 19.52 307 3 0 3070 30 0 17.6 21.0 18.25 0.06
9900.0 310 1.62 0.01 3746 20.73 0.36 15155 832.02 0.45 167617 168222.66 19.52 310 14.59 0.1 3716 3184.91 19.52 307 3 0 3377 33 0 17.6 21.0 18.22 0.06
10800.0 310 1.62 0.01 4056 22.34 0.36 15160 834.14 0.45 182777 169056.8 19.52 310 14.58 0.1 4026 3199.49 19.52 307 3 0 3684 36 0 17.6 21.0 18.16 0.07
11700.0 376 1.76 0.02 4432 24.1 0.36 15219 834.54 0.45 197996 169891.35 19.52 370 14.77 0.1 4396 3214.26 19.52 307 3 0 3991 39 0 17.6 21.0 18.16 0.07
12600.0 354 2.39 0.36 4786 26.5 0.36 15174 826.98 0.45 213170 170718.32 19.52 350 14.71 0.1 4746 3228.97 19.52 307 3 0 4298 42 0 17.6 21.0 18.16 0.07
13500.0 310 1.62 0.01 5096 28.11 0.36 15101 812.24 0.45 228271 171530.56 19.52 310 14.69 0.1 5056 3243.65 19.52 307 3 0 4605 45 0 17.6 21.0 18.15 0.07
14400.0 310 1.62 0.01 5406 29.73 0.36 15105 813.9 0.45 243376 172344.46 19.52 310 14.68 0.1 5366 3258.33 19.52 307 3 0 4912 48 0 17.6 21.0 18.14 0.07
15300.0 376 1.76 0.02 5782 31.49 0.36 15165 814.76 0.45 258541 173159.21 19.52 370 14.86 0.1 5736 3273.19 19.52 307 3 0 5219 51 0 17.6 21.0 18.14 0.07
16200.0 354 2.39 0.36 6136 33.88 0.36 15135 806.45 0.45 273676 173965.66 19.52 350 14.65 0.1 6086 3287.84 19.52 307 3 0 5526 54 0 17.6 21.0 18.14 0.07
17100.0 310 1.62 0.01 6446 35.49 0.36 15098 803.73 0.45 288774 174769.39 19.52 310 14.54 0.1 6396 3302.38 19.52 307 3 0 5833 57 0 17.6 21.0 18.12 0.06
18000.0 310 1.62 0.01 6756 37.11 0.36 15099 804.04 0.45 303873 175573.42 19.52 310 14.53 0.1 6706 3316.91 19.52 307 3 0 6140 60 0 17.6 21.0 18.11 0.07
18900.0 376 1.76 0.02 7132 38.87 0.36 15158 804.44 0.45 319031 176377.87 19.52 370 14.71 0.1 7076 3331.62 19.52 307 3 0 6447 63 0 17.6 21.0 18.11 0.07
19800.0 354 2.39 0.36 7486 41.26 0.36 15131 804.7 0.45 334162 177182.56 19.52 350 14.65 0.1 7426 3346.27 19.52 307 3 0 6754 66 0 17.6 21.0 18.11 0.07
20700.0 310 1.62 0.01 7796 42.88 0.36 15102 809.76 0.45 349264 177992.32 19.52 310 14.63 0.1 7736 3360.89 19.52 307 3 0 7061 69 0 17.6 21.0 18.09 0.06
21600.0 310 1.62 0.01 8106 44.49 0.36 15101 809.17 0.45 364365 178801.49 19.52 310 14.62 0.1 8046 3375.51 19.52 307 3 0 7368 72 0 17.6 21.0 18.08 0.06
22500.0 376 1.76 0.02 8482 46.25 0.36 15160 809.58 0.45 379525 179611.07 19.52 370 14.8 0.1 8416 3390.31 19.52 307 3 0 7675 75 0 17.6 21.0 18.08 0.06
23400.0 354 2.39 0.36 8836 48.64 0.36 15127 806.78 0.45 394652 180417.85 19.52 350 14.73 0.1 8766 3405.04 19.52 307 3 0 7982 78 0 17.6 21.0 18.08 0.06
24300.0 310 1.62 0.01 9146 50.26 0.36 15084 809.71 0.45 409736 181227.56 19.52 310 14.79 0.1 9076 3419.83 19.52 307 3 0 8289 81 0 17.6 21.0 18.07 0.06
25200.0 310 1.62 0.01 9456 51.88 0.36 15095 814.52 0.45 424831 182042.09 19.52 310 14.78 0.1 9386 3434.61 19.52 307 3 0 8596 84 0 17.5 21.0 18.05 0.06
26100.0 376 1.76 0.02 9832 53.63 0.36 15155 815.38 0.45 439986 182857.47 19.52 370 14.97 0.1 9756 3449.58 19.52 307 3 0 8903 87 0 17.5 21.0 18.05 0.06
27000.0 354 2.39 0.36 10186 56.03 0.36 15127 810.96 0.45 455113 183668.43 19.52 350 14.81 0.1 10106 3464.4 19.52 307 3 0 9210 90 0 17.5 21.0 18.04 0.06
27900.0 310 1.62 0.01 10496 57.64 0.36 15088 807.08 0.45 470201 184475.51 19.52 310 14.7 0.1 10416 3479.1 19.52 307 3 0 9517 93 0 17.5 21.0 18.02 0.06
28800.0 310 1.62 0.01 10806 59.26 0.36 15096 810.55 0.45 485297 185286.06 19.52 310 14.69 0.1 10726 3493.79 19.52 307 3 0 9824 96 0 17.5 21.0 18.01 0.06
29700.0 376 1.76 0.02 11182 61.02 0.36 15154 810.5 0.45 500451 186096.56 19.52 370 14.88 0.1 11096 3508.67 19.52 307 3 0 10131 99 0 17.5 21.0 18.01 0.06
30600.0 354 2.39 0.36 11536 63.41 0.36 15117 802.03 0.45 515568 186898.6 19.52 350 14.72 0.1 11446 3523.39 19.52 307 3 0 10438 102 0 17.5 21.0 18.01 0.06
31500.0 310 1.62 0.01 11846 65.03 0.36 15084 809.71 0.45 530652 187708.31 19.52 310 14.79 0.1 11756 3538.18 19.52 307 3 0 10745 105 0 17.5 21.0 17.98 0.06
32400.0 310 1.62 0.01 12156 66.64 0.36 15090 812.27 0.45 545742 188520.58 19.52 310 14.78 0.1 12066 3552.96 19.52 307 3 0 11052 108 0 17.4 21.0 17.97 0.06
33300.0 376 1.76 0.02 12532 68.4 0.36 15149 812.69 0.45 560891 189333.27 19.52 370 14.97 0.1 12436 3567.93 19.52 307 3 0 11359 111 0 17.4 21.0 17.97 0.06
34200.0 354 2.39 0.36 12886 70.79 0.36 15111 803.76 0.45 576002 190137.03 19.52 350 14.81 0.1 12786 3582.75 19.52 307 3 0 11666 114 0 17.4 21.0 17.96 0.06
35100.0 310 1.62 0.01 13196 72.41 0.36 15078 807.01 0.45 591080 190944.04 19.52 310 14.79 0.1 13096 3597.54 19.52 307 3 0 11973 117 0 17.4 21.0 17.95 0.06
36000.0 310 1.62 0.01 13506 74.03 0.36 15094 814.07 0.45 606174 191758.12 19.52 310 14.78 0.1 13406 3612.32 19.52 307 3 0 12280 120 0 17.4 21.0 17.92 0.06
36900.0 376 1.76 0.02 13882 75.79 0.36 15154 814.93 0.45 621328 192573.05 19.52 370 14.97 0.1 13776 3627.29 19.52 307 3 0 12587 123 0 17.4 21.0 17.92 0.06
37800.0 354 2.39 0.36 14236 78.18 0.36 15117 796.96 0.45 636445 193370.01 19.52 350 14.62 0.1 14126 3641.91 19.52 307 3 0 12894 126 0 17.4 21.0 17.92 0.06
38700.0 310 1.62 0.01 14546 79.79 0.36 15077 797.06 0.45 651522 194167.07 19.52 310 14.6 0.1 14436 3656.5 19.52 307 3 0 13201 129 0 17.4 21.0 17.9 0.07
39600.0 310 1.62 0.01 14856 81.41 0.36 15087 801.42 0.45 666609 194968.49 19.52 310 14.59 0.1 14746 3671.09 19.52 307 3 0 13508 132 0 17.3 21.0 17.89 0.07
40500.0 376 1.76 0.02 15232 83.17 0.36 15144 800.93 0.45 681753 195769.43 19.52 370 14.77 0.1 15116 3685.86 19.52 307 3 0 13815 135 0 17.3 21.0 17.89 0.07
41400.0 354 2.39 0.36 15586 85.56 0.36 15111 803.76 0.45 696864 196573.18 19.52 350 14.81 0.1 15466 3700.68 19.52 307 3 0 14122 138 0 17.3 21.0 17.89 0.07
42300.0 310 1.62 0.01 15896 87.18 0.36 15086 806.45 0.45 711950 197379.63 19.52 310 14.71 0.1 15776 3715.38 19.52 307 3 0 14429 141 0 17.3 21.0 17.86 0.07
43200.0 310 1.62 0.01 16206 88.79 0.36 15089 807.65 0.45 727039 198187.28 19.52 310 14.7 0.1 16086 3730.08 19.52 307 3 0 14736 144 0 17.2 21.0 17.85 0.08
44100.0 376 1.76 0.02 16582 90.55 0.36 15146 807.16 0.45 742185 198994.44 19.52 370 14.88 0.1 16456 3744.96 19.52 307 3 0 15043 147 0 17.2 21.0 17.85 0.08
45000.0 354 2.39 0.36 16936 92.94 0.36 15101 795.08 0.45 757286 199789.52 19.52 350 14.73 0.1 16806 3759.69 19.52 307 3 0 15350 150 0 17.2 21.0 17.85 0.08
45900.0 310 1.62 0.01 17246 94.56 0.36 15073 800.35 0.45 772359 200589.87 19.52 310 14.7 0.1 17116 3774.39 19.52 307 3 0 15657 153 0 17.2 21.0 17.82 0.09
46800.0 310 1.62 0.01 17556 96.18 0.36 15082 804.27 0.45 787441 201394.14 19.52 310 14.69 0.1 17426 3789.08 19.52 307 3 0 15964 156 0 17.2 21.0 17.81 0.09
47700.0 376 1.76 0.02 17932 97.93 0.36 15141 804.67 0.45 802582 202198.8 19.52 370 14.88 0.1 17796 3803.96 19.52 307 3 0 16271 159 0 17.2 21.0 17.81 0.09
48600.0 354 2.39 0.36 18286 100.33 0.36 15098 793.5 0.45 817680 202992.3 19.52 350 14.72 0.1 18146 3818.68 19.52 307 3 0 16578 162 0 17.2 21.0 17.81 0.09
49500.0 310 1.62 0.01 18596 101.94 0.36 15076 806.11 0.45 832756 203798.41 19.52 310 14.79 0.1 18456 3833.47 19.52 307 3 0 16885 165 0 17.2 21.0 17.78 0.1
50400.0 310 1.62 0.01 18906 103.56 0.36 15096 814.97 0.45 847852 204613.39 19.52 310 14.78 0.1 18766 3848.26 19.52 307 3 0 17192 168 0 17.1 21.0 17.76 0.1
51300.0 376 1.76 0.02 19282 105.32 0.36 15155 815.38 0.45 863007 205428.77 19.52 370 14.97 0.1 19136 3863.23 19.52 307 3 0 17499 171 0 17.1 21.0 17.76 0.1
52200.0 354 2.39 0.36 19636 107.71 0.36 15109 802.86 0.45 878116 206231.63 19.52 350 14.81 0.1 19486 3878.04 19.52 307 3 0 17806 174 0 17.1 21.0 17.76 0.1
53100.0 310 1.62 0.01 19946 109.33 0.36 15060 798.91 0.45 893176 207030.54 19.52 310 14.79 0.1 19796 3892.83 19.52 307 3 0 18113 177 0 17.1 21.0 17.75 0.11
54000.0 310 1.62 0.01 20256 110.94 0.36 15065 801.02 0.45 908241 207831.56 19.52 310 14.78 0.1 20106 3907.62 19.52 307 3 0 18420 180 0 17.1 21.0 17.74 0.11
54900.0 376 1.76 0.02 20632 112.7 0.36 15123 800.98 0.45 923364 208632.55 19.52 370 14.97 0.1 20476 3922.59 19.52 307 3 0 18727 183 0 17.1 21.0 17.74 0.11
55800.0 354 2.39 0.36 20986 115.1 0.36 15094 796.11 0.45 938458 209428.66 19.52 350 14.81 0.1 20826 3937.4 19.52 307 3 0 19034 186 0 17.1 21.0 17.74 0.11
56700.0 310 1.62 0.01 21296 116.71 0.36 15070 803.41 0.45 953528 210232.07 19.52 310 14.79 0.1 21136 3952.19 19.52 307 3 0 19341 189 0 17.1 21.0 17.72 0.12
57600.0 310 1.62 0.01 21606 118.33 0.36 15077 806.42 0.45 968605 211038.49 19.52 310 14.78 0.1 21446 3966.97 19.52 307 3 0 19648 192 0 17.1 21.0 17.7 0.12
58500.0 376 1.76 0.02 21982 120.09 0.36 15136 806.83 0.45 983741 211845.33 19.52 370 14.97 0.1 21816 3981.95 19.52 307 3 0 19955 195 0 17.1 21.0 17.7 0.12
59400.0 354 2.39 0.36 22336 122.48 0.36 15086 787.38 0.45 998827 212632.71 19.52 350 14.71 0.1 22166 3996.65 19.52 307 3 0 20262 198 0 17.1 21.0 17.7 0.12
60300.0 310 1.62 0.01 22646 124.1 0.36 15058 792.89 0.45 1013885 213425.59 19.52 310 14.69 0.1 22476 4011.34 19.52 307 3 0 20569 201 0 17.0 21.0 17.68 0.13
61200.0 310 1.62 0.01 22956 125.71 0.36 15072 799.05 0.45 1028957 214224.64 19.52 310 14.68 0.1 22786 4026.01 19.52 307 3 0 20876 204 0 17.0 21.0 17.67 0.13
62100.0 376 1.76 0.02 23332 127.47 0.36 15129 798.56 0.45 1044086 215023.2 19.52 370 14.86 0.1 23156 4040.88 19.52 307 3 0 21183 207 0 17.0 21.0 17.67 0.13
63000.0 354 2.39 0.36 23686 129.86 0.36 15090 782.23 0.45 1059176 215805.43 19.52 350 14.56 0.1 23506 4055.44 19.52 307 3 0 21490 210 0 17.0 21.0 17.67 0.13
63900.0 310 1.62 0.01 23996 131.48 0.36 15061 783.19 0.45 1074237 216588.62 19.52 310 14.46 0.1 23816 4069.9 19.52 307 3 0 21797 213 0 17.0 21.0 17.66 0.14
64800.0 310 1.62 0.01 24306 133.09 0.36 15066 785.31 0.45 1089303 217373.93 19.52 310 14.45 0.1 24126 4084.35 19.52 307 3 0 22104 216 0 17.0 21.0 17.65 0.14
65700.0 376 1.76 0.02 24682 134.85 0.36 15124 784.56 0.45 1104427 218158.49 19.52 370 14.48 0.1 24496 4098.82 19.52 307 3 0 22411 219 0 17.0 21.0 17.65 0.14
66600.0 354 2.39 0.36 25036 137.24 0.36 15082 774.28 0.45 1119509 218932.77 19.52 350 14.47 0.1 24846 4113.3 19.52 307 3 0 22718 222 0 17.0 21.0 17.65 0.14
67500.0 310 1.62 0.01 25346 138.86 0.36 15038 768.16 0.45 1134547 219700.93 19.52 310 14.36 0.1 25156 4127.66 19.52 307 3 0 23025 225 0 17.0 21.0 17.64 0.15
68400.0 310 1.62 0.01 25656 140.47 0.36 15045 771.2 0.45 1149592 220472.12 19.52 310 14.35 0.1 25466 4142.01 19.52 307 3 0 23332 228 0 17.0 21.0 17.63 0.15
69300.0 376 1.76 0.02 26032 142.23 0.36 15105 772.02 0.45 1164697 221244.14 19.52 370 14.53 0.1 25836 4156.54 19.52 307 3 0 23639 231 0 17.0 21.0 17.63 0.15
70200.0 354 2.39 0.36 26386 144.62 0.36 15077 771.77 0.45 1179774 222015.91 19.52 350 14.47 0.1 26186 4171.01 19.52 307 3 0 23946 234 0 17.0 21.0 17.63 0.15
71100.0 310 1.62 0.01 26696 146.24 0.36 15046 776.15 0.45 1194820 222792.06 19.52 310 14.45 0.1 26496 4185.46 19.52 307 3 0 24253 237 0 17.0 21.0 17.63 0.15
72000.0 310 1.62 0.01 27006 147.85 0.36 15050 777.82 0.45 1209870 223569.88 19.52 310 14.44 0.1 26806 4199.91 19.52 307 3 0 24560 240 0 17.0 21.0 17.62 0.16
72900.0 376 1.76 0.02 27382 149.61 0.36 15107 776.62 0.45 1224977 224346.49 19.52 370 14.47 0.1 27176 4214.37 19.52 307 3 0 24867 243 0 17.0 21.0 17.62 0.16
73800.0 354 2.39 0.36 27736 152.0 0.36 15075 771.1 0.45 1240052 225117.59 19.52 350 14.47 0.1 27526 4228.85 19.52 307 3 0 25174 246 0 17.0 21.0 17.62 0.16
74700.0 310 1.62 0.01 28046 153.62 0.36 15038 776.72 0.45 1255090 225894.31 19.52 310 14.54 0.1 27836 4243.39 19.52 307 3 0 25481 249 0 17.0 21.0 17.61 0.16
75600.0 310 1.62 0.01 28356 155.23 0.36 15035 775.24 0.45 1270125 226669.56 19.52 310 14.53 0.1 28146 4257.91 19.52 307 3 0 25788 252 0 17.0 21.0 17.6 0.16
76500.0 376 1.76 0.02 28732 156.99 0.36 15095 776.09 0.45 1285220 227445.65 19.52 370 14.71 0.1 28516 4272.63 19.52 307 3 0 26095 255 0 17.0 21.0 17.6 0.16
77400.0 354 2.39 0.36 29086 159.38 0.36 15064 766.45 0.45 1300284 228212.09 19.52 350 14.48 0.1 28866 4287.11 19.52 307 3 0 26402 258 0 17.0 21.0 17.6 0.16
78300.0 310 1.62 0.01 29396 161.0 0.36 15025 766.99 0.45 1315309 228979.08 19.52 310 14.46 0.1 29176 4301.56 19.52 307 3 0 26709 261 0 17.0 21.0 17.6 0.16
79200.0 310 1.62 0.01 29706 162.61 0.36 15031 769.56 0.45 1330340 229748.64 19.52 310 14.45 0.1 29486 4316.01 19.52 307 3 0 27016 264 0 17.0 21.0 17.6 0.16
80100.0 376 1.76 0.02 30082 164.37 0.36 15091 769.71 0.45 1345431 230518.35 19.52 370 14.48 0.1 29856 4330.49 19.52 307 3 0 27323 267 0 17.0 21.0 17.6 0.16
81000.0 354 2.39 0.36 30436 166.76 0.36 15058 767.49 0.45 1360489 231285.83 19.52 350 14.55 0.1 30206 4345.04 19.52 307 3 0 27630 270 0 17.0 21.0 17.6 0.16
81900.0 310 1.62 0.01 30746 168.38 0.36 15019 772.13 0.45 1375508 232057.96 19.52 310 14.62 0.1 30516 4359.66 19.52 307 3 0 27937 273 0 17.0 21.0 17.59 0.15
82800.0 310 1.62 0.01 31056 169.99 0.36 15019 772.0 0.45 1390527 232829.96 19.52 310 14.61 0.1 30826 4374.27 19.52 307 3 0 28244 276 0 17.0 21.0 17.59 0.15
83700.0 376 1.76 0.02 31432 171.75 0.36 15075 771.05 0.45 1405602 233601.01 19.52 370 14.8 0.1 31196 4389.06 19.52 307 3 0 28551 279 0 17.0 21.0 17.59 0.15
84600.0 354 2.39 0.36 31786 174.14 0.36 15051 768.43 0.45 1420653 234369.44 19.52 350 14.64 0.1 31546 4403.7 19.52 307 3 0 28858 282 0 17.0 21.0 17.59 0.15
85500.0 310 1.62 0.01 32096 175.76 0.36 15016 766.37 0.45 1435669 235135.81 19.52 310 14.53 0.1 31856 4418.23 19.52 307 3 0 29165 285 0 17.0 21.0 17.6 0.14
86400.0 310 1.62 0.01 32406 177.37 0.36 15014 765.34 0.45 1450683 235901.15 19.52 310 14.52 0.1 32166 4432.75 19.52 307 3 0 29472 288 0 17.0 21.0 17.6 0.14
87300.0 376 1.76 0.02 32782 179.13 0.36 15074 766.18 0.45 1465757 236667.33 19.52 370 14.7 0.1 32536 4447.46 19.52 307 3 0 29779 291 0 17.0 21.0 17.6 0.14
88200.0 354 2.39 0.36 33136 181.53 0.36 15048 771.0 0.45 1480805 237438.33 19.52 350 14.72 0.1 32886 4462.18 19.52 307 3 0 30086 294 0 17.0 21.0 17.6 0.14
89100.0 310 1.62 0.01 33446 183.14 0.36 15064 800.71 0.45 1495869 238239.04 19.52 310 14.79 0.1 33196 4476.97 19.52 307 3 0 30393 297 0 17.1 21.0 17.62 0.11
90000.0 310 1.62 0.01 33756 184.76 0.36 15098 815.87 0.45 1510967 239054.91 19.52 310 14.78 0.1 33506 4491.75 19.52 307 3 0 30700 300 0 17.1 21.0 17.7 0.08
90900.0 376 1.76 0.02 34132 186.52 0.36 15155 815.38 0.45 1526122 239870.29 19.52 370 14.97 0.1 33876 4506.72 19.52 307 3 0 31007 303 0 17.1 21.0 17.7 0.08
91800.0 354 2.39 0.36 34486 188.91 0.36 15125 797.04 0.45 1541247 240667.33 19.52 350 14.54 0.1 34226 4521.27 19.52 307 3 0 31314 306 0 17.1 21.4 17.77 0.23
92700.0 310 1.62 0.01 34796 190.52 0.36 15141 813.48 0.45 1556388 241480.81 19.52 310 14.34 0.1 34536 4535.61 19.52 307 3 0 31621 309 0 17.1 23.8 19.29 2.36
93600.0 310 1.62 0.01 35106 192.14 0.36 15144 814.72 0.45 1571532 242295.54 19.52 310 14.33 0.1 34846 4549.94 19.52 307 3 0 31928 312 0 17.1 23.8 20.55 4.71
94500.0 376 1.76 0.02 35482 193.9 0.36 15198 812.84 0.45 1586730 243108.38 19.52 370 14.51 0.1 35216 4564.45 19.52 307 3 0 32235 315 0 17.1 23.8 20.55 4.71
95400.0 354 2.39 0.36 35836 196.29 0.36 15173 809.8 0.45 1601903 243918.18 19.52 350 14.36 0.1 35566 4578.81 19.52 307 3 0 32542 318 0 17.1 23.8 20.57 4.69
96300.0 310 1.62 0.01 36146 197.9 0.36 15136 811.23 0.45 1617039 244729.41 19.52 310 14.34 0.1 35876 4593.15 19.52 307 3 0 32849 321 0 17.4 24.0 20.94 4.54
97200.0 310 1.62 0.01 36456 199.52 0.36 15130 808.42 0.45 1632169 245537.83 19.52 310 14.33 0.1 36186 4607.48 19.52 307 3 0 33156 324 0 17.4 24.0 21.06 4.69
98100.0 376 1.76 0.02 36832 201.27 0.36 15190 809.24 0.45 1647359 246347.07 19.52 370 14.51 0.1 36556 4621.99 19.52 307 3 0 33463 327 0 17.4 24.0 21.06 4.69
99000.0 354 2.39 0.36 37186 203.67 0.36 15169 799.0 0.45 1662528 247146.07 19.52 350 14.17 0.1 36906 4636.17 19.52 307 3 0 33770 330 0 17.4 24.0 21.09 4.6
99900.0 310 1.61 0.01 37496 205.28 0.36 15135 801.77 0.45 1677663 247947.84 19.52 310 14.15 0.1 37216 4650.32 19.52 307 3 0 34077 333 0 17.7 24.0 21.37 3.91
100800.0 310 1.61 0.01 37806 206.9 0.36 15135 801.66 0.45 1692798 248749.5 19.52 310 14.14 0.1 37526 4664.47 19.52 307 3 0 34384 336 0 17.7 24.0 21.42 3.89
101700.0 376 1.76 0.02 38182 208.65 0.36 15195 802.48 0.45 1707993 249551.98 19.52 370 14.33 0.1 37896 4678.79 19.52 307 3 0 34691 339 0 17.8 24.0 21.42 3.89
102600.0 354 2.39 0.36 38536 211.04 0.36 15169 798.71 0.45 1723162 250350.69 19.52 350 14.17 0.1 38246 4692.96 19.52 307 3 0 34998 342 0 17.8 24.0 21.44 3.83
103500.0 310 1.61 0.01 38846 212.66 0.36 15132 800.13 0.45 1738294 251150.82 19.52 310 14.15 0.1 38556 4707.11 19.52 307 3 0 35305 345 0 18.2 24.0 21.67 3.13
104400.0 310 1.61 0.01 39156 214.27 0.36 15130 799.13 0.45 1753424 251949.95 19.52 310 14.14 0.1 38866 4721.24 19.52 307 3 0 35612 348 0 18.2 24.0 21.73 3.12
105300.0 376 1.76 0.02 39532 216.03 0.36 15187 798.59 0.45 1768611 252748.55 19.52 370 14.32 0.1 39236 4735.56 19.52 307 3 0 35919 351 0 18.5 24.0 21.73 3.11
106200.0 354 2.39 0.36 39886 218.42 0.36 15164 788.84 0.45 1783775 253537.39 19.52 350 14.01 0.1 39586 4749.57 19.52 307 3 0 36226 354 0 18.5 24.0 21.73 3.09
107100.0 310 1.61 0.01 40196 220.04 0.36 15123 784.29 0.45 1798898 254321.68 19.52 310 13.9 0.1 39896 4763.48 19.52 307 3 0 36533 357 0 18.8 24.0 21.73 2.87
108000.0 310 1.61 0.01 40506 221.65 0.36 15122 783.73 0.45 1814020 255105.41 19.52 310 13.89 0.1 40206 4777.37 19.52 307 3 0 36840 360 0 18.8 24.0 21.74 2.86
108900.0 376 1.76 0.02 40882 223.4 0.36 15181 784.09 0.45 1829201 255889.5 19.52 370 14.07 0.1 40576 4791.44 19.52 307 3 0 37147 363 0 18.9 24.0 21.74 2.86
109800.0 354 2.39 0.36 41236 225.8 0.36 15160 782.85 0.45 1844361 256672.36 19.52 350 13.92 0.1 40926 4805.36 19.52 307 3 0 37454 366 0 18.9 24.0 21.73 2.86
110700.0 310 1.61 0.01 41546 227.41 0.36 15119 782.49 0.45 1859480 257454.85 19.52 310 13.9 0.1 41236 4819.26 19.52 307 3 0 37761 369 0 18.9 24.0 21.63 2.79
111600.0 310 1.61 0.01 41856 229.02 0.36 15114 780.13 0.45 1874594 258234.98 19.52 310 13.89 0.1 41546 4833.16 19.52 307 3 0 38068 372 0 18.9 23.9 21.56 2.66
112500.0 376 1.76 0.02 42232 230.78 0.36 15173 780.49 0.45 1889767 259015.47 19.52 370 14.07 0.1 41916 4847.23 19.52 307 3 0 38375 375 0 18.9 23.9 21.56 2.66
113400.0 354 2.39 0.36 42586 233.17 0.36 15152 779.26 0.45 1904919 259794.74 19.52 350 13.92 0.1 42266 4861.15 19.52 307 3 0 38682 378 0 18.9 23.9 21.65 2.53
114300.0 310 1.61 0.01 42896 234.78 0.36 15114 780.24 0.45 1920033 260574.97 19.52 310 13.9 0.1 42576 4875.06 19.52 307 3 0 38989 381 0 18.9 24.0 23.33 0.17
115200.0 310 1.61 0.01 43206 236.4 0.36 15114 780.13 0.45 1935147 261355.1 19.52 310 13.89 0.1 42886 4888.95 19.52 307 3 0 39296 384 0 18.9 24.0 23.49 0.12
116100.0 376 1.76 0.02 43582 238.15 0.36 15174 780.94 0.45 1950321 262136.05 19.52 370 14.07 0.1 43256 4903.02 19.52 307 3 0 39603 387 0 21.0 24.0 23.5 0.05
117000.0 354 2.39 0.36 43936 240.54 0.36 15153 779.71 0.45 1965474 262915.76 19.52 350 13.92 0.1 43606 4916.95 19.52 307 3 0 39910 390 0 21.0 24.0 23.5 0.05
117900.0 310 1.61 0.01 44246 242.16 0.36 15113 779.79 0.45 1980587 263695.55 19.52 310 13.9 0.1 43916 4930.85 19.52 307 3 0 40217 393 0 21.0 24.0 23.56 0.04
118800.0 310 1.61 0.01 44556 243.77 0.36 15113 779.68 0.45 1995700 264475.23 19.52 310 13.89 0.1 44226 4944.75 19.52 307 3 0 40524 396 0 21.0 24.0 23.59 0.04
119700.0 376 1.76 0.02 44932 245.53 0.36 15171 779.59 0.45 2010871 265254.82 19.52 370 14.07 0.1 44596 4958.82 19.52 307 3 0 40831 399 0 21.0 24.0 23.59 0.04
120600.0 354 2.39 0.36 45286 247.92 0.36 15151 778.8 0.45 2026022 266033.63 19.52 350 13.92 0.1 44946 4972.73 19.52 307 3 0 41138 402 0 21.0 24.0 23.59 0.04
121500.0 310 1.61 0.01 45596 249.53 0.36 15110 778.44 0.45 2041132 266812.06 19.52 310 13.9 0.1 45256 4986.64 19.52 307 3 0 41445 405 0 21.0 24.0 23.63 0.03
122400.0 310 1.61 0.01 45906 251.15 0.36 15103 775.18 0.45 2056235 267587.25 19.52 310 13.89 0.1 45566 5000.53 19.52 307 3 0 41752 408 0 21.0 24.0 23.65 0.03
123300.0 376 1.76 0.02 46282 252.9 0.36 15163 775.99 0.45 2071398 268363.24 19.52 370 14.07 0.1 45936 5014.6 19.52 307 3 0 42059 411 0 21.0 24.0 23.66 0.03
124200.0 354 2.39 0.36 46636 255.29 0.36 15143 775.21 0.45 2086541 269138.45 19.52 350 13.92 0.1 46286 5028.53 19.52 307 3 0 42366 414 0 21.0 24.0 23.66 0.03
125100.0 310 1.61 0.01 46946 256.91 0.36 15100 773.94 0.45 2101641 269912.39 19.52 310 13.9 0.1 46596 5042.43 19.52 307 3 0 42673 417 0 21.0 24.0 23.69 0.03
126000.0 310 1.61 0.01 47256 258.52 0.36 15099 773.38 0.45 2116740 270685.77 19.52 310 13.89 0.1 46906 5056.32 19.52 307 3 0 42980 420 0 21.0 24.0 23.71 0.03
126900.0 376 1.76 0.02 47632 260.28 0.36 15155 772.39 0.45 2131895 271458.17 19.52 370 14.07 0.1 47276 5070.4 19.52 307 3 0 43287 423 0 21.0 24.0 23.71 0.03
127800.0 354 2.39 0.36 47986 262.67 0.36 15133 770.7 0.45 2147028 272228.87 19.52 350 13.92 0.1 47626 5084.31 19.52 307 3 0 43594 426 0 21.0 24.0 23.71 0.03
128700.0 310 1.61 0.01 48296 264.28 0.36 15093 770.79 0.45 2162121 272999.66 19.52 310 13.9 0.1 47936 5098.22 19.52 307 3 0 43901 429 0 21.0 24.0 23.74 0.03
129600.0 310 1.61 0.01 48606 265.9 0.36 15093 770.68 0.45 2177214 273770.34 19.52 310 13.89 0.1 48246 5112.11 19.52 307 3 0 44208 432 0 21.0 24.0 23.76 0.03
130500.0 376 1.76 0.02 48982 267.65 0.36 15153 771.49 0.45 2192367 274541.84 19.52 370 14.07 0.1 48616 5126.18 19.52 307 3 0 44515 435 0 21.0 24.0 23.76 0.03
131400.0 354 2.39 0.36 49336 270.04 0.36 15132 770.26 0.45 2207499 275312.1 19.52 350 13.92 0.1 48966 5140.11 19.52 307 3 0 44822 438 0 21.0 24.0 23.76 0.03
132300.0 310 1.61 0.01 49646 271.66 0.36 15091 769.89 0.45 2222590 276081.98 19.52 310 13.9 0.1 49276 5154.01 19.52 307 3 0 45129 441 0 21.0 24.0 23.78 0.03
133200.0 310 1.61 0.01 49956 273.27 0.36 15088 768.43 0.45 2237678 276850.42 19.52 310 13.89 0.1 49586 5167.9 19.52 307 3 0 45436 444 0 21.0 24.0 23.79 0.03
134100.0 376 1.76 0.02 50332 275.03 0.36 15147 768.79 0.45 2252825 277619.21 19.52 370 14.07 0.1 49956 5181.98 19.52 307 3 0 45743 447 0 21.0 24.0 23.79 0.03
135000.0 354 2.39 0.36 50686 277.42 0.36 15127 768.0 0.45 2267952 278387.22 19.52 350 13.92 0.1 50306 5195.89 19.52 307 3 0 46050 450 0 21.0 24.0 23.8 0.03
135900.0 310 1.61 0.01 50996 279.03 0.36 15084 766.74 0.45 2283036 279153.95 19.52 310 13.9 0.1 50616 5209.8 19.52 307 3 0 46357 453 0 21.0 24.0 23.82 0.03
136800.0 310 1.61 0.01 51306 280.65 0.36 15084 766.63 0.45 2298120 279920.58 19.52 310 13.89 0.1 50926 5223.69 19.52 307 3 0 46664 456 0 21.0 24.0 23.83 0.03
137700.0 376 1.76 0.02 51682 282.4 0.36 15143 766.99 0.45 2313263 280687.58 19.52 370 14.07 0.1 51296 5237.76 19.52 307 3 0 46971 459 0 21.0 24.0 23.83 0.03
138600.0 354 2.39 0.36 52036 284.79 0.36 15121 765.31 0.45 2328384 281452.89 19.52 350 13.92 0.1 51646 5251.69 19.52 307 3 0 47278 462 0 21.0 24.0 23.83 0.03
139500.0 310 1.61 0.01 52346 286.41 0.36 15081 765.39 0.45 2343465 282218.28 19.52 310 13.9 0.1 51956 5265.59 19.52 307 3 0 47585 465 0 21.0 24.0 23.84 0.03
140400.0 310 1.61 0.01 52656 288.02 0.36 15080 764.83 0.45 2358545 282983.11 19.52 310 13.89 0.1 52266 5279.48 19.52 307 3 0 47892 468 0 21.0 24.0 23.85 0.03
141300.0 376 1.76 0.02 53032 289.78 0.36 15137 764.29 0.45 2373682 283747.4 19.52 370 14.07 0.1 52636 5293.56 19.52 307 3 0 48199 471 0 21.0 24.0 23.85 0.03
142200.0 354 2.39 0.36 53386 292.17 0.36 15117 763.5 0.45 2388799 284510.91 19.52 350 13.92 0.1 52986 5307.47 19.52 307 3 0 48506 474 0 21.0 24.0 23.85 0.03
143100.0 310 1.61 0.01 53696 293.78 0.36 15077 763.59 0.45 2403876 285274.49 19.52 310 13.9 0.1 53296 5321.38 19.52 307 3 0 48813 477 0 21.0 24.0 23.87 0.03
144000.0 310 1.61 0.01 54006 295.39 0.36 15075 762.58 0.45 2418951 286037.08 19.52 310 13.89 0.1 53606 5335.27 19.52 307 3 0 49120 480 0 21.0 24.0 23.88 0.03
144900.0 376 1.76 0.02 54382 297.15 0.36 15135 763.39 0.45 2434086 286800.47 19.52 370 14.07 0.1 53976 5349.34 19.52 307 3 0 49427 483 0 21.0 24.0 23.88 0.03
145800.0 354 2.39 0.36 54736 299.54 0.36 15114 762.16 0.45 2449200 287562.64 19.52 350 13.92 0.1 54326 5363.27 19.52 307 3 0 49734 486 0 21.0 24.0 23.88 0.03
146700.0 310 1.61 0.01 55046 301.15 0.36 15067 759.09 0.45 2464267 288321.72 19.52 310 13.9 0.1 54636 5377.17 19.52 307 3 0 50041 489 0 21.0 24.0 23.88 0.03
147600.0 310 1.61 0.01 55356 302.77 0.36 15067 758.98 0.45 2479334 289080.7 19.52 310 13.89 0.1 54946 5391.06 19.52 307 3 0 50348 492 0 21.0 24.0 23.88 0.03
148500.0 376 1.76 0.02 55732 304.52 0.36 15125 758.89 0.45 2494459 289839.6 19.52 370 14.07 0.1 55316 5405.14 19.52 307 3 0 50655 495 0 21.0 24.0 23.88 0.03
149400.0 354 2.39 0.36 56086 306.91 0.36 15105 758.1 0.45 2509564 290597.7 19.52 350 13.92 0.1 55666 5419.05 19.52 307 3 0 50962 498 0 21.0 24.0 23.88 0.03
150300.0 310 1.61 0.01 56396 308.53 0.36 15065 758.19 0.45 2524629 291355.89 19.52 310 13.9 0.1 55976 5432.96 19.52 307 3 0 51269 501 0 21.0 24.0 23.88 0.03
151200.0 310 1.61 0.01 56706 310.14 0.36 15063 757.18 0.45 2539692 292113.07 19.52 310 13.89 0.1 56286 5446.85 19.52 307 3 0 51576 504 0 21.0 24.0 23.89 0.03
152100.0 376 1.76 0.02 57082 311.9 0.36 15120 756.64 0.45 2554812 292869.72 19.52 370 14.07 0.1 56656 5460.92 19.52 307 3 0 51883 507 0 21.0 24.0 23.89 0.03
153000.0 354 2.39 0.36 57436 314.29 0.36 15100 755.86 0.45 2569912 293625.58 19.52 350 13.92 0.1 57006 5474.85 19.52 307 3 0 52190 510 0 21.0 24.0 23.89 0.03
153900.0 310 1.61 0.01 57746 315.9 0.36 15059 755.49 0.45 2584971 294381.06 19.52 310 13.9 0.1 57316 5488.75 19.52 307 3 0 52497 513 0 21.0 24.0 23.88 0.04
154800.0 310 1.61 0.01 58056 317.52 0.36 15056 754.03 0.45 2600027 295135.1 19.52 310 13.89 0.1 57626 5502.64 19.52 307 3 0 52804 516 0 21.0 24.0 23.88 0.04
155700.0 376 1.76 0.02 58432 319.27 0.36 15116 754.84 0.45 2615143 295889.94 19.52 370 14.07 0.1 57996 5516.72 19.52 307 3 0 53111 519 0 21.0 24.0 23.88 0.04
156600.0 354 2.39 0.36 58786 321.66 0.36 15095 753.6 0.45 2630238 296643.55 19.52 350 13.92 0.1 58346 5530.63 19.52 307 3 0 53418 522 0 21.0 24.0 23.88 0.04
157500.0 310 1.61 0.01 59096 323.28 0.36 15053 752.79 0.45 2645291 297396.33 19.52 310 13.9 0.1 58656 5544.53 19.52 307 3 0 53725 525 0 21.0 24.0 23.88 0.04
158400.0 310 1.61 0.01 59406 324.89 0.36 15053 752.68 0.45 2660344 298149.02 19.52 310 13.89 0.1 58966 5558.43 19.52 307 3 0 54032 528 0 21.0 24.0 23.88 0.04
159300.0 376 1.76 0.02 59782 326.65 0.36 15111 752.59 0.45 2675455 298901.61 19.52 370 14.07 0.1 59336 5572.5 19.52 307 3 0 54339 531 0 21.0 24.0 23.88 0.04
160200.0 354 2.39 0.36 60136 329.04 0.36 15090 751.36 0.45 2690545 299652.97 19.52 350 13.92 0.1 59686 5586.43 19.52 307 3 0 54646 534 0 21.0 24.0 23.87 0.04
161100.0 310 1.61 0.01 60446 330.65 0.36 15050 751.44 0.45 2705595 300404.41 19.52 310 13.9 0.1 59996 5600.33 19.52 307 3 0 54953 537 0 21.0 24.0 23.85 0.04
162000.0 310 1.61 0.01 60756 332.27 0.36 15047 749.98 0.45 2720642 301154.39 19.52 310 13.89 0.1 60306 5614.22 19.52 307 3 0 55260 540 0 21.0 24.0 23.85 0.04
162900.0 376 1.75 0.02 61132 334.02 0.36 15105 749.2 0.45 2735747 301903.59 19.52 370 13.92 0.1 60676 5628.14 19.52 307 3 0 55567 543 0 21.0 24.0 23.85 0.04
163800.0 354 2.39 0.36 61486 336.41 0.36 15085 749.1 0.45 2750832 302652.7 19.52 350 13.92 0.1 61026 5642.06 19.52 307 3 0 55874 546 0 21.0 24.0 23.85 0.04
164700.0 310 1.61 0.01 61796 338.03 0.36 15045 749.19 0.45 2765877 303401.88 19.52 310 13.9 0.1 61336 5655.96 19.52 307 3 0 56181 549 0 21.0 24.0 23.83 0.05
165600.0 310 1.61 0.01 62106 339.64 0.36 15043 748.18 0.45 2780920 304150.07 19.52 310 13.89 0.1 61646 5669.86 19.52 307 3 0 56488 552 0 21.0 24.0 23.82 0.04
166500.0 376 1.76 0.02 62482 341.39 0.36 15103 748.99 0.45 2796023 304899.06 19.52 370 14.07 0.1 62016 5683.93 19.52 307 3 0 56795 555 0 21.0 24.0 23.82 0.04
167400.0 354 2.39 0.36 62836 343.79 0.36 15083 748.21 0.45 2811106 305647.27 19.52 350 13.92 0.1 62366 5697.85 19.52 307 3 0 57102 558 0 21.0 24.0 23.82 0.04
168300.0 310 1.61 0.01 63146 345.4 0.36 15037 745.59 0.45 2826143 306392.86 19.52 310 13.9 0.1 62676 5711.76 19.52 307 3 0 57409 561 0 21.0 24.0 23.8 0.05
169200.0 310 1.61 0.01 63456 347.01 0.36 15038 745.93 0.45 2841181 307138.79 19.52 310 13.89 0.1 62986 5725.65 19.52 307 3 0 57716 564 0 21.0 24.0 23.79 0.05
170100.0 376 1.75 0.02 63832 348.77 0.36 15098 746.05 0.45 2856279 307884.85 19.52 370 13.92 0.1 63356 5739.57 19.52 307 3 0 58023 567 0 21.0 24.0 23.79 0.05
171000.0 354 2.39 0.36 64186 351.16 0.36 15076 745.05 0.45 2871355 308629.9 19.52 350 13.92 0.1 63706 5753.49 19.52 307 3 0 58330 570 0 21.0 24.0 23.78 0.05
171900.0 310 1.61 0.01 64496 352.77 0.36 15033 743.79 0.45 2886388 309373.69 19.52 310 13.9 0.1 64016 5767.39 19.52 307 3 0 58637 573 0 21.0 24.0 23.75 0.05
172800.0 310 1.61 0.01 64806 354.39 0.36 15033 743.68 0.45 2901421 310117.37 19.52 310 13.89 0.1 64326 5781.28 19.52 307 3 0 58944 576 0 21.0 24.0 23.74 0.05
173700.0 376 1.76 0.02 65182 356.14 0.36 15089 742.69 0.45 2916510 310860.06 19.52 370 14.07 0.1 64696 5795.36 19.52 307 3 0 59251 579 0 21.0 24.0 23.74 0.05
174600.0 354 2.39 0.36 65536 358.53 0.36 15067 741.01 0.45 2931577 311601.08 19.52 350 13.92 0.1 65046 5809.28 19.52 307 3 0 59558 582 0 21.0 24.0 23.73 0.05
175500.0 310 1.61 0.01 65846 360.15 0.36 15027 741.09 0.45 2946604 312342.16 19.52 310 13.9 0.1 65356 5823.18 19.52 307 3 0 59865 585 0 21.0 23.9 23.7 0.05
176400.0 310 1.61 0.01 66156 361.76 0.36 15027 740.98 0.45 2961631 313083.15 19.52 310 13.89 0.1 65666 5837.08 19.52 307 3 0 60172 588 0 21.0 23.9 23.68 0.05
177300.0 376 1.76 0.02 66532 363.52 0.36 15087 741.79 0.45 2976718 313824.94 19.52 370 14.07 0.1 66036 5851.15 19.52 307 3 0 60479 591 0 21.0 23.9 23.68 0.05
178200.0 354 2.39 0.36 66886 365.91 0.36 15065 740.11 0.45 2991783 314565.05 19.52 350 13.92 0.1 66386 5865.08 19.52 307 3 0 60786 594 0 21.0 23.9 23.68 0.05
179100.0 310 1.61 0.01 67196 367.52 0.36 15018 737.04 0.45 3006801 315302.09 19.52 310 13.9 0.1 66696 5878.98 19.52 307 3 0 61093 597 0 21.0 23.9 23.61 0.05
180000.0 310 1.61 0.01 67506 369.14 0.36 15024 739.63 0.45 3021825 316041.72 19.52 310 13.89 0.1 67006 5892.87 19.52 307 3 0 61400 600 0 21.0 23.9 23.58 0.05
180900.0 376 1.76 0.02 67882 370.89 0.36 15083 739.99 0.45 3036908 316781.72 19.52 370 14.07 0.1 67376 5906.95 19.52 307 3 0 61707 603 0 21.0 23.9 23.58 0.05
181800.0 354 2.39 0.36 68236 373.28 0.36 15056 736.06 0.45 3051964 317517.78 19.52 350 13.92 0.1 67726 5920.87 19.52 307 3 0 62014 606 0 21.0 23.9 23.57 0.05
182700.0 310 1.61 0.01 68546 374.9 0.36 15013 734.79 0.45 3066977 318252.56 19.52 310 13.9 0.1 68036 5934.77 19.52 307 3 0 62321 609 0 21.0 23.8 23.5 0.05
183600.0 310 1.61 0.01 68856 376.51 0.36 15019 737.38 0.45 3081996 318989.95 19.52 310 13.89 0.1 68346 5948.67 19.52 307 3 0 62628 612 0 21.0 23.8 23.45 0.04
184500.0 376 1.76 0.02 69232 378.27 0.36 15072 735.04 0.45 3097068 319724.99 19.52 370 14.07 0.1 68716 5962.74 19.52 307 3 0 62935 615 0 21.0 23.8 23.45 0.04
185400.0 354 2.39 0.36 69586 380.66 0.36 15048 732.46 0.45 3112116 320457.46 19.52 350 13.92 0.1 69066 5976.66 19.52 307 3 0 63242 618 0 21.0 23.8 23.44 0.04
186300.0 310 1.61 0.01 69896 382.27 0.36 15010 733.44 0.45 3127126 321190.89 19.52 310 13.9 0.1 69376 5990.57 19.52 307 3 0 63549 621 0 21.0 23.7 23.32 0.05
187200.0 310 1.61 0.01 70206 383.89 0.36 15006 731.53 0.45 3142132 321922.42 19.52 310 13.89 0.1 69686 6004.46 19.52 307 3 0 63856 624 0 21.0 23.7 23.27 0.04
188100.0 376 1.76 0.02 70582 385.64 0.36 15065 731.89 0.45 3157197 322654.32 19.52 370 14.07 0.1 70056 6018.53 19.52 307 3 0 64163 627 0 21.0 23.7 23.27 0.04
189000.0 354 2.39 0.36 70936 388.03 0.36 15041 729.31 0.45 3172238 323383.63 19.52 350 13.92 0.1 70406 6032.46 19.52 307 3 0 64470 630 0 21.0 23.7 23.26 0.04
189900.0 310 1.61 0.01 71246 389.65 0.36 15001 729.39 0.45 3187239 324113.02 19.52 310 13.9 0.1 70716 6046.36 19.52 307 3 0 64777 633 0 21.0 23.5 23.1 0.05
190800.0 310 1.61 0.01 71556 391.26 0.36 15000 728.83 0.45 3202239 324841.85 19.52 310 13.89 0.1 71026 6060.26 19.52 307 3 0 65084 636 0 21.0 23.5 23.02 0.04
191700.0 376 1.76 0.02 71932 393.02 0.36 15056 727.84 0.45 3217295 325569.69 19.52 370 14.07 0.1 71396 6074.33 19.52 307 3 0 65391 639 0 21.0 23.5 23.02 0.04
192600.0 354 2.39 0.36 72286 395.41 0.36 15024 721.66 0.45 3232319 326291.36 19.52 350 13.92 0.1 71746 6088.25 19.52 307 3 0 65698 642 0 21.0 23.5 23.01 0.04
193500.0 310 1.61 0.01 72596 397.02 0.36 14989 723.99 0.45 3247308 327015.34 19.52 310 13.9 0.1 72056 6102.16 19.52 307 3 0 66005 645 0 21.0 23.3 22.83 0.04
194400.0 310 1.61 0.01 72906 398.63 0.36 14989 723.88 0.45 3262297 327739.23 19.52 310 13.89 0.1 72366 6116.05 19.52 307 3 0 66312 648 0 21.0 23.3 22.74 0.03
195300.0 376 1.76 0.02 73282 400.39 0.36 15043 721.99 0.45 3277340 328461.22 19.52 370 14.07 0.1 72736 6130.12 19.52 307 3 0 66619 651 0 21.0 23.3 22.74 0.03
196200.0 354 2.39 0.36 73636 402.78 0.36 15021 720.31 0.45 3292361 329181.53 19.52 350 13.92 0.1 73086 6144.05 19.52 307 3 0 66926 654 0 21.0 23.3 22.73 0.03
197100.0 310 1.61 0.01 73946 404.4 0.36 14979 719.49 0.45 3307340 329901.02 19.52 310 13.9 0.1 73396 6157.95 19.52 307 3 0 67233 657 0 21.0 23.1 22.54 0.03
198000.0 310 1.61 0.01 74256 406.01 0.36 14968 714.43 0.45 3322308 330615.45 19.52 310 13.89 0.1 73706 6171.84 19.52 307 3 0 67540 660 0 21.0 23.1 22.43 0.03
198900.0 376 1.76 0.02 74632 407.76 0.36 15028 715.24 0.45 3337336 331330.7 19.52 370 14.07 0.1 74076 6185.92 19.52 307 3 0 67847 663 0 21.0 23.1 22.43 0.03
199800.0 354 2.39 0.36 74986 410.16 0.36 15006 713.55 0.45 3352342 332044.25 19.52 350 13.92 0.1 74426 6199.83 19.52 307 3 0 68154 666 0 21.0 23.1 22.42 0.03
200700.0 310 1.61 0.01 75296 411.77 0.36 14973 716.79 0.45 3367315 332761.04 19.52 310 13.9 0.1 74736 6213.73 19.52 307 3 0 68461 669 0 21.0 22.8 22.27 0.02
201600.0 310 1.61 0.01 75606 413.38 0.36 14971 715.78 0.45 3382286 333476.82 19.52 310 13.89 0.1 75046 6227.63 19.52 307 3 0 68768 672 0 21.0 22.8 22.2 0.03
202500.0 376 1.76 0.02 75982 415.14 0.36 15031 716.59 0.45 3397317 334193.41 19.52 370 14.07 0.1 75416 6241.7 19.52 307 3 0 69075 675 0 21.0 22.8 22.2 0.03
203400.0 354 2.39 0.36 76336 417.53 0.36 15007 714.01 0.45 3412324 334907.43 19.52 350 13.92 0.1 75766 6255.63 19.52 307 3 0 69382 678 0 21.0 22.8 22.19 0.03
204300.0 310 1.61 0.01 76646 419.14 0.36 14975 717.69 0.45 3427299 335625.11 19.52 310 13.9 0.1 76076 6269.53 19.52 307 3 0 69689 681 0 21.0 22.6 22.07 0.02
205200.0 310 1.61 0.01 76956 420.76 0.36 14976 718.03 0.45 3442275 336343.15 19.52 310 13.89 0.1 76386 6283.42 19.52 307 3 0 69996 684 0 21.0 22.6 22.07 0.02
206100.0 376 1.75 0.02 77332 422.51 0.36 15034 717.25 0.45 3457309 337060.4 19.52 370 13.92 0.1 76756 6297.34 19.52 307 3 0 70303 687 0 21.0 22.6 22.07 0.02
207000.0 354 2.39 0.36 77686 424.9 0.36 15007 714.0 0.45 3472316 337774.4 19.52 350 13.92 0.1 77106 6311.26 19.52 307 3 0 70610 690 0 21.0 22.6 22.07 0.02
207900.0 310 1.61 0.01 77996 426.52 0.36 14973 716.79 0.45 3487289 338491.19 19.52 310 13.9 0.1 77416 6325.16 19.52 307 3 0 70917 693 0 21.0 22.2 22.02 0.01
208800.0 310 1.61 0.01 78306 428.13 0.36 14972 716.23 0.45 3502261 339207.42 19.52 310 13.89 0.1 77726 6339.06 19.52 307 3 0 71224 696 0 21.0 22.2 22.02 0.01
209700.0 376 1.76 0.02 78682 429.89 0.36 15031 716.59 0.45 3517292 339924.02 19.52 370 14.07 0.1 78096 6353.13 19.52 307 3 0 71531 699 0 21.0 22.2 22.02 0.01
210600.0 354 2.39 0.36 79036 432.28 0.36 15000 710.86 0.45 3532292 340634.88 19.52 350 13.92 0.1 78446 6367.05 19.52 307 3 0 71838 702 0 21.0 22.2 22.02 0.01
211500.0 310 1.61 0.01 79346 433.89 0.36 14960 710.94 0.45 3547252 341345.81 19.52 310 13.9 0.1 78756 6380.96 19.52 307 3 0 72145 705 0 21.0 22.0 22.0 0.0
212400.0 310 1.61 0.01 79656 435.51 0.36 14960 710.83 0.45 3562212 342056.65 19.52 310 13.89 0.1 79066 6394.85 19.52 307 3 0 72452 708 0 21.0 22.0 22.0 0.0
213300.0 376 1.75 0.02 80032 437.26 0.36 15018 710.05 0.45 3577230 342766.7 19.52 370 13.92 0.1 79436 6408.77 19.52 307 3 0 72759 711 0 21.0 22.0 22.0 0.0
214200.0 354 2.39 0.36 80386 439.65 0.36 14984 703.65 0.45 3592214 343470.36 19.52 350 13.92 0.1 79786 6422.69 19.52 307 3 0 73066 714 0 21.0 22.0 22.0 0.0
215100.0 310 1.61 0.01 80696 441.26 0.36 14944 703.74 0.45 3607158 344174.09 19.52 310 13.9 0.1 80096 6436.59 19.52 307 3 0 73373 717 0 21.0 22.0 22.0 0.0
216000.0 310 1.61 0.01 81006 442.88 0.36 14941 702.28 0.45 3622099 344876.37 19.52 310 13.89 0.1 80406 6450.48 19.52 307 3 0 73680 720 0 21.0 22.0 22.0 0.0
216900.0 376 1.76 0.02 81382 444.63 0.36 14998 701.74 0.45 3637097 345578.12 19.52 370 14.07 0.1 80776 6464.56 19.52 307 3 0 73987 723 0 21.0 22.0 22.0 0.0
217800.0 354 2.39 0.36 81736 447.03 0.36 14975 699.61 0.45 3652072 346277.73 19.52 350 13.92 0.1 81126 6478.48 19.52 307 3 0 74294 726 0 21.0 22.0 22.0 0.0
218700.0 310 1.61 0.01 82046 448.64 0.36 14926 695.64 0.45 3666998 346973.37 19.52 310 13.9 0.1 81436 6492.38 19.52 307 3 0 74601 729 0 21.0 22.0 22.0 0.0
219600.0 310 1.61 0.01 82356 450.25 0.36 14926 695.53 0.45 3681924 347668.9 19.52 310 13.89 0.1 81746 6506.28 19.52 307 3 0 74908 732 0 21.0 22.0 22.0 0.0
220500.0 376 1.76 0.02 82732 452.01 0.36 14979 693.19 0.45 3696903 348362.09 19.52 370 14.07 0.1 82116 6520.35 19.52 307 3 0 75215 735 0 21.0 22.0 22.0 0.0
221400.0 354 2.39 0.36 83086 454.4 0.36 14964 698.57 0.45 3711867 349060.67 19.52 350 14.01 0.1 82466 6534.36 19.52 307 3 0 75522 738 0 21.0 22.0 21.96 0.02
222300.0 310 1.61 0.01 83396 456.01 0.36 15010 738.67 0.45 3726877 349799.34 19.52 310 14.01 0.1 82776 6548.37 19.52 307 3 0 75829 741 0 19.8 22.0 21.09 0.09
223200.0 310 1.61 0.01 83706 457.63 0.36 15035 749.82 0.45 3741912 350549.16 19.52 310 14.0 0.1 83086 6562.37 19.52 307 3 0 76136 744 0 19.8 22.0 20.58 0.15
224100.0 376 1.76 0.02 84082 459.38 0.36 15095 750.63 0.45 3757007 351299.79 19.52 370 14.18 0.1 83456 6576.55 19.52 307 3 0 76443 747 0 19.8 21.8 20.57 0.15
225000.0 354 2.39 0.36 84436 461.78 0.36 15075 748.44 0.45 3772082 352048.23 19.52 350 13.99 0.1 83806 6590.55 19.52 307 3 0 76750 750 0 19.8 21.8 20.57 0.15
225900.0 310 1.61 0.01 84746 463.39 0.36 15037 750.1 0.45 3787119 352798.33 19.52 310 14.0 0.1 84116 6604.54 19.52 307 3 0 77057 753 0 19.8 21.7 20.51 0.14
226800.0 310 1.61 0.01 85056 465.0 0.36 15037 750.0 0.45 3802156 353548.33 19.52 310 13.99 0.1 84426 6618.53 19.52 307 3 0 77364 756 0 19.8 21.7 20.48 0.16
227700.0 376 1.76 0.02 85432 466.76 0.36 15097 750.81 0.45 3817253 354299.14 19.52 370 14.17 0.1 84796 6632.7 19.52 307 3 0 77671 759 0 19.8 21.7 20.48 0.16
228600.0 354 2.39 0.36 85786 469.15 0.36 15074 749.56 0.45 3832327 355048.7 19.52 350 14.04 0.1 85146 6646.73 19.52 307 3 0 77978 762 0 19.8 21.7 20.48 0.16
229500.0 310 1.61 0.01 86096 470.77 0.36 15035 749.43 0.45 3847362 355798.13 19.52 310 14.0 0.1 85456 6660.74 19.52 307 3 0 78285 765 0 19.9 21.6 20.48 0.15
230400.0 310 1.61 0.01 86406 472.38 0.36 15035 749.32 0.45 3862397 356547.44 19.52 310 13.99 0.1 85766 6674.73 19.52 307 3 0 78592 768 0 19.9 21.6 20.46 0.16
231300.0 376 1.75 0.02 86782 474.13 0.36 15093 748.54 0.45 3877490 357295.99 19.52 370 14.02 0.1 86136 6688.75 19.52 307 3 0 78899 771 0 19.8 21.6 20.46 0.16
232200.0 354 2.39 0.36 87136 476.53 0.36 15070 746.94 0.45 3892560 358042.93 19.52 350 14.02 0.1 86486 6702.76 19.52 307 3 0 79206 774 0 19.8 21.6 20.46 0.16
233100.0 310 1.61 0.01 87446 478.14 0.36 15033 749.03 0.45 3907593 358791.95 19.52 310 14.01 0.1 86796 6716.78 19.52 307 3 0 79513 777 0 19.8 21.5 20.51 0.16
234000.0 310 1.61 0.01 87756 479.75 0.36 15030 747.57 0.45 3922623 359539.53 19.52 310 14.0 0.1 87106 6730.78 19.52 307 3 0 79820 780 0 19.8 21.5 20.5 0.17
234900.0 376 1.76 0.02 88132 481.51 0.36 15089 747.94 0.45 3937712 360287.46 19.52 370 14.18 0.1 87476 6744.96 19.52 307 3 0 80127 783 0 19.8 21.5 20.5 0.17
235800.0 354 2.39 0.36 88486 483.9 0.36 15061 741.33 0.45 3952773 361028.8 19.52 350 13.99 0.1 87826 6758.95 19.52 307 3 0 80434 786 0 19.8 21.5 20.5 0.17
236700.0 310 1.61 0.01 88796 485.51 0.36 15030 744.14 0.45 3967803 361772.94 19.52 310 13.94 0.1 88136 6772.89 19.52 307 3 0 80741 789 0 19.8 21.4 20.55 0.16
237600.0 310 1.61 0.01 89106 487.13 0.36 15028 743.13 0.45 3982831 362516.07 19.52 310 13.93 0.1 88446 6786.82 19.52 307 3 0 81048 792 0 19.8 21.4 20.55 0.16
238500.0 376 1.75 0.02 89482 488.88 0.36 15078 738.75 0.45 3997909 363254.82 19.52 370 13.96 0.1 88816 6800.77 19.52 307 3 0 81355 795 0 19.7 21.4 20.55 0.16
239400.0 354 2.39 0.36 89836 491.27 0.36 15040 732.59 0.45 4012949 363987.41 19.52 350 14.0 0.1 89166 6814.77 19.52 307 3 0 81662 798 0 19.7 21.5 20.55 0.16
240300.0 310 1.61 0.01 90146 492.89 0.36 15017 740.31 0.45 4027966 364727.73 19.52 310 13.98 0.1 89476 6828.75 19.52 307 3 0 81969 801 0 19.7 21.6 20.6 0.17
241200.0 310 1.61 0.01 90456 494.5 0.36 15012 737.96 0.45 4042978 365465.69 19.52 310 13.97 0.1 89786 6842.72 19.52 307 3 0 82276 804 0 19.7 21.6 20.6 0.17
242100.0 376 1.76 0.02 90832 496.26 0.36 15070 737.87 0.45 4058048 366203.56 19.52 370 14.15 0.1 90156 6856.87 19.52 307 3 0 82583 807 0 19.7 21.6 20.6 0.17
243000.0 354 2.39 0.36 91186 498.65 0.36 15034 729.85 0.45 4073082 366933.41 19.52 350 14.0 0.1 90506 6870.87 19.52 307 3 0 82890 810 0 19.7 21.6 20.6 0.17
243900.0 310 1.61 0.01 91496 500.26 0.36 15009 737.31 0.45 4088091 367670.72 19.52 310 13.99 0.1 90816 6884.87 19.52 307 3 0 83197 813 0 19.7 21.8 20.65 0.18
244800.0 310 1.61 0.01 91806 501.88 0.36 15007 736.31 0.45 4103098 368407.02 19.52 310 13.98 0.1 91126 6898.85 19.52 307 3 0 83504 816 0 19.7 21.8 20.64 0.18
245700.0 376 1.76 0.02 92182 503.63 0.36 15066 736.67 0.45 4118164 369143.69 19.52 370 14.16 0.1 91496 6913.01 19.52 307 3 0 83811 819 0 19.6 21.8 20.64 0.18
246600.0 354 2.39 0.36 92536 506.03 0.36 15024 726.34 0.45 4133188 369870.03 19.52 350 14.02 0.1 91846 6927.04 19.52 307 3 0 84118 822 0 19.6 21.8 20.64 0.18
247500.0 310 1.61 0.01 92846 507.64 0.36 15001 733.75 0.45 4148189 370603.78 19.52 310 13.99 0.1 92156 6941.03 19.52 307 3 0 84425 825 0 19.6 21.9 20.63 0.19
248400.0 310 1.61 0.01 93156 509.25 0.36 14999 732.74 0.45 4163188 371336.52 19.52 310 13.98 0.1 92466 6955.01 19.52 307 3 0 84732 828 0 19.6 21.9 20.63 0.2
249300.0 376 1.76 0.02 93532 511.01 0.36 15048 728.61 0.45 4178236 372065.13 19.52 370 14.16 0.1 92836 6969.18 19.52 307 3 0 85039 831 0 19.5 21.9 20.63 0.2
250200.0 354 2.39 0.36 93886 513.4 0.36 15018 722.59 0.45 4193254 372787.72 19.52 350 14.0 0.1 93186 6983.18 19.52 307 3 0 85346 834 0 19.5 21.9 20.63 0.2
251100.0 310 1.61 0.01 94196 515.02 0.36 14998 731.65 0.45 4208252 373519.37 19.52 310 13.98 0.1 93496 6997.15 19.52 307 3 0 85653 837 0 19.5 22.0 20.6 0.21
252000.0 310 1.61 0.01 94506 516.63 0.36 15005 734.7 0.45 4223257 374254.07 19.52 310 13.97 0.1 93806 7011.12 19.52 307 3 0 85960 840 0 19.5 22.0 20.57 0.24
252900.0 376 1.76 0.02 94882 518.39 0.36 15062 734.16 0.45 4238319 374988.23 19.52 370 14.15 0.1 94176 7025.27 19.52 307 3 0 86267 843 0 19.5 22.0 20.57 0.24
253800.0 354 2.39 0.36 95236 520.78 0.36 15030 727.89 0.45 4253349 375716.13 19.52 350 13.99 0.1 94526 7039.26 19.52 307 3 0 86574 846 0 19.5 22.0 20.56 0.23
254700.0 310 1.61 0.01 95546 522.39 0.36 15032 747.22 0.45 4268381 376463.35 19.52 310 13.98 0.1 94836 7053.24 19.52 307 3 0 86881 849 0 19.5 21.8 20.44 0.23
255600.0 310 1.61 0.01 95856 524.0 0.36 15037 749.36 0.45 4283418 377212.71 19.52 310 13.97 0.1 95146 7067.22 19.52 307 3 0 87188 852 0 19.5 21.8 20.4 0.24
256500.0 376 1.76 0.02 96232 525.76 0.36 15097 750.18 0.45 4298515 377962.88 19.52 370 14.15 0.1 95516 7081.37 19.52 307 3 0 87495 855 0 19.3 21.8 20.4 0.25
257400.0 354 2.39 0.36 96586 528.15 0.36 15057 739.7 0.45 4313572 378702.58 19.52 350 13.99 0.1 95866 7095.36 19.52 307 3 0 87802 858 0 19.3 21.8 20.39 0.24
258300.0 310 1.61 0.01 96896 529.77 0.36 15045 753.06 0.45 4328617 379455.64 19.52 310 13.98 0.1 96176 7109.35 19.52 307 3 0 88109 861 0 19.3 21.6 20.23 0.24
259200.0 310 1.61 0.01 97206 531.38 0.36 15045 752.95 0.45 4343662 380208.59 19.52 310 13.97 0.1 96486 7123.32 19.52 307 3 0 88416 864 0 19.3 21.6 20.16 0.27
260100.0 376 1.76 0.02 97582 533.14 0.36 15105 753.77 0.45 4358767 380962.36 19.52 370 14.15 0.1 96856 7137.47 19.52 307 3 0 88723 867 0 19.2 21.6 20.16 0.27
261000.0 356 2.46 0.36 97938 535.6 0.36 15391 148978.58 19.52 4374158 529940.94 19.52 352 3020.41 19.52 97208 10157.88 19.52 307 3 0 89030 870 0 19.2 21.6 20.16 0.28
261900.0 310 1.61 0.01 98248 537.21 0.36 15065 760.57 0.45 4389223 530701.5 19.52 310 13.95 0.1 97518 10171.83 19.52 307 3 0 89337 873 0 18.9 21.0 19.66 0.24
262800.0 310 1.61 0.01 98558 538.82 0.36 15066 760.92 0.45 4404289 531462.42 19.52 310 13.94 0.1 97828 10185.78 19.52 307 3 0 89644 876 0 18.9 21.0 19.64 0.25
263700.0 376 1.76 0.02 98934 540.58 0.36 15126 761.73 0.45 4419415 532224.15 19.52 370 14.12 0.1 98198 10199.89 19.52 307 3 0 89951 879 0 18.9 21.0 19.65 0.25
264600.0 356 2.46 0.36 99290 543.04 0.36 15414 149350.43 19.55 4434829 681574.58 19.55 352 3028.08 19.55 98550 13227.97 19.55 307 3 0 90258 882 0 18.9 21.0 19.64 0.26
265500.0 310 1.62 0.01 99600 544.66 0.36 15146 835.94 0.45 4449975 682410.52 19.55 310 14.88 0.1 98860 13242.85 19.55 307 3 0 90565 885 0 17.3 21.0 17.99 0.11
266400.0 310 1.62 0.01 99910 546.27 0.36 15148 836.62 0.45 4465123 683247.14 19.55 310 14.87 0.1 99170 13257.72 19.55 307 3 0 90872 888 0 17.3 21.0 17.83 0.05
267300.0 376 1.76 0.02 100286 548.03 0.36 15208 837.56 0.45 4480331 684084.7 19.55 370 15.06 0.1 99540 13272.78 19.55 307 3 0 91179 891 0 17.3 21.0 17.83 0.05
268200.0 356 2.46 0.36 100642 550.49 0.36 15495 149378.01 19.54 4495826 833462.71 19.55 352 3026.37 19.54 99892 16299.15 19.55 307 3 0 91486 894 0 17.3 21.0 17.83 0.05
269100.0 310 1.62 0.01 100952 552.11 0.36 15141 832.09 0.45 4510967 834294.8 19.55 310 14.79 0.1 100202 16313.95 19.55 307 3 0 91793 897 0 17.3 21.0 17.79 0.05
270000.0 310 1.62 0.01 101262 553.72 0.36 15141 831.89 0.45 4526108 835126.69 19.55 310 14.78 0.1 100512 16328.73 19.55 307 3 0 92100 900 0 17.3 21.0 17.78 0.06
270900.0 376 1.76 0.02 101638 555.48 0.36 15200 832.35 0.45 4541308 835959.04 19.55 370 14.97 0.1 100882 16343.7 19.55 307 3 0 92407 903 0 17.3 21.0 17.78 0.06
271800.0 354 2.39 0.36 101992 557.88 0.36 15177 829.5 0.45 4556485 836788.54 19.55 350 14.79 0.1 101232 16358.49 19.55 307 3 0 92714 906 0 17.3 21.0 17.78 0.06
272700.0 310 1.62 0.01 102302 559.49 0.36 15141 831.46 0.45 4571626 837620.0 19.55 310 14.78 0.1 101542 16373.27 19.55 307 3 0 93021 909 0 17.3 21.0 17.77 0.06
273600.0 310 1.62 0.01 102612 561.11 0.36 15140 830.82 0.45 4586766 838450.83 19.55 310 14.77 0.1 101852 16388.04 19.55 307 3 0 93328 912 0 17.3 21.0 17.76 0.06
274500.0 376 1.76 0.02 102988 562.87 0.36 15198 830.83 0.45 4601964 839281.66 19.55 370 14.96 0.1 102222 16402.99 19.55 307 3 0 93635 915 0 17.3 21.0 17.76 0.06
275400.0 354 2.39 0.36 103342 565.26 0.36 15174 832.67 0.45 4617138 840114.33 19.55 350 14.89 0.1 102572 16417.89 19.55 307 3 0 93942 918 0 17.3 21.0 17.76 0.06
276300.0 310 1.62 0.01 103652 566.87 0.36 15131 826.3 0.45 4632269 840940.64 19.55 310 14.77 0.1 102882 16432.65 19.55 307 3 0 94249 921 0 17.3 21.0 17.74 0.05
277200.0 310 1.62 0.01 103962 568.49 0.36 15135 827.92 0.45 4647404 841768.55 19.55 310 14.75 0.1 103192 16447.41 19.55 307 3 0 94556 924 0 17.3 21.0 17.73 0.05
278100.0 376 1.76 0.02 104338 570.25 0.36 15195 828.12 0.45 4662599 842596.68 19.55 370 14.78 0.1 103562 16462.19 19.55 307 3 0 94863 927 0 17.3 21.0 17.73 0.05
279000.0 354 2.39 0.36 104692 572.64 0.36 15171 822.25 0.45 4677770 843418.93 19.55 350 14.7 0.1 103912 16476.89 19.55 307 3 0 95170 930 0 17.3 21.0 17.73 0.05
279900.0 310 1.62 0.01 105002 574.26 0.36 15129 826.68 0.45 4692899 844245.61 19.55 310 14.79 0.1 104222 16491.68 19.55 307 3 0 95477 933 0 17.3 21.0 17.72 0.05
280800.0 310 1.62 0.01 105312 575.87 0.36 15131 827.39 0.45 4708030 845073.0 19.55 310 14.78 0.1 104532 16506.47 19.55 307 3 0 95784 936 0 17.3 21.0 17.71 0.05
281700.0 376 1.76 0.02 105688 577.63 0.36 15188 826.95 0.45 4723218 845899.95 19.55 370 14.97 0.1 104902 16521.44 19.55 307 3 0 96091 939 0 17.3 21.0 17.71 0.05
282600.0 354 2.39 0.36 106042 580.02 0.36 15166 824.76 0.45 4738384 846724.71 19.55 350 14.8 0.1 105252 16536.24 19.55 307 3 0 96398 942 0 17.3 21.0 17.71 0.05
283500.0 310 1.62 0.01 106352 581.64 0.36 15126 820.56 0.45 4753510 847545.27 19.55 310 14.69 0.1 105562 16550.93 19.55 307 3 0 96705 945 0 17.3 21.0 17.7 0.05
284400.0 310 1.62 0.01 106662 583.26 0.36 15127 820.82 0.45 4768637 848366.09 19.55 310 14.68 0.1 105872 16565.61 19.55 307 3 0 97012 948 0 17.3 21.0 17.69 0.05
285300.0 376 1.76 0.02 107038 585.01 0.36 15187 821.73 0.45 4783824 849187.82 19.55 370 14.87 0.1 106242 16580.49 19.55 307 3 0 97319 951 0 17.3 21.0 17.69 0.05
286200.0 354 2.39 0.36 107392 587.41 0.36 15165 819.75 0.45 4798989 850007.56 19.55 350 14.71 0.1 106592 16595.19 19.55 307 3 0 97626 954 0 17.3 21.0 17.69 0.05
287100.0 310 1.62 0.01 107702 589.02 0.36 15124 818.63 0.45 4814113 850826.2 19.55 310 14.67 0.1 106902 16609.87 19.55 307 3 0 97933 957 0 17.3 21.0 17.69 0.05
288000.0 310 1.62 0.01 108012 590.64 0.36 15125 818.9 0.45 4829238 851645.1 19.55 310 14.66 0.1 107212 16624.53 19.55 307 3 0 98240 960 0 17.3 21.0 17.68 0.05
288900.0 376 1.76 0.02 108388 592.4 0.36 15185 819.8 0.45 4844423 852464.9 19.55 370 14.85 0.1 107582 16639.38 19.55 307 3 0 98547 963 0 17.3 21.0 17.68 0.05
289800.0 354 2.39 0.36 108742 594.79 0.36 15155 818.95 0.45 4859578 853283.85 19.55 350 14.78 0.1 107932 16654.16 19.55 307 3 0 98854 966 0 17.3 21.0 17.68 0.05
290700.0 310 1.62 0.01 109052 596.41 0.36 15118 825.64 0.45 4874696 854109.48 19.55 310 14.87 0.1 108242 16669.03 19.55 307 3 0 99161 969 0 17.3 21.0 17.69 0.04
291600.0 310 1.62 0.01 109362 598.02 0.36 15119 825.89 0.45 4889815 854935.37 19.55 310 14.86 0.1 108552 16683.9 19.55 307 3 0 99468 972 0 17.3 21.0 17.68 0.04
292500.0 376 1.76 0.02 109738 599.78 0.36 15176 825.46 0.45 4904991 855760.83 19.55 370 15.05 0.1 108922 16698.95 19.55 307 3 0 99775 975 0 17.3 21.0 17.68 0.04
293400.0 354 2.39 0.36 110092 602.17 0.36 15154 819.98 0.45 4920145 856580.81 19.55 350 14.82 0.1 109272 16713.76 19.55 307 3 0 100082 978 0 17.3 21.0 17.68 0.04
294300.0 310 1.62 0.01 110402 603.79 0.36 15116 821.04 0.45 4935261 857401.86 19.55 310 14.8 0.1 109582 16728.56 19.55 307 3 0 100389 981 0 17.4 21.0 17.69 0.04
295200.0 310 1.62 0.01 110712 605.41 0.36 15111 818.6 0.45 4950372 858220.46 19.55 310 14.79 0.1 109892 16743.34 19.55 307 3 0 100696 984 0 17.4 21.0 17.68 0.04
296100.0 376 1.76 0.02 111088 607.16 0.36 15171 819.51 0.45 4965543 859039.97 19.55 370 14.97 0.1 110262 16758.32 19.55 307 3 0 101003 987 0 17.4 21.0 17.68 0.04
297000.0 354 2.39 0.36 111442 609.56 0.36 15147 820.52 0.45 4980690 859860.49 19.55 350 14.89 0.1 110612 16773.21 19.55 307 3 0 101310 990 0 17.4 21.0 17.68 0.04
297900.0 310 1.62 0.01 111752 611.17 0.36 15106 820.24 0.45 4995796 860680.72 19.55 310 14.87 0.1 110922 16788.08 19.55 307 3 0 101617 993 0 17.4 21.0 17.68 0.04
298800.0 310 1.62 0.01 112062 612.79 0.36 15108 820.94 0.45 5010904 861501.66 19.55 310 14.86 0.1 111232 16802.95 19.55 307 3 0 101924 996 0 17.4 21.0 17.68 0.04
299700.0 376 1.76 0.02 112438 614.55 0.36 15168 821.86 0.45 5026072 862323.52 19.55 370 15.05 0.1 111602 16818.0 19.55 307 3 0 102231 999 0 17.4 21.0 17.68 0.04
300600.0 354 2.39 0.36 112792 616.94 0.36 15143 818.72 0.45 5041215 863142.24 19.55 350 14.89 0.1 111952 16832.89 19.55 307 3 0 102538 1002 0 17.4 21.0 17.68 0.04
301500.0 310 1.62 0.01 113102 618.56 0.36 15107 816.29 0.45 5056322 863958.53 19.55 310 14.78 0.1 112262 16847.67 19.55 307 3 0 102845 1005 0 17.4 21.0 17.69 0.04
302400.0 310 1.62 0.01 113412 620.17 0.36 15106 815.65 0.45 5071428 864774.18 19.55 310 14.77 0.1 112572 16862.44 19.55 307 3 0 103152 1008 0 17.4 21.0 17.68 0.04
303300.0 376 1.76 0.02 113788 621.93 0.36 15164 815.66 0.45 5086592 865589.84 19.55 370 14.96 0.1 112942 16877.4 19.55 307 3 0 103459 1011 0 17.4 21.0 17.68 0.04
304200.0 354 2.39 0.36 114142 624.32 0.36 15139 808.63 0.45 5101731 866398.47 19.55 350 14.72 0.1 113292 16892.12 19.55 307 3 0 103766 1014 0 17.4 21.0 17.68 0.04
305100.0 310 1.62 0.01 114452 625.94 0.36 15105 815.88 0.45 5116836 867214.35 19.55 310 14.79 0.1 113602 16906.91 19.55 307 3 0 104073 1017 0 17.4 21.0 17.69 0.04
306000.0 310 1.62 0.01 114762 627.56 0.36 15105 815.69 0.45 5131941 868030.04 19.55 310 14.78 0.1 113912 16921.69 19.55 307 3 0 104380 1020 0 17.4 21.0 17.68 0.04
306900.0 376 1.76 0.02 115138 629.31 0.36 15165 816.61 0.45 5147106 868846.65 19.55 370 14.97 0.1 114282 16936.66 19.55 307 3 0 104687 1023 0 17.4 21.0 17.68 0.04
307800.0 354 2.39 0.36 115492 631.71 0.36 15136 815.57 0.45 5162242 869662.22 19.55 350 14.89 0.1 114632 16951.56 19.55 307 3 0 104994 1026 0 17.4 21.0 17.68 0.04
308700.0 310 1.62 0.01 115802 633.32 0.36 15097 816.19 0.45 5177339 870478.4 19.55 310 14.87 0.1 114942 16966.43 19.55 307 3 0 105301 1029 0 17.4 21.0 17.7 0.04
309600.0 310 1.62 0.01 116112 634.94 0.36 15096 815.54 0.45 5192435 871293.94 19.55 310 14.86 0.1 115252 16981.29 19.55 307 3 0 105608 1032 0 17.4 21.0 17.69 0.04
310500.0 376 1.76 0.02 116488 636.7 0.36 15154 815.56 0.45 5207589 872109.5 19.55 370 15.05 0.1 115622 16996.34 19.55 307 3 0 105915 1035 0 17.4 21.0 17.69 0.04
311400.0 354 2.39 0.36 116842 639.09 0.36 15125 806.93 0.45 5222714 872916.43 19.55 350 14.82 0.1 115972 17011.16 19.55 307 3 0 106222 1038 0 17.4 21.0 17.69 0.04
312300.0 310 1.62 0.01 117152 640.71 0.36 15095 811.59 0.45 5237809 873728.03 19.55 310 14.8 0.1 116282 17025.96 19.55 307 3 0 106529 1041 0 17.4 21.0 17.7 0.05
313200.0 310 1.62 0.01 117462 642.32 0.36 15093 810.5 0.45 5252902 874538.53 19.55 310 14.79 0.1 116592 17040.74 19.55 307 3 0 106836 1044 0 17.4 21.0 17.71 0.05
314100.0 376 1.76 0.02 117838 644.08 0.36 15147 808.71 0.45 5268049 875347.24 19.55 370 14.97 0.1 116962 17055.72 19.55 307 3 0 107143 1047 0 17.3 21.0 17.71 0.05
315000.0 354 2.39 0.36 118192 646.48 0.36 15116 806.57 0.45 5283165 876153.81 19.55 350 14.89 0.1 117312 17070.61 19.55 307 3 0 107450 1050 0 17.3 21.0 17.71 0.05
315900.0 310 1.62 0.01 118502 648.09 0.36 15075 801.1 0.45 5298240 876954.91 19.55 310 14.77 0.1 117622 17085.37 19.55 307 3 0 107757 1053 0 17.3 21.0 17.72 0.05
316800.0 310 1.62 0.01 118812 649.71 0.36 15071 799.12 0.45 5313311 877754.03 19.55 310 14.75 0.1 117932 17100.13 19.55 307 3 0 108064 1056 0 17.3 21.0 17.72 0.05
317700.0 376 1.76 0.02 119188 651.47 0.36 15125 797.32 0.45 5328436 878551.36 19.55 370 14.94 0.1 118302 17115.07 19.55 307 3 0 108371 1059 0 17.3 21.0 17.72 0.05
318600.0 354 2.39 0.36 119542 653.86 0.36 15099 793.75 0.45 5343535 879345.11 19.55 350 14.78 0.1 118652 17129.85 19.55 307 3 0 108678 1062 0 17.3 21.0 17.72 0.05
319500.0 310 1.62 0.01 119852 655.48 0.36 15070 804.04 0.45 5358605 880149.14 19.55 310 14.87 0.1 118962 17144.73 19.55 307 3 0 108985 1065 0 17.3 21.0 17.73 0.05
320400.0 310 1.62 0.01 120162 657.09 0.36 15067 802.49 0.45 5373672 880951.63 19.55 310 14.86 0.1 119272 17159.59 19.55 307 3 0 109292 1068 0 17.3 21.0 17.72 0.05
321300.0 376 1.76 0.02 120538 658.85 0.36 15124 802.06 0.45 5388796 881753.69 19.55 370 15.05 0.1 119642 17174.64 19.55 307 3 0 109599 1071 0 17.3 21.0 17.72 0.05
322200.0 354 2.39 0.36 120892 661.24 0.36 15088 780.7 0.45 5403884 882534.39 19.55 350 14.62 0.1 119992 17189.26 19.55 307 3 0 109906 1074 0 17.3 21.0 17.72 0.05
323100.0 310 1.62 0.01 121202 662.86 0.36 15055 779.6 0.45 5418939 883313.99 19.55 310 14.51 0.1 120302 17203.77 19.55 307 3 0 110213 1077 0 17.3 21.0 17.73 0.05
324000.0 310 1.62 0.01 121512 664.47 0.36 15063 783.02 0.45 5434002 884097.01 19.55 310 14.5 0.1 120612 17218.26 19.55 307 3 0 110520 1080 0 17.3 21.0 17.74 0.06
324900.0 376 1.76 0.02 121888 666.23 0.36 15123 783.91 0.45 5449125 884880.92 19.55 370 14.68 0.1 120982 17232.94 19.55 307 3 0 110827 1083 0 17.3 21.0 17.74 0.06
325800.0 354 2.39 0.36 122242 668.62 0.36 15092 791.38 0.45 5464217 885672.3 19.55 350 14.8 0.1 121332 17247.74 19.55 307 3 0 111134 1086 0 17.3 21.0 17.74 0.06
326700.0 310 1.62 0.01 122552 670.24 0.36 15056 797.73 0.45 5479273 886470.03 19.55 310 14.87 0.1 121642 17262.62 19.55 307 3 0 111441 1089 0 17.3 21.0 17.75 0.06
327600.0 310 1.62 0.01 122862 671.86 0.36 15054 796.64 0.45 5494327 887266.67 19.55 310 14.86 0.1 121952 17277.48 19.55 307 3 0 111748 1092 0 17.3 21.0 17.75 0.06
328500.0 376 1.76 0.02 123238 673.61 0.36 15112 796.66 0.45 5509439 888063.33 19.55 370 15.05 0.1 122322 17292.53 19.55 307 3 0 112055 1095 0 17.2 21.0 17.75 0.06
329400.0 354 2.39 0.36 123592 676.01 0.36 15073 787.22 0.45 5524512 888850.55 19.55 350 14.89 0.1 122672 17307.42 19.55 307 3 0 112362 1098 0 17.2 21.0 17.75 0.06
330300.0 310 1.62 0.01 123902 677.62 0.36 15044 792.34 0.45 5539556 889642.89 19.55 310 14.87 0.1 122982 17322.29 19.55 307 3 0 112669 1101 0 17.2 21.0 17.77 0.06
331200.0 310 1.62 0.01 124212 679.24 0.36 15042 791.24 0.45 5554598 890434.13 19.55 310 14.86 0.1 123292 17337.16 19.55 307 3 0 112976 1104 0 17.2 21.0 17.77 0.06
332100.0 376 1.76 0.02 124588 681.0 0.36 15098 790.36 0.45 5569696 891224.49 19.55 370 15.05 0.1 123662 17352.21 19.55 307 3 0 113283 1107 0 17.2 21.0 17.77 0.06
333000.0 354 2.39 0.36 124942 683.39 0.36 15046 771.17 0.45 5584742 891995.66 19.55 350 14.81 0.1 124012 17367.02 19.55 307 3 0 113590 1110 0 17.2 21.0 17.77 0.06
333900.0 310 1.62 0.01 125252 685.01 0.36 15001 769.08 0.45 5599743 892764.75 19.55 310 14.79 0.1 124322 17381.81 19.55 307 3 0 113897 1113 0 17.2 21.0 17.77 0.07
334800.0 310 1.62 0.01 125562 686.63 0.36 15002 769.34 0.45 5614745 893534.09 19.55 310 14.78 0.1 124632 17396.59 19.55 307 3 0 114204 1116 0 17.2 21.0 17.77 0.07
335700.0 376 1.76 0.02 125938 688.38 0.36 15052 765.76 0.45 5629797 894299.84 19.55 370 14.97 0.1 125002 17411.56 19.55 307 3 0 114511 1119 0 17.2 21.0 17.77 0.07
336600.0 354 2.39 0.36 126292 690.78 0.36 15017 762.02 0.45 5644814 895061.86 19.55 350 14.89 0.1 125352 17426.45 19.55 307 3 0 114818 1122 0 17.2 21.0 17.77 0.07
337500.0 310 1.62 0.01 126602 692.39 0.36 14984 765.34 0.45 5659798 895827.2 19.55 310 14.87 0.1 125662 17441.33 19.55 307 3 0 115125 1125 0 17.2 21.0 17.78 0.07
338400.0 310 1.62 0.01 126912 694.01 0.36 14989 767.39 0.45 5674787 896594.59 19.55 310 14.86 0.1 125972 17456.19 19.55 307 3 0 115432 1128 0 17.2 21.0 17.79 0.07
339300.0 376 1.76 0.02 127288 695.77 0.36 15040 764.26 0.45 5689827 897358.85 19.55 370 15.05 0.1 126342 17471.24 19.55 307 3 0 115739 1131 0 17.2 21.0 17.79 0.07
340200.0 354 2.39 0.36 127642 698.16 0.36 14993 746.71 0.45 5704820 898105.56 19.55 350 14.8 0.1 126692 17486.04 19.55 307 3 0 116046 1134 0 17.2 21.0 17.79 0.07
341100.0 310 1.62 0.01 127952 699.78 0.36 14943 742.36 0.45 5719763 898847.92 19.55 310 14.78 0.1 127002 17500.82 19.55 307 3 0 116353 1137 0 17.2 21.0 17.8 0.07
342000.0 310 1.62 0.01 128262 701.39 0.36 14940 740.82 0.45 5734703 899588.75 19.55 310 14.77 0.1 127312 17515.59 19.55 307 3 0 116660 1140 0 17.2 21.0 17.8 0.07
342900.0 376 1.76 0.02 128638 703.15 0.36 14995 738.78 0.45 5749698 900327.53 19.55 370 14.8 0.1 127682 17530.38 19.55 307 3 0 116967 1143 0 17.2 21.0 17.8 0.07
343800.0 354 2.39 0.36 128992 705.54 0.36 14957 726.33 0.45 5764655 901053.86 19.55 350 14.71 0.1 128032 17545.1 19.55 307 3 0 117274 1146 0 17.2 21.0 17.8 0.07
344700.0 310 1.62 0.01 129302 707.16 0.36 14924 729.63 0.45 5779579 901783.49 19.55 310 14.69 0.1 128342 17559.79 19.55 307 3 0 117581 1149 0 17.2 21.0 17.8 0.08
345600.0 310 1.62 0.01 129612 708.77 0.36 14920 727.65 0.45 5794499 902511.14 19.55 310 14.68 0.1 128652 17574.47 19.55 307 3 0 117888 1152 0 17.2 21.0 17.8 0.08
