# seed = 5, gamma = 0.0, beta = 1.0, dee = 0.1, dcc = 25.0, dec = 50.0, dsCnd = 500.0, dLocalhost = 0.02, hostBroker = EDGE 
#
# The columns have the following meaning: 
# instant[SECONDS] commCountUploadPartial delaySumUploadPartial[SECONDS] delayMaxUploadPartial[SECONDS] commCountUploadTot delaySumUploadTot[SECONDS] delayMaxUploadTot[SECONDS] commCountDownloadPartial delaySumDownloadPartial[SECONDS] delayMaxDownloadPartial[SECONDS] commCountDownloadTot delaySumDownloadTot[SECONDS] delayMaxDownloadTot[SECONDS] commCountDownloadMaxPartial delaySumDownloadMaxPartial[SECONDS] delayMaxDownloadMaxPartial[SECONDS] commCountDownloadMaxTot delaySumDownloadMaxTot[SECONDS] delayMaxDownloadMaxTot[SECONDS] runOnCloudPartial runOnEdgePartial runOnSmartphonePartial runOnCloudTot runOnEdgeTot runOnSmartphoneTot minTemp maxTemp avgTemp varianceTemp
0.0 0 0.0 0.0 0 0.0 0.0 0 0.0 0.0 0 0.0 0.0 0 0.0 0.0 0 0.0 0.0 0 0 0 0 0 0 17.0 25.0 21.0 0.0
900.0 376 151.85 0.5 376 151.85 0.5 15873 8252.93 0.6 15873 8252.93 0.6 370 170.21 0.6 370 170.21 0.6 10 0 300 10 0 300 18.9 21.0 19.39 0.8
1800.0 356 152.63 0.5 732 304.48 0.5 16159 169579.75 20.82 32032 177832.68 20.82 352 3298.4 20.82 722 3468.61 20.82 10 0 300 20 0 600 18.9 18.9 18.9 0.0
2700.0 310 151.75 0.51 1042 456.23 0.51 15812 8308.43 0.61 47844 186141.11 20.82 310 171.02 0.61 1032 3639.63 20.82 10 0 300 30 0 900 18.0 18.9 18.42 0.03
3600.0 310 151.75 0.51 1352 607.98 0.51 15814 8308.47 0.61 63658 194449.58 20.82 310 171.02 0.61 1342 3810.65 20.82 10 0 300 40 0 1200 17.7 18.9 18.24 0.05
4500.0 376 151.89 0.51 1728 759.87 0.51 15869 8308.74 0.61 79527 202758.32 20.82 370 171.32 0.61 1712 3981.97 20.82 10 0 300 50 0 1500 17.6 18.7 18.23 0.05
5400.0 356 152.64 0.51 2084 912.52 0.51 16194 14795.34 20.92 95721 217553.66 20.92 352 192.22 20.92 2064 4174.19 20.92 10 0 300 60 0 1800 17.6 18.7 18.23 0.05
6300.0 310 151.76 0.51 2394 1064.27 0.51 15880 8348.22 0.61 111601 225901.88 20.92 310 171.37 0.61 2374 4345.56 20.92 10 0 300 70 0 2100 17.6 18.7 18.23 0.05
7200.0 310 151.76 0.51 2704 1216.03 0.51 15880 8348.28 0.61 127481 234250.15 20.92 310 171.38 0.61 2684 4516.94 20.92 10 0 300 80 0 2400 17.6 18.7 18.26 0.04
8100.0 376 151.9 0.51 3080 1367.93 0.51 15939 8348.53 0.61 143420 242598.69 20.92 370 171.68 0.61 3054 4688.62 20.92 10 0 300 90 0 2700 17.6 18.7 18.26 0.04
9000.0 356 152.64 0.51 3436 1520.58 0.51 16220 14811.69 20.9 159640 257410.38 20.92 352 192.27 20.9 3406 4880.89 20.92 10 0 300 100 0 3000 17.6 18.7 18.26 0.04
9900.0 310 151.75 0.51 3746 1672.33 0.51 15856 8331.81 0.61 175496 265742.19 20.92 310 171.14 0.61 3716 5052.03 20.92 10 0 300 110 0 3300 17.6 18.7 18.24 0.04
10800.0 310 151.75 0.51 4056 1824.08 0.51 15869 8331.82 0.61 191365 274074.01 20.92 310 171.14 0.61 4026 5223.17 20.92 10 0 300 120 0 3600 17.6 18.7 18.15 0.05
11700.0 376 151.9 0.51 4432 1975.98 0.51 15929 8332.13 0.61 207294 282406.13 20.92 370 171.44 0.61 4396 5394.61 20.92 10 0 300 130 0 3900 17.6 18.7 18.15 0.05
12600.0 354 152.53 0.51 4786 2128.51 0.51 15891 8337.73 0.61 223185 290743.86 20.92 350 171.46 0.61 4746 5566.07 20.92 10 0 300 140 0 4200 17.6 18.7 18.15 0.05
13500.0 310 151.76 0.51 5096 2280.26 0.51 15825 8337.54 0.61 239010 299081.4 20.92 310 171.25 0.61 5056 5737.33 20.92 10 0 300 150 0 4500 17.6 18.7 18.14 0.04
14400.0 310 151.76 0.51 5406 2432.02 0.51 15826 8337.53 0.61 254836 307418.92 20.92 310 171.26 0.61 5366 5908.58 20.92 10 0 300 160 0 4800 17.6 18.7 18.13 0.05
15300.0 376 151.9 0.51 5782 2583.92 0.51 15885 8337.84 0.61 270721 315756.76 20.92 370 171.56 0.61 5736 6080.14 20.92 10 0 300 170 0 5100 17.6 18.7 18.13 0.04
16200.0 354 152.53 0.51 6136 2736.45 0.51 15858 8337.22 0.61 286579 324093.98 20.92 350 171.45 0.61 6086 6251.59 20.92 10 0 300 180 0 5400 17.6 18.7 18.13 0.04
17100.0 310 151.75 0.51 6446 2888.2 0.51 15819 8328.03 0.61 302398 332422.01 20.92 310 171.06 0.61 6396 6422.65 20.92 10 0 300 190 0 5700 17.6 18.7 18.11 0.04
18000.0 310 151.75 0.51 6756 3039.95 0.51 15823 8327.99 0.61 318221 340750.0 20.92 310 171.07 0.61 6706 6593.72 20.92 10 0 300 200 0 6000 17.6 18.7 18.1 0.04
18900.0 376 151.89 0.51 7132 3191.84 0.51 15883 8328.32 0.61 334104 349078.32 20.92 370 171.37 0.61 7076 6765.09 20.92 10 0 300 210 0 6300 17.6 18.6 18.1 0.04
19800.0 354 152.53 0.51 7486 3344.37 0.51 15858 8328.34 0.61 349962 357406.67 20.92 350 171.27 0.61 7426 6936.36 20.92 10 0 300 220 0 6600 17.6 18.6 18.1 0.04
20700.0 310 151.75 0.51 7796 3496.12 0.51 15818 8333.58 0.61 365780 365740.24 20.92 310 171.17 0.61 7736 7107.53 20.92 10 0 300 230 0 6900 17.6 18.6 18.08 0.03
21600.0 310 151.75 0.51 8106 3647.87 0.51 15823 8333.58 0.61 381603 374073.82 20.92 310 171.18 0.61 8046 7278.71 20.92 10 0 300 240 0 7200 17.6 18.6 18.07 0.03
22500.0 376 151.9 0.51 8482 3799.77 0.51 15882 8333.89 0.61 397485 382407.71 20.92 370 171.48 0.61 8416 7450.19 20.92 10 0 300 250 0 7500 17.6 18.6 18.07 0.03
23400.0 354 152.53 0.51 8836 3952.3 0.51 15853 8338.37 0.61 413338 390746.08 20.92 350 171.47 0.61 8766 7621.66 20.92 10 0 300 260 0 7800 17.6 18.6 18.07 0.03
24300.0 310 151.76 0.51 9146 4104.06 0.51 15809 8341.77 0.61 429147 399087.85 20.92 310 171.34 0.61 9076 7793.0 20.92 10 0 300 270 0 8100 17.6 18.6 18.05 0.03
25200.0 310 151.76 0.51 9456 4255.82 0.51 15815 8341.76 0.61 444962 407429.61 20.92 310 171.34 0.61 9386 7964.34 20.92 10 0 300 280 0 8400 17.5 18.6 18.04 0.03
26100.0 376 151.9 0.51 9832 4407.72 0.51 15874 8342.08 0.61 460836 415771.69 20.92 370 171.64 0.61 9756 8135.98 20.92 10 0 300 290 0 8700 17.5 18.6 18.04 0.03
27000.0 354 152.54 0.51 10186 4560.26 0.51 15845 8341.96 0.61 476681 424113.65 20.92 350 171.54 0.61 10106 8307.52 20.92 10 0 300 300 0 9000 17.5 18.6 18.04 0.03
27900.0 310 151.76 0.51 10496 4712.01 0.51 15816 8336.66 0.61 492497 432450.32 20.92 310 171.24 0.61 10416 8478.76 20.92 10 0 300 310 0 9300 17.5 18.6 18.0 0.03
28800.0 310 151.76 0.51 10806 4863.77 0.51 15821 8336.64 0.61 508318 440786.96 20.92 310 171.24 0.61 10726 8650.0 20.92 10 0 300 320 0 9600 17.5 18.6 17.99 0.03
29700.0 376 151.9 0.51 11182 5015.66 0.51 15879 8336.96 0.61 524197 449123.92 20.92 370 171.54 0.61 11096 8821.53 20.92 10 0 300 330 0 9900 17.5 18.6 17.99 0.03
30600.0 354 152.53 0.51 11536 5168.2 0.51 15840 8336.84 0.61 540037 457460.76 20.92 350 171.44 0.61 11446 8992.97 20.92 10 0 300 340 0 10200 17.5 18.6 17.99 0.03
31500.0 310 151.76 0.51 11846 5319.96 0.51 15806 8341.77 0.61 555843 465802.53 20.92 310 171.34 0.61 11756 9164.31 20.92 10 0 300 350 0 10500 17.5 18.6 17.97 0.03
32400.0 310 151.76 0.51 12156 5471.71 0.51 15813 8341.76 0.61 571656 474144.29 20.92 310 171.34 0.61 12066 9335.65 20.92 10 0 300 360 0 10800 17.4 18.6 17.95 0.03
33300.0 376 151.9 0.51 12532 5623.62 0.51 15872 8342.08 0.61 587528 482486.37 20.92 370 171.64 0.61 12436 9507.29 20.92 10 0 300 370 0 11100 17.4 18.5 17.95 0.03
34200.0 354 152.54 0.51 12886 5776.15 0.51 15838 8341.96 0.61 603366 490828.34 20.92 350 171.54 0.61 12786 9678.84 20.92 10 0 300 380 0 11400 17.4 18.5 17.95 0.03
35100.0 310 151.76 0.51 13196 5927.91 0.51 15806 8341.78 0.61 619172 499170.11 20.92 310 171.34 0.61 13096 9850.17 20.92 10 0 300 390 0 11700 17.4 18.5 17.92 0.03
36000.0 310 151.76 0.51 13506 6079.67 0.51 15816 8341.76 0.61 634988 507511.87 20.92 310 171.34 0.61 13406 10021.51 20.92 10 0 300 400 0 12000 17.4 18.5 17.91 0.03
36900.0 376 151.9 0.51 13882 6231.57 0.51 15876 8342.08 0.61 650864 515853.95 20.92 370 171.64 0.61 13776 10193.15 20.92 10 0 300 410 0 12300 17.4 18.5 17.91 0.03
37800.0 354 152.53 0.51 14236 6384.1 0.51 15835 8332.99 0.61 666699 524186.94 20.92 350 171.36 0.61 14126 10364.52 20.92 10 0 300 420 0 12600 17.4 18.5 17.91 0.03
38700.0 310 151.75 0.51 14546 6535.85 0.51 15803 8332.79 0.61 682502 532519.73 20.92 310 171.16 0.61 14436 10535.68 20.92 10 0 300 430 0 12900 17.4 18.5 17.88 0.03
39600.0 310 151.75 0.51 14856 6687.6 0.51 15817 8332.78 0.61 698319 540852.51 20.92 310 171.16 0.61 14746 10706.84 20.92 10 0 300 440 0 13200 17.3 18.5 17.87 0.04
40500.0 376 151.9 0.51 15232 6839.5 0.51 15874 8333.09 0.61 714193 549185.6 20.92 370 171.46 0.61 15116 10878.3 20.92 10 0 300 450 0 13500 17.3 18.5 17.87 0.04
41400.0 354 152.54 0.51 15586 6992.04 0.51 15837 8341.96 0.61 730030 557527.56 20.92 350 171.54 0.61 15466 11049.84 20.92 10 0 300 460 0 13800 17.3 18.5 17.87 0.04
42300.0 310 151.76 0.51 15896 7143.79 0.51 15805 8338.19 0.61 745835 565865.75 20.92 310 171.27 0.61 15776 11221.11 20.92 10 0 300 470 0 14100 17.3 18.5 17.84 0.04
43200.0 310 151.76 0.51 16206 7295.55 0.51 15812 8338.17 0.61 761647 574203.92 20.92 310 171.27 0.61 16086 11392.38 20.92 10 0 300 480 0 14400 17.3 18.5 17.82 0.04
44100.0 376 151.9 0.51 16582 7447.45 0.51 15872 8338.49 0.61 777519 582542.41 20.92 370 171.57 0.61 16456 11563.95 20.92 10 0 300 490 0 14700 17.2 18.4 17.82 0.04
45000.0 354 152.53 0.51 16936 7599.98 0.51 15829 8338.37 0.61 793348 590880.79 20.92 350 171.47 0.61 16806 11735.42 20.92 10 0 300 500 0 15000 17.2 18.4 17.82 0.04
45900.0 310 151.75 0.51 17246 7751.73 0.51 15801 8335.68 0.61 809149 599216.47 20.92 310 171.22 0.61 17116 11906.64 20.92 10 0 300 510 0 15300 17.2 18.4 17.8 0.05
46800.0 310 151.75 0.51 17556 7903.49 0.51 15811 8335.67 0.61 824960 607552.14 20.92 310 171.22 0.61 17426 12077.86 20.92 10 0 300 520 0 15600 17.2 18.5 17.78 0.05
47700.0 376 151.9 0.51 17932 8055.39 0.51 15870 8335.99 0.61 840830 615888.13 20.92 370 171.52 0.61 17796 12249.38 20.92 10 0 300 530 0 15900 17.2 18.5 17.78 0.05
48600.0 354 152.53 0.51 18286 8207.92 0.51 15825 8335.87 0.61 856655 624224.0 20.92 350 171.42 0.61 18146 12420.8 20.92 10 0 300 540 0 16200 17.2 18.5 17.78 0.05
49500.0 310 151.76 0.51 18596 8359.68 0.51 15799 8341.77 0.61 872454 632565.77 20.92 310 171.34 0.61 18456 12592.13 20.92 10 0 300 550 0 16500 17.2 18.5 17.75 0.06
50400.0 310 151.76 0.51 18906 8511.44 0.51 15811 8341.76 0.61 888265 640907.53 20.92 310 171.34 0.61 18766 12763.48 20.92 10 0 300 560 0 16800 17.1 18.5 17.74 0.07
51300.0 376 151.9 0.51 19282 8663.34 0.51 15871 8342.08 0.61 904136 649249.61 20.92 370 171.64 0.61 19136 12935.12 20.92 10 0 300 570 0 17100 17.1 18.5 17.74 0.07
52200.0 354 152.54 0.51 19636 8815.88 0.51 15830 8341.96 0.61 919966 657591.58 20.92 350 171.54 0.61 19486 13106.66 20.92 10 0 300 580 0 17400 17.1 18.5 17.74 0.07
53100.0 310 151.76 0.51 19946 8967.63 0.51 15789 8341.78 0.61 935755 665933.35 20.92 310 171.34 0.61 19796 13278.0 20.92 10 0 300 590 0 17700 17.1 18.5 17.72 0.07
54000.0 310 151.76 0.51 20256 9119.39 0.51 15794 8341.76 0.61 951549 674275.11 20.92 310 171.34 0.61 20106 13449.34 20.92 10 0 300 600 0 18000 17.1 18.6 17.72 0.07
54900.0 376 151.9 0.51 20632 9271.29 0.51 15852 8342.08 0.61 967401 682617.19 20.92 370 171.64 0.61 20476 13620.98 20.92 10 0 300 610 0 18300 17.1 18.6 17.72 0.07
55800.0 354 152.54 0.51 20986 9423.83 0.51 15821 8341.96 0.61 983222 690959.15 20.92 350 171.54 0.61 20826 13792.52 20.92 10 0 300 620 0 18600 17.1 18.6 17.72 0.07
56700.0 310 151.76 0.51 21296 9575.59 0.51 15801 8341.78 0.61 999023 699300.93 20.92 310 171.34 0.61 21136 13963.86 20.92 10 0 300 630 0 18900 17.1 18.6 17.68 0.08
57600.0 310 151.76 0.51 21606 9727.35 0.51 15808 8341.76 0.61 1014831 707642.69 20.92 310 171.34 0.61 21446 14135.2 20.92 10 0 300 640 0 19200 17.1 18.6 17.67 0.08
58500.0 376 151.9 0.51 21982 9879.25 0.51 15868 8342.08 0.61 1030699 715984.77 20.92 370 171.64 0.61 21816 14306.84 20.92 10 0 300 650 0 19500 17.1 18.6 17.67 0.08
59400.0 354 152.53 0.51 22336 10031.78 0.51 15813 8337.73 0.61 1046512 724322.5 20.92 350 171.46 0.61 22166 14478.3 20.92 10 0 300 660 0 19800 17.1 18.6 17.67 0.08
60300.0 310 151.76 0.51 22646 10183.54 0.51 15787 8337.54 0.61 1062299 732660.04 20.92 310 171.25 0.61 22476 14649.55 20.92 10 0 300 670 0 20100 17.1 18.6 17.65 0.09
61200.0 310 151.76 0.51 22956 10335.29 0.51 15798 8337.53 0.61 1078097 740997.56 20.92 310 171.26 0.61 22786 14820.81 20.92 10 0 300 680 0 20400 17.0 18.6 17.64 0.1
62100.0 376 151.9 0.51 23332 10487.19 0.51 15857 8337.84 0.61 1093954 749335.4 20.92 370 171.56 0.61 23156 14992.36 20.92 10 0 300 690 0 20700 17.0 18.6 17.64 0.1
63000.0 354 152.53 0.51 23686 10639.72 0.51 15816 8327.72 0.61 1109770 757663.12 20.92 350 171.26 0.61 23506 15163.62 20.92 10 0 300 700 0 21000 17.0 18.6 17.64 0.1
63900.0 310 151.75 0.51 23996 10791.46 0.51 15774 8322.79 0.61 1125544 765985.92 20.92 310 170.96 0.61 23816 15334.58 20.92 10 0 300 710 0 21300 17.0 18.6 17.62 0.1
64800.0 310 151.75 0.51 24306 10943.21 0.51 15779 8322.78 0.61 1141323 774308.7 20.92 310 170.96 0.61 24126 15505.55 20.92 10 0 300 720 0 21600 17.0 18.6 17.62 0.11
65700.0 376 151.89 0.51 24682 11095.09 0.51 15838 8323.09 0.61 1157161 782631.79 20.92 370 171.26 0.61 24496 15676.81 20.92 10 0 300 730 0 21900 17.0 18.6 17.62 0.11
66600.0 354 152.52 0.51 25036 11247.62 0.51 15806 8322.44 0.61 1172967 790954.23 20.92 350 171.15 0.61 24846 15847.96 20.92 10 0 300 740 0 22200 17.0 18.6 17.62 0.11
67500.0 310 151.74 0.51 25346 11399.36 0.51 15771 8316.39 0.61 1188738 799270.62 20.92 310 170.83 0.61 25156 16018.8 20.92 10 0 300 750 0 22500 17.0 18.6 17.61 0.11
68400.0 310 151.74 0.51 25656 11551.1 0.51 15771 8316.35 0.61 1204509 807586.97 20.92 310 170.84 0.61 25466 16189.64 20.92 10 0 300 760 0 22800 17.0 18.7 17.6 0.11
69300.0 376 151.89 0.51 26032 11702.98 0.51 15830 8316.69 0.61 1220339 815903.66 20.92 370 171.14 0.61 25836 16360.77 20.92 10 0 300 770 0 23100 17.0 18.7 17.6 0.11
70200.0 354 152.52 0.51 26386 11855.51 0.51 15792 8321.49 0.61 1236131 824225.14 20.92 350 171.14 0.61 26186 16531.91 20.92 10 0 300 780 0 23400 17.0 18.7 17.6 0.11
71100.0 310 151.75 0.51 26696 12007.25 0.51 15766 8324.52 0.61 1251897 832549.67 20.92 310 171.0 0.61 26496 16702.91 20.92 10 0 300 790 0 23700 17.0 18.7 17.59 0.11
72000.0 310 151.75 0.51 27006 12159.0 0.51 15775 8324.57 0.61 1267672 840874.24 20.92 310 171.0 0.61 26806 16873.91 20.92 10 0 300 800 0 24000 17.0 18.7 17.59 0.12
72900.0 376 151.89 0.51 27382 12310.89 0.51 15833 8324.83 0.61 1283505 849199.07 20.92 370 171.3 0.61 27176 17045.21 20.92 10 0 300 810 0 24300 17.0 18.7 17.59 0.12
73800.0 354 152.52 0.51 27736 12463.41 0.51 15799 8324.77 0.61 1299304 857523.84 20.92 350 171.2 0.61 27526 17216.41 20.92 10 0 300 820 0 24600 17.0 18.7 17.59 0.12
74700.0 310 151.75 0.51 28046 12615.16 0.51 15759 8327.39 0.61 1315063 865851.23 20.92 310 171.05 0.61 27836 17387.46 20.92 10 0 300 830 0 24900 17.0 18.7 17.58 0.12
75600.0 310 151.75 0.51 28356 12766.91 0.51 15758 8327.38 0.61 1330821 874178.61 20.92 310 171.06 0.61 28146 17558.52 20.92 10 0 300 840 0 25200 17.0 18.7 17.58 0.12
76500.0 376 151.89 0.51 28732 12918.8 0.51 15818 8327.7 0.61 1346639 882506.3 20.92 370 171.35 0.61 28516 17729.87 20.92 10 0 300 850 0 25500 17.0 18.7 17.58 0.12
77400.0 354 152.52 0.51 29086 13071.32 0.51 15786 8322.99 0.61 1362425 890829.29 20.92 350 171.17 0.61 28866 17901.04 20.92 10 0 300 860 0 25800 17.0 18.7 17.58 0.12
78300.0 310 151.75 0.51 29396 13223.07 0.51 15747 8322.79 0.61 1378172 899152.08 20.92 310 170.96 0.61 29176 18072.0 20.92 10 0 300 870 0 26100 17.0 18.7 17.57 0.12
79200.0 310 151.75 0.51 29706 13374.81 0.51 15752 8322.78 0.61 1393924 907474.86 20.92 310 170.96 0.61 29486 18242.96 20.92 10 0 300 880 0 26400 17.0 18.6 17.56 0.12
80100.0 376 151.89 0.51 30082 13526.7 0.51 15812 8323.09 0.61 1409736 915797.95 20.92 370 171.26 0.61 29856 18414.22 20.92 10 0 300 890 0 26700 17.0 18.6 17.56 0.12
81000.0 354 152.52 0.51 30436 13679.22 0.51 15780 8324.78 0.61 1425516 924122.74 20.92 350 171.2 0.61 30206 18585.42 20.92 10 0 300 900 0 27000 17.0 18.6 17.56 0.12
81900.0 310 151.75 0.51 30746 13830.98 0.51 15744 8329.32 0.61 1441260 932452.06 20.92 310 171.09 0.61 30516 18756.52 20.92 10 0 300 910 0 27300 17.0 18.6 17.56 0.11
82800.0 310 151.75 0.51 31056 13982.73 0.51 15750 8329.31 0.61 1457010 940781.37 20.92 310 171.09 0.61 30826 18927.61 20.92 10 0 300 920 0 27600 17.0 18.6 17.56 0.11
83700.0 376 151.89 0.51 31432 14134.62 0.51 15807 8329.63 0.61 1472817 949110.99 20.92 370 171.39 0.61 31196 19099.0 20.92 10 0 300 930 0 27900 17.0 18.6 17.56 0.11
84600.0 354 152.53 0.51 31786 14287.15 0.51 15777 8329.51 0.61 1488594 957440.51 20.92 350 171.3 0.61 31546 19270.3 20.92 10 0 300 940 0 28200 17.0 18.6 17.56 0.11
85500.0 310 151.75 0.51 32096 14438.9 0.51 15743 8323.24 0.61 1504337 965763.74 20.92 310 170.97 0.61 31856 19441.27 20.92 10 0 300 950 0 28500 17.0 18.6 17.57 0.1
86400.0 310 151.75 0.51 32406 14590.64 0.51 15745 8323.22 0.61 1520082 974086.96 20.92 310 170.97 0.61 32166 19612.24 20.92 10 0 300 960 0 28800 17.0 18.6 17.57 0.1
87300.0 376 151.89 0.51 32782 14742.54 0.51 15805 8323.53 0.61 1535887 982410.5 20.92 370 171.27 0.61 32536 19783.51 20.92 10 0 300 970 0 29100 17.0 18.6 17.57 0.1
88200.0 354 152.53 0.51 33136 14895.07 0.51 15774 8335.86 0.61 1551661 990746.36 20.92 350 171.42 0.61 32886 19954.93 20.92 10 0 300 980 0 29400 17.0 18.6 17.57 0.1
89100.0 310 151.76 0.51 33446 15046.83 0.51 15780 8341.77 0.61 1567441 999088.13 20.92 310 171.34 0.61 33196 20126.27 20.92 10 0 300 990 0 29700 17.0 18.6 17.6 0.08
90000.0 310 151.76 0.51 33756 15198.58 0.51 15815 8341.76 0.61 1583256 1007429.89 20.92 310 171.34 0.61 33506 20297.61 20.92 10 0 300 1000 0 30000 17.1 18.5 17.67 0.05
90900.0 376 151.9 0.51 34132 15350.49 0.51 15874 8342.08 0.61 1599130 1015771.97 20.92 370 171.64 0.61 33876 20469.25 20.92 10 0 300 1010 0 30300 17.1 18.5 17.67 0.05
91800.0 354 152.53 0.51 34486 15503.01 0.51 15824 8326.37 0.61 1614954 1024098.34 20.92 350 171.23 0.61 34226 20640.48 20.92 10 0 300 1020 0 30600 17.1 18.5 17.67 0.05
92700.0 310 151.74 0.51 34796 15654.75 0.51 15854 8315.65 0.61 1630808 1032413.99 20.92 310 170.82 0.61 34536 20811.3 20.92 10 0 300 1030 0 30900 17.1 23.8 19.41 2.09
93600.0 310 151.74 0.51 35106 15806.49 0.51 15857 8315.59 0.61 1646665 1040729.58 20.92 310 170.82 0.61 34846 20982.12 20.92 10 0 300 1040 0 31200 17.1 23.8 20.63 4.77
94500.0 376 151.88 0.51 35482 15958.38 0.51 15914 8315.94 0.61 1662579 1049045.52 20.92 370 171.12 0.61 35216 21153.25 20.92 10 0 300 1050 0 31500 17.1 23.8 20.66 4.81
95400.0 354 152.52 0.51 35836 16110.9 0.51 15894 8315.79 0.61 1678473 1057361.31 20.92 350 171.02 0.61 35566 21324.27 20.92 10 0 300 1060 0 31800 17.1 23.8 20.66 4.81
96300.0 310 151.74 0.51 36146 16262.64 0.51 15853 8315.64 0.61 1694326 1065676.95 20.92 310 170.82 0.61 35876 21495.09 20.92 10 0 300 1070 0 32100 17.1 24.0 21.0 4.66
97200.0 310 151.74 0.51 36456 16414.38 0.51 15851 8315.59 0.61 1710177 1073992.54 20.92 310 170.82 0.61 36186 21665.91 20.92 10 0 300 1080 0 32400 17.1 24.0 21.17 4.69
98100.0 376 151.88 0.51 36832 16566.26 0.51 15908 8315.94 0.61 1726085 1082308.48 20.92 370 171.12 0.61 36556 21837.03 20.92 10 0 300 1090 0 32700 17.4 24.0 21.17 4.68
99000.0 354 152.51 0.51 37186 16718.77 0.51 15887 8306.97 0.6 1741972 1090615.45 20.92 350 170.85 0.6 36906 22007.88 20.92 10 0 300 1100 0 33000 17.4 24.0 21.17 4.68
99900.0 310 151.73 0.51 37496 16870.51 0.51 15850 8306.8 0.6 1757822 1098922.25 20.92 310 170.64 0.6 37216 22178.53 20.92 10 0 300 1110 0 33300 17.4 24.0 21.4 4.04
100800.0 310 151.73 0.51 37806 17022.24 0.51 15849 8306.76 0.6 1773671 1107229.01 20.92 310 170.65 0.6 37526 22349.17 20.92 10 0 300 1120 0 33600 17.5 24.0 21.53 3.85
101700.0 376 151.88 0.51 38182 17174.12 0.51 15909 8307.1 0.6 1789580 1115536.11 20.92 370 170.95 0.6 37896 22520.12 20.92 10 0 300 1130 0 33900 17.8 24.0 21.53 3.83
102600.0 354 152.51 0.51 38536 17326.63 0.51 15881 8305.18 0.6 1805461 1123841.3 20.92 350 170.81 0.6 38246 22690.93 20.92 10 0 300 1140 0 34200 17.8 24.0 21.53 3.83
103500.0 310 151.73 0.51 38846 17478.36 0.51 15846 8304.96 0.6 1821307 1132146.25 20.92 310 170.61 0.6 38556 22861.54 20.92 10 0 300 1150 0 34500 17.8 24.0 21.68 3.24
104400.0 310 151.73 0.51 39156 17630.09 0.51 15847 8304.98 0.6 1837154 1140451.23 20.92 310 170.61 0.6 38866 23032.16 20.92 10 0 300 1160 0 34800 18.0 24.0 21.82 3.04
105300.0 376 151.88 0.51 39532 17781.97 0.51 15904 8305.26 0.6 1853058 1148756.49 20.92 370 170.91 0.6 39236 23203.07 20.92 10 0 300 1170 0 35100 18.5 24.0 21.83 3.01
106200.0 354 152.51 0.51 39886 17934.48 0.51 15882 8300.6 0.6 1868940 1157057.09 20.92 350 170.72 0.6 39586 23373.79 20.92 10 0 300 1180 0 35400 18.5 24.0 21.83 3.01
107100.0 310 151.72 0.51 40196 18086.2 0.51 15842 8291.31 0.6 1884782 1165348.39 20.92 310 170.34 0.6 39896 23544.13 20.92 10 0 300 1190 0 35700 18.5 24.0 21.82 2.82
108000.0 310 151.72 0.51 40506 18237.92 0.51 15839 8291.32 0.6 1900621 1173639.71 20.92 310 170.34 0.6 40206 23714.47 20.92 10 0 300 1200 0 36000 18.8 24.0 21.83 2.79
108900.0 376 151.87 0.51 40882 18389.79 0.51 15893 8291.6 0.6 1916514 1181931.31 20.92 370 170.64 0.6 40576 23885.11 20.92 10 0 300 1210 0 36300 18.9 24.0 21.83 2.79
109800.0 354 152.5 0.51 41236 18542.29 0.51 15872 8291.52 0.6 1932386 1190222.83 20.92 350 170.54 0.6 40926 24055.65 20.92 10 0 300 1220 0 36600 18.9 24.0 21.83 2.79
110700.0 310 151.72 0.51 41546 18694.01 0.51 15837 8291.3 0.6 1948223 1198514.13 20.92 310 170.34 0.6 41236 24225.99 20.92 10 0 300 1230 0 36900 18.9 24.0 21.71 2.74
111600.0 310 151.72 0.51 41856 18845.74 0.51 15829 8291.32 0.6 1964052 1206805.45 20.92 310 170.34 0.6 41546 24396.33 20.92 10 0 300 1240 0 37200 18.9 24.0 21.65 2.61
112500.0 376 151.87 0.51 42232 18997.6 0.51 15886 8291.6 0.6 1979938 1215097.05 20.92 370 170.64 0.6 41916 24566.97 20.92 10 0 300 1250 0 37500 18.9 23.9 21.65 2.61
113400.0 354 152.5 0.51 42586 19150.1 0.51 15860 8291.52 0.6 1995798 1223388.57 20.92 350 170.54 0.6 42266 24737.52 20.92 10 0 300 1260 0 37800 18.9 23.9 21.65 2.61
114300.0 310 151.72 0.51 42896 19301.83 0.51 15832 8291.3 0.6 2011630 1231679.87 20.92 310 170.34 0.6 42576 24907.86 20.92 10 0 300 1270 0 38100 18.9 23.9 22.95 0.69
115200.0 310 151.72 0.51 43206 19453.55 0.51 15832 8291.32 0.6 2027462 1239971.18 20.92 310 170.34 0.6 42886 25078.2 20.92 10 0 300 1280 0 38400 18.9 24.0 23.48 0.17
116100.0 376 151.87 0.51 43582 19605.42 0.51 15892 8291.6 0.6 2043354 1248262.79 20.92 370 170.64 0.6 43256 25248.84 20.92 10 0 300 1290 0 38700 22.6 24.0 23.51 0.04
117000.0 354 152.5 0.51 43936 19757.92 0.51 15869 8291.52 0.6 2059223 1256554.3 20.92 350 170.54 0.6 43606 25419.38 20.92 10 0 300 1300 0 39000 22.6 24.0 23.51 0.04
117900.0 310 151.72 0.51 44246 19909.64 0.51 15829 8291.3 0.6 2075052 1264845.6 20.92 310 170.34 0.6 43916 25589.72 20.92 10 0 300 1310 0 39300 22.6 24.0 23.56 0.02
118800.0 310 151.72 0.51 44556 20061.36 0.51 15828 8291.32 0.6 2090880 1273136.92 20.92 310 170.34 0.6 44226 25760.06 20.92 10 0 300 1320 0 39600 22.7 24.0 23.6 0.02
119700.0 376 151.87 0.51 44932 20213.23 0.51 15886 8291.6 0.6 2106766 1281428.52 20.92 370 170.64 0.6 44596 25930.7 20.92 10 0 300 1330 0 39900 22.7 24.0 23.6 0.02
120600.0 354 152.5 0.51 45286 20365.73 0.51 15866 8291.52 0.6 2122632 1289720.04 20.92 350 170.54 0.6 44946 26101.24 20.92 10 0 300 1340 0 40200 22.7 24.0 23.6 0.02
121500.0 310 151.72 0.51 45596 20517.45 0.51 15824 8291.3 0.6 2138456 1298011.34 20.92 310 170.34 0.6 45256 26271.58 20.92 10 0 300 1350 0 40500 22.7 24.0 23.64 0.01
122400.0 310 151.72 0.51 45906 20669.18 0.51 15822 8291.32 0.6 2154278 1306302.66 20.92 310 170.34 0.6 45566 26441.92 20.92 10 0 300 1360 0 40800 22.8 24.0 23.66 0.01
123300.0 376 151.87 0.51 46282 20821.04 0.51 15882 8291.6 0.6 2170160 1314594.26 20.92 370 170.64 0.6 45936 26612.57 20.92 10 0 300 1370 0 41100 22.8 24.0 23.66 0.01
124200.0 354 152.5 0.51 46636 20973.54 0.51 15862 8291.52 0.6 2186022 1322885.78 20.92 350 170.54 0.6 46286 26783.11 20.92 10 0 300 1380 0 41400 22.8 24.0 23.66 0.01
125100.0 310 151.72 0.51 46946 21125.27 0.51 15818 8291.3 0.6 2201840 1331177.07 20.92 310 170.34 0.6 46596 26953.45 20.92 10 0 300 1390 0 41700 22.8 24.0 23.69 0.01
126000.0 310 151.72 0.51 47256 21276.99 0.51 15818 8291.32 0.6 2217658 1339468.39 20.92 310 170.34 0.6 46906 27123.79 20.92 10 0 300 1400 0 42000 22.9 24.0 23.72 0.01
126900.0 376 151.87 0.51 47632 21428.86 0.51 15877 8291.6 0.6 2233535 1347759.99 20.92 370 170.64 0.6 47276 27294.43 20.92 10 0 300 1410 0 42300 22.9 24.0 23.72 0.01
127800.0 354 152.5 0.51 47986 21581.36 0.51 15857 8291.52 0.6 2249392 1356051.51 20.92 350 170.54 0.6 47626 27464.97 20.92 10 0 300 1420 0 42600 22.9 24.0 23.72 0.01
128700.0 310 151.72 0.51 48296 21733.08 0.51 15817 8291.3 0.6 2265209 1364342.81 20.92 310 170.34 0.6 47936 27635.31 20.92 10 0 300 1430 0 42900 22.9 24.0 23.75 0.01
129600.0 310 151.72 0.51 48606 21884.8 0.51 15817 8291.32 0.6 2281026 1372634.13 20.92 310 170.34 0.6 48246 27805.65 20.92 10 0 300 1440 0 43200 23.1 24.0 23.77 0.01
130500.0 376 151.87 0.51 48982 22036.67 0.51 15873 8291.6 0.6 2296899 1380925.73 20.92 370 170.64 0.6 48616 27976.29 20.92 10 0 300 1450 0 43500 23.1 24.0 23.77 0.01
131400.0 354 152.5 0.51 49336 22189.17 0.51 15853 8291.52 0.6 2312752 1389217.25 20.92 350 170.54 0.6 48966 28146.84 20.92 10 0 300 1460 0 43800 23.1 24.0 23.77 0.01
132300.0 310 151.72 0.51 49646 22340.89 0.51 15813 8291.3 0.6 2328565 1397508.55 20.92 310 170.34 0.6 49276 28317.17 20.92 10 0 300 1470 0 44100 23.1 24.0 23.78 0.01
133200.0 310 151.72 0.51 49956 22492.62 0.51 15812 8291.32 0.6 2344377 1405799.86 20.92 310 170.34 0.6 49586 28487.52 20.92 10 0 300 1480 0 44400 23.2 24.0 23.8 0.01
134100.0 376 151.87 0.51 50332 22644.48 0.51 15872 8291.6 0.6 2360249 1414091.46 20.92 370 170.64 0.6 49956 28658.16 20.92 10 0 300 1490 0 44700 23.2 24.0 23.8 0.01
135000.0 354 152.5 0.51 50686 22796.98 0.51 15852 8291.52 0.6 2376101 1422382.98 20.92 350 170.54 0.6 50306 28828.7 20.92 10 0 300 1500 0 45000 23.2 24.0 23.8 0.01
135900.0 310 151.72 0.51 50996 22948.71 0.51 15807 8291.3 0.6 2391908 1430674.28 20.92 310 170.34 0.6 50616 28999.04 20.92 10 0 300 1510 0 45300 23.2 24.0 23.83 0.01
136800.0 310 151.72 0.51 51306 23100.43 0.51 15807 8291.32 0.6 2407715 1438965.6 20.92 310 170.34 0.6 50926 29169.38 20.92 10 0 300 1520 0 45600 23.3 24.0 23.84 0.01
137700.0 376 151.87 0.51 51682 23252.3 0.51 15867 8291.6 0.6 2423582 1447257.2 20.92 370 170.64 0.6 51296 29340.02 20.92 10 0 300 1530 0 45900 23.3 24.0 23.84 0.01
138600.0 354 152.5 0.51 52036 23404.8 0.51 15844 8291.52 0.6 2439426 1455548.72 20.92 350 170.54 0.6 51646 29510.56 20.92 10 0 300 1540 0 46200 23.3 24.0 23.84 0.01
139500.0 310 151.72 0.51 52346 23556.52 0.51 15804 8291.3 0.6 2455230 1463840.01 20.92 310 170.34 0.6 51956 29680.9 20.92 10 0 300 1550 0 46500 23.3 24.0 23.85 0.01
140400.0 310 151.72 0.51 52656 23708.24 0.51 15803 8291.32 0.6 2471033 1472131.33 20.92 310 170.34 0.6 52266 29851.24 20.92 10 0 300 1560 0 46800 23.4 24.0 23.86 0.01
141300.0 376 151.87 0.51 53032 23860.11 0.51 15860 8291.6 0.6 2486893 1480422.93 20.92 370 170.64 0.6 52636 30021.88 20.92 10 0 300 1570 0 47100 23.4 24.0 23.86 0.01
142200.0 354 152.5 0.51 53386 24012.61 0.51 15840 8291.52 0.6 2502733 1488714.45 20.92 350 170.54 0.6 52986 30192.43 20.92 10 0 300 1580 0 47400 23.4 24.0 23.86 0.01
143100.0 310 151.72 0.51 53696 24164.33 0.51 15799 8291.3 0.6 2518532 1497005.75 20.92 310 170.34 0.6 53296 30362.76 20.92 10 0 300 1590 0 47700 23.4 24.0 23.87 0.01
144000.0 310 151.72 0.51 54006 24316.06 0.51 15793 8291.32 0.6 2534325 1505297.07 20.92 310 170.34 0.6 53606 30533.11 20.92 10 0 300 1600 0 48000 23.5 24.0 23.88 0.01
144900.0 376 151.87 0.51 54382 24467.92 0.51 15853 8291.6 0.6 2550178 1513588.67 20.92 370 170.64 0.6 53976 30703.75 20.92 10 0 300 1610 0 48300 23.5 24.0 23.88 0.01
145800.0 354 152.5 0.51 54736 24620.42 0.51 15833 8291.52 0.6 2566011 1521880.18 20.92 350 170.54 0.6 54326 30874.29 20.92 10 0 300 1620 0 48600 23.5 24.0 23.88 0.01
146700.0 310 151.72 0.51 55046 24772.15 0.51 15791 8291.3 0.6 2581802 1530171.48 20.92 310 170.34 0.6 54636 31044.63 20.92 10 0 300 1630 0 48900 23.5 24.0 23.88 0.01
147600.0 310 151.72 0.51 55356 24923.87 0.51 15791 8291.32 0.6 2597593 1538462.8 20.92 310 170.34 0.6 54946 31214.97 20.92 10 0 300 1640 0 49200 23.6 24.0 23.88 0.01
148500.0 376 151.87 0.51 55732 25075.74 0.51 15849 8291.6 0.6 2613442 1546754.4 20.92 370 170.64 0.6 55316 31385.61 20.92 10 0 300 1650 0 49500 23.6 24.0 23.88 0.01
149400.0 354 152.5 0.51 56086 25228.24 0.51 15829 8291.52 0.6 2629271 1555045.92 20.92 350 170.54 0.6 55666 31556.15 20.92 10 0 300 1660 0 49800 23.6 24.0 23.88 0.01
150300.0 310 151.72 0.51 56396 25379.96 0.51 15789 8291.3 0.6 2645060 1563337.22 20.92 310 170.34 0.6 55976 31726.49 20.92 10 0 300 1670 0 50100 23.6 24.0 23.89 0.01
151200.0 310 151.72 0.51 56706 25531.68 0.51 15789 8291.32 0.6 2660849 1571628.53 20.92 310 170.34 0.6 56286 31896.83 20.92 10 0 300 1680 0 50400 23.7 24.0 23.9 0.01
152100.0 376 151.87 0.51 57082 25683.55 0.51 15847 8291.6 0.6 2676696 1579920.13 20.92 370 170.64 0.6 56656 32067.47 20.92 10 0 300 1690 0 50700 23.7 24.0 23.9 0.01
153000.0 354 152.5 0.51 57436 25836.05 0.51 15827 8291.52 0.6 2692523 1588211.65 20.92 350 170.54 0.6 57006 32238.02 20.92 10 0 300 1700 0 51000 23.7 24.0 23.9 0.01
153900.0 310 151.72 0.51 57746 25987.77 0.51 15786 8291.3 0.6 2708309 1596502.95 20.92 310 170.34 0.6 57316 32408.35 20.92 10 0 300 1710 0 51300 23.7 24.0 23.89 0.01
154800.0 310 151.72 0.51 58056 26139.5 0.51 15785 8291.32 0.6 2724094 1604794.27 20.92 310 170.34 0.6 57626 32578.7 20.92 10 0 300 1720 0 51600 23.6 24.0 23.89 0.01
155700.0 376 151.87 0.51 58432 26291.36 0.51 15845 8291.6 0.6 2739939 1613085.87 20.92 370 170.64 0.6 57996 32749.34 20.92 10 0 300 1730 0 51900 23.6 24.0 23.89 0.01
156600.0 354 152.5 0.51 58786 26443.86 0.51 15824 8291.52 0.6 2755763 1621377.39 20.92 350 170.54 0.6 58346 32919.88 20.92 10 0 300 1740 0 52200 23.6 24.0 23.89 0.01
157500.0 310 151.72 0.51 59096 26595.59 0.51 15781 8291.3 0.6 2771544 1629668.68 20.92 310 170.34 0.6 58656 33090.22 20.92 10 0 300 1750 0 52500 23.6 24.0 23.88 0.01
158400.0 310 151.72 0.51 59406 26747.31 0.51 15781 8291.32 0.6 2787325 1637960.0 20.92 310 170.34 0.6 58966 33260.56 20.92 10 0 300 1760 0 52800 23.5 24.0 23.88 0.01
159300.0 376 151.87 0.51 59782 26899.18 0.51 15841 8291.6 0.6 2803166 1646251.6 20.92 370 170.64 0.6 59336 33431.2 20.92 10 0 300 1770 0 53100 23.5 24.0 23.88 0.01
160200.0 354 152.5 0.51 60136 27051.68 0.51 15818 8291.52 0.6 2818984 1654543.12 20.92 350 170.54 0.6 59686 33601.74 20.92 10 0 300 1780 0 53400 23.5 24.0 23.88 0.01
161100.0 310 151.72 0.51 60446 27203.4 0.51 15778 8291.3 0.6 2834762 1662834.42 20.92 310 170.34 0.6 59996 33772.08 20.92 10 0 300 1790 0 53700 23.5 24.0 23.86 0.01
162000.0 310 151.72 0.51 60756 27355.12 0.51 15776 8291.32 0.6 2850538 1671125.73 20.92 310 170.34 0.6 60306 33942.42 20.92 10 0 300 1800 0 54000 23.4 24.0 23.86 0.01
162900.0 376 151.86 0.51 61132 27506.99 0.51 15835 8291.6 0.6 2866373 1679417.33 20.92 370 170.64 0.6 60676 34113.06 20.92 10 0 300 1810 0 54300 23.4 24.0 23.86 0.01
163800.0 354 152.5 0.51 61486 27659.49 0.51 15814 8291.52 0.6 2882187 1687708.85 20.92 350 170.54 0.6 61026 34283.61 20.92 10 0 300 1820 0 54600 23.4 24.0 23.86 0.01
164700.0 310 151.72 0.51 61796 27811.21 0.51 15773 8291.3 0.6 2897960 1696000.15 20.92 310 170.34 0.6 61336 34453.94 20.92 10 0 300 1830 0 54900 23.4 24.0 23.83 0.02
165600.0 310 151.72 0.51 62106 27962.93 0.51 15766 8291.32 0.6 2913726 1704291.47 20.92 310 170.34 0.6 61646 34624.29 20.92 10 0 300 1840 0 55200 23.3 24.0 23.82 0.02
166500.0 376 151.87 0.51 62482 28114.8 0.51 15826 8291.6 0.6 2929552 1712583.07 20.92 370 170.64 0.6 62016 34794.93 20.92 10 0 300 1850 0 55500 23.3 24.0 23.82 0.02
167400.0 354 152.5 0.51 62836 28267.3 0.51 15805 8291.52 0.6 2945357 1720874.58 20.92 350 170.54 0.6 62366 34965.47 20.92 10 0 300 1860 0 55800 23.3 24.0 23.82 0.02
168300.0 310 151.72 0.51 63146 28419.02 0.51 15765 8291.3 0.6 2961122 1729165.88 20.92 310 170.34 0.6 62676 35135.81 20.92 10 0 300 1870 0 56100 23.3 24.0 23.8 0.02
169200.0 310 151.72 0.51 63456 28570.75 0.51 15764 8291.32 0.6 2976886 1737457.2 20.92 310 170.34 0.6 62986 35306.15 20.92 10 0 300 1880 0 56400 23.2 24.0 23.79 0.02
170100.0 376 151.86 0.51 63832 28722.61 0.51 15821 8291.6 0.6 2992707 1745748.8 20.92 370 170.64 0.6 63356 35476.79 20.92 10 0 300 1890 0 56700 23.2 24.0 23.79 0.02
171000.0 354 152.5 0.51 64186 28875.11 0.51 15798 8291.52 0.6 3008505 1754040.32 20.92 350 170.54 0.6 63706 35647.33 20.92 10 0 300 1900 0 57000 23.2 24.0 23.79 0.02
171900.0 310 151.72 0.51 64496 29026.83 0.51 15758 8291.3 0.6 3024263 1762331.61 20.92 310 170.34 0.6 64016 35817.67 20.92 10 0 300 1910 0 57300 23.2 24.0 23.76 0.02
172800.0 310 151.72 0.51 64806 29178.56 0.51 15758 8291.32 0.6 3040021 1770622.93 20.92 310 170.34 0.6 64326 35988.01 20.92 10 0 300 1920 0 57600 23.1 24.0 23.74 0.02
173700.0 376 151.87 0.51 65182 29330.42 0.51 15811 8291.6 0.6 3055832 1778914.53 20.92 370 170.64 0.6 64696 36158.65 20.92 10 0 300 1930 0 57900 23.1 24.0 23.74 0.02
174600.0 354 152.5 0.51 65536 29482.92 0.51 15789 8291.52 0.6 3071621 1787206.05 20.92 350 170.54 0.6 65046 36329.2 20.92 10 0 300 1940 0 58200 23.1 24.0 23.74 0.02
175500.0 310 151.72 0.51 65846 29634.65 0.51 15747 8291.3 0.6 3087368 1795497.34 20.92 310 170.34 0.6 65356 36499.53 20.92 10 0 300 1950 0 58500 23.1 24.0 23.71 0.03
176400.0 310 151.72 0.51 66156 29786.37 0.51 15744 8291.32 0.6 3103112 1803788.66 20.92 310 170.34 0.6 65666 36669.88 20.92 10 0 300 1960 0 58800 22.9 24.0 23.68 0.03
177300.0 376 151.87 0.51 66532 29938.24 0.51 15803 8291.6 0.6 3118915 1812080.26 20.92 370 170.64 0.6 66036 36840.52 20.92 10 0 300 1970 0 59100 22.9 23.9 23.67 0.03
178200.0 354 152.5 0.51 66886 30090.74 0.51 15779 8291.52 0.6 3134694 1820371.78 20.92 350 170.54 0.6 66386 37011.06 20.92 10 0 300 1980 0 59400 22.9 23.9 23.67 0.03
179100.0 310 151.72 0.51 67196 30242.46 0.51 15735 8291.3 0.6 3150429 1828663.08 20.92 310 170.34 0.6 66696 37181.4 20.92 10 0 300 1990 0 59700 22.9 23.9 23.62 0.03
180000.0 310 151.72 0.51 67506 30394.18 0.51 15740 8291.32 0.6 3166169 1836954.39 20.92 310 170.34 0.6 67006 37351.74 20.92 10 0 300 2000 0 60000 22.8 23.9 23.58 0.02
180900.0 376 151.87 0.51 67882 30546.05 0.51 15797 8291.6 0.6 3181966 1845245.99 20.92 370 170.64 0.6 67376 37522.38 20.92 10 0 300 2010 0 60300 22.8 23.9 23.58 0.02
181800.0 354 152.5 0.51 68236 30698.55 0.51 15765 8291.52 0.6 3197731 1853537.51 20.92 350 170.54 0.6 67726 37692.92 20.92 10 0 300 2020 0 60600 22.8 23.9 23.58 0.02
182700.0 310 151.72 0.51 68546 30850.27 0.51 15730 8291.3 0.6 3213461 1861828.81 20.92 310 170.34 0.6 68036 37863.26 20.92 10 0 300 2030 0 60900 22.8 23.8 23.51 0.03
183600.0 310 151.72 0.51 68856 31002.0 0.51 15733 8291.32 0.6 3229194 1870120.12 20.92 310 170.34 0.6 68346 38033.6 20.92 10 0 300 2040 0 61200 22.7 23.8 23.44 0.02
184500.0 376 151.87 0.51 69232 31153.86 0.51 15787 8291.6 0.6 3244981 1878411.72 20.92 370 170.64 0.6 68716 38204.24 20.92 10 0 300 2050 0 61500 22.7 23.8 23.44 0.02
185400.0 354 152.5 0.51 69586 31306.36 0.51 15761 8291.52 0.6 3260742 1886703.24 20.92 350 170.54 0.6 69066 38374.79 20.92 10 0 300 2060 0 61800 22.7 23.8 23.44 0.02
186300.0 310 151.72 0.51 69896 31458.09 0.51 15728 8291.3 0.6 3276470 1894994.54 20.92 310 170.34 0.6 69376 38545.12 20.92 10 0 300 2070 0 62100 22.7 23.7 23.35 0.03
187200.0 310 151.72 0.51 70206 31609.81 0.51 15725 8291.32 0.6 3292195 1903285.85 20.92 310 170.34 0.6 69686 38715.47 20.92 10 0 300 2080 0 62400 22.4 23.7 23.27 0.02
188100.0 376 151.87 0.51 70582 31761.68 0.51 15784 8291.6 0.6 3307979 1911577.45 20.92 370 170.64 0.6 70056 38886.11 20.92 10 0 300 2090 0 62700 22.4 23.7 23.26 0.02
189000.0 354 152.5 0.51 70936 31914.18 0.51 15759 8291.52 0.6 3323738 1919868.97 20.92 350 170.54 0.6 70406 39056.65 20.92 10 0 300 2100 0 63000 22.4 23.7 23.26 0.02
189900.0 310 151.72 0.51 71246 32065.9 0.51 15720 8291.3 0.6 3339458 1928160.27 20.92 310 170.34 0.6 70716 39226.99 20.92 10 0 300 2110 0 63300 22.4 23.6 23.13 0.03
190800.0 310 151.72 0.51 71556 32217.62 0.51 15720 8291.32 0.6 3355178 1936451.58 20.92 310 170.34 0.6 71026 39397.33 20.92 10 0 300 2120 0 63600 22.1 23.5 23.02 0.03
191700.0 376 151.87 0.51 71932 32369.49 0.51 15778 8291.6 0.6 3370956 1944743.18 20.92 370 170.64 0.6 71396 39567.97 20.92 10 0 300 2130 0 63900 22.1 23.5 23.02 0.02
192600.0 354 152.5 0.51 72286 32521.99 0.51 15741 8291.52 0.6 3386697 1953034.7 20.92 350 170.54 0.6 71746 39738.51 20.92 10 0 300 2140 0 64200 22.1 23.5 23.02 0.02
193500.0 310 151.72 0.51 72596 32673.72 0.51 15708 8291.3 0.6 3402405 1961325.99 20.92 310 170.34 0.6 72056 39908.85 20.92 10 0 300 2150 0 64500 22.1 23.4 22.87 0.03
194400.0 310 151.72 0.51 72906 32825.44 0.51 15713 8291.32 0.6 3418118 1969617.31 20.92 310 170.34 0.6 72366 40079.19 20.92 10 0 300 2160 0 64800 22.0 23.3 22.74 0.03
195300.0 376 151.87 0.51 73282 32977.31 0.51 15765 8291.6 0.6 3433883 1977908.91 20.92 370 170.64 0.6 72736 40249.83 20.92 10 0 300 2170 0 65100 22.0 23.3 22.73 0.03
196200.0 354 152.5 0.51 73636 33129.81 0.51 15745 8291.52 0.6 3449628 1986200.43 20.92 350 170.54 0.6 73086 40420.38 20.92 10 0 300 2180 0 65400 22.0 23.3 22.73 0.03
197100.0 310 151.72 0.51 73946 33281.53 0.51 15709 8291.3 0.6 3465337 1994491.72 20.92 310 170.34 0.6 73396 40590.72 20.92 10 0 300 2190 0 65700 22.0 23.1 22.58 0.02
198000.0 310 151.72 0.51 74256 33433.25 0.51 15689 8291.32 0.6 3481026 2002783.04 20.92 310 170.34 0.6 73706 40761.06 20.92 10 0 300 2200 0 66000 22.0 23.1 22.42 0.03
198900.0 376 151.87 0.51 74632 33585.12 0.51 15749 8291.6 0.6 3496775 2011074.64 20.92 370 170.64 0.6 74076 40931.7 20.92 10 0 300 2210 0 66300 22.0 23.1 22.42 0.03
199800.0 354 152.5 0.51 74986 33737.62 0.51 15728 8291.52 0.6 3512503 2019366.15 20.92 350 170.54 0.6 74426 41102.24 20.92 10 0 300 2220 0 66600 22.0 23.1 22.42 0.03
200700.0 310 151.72 0.51 75296 33889.34 0.51 15692 8291.3 0.6 3528195 2027657.45 20.92 310 170.34 0.6 74736 41272.58 20.92 10 0 300 2230 0 66900 22.0 22.8 22.26 0.02
201600.0 310 151.72 0.51 75606 34041.07 0.51 15693 8291.32 0.6 3543888 2035948.77 20.92 310 170.34 0.6 75046 41442.92 20.92 10 0 300 2240 0 67200 22.0 22.8 22.19 0.02
202500.0 376 151.87 0.51 75982 34192.93 0.51 15751 8291.6 0.6 3559639 2044240.37 20.92 370 170.64 0.6 75416 41613.56 20.92 10 0 300 2250 0 67500 22.0 22.8 22.19 0.02
203400.0 354 152.5 0.51 76336 34345.43 0.51 15729 8291.52 0.6 3575368 2052531.88 20.92 350 170.54 0.6 75766 41784.1 20.92 10 0 300 2260 0 67800 22.0 22.8 22.19 0.02
204300.0 310 151.72 0.51 76646 34497.16 0.51 15692 8291.3 0.6 3591060 2060823.18 20.92 310 170.34 0.6 76076 41954.44 20.92 10 0 300 2270 0 68100 22.0 22.6 22.07 0.01
205200.0 310 151.72 0.51 76956 34648.88 0.51 15692 8291.32 0.6 3606752 2069114.49 20.92 310 170.34 0.6 76386 42124.78 20.92 10 0 300 2280 0 68400 22.0 22.6 22.06 0.01
206100.0 376 151.86 0.51 77332 34800.74 0.51 15752 8291.6 0.6 3622504 2077406.09 20.92 370 170.64 0.6 76756 42295.42 20.92 10 0 300 2290 0 68700 22.0 22.6 22.06 0.01
207000.0 354 152.5 0.51 77686 34953.24 0.51 15727 8291.52 0.6 3638231 2085697.61 20.92 350 170.54 0.6 77106 42465.97 20.92 10 0 300 2300 0 69000 22.0 22.6 22.06 0.01
207900.0 310 151.72 0.51 77996 35104.97 0.51 15689 8291.3 0.6 3653920 2093988.91 20.92 310 170.34 0.6 77416 42636.31 20.92 10 0 300 2310 0 69300 22.0 22.2 22.02 0.0
208800.0 310 151.72 0.51 78306 35256.69 0.51 15686 8291.32 0.6 3669606 2102280.22 20.92 310 170.34 0.6 77726 42806.65 20.92 10 0 300 2320 0 69600 22.0 22.2 22.02 0.0
209700.0 376 151.87 0.51 78682 35408.56 0.51 15745 8291.6 0.6 3685351 2110571.82 20.92 370 170.64 0.6 78096 42977.29 20.92 10 0 300 2330 0 69900 22.0 22.2 22.02 0.0
210600.0 354 152.5 0.51 79036 35561.06 0.51 15719 8291.52 0.6 3701070 2118863.34 20.92 350 170.54 0.6 78446 43147.83 20.92 10 0 300 2340 0 70200 22.0 22.2 22.02 0.0
211500.0 310 151.72 0.51 79346 35712.78 0.51 15675 8291.3 0.6 3716745 2127154.63 20.92 310 170.34 0.6 78756 43318.17 20.92 10 0 300 2350 0 70500 22.0 22.0 22.0 0.0
212400.0 310 151.72 0.51 79656 35864.5 0.51 15673 8291.32 0.6 3732418 2135445.95 20.92 310 170.34 0.6 79066 43488.51 20.92 10 0 300 2360 0 70800 22.0 22.0 22.0 0.0
213300.0 376 151.86 0.51 80032 36016.36 0.51 15730 8291.6 0.6 3748148 2143737.55 20.92 370 170.64 0.6 79436 43659.15 20.92 10 0 300 2370 0 71100 22.0 22.0 22.0 0.0
214200.0 354 152.5 0.51 80386 36168.86 0.51 15703 8291.52 0.6 3763851 2152029.06 20.92 350 170.54 0.6 79786 43829.69 20.92 10 0 300 2380 0 71400 22.0 22.0 22.0 0.0
215100.0 310 151.72 0.51 80696 36320.59 0.51 15661 8291.3 0.6 3779512 2160320.36 20.92 310 170.34 0.6 80096 44000.03 20.92 10 0 300 2390 0 71700 22.0 22.0 22.0 0.0
216000.0 310 151.72 0.51 81006 36472.31 0.51 15655 8291.31 0.6 3795167 2168611.67 20.92 310 170.34 0.6 80406 44170.37 20.92 10 0 300 2400 0 72000 22.0 22.0 22.0 0.0
216900.0 376 151.87 0.51 81382 36624.18 0.51 15711 8291.6 0.6 3810878 2176903.27 20.92 370 170.64 0.6 80776 44341.01 20.92 10 0 300 2410 0 72300 22.0 22.0 22.0 0.0
217800.0 354 152.5 0.51 81736 36776.68 0.51 15687 8291.52 0.6 3826565 2185194.79 20.92 350 170.54 0.6 81126 44511.56 20.92 10 0 300 2420 0 72600 22.0 22.0 22.0 0.0
218700.0 310 151.72 0.51 82046 36928.4 0.51 15641 8291.3 0.6 3842206 2193486.09 20.92 310 170.34 0.6 81436 44681.9 20.92 10 0 300 2430 0 72900 22.0 22.0 22.0 0.0
219600.0 310 151.72 0.51 82356 37080.12 0.51 15638 8291.31 0.6 3857844 2201777.4 20.92 310 170.34 0.6 81746 44852.24 20.92 10 0 300 2440 0 73200 22.0 22.0 22.0 0.0
220500.0 376 151.87 0.51 82732 37231.99 0.51 15692 8291.6 0.6 3873536 2210069.0 20.92 370 170.64 0.6 82116 45022.88 20.92 10 0 300 2450 0 73500 22.0 22.0 22.0 0.0
221400.0 354 152.5 0.51 83086 37384.49 0.51 15668 8295.5 0.6 3889204 2218364.5 20.92 350 170.62 0.6 82466 45193.5 20.92 10 0 300 2460 0 73800 22.0 22.0 22.0 0.0
222300.0 310 151.73 0.51 83396 37536.22 0.51 15720 8297.47 0.6 3904924 2226661.97 20.92 310 170.46 0.6 82776 45363.96 20.92 10 0 300 2470 0 74100 20.8 22.0 21.3 0.06
223200.0 310 151.73 0.51 83706 37687.95 0.51 15752 8297.49 0.6 3920676 2234959.46 20.92 310 170.46 0.6 83086 45534.43 20.92 10 0 300 2480 0 74400 19.9 22.0 20.59 0.15
224100.0 376 151.87 0.51 84082 37839.82 0.51 15812 8297.77 0.6 3936488 2243257.24 20.92 370 170.76 0.6 83456 45705.19 20.92 10 0 300 2490 0 74700 19.8 21.8 20.56 0.13
225000.0 354 152.5 0.51 84436 37992.32 0.51 15792 8296.14 0.6 3952280 2251553.38 20.92 350 170.63 0.6 83806 45875.82 20.92 10 0 300 2500 0 75000 19.8 21.8 20.56 0.13
225900.0 310 151.73 0.51 84746 38144.05 0.51 15755 8296.86 0.6 3968035 2259850.24 20.92 310 170.45 0.6 84116 46046.27 20.92 10 0 300 2510 0 75300 19.8 21.7 20.5 0.12
226800.0 310 151.73 0.51 85056 38295.78 0.51 15756 8296.88 0.6 3983791 2268147.11 20.92 310 170.45 0.6 84426 46216.72 20.92 10 0 300 2520 0 75600 19.8 21.7 20.46 0.14
227700.0 376 151.87 0.51 85432 38447.65 0.51 15816 8297.16 0.6 3999607 2276444.27 20.92 370 170.75 0.6 84796 46387.48 20.92 10 0 300 2530 0 75900 19.8 21.7 20.46 0.14
228600.0 354 152.51 0.51 85786 38600.15 0.51 15792 8298.79 0.6 4015399 2284743.07 20.92 350 170.69 0.6 85146 46558.16 20.92 10 0 300 2540 0 76200 19.8 21.7 20.46 0.14
229500.0 310 151.73 0.51 86096 38751.88 0.51 15755 8297.06 0.6 4031154 2293040.13 20.92 310 170.45 0.6 85456 46728.62 20.92 10 0 300 2550 0 76500 19.8 21.6 20.45 0.14
230400.0 310 151.73 0.51 86406 38903.61 0.51 15757 8297.08 0.6 4046911 2301337.21 20.92 310 170.46 0.6 85766 46899.07 20.92 10 0 300 2560 0 76800 19.8 21.6 20.45 0.14
231300.0 376 151.87 0.51 86782 39055.48 0.51 15813 8297.36 0.6 4062724 2309634.57 20.92 370 170.75 0.6 86136 47069.83 20.92 10 0 300 2570 0 77100 19.8 21.6 20.45 0.14
232200.0 354 152.5 0.51 87136 39207.98 0.51 15789 8296.52 0.6 4078513 2317931.09 20.92 350 170.64 0.6 86486 47240.47 20.92 10 0 300 2580 0 77400 19.8 21.6 20.45 0.14
233100.0 310 151.73 0.51 87446 39359.71 0.51 15753 8297.81 0.6 4094266 2326228.9 20.92 310 170.47 0.6 86796 47410.94 20.92 10 0 300 2590 0 77700 19.8 21.5 20.48 0.15
234000.0 310 151.73 0.51 87756 39511.43 0.51 15752 8297.83 0.6 4110018 2334526.73 20.92 310 170.47 0.6 87106 47581.41 20.92 10 0 300 2600 0 78000 19.8 21.5 20.48 0.15
234900.0 376 151.87 0.51 88132 39663.31 0.51 15812 8298.11 0.6 4125830 2342824.84 20.92 370 170.77 0.6 87476 47752.18 20.92 10 0 300 2610 0 78300 19.8 21.5 20.48 0.15
235800.0 354 152.5 0.51 88486 39815.81 0.51 15784 8295.82 0.6 4141614 2351120.66 20.92 350 170.63 0.6 87826 47922.81 20.92 10 0 300 2620 0 78600 19.8 21.5 20.48 0.15
236700.0 310 151.72 0.51 88796 39967.53 0.51 15740 8293.27 0.6 4157354 2359413.93 20.92 310 170.38 0.6 88136 48093.18 20.92 10 0 300 2630 0 78900 19.8 21.4 20.5 0.16
237600.0 310 151.72 0.51 89106 40119.26 0.51 15743 8293.28 0.6 4173097 2367707.21 20.92 310 170.38 0.6 88446 48263.57 20.92 10 0 300 2640 0 79200 19.8 21.4 20.54 0.15
238500.0 376 151.86 0.51 89482 40271.12 0.51 15801 8293.57 0.6 4188898 2376000.78 20.92 370 170.68 0.6 88816 48434.24 20.92 10 0 300 2650 0 79500 19.7 21.4 20.54 0.15
239400.0 354 152.5 0.51 89836 40423.62 0.51 15772 8295.95 0.6 4204670 2384296.73 20.92 350 170.63 0.6 89166 48604.88 20.92 10 0 300 2660 0 79800 19.7 21.4 20.54 0.15
240300.0 310 151.73 0.51 90146 40575.35 0.51 15730 8295.73 0.6 4220400 2392592.45 20.92 310 170.43 0.6 89476 48775.3 20.92 10 0 300 2670 0 80100 19.7 21.5 20.57 0.16
241200.0 310 151.73 0.51 90456 40727.08 0.51 15729 8295.75 0.6 4236129 2400888.2 20.92 310 170.43 0.6 89786 48945.73 20.92 10 0 300 2680 0 80400 19.7 21.6 20.59 0.16
242100.0 376 151.87 0.51 90832 40878.95 0.51 15789 8296.03 0.6 4251918 2409184.23 20.92 370 170.73 0.6 90156 49116.46 20.92 10 0 300 2690 0 80700 19.7 21.6 20.59 0.16
243000.0 354 152.5 0.51 91186 41031.45 0.51 15765 8295.04 0.6 4267683 2417479.27 20.92 350 170.61 0.6 90506 49287.07 20.92 10 0 300 2700 0 81000 19.7 21.6 20.59 0.16
243900.0 310 151.73 0.51 91496 41183.18 0.51 15718 8296.36 0.6 4283401 2425775.64 20.92 310 170.44 0.6 90816 49457.51 20.92 10 0 300 2710 0 81300 19.7 21.7 20.61 0.17
244800.0 310 151.73 0.51 91806 41334.9 0.51 15725 8296.38 0.6 4299126 2434072.02 20.92 310 170.44 0.6 91126 49627.95 20.92 10 0 300 2720 0 81600 19.7 21.8 20.64 0.17
245700.0 376 151.87 0.51 92182 41486.77 0.51 15785 8296.66 0.6 4314911 2442368.68 20.92 370 170.74 0.6 91496 49798.7 20.92 10 0 300 2730 0 81900 19.6 21.8 20.64 0.17
246600.0 354 152.5 0.51 92536 41639.28 0.51 15753 8297.99 0.6 4330664 2450666.67 20.92 350 170.67 0.6 91846 49969.37 20.92 10 0 300 2740 0 82200 19.6 21.8 20.64 0.17
247500.0 310 151.73 0.51 92846 41791.01 0.51 15726 8296.65 0.6 4346390 2458963.32 20.92 310 170.44 0.6 92156 50139.81 20.92 10 0 300 2750 0 82500 19.6 21.8 20.6 0.18
248400.0 310 151.73 0.51 93156 41942.73 0.51 15728 8296.67 0.6 4362118 2467259.99 20.92 310 170.45 0.6 92466 50310.26 20.92 10 0 300 2760 0 82800 19.6 21.9 20.62 0.18
249300.0 376 151.87 0.51 93532 42094.6 0.51 15783 8296.95 0.6 4377901 2475556.95 20.92 370 170.75 0.6 92836 50481.01 20.92 10 0 300 2770 0 83100 19.5 21.9 20.62 0.19
250200.0 354 152.5 0.51 93886 42247.11 0.51 15739 8295.69 0.6 4393640 2483852.64 20.92 350 170.63 0.6 93186 50651.63 20.92 10 0 300 2780 0 83400 19.5 21.9 20.62 0.19
251100.0 310 151.73 0.51 94196 42398.83 0.51 15722 8295.62 0.6 4409362 2492148.26 20.92 310 170.42 0.6 93496 50822.06 20.92 10 0 300 2790 0 83700 19.5 21.9 20.58 0.2
252000.0 310 151.73 0.51 94506 42550.56 0.51 15723 8295.65 0.6 4425085 2500443.9 20.92 310 170.43 0.6 93806 50992.49 20.92 10 0 300 2800 0 84000 19.5 22.0 20.56 0.22
252900.0 376 151.87 0.51 94882 42702.43 0.51 15779 8295.93 0.6 4440864 2508739.83 20.92 370 170.73 0.6 94176 51163.21 20.92 10 0 300 2810 0 84300 19.5 22.0 20.56 0.22
253800.0 354 152.5 0.51 95236 42854.93 0.51 15737 8296.02 0.6 4456601 2517035.85 20.92 350 170.63 0.6 94526 51333.84 20.92 10 0 300 2820 0 84600 19.5 22.0 20.56 0.22
254700.0 310 151.73 0.51 95546 43006.66 0.51 15756 8296.34 0.6 4472357 2525332.2 20.92 310 170.44 0.6 94836 51504.28 20.92 10 0 300 2830 0 84900 19.5 22.0 20.43 0.22
255600.0 310 151.73 0.51 95856 43158.38 0.51 15761 8296.36 0.6 4488118 2533628.56 20.92 310 170.44 0.6 95146 51674.72 20.92 10 0 300 2840 0 85200 19.5 21.8 20.4 0.23
256500.0 376 151.87 0.51 96232 43310.25 0.51 15821 8296.65 0.6 4503939 2541925.21 20.92 370 170.74 0.6 95516 51845.47 20.92 10 0 300 2850 0 85500 19.3 21.8 20.39 0.23
257400.0 354 152.5 0.51 96586 43462.76 0.51 15767 8295.07 0.6 4519706 2550220.28 20.92 350 170.61 0.6 95866 52016.08 20.92 10 0 300 2860 0 85800 19.3 21.8 20.39 0.23
258300.0 310 151.73 0.51 96896 43614.48 0.51 15767 8296.06 0.6 4535473 2558516.34 20.92 310 170.43 0.6 96176 52186.51 20.92 10 0 300 2870 0 86100 19.3 21.8 20.23 0.22
259200.0 310 151.73 0.51 97206 43766.21 0.51 15771 8296.08 0.6 4551244 2566812.42 20.92 310 170.44 0.6 96486 52356.95 20.92 10 0 300 2880 0 86400 19.3 21.8 20.14 0.26
260100.0 376 151.87 0.51 97582 43918.08 0.51 15831 8296.36 0.6 4567075 2575108.79 20.92 370 170.74 0.6 96856 52527.68 20.92 10 0 300 2890 0 86700 19.2 21.6 20.14 0.26
261000.0 356 152.62 0.51 97938 44070.7 0.51 16120 171824.32 20.95 4583195 2746933.11 20.95 352 3336.75 20.95 97208 55864.43 20.95 10 0 300 2900 0 87000 19.2 21.6 20.14 0.26
261900.0 310 151.73 0.51 98248 44222.43 0.51 15822 8323.02 0.6 4599017 2755256.13 20.95 310 170.74 0.6 97518 56035.17 20.95 10 0 300 2910 0 87300 18.9 21.6 19.8 0.23
262800.0 310 151.73 0.51 98558 44374.16 0.51 15826 8323.04 0.6 4614843 2763579.16 20.95 310 170.75 0.6 97828 56205.92 20.95 10 0 300 2920 0 87600 18.9 21.6 19.63 0.25
263700.0 376 151.87 0.51 98934 44526.03 0.51 15886 8323.33 0.6 4630729 2771902.49 20.95 370 171.04 0.6 98198 56376.96 20.95 10 0 300 2930 0 87900 18.9 20.8 19.62 0.24
264600.0 356 152.63 0.51 99290 44678.66 0.51 16177 172009.38 20.95 4646906 2943911.87 20.95 352 3336.25 20.95 98550 59713.21 20.95 10 0 300 2940 0 88200 18.9 20.8 19.62 0.24
265500.0 310 151.76 0.51 99600 44830.42 0.51 15871 8358.8 0.61 4662777 2952270.66 20.95 310 171.47 0.61 98860 59884.68 20.95 10 0 300 2950 0 88500 17.3 20.8 18.37 0.25
266400.0 310 151.76 0.51 99910 44982.18 0.51 15889 8358.82 0.61 4678666 2960629.48 20.95 310 171.47 0.61 99170 60056.15 20.95 10 0 300 2960 0 88800 17.3 20.2 17.83 0.07
267300.0 376 151.9 0.51 100286 45134.09 0.51 15949 8359.11 0.61 4694615 2968988.58 20.95 370 171.77 0.61 99540 60227.93 20.95 10 0 300 2970 0 89100 17.3 18.8 17.81 0.03
268200.0 356 152.66 0.51 100642 45286.74 0.51 16239 171902.72 20.94 4710854 3140891.31 20.95 352 3334.59 20.94 99892 63562.51 20.95 10 0 300 2980 0 89400 17.3 18.8 17.81 0.03
269100.0 310 151.76 0.51 100952 45438.5 0.51 15877 8352.01 0.61 4726731 3149243.32 20.95 310 171.36 0.61 100202 63733.88 20.95 10 0 300 2990 0 89700 17.3 18.8 17.78 0.02
270000.0 310 151.76 0.51 101262 45590.26 0.51 15877 8352.02 0.61 4742608 3157595.34 20.95 310 171.36 0.61 100512 63905.24 20.95 10 0 300 3000 0 90000 17.3 18.7 17.77 0.03
270900.0 376 151.9 0.51 101638 45742.16 0.51 15937 8352.3 0.61 4758545 3165947.64 20.95 370 171.66 0.61 100882 64076.91 20.95 10 0 300 3010 0 90300 17.3 18.7 17.76 0.03
271800.0 354 152.54 0.51 101992 45894.7 0.51 15916 8351.53 0.61 4774461 3174299.17 20.95 350 171.55 0.61 101232 64248.46 20.95 10 0 300 3020 0 90600 17.3 18.7 17.76 0.03
272700.0 310 151.76 0.51 102302 46046.46 0.51 15876 8351.34 0.61 4790337 3182650.51 20.95 310 171.35 0.61 101542 64419.81 20.95 10 0 300 3030 0 90900 17.3 18.7 17.75 0.03
273600.0 310 151.76 0.51 102612 46198.22 0.51 15879 8351.33 0.61 4806216 3191001.83 20.95 310 171.35 0.61 101852 64591.16 20.95 10 0 300 3040 0 91200 17.3 18.6 17.74 0.02
274500.0 376 151.9 0.51 102988 46350.12 0.51 15939 8351.64 0.61 4822155 3199353.47 20.95 370 171.65 0.61 102222 64762.81 20.95 10 0 300 3050 0 91500 17.3 18.6 17.74 0.02
275400.0 354 152.54 0.51 103342 46502.66 0.51 15919 8356.83 0.61 4838074 3207710.31 20.95 350 171.66 0.61 102572 64934.47 20.95 10 0 300 3060 0 91800 17.3 18.6 17.74 0.02
276300.0 310 151.76 0.51 103652 46654.42 0.51 15876 8351.67 0.61 4853950 3216061.98 20.95 310 171.36 0.61 102882 65105.82 20.95 10 0 300 3070 0 92100 17.3 18.6 17.72 0.02
277200.0 310 151.76 0.51 103962 46806.17 0.51 15873 8351.68 0.61 4869823 3224413.66 20.95 310 171.36 0.61 103192 65277.18 20.95 10 0 300 3080 0 92400 17.3 18.5 17.71 0.02
278100.0 376 151.9 0.51 104338 46958.07 0.51 15933 8351.97 0.61 4885756 3232765.63 20.95 370 171.66 0.61 103562 65448.84 20.95 10 0 300 3090 0 92700 17.3 18.5 17.71 0.02
279000.0 354 152.53 0.51 104692 47110.61 0.51 15910 8347.27 0.61 4901666 3241112.9 20.95 350 171.47 0.61 103912 65620.3 20.95 10 0 300 3100 0 93000 17.3 18.5 17.71 0.02
279900.0 310 151.76 0.51 105002 47262.36 0.51 15872 8352.0 0.61 4917538 3249464.9 20.95 310 171.36 0.61 104222 65791.67 20.95 10 0 300 3110 0 93300 17.3 18.5 17.69 0.02
280800.0 310 151.76 0.51 105312 47414.12 0.51 15873 8352.02 0.61 4933411 3257816.92 20.95 310 171.36 0.61 104532 65963.03 20.95 10 0 300 3120 0 93600 17.3 18.4 17.69 0.02
281700.0 376 151.9 0.51 105688 47566.03 0.51 15930 8352.3 0.61 4949341 3266169.22 20.95 370 171.66 0.61 104902 66134.69 20.95 10 0 300 3130 0 93900 17.3 18.4 17.69 0.02
282600.0 354 152.54 0.51 106042 47718.56 0.51 15903 8352.53 0.61 4965244 3274521.75 20.95 350 171.57 0.61 105252 66306.27 20.95 10 0 300 3140 0 94200 17.3 18.4 17.69 0.02
283500.0 310 151.76 0.51 106352 47870.32 0.51 15864 8347.25 0.61 4981108 3282869.0 20.95 310 171.27 0.61 105562 66477.53 20.95 10 0 300 3150 0 94500 17.3 18.4 17.68 0.02
284400.0 310 151.76 0.51 106662 48022.07 0.51 15866 8347.22 0.61 4996974 3291216.22 20.95 310 171.27 0.61 105872 66648.8 20.95 10 0 300 3160 0 94800 17.3 18.3 17.67 0.02
285300.0 376 151.9 0.51 107038 48173.97 0.51 15925 8347.55 0.61 5012899 3299563.77 20.95 370 171.57 0.61 106242 66820.37 20.95 10 0 300 3170 0 95100 17.3 18.3 17.67 0.02
286200.0 354 152.53 0.51 107392 48326.5 0.51 15903 8346.42 0.61 5028802 3307910.2 20.95 350 171.45 0.61 106592 66991.82 20.95 10 0 300 3180 0 95400 17.3 18.3 17.67 0.02
287100.0 310 151.75 0.51 107702 48478.26 0.51 15861 8346.39 0.61 5044663 3316256.58 20.95 310 171.25 0.61 106902 67163.08 20.95 10 0 300 3190 0 95700 17.3 18.3 17.67 0.01
288000.0 310 151.75 0.51 108012 48630.01 0.51 15855 8346.37 0.61 5060518 3324602.95 20.95 310 171.25 0.61 107212 67334.33 20.95 10 0 300 3200 0 96000 17.3 18.2 17.66 0.01
288900.0 376 151.9 0.51 108388 48781.91 0.51 15915 8346.69 0.61 5076433 3332949.64 20.95 370 171.55 0.61 107582 67505.88 20.95 10 0 300 3210 0 96300 17.3 18.2 17.66 0.01
289800.0 354 152.54 0.51 108742 48934.45 0.51 15892 8351.88 0.61 5092325 3341301.52 20.95 350 171.56 0.61 107932 67677.44 20.95 10 0 300 3220 0 96600 17.3 18.2 17.66 0.01
290700.0 310 151.76 0.51 109052 49086.21 0.51 15856 8356.62 0.61 5108181 3349658.14 20.95 310 171.45 0.61 108242 67848.89 20.95 10 0 300 3230 0 96900 17.3 18.2 17.66 0.01
291600.0 310 151.76 0.51 109362 49237.97 0.51 15855 8356.63 0.61 5124036 3358014.77 20.95 310 171.46 0.61 108552 68020.35 20.95 10 0 300 3240 0 97200 17.3 18.1 17.66 0.01
292500.0 376 151.91 0.51 109738 49389.87 0.51 15910 8356.93 0.61 5139946 3366371.7 20.95 370 171.76 0.61 108922 68192.11 20.95 10 0 300 3250 0 97500 17.3 18.1 17.66 0.01
293400.0 354 152.54 0.51 110092 49542.41 0.51 15887 8356.83 0.61 5155833 3374728.54 20.95 350 171.66 0.61 109272 68363.76 20.95 10 0 300 3260 0 97800 17.3 18.1 17.66 0.01
294300.0 310 151.76 0.51 110402 49694.17 0.51 15853 8351.66 0.61 5171686 3383080.2 20.95 310 171.36 0.61 109582 68535.12 20.95 10 0 300 3270 0 98100 17.3 18.1 17.66 0.01
295200.0 310 151.76 0.51 110712 49845.93 0.51 15855 8351.63 0.61 5187541 3391431.83 20.95 310 171.36 0.61 109892 68706.47 20.95 10 0 300 3280 0 98400 17.4 18.0 17.66 0.01
296100.0 376 151.9 0.51 111088 49997.83 0.51 15915 8351.96 0.61 5203456 3399783.78 20.95 370 171.66 0.61 110262 68878.13 20.95 10 0 300 3290 0 98700 17.4 18.0 17.66 0.01
297000.0 354 152.54 0.51 111442 50150.37 0.51 15889 8351.83 0.61 5219345 3408135.62 20.95 350 171.56 0.61 110612 69049.69 20.95 10 0 300 3300 0 99000 17.4 18.0 17.66 0.01
297900.0 310 151.76 0.51 111752 50302.13 0.51 15845 8356.62 0.61 5235190 3416492.24 20.95 310 171.45 0.61 110922 69221.14 20.95 10 0 300 3310 0 99300 17.4 18.0 17.66 0.01
298800.0 310 151.76 0.51 112062 50453.89 0.51 15848 8356.63 0.61 5251038 3424848.87 20.95 310 171.46 0.61 111232 69392.6 20.95 10 0 300 3320 0 99600 17.4 18.0 17.66 0.01
299700.0 376 151.91 0.51 112438 50605.8 0.51 15908 8356.93 0.61 5266946 3433205.8 20.95 370 171.76 0.61 111602 69564.36 20.95 10 0 300 3330 0 99900 17.4 18.0 17.66 0.01
300600.0 354 152.54 0.51 112792 50758.34 0.51 15887 8356.83 0.61 5282833 3441562.63 20.95 350 171.66 0.61 111952 69736.01 20.95 10 0 300 3340 0 100200 17.4 18.0 17.66 0.01
301500.0 310 151.76 0.51 113102 50910.1 0.51 15847 8350.98 0.61 5298680 3449913.61 20.95 310 171.34 0.61 112262 69907.36 20.95 10 0 300 3350 0 100500 17.4 18.0 17.66 0.01
302400.0 310 151.76 0.51 113412 51061.85 0.51 15848 8350.97 0.61 5314528 3458264.58 20.95 310 171.34 0.61 112572 70078.7 20.95 10 0 300 3360 0 100800 17.4 17.9 17.66 0.01
303300.0 376 151.9 0.51 113788 51213.76 0.51 15904 8351.28 0.61 5330432 3466615.86 20.95 370 171.64 0.61 112942 70250.34 20.95 10 0 300 3370 0 101100 17.4 17.9 17.66 0.01
304200.0 354 152.53 0.51 114142 51366.29 0.51 15880 8346.56 0.61 5346312 3474962.42 20.95 350 171.45 0.61 113292 70421.8 20.95 10 0 300 3380 0 101400 17.4 17.9 17.66 0.01
305100.0 310 151.76 0.51 114452 51518.05 0.51 15844 8352.0 0.61 5362156 3483314.42 20.95 310 171.36 0.61 113602 70593.16 20.95 10 0 300 3390 0 101700 17.4 17.9 17.66 0.01
306000.0 310 151.76 0.51 114762 51669.8 0.51 15845 8352.02 0.61 5378001 3491666.44 20.95 310 171.36 0.61 113912 70764.52 20.95 10 0 300 3400 0 102000 17.4 17.8 17.66 0.01
306900.0 376 151.9 0.51 115138 51821.71 0.51 15905 8352.3 0.61 5393906 3500018.74 20.95 370 171.66 0.61 114282 70936.19 20.95 10 0 300 3410 0 102300 17.4 17.9 17.66 0.01
307800.0 354 152.54 0.51 115492 51974.25 0.51 15881 8356.83 0.61 5409787 3508375.57 20.95 350 171.66 0.61 114632 71107.84 20.95 10 0 300 3420 0 102600 17.4 17.9 17.66 0.01
308700.0 310 151.76 0.51 115802 52126.01 0.51 15843 8356.62 0.61 5425630 3516732.2 20.95 310 171.45 0.61 114942 71279.3 20.95 10 0 300 3430 0 102900 17.4 17.9 17.67 0.01
309600.0 310 151.76 0.51 116112 52277.77 0.51 15841 8356.63 0.61 5441471 3525088.83 20.95 310 171.46 0.61 115252 71450.75 20.95 10 0 300 3440 0 103200 17.4 17.9 17.68 0.01
310500.0 376 151.91 0.51 116488 52429.68 0.51 15901 8356.93 0.61 5457372 3533445.75 20.95 370 171.76 0.61 115622 71622.51 20.95 10 0 300 3450 0 103500 17.4 17.9 17.68 0.01
311400.0 354 152.54 0.51 116842 52582.22 0.51 15872 8356.83 0.61 5473244 3541802.59 20.95 350 171.66 0.61 115972 71794.17 20.95 10 0 300 3460 0 103800 17.4 17.9 17.68 0.01
312300.0 310 151.76 0.51 117152 52733.97 0.51 15832 8351.66 0.61 5489076 3550154.25 20.95 310 171.36 0.61 116282 71965.52 20.95 10 0 300 3470 0 104100 17.4 17.9 17.68 0.01
313200.0 310 151.76 0.51 117462 52885.73 0.51 15832 8351.63 0.61 5504908 3558505.88 20.95 310 171.36 0.61 116592 72136.88 20.95 10 0 300 3480 0 104400 17.4 18.0 17.69 0.01
314100.0 376 151.9 0.51 117838 53037.63 0.51 15887 8351.96 0.61 5520795 3566857.84 20.95 370 171.66 0.61 116962 72308.54 20.95 10 0 300 3490 0 104700 17.3 18.0 17.69 0.01
315000.0 354 152.54 0.51 118192 53190.17 0.51 15862 8351.83 0.61 5536657 3575209.67 20.95 350 171.56 0.61 117312 72480.09 20.95 10 0 300 3500 0 105000 17.3 18.0 17.69 0.01
315900.0 310 151.76 0.51 118502 53341.93 0.51 15825 8351.67 0.61 5552482 3583561.34 20.95 310 171.36 0.61 117622 72651.45 20.95 10 0 300 3510 0 105300 17.3 18.0 17.69 0.01
316800.0 310 151.76 0.51 118812 53493.69 0.51 15823 8351.68 0.61 5568305 3591913.01 20.95 310 171.36 0.61 117932 72822.81 20.95 10 0 300 3520 0 105600 17.3 18.1 17.7 0.01
317700.0 376 151.9 0.51 119188 53645.59 0.51 15883 8351.97 0.61 5584188 3600264.99 20.95 370 171.66 0.61 118302 72994.47 20.95 10 0 300 3530 0 105900 17.3 18.1 17.7 0.01
318600.0 354 152.54 0.51 119542 53798.12 0.51 15852 8351.88 0.61 5600040 3608616.87 20.95 350 171.56 0.61 118652 73166.02 20.95 10 0 300 3540 0 106200 17.3 18.1 17.7 0.01
319500.0 310 151.76 0.51 119852 53949.89 0.51 15811 8356.62 0.61 5615851 3616973.49 20.95 310 171.45 0.61 118962 73337.48 20.95 10 0 300 3550 0 106500 17.3 18.1 17.71 0.01
320400.0 310 151.76 0.51 120162 54101.65 0.51 15812 8356.63 0.61 5631663 3625330.12 20.95 310 171.46 0.61 119272 73508.93 20.95 10 0 300 3560 0 106800 17.3 18.2 17.71 0.02
321300.0 376 151.91 0.51 120538 54253.55 0.51 15869 8356.92 0.61 5647532 3633687.04 20.95 370 171.76 0.61 119642 73680.69 20.95 10 0 300 3570 0 107100 17.3 18.2 17.71 0.02
322200.0 354 152.53 0.51 120892 54406.08 0.51 15840 8342.79 0.61 5663372 3642029.83 20.95 350 171.38 0.61 119992 73852.07 20.95 10 0 300 3580 0 107400 17.3 18.2 17.71 0.02
323100.0 310 151.75 0.51 121202 54557.83 0.51 15795 8336.91 0.61 5679167 3650366.75 20.95 310 171.06 0.61 120302 74023.13 20.95 10 0 300 3590 0 107700 17.3 18.2 17.72 0.02
324000.0 310 151.75 0.51 121512 54709.58 0.51 15801 8336.92 0.61 5694968 3658703.67 20.95 310 171.06 0.61 120612 74194.2 20.95 10 0 300 3600 0 108000 17.3 18.2 17.72 0.02
324900.0 376 151.89 0.51 121888 54861.47 0.51 15859 8337.21 0.61 5710827 3667040.88 20.95 370 171.37 0.61 120982 74365.56 20.95 10 0 300 3610 0 108300 17.3 18.2 17.72 0.02
325800.0 354 152.54 0.51 122242 55014.0 0.51 15831 8351.16 0.61 5726658 3675392.05 20.95 350 171.54 0.61 121332 74537.11 20.95 10 0 300 3620 0 108600 17.3 18.2 17.72 0.02
326700.0 310 151.76 0.51 122552 55165.77 0.51 15782 8356.62 0.61 5742440 3683748.66 20.95 310 171.45 0.61 121642 74708.56 20.95 10 0 300 3630 0 108900 17.3 18.2 17.73 0.02
327600.0 310 151.76 0.51 122862 55317.53 0.51 15786 8356.63 0.61 5758226 3692105.3 20.95 310 171.46 0.61 121952 74880.01 20.95 10 0 300 3640 0 109200 17.3 18.3 17.73 0.02
328500.0 376 151.91 0.51 123238 55469.43 0.51 15843 8356.92 0.61 5774069 3700462.22 20.95 370 171.76 0.61 122322 75051.77 20.95 10 0 300 3650 0 109500 17.2 18.3 17.73 0.02
329400.0 354 152.54 0.51 123592 55621.97 0.51 15815 8356.83 0.61 5789884 3708819.06 20.95 350 171.66 0.61 122672 75223.43 20.95 10 0 300 3660 0 109800 17.2 18.3 17.73 0.02
330300.0 310 151.76 0.51 123902 55773.73 0.51 15774 8356.62 0.61 5805658 3717175.68 20.95 310 171.45 0.61 122982 75394.88 20.95 10 0 300 3670 0 110100 17.2 18.3 17.74 0.02
331200.0 310 151.76 0.51 124212 55925.5 0.51 15783 8356.63 0.61 5821441 3725532.31 20.95 310 171.46 0.61 123292 75566.34 20.95 10 0 300 3680 0 110400 17.2 18.4 17.75 0.03
332100.0 376 151.91 0.51 124588 56077.4 0.51 15839 8356.92 0.61 5837280 3733889.23 20.95 370 171.76 0.61 123662 75738.09 20.95 10 0 300 3690 0 110700 17.2 18.4 17.75 0.03
333000.0 354 152.54 0.51 124942 56229.94 0.51 15798 8352.22 0.61 5853078 3742241.46 20.95 350 171.57 0.61 124012 75909.66 20.95 10 0 300 3700 0 111000 17.2 18.4 17.75 0.03
333900.0 310 151.76 0.51 125252 56381.7 0.51 15754 8352.0 0.61 5868832 3750593.45 20.95 310 171.36 0.61 124322 76081.02 20.95 10 0 300 3710 0 111300 17.2 18.4 17.75 0.03
334800.0 310 151.76 0.51 125562 56533.46 0.51 15756 8352.02 0.61 5884588 3758945.47 20.95 310 171.36 0.61 124632 76252.39 20.95 10 0 300 3720 0 111600 17.2 18.5 17.76 0.03
335700.0 376 151.9 0.51 125938 56685.36 0.51 15800 8352.3 0.61 5900388 3767297.77 20.95 370 171.66 0.61 125002 76424.05 20.95 10 0 300 3730 0 111900 17.2 18.5 17.76 0.03
336600.0 354 152.54 0.51 126292 56837.9 0.51 15765 8356.83 0.61 5916153 3775654.61 20.95 350 171.66 0.61 125352 76595.71 20.95 10 0 300 3740 0 112200 17.2 18.5 17.76 0.03
337500.0 310 151.76 0.51 126602 56989.66 0.51 15723 8356.62 0.61 5931876 3784011.23 20.95 310 171.45 0.61 125662 76767.16 20.95 10 0 300 3750 0 112500 17.2 18.5 17.77 0.03
338400.0 310 151.76 0.51 126912 57141.42 0.51 15726 8356.63 0.61 5947602 3792367.86 20.95 310 171.46 0.61 125972 76938.62 20.95 10 0 300 3760 0 112800 17.2 18.5 17.77 0.04
339300.0 376 151.91 0.51 127288 57293.33 0.51 15774 8356.92 0.61 5963376 3800724.78 20.95 370 171.76 0.61 126342 77110.37 20.95 10 0 300 3770 0 113100 17.2 18.5 17.77 0.04
340200.0 354 152.54 0.51 127642 57445.86 0.51 15728 8351.53 0.61 5979104 3809076.31 20.95 350 171.55 0.61 126692 77281.93 20.95 10 0 300 3780 0 113400 17.2 18.5 17.77 0.04
341100.0 310 151.76 0.51 127952 57597.62 0.51 15675 8351.34 0.61 5994779 3817427.65 20.95 310 171.35 0.61 127002 77453.28 20.95 10 0 300 3790 0 113700 17.2 18.5 17.78 0.04
342000.0 310 151.76 0.51 128262 57749.38 0.51 15671 8351.32 0.61 6010450 3825778.97 20.95 310 171.35 0.61 127312 77624.63 20.95 10 0 300 3800 0 114000 17.2 18.5 17.78 0.04
342900.0 376 151.9 0.51 128638 57901.28 0.51 15724 8351.64 0.61 6026174 3834130.61 20.95 370 171.65 0.61 127682 77796.28 20.95 10 0 300 3810 0 114300 17.2 18.5 17.78 0.04
343800.0 354 152.53 0.51 128992 58053.81 0.51 15695 8344.32 0.61 6041869 3842474.93 20.95 350 171.41 0.61 128032 77967.69 20.95 10 0 300 3820 0 114600 17.2 18.5 17.78 0.04
344700.0 310 151.75 0.51 129302 58205.56 0.51 15651 8344.14 0.61 6057520 3850819.06 20.95 310 171.21 0.61 128342 78138.89 20.95 10 0 300 3830 0 114900 17.2 18.5 17.78 0.04
345600.0 310 151.75 0.51 129612 58357.32 0.51 15651 8344.12 0.61 6073171 3859163.18 20.95 310 171.21 0.61 128652 78310.1 20.95 10 0 300 3840 0 115200 17.2 18.6 17.78 0.04
