# seed = 2, gamma = 1.0, beta = 0.66, dee = 10.0, dcc = 100.0, dec = 1000.0, dsCnd = 150.0, dLocalhost = 0.02, hostBroker = EDGE 
#
# The columns have the following meaning: 
# instant[SECONDS] commCountUploadPartial delaySumUploadPartial[SECONDS] delayMaxUploadPartial[SECONDS] commCountUploadTot delaySumUploadTot[SECONDS] delayMaxUploadTot[SECONDS] commCountDownloadPartial delaySumDownloadPartial[SECONDS] delayMaxDownloadPartial[SECONDS] commCountDownloadTot delaySumDownloadTot[SECONDS] delayMaxDownloadTot[SECONDS] commCountDownloadMaxPartial delaySumDownloadMaxPartial[SECONDS] delayMaxDownloadMaxPartial[SECONDS] commCountDownloadMaxTot delaySumDownloadMaxTot[SECONDS] delayMaxDownloadMaxTot[SECONDS] runOnCloudPartial runOnEdgePartial runOnSmartphonePartial runOnCloudTot runOnEdgeTot runOnSmartphoneTot minTemp maxTemp avgTemp varianceTemp
0.0 0 0.0 0.0 0 0.0 0.0 0 0.0 0.0 0 0.0 0.0 0 0.0 0.0 0 0.0 0.0 0 0 0 0 0 0 17.0 25.0 21.0 0.0
900.0 376 135.0 1.0 376 135.0 1.0 15284 6549.86 1.15 15284 6549.86 1.15 370 313.25 1.03 370 313.25 1.03 102 10 198 102 10 198 18.9 21.0 19.35 0.75
1800.0 356 135.73 1.0 732 270.74 1.0 15569 150409.31 20.56 30853 156959.17 20.56 352 3209.38 20.56 722 3522.63 20.56 102 10 198 204 20 396 18.7 18.9 18.9 0.0
2700.0 310 134.9 1.0 1042 405.64 1.0 15222 6573.28 1.15 46075 163532.45 20.56 310 313.81 1.04 1032 3836.44 20.56 102 10 198 306 30 594 17.6 18.9 18.28 0.06
3600.0 310 134.9 1.0 1352 540.54 1.0 15221 6573.24 1.15 61296 170105.68 20.56 310 313.8 1.04 1342 4150.24 20.56 102 10 198 408 40 792 17.6 18.7 18.22 0.05
4500.0 376 134.82 1.0 1728 675.35 1.0 15277 6572.95 1.15 76573 176678.63 20.56 370 313.8 1.04 1712 4464.05 20.56 102 10 198 510 50 990 17.6 18.7 18.22 0.05
5400.0 356 135.74 1.0 2084 811.1 1.0 15606 12803.7 20.66 92179 189482.34 20.66 352 334.5 20.66 2064 4798.54 20.66 102 10 198 612 60 1188 17.6 18.7 18.22 0.05
6300.0 310 134.91 1.01 2394 946.01 1.01 15297 6598.78 1.15 107476 196081.12 20.66 310 313.98 1.04 2374 5112.52 20.66 102 10 198 714 70 1386 17.6 18.7 18.23 0.05
7200.0 310 134.91 1.01 2704 1080.92 1.01 15294 6597.6 1.15 122770 202678.71 20.66 310 313.98 1.04 2684 5426.5 20.66 102 10 198 816 80 1584 17.6 18.7 18.25 0.04
8100.0 376 135.05 1.01 3080 1215.97 1.01 15352 6596.49 1.15 138122 209275.2 20.66 370 313.98 1.04 3054 5740.48 20.66 102 10 198 918 90 1782 17.6 18.7 18.25 0.04
9000.0 356 135.74 1.0 3436 1351.71 1.01 15621 12807.72 20.62 153743 222082.93 20.66 352 334.5 20.62 3406 6074.98 20.66 102 10 198 1020 100 1980 17.6 18.7 18.25 0.04
9900.0 310 134.9 1.01 3746 1486.61 1.01 15254 6571.37 1.15 168997 228654.3 20.66 310 313.85 1.04 3716 6388.83 20.66 102 10 198 1122 110 2178 17.6 18.7 18.22 0.04
10800.0 310 134.9 1.01 4056 1621.51 1.01 15263 6577.13 1.15 184260 235231.43 20.66 310 313.85 1.04 4026 6702.69 20.66 102 10 198 1224 120 2376 17.6 18.7 18.15 0.05
11700.0 376 135.04 1.01 4432 1756.56 1.01 15321 6575.98 1.15 199581 241807.41 20.66 370 313.86 1.04 4396 7016.54 20.66 102 10 198 1326 130 2574 17.6 18.7 18.15 0.05
12600.0 354 135.68 1.01 4786 1892.24 1.01 15284 6572.3 1.15 214865 248379.71 20.66 350 313.92 1.04 4746 7330.47 20.66 102 10 198 1428 140 2772 17.6 18.7 18.15 0.05
13500.0 310 134.91 1.01 5096 2027.15 1.01 15205 6555.05 1.15 230070 254934.76 20.66 310 313.92 1.04 5056 7644.39 20.66 102 10 198 1530 150 2970 17.6 18.7 18.14 0.05
14400.0 310 134.91 1.01 5406 2162.05 1.01 15207 6556.21 1.15 245277 261490.96 20.66 310 313.92 1.04 5366 7958.31 20.66 102 10 198 1632 160 3168 17.6 18.7 18.13 0.05
15300.0 376 135.05 1.01 5782 2297.1 1.01 15266 6555.05 1.15 260543 268046.01 20.66 370 313.92 1.04 5736 8272.23 20.66 102 10 198 1734 170 3366 17.6 18.7 18.13 0.05
16200.0 354 135.68 1.0 6136 2432.78 1.01 15237 6548.79 1.15 275780 274594.8 20.66 350 313.86 1.04 6086 8586.09 20.66 102 10 198 1836 180 3564 17.6 18.7 18.13 0.05
17100.0 310 134.9 1.0 6446 2567.68 1.01 15205 6548.45 1.15 290985 281143.25 20.66 310 313.83 1.04 6396 8899.93 20.66 102 10 198 1938 190 3762 17.6 18.7 18.11 0.04
18000.0 310 134.9 1.0 6756 2702.57 1.01 15209 6549.58 1.15 306194 287692.83 20.66 310 313.83 1.04 6706 9213.76 20.66 102 10 198 2040 200 3960 17.6 18.6 18.1 0.04
18900.0 376 135.04 1.0 7132 2837.61 1.01 15268 6549.6 1.15 321462 294242.44 20.66 370 313.84 1.04 7076 9527.59 20.66 102 10 198 2142 210 4158 17.6 18.6 18.1 0.04
19800.0 354 135.68 1.01 7486 2973.29 1.01 15236 6546.2 1.15 336698 300788.63 20.66 350 313.86 1.04 7426 9841.45 20.66 102 10 198 2244 220 4356 17.6 18.6 18.1 0.04
20700.0 310 134.9 1.01 7796 3108.19 1.01 15198 6548.48 1.15 351896 307337.11 20.66 310 313.86 1.04 7736 10155.31 20.66 102 10 198 2346 230 4554 17.6 18.6 18.08 0.03
21600.0 310 134.9 1.01 8106 3243.1 1.01 15202 6549.65 1.15 367098 313886.76 20.66 310 313.86 1.04 8046 10469.17 20.66 102 10 198 2448 240 4752 17.6 18.6 18.07 0.03
22500.0 376 135.04 1.01 8482 3378.14 1.01 15260 6549.63 1.15 382358 320436.39 20.66 370 313.86 1.04 8416 10783.02 20.66 102 10 198 2550 250 4950 17.6 18.6 18.07 0.03
23400.0 354 135.68 1.01 8836 3513.82 1.01 15232 6548.65 1.15 397590 326985.04 20.66 350 313.91 1.04 8766 11096.93 20.66 102 10 198 2652 260 5148 17.6 18.6 18.07 0.03
24300.0 310 134.91 1.01 9146 3648.73 1.01 15196 6552.97 1.15 412786 333538.01 20.66 310 313.95 1.04 9076 11410.88 20.66 102 10 198 2754 270 5346 17.5 18.6 18.05 0.03
25200.0 310 134.91 1.01 9456 3783.64 1.01 15206 6559.88 1.15 427992 340097.9 20.66 310 313.95 1.04 9386 11724.83 20.66 102 10 198 2856 280 5544 17.5 18.6 18.04 0.03
26100.0 376 135.05 1.01 9832 3918.69 1.01 15264 6559.87 1.15 443256 346657.77 20.66 370 313.95 1.04 9756 12038.78 20.66 102 10 198 2958 290 5742 17.5 18.6 18.04 0.03
27000.0 354 135.69 1.01 10186 4054.38 1.01 15231 6554.13 1.15 458487 353211.9 20.66 350 313.95 1.04 10106 12352.73 20.66 102 10 198 3060 300 5940 17.5 18.6 18.04 0.03
27900.0 310 134.9 1.01 10496 4189.28 1.01 15193 6548.29 1.15 473680 359760.19 20.66 310 313.9 1.04 10416 12666.63 20.66 102 10 198 3162 310 6138 17.5 18.6 18.01 0.03
28800.0 310 134.9 1.01 10806 4324.19 1.01 15201 6552.9 1.15 488881 366313.09 20.66 310 313.9 1.04 10726 12980.53 20.66 102 10 198 3264 320 6336 17.5 18.6 17.99 0.03
29700.0 376 135.05 1.01 11182 4459.23 1.01 15260 6551.74 1.15 504141 372864.83 20.66 370 313.9 1.04 11096 13294.43 20.66 102 10 198 3366 330 6534 17.5 18.6 17.99 0.03
30600.0 354 135.68 1.01 11536 4594.91 1.01 15224 6547.15 1.15 519365 379411.98 20.66 350 313.9 1.04 11446 13608.33 20.66 102 10 198 3468 340 6732 17.5 18.6 17.99 0.03
31500.0 310 134.91 1.01 11846 4729.82 1.01 15194 6552.97 1.15 534559 385964.95 20.66 310 313.95 1.04 11756 13922.28 20.66 102 10 198 3570 350 6930 17.4 18.6 17.97 0.03
32400.0 310 134.91 1.01 12156 4864.73 1.01 15203 6555.28 1.15 549762 392520.23 20.66 310 313.95 1.04 12066 14236.23 20.66 102 10 198 3672 360 7128 17.4 18.5 17.95 0.03
33300.0 376 135.05 1.01 12532 4999.78 1.01 15262 6555.27 1.15 565024 399075.5 20.66 370 313.95 1.04 12436 14550.18 20.66 102 10 198 3774 370 7326 17.4 18.5 17.95 0.03
34200.0 354 135.69 1.01 12886 5135.47 1.01 15222 6547.23 1.15 580246 405622.74 20.66 350 313.95 1.04 12786 14864.13 20.66 102 10 198 3876 380 7524 17.4 18.5 17.95 0.03
35100.0 310 134.91 1.01 13196 5270.38 1.01 15185 6551.82 1.15 595431 412174.56 20.66 310 313.95 1.04 13096 15178.08 20.66 102 10 198 3978 390 7722 17.4 18.5 17.94 0.03
36000.0 310 134.91 1.01 13506 5405.28 1.01 15195 6554.13 1.15 610626 418728.69 20.66 310 313.95 1.04 13406 15492.03 20.66 102 10 198 4080 400 7920 17.4 18.5 17.91 0.04
36900.0 376 135.05 1.01 13882 5540.34 1.01 15255 6554.12 1.15 625881 425282.81 20.66 370 313.95 1.04 13776 15805.98 20.66 102 10 198 4182 410 8118 17.4 18.5 17.91 0.04
37800.0 354 135.68 1.01 14236 5676.01 1.01 15220 6543.71 1.15 641101 431826.52 20.66 350 313.88 1.04 14126 16119.86 20.66 102 10 198 4284 420 8316 17.4 18.5 17.91 0.04
38700.0 310 134.9 1.01 14546 5810.92 1.01 15188 6549.45 1.15 656289 438375.97 20.66 310 313.88 1.04 14436 16433.74 20.66 102 10 198 4386 430 8514 17.3 18.5 17.89 0.04
39600.0 310 134.9 1.01 14856 5945.82 1.01 15198 6554.06 1.15 671487 444930.03 20.66 310 313.88 1.04 14746 16747.61 20.66 102 10 198 4488 440 8712 17.3 18.5 17.87 0.04
40500.0 376 135.05 1.01 15232 6080.86 1.01 15256 6552.9 1.15 686743 451482.93 20.66 370 313.88 1.04 15116 17061.49 20.66 102 10 198 4590 450 8910 17.3 18.5 17.87 0.04
41400.0 354 135.69 1.01 15586 6216.55 1.01 15217 6548.38 1.15 701960 458031.31 20.66 350 313.95 1.04 15466 17375.44 20.66 102 10 198 4692 460 9108 17.3 18.5 17.87 0.04
42300.0 310 134.9 1.01 15896 6351.45 1.01 15189 6548.64 1.15 717149 464579.95 20.66 310 313.91 1.04 15776 17689.35 20.66 102 10 198 4794 470 9306 17.3 18.5 17.85 0.04
43200.0 310 134.9 1.01 16206 6486.36 1.01 15198 6553.25 1.15 732347 471133.2 20.66 310 313.91 1.04 16086 18003.25 20.66 102 10 198 4896 480 9504 17.2 18.4 17.83 0.05
44100.0 376 135.05 1.01 16582 6621.41 1.01 15258 6553.24 1.15 747605 477686.44 20.66 370 313.91 1.04 16456 18317.16 20.66 102 10 198 4998 490 9702 17.2 18.4 17.83 0.05
45000.0 354 135.68 1.01 16936 6757.09 1.01 15215 6546.35 1.15 762820 484232.79 20.66 350 313.91 1.04 16806 18631.07 20.66 102 10 198 5100 500 9900 17.2 18.4 17.83 0.05
45900.0 310 134.9 1.01 17246 6891.99 1.01 15180 6545.8 1.15 778000 490778.58 20.66 310 313.9 1.04 17116 18944.97 20.66 102 10 198 5202 510 10098 17.2 18.5 17.81 0.06
46800.0 310 134.9 1.01 17556 7026.9 1.01 15192 6550.4 1.15 793192 497328.99 20.66 310 313.9 1.04 17426 19258.86 20.66 102 10 198 5304 520 10296 17.2 18.5 17.8 0.06
47700.0 376 135.05 1.01 17932 7161.95 1.01 15250 6550.4 1.15 808442 503879.38 20.66 370 313.9 1.04 17796 19572.76 20.66 102 10 198 5406 530 10494 17.2 18.5 17.8 0.06
48600.0 354 135.68 1.01 18286 7297.63 1.01 15211 6545.8 1.15 823653 510425.19 20.66 350 313.9 1.04 18146 19886.66 20.66 102 10 198 5508 540 10692 17.2 18.5 17.8 0.06
49500.0 310 134.91 1.01 18596 7432.54 1.01 15189 6554.12 1.15 838842 516979.31 20.66 310 313.95 1.04 18456 20200.61 20.66 102 10 198 5610 550 10890 17.1 18.5 17.77 0.07
50400.0 310 134.91 1.01 18906 7567.44 1.01 15203 6559.88 1.15 854045 523539.19 20.66 310 313.95 1.04 18766 20514.56 20.66 102 10 198 5712 560 11088 17.1 18.5 17.75 0.07
51300.0 376 135.05 1.01 19282 7702.5 1.01 15261 6557.57 1.15 869306 530096.76 20.66 370 313.95 1.04 19136 20828.51 20.66 102 10 198 5814 570 11286 17.1 18.5 17.75 0.07
52200.0 354 135.69 1.01 19636 7838.18 1.01 15213 6548.38 1.15 884519 536645.14 20.66 350 313.95 1.04 19486 21142.46 20.66 102 10 198 5916 580 11484 17.1 18.5 17.75 0.07
53100.0 310 134.91 1.01 19946 7973.09 1.01 15172 6543.77 1.15 899691 543188.91 20.66 310 313.95 1.04 19796 21456.41 20.66 102 10 198 6018 590 11682 17.1 18.6 17.74 0.08
54000.0 310 134.91 1.01 20256 8108.0 1.01 15179 6544.93 1.15 914870 549733.85 20.66 310 313.95 1.04 20106 21770.35 20.66 102 10 198 6120 600 11880 17.1 18.6 17.73 0.08
54900.0 376 135.05 1.01 20632 8243.05 1.01 15237 6544.92 1.15 930107 556278.77 20.66 370 313.95 1.04 20476 22084.31 20.66 102 10 198 6222 610 12078 17.1 18.6 17.73 0.08
55800.0 354 135.69 1.01 20986 8378.73 1.01 15203 6542.63 1.15 945310 562821.4 20.66 350 313.95 1.04 20826 22398.26 20.66 102 10 198 6324 620 12276 17.1 18.6 17.73 0.08
56700.0 310 134.91 1.01 21296 8513.64 1.01 15186 6550.67 1.15 960496 569372.07 20.66 310 313.95 1.04 21136 22712.2 20.66 102 10 198 6426 630 12474 17.1 18.6 17.7 0.09
57600.0 310 134.91 1.01 21606 8648.55 1.01 15194 6554.13 1.15 975690 575926.21 20.66 310 313.95 1.04 21446 23026.15 20.66 102 10 198 6528 640 12672 17.1 18.6 17.69 0.09
58500.0 376 135.05 1.01 21982 8783.6 1.01 15254 6554.12 1.15 990944 582480.33 20.66 370 313.95 1.04 21816 23340.1 20.66 102 10 198 6630 650 12870 17.1 18.6 17.69 0.09
59400.0 354 135.68 1.01 22336 8919.28 1.01 15198 6543.56 1.15 1006142 589023.89 20.66 350 313.92 1.04 22166 23654.03 20.66 102 10 198 6732 660 13068 17.1 18.6 17.69 0.09
60300.0 310 134.91 1.01 22646 9054.19 1.01 15171 6545.85 1.15 1021313 595569.73 20.66 310 313.92 1.04 22476 23967.95 20.66 102 10 198 6834 670 13266 17.0 18.6 17.67 0.1
61200.0 310 134.91 1.01 22956 9189.09 1.01 15185 6551.61 1.15 1036498 602121.34 20.66 310 313.92 1.04 22786 24281.87 20.66 102 10 198 6936 680 13464 17.0 18.6 17.65 0.11
62100.0 376 135.05 1.01 23332 9324.14 1.01 15244 6550.45 1.15 1051742 608671.79 20.66 370 313.92 1.04 23156 24595.79 20.66 102 10 198 7038 690 13662 17.0 18.6 17.65 0.11
63000.0 354 135.67 1.0 23686 9459.82 1.01 15203 6539.13 1.15 1066945 615210.92 20.66 350 313.81 1.04 23506 24909.6 20.66 102 10 198 7140 700 13860 17.0 18.6 17.65 0.11
63900.0 310 134.9 1.0 23996 9594.71 1.01 15167 6537.22 1.15 1082112 621748.14 20.66 310 313.77 1.04 23816 25223.36 20.66 102 10 198 7242 710 14058 17.0 18.6 17.64 0.11
64800.0 310 134.9 1.0 24306 9729.61 1.01 15173 6536.05 1.15 1097285 628284.19 20.66 310 313.77 1.04 24126 25537.13 20.66 102 10 198 7344 720 14256 17.0 18.6 17.63 0.11
65700.0 376 134.81 1.0 24682 9864.42 1.01 15233 6535.74 1.15 1112518 634819.93 20.66 370 313.76 1.04 24496 25850.9 20.66 102 10 198 7446 730 14454 17.0 18.6 17.63 0.11
66600.0 354 135.67 1.0 25036 10000.09 1.01 15193 6529.42 1.15 1127711 641349.35 20.66 350 313.77 1.04 24846 26164.67 20.66 102 10 198 7548 740 14652 17.0 18.6 17.63 0.11
67500.0 310 134.89 1.0 25346 10134.98 1.01 15158 6529.72 1.15 1142869 647879.07 20.66 310 313.64 1.03 25156 26478.31 20.66 102 10 198 7650 750 14850 17.0 18.7 17.62 0.12
68400.0 310 134.89 1.0 25656 10269.87 1.01 15159 6526.26 1.15 1158028 654405.33 20.66 310 313.64 1.03 25466 26791.95 20.66 102 10 198 7752 760 15048 17.0 18.7 17.62 0.12
69300.0 376 135.03 1.0 26032 10404.91 1.01 15219 6526.27 1.15 1173247 660931.61 20.66 370 313.64 1.03 25836 27105.58 20.66 102 10 198 7854 770 15246 17.0 18.7 17.62 0.12
70200.0 354 135.67 1.0 26386 10540.58 1.01 15186 6527.87 1.15 1188433 667459.48 20.66 350 313.77 1.04 26186 27419.35 20.66 102 10 198 7956 780 15444 17.0 18.7 17.62 0.12
71100.0 310 134.89 1.0 26696 10675.47 1.01 15158 6535.33 1.15 1203591 673994.81 20.66 310 313.78 1.04 26496 27733.13 20.66 102 10 198 8058 790 15642 17.0 18.7 17.61 0.12
72000.0 310 134.89 1.0 27006 10810.37 1.01 15163 6533.01 1.15 1218754 680527.81 20.66 310 313.78 1.04 26806 28046.9 20.66 102 10 198 8160 800 15840 17.0 18.7 17.6 0.12
72900.0 376 134.81 1.0 27382 10945.18 1.01 15221 6532.7 1.15 1233975 687060.51 20.66 370 313.77 1.04 27176 28360.67 20.66 102 10 198 8262 810 16038 17.0 18.7 17.6 0.12
73800.0 354 135.67 1.0 27736 11080.85 1.01 15189 6529.56 1.15 1249164 693590.07 20.66 350 313.78 1.04 27526 28674.45 20.66 102 10 198 8364 820 16236 17.0 18.7 17.6 0.12
74700.0 310 134.9 1.0 28046 11215.75 1.01 15150 6536.22 1.15 1264314 700126.29 20.66 310 313.82 1.04 27836 28988.27 20.66 102 10 198 8466 830 16434 17.0 18.7 17.6 0.13
75600.0 310 134.9 1.0 28356 11350.65 1.01 15148 6536.2 1.15 1279462 706662.49 20.66 310 313.82 1.04 28146 29302.09 20.66 102 10 198 8568 840 16632 17.0 18.7 17.59 0.12
76500.0 376 135.04 1.0 28732 11485.69 1.01 15208 6536.22 1.15 1294670 713198.71 20.66 370 313.82 1.04 28516 29615.91 20.66 102 10 198 8670 850 16830 17.0 18.7 17.59 0.12
77400.0 354 135.67 1.0 29086 11621.36 1.01 15177 6528.0 1.15 1309847 719726.71 20.66 350 313.77 1.04 28866 29929.68 20.66 102 10 198 8772 860 17028 17.0 18.7 17.59 0.12
78300.0 310 134.9 1.0 29396 11756.26 1.01 15138 6523.42 1.15 1324985 726250.13 20.66 310 313.77 1.04 29176 30243.45 20.66 102 10 198 8874 870 17226 17.0 18.6 17.58 0.12
79200.0 310 134.9 1.0 29706 11891.15 1.01 15145 6526.85 1.15 1340130 732776.98 20.66 310 313.77 1.04 29486 30557.22 20.66 102 10 198 8976 880 17424 17.0 18.6 17.58 0.12
80100.0 376 134.81 1.0 30082 12025.96 1.01 15205 6526.54 1.15 1355335 739303.52 20.66 370 313.76 1.04 29856 30870.98 20.66 102 10 198 9078 890 17622 17.0 18.6 17.58 0.12
81000.0 354 135.67 1.0 30436 12161.64 1.01 15173 6524.27 1.15 1370508 745827.79 20.66 350 313.79 1.04 30206 31184.77 20.66 102 10 198 9180 900 17820 17.0 18.6 17.58 0.12
81900.0 310 134.9 1.0 30746 12296.54 1.01 15139 6529.91 1.15 1385647 752357.7 20.66 310 313.83 1.04 30516 31498.59 20.66 102 10 198 9282 910 18018 17.0 18.6 17.57 0.12
82800.0 310 134.9 1.0 31056 12431.44 1.01 15140 6531.08 1.15 1400787 758888.78 20.66 310 313.83 1.04 30826 31812.42 20.66 102 10 198 9384 920 18216 17.0 18.6 17.58 0.12
83700.0 376 135.04 1.0 31432 12566.48 1.01 15195 6529.91 1.15 1415982 765418.69 20.66 370 313.83 1.04 31196 32126.26 20.66 102 10 198 9486 930 18414 17.0 18.6 17.58 0.12
84600.0 354 135.68 1.0 31786 12702.16 1.01 15164 6524.18 1.15 1431146 771942.87 20.66 350 313.83 1.04 31546 32440.09 20.66 102 10 198 9588 940 18612 17.0 18.6 17.58 0.12
85500.0 310 134.9 1.0 32096 12837.05 1.01 15136 6525.04 1.15 1446282 778467.91 20.66 310 313.78 1.04 31856 32753.86 20.66 102 10 198 9690 950 18810 17.0 18.6 17.58 0.11
86400.0 310 134.9 1.0 32406 12971.95 1.01 15135 6521.6 1.15 1461417 784989.51 20.66 310 313.78 1.04 32166 33067.64 20.66 102 10 198 9792 960 19008 17.0 18.6 17.58 0.1
87300.0 376 135.04 1.0 32782 13106.99 1.01 15195 6521.59 1.15 1476612 791511.1 20.66 370 313.78 1.04 32536 33381.42 20.66 102 10 198 9894 970 19206 17.0 18.6 17.58 0.1
88200.0 354 135.68 1.01 33136 13242.67 1.01 15160 6522.8 1.15 1491772 798033.9 20.66 350 313.9 1.04 32886 33695.32 20.66 102 10 198 9996 980 19404 17.0 18.6 17.58 0.1
89100.0 310 134.91 1.01 33446 13377.58 1.01 15175 6544.92 1.15 1506947 804578.82 20.66 310 313.95 1.04 33196 34009.27 20.66 102 10 198 10098 990 19602 17.1 18.5 17.6 0.07
90000.0 310 134.91 1.01 33756 13512.49 1.01 15209 6557.58 1.15 1522156 811136.4 20.66 310 313.95 1.04 33506 34323.22 20.66 102 10 198 10200 1000 19800 17.1 18.5 17.68 0.05
90900.0 376 135.05 1.01 34132 13647.54 1.01 15269 6557.57 1.15 1537425 817693.97 20.66 370 313.95 1.04 33876 34637.17 20.66 102 10 198 10302 1010 19998 17.1 18.5 17.68 0.05
91800.0 354 135.67 1.0 34486 13783.21 1.01 15225 6541.29 1.15 1552650 824235.26 20.66 350 313.8 1.04 34226 34950.97 20.66 102 10 198 10404 1020 20196 17.1 18.5 17.68 0.05
92700.0 310 134.89 1.0 34796 13918.1 1.01 15244 6554.48 1.15 1567894 830789.74 20.66 310 313.62 1.03 34536 35264.6 20.66 102 10 198 10506 1030 20394 17.1 23.8 19.33 2.51
93600.0 310 134.89 1.0 35106 14052.99 1.01 15245 6555.61 1.15 1583139 837345.35 20.66 310 313.63 1.03 34846 35578.22 20.66 102 10 198 10608 1040 20592 17.1 23.8 20.55 5.01
94500.0 376 135.03 1.0 35482 14188.03 1.01 15301 6554.47 1.15 1598440 843899.82 20.66 370 313.63 1.03 35216 35891.85 20.66 102 10 198 10710 1050 20790 17.1 23.8 20.55 5.01
95400.0 354 135.67 1.0 35836 14323.69 1.01 15272 6552.16 1.15 1613712 850451.98 20.66 350 313.63 1.03 35566 36205.48 20.66 102 10 198 10812 1060 20988 17.1 23.8 20.55 5.01
96300.0 310 134.89 1.0 36146 14458.58 1.01 15244 6555.62 1.15 1628956 857007.61 20.66 310 313.62 1.03 35876 36519.1 20.66 102 10 198 10914 1070 21186 17.4 24.0 20.95 4.8
97200.0 310 134.89 1.0 36456 14593.47 1.01 15242 6553.31 1.15 1644198 863560.92 20.66 310 313.63 1.03 36186 36832.73 20.66 102 10 198 11016 1080 21384 17.4 24.0 21.06 4.89
98100.0 376 135.03 1.0 36832 14728.51 1.01 15300 6553.32 1.15 1659498 870114.24 20.66 370 313.63 1.03 36556 37146.36 20.66 102 10 198 11118 1090 21582 17.4 24.0 21.06 4.89
99000.0 354 135.66 1.0 37186 14864.17 1.01 15279 6549.93 1.15 1674777 876664.18 20.66 350 313.56 1.03 36906 37459.92 20.66 102 10 198 11220 1100 21780 17.4 24.0 21.06 4.89
99900.0 310 134.88 1.0 37496 14999.05 1.01 15240 6552.23 1.15 1690017 883216.4 20.66 310 313.55 1.03 37216 37773.47 20.66 102 10 198 11322 1110 21978 17.7 24.0 21.37 4.1
100800.0 310 134.88 1.0 37806 15133.94 1.01 15236 6552.23 1.15 1705253 889768.63 20.66 310 313.56 1.03 37526 38087.03 20.66 102 10 198 11424 1120 22176 17.8 24.0 21.42 4.02
101700.0 376 135.03 1.0 38182 15268.96 1.01 15295 6552.23 1.15 1720548 896320.86 20.66 370 313.56 1.03 37896 38400.59 20.66 102 10 198 11526 1130 22374 17.8 24.0 21.42 4.02
102600.0 354 135.66 1.0 38536 15404.62 1.01 15267 6550.18 1.15 1735815 902871.04 20.66 350 313.54 1.03 38246 38714.13 20.66 102 10 198 11628 1140 22572 17.8 24.0 21.42 4.02
103500.0 310 134.88 1.0 38846 15539.51 1.01 15233 6550.17 1.15 1751048 909421.21 20.66 310 313.53 1.03 38556 39027.66 20.66 102 10 198 11730 1150 22770 18.2 24.0 21.67 3.25
104400.0 310 134.88 1.0 39156 15674.39 1.01 15233 6550.18 1.15 1766281 915971.39 20.66 310 313.54 1.03 38866 39341.2 20.66 102 10 198 11832 1160 22968 18.5 24.0 21.73 3.17
105300.0 376 135.03 1.0 39532 15809.42 1.01 15292 6550.17 1.15 1781573 922521.55 20.66 370 313.54 1.03 39236 39654.74 20.66 102 10 198 11934 1170 23166 18.5 24.0 21.73 3.17
106200.0 354 135.65 1.0 39886 15945.07 1.01 15271 6546.31 1.15 1796844 929067.86 20.66 350 313.47 1.03 39586 39968.21 20.66 102 10 198 12036 1180 23364 18.5 24.0 21.73 3.17
107100.0 310 134.87 1.0 40196 16079.94 1.01 15231 6544.55 1.15 1812075 935612.41 20.66 310 313.43 1.03 39896 40281.63 20.66 102 10 198 12138 1190 23562 18.8 24.0 21.73 2.95
108000.0 310 134.87 1.0 40506 16214.81 1.01 15230 6543.42 1.15 1827305 942155.83 20.66 310 313.43 1.03 40206 40595.07 20.66 102 10 198 12240 1200 23760 18.9 24.0 21.73 2.93
108900.0 376 135.02 1.0 40882 16349.83 1.01 15288 6543.4 1.15 1842593 948699.23 20.66 370 313.43 1.03 40576 40908.5 20.66 102 10 198 12342 1210 23958 18.9 24.0 21.73 2.93
109800.0 354 135.65 1.0 41236 16485.48 1.01 15268 6543.42 1.15 1857861 955242.65 20.66 350 313.43 1.03 40926 41221.93 20.66 102 10 198 12444 1220 24156 18.9 24.0 21.73 2.93
110700.0 310 134.87 1.0 41546 16620.35 1.01 15226 6543.4 1.15 1873087 961786.04 20.66 310 313.43 1.03 41236 41535.36 20.66 102 10 198 12546 1230 24354 18.9 24.0 21.63 2.86
111600.0 310 134.87 1.0 41856 16755.23 1.01 15225 6543.42 1.15 1888312 968329.46 20.66 310 313.43 1.03 41546 41848.79 20.66 102 10 198 12648 1240 24552 18.9 23.9 21.57 2.74
112500.0 376 135.02 1.0 42232 16890.24 1.01 15285 6543.4 1.15 1903597 974872.86 20.66 370 313.43 1.03 41916 42162.22 20.66 102 10 198 12750 1250 24750 18.9 23.9 21.57 2.74
113400.0 354 135.65 1.0 42586 17025.89 1.01 15263 6542.27 1.15 1918860 981415.13 20.66 350 313.43 1.03 42266 42475.65 20.66 102 10 198 12852 1260 24948 18.9 23.9 21.57 2.74
114300.0 310 134.87 1.0 42896 17160.76 1.01 15223 6538.8 1.15 1934083 987953.93 20.66 310 313.43 1.03 42576 42789.08 20.66 102 10 198 12954 1270 25146 18.9 24.0 23.32 0.19
115200.0 310 134.87 1.0 43206 17295.64 1.01 15222 6538.82 1.15 1949305 994492.75 20.66 310 313.43 1.03 42886 43102.51 20.66 102 10 198 13056 1280 25344 22.6 24.0 23.51 0.04
116100.0 376 135.02 1.0 43582 17430.65 1.01 15282 6538.8 1.15 1964587 1001031.55 20.66 370 313.43 1.03 43256 43415.94 20.66 102 10 198 13158 1290 25542 22.6 24.0 23.51 0.04
117000.0 354 135.65 1.0 43936 17566.3 1.01 15259 6537.67 1.15 1979846 1007569.22 20.66 350 313.43 1.03 43606 43729.37 20.66 102 10 198 13260 1300 25740 22.6 24.0 23.51 0.04
117900.0 310 134.87 1.0 44246 17701.17 1.01 15219 6537.65 1.15 1995065 1014106.86 20.66 310 313.43 1.03 43916 44042.8 20.66 102 10 198 13362 1310 25938 22.7 24.0 23.57 0.02
118800.0 310 134.87 1.0 44556 17836.05 1.01 15218 6537.67 1.15 2010283 1020644.53 20.66 310 313.43 1.03 44226 44356.23 20.66 102 10 198 13464 1320 26136 22.7 24.0 23.6 0.02
119700.0 376 135.02 1.0 44932 17971.06 1.01 15275 6535.35 1.15 2025558 1027179.88 20.66 370 313.43 1.03 44596 44669.66 20.66 102 10 198 13566 1330 26334 22.7 24.0 23.6 0.02
120600.0 354 135.65 1.0 45286 18106.71 1.01 15255 6535.37 1.15 2040813 1033715.25 20.66 350 313.43 1.03 44946 44983.09 20.66 102 10 198 13668 1340 26532 22.7 24.0 23.6 0.02
121500.0 310 134.87 1.0 45596 18241.58 1.01 15215 6535.35 1.15 2056028 1040250.6 20.66 310 313.43 1.03 45256 45296.52 20.66 102 10 198 13770 1350 26730 22.8 24.0 23.64 0.01
122400.0 310 134.87 1.0 45906 18376.46 1.01 15213 6535.37 1.15 2071241 1046785.97 20.66 310 313.43 1.03 45566 45609.95 20.66 102 10 198 13872 1360 26928 22.8 24.0 23.67 0.01
123300.0 376 135.02 1.0 46282 18511.47 1.01 15273 6535.35 1.15 2086514 1053321.32 20.66 370 313.43 1.03 45936 45923.38 20.66 102 10 198 13974 1370 27126 22.8 24.0 23.67 0.01
124200.0 354 135.65 1.0 46636 18647.12 1.01 15253 6535.37 1.15 2101767 1059856.69 20.66 350 313.43 1.03 46286 46236.81 20.66 102 10 198 14076 1380 27324 22.8 24.0 23.67 0.01
125100.0 310 134.87 1.0 46946 18781.99 1.01 15210 6531.9 1.15 2116977 1066388.58 20.66 310 313.43 1.03 46596 46550.24 20.66 102 10 198 14178 1390 27522 22.9 24.0 23.7 0.01
126000.0 310 134.87 1.0 47256 18916.87 1.01 15208 6531.92 1.15 2132185 1072920.5 20.66 310 313.43 1.03 46906 46863.67 20.66 102 10 198 14280 1400 27720 22.9 24.0 23.73 0.01
126900.0 376 135.02 1.0 47632 19051.88 1.01 15267 6531.9 1.15 2147452 1079452.4 20.66 370 313.43 1.03 47276 47177.1 20.66 102 10 198 14382 1410 27918 22.9 24.0 23.73 0.01
127800.0 354 135.65 1.0 47986 19187.53 1.01 15245 6530.77 1.15 2162697 1085983.17 20.66 350 313.43 1.03 47626 47490.53 20.66 102 10 198 14484 1420 28116 22.9 24.0 23.73 0.01
128700.0 310 134.87 1.0 48296 19322.4 1.01 15205 6530.75 1.15 2177902 1092513.92 20.66 310 313.43 1.03 47936 47803.96 20.66 102 10 198 14586 1430 28314 23.1 24.0 23.75 0.01
129600.0 310 134.87 1.0 48606 19457.28 1.01 15203 6528.47 1.15 2193105 1099042.39 20.66 310 313.43 1.03 48246 48117.39 20.66 102 10 198 14688 1440 28512 23.1 24.0 23.77 0.01
130500.0 376 135.02 1.0 48982 19592.29 1.01 15258 6525.0 1.15 2208363 1105567.39 20.66 370 313.43 1.03 48616 48430.82 20.66 102 10 198 14790 1450 28710 23.1 24.0 23.77 0.01
131400.0 354 135.65 1.0 49336 19727.94 1.01 15238 6525.02 1.15 2223601 1112092.41 20.66 350 313.43 1.03 48966 48744.25 20.66 102 10 198 14892 1460 28908 23.1 24.0 23.77 0.01
132300.0 310 134.87 1.0 49646 19862.82 1.01 15197 6525.0 1.15 2238798 1118617.4 20.66 310 313.43 1.03 49276 49057.68 20.66 102 10 198 14994 1470 29106 23.2 24.0 23.79 0.01
133200.0 310 134.87 1.0 49956 19997.69 1.01 15197 6525.02 1.15 2253995 1125142.42 20.66 310 313.43 1.03 49586 49371.11 20.66 102 10 198 15096 1480 29304 23.2 24.0 23.8 0.01
134100.0 376 135.02 1.0 50332 20132.7 1.01 15257 6525.0 1.15 2269252 1131667.42 20.66 370 313.43 1.03 49956 49684.54 20.66 102 10 198 15198 1490 29502 23.2 24.0 23.8 0.01
135000.0 354 135.65 1.0 50686 20268.35 1.01 15235 6525.02 1.15 2284487 1138192.44 20.66 350 313.43 1.03 50306 49997.97 20.66 102 10 198 15300 1500 29700 23.2 24.0 23.8 0.01
135900.0 310 134.87 1.0 50996 20403.23 1.01 15192 6525.0 1.15 2299679 1144717.44 20.66 310 313.43 1.03 50616 50311.4 20.66 102 10 198 15402 1510 29898 23.3 24.0 23.84 0.01
136800.0 310 134.87 1.0 51306 20538.1 1.01 15190 6523.87 1.15 2314869 1151241.3 20.66 310 313.43 1.03 50926 50624.83 20.66 102 10 198 15504 1520 30096 23.3 24.0 23.85 0.01
137700.0 376 135.02 1.0 51682 20673.11 1.01 15249 6522.7 1.15 2330118 1157764.0 20.66 370 313.43 1.03 51296 50938.26 20.66 102 10 198 15606 1530 30294 23.3 24.0 23.85 0.01
138600.0 354 135.65 1.0 52036 20808.76 1.01 15226 6522.72 1.15 2345344 1164286.72 20.66 350 313.43 1.03 51646 51251.69 20.66 102 10 198 15708 1540 30492 23.3 24.0 23.85 0.01
139500.0 310 134.87 1.0 52346 20943.64 1.01 15186 6522.7 1.15 2360530 1170809.42 20.66 310 313.43 1.03 51956 51565.12 20.66 102 10 198 15810 1550 30690 23.4 24.0 23.85 0.01
140400.0 310 134.87 1.0 52656 21078.51 1.01 15185 6521.57 1.15 2375715 1177330.99 20.66 310 313.43 1.03 52266 51878.55 20.66 102 10 198 15912 1560 30888 23.4 24.0 23.86 0.01
141300.0 376 135.02 1.0 53032 21213.52 1.01 15241 6520.4 1.15 2390956 1183851.39 20.66 370 313.43 1.03 52636 52191.98 20.66 102 10 198 16014 1570 31086 23.4 24.0 23.86 0.01
142200.0 354 135.65 1.0 53386 21349.17 1.01 15221 6520.42 1.15 2406177 1190371.81 20.66 350 313.43 1.03 52986 52505.41 20.66 102 10 198 16116 1580 31284 23.4 24.0 23.86 0.01
143100.0 310 134.87 1.0 53696 21484.05 1.01 15181 6520.4 1.15 2421358 1196892.2 20.66 310 313.43 1.03 53296 52818.84 20.66 102 10 198 16218 1590 31482 23.5 24.0 23.88 0.01
144000.0 310 134.87 1.0 54006 21618.92 1.01 15179 6520.42 1.15 2436537 1203412.62 20.66 310 313.43 1.03 53606 53132.27 20.66 102 10 198 16320 1600 31680 23.5 24.0 23.88 0.01
144900.0 376 135.02 1.0 54382 21753.94 1.01 15239 6520.4 1.15 2451776 1209933.02 20.66 370 313.43 1.03 53976 53445.7 20.66 102 10 198 16422 1610 31878 23.5 24.0 23.88 0.01
145800.0 354 135.65 1.0 54736 21889.58 1.01 15219 6520.42 1.15 2466995 1216453.44 20.66 350 313.43 1.03 54326 53759.13 20.66 102 10 198 16524 1620 32076 23.5 24.0 23.88 0.01
146700.0 310 134.87 1.0 55046 22024.46 1.01 15177 6520.4 1.15 2482172 1222973.84 20.66 310 313.43 1.03 54636 54072.56 20.66 102 10 198 16626 1630 32274 23.6 24.0 23.89 0.01
147600.0 310 134.87 1.0 55356 22159.33 1.01 15176 6520.42 1.15 2497348 1229494.25 20.66 310 313.43 1.03 54946 54385.99 20.66 102 10 198 16728 1640 32472 23.6 24.0 23.89 0.01
148500.0 376 135.02 1.0 55732 22294.35 1.01 15235 6520.4 1.15 2512583 1236014.65 20.66 370 313.43 1.03 55316 54699.42 20.66 102 10 198 16830 1650 32670 23.6 24.0 23.89 0.01
149400.0 354 135.65 1.0 56086 22429.99 1.01 15211 6520.42 1.15 2527794 1242535.07 20.66 350 313.43 1.03 55666 55012.85 20.66 102 10 198 16932 1660 32868 23.6 24.0 23.89 0.01
150300.0 310 134.87 1.0 56396 22564.87 1.01 15171 6520.4 1.15 2542965 1249055.47 20.66 310 313.43 1.03 55976 55326.28 20.66 102 10 198 17034 1670 33066 23.7 24.0 23.89 0.01
151200.0 310 134.87 1.0 56706 22699.74 1.01 15169 6519.27 1.15 2558134 1255574.74 20.66 310 313.43 1.03 56286 55639.71 20.66 102 10 198 17136 1680 33264 23.7 24.0 23.9 0.01
152100.0 376 135.02 1.0 57082 22834.76 1.01 15227 6518.1 1.15 2573361 1262092.84 20.66 370 313.43 1.03 56656 55953.14 20.66 102 10 198 17238 1690 33462 23.7 24.0 23.9 0.01
153000.0 354 135.65 1.0 57436 22970.41 1.01 15207 6518.12 1.15 2588568 1268610.96 20.66 350 313.43 1.03 57006 56266.57 20.66 102 10 198 17340 1700 33660 23.7 24.0 23.9 0.01
153900.0 310 134.87 1.0 57746 23105.28 1.01 15164 6516.95 1.15 2603732 1275127.9 20.66 310 313.43 1.03 57316 56580.0 20.66 102 10 198 17442 1710 33858 23.6 24.0 23.89 0.01
154800.0 310 134.87 1.0 58056 23240.15 1.01 15162 6516.97 1.15 2618894 1281644.87 20.66 310 313.43 1.03 57626 56893.43 20.66 102 10 198 17544 1720 34056 23.6 24.0 23.89 0.01
155700.0 376 135.02 1.0 58432 23375.17 1.01 15222 6516.95 1.15 2634116 1288161.82 20.66 370 313.43 1.03 57996 57206.86 20.66 102 10 198 17646 1730 34254 23.6 24.0 23.89 0.01
156600.0 354 135.65 1.0 58786 23510.82 1.01 15201 6516.97 1.15 2649317 1294678.79 20.66 350 313.43 1.03 58346 57520.3 20.66 102 10 198 17748 1740 34452 23.6 24.0 23.89 0.01
157500.0 310 134.87 1.0 59096 23645.69 1.01 15159 6516.95 1.15 2664476 1301195.73 20.66 310 313.43 1.03 58656 57833.72 20.66 102 10 198 17850 1750 34650 23.5 24.0 23.88 0.01
158400.0 310 134.87 1.0 59406 23780.56 1.01 15159 6516.97 1.15 2679635 1307712.7 20.66 310 313.43 1.03 58966 58147.15 20.66 102 10 198 17952 1760 34848 23.5 24.0 23.88 0.01
159300.0 376 135.02 1.0 59782 23915.58 1.01 15219 6516.95 1.15 2694854 1314229.65 20.66 370 313.43 1.03 59336 58460.58 20.66 102 10 198 18054 1770 35046 23.5 24.0 23.88 0.01
160200.0 354 135.65 1.0 60136 24051.23 1.01 15197 6515.82 1.15 2710051 1320745.47 20.66 350 313.43 1.03 59686 58774.02 20.66 102 10 198 18156 1780 35244 23.5 24.0 23.88 0.01
161100.0 310 134.87 1.0 60446 24186.1 1.01 15157 6515.8 1.15 2725208 1327261.27 20.66 310 313.43 1.03 59996 59087.44 20.66 102 10 198 18258 1790 35442 23.4 24.0 23.86 0.01
162000.0 310 134.87 1.0 60756 24320.97 1.01 15157 6515.82 1.15 2740365 1333777.08 20.66 310 313.43 1.03 60306 59400.87 20.66 102 10 198 18360 1800 35640 23.4 24.0 23.86 0.01
162900.0 376 134.79 1.0 61132 24455.76 1.01 15217 6515.48 1.15 2755582 1340292.57 20.66 370 313.42 1.03 60676 59714.3 20.66 102 10 198 18462 1810 35838 23.4 24.0 23.86 0.01
163800.0 354 135.65 1.0 61486 24591.41 1.01 15197 6515.82 1.15 2770779 1346808.39 20.66 350 313.43 1.03 61026 60027.73 20.66 102 10 198 18564 1820 36036 23.4 24.0 23.86 0.01
164700.0 310 134.87 1.0 61796 24726.29 1.01 15156 6515.8 1.15 2785935 1353324.18 20.66 310 313.43 1.03 61336 60341.16 20.66 102 10 198 18666 1830 36234 23.3 24.0 23.83 0.02
165600.0 310 134.87 1.0 62106 24861.16 1.01 15152 6514.67 1.15 2801087 1359838.85 20.66 310 313.43 1.03 61646 60654.59 20.66 102 10 198 18768 1840 36432 23.3 24.0 23.82 0.02
166500.0 376 135.02 1.0 62482 24996.17 1.01 15212 6514.65 1.15 2816299 1366353.5 20.66 370 313.43 1.03 62016 60968.02 20.66 102 10 198 18870 1850 36630 23.3 24.0 23.82 0.02
167400.0 354 135.65 1.0 62836 25131.82 1.01 15191 6514.67 1.15 2831490 1372868.17 20.66 350 313.43 1.03 62366 61281.45 20.66 102 10 198 18972 1860 36828 23.3 24.0 23.82 0.02
168300.0 310 134.87 1.0 63146 25266.7 1.01 15151 6514.65 1.15 2846641 1379382.81 20.66 310 313.43 1.03 62676 61594.88 20.66 102 10 198 19074 1870 37026 23.2 24.0 23.8 0.02
169200.0 310 134.87 1.0 63456 25401.57 1.01 15149 6512.37 1.15 2861790 1385895.18 20.66 310 313.43 1.03 62986 61908.31 20.66 102 10 198 19176 1880 37224 23.2 24.0 23.79 0.02
170100.0 376 134.79 1.0 63832 25536.36 1.01 15208 6512.03 1.15 2876998 1392407.21 20.66 370 313.42 1.03 63356 62221.73 20.66 102 10 198 19278 1890 37422 23.2 24.0 23.79 0.02
171000.0 354 135.65 1.0 64186 25672.01 1.01 15186 6511.22 1.15 2892184 1398918.43 20.66 350 313.43 1.03 63706 62535.16 20.66 102 10 198 19380 1900 37620 23.2 24.0 23.79 0.02
171900.0 310 134.87 1.0 64496 25806.88 1.01 15145 6511.2 1.15 2907329 1405429.63 20.66 310 313.43 1.03 64016 62848.59 20.66 102 10 198 19482 1910 37818 23.1 24.0 23.76 0.03
172800.0 310 134.87 1.0 64806 25941.75 1.01 15143 6510.07 1.15 2922472 1411939.7 20.66 310 313.43 1.03 64326 63162.02 20.66 102 10 198 19584 1920 38016 23.1 24.0 23.74 0.02
173700.0 376 135.02 1.0 65182 26076.77 1.01 15201 6510.05 1.15 2937673 1418449.75 20.66 370 313.43 1.03 64696 63475.45 20.66 102 10 198 19686 1930 38214 23.1 24.0 23.74 0.02
174600.0 354 135.65 1.0 65536 26212.42 1.01 15180 6510.07 1.15 2952853 1424959.82 20.66 350 313.43 1.03 65046 63788.88 20.66 102 10 198 19788 1940 38412 23.1 24.0 23.74 0.02
175500.0 310 134.87 1.0 65846 26347.29 1.01 15139 6510.05 1.15 2967992 1431469.86 20.66 310 313.43 1.03 65356 64102.31 20.66 102 10 198 19890 1950 38610 22.9 23.9 23.7 0.03
176400.0 310 134.87 1.0 66156 26482.17 1.01 15135 6508.92 1.15 2983127 1437978.78 20.66 310 313.43 1.03 65666 64415.74 20.66 102 10 198 19992 1960 38808 22.9 23.9 23.68 0.03
177300.0 376 135.02 1.0 66532 26617.18 1.01 15190 6507.75 1.15 2998317 1444486.53 20.66 370 313.43 1.03 66036 64729.17 20.66 102 10 198 20094 1970 39006 22.9 23.9 23.68 0.03
178200.0 354 135.65 1.0 66886 26752.83 1.01 15167 6506.62 1.15 3013484 1450993.15 20.66 350 313.43 1.03 66386 65042.6 20.66 102 10 198 20196 1980 39204 22.9 23.9 23.68 0.03
179100.0 310 134.87 1.0 67196 26887.7 1.01 15126 6502.0 1.15 3028610 1457495.14 20.66 310 313.43 1.03 66696 65356.03 20.66 102 10 198 20298 1990 39402 22.8 23.9 23.61 0.03
180000.0 310 134.87 1.0 67506 27022.58 1.01 15128 6505.47 1.15 3043738 1464000.61 20.66 310 313.43 1.03 67006 65669.46 20.66 102 10 198 20400 2000 39600 22.8 23.9 23.58 0.02
180900.0 376 135.02 1.0 67882 27157.59 1.01 15188 6505.45 1.15 3058926 1470506.06 20.66 370 313.43 1.03 67376 65982.89 20.66 102 10 198 20502 2010 39798 22.8 23.9 23.58 0.02
181800.0 354 135.65 1.0 68236 27293.24 1.01 15162 6504.32 1.15 3074088 1477010.38 20.66 350 313.43 1.03 67726 66296.32 20.66 102 10 198 20604 2020 39996 22.8 23.9 23.58 0.02
182700.0 310 134.87 1.0 68546 27428.11 1.01 15124 6500.85 1.15 3089212 1483511.22 20.66 310 313.43 1.03 68036 66609.75 20.66 102 10 198 20706 2030 40194 22.7 23.8 23.49 0.03
183600.0 310 134.87 1.0 68856 27562.99 1.01 15127 6503.17 1.15 3104339 1490014.39 20.66 310 313.43 1.03 68346 66923.18 20.66 102 10 198 20808 2040 40392 22.7 23.8 23.44 0.02
184500.0 376 135.02 1.0 69232 27698.0 1.01 15186 6503.15 1.15 3119525 1496517.54 20.66 370 313.43 1.03 68716 67236.61 20.66 102 10 198 20910 2050 40590 22.7 23.8 23.44 0.02
185400.0 354 135.65 1.0 69586 27833.65 1.01 15160 6503.17 1.15 3134685 1503020.71 20.66 350 313.43 1.03 69066 67550.04 20.66 102 10 198 21012 2060 40788 22.7 23.8 23.44 0.02
186300.0 310 134.87 1.0 69896 27968.52 1.01 15128 6504.3 1.15 3149813 1509525.0 20.66 310 313.43 1.03 69376 67863.47 20.66 102 10 198 21114 2070 40986 22.4 23.7 23.32 0.03
187200.0 310 134.87 1.0 70206 28103.4 1.01 15124 6503.17 1.15 3164937 1516028.17 20.66 310 313.43 1.03 69686 68176.9 20.66 102 10 198 21216 2080 41184 22.4 23.7 23.26 0.02
188100.0 376 135.02 1.0 70582 28238.41 1.01 15183 6503.15 1.15 3180120 1522531.32 20.66 370 313.43 1.03 70056 68490.33 20.66 102 10 198 21318 2090 41382 22.4 23.7 23.26 0.02
189000.0 354 135.65 1.0 70936 28374.06 1.01 15160 6502.02 1.15 3195280 1529033.34 20.66 350 313.43 1.03 70406 68803.77 20.66 102 10 198 21420 2100 41580 22.4 23.7 23.26 0.02
189900.0 310 134.87 1.0 71246 28508.93 1.01 15110 6498.55 1.15 3210390 1535531.88 20.66 310 313.43 1.03 70716 69117.19 20.66 102 10 198 21522 2110 41778 22.1 23.5 23.1 0.04
190800.0 310 134.87 1.0 71556 28643.81 1.01 15110 6498.57 1.15 3225500 1542030.45 20.66 310 313.43 1.03 71026 69430.62 20.66 102 10 198 21624 2120 41976 22.1 23.5 23.01 0.03
191700.0 376 135.02 1.0 71932 28778.82 1.01 15168 6497.4 1.15 3240668 1548527.85 20.66 370 313.43 1.03 71396 69744.05 20.66 102 10 198 21726 2130 42174 22.1 23.5 23.01 0.03
192600.0 354 135.65 1.0 72286 28914.47 1.01 15135 6492.82 1.15 3255803 1555020.67 20.66 350 313.43 1.03 71746 70057.49 20.66 102 10 198 21828 2140 42372 22.1 23.5 23.01 0.03
193500.0 310 134.87 1.0 72596 29049.34 1.01 15103 6495.1 1.15 3270906 1561515.76 20.66 310 313.43 1.03 72056 70370.91 20.66 102 10 198 21930 2150 42570 22.0 23.3 22.82 0.03
194400.0 310 134.87 1.0 72906 29184.22 1.01 15104 6497.42 1.15 3286010 1568013.18 20.66 310 313.43 1.03 72366 70684.34 20.66 102 10 198 22032 2160 42768 22.0 23.3 22.73 0.02
195300.0 376 135.02 1.0 73282 29319.23 1.01 15154 6491.65 1.15 3301164 1574504.83 20.66 370 313.43 1.03 72736 70997.77 20.66 102 10 198 22134 2170 42966 22.0 23.3 22.73 0.02
196200.0 354 135.65 1.0 73636 29454.88 1.01 15131 6490.52 1.15 3316295 1580995.35 20.66 350 313.43 1.03 73086 71311.21 20.66 102 10 198 22236 2180 43164 22.0 23.3 22.73 0.02
197100.0 310 134.87 1.0 73946 29589.76 1.01 15100 6493.95 1.15 3331395 1587489.29 20.66 310 313.43 1.03 73396 71624.63 20.66 102 10 198 22338 2190 43362 22.0 23.1 22.53 0.02
198000.0 310 134.87 1.0 74256 29724.63 1.01 15082 6488.22 1.15 3346477 1593977.51 20.66 310 313.43 1.03 73706 71938.06 20.66 102 10 198 22440 2200 43560 22.0 23.1 22.42 0.03
198900.0 376 135.02 1.0 74632 29859.64 1.01 15139 6487.05 1.15 3361616 1600464.56 20.66 370 313.43 1.03 74076 72251.49 20.66 102 10 198 22542 2210 43758 22.0 23.1 22.42 0.03
199800.0 354 135.65 1.0 74986 29995.29 1.01 15117 6484.77 1.15 3376733 1606949.33 20.66 350 313.43 1.03 74426 72564.93 20.66 102 10 198 22644 2220 43956 22.0 23.1 22.41 0.03
200700.0 310 134.87 1.0 75296 30130.17 1.01 15081 6485.9 1.15 3391814 1613435.22 20.66 310 313.43 1.03 74736 72878.35 20.66 102 10 198 22746 2230 44154 22.0 22.8 22.26 0.01
201600.0 310 134.87 1.0 75606 30265.04 1.01 15082 6487.07 1.15 3406896 1619922.29 20.66 310 313.43 1.03 75046 73191.79 20.66 102 10 198 22848 2240 44352 22.0 22.8 22.18 0.02
202500.0 376 135.02 1.0 75982 30400.05 1.01 15142 6487.05 1.15 3422038 1626409.34 20.66 370 313.43 1.03 75416 73505.21 20.66 102 10 198 22950 2250 44550 22.0 22.8 22.18 0.02
203400.0 354 135.65 1.0 76336 30535.7 1.01 15115 6484.77 1.15 3437153 1632894.11 20.66 350 313.43 1.03 75766 73818.65 20.66 102 10 198 23052 2260 44748 22.0 22.8 22.18 0.02
204300.0 310 134.87 1.0 76646 30670.58 1.01 15087 6488.2 1.15 3452240 1639382.3 20.66 310 313.43 1.03 76076 74132.07 20.66 102 10 198 23154 2270 44946 22.0 22.6 22.07 0.01
205200.0 310 134.87 1.0 76956 30805.45 1.01 15087 6488.22 1.15 3467327 1645870.52 20.66 310 313.43 1.03 76386 74445.51 20.66 102 10 198 23256 2280 45144 22.0 22.6 22.06 0.01
206100.0 376 134.79 1.0 77332 30940.24 1.01 15145 6486.73 1.15 3482472 1652357.25 20.66 370 313.42 1.03 76756 74758.93 20.66 102 10 198 23358 2290 45342 22.0 22.6 22.06 0.01
207000.0 354 135.65 1.0 77686 31075.89 1.01 15110 6481.32 1.15 3497582 1658838.57 20.66 350 313.43 1.03 77106 75072.36 20.66 102 10 198 23460 2300 45540 22.0 22.6 22.06 0.01
207900.0 310 134.87 1.0 77996 31210.76 1.01 15081 6483.6 1.15 3512663 1665322.17 20.66 310 313.43 1.03 77416 75385.79 20.66 102 10 198 23562 2310 45738 22.0 22.2 22.02 0.0
208800.0 310 134.87 1.0 78306 31345.64 1.01 15078 6482.47 1.15 3527741 1671804.63 20.66 310 313.43 1.03 77726 75699.22 20.66 102 10 198 23664 2320 45936 22.0 22.2 22.02 0.0
209700.0 376 135.02 1.0 78682 31480.65 1.01 15137 6482.45 1.15 3542878 1678287.08 20.66 370 313.43 1.03 78096 76012.65 20.66 102 10 198 23766 2330 46134 22.0 22.2 22.02 0.0
210600.0 354 135.65 1.0 79036 31616.3 1.01 15105 6479.02 1.15 3557983 1684766.1 20.66 350 313.43 1.03 78446 76326.08 20.66 102 10 198 23868 2340 46332 22.0 22.2 22.02 0.0
211500.0 310 134.87 1.0 79346 31751.17 1.01 15067 6479.0 1.15 3573050 1691245.09 20.66 310 313.43 1.03 78756 76639.51 20.66 102 10 198 23970 2350 46530 22.0 22.0 22.0 0.0
212400.0 310 134.87 1.0 79656 31886.05 1.01 15066 6479.02 1.15 3588116 1697724.11 20.66 310 313.43 1.03 79066 76952.94 20.66 102 10 198 24072 2360 46728 22.0 22.0 22.0 0.0
213300.0 376 134.79 1.0 80032 32020.84 1.01 15120 6476.38 1.15 3603236 1704200.49 20.66 370 313.42 1.03 79436 77266.36 20.66 102 10 198 24174 2370 46926 22.0 22.0 22.0 0.0
214200.0 354 135.65 1.0 80386 32156.49 1.01 15090 6475.57 1.15 3618326 1710676.06 20.66 350 313.43 1.03 79786 77579.79 20.66 102 10 198 24276 2380 47124 22.0 22.0 22.0 0.0
215100.0 310 134.87 1.0 80696 32291.36 1.01 15049 6475.54 1.15 3633375 1717151.61 20.66 310 313.43 1.03 80096 77893.22 20.66 102 10 198 24378 2390 47322 22.0 22.0 22.0 0.0
216000.0 310 134.87 1.0 81006 32426.23 1.01 15043 6473.27 1.15 3648418 1723624.87 20.66 310 313.43 1.03 80406 78206.65 20.66 102 10 198 24480 2400 47520 22.0 22.0 22.0 0.0
216900.0 376 135.02 1.0 81382 32561.25 1.01 15101 6472.1 1.15 3663519 1730096.97 20.66 370 313.43 1.03 80776 78520.08 20.66 102 10 198 24582 2410 47718 22.0 22.0 22.0 0.0
217800.0 354 135.65 1.0 81736 32696.9 1.01 15078 6469.82 1.15 3678597 1736566.79 20.66 350 313.43 1.03 81126 78833.52 20.66 102 10 198 24684 2420 47916 22.0 22.0 22.0 0.0
218700.0 310 134.87 1.0 82046 32831.77 1.01 15031 6467.49 1.15 3693628 1743034.28 20.66 310 313.43 1.03 81436 79146.94 20.66 102 10 198 24786 2430 48114 22.0 22.0 22.0 0.0
219600.0 310 134.87 1.0 82356 32966.64 1.01 15027 6466.37 1.15 3708655 1749500.65 20.66 310 313.43 1.03 81746 79460.37 20.66 102 10 198 24888 2440 48312 22.0 22.0 22.0 0.0
220500.0 376 135.02 1.0 82732 33101.66 1.01 15075 6458.3 1.15 3723730 1755958.95 20.66 370 313.43 1.03 82116 79773.8 20.66 102 10 198 24990 2450 48510 22.0 22.0 22.0 0.0
221400.0 354 135.65 1.0 83086 33237.31 1.01 15052 6462.23 1.15 3738782 1762421.18 20.66 350 313.53 1.03 82466 80087.34 20.66 102 10 198 25092 2460 48708 21.8 22.0 22.0 0.0
222300.0 310 134.88 1.0 83396 33372.19 1.01 15123 6508.93 1.15 3753905 1768930.1 20.66 310 313.55 1.03 82776 80400.88 20.66 102 10 198 25194 2470 48906 19.8 22.0 21.07 0.08
223200.0 310 134.88 1.0 83706 33507.07 1.01 15143 6516.96 1.15 3769048 1775447.06 20.66 310 313.55 1.03 83086 80714.43 20.66 102 10 198 25296 2480 49104 19.8 21.8 20.55 0.13
224100.0 376 135.02 1.0 84082 33642.09 1.01 15203 6516.98 1.15 3784251 1781964.04 20.66 370 313.55 1.03 83456 81027.98 20.66 102 10 198 25398 2490 49302 19.8 21.8 20.55 0.13
225000.0 354 135.65 1.0 84436 33777.74 1.01 15181 6511.84 1.15 3799432 1788475.88 20.66 350 313.47 1.03 83806 81341.45 20.66 102 10 198 25500 2500 49500 19.8 21.8 20.55 0.13
225900.0 310 134.88 1.0 84746 33912.61 1.01 15142 6516.04 1.15 3814574 1794991.93 20.66 310 313.55 1.03 84116 81655.0 20.66 102 10 198 25602 2510 49698 19.8 21.7 20.49 0.12
226800.0 310 134.88 1.0 85056 34047.49 1.01 15144 6517.19 1.15 3829718 1801509.12 20.66 310 313.55 1.03 84426 81968.55 20.66 102 10 198 25704 2520 49896 19.8 21.7 20.45 0.14
227700.0 376 135.02 1.0 85432 34182.51 1.01 15204 6517.2 1.15 3844922 1808026.31 20.66 370 313.55 1.03 84796 82282.11 20.66 102 10 198 25806 2530 50094 19.8 21.7 20.45 0.14
228600.0 354 135.65 1.0 85786 34318.16 1.01 15180 6516.05 1.15 3860102 1814542.37 20.66 350 313.55 1.03 85146 82595.66 20.66 102 10 198 25908 2540 50292 19.8 21.7 20.45 0.14
229500.0 310 134.88 1.0 86096 34453.04 1.01 15141 6516.89 1.15 3875243 1821059.25 20.66 310 313.55 1.03 85456 82909.21 20.66 102 10 198 26010 2550 50490 19.9 21.6 20.46 0.13
230400.0 310 134.88 1.0 86406 34587.92 1.01 15140 6515.71 1.15 3890383 1827574.96 20.66 310 313.55 1.03 85766 83222.75 20.66 102 10 198 26112 2560 50688 19.8 21.6 20.44 0.14
231300.0 376 134.8 1.0 86782 34722.71 1.01 15199 6514.42 1.15 3905582 1834089.38 20.66 370 313.54 1.03 86136 83536.3 20.66 102 10 198 26214 2570 50886 19.8 21.6 20.44 0.14
232200.0 354 135.65 1.0 87136 34858.37 1.01 15175 6512.69 1.15 3920757 1840602.08 20.66 350 313.56 1.03 86486 83849.85 20.66 102 10 198 26316 2580 51084 19.8 21.6 20.44 0.14
233100.0 310 134.88 1.0 87446 34993.24 1.01 15137 6514.19 1.15 3935894 1847116.26 20.66 310 313.56 1.03 86796 84163.42 20.66 102 10 198 26418 2590 51282 19.8 21.5 20.49 0.14
234000.0 310 134.88 1.0 87756 35128.12 1.01 15135 6514.18 1.15 3951029 1853630.44 20.66 310 313.56 1.03 87106 84476.98 20.66 102 10 198 26520 2600 51480 19.8 21.5 20.48 0.15
234900.0 376 135.02 1.0 88132 35263.14 1.01 15195 6514.19 1.15 3966224 1860144.63 20.66 370 313.56 1.03 87476 84790.54 20.66 102 10 198 26622 2610 51678 19.8 21.5 20.48 0.15
235800.0 354 135.65 1.0 88486 35398.79 1.01 15168 6510.58 1.15 3981392 1866655.21 20.66 350 313.54 1.03 87826 85104.08 20.66 102 10 198 26724 2620 51876 19.8 21.5 20.48 0.15
236700.0 310 134.87 1.0 88796 35533.67 1.01 15135 6508.61 1.15 3996527 1873163.82 20.66 310 313.44 1.03 88136 85417.52 20.66 102 10 198 26826 2630 52074 19.8 21.4 20.54 0.15
237600.0 310 134.87 1.0 89106 35668.54 1.01 15134 6508.63 1.15 4011661 1879672.45 20.66 310 313.45 1.03 88446 85730.97 20.66 102 10 198 26928 2640 52272 19.7 21.4 20.54 0.15
238500.0 376 134.79 1.0 89482 35803.33 1.01 15189 6505.99 1.15 4026850 1886178.45 20.66 370 313.44 1.03 88816 86044.41 20.66 102 10 198 27030 2650 52470 19.7 21.4 20.54 0.15
239400.0 354 135.65 1.0 89836 35938.98 1.01 15156 6501.21 1.15 4042006 1892679.66 20.66 350 313.46 1.03 89166 86357.87 20.66 102 10 198 27132 2660 52668 19.7 21.4 20.54 0.15
240300.0 310 134.88 1.0 90146 36073.86 1.01 15123 6504.67 1.15 4057129 1899184.33 20.66 310 313.46 1.03 89476 86671.33 20.66 102 10 198 27234 2670 52866 19.7 21.6 20.59 0.15
241200.0 310 134.88 1.0 90456 36208.74 1.01 15115 6503.51 1.15 4072244 1905687.84 20.66 310 313.46 1.03 89786 86984.79 20.66 102 10 198 27336 2680 53064 19.7 21.6 20.59 0.15
242100.0 376 135.02 1.0 90832 36343.75 1.01 15174 6502.37 1.15 4087418 1912190.21 20.66 370 313.46 1.03 90156 87298.25 20.66 102 10 198 27438 2690 53262 19.7 21.6 20.59 0.15
243000.0 354 135.65 1.0 91186 36479.41 1.01 15143 6497.44 1.15 4102561 1918687.65 20.66 350 313.46 1.03 90506 87611.71 20.66 102 10 198 27540 2700 53460 19.7 21.6 20.59 0.15
243900.0 310 134.88 1.0 91496 36614.28 1.01 15116 6503.91 1.15 4117677 1925191.55 20.66 310 313.54 1.03 90816 87925.25 20.66 102 10 198 27642 2710 53658 19.7 21.8 20.64 0.17
244800.0 310 134.88 1.0 91806 36749.16 1.01 15117 6503.88 1.15 4132794 1931695.43 20.66 310 313.54 1.03 91126 88238.79 20.66 102 10 198 27744 2720 53856 19.6 21.8 20.64 0.17
245700.0 376 135.02 1.0 92182 36884.18 1.01 15177 6503.91 1.15 4147971 1938199.34 20.66 370 313.54 1.03 91496 88552.33 20.66 102 10 198 27846 2730 54054 19.6 21.8 20.64 0.17
246600.0 354 135.65 1.0 92536 37019.83 1.01 15135 6497.23 1.15 4163106 1944696.57 20.66 350 313.55 1.03 91846 88865.87 20.66 102 10 198 27948 2740 54252 19.6 21.8 20.64 0.17
247500.0 310 134.88 1.0 92846 37154.71 1.01 15104 6499.39 1.15 4178210 1951195.96 20.66 310 313.54 1.03 92156 89179.41 20.66 102 10 198 28050 2750 54450 19.6 21.9 20.63 0.18
248400.0 310 134.88 1.0 93156 37289.58 1.01 15102 6497.07 1.15 4193312 1957693.03 20.66 310 313.54 1.03 92466 89492.95 20.66 102 10 198 28152 2760 54648 19.5 21.9 20.62 0.18
249300.0 376 135.02 1.0 93532 37424.6 1.01 15159 6495.94 1.15 4208471 1964188.97 20.66 370 313.54 1.03 92836 89806.5 20.66 102 10 198 28254 2770 54846 19.5 21.9 20.62 0.18
250200.0 354 135.65 1.0 93886 37560.26 1.01 15122 6490.94 1.15 4223593 1970679.91 20.66 350 313.53 1.03 93186 90120.03 20.66 102 10 198 28356 2780 55044 19.5 21.9 20.62 0.18
251100.0 310 134.88 1.0 94196 37695.13 1.01 15100 6498.96 1.15 4238693 1977178.87 20.66 310 313.53 1.03 93496 90433.56 20.66 102 10 198 28458 2790 55242 19.5 22.0 20.6 0.19
252000.0 310 134.88 1.0 94506 37830.01 1.01 15101 6500.08 1.15 4253794 1983678.95 20.66 310 313.53 1.03 93806 90747.09 20.66 102 10 198 28560 2800 55440 19.5 22.0 20.57 0.21
252900.0 376 135.02 1.0 94882 37965.03 1.01 15161 6500.11 1.15 4268955 1990179.06 20.66 370 313.53 1.03 94176 91060.63 20.66 102 10 198 28662 2810 55638 19.5 22.0 20.57 0.21
253800.0 354 135.65 1.0 95236 38100.68 1.01 15128 6495.73 1.15 4284083 1996674.79 20.66 350 313.54 1.03 94526 91374.17 20.66 102 10 198 28764 2820 55836 19.5 22.0 20.57 0.21
254700.0 310 134.88 1.0 95546 38235.55 1.01 15135 6512.07 1.15 4299218 2003186.87 20.66 310 313.54 1.03 94836 91687.71 20.66 102 10 198 28866 2830 56034 19.5 21.8 20.44 0.21
255600.0 310 134.88 1.0 95856 38370.43 1.01 15144 6516.64 1.15 4314362 2009703.51 20.66 310 313.54 1.03 95146 92001.25 20.66 102 10 198 28968 2840 56232 19.3 21.8 20.4 0.23
256500.0 376 135.02 1.0 96232 38505.45 1.01 15204 6516.67 1.15 4329566 2016220.18 20.66 370 313.54 1.03 95516 92314.79 20.66 102 10 198 29070 2850 56430 19.3 21.8 20.4 0.23
257400.0 354 135.65 1.0 96586 38641.1 1.01 15155 6504.89 1.15 4344721 2022725.07 20.66 350 313.54 1.03 95866 92628.33 20.66 102 10 198 29172 2860 56628 19.3 21.8 20.4 0.23
258300.0 310 134.88 1.0 96896 38775.98 1.01 15152 6519.06 1.15 4359873 2029244.13 20.66 310 313.54 1.03 96176 92941.87 20.66 102 10 198 29274 2870 56826 19.3 21.6 20.22 0.21
259200.0 310 134.88 1.0 97206 38910.85 1.01 15157 6520.2 1.15 4375030 2035764.33 20.66 310 313.54 1.03 96486 93255.42 20.66 102 10 198 29376 2880 57024 19.2 21.6 20.15 0.25
260100.0 376 135.02 1.0 97582 39045.87 1.01 15217 6520.21 1.15 4390247 2042284.54 20.66 370 313.54 1.03 96856 93568.96 20.66 102 10 198 29478 2890 57222 19.2 21.6 20.15 0.25
261000.0 356 135.72 1.0 97938 39181.59 1.01 15505 151601.46 20.63 4405752 2193886.0 20.66 352 3230.66 20.63 97208 96799.63 20.66 102 10 198 29580 2900 57420 19.2 21.6 20.15 0.25
261900.0 310 134.87 1.0 98248 39316.46 1.01 15183 6525.0 1.15 4420935 2200411.0 20.66 310 313.48 1.03 97518 97113.11 20.66 102 10 198 29682 2910 57618 18.9 20.8 19.68 0.18
262800.0 310 134.87 1.0 98558 39451.34 1.01 15184 6525.01 1.15 4436119 2206936.01 20.66 310 313.49 1.03 97828 97426.6 20.66 102 10 198 29784 2920 57816 18.9 20.8 19.64 0.24
263700.0 376 135.02 1.0 98934 39586.36 1.01 15244 6525.0 1.15 4451363 2213461.01 20.66 370 313.48 1.03 98198 97740.08 20.66 102 10 198 29886 2930 58014 18.9 20.8 19.64 0.24
264600.0 356 135.73 1.0 99290 39722.09 1.01 15532 151591.71 20.63 4466895 2365052.72 20.66 352 3229.53 20.63 98550 100969.61 20.66 102 10 198 29988 2940 58212 18.9 20.8 19.64 0.24
265500.0 310 134.91 1.0 99600 39857.0 1.01 15230 6569.81 1.15 4482125 2371622.53 20.66 310 313.94 1.04 98860 101283.55 20.66 102 10 198 30090 2950 58410 17.3 20.2 18.11 0.13
266400.0 310 134.91 1.0 99910 39991.9 1.01 15241 6573.27 1.15 4497366 2378195.81 20.66 310 313.94 1.04 99170 101597.49 20.66 102 10 198 30192 2960 58608 17.3 18.8 17.81 0.02
267300.0 376 135.05 1.0 100286 40126.95 1.01 15301 6573.27 1.15 4512667 2384769.07 20.66 370 313.94 1.04 99540 101911.43 20.66 102 10 198 30294 2970 58806 17.3 18.8 17.81 0.02
268200.0 356 135.75 1.0 100642 40262.7 1.01 15590 151459.03 20.62 4528257 2536228.1 20.66 352 3226.89 20.62 99892 105138.32 20.66 102 10 198 30396 2980 59004 17.3 18.8 17.81 0.02
269100.0 310 134.9 1.0 100952 40397.61 1.01 15232 6568.67 1.15 4543489 2542796.77 20.66 310 313.86 1.04 100202 105452.18 20.66 102 10 198 30498 2990 59202 17.3 18.7 17.79 0.02
270000.0 310 134.9 1.0 101262 40532.51 1.01 15234 6569.85 1.15 4558723 2549366.62 20.66 310 313.86 1.04 100512 105766.03 20.66 102 10 198 30600 3000 59400 17.3 18.7 17.77 0.02
270900.0 376 135.05 1.0 101638 40667.56 1.01 15294 6569.82 1.15 4574017 2555936.44 20.66 370 313.86 1.04 100882 106079.89 20.66 102 10 198 30702 3010 59598 17.3 18.7 17.77 0.02
271800.0 354 135.68 1.0 101992 40803.24 1.01 15269 6567.95 1.15 4589286 2562504.38 20.66 350 313.84 1.04 101232 106393.74 20.66 102 10 198 30804 3020 59796 17.3 18.7 17.77 0.02
272700.0 310 134.9 1.0 102302 40938.14 1.01 15232 6566.76 1.15 4604518 2569071.14 20.66 310 313.84 1.04 101542 106707.58 20.66 102 10 198 30906 3030 59994 17.3 18.6 17.75 0.02
273600.0 310 134.9 1.0 102612 41073.05 1.01 15232 6567.94 1.15 4619750 2575639.08 20.66 310 313.84 1.04 101852 107021.42 20.66 102 10 198 31008 3040 60192 17.3 18.6 17.74 0.02
274500.0 376 135.05 1.0 102988 41208.09 1.01 15291 6567.91 1.15 4635041 2582206.99 20.66 370 313.84 1.04 102222 107335.26 20.66 102 10 198 31110 3050 60390 17.3 18.6 17.74 0.02
275400.0 354 135.68 1.0 103342 41343.78 1.01 15266 6571.16 1.15 4650307 2588778.15 20.66 350 313.91 1.04 102572 107649.17 20.66 102 10 198 31212 3060 60588 17.3 18.6 17.74 0.02
276300.0 310 134.9 1.0 103652 41478.68 1.01 15223 6568.36 1.15 4665530 2595346.51 20.66 310 313.87 1.04 102882 107963.04 20.66 102 10 198 31314 3070 60786 17.3 18.5 17.72 0.02
277200.0 310 134.9 1.0 103962 41613.59 1.01 15224 6568.39 1.15 4680754 2601914.9 20.66 310 313.87 1.04 103192 108276.91 20.66 102 10 198 31416 3080 60984 17.3 18.5 17.71 0.02
278100.0 376 134.82 1.0 104338 41748.41 1.01 15284 6568.02 1.15 4696038 2608482.92 20.66 370 313.87 1.04 103562 108590.78 20.66 102 10 198 31518 3090 61182 17.3 18.5 17.71 0.02
279000.0 354 135.68 1.0 104692 41884.09 1.01 15264 6565.94 1.15 4711302 2615048.86 20.66 350 313.82 1.04 103912 108904.61 20.66 102 10 198 31620 3100 61380 17.3 18.5 17.71 0.02
279900.0 310 134.9 1.0 105002 42018.99 1.01 15223 6567.51 1.15 4726525 2621616.37 20.66 310 313.86 1.04 104222 109218.46 20.66 102 10 198 31722 3110 61578 17.3 18.4 17.7 0.02
280800.0 310 134.9 1.0 105312 42153.89 1.01 15228 6569.85 1.15 4741753 2628186.22 20.66 310 313.86 1.04 104532 109532.32 20.66 102 10 198 31824 3120 61776 17.3 18.4 17.69 0.02
281700.0 376 135.05 1.0 105688 42288.94 1.01 15288 6569.82 1.15 4757041 2634756.04 20.66 370 313.86 1.04 104902 109846.18 20.66 102 10 198 31926 3130 61974 17.3 18.4 17.69 0.02
282600.0 354 135.68 1.0 106042 42424.62 1.01 15266 6569.02 1.15 4772307 2641325.06 20.66 350 313.86 1.04 105252 110160.04 20.66 102 10 198 32028 3140 62172 17.3 18.4 17.69 0.02
283500.0 310 134.9 1.0 106352 42559.52 1.01 15223 6564.42 1.15 4787530 2647889.49 20.66 310 313.82 1.04 105562 110473.86 20.66 102 10 198 32130 3150 62370 17.3 18.3 17.68 0.01
284400.0 310 134.9 1.0 106662 42694.43 1.01 15223 6564.46 1.15 4802753 2654453.95 20.66 310 313.82 1.04 105872 110787.68 20.66 102 10 198 32232 3160 62568 17.3 18.3 17.68 0.01
285300.0 376 135.04 1.0 107038 42829.47 1.01 15281 6564.42 1.15 4818034 2661018.37 20.66 370 313.82 1.04 106242 111101.49 20.66 102 10 198 32334 3170 62766 17.3 18.3 17.68 0.01
286200.0 354 135.68 1.0 107392 42965.15 1.01 15259 6563.38 1.15 4833293 2667581.75 20.66 350 313.8 1.04 106592 111415.29 20.66 102 10 198 32436 3180 62964 17.3 18.3 17.68 0.01
287100.0 310 134.9 1.0 107702 43100.05 1.01 15214 6558.25 1.15 4848507 2674140.0 20.66 310 313.81 1.04 106902 111729.1 20.66 102 10 198 32538 3190 63162 17.3 18.2 17.67 0.01
288000.0 310 134.9 1.0 108012 43234.95 1.01 15213 6559.43 1.15 4863720 2680699.42 20.66 310 313.81 1.04 107212 112042.91 20.66 102 10 198 32640 3200 63360 17.3 18.2 17.67 0.01
288900.0 376 135.04 1.0 108388 43369.99 1.01 15273 6559.4 1.15 4878993 2687258.83 20.66 370 313.81 1.04 107582 112356.71 20.66 102 10 198 32742 3210 63558 17.3 18.2 17.67 0.01
289800.0 354 135.68 1.0 108742 43505.67 1.01 15250 6561.49 1.15 4894243 2693820.31 20.66 350 313.88 1.04 107932 112670.59 20.66 102 10 198 32844 3220 63756 17.3 18.2 17.67 0.01
290700.0 310 134.91 1.0 109052 43640.58 1.01 15210 6560.77 1.15 4909453 2700381.09 20.66 310 313.91 1.04 108242 112984.5 20.66 102 10 198 32946 3230 63954 17.3 18.1 17.67 0.01
291600.0 310 134.91 1.0 109362 43775.49 1.01 15211 6560.81 1.15 4924664 2706941.89 20.66 310 313.91 1.04 108552 113298.4 20.66 102 10 198 33048 3240 64152 17.3 18.1 17.66 0.01
292500.0 376 135.05 1.0 109738 43910.54 1.01 15268 6560.77 1.15 4939932 2713502.67 20.66 370 313.91 1.04 108922 113612.31 20.66 102 10 198 33150 3250 64350 17.3 18.1 17.66 0.01
293400.0 354 135.68 1.0 110092 44046.22 1.01 15247 6558.4 1.15 4955179 2720061.06 20.66 350 313.86 1.04 109272 113926.17 20.66 102 10 198 33252 3260 64548 17.3 18.1 17.66 0.01
294300.0 310 134.9 1.0 110402 44181.12 1.01 15207 6558.35 1.15 4970386 2726619.42 20.66 310 313.86 1.04 109582 114240.03 20.66 102 10 198 33354 3270 64746 17.4 18.0 17.67 0.01
295200.0 310 134.9 1.0 110712 44316.03 1.01 15203 6557.24 1.15 4985589 2733176.66 20.66 310 313.86 1.04 109892 114553.88 20.66 102 10 198 33456 3280 64944 17.4 18.0 17.66 0.01
296100.0 376 135.05 1.0 111088 44451.07 1.01 15263 6557.21 1.15 5000852 2739733.87 20.66 370 313.86 1.04 110262 114867.74 20.66 102 10 198 33558 3290 65142 17.4 18.0 17.66 0.01
297000.0 354 135.68 1.0 111442 44586.76 1.01 15242 6559.66 1.15 5016094 2746293.52 20.66 350 313.91 1.04 110612 115181.65 20.66 102 10 198 33660 3300 65340 17.4 18.0 17.66 0.01
297900.0 310 134.91 1.0 111752 44721.67 1.01 15199 6555.02 1.15 5031293 2752848.54 20.66 310 313.91 1.04 110922 115495.56 20.66 102 10 198 33762 3310 65538 17.4 18.0 17.67 0.01
298800.0 310 134.91 1.0 112062 44856.58 1.01 15200 6557.36 1.15 5046493 2759405.9 20.66 310 313.91 1.04 111232 115809.46 20.66 102 10 198 33864 3320 65736 17.4 18.0 17.66 0.01
299700.0 376 135.05 1.0 112438 44991.63 1.01 15260 6557.32 1.15 5061753 2765963.22 20.66 370 313.91 1.04 111602 116123.37 20.66 102 10 198 33966 3330 65934 17.4 18.0 17.66 0.01
300600.0 354 135.68 1.0 112792 45127.31 1.01 15232 6552.76 1.15 5076985 2772515.98 20.66 350 313.91 1.04 111952 116437.28 20.66 102 10 198 34068 3340 66132 17.4 18.0 17.66 0.01
301500.0 310 134.9 1.0 113102 45262.22 1.01 15193 6547.84 1.15 5092178 2779063.83 20.66 310 313.85 1.04 112262 116751.13 20.66 102 10 198 34170 3350 66330 17.4 17.9 17.67 0.01
302400.0 310 134.9 1.0 113412 45397.12 1.01 15195 6547.88 1.15 5107373 2785611.7 20.66 310 313.85 1.04 112572 117064.99 20.66 102 10 198 34272 3360 66528 17.4 17.9 17.67 0.01
303300.0 376 135.05 1.0 113788 45532.17 1.01 15253 6547.84 1.15 5122626 2792159.55 20.66 370 313.85 1.04 112942 117378.84 20.66 102 10 198 34374 3370 66726 17.4 17.9 17.67 0.01
304200.0 354 135.68 1.0 114142 45667.84 1.01 15229 6544.27 1.15 5137855 2798703.82 20.66 350 313.81 1.04 113292 117692.65 20.66 102 10 198 34476 3380 66924 17.4 17.9 17.67 0.01
305100.0 310 134.9 1.0 114452 45802.75 1.01 15191 6546.81 1.15 5153046 2805250.63 20.66 310 313.86 1.04 113602 118006.5 20.66 102 10 198 34578 3390 67122 17.4 17.8 17.67 0.01
306000.0 310 134.9 1.0 114762 45937.65 1.01 15190 6546.85 1.15 5168236 2811797.48 20.66 310 313.86 1.04 113912 118320.36 20.66 102 10 198 34680 3400 67320 17.4 17.9 17.67 0.01
306900.0 376 135.05 1.0 115138 46072.7 1.01 15250 6546.82 1.15 5183486 2818344.3 20.66 370 313.86 1.04 114282 118634.22 20.66 102 10 198 34782 3410 67518 17.4 17.9 17.67 0.01
307800.0 354 135.68 1.0 115492 46208.39 1.01 15226 6549.31 1.15 5198712 2824893.6 20.66 350 313.91 1.04 114632 118948.13 20.66 102 10 198 34884 3420 67716 17.4 17.9 17.67 0.01
308700.0 310 134.91 1.0 115802 46343.29 1.01 15187 6551.57 1.15 5213899 2831445.18 20.66 310 313.91 1.04 114942 119262.03 20.66 102 10 198 34986 3430 67914 17.4 17.9 17.68 0.01
309600.0 310 134.91 1.0 116112 46478.2 1.01 15187 6551.61 1.15 5229086 2837996.78 20.66 310 313.91 1.04 115252 119575.94 20.66 102 10 198 35088 3440 68112 17.4 17.9 17.68 0.01
310500.0 376 135.05 1.0 116488 46613.25 1.01 15244 6551.57 1.15 5244330 2844548.36 20.66 370 313.91 1.04 115622 119889.85 20.66 102 10 198 35190 3450 68310 17.4 17.9 17.68 0.01
311400.0 354 135.68 1.0 116842 46748.93 1.01 15214 6544.6 1.15 5259544 2851092.95 20.66 350 313.86 1.04 115972 120203.71 20.66 102 10 198 35292 3460 68508 17.4 17.9 17.68 0.01
312300.0 310 134.9 1.0 117152 46883.84 1.01 15184 6551.45 1.15 5274728 2857644.4 20.66 310 313.86 1.04 116282 120517.56 20.66 102 10 198 35394 3470 68706 17.4 18.0 17.69 0.01
313200.0 310 134.9 1.0 117462 47018.74 1.01 15181 6551.49 1.15 5289909 2864195.9 20.66 310 313.86 1.04 116592 120831.42 20.66 102 10 198 35496 3480 68904 17.3 18.0 17.69 0.01
314100.0 376 135.05 1.0 117838 47153.79 1.01 15239 6550.31 1.15 5305148 2870746.2 20.66 370 313.86 1.04 116962 121145.28 20.66 102 10 198 35598 3490 69102 17.3 18.0 17.69 0.01
315000.0 354 135.68 1.0 118192 47289.47 1.01 15205 6547.01 1.15 5320353 2877293.21 20.66 350 313.91 1.04 117312 121459.19 20.66 102 10 198 35700 3500 69300 17.3 18.0 17.69 0.01
315900.0 310 134.9 1.0 118502 47424.38 1.01 15172 6549.96 1.15 5335525 2883843.17 20.66 310 313.87 1.04 117622 121773.06 20.66 102 10 198 35802 3510 69498 17.3 18.1 17.7 0.01
316800.0 310 134.9 1.0 118812 47559.28 1.01 15171 6548.84 1.15 5350696 2890392.01 20.66 310 313.87 1.04 117932 122086.93 20.66 102 10 198 35904 3520 69696 17.3 18.1 17.71 0.02
317700.0 376 135.05 1.0 119188 47694.33 1.01 15230 6548.81 1.15 5365926 2896940.83 20.66 370 313.87 1.04 118302 122400.81 20.66 102 10 198 36006 3530 69894 17.3 18.1 17.71 0.02
318600.0 354 135.68 1.0 119542 47830.01 1.01 15197 6543.09 1.15 5381123 2903483.92 20.66 350 313.88 1.04 118652 122714.68 20.66 102 10 198 36108 3540 70092 17.3 18.1 17.71 0.02
319500.0 310 134.91 1.0 119852 47964.92 1.01 15170 6548.12 1.15 5396293 2910032.04 20.66 310 313.91 1.04 118962 123028.59 20.66 102 10 198 36210 3550 70290 17.3 18.2 17.72 0.02
320400.0 310 134.91 1.0 120162 48099.83 1.01 15168 6545.86 1.15 5411461 2916577.9 20.66 310 313.91 1.04 119272 123342.5 20.66 102 10 198 36312 3560 70488 17.3 18.2 17.72 0.02
321300.0 376 135.05 1.0 120538 48234.88 1.01 15226 6543.52 1.15 5426687 2923121.42 20.66 370 313.91 1.04 119642 123656.4 20.66 102 10 198 36414 3570 70686 17.3 18.2 17.72 0.02
322200.0 354 135.67 1.0 120892 48370.55 1.01 15185 6532.86 1.15 5441872 2929654.27 20.66 350 313.78 1.04 119992 123970.19 20.66 102 10 198 36516 3580 70884 17.3 18.2 17.72 0.02
323100.0 310 134.89 1.0 121202 48505.45 1.01 15149 6535.25 1.15 5457021 2936189.52 20.66 310 313.74 1.04 120302 124283.92 20.66 102 10 198 36618 3590 71082 17.3 18.2 17.72 0.02
324000.0 310 134.89 1.0 121512 48640.34 1.01 15152 6536.43 1.15 5472173 2942725.95 20.66 310 313.74 1.04 120612 124597.66 20.66 102 10 198 36720 3600 71280 17.3 18.2 17.73 0.02
324900.0 376 135.04 1.0 121888 48775.38 1.01 15205 6534.1 1.15 5487378 2949260.05 20.66 370 313.74 1.04 120982 124911.4 20.66 102 10 198 36822 3610 71478 17.3 18.2 17.73 0.02
325800.0 354 135.68 1.0 122242 48911.06 1.01 15176 6536.38 1.15 5502554 2955796.43 20.66 350 313.86 1.04 121332 125225.25 20.66 102 10 198 36924 3620 71676 17.3 18.2 17.73 0.02
326700.0 310 134.91 1.0 122552 49045.97 1.01 15154 6544.67 1.15 5517708 2962341.09 20.66 310 313.91 1.04 121642 125539.16 20.66 102 10 198 37026 3630 71874 17.3 18.3 17.74 0.03
327600.0 310 134.91 1.0 122862 49180.87 1.01 15153 6545.86 1.15 5532861 2968886.95 20.66 310 313.91 1.04 121952 125853.07 20.66 102 10 198 37128 3640 72072 17.2 18.3 17.74 0.03
328500.0 376 135.05 1.0 123238 49315.93 1.01 15212 6545.82 1.15 5548073 2975432.77 20.66 370 313.91 1.04 122322 126166.98 20.66 102 10 198 37230 3650 72270 17.2 18.3 17.74 0.03
329400.0 354 135.68 1.0 123592 49451.61 1.01 15169 6536.66 1.15 5563242 2981969.43 20.66 350 313.91 1.04 122672 126480.88 20.66 102 10 198 37332 3660 72468 17.2 18.3 17.74 0.03
330300.0 310 134.91 1.0 123902 49586.52 1.01 15148 6543.52 1.15 5578390 2988512.95 20.66 310 313.91 1.04 122982 126794.79 20.66 102 10 198 37434 3670 72666 17.2 18.4 17.76 0.03
331200.0 310 134.91 1.0 124212 49721.43 1.01 15144 6540.11 1.15 5593534 2995053.06 20.66 310 313.91 1.04 123292 127108.7 20.66 102 10 198 37536 3680 72864 17.2 18.4 17.76 0.03
332100.0 376 135.05 1.0 124588 49856.48 1.01 15200 6536.62 1.15 5608734 3001589.68 20.66 370 313.91 1.04 123662 127422.61 20.66 102 10 198 37638 3690 73062 17.2 18.4 17.76 0.03
333000.0 354 135.68 1.0 124942 49992.16 1.01 15138 6516.95 1.15 5623872 3008106.63 20.66 350 313.86 1.04 124012 127736.46 20.66 102 10 198 37740 3700 73260 17.2 18.4 17.76 0.03
333900.0 310 134.9 1.0 125252 50127.06 1.01 15101 6521.51 1.15 5638973 3014628.15 20.66 310 313.86 1.04 124322 128050.32 20.66 102 10 198 37842 3710 73458 17.2 18.5 17.77 0.04
334800.0 310 134.9 1.0 125562 50261.97 1.01 15101 6520.4 1.15 5654074 3021148.54 20.66 310 313.86 1.04 124632 128364.18 20.66 102 10 198 37944 3720 73656 17.2 18.5 17.77 0.04
335700.0 376 135.05 1.0 125938 50397.01 1.01 15150 6514.62 1.15 5669224 3027663.16 20.66 370 313.86 1.04 125002 128678.03 20.66 102 10 198 38046 3730 73854 17.2 18.5 17.77 0.04
336600.0 354 135.68 1.0 126292 50532.7 1.01 15109 6506.76 1.15 5684333 3034169.92 20.66 350 313.91 1.04 125352 128991.94 20.66 102 10 198 38148 3740 74052 17.2 18.5 17.77 0.04
337500.0 310 134.91 1.0 126602 50667.61 1.01 15082 6511.32 1.15 5699415 3040681.24 20.66 310 313.91 1.04 125662 129305.85 20.66 102 10 198 38250 3750 74250 17.2 18.5 17.78 0.04
338400.0 310 134.91 1.0 126912 50802.51 1.01 15082 6510.21 1.15 5714497 3047191.44 20.66 310 313.91 1.04 125972 129619.75 20.66 102 10 198 38352 3760 74448 17.2 18.5 17.78 0.04
339300.0 376 135.05 1.0 127288 50937.57 1.01 15132 6505.57 1.15 5729629 3053697.01 20.66 370 313.91 1.04 126342 129933.66 20.66 102 10 198 38454 3770 74646 17.2 18.5 17.78 0.04
340200.0 354 135.68 1.0 127642 51073.25 1.01 15078 6489.75 1.15 5744707 3060186.76 20.66 350 313.84 1.04 126692 130247.51 20.66 102 10 198 38556 3780 74844 17.2 18.5 17.78 0.04
341100.0 310 134.9 1.0 127952 51208.15 1.01 15040 6489.71 1.15 5759747 3066676.46 20.66 310 313.84 1.04 127002 130561.35 20.66 102 10 198 38658 3790 75042 17.2 18.5 17.78 0.04
342000.0 310 134.9 1.0 128262 51343.05 1.01 15039 6493.19 1.15 5774786 3073169.65 20.66 310 313.84 1.04 127312 130875.19 20.66 102 10 198 38760 3800 75240 17.2 18.5 17.79 0.04
342900.0 376 134.82 1.0 128638 51477.87 1.01 15093 6490.5 1.15 5789879 3079660.16 20.66 370 313.84 1.04 127682 131189.02 20.66 102 10 198 38862 3810 75438 17.2 18.5 17.79 0.04
343800.0 354 135.68 1.0 128992 51613.55 1.01 15058 6483.12 1.15 5804937 3086143.28 20.66 350 313.78 1.04 128032 131502.8 20.66 102 10 198 38964 3820 75636 17.2 18.5 17.79 0.04
344700.0 310 134.9 1.0 129302 51748.45 1.01 15015 6479.64 1.15 5819952 3092622.92 20.66 310 313.78 1.04 128342 131816.58 20.66 102 10 198 39066 3830 75834 17.2 18.6 17.79 0.05
345600.0 310 134.9 1.0 129612 51883.35 1.01 15012 6479.67 1.15 5834964 3099102.59 20.66 310 313.78 1.04 128652 132130.35 20.66 102 10 198 39168 3840 76032 17.2 18.6 17.79 0.05
