# seed = 7, gamma = 0.33, beta = 0.33, dee = 1.0, dcc = 100.0, dec = 300.0, dsCnd = 500.0, dLocalhost = 0.02, hostBroker = CLOUD 
#
# The columns have the following meaning: 
# instant[SECONDS] commCountUploadPartial delaySumUploadPartial[SECONDS] delayMaxUploadPartial[SECONDS] commCountUploadTot delaySumUploadTot[SECONDS] delayMaxUploadTot[SECONDS] commCountDownloadPartial delaySumDownloadPartial[SECONDS] delayMaxDownloadPartial[SECONDS] commCountDownloadTot delaySumDownloadTot[SECONDS] delayMaxDownloadTot[SECONDS] commCountDownloadMaxPartial delaySumDownloadMaxPartial[SECONDS] delayMaxDownloadMaxPartial[SECONDS] commCountDownloadMaxTot delaySumDownloadMaxTot[SECONDS] delayMaxDownloadMaxTot[SECONDS] runOnCloudPartial runOnEdgePartial runOnSmartphonePartial runOnCloudTot runOnEdgeTot runOnSmartphoneTot minTemp maxTemp avgTemp varianceTemp
0.0 0 0.0 0.0 0 0.0 0.0 0 0.0 0.0 0 0.0 0.0 0 0.0 0.0 0 0.0 0.0 0 0 0 0 0 0 17.0 25.0 21.0 0.0
900.0 376 101.32 0.8 376 101.32 0.8 14730 4894.49 0.82 14730 4894.49 0.82 370 251.17 0.82 370 251.17 0.82 208 3 99 208 3 99 18.9 21.0 19.44 0.85
1800.0 356 102.13 0.8 732 203.45 0.8 15019 138372.34 19.67 29749 143266.83 19.67 352 3030.33 19.67 722 3281.5 19.67 208 3 99 416 6 198 18.9 18.9 18.9 0.0
2700.0 310 101.21 0.81 1042 304.66 0.81 14671 4918.91 0.83 44420 148185.74 19.67 310 251.39 0.83 1032 3532.89 19.67 208 3 99 624 9 297 18.1 18.9 18.44 0.03
3600.0 310 101.21 0.81 1352 405.87 0.81 14671 4918.91 0.83 59091 153104.65 19.67 310 251.39 0.83 1342 3784.28 19.67 208 3 99 832 12 396 17.7 18.9 18.24 0.05
4500.0 376 101.35 0.81 1728 507.21 0.81 14725 4915.22 0.83 73816 158019.86 19.67 370 251.69 0.83 1712 4035.96 19.67 208 3 99 1040 15 495 17.6 18.7 18.23 0.05
5400.0 356 102.15 0.81 2084 609.36 0.81 15046 10893.41 19.75 88862 168913.27 19.75 352 271.57 19.75 2064 4307.54 19.75 208 3 99 1248 18 594 17.6 18.7 18.23 0.05
6300.0 310 101.22 0.81 2394 710.58 0.81 14728 4929.29 0.83 103590 173842.56 19.75 310 251.5 0.83 2374 4559.04 19.75 208 3 99 1456 21 693 17.6 18.7 18.23 0.05
7200.0 310 101.22 0.81 2704 811.79 0.81 14728 4930.92 0.83 118318 178773.48 19.75 310 251.51 0.83 2684 4810.55 19.75 208 3 99 1664 24 792 17.6 18.7 18.25 0.04
8100.0 376 101.36 0.81 3080 913.15 0.81 14788 4931.2 0.83 133106 183704.67 19.75 370 251.81 0.83 3054 5062.35 19.75 208 3 99 1872 27 891 17.6 18.7 18.25 0.04
9000.0 356 102.15 0.81 3436 1015.3 0.81 15077 10904.76 19.76 148183 194609.44 19.76 352 271.61 19.76 3406 5333.96 19.76 208 3 99 2080 30 990 17.6 18.7 18.25 0.04
9900.0 310 101.21 0.81 3746 1116.51 0.81 14732 4932.56 0.83 162915 199542.0 19.76 310 251.55 0.83 3716 5585.51 19.76 208 3 99 2288 33 1089 17.6 18.7 18.23 0.04
10800.0 310 101.21 0.81 4056 1217.72 0.81 14737 4934.12 0.83 177652 204476.12 19.76 310 251.55 0.83 4026 5837.06 19.76 208 3 99 2496 36 1188 17.6 18.7 18.15 0.05
11700.0 376 101.35 0.81 4432 1319.07 0.81 14796 4933.67 0.83 192448 209409.79 19.76 370 251.85 0.83 4396 6088.92 19.76 208 3 99 2704 39 1287 17.6 18.7 18.15 0.05
12600.0 354 101.99 0.81 4786 1421.07 0.81 14744 4916.27 0.83 207192 214326.07 19.76 350 251.99 0.83 4746 6340.91 19.76 208 3 99 2912 42 1386 17.6 18.7 18.15 0.05
13500.0 310 101.21 0.81 5096 1522.28 0.81 14677 4900.72 0.83 221869 219226.78 19.76 310 251.59 0.83 5056 6592.5 19.76 208 3 99 3120 45 1485 17.6 18.7 18.15 0.04
14400.0 310 101.21 0.81 5406 1623.49 0.81 14676 4900.68 0.83 236545 224127.46 19.76 310 251.59 0.83 5366 6844.09 19.76 208 3 99 3328 48 1584 17.6 18.7 18.14 0.04
15300.0 376 101.36 0.81 5782 1724.85 0.81 14736 4901.02 0.83 251281 229028.48 19.76 370 251.89 0.83 5736 7095.98 19.76 208 3 99 3536 51 1683 17.6 18.7 18.14 0.04
16200.0 354 101.99 0.81 6136 1826.84 0.81 14706 4895.86 0.83 265987 233924.33 19.76 350 251.98 0.83 6086 7347.96 19.76 208 3 99 3744 54 1782 17.6 18.7 18.14 0.04
17100.0 310 101.21 0.81 6446 1928.05 0.81 14676 4898.76 0.83 280663 238823.09 19.76 310 251.51 0.83 6396 7599.48 19.76 208 3 99 3952 57 1881 17.6 18.7 18.12 0.04
18000.0 310 101.21 0.81 6756 2029.26 0.81 14682 4901.14 0.83 295345 243724.23 19.76 310 251.51 0.83 6706 7850.99 19.76 208 3 99 4160 60 1980 17.6 18.7 18.11 0.04
18900.0 376 101.35 0.81 7132 2130.61 0.81 14741 4900.65 0.83 310086 248624.88 19.76 370 251.82 0.83 7076 8102.81 19.76 208 3 99 4368 63 2079 17.6 18.6 18.11 0.04
19800.0 354 101.99 0.81 7486 2232.6 0.81 14707 4893.65 0.83 324793 253518.52 19.76 350 251.94 0.83 7426 8354.75 19.76 208 3 99 4576 66 2178 17.6 18.6 18.11 0.04
20700.0 310 101.21 0.81 7796 2333.81 0.81 14676 4899.25 0.83 339469 258417.78 19.76 310 251.56 0.83 7736 8606.3 19.76 208 3 99 4784 69 2277 17.6 18.6 18.08 0.03
21600.0 310 101.21 0.81 8106 2435.02 0.81 14677 4901.63 0.83 354146 263319.4 19.76 310 251.56 0.83 8046 8857.86 19.76 208 3 99 4992 72 2376 17.6 18.6 18.08 0.03
22500.0 376 101.35 0.81 8482 2536.38 0.81 14737 4901.96 0.83 368883 268221.36 19.76 370 251.86 0.83 8416 9109.72 19.76 208 3 99 5200 75 2475 17.6 18.6 18.08 0.03
23400.0 354 101.99 0.81 8836 2638.37 0.81 14703 4896.13 0.83 383586 273117.49 19.76 350 251.99 0.83 8766 9361.71 19.76 208 3 99 5408 78 2574 17.6 18.6 18.08 0.03
24300.0 310 101.22 0.81 9146 2739.59 0.81 14668 4899.6 0.83 398254 278017.09 19.76 310 251.64 0.83 9076 9613.35 19.76 208 3 99 5616 81 2673 17.6 18.6 18.06 0.03
25200.0 310 101.22 0.81 9456 2840.81 0.81 14681 4908.36 0.83 412935 282925.45 19.76 310 251.64 0.83 9386 9864.98 19.76 208 3 99 5824 84 2772 17.5 18.6 18.04 0.03
26100.0 376 101.36 0.81 9832 2942.17 0.81 14741 4908.7 0.83 427676 287834.15 19.76 370 251.94 0.83 9756 10116.92 19.76 208 3 99 6032 87 2871 17.5 18.6 18.04 0.03
27000.0 354 102.0 0.81 10186 3044.16 0.81 14708 4902.36 0.83 442384 292736.51 19.76 350 252.04 0.83 10106 10368.96 19.76 208 3 99 6240 90 2970 17.5 18.6 18.04 0.03
27900.0 310 101.21 0.81 10496 3145.38 0.81 14666 4895.46 0.83 457050 297631.97 19.76 310 251.58 0.83 10416 10620.54 19.76 208 3 99 6448 93 3069 17.5 18.6 18.02 0.03
28800.0 310 101.21 0.81 10806 3246.59 0.81 14677 4902.63 0.83 471727 302534.6 19.76 310 251.58 0.83 10726 10872.12 19.76 208 3 99 6656 96 3168 17.5 18.6 18.0 0.03
29700.0 376 101.36 0.81 11182 3347.95 0.81 14735 4902.16 0.83 486462 307436.76 19.76 370 251.88 0.83 11096 11124.0 19.76 208 3 99 6864 99 3267 17.5 18.6 18.0 0.03
30600.0 354 101.99 0.81 11536 3449.94 0.81 14703 4896.63 0.83 501165 312333.38 19.76 350 251.98 0.83 11446 11375.98 19.76 208 3 99 7072 102 3366 17.5 18.6 18.0 0.03
31500.0 310 101.22 0.81 11846 3551.16 0.81 14670 4901.2 0.83 515835 317234.58 19.76 310 251.64 0.83 11756 11627.62 19.76 208 3 99 7280 105 3465 17.5 18.6 17.97 0.03
32400.0 310 101.22 0.81 12156 3652.38 0.81 14678 4905.96 0.83 530513 322140.54 19.76 310 251.64 0.83 12066 11879.25 19.76 208 3 99 7488 108 3564 17.4 18.6 17.96 0.03
33300.0 376 101.36 0.81 12532 3753.74 0.81 14737 4905.5 0.83 545250 327046.05 19.76 370 251.94 0.83 12436 12131.19 19.76 208 3 99 7696 111 3663 17.4 18.5 17.96 0.03
34200.0 354 102.0 0.81 12886 3855.73 0.81 14698 4895.16 0.83 559948 331941.21 19.76 350 252.04 0.83 12786 12383.23 19.76 208 3 99 7904 114 3762 17.4 18.5 17.96 0.03
35100.0 310 101.22 0.81 13196 3956.95 0.81 14666 4898.8 0.83 574614 336840.01 19.76 310 251.64 0.83 13096 12634.86 19.76 208 3 99 8112 117 3861 17.4 18.5 17.94 0.03
36000.0 310 101.22 0.81 13506 4058.17 0.81 14679 4905.16 0.83 589293 341745.17 19.76 310 251.64 0.83 13406 12886.5 19.76 208 3 99 8320 120 3960 17.4 18.5 17.92 0.03
36900.0 376 101.36 0.81 13882 4159.53 0.81 14739 4905.5 0.83 604032 346650.67 19.76 370 251.94 0.83 13776 13138.44 19.76 208 3 99 8528 123 4059 17.4 18.5 17.92 0.03
37800.0 354 101.99 0.81 14236 4261.52 0.81 14693 4887.37 0.83 618725 351538.04 19.76 350 251.94 0.83 14126 13390.37 19.76 208 3 99 8736 126 4158 17.4 18.5 17.92 0.03
38700.0 310 101.21 0.81 14546 4362.73 0.81 14658 4892.6 0.83 633383 356430.64 19.76 310 251.54 0.83 14436 13641.91 19.76 208 3 99 8944 129 4257 17.4 18.5 17.9 0.03
39600.0 310 101.21 0.81 14856 4463.94 0.81 14669 4897.37 0.83 648052 361328.01 19.76 310 251.54 0.83 14746 13893.45 19.76 208 3 99 9152 132 4356 17.3 18.5 17.88 0.04
40500.0 376 101.35 0.81 15232 4565.3 0.81 14726 4895.3 0.83 662778 366223.31 19.76 370 251.84 0.83 15116 14145.28 19.76 208 3 99 9360 135 4455 17.3 18.5 17.88 0.04
41400.0 354 102.0 0.81 15586 4667.29 0.81 14688 4887.96 0.83 677466 371111.27 19.76 350 252.04 0.83 15466 14397.32 19.76 208 3 99 9568 138 4554 17.3 18.5 17.88 0.04
42300.0 310 101.21 0.81 15896 4768.51 0.81 14668 4898.96 0.83 692134 376010.23 19.76 310 251.59 0.83 15776 14648.91 19.76 208 3 99 9776 141 4653 17.3 18.5 17.85 0.04
43200.0 310 101.21 0.81 16206 4869.72 0.81 14672 4901.33 0.83 706806 380911.56 19.76 310 251.59 0.83 16086 14900.49 19.76 208 3 99 9984 144 4752 17.3 18.5 17.84 0.05
44100.0 376 101.36 0.81 16582 4971.08 0.81 14732 4901.66 0.83 721538 385813.22 19.76 370 251.89 0.83 16456 15152.38 19.76 208 3 99 10192 147 4851 17.2 18.4 17.84 0.05
45000.0 354 101.99 0.81 16936 5073.07 0.81 14680 4882.53 0.83 736218 390695.75 19.76 350 251.99 0.83 16806 15404.37 19.76 208 3 99 10400 150 4950 17.2 18.4 17.84 0.05
45900.0 310 101.21 0.81 17246 5174.29 0.81 14654 4889.57 0.83 750872 395585.31 19.76 310 251.59 0.83 17116 15655.96 19.76 208 3 99 10608 153 5049 17.2 18.4 17.81 0.05
46800.0 310 101.21 0.81 17556 5275.5 0.81 14670 4899.92 0.83 765542 400485.24 19.76 310 251.59 0.83 17426 15907.55 19.76 208 3 99 10816 156 5148 17.2 18.5 17.8 0.06
47700.0 376 101.36 0.81 17932 5376.86 0.81 14729 4899.47 0.83 780271 405384.71 19.76 370 251.89 0.83 17796 16159.45 19.76 208 3 99 11024 159 5247 17.2 18.5 17.8 0.06
48600.0 354 101.99 0.81 18286 5478.85 0.81 14684 4884.33 0.83 794955 410269.03 19.76 350 251.99 0.83 18146 16411.44 19.76 208 3 99 11232 162 5346 17.2 18.5 17.8 0.06
49500.0 310 101.22 0.81 18596 5580.07 0.81 14653 4890.8 0.83 809608 415159.83 19.76 310 251.64 0.83 18456 16663.08 19.76 208 3 99 11440 165 5445 17.2 18.5 17.77 0.06
50400.0 310 101.22 0.81 18906 5681.29 0.81 14671 4901.96 0.83 824279 420061.79 19.76 310 251.64 0.83 18766 16914.71 19.76 208 3 99 11648 168 5544 17.1 18.5 17.75 0.07
51300.0 376 101.36 0.81 19282 5782.65 0.81 14731 4902.3 0.83 839010 424964.09 19.76 370 251.94 0.83 19136 17166.65 19.76 208 3 99 11856 171 5643 17.1 18.5 17.75 0.07
52200.0 354 102.0 0.81 19636 5884.64 0.81 14686 4887.16 0.83 853696 429851.26 19.76 350 252.04 0.83 19486 17418.69 19.76 208 3 99 12064 174 5742 17.1 18.5 17.75 0.07
53100.0 310 101.22 0.81 19946 5985.86 0.81 14643 4885.2 0.83 868339 434736.46 19.76 310 251.64 0.83 19796 17670.32 19.76 208 3 99 12272 177 5841 17.1 18.5 17.74 0.07
54000.0 310 101.22 0.81 20256 6087.08 0.81 14652 4891.56 0.83 882991 439628.02 19.76 310 251.64 0.83 20106 17921.96 19.76 208 3 99 12480 180 5940 17.1 18.6 17.73 0.07
54900.0 376 101.36 0.81 20632 6188.44 0.81 14710 4891.1 0.83 897701 444519.12 19.76 370 251.94 0.83 20476 18173.89 19.76 208 3 99 12688 183 6039 17.1 18.6 17.73 0.07
55800.0 354 102.0 0.81 20986 6290.44 0.81 14674 4881.56 0.83 912375 449400.68 19.76 350 252.04 0.83 20826 18425.93 19.76 208 3 99 12896 186 6138 17.1 18.6 17.73 0.07
56700.0 310 101.22 0.81 21296 6391.66 0.81 14653 4893.2 0.83 927028 454293.88 19.76 310 251.64 0.83 21136 18677.57 19.76 208 3 99 13104 189 6237 17.1 18.6 17.7 0.08
57600.0 310 101.22 0.81 21606 6492.87 0.81 14665 4899.56 0.83 941693 459193.44 19.76 310 251.64 0.83 21446 18929.2 19.76 208 3 99 13312 192 6336 17.1 18.6 17.69 0.09
58500.0 376 101.36 0.81 21982 6594.23 0.81 14725 4899.9 0.83 956418 464093.34 19.76 370 251.94 0.83 21816 19181.14 19.76 208 3 99 13520 195 6435 17.1 18.6 17.69 0.09
59400.0 354 101.99 0.81 22336 6696.23 0.81 14674 4878.68 0.83 971092 468972.02 19.76 350 251.99 0.83 22166 19433.13 19.76 208 3 99 13728 198 6534 17.1 18.6 17.69 0.09
60300.0 310 101.21 0.81 22646 6797.44 0.81 14643 4884.72 0.83 985735 473856.74 19.76 310 251.59 0.83 22476 19684.72 19.76 208 3 99 13936 201 6633 17.1 18.6 17.67 0.09
61200.0 310 101.21 0.81 22956 6898.65 0.81 14653 4889.48 0.83 1000388 478746.21 19.76 310 251.59 0.83 22786 19936.31 19.76 208 3 99 14144 204 6732 17.0 18.6 17.66 0.09
62100.0 376 101.36 0.81 23332 7000.01 0.81 14712 4889.02 0.83 1015100 483635.23 19.76 370 251.89 0.83 23156 20188.21 19.76 208 3 99 14352 207 6831 17.0 18.6 17.66 0.1
63000.0 354 101.99 0.81 23686 7102.0 0.81 14669 4872.4 0.83 1029769 488507.63 19.76 350 251.92 0.83 23506 20440.13 19.76 208 3 99 14560 210 6930 17.0 18.6 17.66 0.1
63900.0 310 101.21 0.81 23996 7203.2 0.81 14633 4873.99 0.83 1044402 493381.62 19.76 310 251.48 0.83 23816 20691.61 19.76 208 3 99 14768 213 7029 17.0 18.6 17.65 0.1
64800.0 310 101.21 0.81 24306 7304.41 0.81 14643 4879.56 0.83 1059045 498261.18 19.76 310 251.48 0.83 24126 20943.09 19.76 208 3 99 14976 216 7128 17.0 18.6 17.64 0.11
65700.0 376 101.35 0.81 24682 7405.76 0.81 14703 4879.89 0.83 1073748 503141.07 19.76 370 251.78 0.83 24496 21194.87 19.76 208 3 99 15184 219 7227 17.0 18.6 17.64 0.11
66600.0 354 101.98 0.81 25036 7507.74 0.81 14668 4869.81 0.83 1088416 508010.88 19.76 350 251.87 0.83 24846 21446.73 19.76 208 3 99 15392 222 7326 17.0 18.6 17.64 0.11
67500.0 310 101.2 0.81 25346 7608.94 0.81 14626 4867.74 0.83 1103042 512878.62 19.76 310 251.43 0.83 25156 21698.16 19.76 208 3 99 15600 225 7425 17.0 18.6 17.63 0.1
68400.0 310 101.2 0.81 25656 7710.14 0.81 14628 4869.32 0.83 1117670 517747.94 19.76 310 251.43 0.83 25466 21949.59 19.76 208 3 99 15808 228 7524 17.0 18.7 17.62 0.11
69300.0 376 101.35 0.81 26032 7811.49 0.81 14688 4869.64 0.83 1132358 522617.58 19.76 370 251.73 0.83 25836 22201.32 19.76 208 3 99 16016 231 7623 17.0 18.7 17.62 0.11
70200.0 354 101.98 0.81 26386 7913.47 0.81 14650 4859.22 0.83 1147008 527476.8 19.76 350 251.86 0.83 26186 22453.19 19.76 208 3 99 16224 234 7722 17.0 18.7 17.62 0.11
71100.0 310 101.21 0.81 26696 8014.68 0.81 14623 4865.84 0.83 1161631 532342.64 19.76 310 251.46 0.83 26496 22704.64 19.76 208 3 99 16432 237 7821 17.0 18.7 17.61 0.11
72000.0 310 101.21 0.81 27006 8115.88 0.81 14636 4873.02 0.83 1176267 537215.66 19.76 310 251.46 0.83 26806 22956.1 19.76 208 3 99 16640 240 7920 17.0 18.7 17.6 0.11
72900.0 376 101.35 0.81 27382 8217.23 0.81 14689 4870.14 0.83 1190956 542085.81 19.76 370 251.76 0.83 27176 23207.86 19.76 208 3 99 16848 243 8019 17.0 18.7 17.6 0.11
73800.0 354 101.98 0.81 27736 8319.21 0.81 14654 4861.42 0.83 1205610 546947.23 19.76 350 251.86 0.83 27526 23459.72 19.76 208 3 99 17056 246 8118 17.0 18.7 17.6 0.11
74700.0 310 101.21 0.81 28046 8420.42 0.81 14608 4860.89 0.83 1220218 551808.11 19.76 310 251.51 0.83 27836 23711.23 19.76 208 3 99 17264 249 8217 17.0 18.7 17.59 0.11
75600.0 310 101.21 0.81 28356 8521.63 0.81 14608 4860.86 0.83 1234826 556668.97 19.76 310 251.51 0.83 28146 23962.73 19.76 208 3 99 17472 252 8316 17.0 18.7 17.59 0.11
76500.0 376 101.35 0.81 28732 8622.98 0.81 14668 4861.19 0.83 1249494 561530.16 19.76 370 251.81 0.83 28516 24214.54 19.76 208 3 99 17680 255 8415 17.0 18.7 17.59 0.11
77400.0 354 101.98 0.81 29086 8724.96 0.81 14641 4855.16 0.83 1264135 566385.32 19.76 350 251.88 0.83 28866 24466.42 19.76 208 3 99 17888 258 8514 17.0 18.7 17.59 0.11
78300.0 310 101.21 0.81 29396 8826.17 0.81 14601 4853.99 0.83 1278736 571239.31 19.76 310 251.48 0.83 29176 24717.9 19.76 208 3 99 18096 261 8613 17.0 18.7 17.59 0.11
79200.0 310 101.21 0.81 29706 8927.38 0.81 14606 4857.96 0.83 1293342 576097.26 19.76 310 251.48 0.83 29486 24969.38 19.76 208 3 99 18304 264 8712 17.0 18.6 17.58 0.11
80100.0 376 101.35 0.81 30082 9028.72 0.81 14666 4858.29 0.83 1308008 580955.55 19.76 370 251.78 0.83 29856 25221.16 19.76 208 3 99 18512 267 8811 17.0 18.6 17.58 0.11
81000.0 354 101.99 0.81 30436 9130.71 0.81 14641 4858.7 0.83 1322649 585814.25 19.76 350 251.92 0.83 30206 25473.08 19.76 208 3 99 18720 270 8910 17.0 18.6 17.58 0.11
81900.0 310 101.21 0.81 30746 9231.92 0.81 14606 4862.29 0.83 1337255 590676.54 19.76 310 251.57 0.83 30516 25724.65 19.76 208 3 99 18928 273 9009 17.0 18.6 17.58 0.11
82800.0 310 101.21 0.81 31056 9333.13 0.81 14607 4863.84 0.83 1351862 595540.38 19.76 310 251.57 0.83 30826 25976.23 19.76 208 3 99 19136 276 9108 17.0 18.6 17.59 0.11
83700.0 376 101.36 0.81 31432 9434.49 0.81 14667 4864.19 0.83 1366529 600404.57 19.76 370 251.87 0.83 31196 26228.1 19.76 208 3 99 19344 279 9207 17.0 18.6 17.59 0.11
84600.0 354 101.99 0.81 31786 9536.48 0.81 14638 4859.44 0.83 1381167 605264.02 19.76 350 251.97 0.83 31546 26480.08 19.76 208 3 99 19552 282 9306 17.0 18.6 17.59 0.11
85500.0 310 101.21 0.81 32096 9637.69 0.81 14605 4861.86 0.83 1395772 610125.87 19.76 310 251.53 0.83 31856 26731.6 19.76 208 3 99 19760 285 9405 17.0 18.6 17.59 0.1
86400.0 310 101.21 0.81 32406 9738.9 0.81 14603 4861.81 0.83 1410375 614987.68 19.76 310 251.53 0.83 32166 26983.13 19.76 208 3 99 19968 288 9504 17.0 18.6 17.59 0.1
87300.0 376 101.35 0.81 32782 9840.25 0.81 14663 4862.16 0.83 1425038 619849.84 19.76 370 251.83 0.83 32536 27234.96 19.76 208 3 99 20176 291 9603 17.0 18.6 17.59 0.1
88200.0 354 101.99 0.81 33136 9942.24 0.81 14632 4857.12 0.83 1439670 624706.96 19.76 350 251.99 0.83 32886 27486.96 19.76 208 3 99 20384 294 9702 17.0 18.6 17.59 0.1
89100.0 310 101.22 0.81 33446 10043.46 0.81 14638 4882.0 0.83 1454308 629588.96 19.76 310 251.64 0.83 33196 27738.59 19.76 208 3 99 20592 297 9801 17.0 18.6 17.62 0.07
90000.0 310 101.22 0.81 33756 10144.68 0.81 14680 4908.36 0.83 1468988 634497.32 19.76 310 251.64 0.83 33506 27990.23 19.76 208 3 99 20800 300 9900 17.1 18.5 17.68 0.05
90900.0 376 101.36 0.81 34132 10246.04 0.81 14740 4908.7 0.83 1483728 639406.02 19.76 370 251.94 0.83 33876 28242.17 19.76 208 3 99 21008 303 9999 17.1 18.5 17.68 0.04
91800.0 354 101.99 0.81 34486 10348.02 0.81 14698 4892.32 0.83 1498426 644298.34 19.76 350 251.91 0.83 34226 28494.07 19.76 208 3 99 21216 306 10098 17.1 18.5 17.68 0.04
92700.0 310 101.2 0.81 34796 10449.23 0.81 14720 4920.82 0.83 1513146 649219.17 19.76 310 251.42 0.83 34536 28745.49 19.76 208 3 99 21424 309 10197 17.1 23.8 19.32 1.93
93600.0 310 101.2 0.81 35106 10550.43 0.81 14724 4923.2 0.83 1527870 654142.36 19.76 310 251.42 0.83 34846 28996.91 19.76 208 3 99 21632 312 10296 17.1 23.8 20.49 4.75
94500.0 376 101.34 0.81 35482 10651.77 0.81 14783 4923.52 0.83 1542653 659065.88 19.76 370 251.72 0.83 35216 29248.63 19.76 208 3 99 21840 315 10395 17.1 23.8 20.52 4.79
95400.0 354 101.98 0.81 35836 10753.75 0.81 14760 4922.0 0.83 1557413 663987.88 19.76 350 251.82 0.83 35566 29500.45 19.76 208 3 99 22048 318 10494 17.1 23.8 20.52 4.79
96300.0 310 101.2 0.81 36146 10854.95 0.81 14721 4921.62 0.83 1572134 668909.5 19.76 310 251.42 0.83 35876 29751.86 19.76 208 3 99 22256 321 10593 17.1 24.0 20.84 4.69
97200.0 310 101.2 0.81 36456 10956.15 0.81 14716 4918.4 0.83 1586850 673827.89 19.76 310 251.42 0.83 36186 30003.28 19.76 208 3 99 22464 324 10692 17.1 24.0 21.01 4.76
98100.0 376 101.34 0.81 36832 11057.5 0.81 14776 4918.72 0.83 1601626 678746.61 19.76 370 251.72 0.83 36556 30255.0 19.76 208 3 99 22672 327 10791 17.4 24.0 21.02 4.75
99000.0 354 101.97 0.81 37186 11159.47 0.81 14754 4910.1 0.83 1616380 683656.71 19.76 350 251.65 0.83 36906 30506.65 19.76 208 3 99 22880 330 10890 17.4 24.0 21.02 4.75
99900.0 310 101.19 0.81 37496 11260.67 0.81 14712 4908.91 0.83 1631092 688565.62 19.76 310 251.25 0.83 37216 30757.9 19.76 208 3 99 23088 333 10989 17.4 24.0 21.24 4.12
100800.0 310 101.19 0.81 37806 11361.86 0.81 14713 4908.89 0.83 1645805 693474.51 19.76 310 251.25 0.83 37526 31009.14 19.76 208 3 99 23296 336 11088 17.5 24.0 21.38 3.95
101700.0 376 101.34 0.81 38182 11463.2 0.81 14772 4908.41 0.83 1660577 698382.92 19.76 370 251.55 0.83 37896 31260.69 19.76 208 3 99 23504 339 11187 17.8 24.0 21.38 3.92
102600.0 354 101.97 0.81 38536 11565.17 0.81 14746 4905.97 0.83 1675323 703288.89 19.76 350 251.65 0.83 38246 31512.34 19.76 208 3 99 23712 342 11286 17.8 24.0 21.38 3.92
103500.0 310 101.2 0.81 38846 11666.36 0.81 14709 4905.57 0.83 1690032 708194.47 19.76 310 251.24 0.83 38556 31763.59 19.76 208 3 99 23920 345 11385 17.8 24.0 21.54 3.35
104400.0 310 101.2 0.81 39156 11767.56 0.81 14710 4906.37 0.83 1704742 713100.83 19.76 310 251.25 0.83 38866 32014.83 19.76 208 3 99 24128 348 11484 18.0 24.0 21.69 3.15
105300.0 376 101.34 0.81 39532 11868.9 0.81 14769 4906.67 0.83 1719511 718007.51 19.76 370 251.55 0.83 39236 32266.38 19.76 208 3 99 24336 351 11583 18.5 24.0 21.7 3.12
106200.0 354 101.97 0.81 39886 11970.87 0.81 14743 4902.12 0.83 1734254 722909.63 19.76 350 251.6 0.83 39586 32517.98 19.76 208 3 99 24544 354 11682 18.5 24.0 21.7 3.12
107100.0 310 101.19 0.8 40196 12072.05 0.81 14702 4896.7 0.83 1748956 727806.33 19.76 310 251.12 0.83 39896 32769.1 19.76 208 3 99 24752 357 11781 18.5 24.0 21.69 2.96
108000.0 310 101.19 0.8 40506 12173.24 0.81 14700 4894.29 0.83 1763656 732700.61 19.76 310 251.13 0.83 40206 33020.23 19.76 208 3 99 24960 360 11880 18.8 24.0 21.71 2.92
108900.0 376 101.33 0.8 40882 12274.57 0.81 14754 4891.4 0.83 1778410 737592.01 19.76 370 251.43 0.83 40576 33271.65 19.76 208 3 99 25168 363 11979 18.9 24.0 21.71 2.91
109800.0 354 101.96 0.8 41236 12376.53 0.81 14734 4891.49 0.83 1793144 742483.5 19.76 350 251.53 0.83 40926 33523.18 19.76 208 3 99 25376 366 12078 18.9 24.0 21.71 2.91
110700.0 310 101.19 0.8 41546 12477.72 0.81 14695 4891.89 0.83 1807839 747375.39 19.76 310 251.12 0.83 41236 33774.3 19.76 208 3 99 25584 369 12177 18.9 24.0 21.6 2.86
111600.0 310 101.19 0.8 41856 12578.9 0.81 14690 4888.69 0.83 1822529 752264.08 19.76 310 251.13 0.83 41546 34025.43 19.76 208 3 99 25792 372 12276 18.9 24.0 21.54 2.72
112500.0 376 101.33 0.8 42232 12680.23 0.81 14745 4885.8 0.83 1837274 757149.88 19.76 370 251.43 0.83 41916 34276.86 19.76 208 3 99 26000 375 12375 18.9 23.9 21.54 2.72
113400.0 354 101.96 0.8 42586 12782.19 0.81 14723 4885.09 0.83 1851997 762034.96 19.76 350 251.53 0.83 42266 34528.38 19.76 208 3 99 26208 378 12474 18.9 23.9 21.54 2.72
114300.0 310 101.19 0.8 42896 12883.38 0.81 14693 4891.09 0.83 1866690 766926.06 19.76 310 251.12 0.83 42576 34779.51 19.76 208 3 99 26416 381 12573 18.9 23.9 22.87 0.88
115200.0 310 101.19 0.8 43206 12984.56 0.81 14694 4891.09 0.83 1881384 771817.15 19.76 310 251.13 0.83 42886 35030.63 19.76 208 3 99 26624 384 12672 18.9 24.0 23.48 0.17
116100.0 376 101.33 0.8 43582 13085.89 0.81 14753 4890.6 0.83 1896137 776707.74 19.76 370 251.43 0.83 43256 35282.06 19.76 208 3 99 26832 387 12771 22.6 24.0 23.51 0.03
117000.0 354 101.96 0.8 43936 13187.86 0.81 14728 4889.09 0.83 1910865 781596.83 19.76 350 251.53 0.83 43606 35533.58 19.76 208 3 99 27040 390 12870 22.6 24.0 23.51 0.03
117900.0 310 101.19 0.8 44246 13289.04 0.81 14688 4888.69 0.83 1925553 786485.52 19.76 310 251.12 0.83 43916 35784.71 19.76 208 3 99 27248 393 12969 22.6 24.0 23.55 0.02
118800.0 310 101.19 0.8 44556 13390.23 0.81 14686 4887.09 0.83 1940239 791372.61 19.76 310 251.13 0.83 44226 36035.83 19.76 208 3 99 27456 396 13068 22.7 24.0 23.6 0.02
119700.0 376 101.33 0.8 44932 13491.56 0.81 14745 4886.6 0.83 1954984 796259.21 19.76 370 251.43 0.83 44596 36287.26 19.76 208 3 99 27664 399 13167 22.7 24.0 23.6 0.02
120600.0 354 101.96 0.8 45286 13593.52 0.81 14725 4886.69 0.83 1969709 801145.9 19.76 350 251.53 0.83 44946 36538.79 19.76 208 3 99 27872 402 13266 22.7 24.0 23.6 0.02
121500.0 310 101.19 0.8 45596 13694.7 0.81 14683 4884.69 0.83 1984392 806030.59 19.76 310 251.12 0.83 45256 36789.91 19.76 208 3 99 28080 405 13365 22.7 24.0 23.64 0.01
122400.0 310 101.19 0.8 45906 13795.89 0.81 14678 4880.69 0.83 1999070 810911.28 19.76 310 251.13 0.83 45566 37041.03 19.76 208 3 99 28288 408 13464 22.8 24.0 23.66 0.01
123300.0 376 101.33 0.8 46282 13897.22 0.81 14737 4881.0 0.83 2013807 815792.27 19.76 370 251.43 0.83 45936 37292.46 19.76 208 3 99 28496 411 13563 22.8 24.0 23.67 0.01
124200.0 354 101.96 0.8 46636 13999.18 0.81 14717 4881.09 0.83 2028524 820673.36 19.76 350 251.53 0.83 46286 37543.99 19.76 208 3 99 28704 414 13662 22.8 24.0 23.67 0.01
125100.0 310 101.19 0.8 46946 14100.37 0.81 14674 4879.09 0.83 2043198 825552.45 19.76 310 251.12 0.83 46596 37795.11 19.76 208 3 99 28912 417 13761 22.8 24.0 23.69 0.01
126000.0 310 101.19 0.8 47256 14201.55 0.81 14674 4879.09 0.83 2057872 830431.54 19.76 310 251.13 0.83 46906 38046.24 19.76 208 3 99 29120 420 13860 22.9 24.0 23.72 0.01
126900.0 376 101.33 0.8 47632 14302.88 0.81 14734 4879.4 0.83 2072606 835310.94 19.76 370 251.43 0.83 47276 38297.66 19.76 208 3 99 29328 423 13959 22.9 24.0 23.72 0.01
127800.0 354 101.96 0.8 47986 14404.84 0.81 14710 4876.29 0.83 2087316 840187.23 19.76 350 251.53 0.83 47626 38549.19 19.76 208 3 99 29536 426 14058 22.9 24.0 23.72 0.01
128700.0 310 101.19 0.8 48296 14506.03 0.81 14670 4875.89 0.83 2101986 845063.12 19.76 310 251.12 0.83 47936 38800.31 19.76 208 3 99 29744 429 14157 22.9 24.0 23.75 0.01
129600.0 310 101.19 0.8 48606 14607.21 0.81 14669 4875.09 0.83 2116655 849938.21 19.76 310 251.13 0.83 48246 39051.44 19.76 208 3 99 29952 432 14256 23.1 24.0 23.77 0.01
130500.0 376 101.33 0.8 48982 14708.54 0.81 14728 4875.4 0.83 2131383 854813.6 19.76 370 251.43 0.83 48616 39302.86 19.76 208 3 99 30160 435 14355 23.1 24.0 23.77 0.01
131400.0 354 101.96 0.8 49336 14810.51 0.81 14708 4875.49 0.83 2146091 859689.09 19.76 350 251.53 0.83 48966 39554.39 19.76 208 3 99 30368 438 14454 23.1 24.0 23.77 0.01
132300.0 310 101.19 0.8 49646 14911.69 0.81 14668 4875.09 0.83 2160759 864564.19 19.76 310 251.12 0.83 49276 39805.51 19.76 208 3 99 30576 441 14553 23.1 24.0 23.79 0.01
133200.0 310 101.19 0.8 49956 15012.88 0.81 14667 4874.29 0.83 2175426 869438.47 19.76 310 251.13 0.83 49586 40056.64 19.76 208 3 99 30784 444 14652 23.2 24.0 23.81 0.01
134100.0 376 101.33 0.8 50332 15114.21 0.81 14727 4874.6 0.83 2190153 874313.07 19.76 370 251.43 0.83 49956 40308.06 19.76 208 3 99 30992 447 14751 23.2 24.0 23.81 0.01
135000.0 354 101.96 0.8 50686 15216.17 0.81 14706 4874.69 0.83 2204859 879187.76 19.76 350 251.53 0.83 50306 40559.59 19.76 208 3 99 31200 450 14850 23.2 24.0 23.81 0.01
135900.0 310 101.19 0.8 50996 15317.35 0.81 14665 4873.49 0.83 2219524 884061.25 19.76 310 251.12 0.83 50616 40810.72 19.76 208 3 99 31408 453 14949 23.2 24.0 23.84 0.01
136800.0 310 101.19 0.8 51306 15418.54 0.81 14665 4873.49 0.83 2234189 888934.74 19.76 310 251.13 0.83 50926 41061.84 19.76 208 3 99 31616 456 15048 23.3 24.0 23.84 0.01
137700.0 376 101.33 0.8 51682 15519.87 0.81 14724 4873.8 0.83 2248913 893808.53 19.76 370 251.43 0.83 51296 41313.27 19.76 208 3 99 31824 459 15147 23.3 24.0 23.85 0.01
138600.0 354 101.96 0.8 52036 15621.83 0.81 14703 4873.89 0.83 2263616 898682.42 19.76 350 251.53 0.83 51646 41564.79 19.76 208 3 99 32032 462 15246 23.3 24.0 23.85 0.01
139500.0 310 101.19 0.8 52346 15723.02 0.81 14663 4873.49 0.83 2278279 903555.92 19.76 310 251.12 0.83 51956 41815.92 19.76 208 3 99 32240 465 15345 23.3 24.0 23.86 0.01
140400.0 310 101.19 0.8 52656 15824.2 0.81 14663 4873.49 0.83 2292942 908429.4 19.76 310 251.13 0.83 52266 42067.04 19.76 208 3 99 32448 468 15444 23.4 24.0 23.86 0.01
141300.0 376 101.33 0.8 53032 15925.53 0.81 14721 4873.0 0.83 2307663 913302.4 19.76 370 251.43 0.83 52636 42318.47 19.76 208 3 99 32656 471 15543 23.4 24.0 23.86 0.01
142200.0 354 101.96 0.8 53386 16027.49 0.81 14701 4873.09 0.83 2322364 918175.49 19.76 350 251.53 0.83 52986 42569.99 19.76 208 3 99 32864 474 15642 23.4 24.0 23.86 0.01
143100.0 310 101.19 0.8 53696 16128.68 0.81 14658 4871.09 0.83 2337022 923046.58 19.76 310 251.12 0.83 53296 42821.12 19.76 208 3 99 33072 477 15741 23.4 24.0 23.88 0.01
144000.0 310 101.19 0.8 54006 16229.86 0.81 14653 4868.69 0.83 2351675 927915.27 19.76 310 251.13 0.83 53606 43072.24 19.76 208 3 99 33280 480 15840 23.5 24.0 23.89 0.01
144900.0 376 101.33 0.8 54382 16331.19 0.81 14713 4869.0 0.83 2366388 932784.26 19.76 370 251.43 0.83 53976 43323.67 19.76 208 3 99 33488 483 15939 23.5 24.0 23.89 0.01
145800.0 354 101.96 0.8 54736 16433.16 0.81 14693 4869.09 0.83 2381081 937653.35 19.76 350 251.53 0.83 54326 43575.2 19.76 208 3 99 33696 486 16038 23.5 24.0 23.89 0.01
146700.0 310 101.19 0.8 55046 16534.34 0.81 14648 4866.29 0.83 2395729 942519.65 19.76 310 251.12 0.83 54636 43826.32 19.76 208 3 99 33904 489 16137 23.5 24.0 23.89 0.01
147600.0 310 101.19 0.8 55356 16635.53 0.81 14647 4865.49 0.83 2410376 947385.13 19.76 310 251.13 0.83 54946 44077.45 19.76 208 3 99 34112 492 16236 23.6 24.0 23.89 0.01
148500.0 376 101.33 0.8 55732 16736.86 0.81 14706 4865.0 0.83 2425082 952250.13 19.76 370 251.43 0.83 55316 44328.87 19.76 208 3 99 34320 495 16335 23.6 24.0 23.89 0.01
149400.0 354 101.96 0.8 56086 16838.82 0.81 14685 4864.29 0.83 2439767 957114.42 19.76 350 251.53 0.83 55666 44580.4 19.76 208 3 99 34528 498 16434 23.6 24.0 23.89 0.01
150300.0 310 101.19 0.8 56396 16940.0 0.81 14645 4863.89 0.83 2454412 961978.31 19.76 310 251.12 0.83 55976 44831.52 19.76 208 3 99 34736 501 16533 23.6 24.0 23.9 0.01
151200.0 310 101.19 0.8 56706 17041.19 0.81 14644 4863.09 0.83 2469056 966841.4 19.76 310 251.13 0.83 56286 45082.65 19.76 208 3 99 34944 504 16632 23.7 24.0 23.9 0.01
152100.0 376 101.33 0.8 57082 17142.52 0.81 14697 4859.4 0.83 2483753 971700.79 19.76 370 251.43 0.83 56656 45334.07 19.76 208 3 99 35152 507 16731 23.7 24.0 23.9 0.01
153000.0 354 101.96 0.8 57436 17244.48 0.81 14677 4859.49 0.83 2498430 976560.28 19.76 350 251.53 0.83 57006 45585.6 19.76 208 3 99 35360 510 16830 23.7 24.0 23.9 0.01
153900.0 310 101.19 0.8 57746 17345.67 0.81 14636 4859.09 0.83 2513066 981419.37 19.76 310 251.12 0.83 57316 45836.72 19.76 208 3 99 35568 513 16929 23.7 24.0 23.89 0.01
154800.0 310 101.19 0.8 58056 17446.85 0.81 14632 4855.89 0.83 2527698 986275.26 19.76 310 251.13 0.83 57626 46087.85 19.76 208 3 99 35776 516 17028 23.6 24.0 23.89 0.01
155700.0 376 101.33 0.8 58432 17548.18 0.81 14692 4856.2 0.83 2542390 991131.46 19.76 370 251.43 0.83 57996 46339.27 19.76 208 3 99 35984 519 17127 23.6 24.0 23.89 0.01
156600.0 354 101.96 0.8 58786 17650.14 0.81 14672 4856.29 0.83 2557062 995987.75 19.76 350 251.53 0.83 58346 46590.8 19.76 208 3 99 36192 522 17226 23.6 24.0 23.89 0.01
157500.0 310 101.19 0.8 59096 17751.33 0.81 14629 4853.49 0.83 2571691 1000841.24 19.76 310 251.12 0.83 58656 46841.92 19.76 208 3 99 36400 525 17325 23.6 24.0 23.89 0.01
158400.0 310 101.19 0.8 59406 17852.52 0.81 14629 4853.49 0.83 2586320 1005694.73 19.76 310 251.13 0.83 58966 47093.05 19.76 208 3 99 36608 528 17424 23.5 24.0 23.89 0.01
159300.0 376 101.33 0.8 59782 17953.84 0.81 14688 4853.0 0.83 2601008 1010547.72 19.76 370 251.43 0.83 59336 47344.48 19.76 208 3 99 36816 531 17523 23.5 24.0 23.89 0.01
160200.0 354 101.96 0.8 60136 18055.81 0.81 14665 4850.69 0.83 2615673 1015398.41 19.76 350 251.53 0.83 59686 47596.0 19.76 208 3 99 37024 534 17622 23.5 24.0 23.89 0.01
161100.0 310 101.19 0.8 60446 18156.99 0.81 14625 4850.29 0.83 2630298 1020248.7 19.76 310 251.12 0.83 59996 47847.13 19.76 208 3 99 37232 537 17721 23.5 24.0 23.86 0.01
162000.0 310 101.19 0.8 60756 18258.18 0.81 14625 4850.29 0.83 2644923 1025098.99 19.76 310 251.13 0.83 60306 48098.25 19.76 208 3 99 37440 540 17820 23.4 24.0 23.86 0.01
162900.0 376 101.33 0.8 61132 18359.5 0.81 14684 4850.6 0.83 2659607 1029949.59 19.76 370 251.43 0.83 60676 48349.68 19.76 208 3 99 37648 543 17919 23.4 24.0 23.86 0.01
163800.0 354 101.96 0.8 61486 18461.47 0.81 14664 4850.69 0.83 2674271 1034800.27 19.76 350 251.53 0.83 61026 48601.2 19.76 208 3 99 37856 546 18018 23.4 24.0 23.86 0.01
164700.0 310 101.19 0.8 61796 18562.65 0.81 14624 4850.29 0.83 2688895 1039650.57 19.76 310 251.12 0.83 61336 48852.33 19.76 208 3 99 38064 549 18117 23.4 24.0 23.84 0.02
165600.0 310 101.19 0.8 62106 18663.84 0.81 14623 4850.29 0.83 2703518 1044500.85 19.76 310 251.13 0.83 61646 49103.45 19.76 208 3 99 38272 552 18216 23.3 24.0 23.83 0.02
166500.0 376 101.33 0.8 62482 18765.17 0.81 14683 4850.6 0.83 2718201 1049351.45 19.76 370 251.43 0.83 62016 49354.88 19.76 208 3 99 38480 555 18315 23.3 24.0 23.83 0.02
167400.0 354 101.96 0.8 62836 18867.13 0.81 14662 4849.89 0.83 2732863 1054201.34 19.76 350 251.53 0.83 62366 49606.41 19.76 208 3 99 38688 558 18414 23.3 24.0 23.83 0.02
168300.0 310 101.19 0.8 63146 18968.31 0.81 14620 4847.89 0.83 2747483 1059049.23 19.76 310 251.12 0.83 62676 49857.53 19.76 208 3 99 38896 561 18513 23.3 24.0 23.81 0.02
169200.0 310 101.19 0.8 63456 19069.5 0.81 14620 4847.89 0.83 2762103 1063897.12 19.76 310 251.13 0.83 62986 50108.65 19.76 208 3 99 39104 564 18612 23.2 24.0 23.8 0.02
170100.0 376 101.33 0.8 63832 19170.83 0.81 14679 4848.2 0.83 2776782 1068745.31 19.76 370 251.43 0.83 63356 50360.08 19.76 208 3 99 39312 567 18711 23.2 24.0 23.8 0.02
171000.0 354 101.96 0.8 64186 19272.79 0.81 14656 4845.89 0.83 2791438 1073591.2 19.76 350 251.53 0.83 63706 50611.61 19.76 208 3 99 39520 570 18810 23.2 24.0 23.8 0.02
171900.0 310 101.19 0.8 64496 19373.97 0.81 14615 4844.69 0.83 2806053 1078435.9 19.76 310 251.12 0.83 64016 50862.73 19.76 208 3 99 39728 573 18909 23.2 24.0 23.77 0.03
172800.0 310 101.19 0.8 64806 19475.16 0.81 14614 4844.69 0.83 2820667 1083280.58 19.76 310 251.13 0.83 64326 51113.86 19.76 208 3 99 39936 576 19008 23.1 24.0 23.75 0.02
173700.0 376 101.33 0.8 65182 19576.49 0.81 14668 4841.8 0.83 2835335 1088122.38 19.76 370 251.43 0.83 64696 51365.28 19.76 208 3 99 40144 579 19107 23.1 24.0 23.75 0.02
174600.0 354 101.96 0.8 65536 19678.45 0.81 14646 4841.09 0.83 2849981 1092963.47 19.76 350 251.53 0.83 65046 51616.81 19.76 208 3 99 40352 582 19206 23.1 24.0 23.75 0.02
175500.0 310 101.19 0.8 65846 19779.64 0.81 14605 4840.69 0.83 2864586 1097804.16 19.76 310 251.12 0.83 65356 51867.93 19.76 208 3 99 40560 585 19305 23.1 24.0 23.72 0.03
176400.0 310 101.19 0.8 66156 19880.82 0.81 14604 4840.69 0.83 2879190 1102644.85 19.76 310 251.13 0.83 65666 52119.06 19.76 208 3 99 40768 588 19404 22.9 24.0 23.69 0.03
177300.0 376 101.33 0.8 66532 19982.15 0.81 14662 4839.4 0.83 2893852 1107484.24 19.76 370 251.43 0.83 66036 52370.48 19.76 208 3 99 40976 591 19503 22.9 23.9 23.69 0.03
178200.0 354 101.96 0.8 66886 20084.11 0.81 14641 4839.49 0.83 2908493 1112323.73 19.76 350 251.53 0.83 66386 52622.01 19.76 208 3 99 41184 594 19602 22.9 23.9 23.69 0.03
179100.0 310 101.19 0.8 67196 20185.3 0.81 14596 4836.69 0.83 2923089 1117160.42 19.76 310 251.12 0.83 66696 52873.13 19.76 208 3 99 41392 597 19701 22.9 23.9 23.64 0.03
180000.0 310 101.19 0.8 67506 20286.49 0.81 14596 4836.69 0.83 2937685 1121997.11 19.76 310 251.13 0.83 67006 53124.26 19.76 208 3 99 41600 600 19800 22.8 23.9 23.6 0.02
180900.0 376 101.33 0.8 67882 20387.81 0.81 14655 4836.2 0.83 2952340 1126833.31 19.76 370 251.43 0.83 67376 53375.68 19.76 208 3 99 41808 603 19899 22.8 23.9 23.6 0.02
181800.0 354 101.96 0.8 68236 20489.78 0.81 14627 4832.29 0.83 2966967 1131665.59 19.76 350 251.53 0.83 67726 53627.21 19.76 208 3 99 42016 606 19998 22.8 23.9 23.6 0.02
182700.0 310 101.19 0.8 68546 20590.96 0.81 14593 4834.29 0.83 2981560 1136499.89 19.76 310 251.12 0.83 68036 53878.34 19.76 208 3 99 42224 609 20097 22.8 23.8 23.53 0.03
183600.0 310 101.19 0.8 68856 20692.15 0.81 14595 4835.09 0.83 2996155 1141334.98 19.76 310 251.13 0.83 68346 54129.46 19.76 208 3 99 42432 612 20196 22.7 23.8 23.46 0.02
184500.0 376 101.33 0.8 69232 20793.48 0.81 14651 4833.0 0.83 3010806 1146167.97 19.76 370 251.43 0.83 68716 54380.89 19.76 208 3 99 42640 615 20295 22.7 23.8 23.46 0.02
185400.0 354 101.96 0.8 69586 20895.44 0.81 14629 4832.29 0.83 3025435 1151000.26 19.76 350 251.53 0.83 69066 54632.41 19.76 208 3 99 42848 618 20394 22.7 23.8 23.46 0.02
186300.0 310 101.19 0.8 69896 20996.62 0.81 14590 4832.69 0.83 3040025 1155832.95 19.76 310 251.12 0.83 69376 54883.54 19.76 208 3 99 43056 621 20493 22.7 23.7 23.37 0.03
187200.0 310 101.19 0.8 70206 21097.81 0.81 14590 4831.09 0.83 3054615 1160664.04 19.76 310 251.13 0.83 69686 55134.66 19.76 208 3 99 43264 624 20592 22.4 23.7 23.28 0.03
188100.0 376 101.33 0.8 70582 21199.14 0.81 14648 4830.6 0.83 3069263 1165494.63 19.76 370 251.43 0.83 70056 55386.09 19.76 208 3 99 43472 627 20691 22.4 23.7 23.28 0.02
189000.0 354 101.96 0.8 70936 21301.1 0.81 14624 4829.89 0.83 3083887 1170324.52 19.76 350 251.53 0.83 70406 55637.61 19.76 208 3 99 43680 630 20790 22.4 23.7 23.28 0.02
189900.0 310 101.19 0.8 71246 21402.29 0.81 14585 4827.89 0.83 3098472 1175152.42 19.76 310 251.12 0.83 70716 55888.74 19.76 208 3 99 43888 633 20889 22.4 23.6 23.15 0.03
190800.0 310 101.19 0.8 71556 21503.47 0.81 14588 4831.09 0.83 3113060 1179983.5 19.76 310 251.13 0.83 71026 56139.86 19.76 208 3 99 44096 636 20988 22.1 23.5 23.04 0.03
191700.0 376 101.33 0.8 71932 21604.8 0.81 14647 4830.6 0.83 3127707 1184814.1 19.76 370 251.43 0.83 71396 56391.29 19.76 208 3 99 44304 639 21087 22.1 23.5 23.03 0.03
192600.0 354 101.96 0.8 72286 21706.76 0.81 14614 4824.29 0.83 3142321 1189638.39 19.76 350 251.53 0.83 71746 56642.82 19.76 208 3 99 44512 642 21186 22.1 23.5 23.03 0.03
193500.0 310 101.19 0.8 72596 21807.95 0.81 14567 4820.69 0.83 3156888 1194459.08 19.76 310 251.12 0.83 72056 56893.94 19.76 208 3 99 44720 645 21285 22.1 23.4 22.89 0.03
194400.0 310 101.19 0.8 72906 21909.14 0.81 14574 4823.89 0.83 3171462 1199282.97 19.76 310 251.13 0.83 72366 57145.07 19.76 208 3 99 44928 648 21384 22.0 23.3 22.75 0.03
195300.0 376 101.33 0.8 73282 22010.46 0.81 14629 4822.6 0.83 3186091 1204105.56 19.76 370 251.43 0.83 72736 57396.49 19.76 208 3 99 45136 651 21483 22.0 23.3 22.74 0.03
196200.0 354 101.96 0.8 73636 22112.43 0.81 14606 4820.29 0.83 3200697 1208925.85 19.76 350 251.53 0.83 73086 57648.02 19.76 208 3 99 45344 654 21582 22.0 23.3 22.74 0.03
197100.0 310 101.19 0.8 73946 22213.61 0.81 14575 4825.49 0.83 3215272 1213751.34 19.76 310 251.12 0.83 73396 57899.14 19.76 208 3 99 45552 657 21681 22.0 23.1 22.59 0.02
198000.0 310 101.19 0.8 74256 22314.8 0.81 14553 4813.49 0.83 3229825 1218564.83 19.76 310 251.13 0.83 73706 58150.27 19.76 208 3 99 45760 660 21780 22.0 23.1 22.44 0.03
198900.0 376 101.33 0.8 74632 22416.13 0.81 14612 4813.0 0.83 3244437 1223377.82 19.76 370 251.43 0.83 74076 58401.69 19.76 208 3 99 45968 663 21879 22.0 23.1 22.43 0.03
199800.0 354 101.96 0.8 74986 22518.09 0.81 14591 4812.29 0.83 3259028 1228190.11 19.76 350 251.53 0.83 74426 58653.22 19.76 208 3 99 46176 666 21978 22.0 23.1 22.43 0.03
200700.0 310 101.19 0.8 75296 22619.28 0.81 14558 4817.49 0.83 3273586 1233007.61 19.76 310 251.12 0.83 74736 58904.34 19.76 208 3 99 46384 669 22077 22.0 22.8 22.28 0.02
201600.0 310 101.19 0.8 75606 22720.46 0.81 14562 4819.09 0.83 3288148 1237826.69 19.76 310 251.13 0.83 75046 59155.47 19.76 208 3 99 46592 672 22176 22.0 22.8 22.2 0.03
202500.0 376 101.33 0.8 75982 22821.79 0.81 14621 4818.6 0.83 3302769 1242645.29 19.76 370 251.43 0.83 75416 59406.89 19.76 208 3 99 46800 675 22275 22.0 22.8 22.2 0.03
203400.0 354 101.96 0.8 76336 22923.75 0.81 14595 4814.69 0.83 3317364 1247459.98 19.76 350 251.53 0.83 75766 59658.42 19.76 208 3 99 47008 678 22374 22.0 22.8 22.2 0.03
204300.0 310 101.19 0.8 76646 23024.94 0.81 14560 4819.09 0.83 3331924 1252279.07 19.76 310 251.12 0.83 76076 59909.54 19.76 208 3 99 47216 681 22473 22.0 22.6 22.08 0.01
205200.0 310 101.19 0.8 76956 23126.12 0.81 14559 4818.29 0.83 3346483 1257097.36 19.76 310 251.13 0.83 76386 60160.67 19.76 208 3 99 47424 684 22572 22.0 22.6 22.08 0.01
206100.0 376 101.33 0.8 77332 23227.45 0.81 14616 4817.0 0.83 3361099 1261914.35 19.76 370 251.43 0.83 76756 60412.1 19.76 208 3 99 47632 687 22671 22.0 22.6 22.07 0.01
207000.0 354 101.96 0.8 77686 23329.41 0.81 14590 4813.89 0.83 3375689 1266728.24 19.76 350 251.53 0.83 77106 60663.62 19.76 208 3 99 47840 690 22770 22.0 22.6 22.07 0.01
207900.0 310 101.19 0.8 77996 23430.6 0.81 14557 4817.49 0.83 3390246 1271545.73 19.76 310 251.12 0.83 77416 60914.75 19.76 208 3 99 48048 693 22869 22.0 22.2 22.03 0.0
208800.0 310 101.19 0.8 78306 23531.78 0.81 14553 4815.09 0.83 3404799 1276360.82 19.76 310 251.13 0.83 77726 61165.87 19.76 208 3 99 48256 696 22968 22.0 22.2 22.03 0.0
209700.0 376 101.33 0.8 78682 23633.11 0.81 14612 4814.6 0.83 3419411 1281175.41 19.76 370 251.43 0.83 78096 61417.3 19.76 208 3 99 48464 699 23067 22.0 22.2 22.03 0.0
210600.0 354 101.96 0.8 79036 23735.07 0.81 14583 4809.09 0.83 3433994 1285984.5 19.76 350 251.53 0.83 78446 61668.82 19.76 208 3 99 48672 702 23166 22.0 22.2 22.03 0.0
211500.0 310 101.19 0.8 79346 23836.26 0.81 14545 4808.69 0.83 3448539 1290793.19 19.76 310 251.12 0.83 78756 61919.95 19.76 208 3 99 48880 705 23265 22.0 22.0 22.0 0.0
212400.0 310 101.19 0.8 79656 23937.45 0.81 14545 4808.69 0.83 3463084 1295601.88 19.76 310 251.13 0.83 79066 62171.07 19.76 208 3 99 49088 708 23364 22.0 22.0 22.0 0.0
213300.0 376 101.33 0.8 80032 24038.77 0.81 14602 4806.6 0.83 3477686 1300408.48 19.76 370 251.43 0.83 79436 62422.5 19.76 208 3 99 49296 711 23463 22.0 22.0 22.0 0.0
214200.0 354 101.96 0.8 80386 24140.73 0.81 14573 4804.29 0.83 3492259 1305212.76 19.76 350 251.53 0.83 79786 62674.03 19.76 208 3 99 49504 714 23562 22.0 22.0 22.0 0.0
215100.0 310 101.19 0.8 80696 24241.92 0.81 14532 4803.09 0.83 3506791 1310015.86 19.76 310 251.12 0.83 80096 62925.15 19.76 208 3 99 49712 717 23661 22.0 22.0 22.0 0.0
216000.0 310 101.19 0.8 81006 24343.11 0.81 14526 4799.09 0.83 3521317 1314814.94 19.76 310 251.13 0.83 80406 63176.27 19.76 208 3 99 49920 720 23760 22.0 22.0 22.0 0.0
216900.0 376 101.33 0.8 81382 24444.43 0.81 14583 4797.8 0.83 3535900 1319612.74 19.76 370 251.43 0.83 80776 63427.7 19.76 208 3 99 50128 723 23859 22.0 22.0 22.0 0.0
217800.0 354 101.96 0.8 81736 24546.4 0.81 14558 4794.69 0.83 3550458 1324407.43 19.76 350 251.53 0.83 81126 63679.23 19.76 208 3 99 50336 726 23958 22.0 22.0 22.0 0.0
218700.0 310 101.19 0.8 82046 24647.58 0.81 14514 4792.69 0.83 3564972 1329200.12 19.76 310 251.12 0.83 81436 63930.35 19.76 208 3 99 50544 729 24057 22.0 22.0 22.0 0.0
219600.0 310 101.19 0.8 82356 24748.77 0.81 14512 4791.09 0.83 3579484 1333991.21 19.76 310 251.13 0.83 81746 64181.48 19.76 208 3 99 50752 732 24156 22.0 22.0 22.0 0.0
220500.0 376 101.33 0.8 82732 24850.1 0.81 14564 4785.8 0.83 3594048 1338777.0 19.76 370 251.43 0.83 82116 64432.9 19.76 208 3 99 50960 735 24255 22.0 22.0 22.0 0.0
221400.0 354 101.97 0.8 83086 24952.06 0.81 14537 4791.26 0.83 3608585 1343568.26 19.76 350 251.68 0.83 82466 64684.58 19.76 208 3 99 51168 738 24354 22.0 22.0 22.0 0.0
222300.0 310 101.19 0.8 83396 25053.25 0.81 14587 4837.89 0.83 3623172 1348406.15 19.76 310 251.29 0.83 82776 64935.87 19.76 208 3 99 51376 741 24453 20.8 22.0 21.34 0.06
223200.0 310 101.19 0.8 83706 25154.44 0.81 14615 4853.86 0.83 3637787 1353260.01 19.76 310 251.29 0.83 83086 65187.15 19.76 208 3 99 51584 744 24552 19.9 22.0 20.59 0.18
224100.0 376 101.33 0.8 84082 25255.77 0.81 14675 4854.19 0.83 3652462 1358114.2 19.76 370 251.59 0.83 83456 65438.74 19.76 208 3 99 51792 747 24651 19.8 21.8 20.57 0.16
225000.0 354 101.97 0.8 84436 25357.74 0.81 14655 4848.04 0.83 3667117 1362962.24 19.76 350 251.55 0.83 83806 65690.29 19.76 208 3 99 52000 750 24750 19.8 21.8 20.57 0.16
225900.0 310 101.19 0.8 84746 25458.93 0.81 14614 4847.55 0.83 3681731 1367809.79 19.76 310 251.15 0.83 84116 65941.44 19.76 208 3 99 52208 753 24849 19.8 21.7 20.51 0.15
226800.0 310 101.19 0.8 85056 25560.12 0.81 14618 4849.12 0.83 3696349 1372658.9 19.76 310 251.15 0.83 84426 66192.59 19.76 208 3 99 52416 756 24948 19.8 21.7 20.48 0.17
227700.0 376 101.33 0.8 85432 25661.45 0.81 14678 4849.45 0.83 3711027 1377508.35 19.76 370 251.45 0.83 84796 66444.05 19.76 208 3 99 52624 759 25047 19.8 21.7 20.48 0.17
228600.0 354 101.97 0.8 85786 25763.42 0.81 14654 4853.91 0.83 3725681 1382362.27 19.76 350 251.7 0.83 85146 66695.74 19.76 208 3 99 52832 762 25146 19.8 21.7 20.48 0.17
229500.0 310 101.19 0.8 86096 25864.61 0.81 14612 4852.12 0.83 3740293 1387214.38 19.76 310 251.28 0.83 85456 66947.03 19.76 208 3 99 53040 765 25245 19.8 21.6 20.45 0.16
230400.0 310 101.19 0.8 86406 25965.8 0.81 14614 4852.89 0.83 3754907 1392067.27 19.76 310 251.28 0.83 85766 67198.31 19.76 208 3 99 53248 768 25344 19.8 21.6 20.45 0.17
231300.0 376 101.33 0.8 86782 26067.12 0.81 14673 4852.42 0.83 3769580 1396919.69 19.76 370 251.58 0.83 86136 67449.89 19.76 208 3 99 53456 771 25443 19.8 21.6 20.45 0.17
232200.0 354 101.97 0.8 87136 26169.09 0.81 14651 4845.07 0.83 3784231 1401764.77 19.76 350 251.54 0.83 86486 67701.44 19.76 208 3 99 53664 774 25542 19.8 21.6 20.45 0.17
233100.0 310 101.19 0.8 87446 26270.28 0.81 14608 4842.92 0.83 3798839 1406607.69 19.76 310 251.15 0.83 86796 67952.59 19.76 208 3 99 53872 777 25641 19.8 21.5 20.48 0.18
234000.0 310 101.19 0.8 87756 26371.47 0.81 14606 4841.3 0.83 3813445 1411448.98 19.76 310 251.15 0.83 87106 68203.74 19.76 208 3 99 54080 780 25740 19.8 21.5 20.49 0.17
234900.0 376 101.33 0.8 88132 26472.8 0.81 14666 4841.62 0.83 3828111 1416290.61 19.76 370 251.46 0.83 87476 68455.2 19.76 208 3 99 54288 783 25839 19.8 21.5 20.49 0.17
235800.0 354 101.97 0.8 88486 26574.77 0.81 14641 4840.43 0.83 3842752 1421131.04 19.76 350 251.55 0.83 87826 68706.75 19.76 208 3 99 54496 786 25938 19.8 21.5 20.49 0.17
236700.0 310 101.19 0.8 88796 26675.95 0.81 14605 4843.2 0.83 3857357 1425974.24 19.76 310 251.14 0.83 88136 68957.89 19.76 208 3 99 54704 789 26037 19.8 21.4 20.5 0.18
237600.0 310 101.19 0.8 89106 26777.14 0.81 14606 4843.19 0.83 3871963 1430817.43 19.76 310 251.15 0.83 88446 69209.03 19.76 208 3 99 54912 792 26136 19.8 21.4 20.54 0.17
238500.0 376 101.33 0.8 89482 26878.47 0.81 14657 4838.7 0.83 3886620 1435656.13 19.76 370 251.45 0.83 88816 69460.48 19.76 208 3 99 55120 795 26235 19.7 21.4 20.55 0.17
239400.0 354 101.97 0.8 89836 26980.43 0.81 14634 4843.85 0.83 3901254 1440499.98 19.76 350 251.69 0.83 89166 69712.17 19.76 208 3 99 55328 798 26334 19.7 21.4 20.55 0.17
240300.0 310 101.19 0.8 90146 27081.62 0.81 14586 4839.45 0.83 3915840 1445339.43 19.76 310 251.29 0.83 89476 69963.46 19.76 208 3 99 55536 801 26433 19.7 21.5 20.56 0.18
241200.0 310 101.19 0.8 90456 27182.81 0.81 14584 4839.45 0.83 3930424 1450178.89 19.76 310 251.29 0.83 89786 70214.74 19.76 208 3 99 55744 804 26532 19.7 21.6 20.59 0.17
242100.0 376 101.33 0.8 90832 27284.14 0.81 14643 4838.95 0.83 3945067 1455017.84 19.76 370 251.59 0.83 90156 70466.33 19.76 208 3 99 55952 807 26631 19.7 21.6 20.59 0.17
243000.0 354 101.97 0.8 91186 27386.11 0.81 14620 4837.42 0.83 3959687 1459855.26 19.76 350 251.69 0.83 90506 70718.02 19.76 208 3 99 56160 810 26730 19.7 21.6 20.59 0.17
243900.0 310 101.19 0.8 91496 27487.3 0.81 14583 4837.62 0.83 3974270 1464692.87 19.76 310 251.28 0.83 90816 70969.3 19.76 208 3 99 56368 813 26829 19.7 21.6 20.6 0.18
244800.0 310 101.19 0.8 91806 27588.49 0.81 14588 4839.99 0.83 3988858 1469532.86 19.76 310 251.28 0.83 91126 71220.58 19.76 208 3 99 56576 816 26928 19.7 21.8 20.63 0.18
245700.0 376 101.33 0.8 92182 27689.82 0.81 14648 4840.32 0.83 4003506 1474373.18 19.76 370 251.58 0.83 91496 71472.17 19.76 208 3 99 56784 819 27027 19.6 21.8 20.63 0.18
246600.0 354 101.97 0.8 92536 27791.78 0.81 14610 4834.07 0.83 4018116 1479207.26 19.76 350 251.68 0.83 91846 71723.85 19.76 208 3 99 56992 822 27126 19.6 21.8 20.63 0.18
247500.0 310 101.19 0.8 92846 27892.97 0.81 14590 4841.26 0.83 4032706 1484048.52 19.76 310 251.27 0.83 92156 71975.12 19.76 208 3 99 57200 825 27225 19.6 21.8 20.59 0.18
248400.0 310 101.19 0.8 93156 27994.16 0.81 14589 4841.24 0.83 4047295 1488889.76 19.76 310 251.27 0.83 92466 72226.39 19.76 208 3 99 57408 828 27324 19.6 21.9 20.61 0.19
249300.0 376 101.33 0.8 93532 28095.49 0.81 14643 4836.76 0.83 4061938 1493726.52 19.76 370 251.57 0.83 92836 72477.97 19.76 208 3 99 57616 831 27423 19.5 21.9 20.61 0.19
250200.0 354 101.97 0.8 93886 28197.46 0.81 14593 4823.16 0.83 4076531 1498549.68 19.76 350 251.67 0.83 93186 72729.64 19.76 208 3 99 57824 834 27522 19.5 21.9 20.61 0.19
251100.0 310 101.19 0.8 94196 28298.65 0.81 14572 4828.57 0.83 4091103 1503378.25 19.76 310 251.28 0.83 93496 72980.92 19.76 208 3 99 58032 837 27621 19.5 21.9 20.57 0.2
252000.0 310 101.19 0.8 94506 28399.84 0.81 14582 4834.94 0.83 4105685 1508213.18 19.76 310 251.27 0.83 93806 73232.19 19.76 208 3 99 58240 840 27720 19.5 22.0 20.55 0.22
252900.0 376 101.33 0.8 94882 28501.17 0.81 14641 4834.47 0.83 4120326 1513047.66 19.76 370 251.58 0.83 94176 73483.77 19.76 208 3 99 58448 843 27819 19.5 22.0 20.55 0.22
253800.0 354 101.97 0.8 95236 28603.13 0.81 14603 4827.96 0.83 4134929 1517875.62 19.76 350 251.67 0.83 94526 73735.44 19.76 208 3 99 58656 846 27918 19.5 22.0 20.55 0.22
254700.0 310 101.19 0.8 95546 28704.32 0.81 14609 4850.91 0.83 4149538 1522726.53 19.76 310 251.27 0.83 94836 73986.71 19.76 208 3 99 58864 849 28017 19.5 22.0 20.43 0.21
255600.0 310 101.19 0.8 95856 28805.51 0.81 14617 4855.68 0.83 4164155 1527582.21 19.76 310 251.27 0.83 95146 74237.99 19.76 208 3 99 59072 852 28116 19.5 21.8 20.39 0.22
256500.0 376 101.33 0.8 96232 28906.84 0.81 14677 4856.01 0.83 4178832 1532438.22 19.76 370 251.58 0.83 95516 74489.56 19.76 208 3 99 59280 855 28215 19.3 21.8 20.39 0.23
257400.0 354 101.96 0.8 96586 29008.81 0.81 14632 4836.78 0.83 4193464 1537275.0 19.76 350 251.54 0.83 95866 74741.1 19.76 208 3 99 59488 858 28314 19.3 21.8 20.39 0.23
258300.0 310 101.19 0.8 96896 29109.99 0.81 14622 4852.13 0.83 4208086 1542127.12 19.76 310 251.15 0.83 96176 74992.24 19.76 208 3 99 59696 861 28413 19.3 21.8 20.24 0.22
259200.0 310 101.19 0.8 97206 29211.18 0.81 14625 4853.7 0.83 4222711 1546980.82 19.76 310 251.15 0.83 96486 75243.39 19.76 208 3 99 59904 864 28512 19.3 21.8 20.15 0.25
260100.0 376 101.33 0.8 97582 29312.52 0.81 14685 4854.03 0.83 4237396 1551834.85 19.76 370 251.45 0.83 96856 75494.84 19.76 208 3 99 60112 867 28611 19.2 21.6 20.14 0.25
261000.0 356 102.13 0.8 97938 29414.64 0.81 14972 139788.06 19.75 4252368 1691622.91 19.76 352 3054.79 19.75 97208 78549.63 19.76 208 3 99 60320 870 28710 19.2 21.6 20.14 0.25
261900.0 310 101.19 0.8 98248 29515.83 0.81 14631 4864.53 0.83 4266999 1696487.44 19.76 310 251.26 0.83 97518 78800.89 19.76 208 3 99 60528 873 28809 18.9 21.6 19.81 0.22
262800.0 310 101.19 0.8 98558 29617.01 0.81 14637 4868.52 0.83 4281636 1701355.96 19.76 310 251.26 0.83 97828 79052.15 19.76 208 3 99 60736 876 28908 18.9 21.6 19.64 0.25
263700.0 376 101.33 0.8 98934 29718.34 0.81 14697 4868.83 0.83 4296333 1706224.79 19.76 370 251.56 0.83 98198 79303.71 19.76 208 3 99 60944 879 29007 18.9 20.8 19.64 0.24
264600.0 356 102.14 0.81 99290 29820.48 0.81 14988 140497.27 19.8 4311321 1846722.07 19.8 352 3070.97 19.8 98550 82374.68 19.8 208 3 99 61152 882 29106 18.9 20.8 19.64 0.24
265500.0 310 101.22 0.81 99600 29921.7 0.81 14715 4921.08 0.83 4326036 1851643.14 19.8 310 251.58 0.83 98860 82626.26 19.8 208 3 99 61360 885 29205 17.3 20.8 18.41 0.27
266400.0 310 101.22 0.81 99910 30022.92 0.81 14742 4934.69 0.83 4340778 1856577.84 19.8 310 251.58 0.83 99170 82877.84 19.8 208 3 99 61568 888 29304 17.3 20.2 17.84 0.06
267300.0 376 101.36 0.81 100286 30124.28 0.81 14802 4934.98 0.83 4355580 1861512.82 19.8 370 251.88 0.83 99540 83129.71 19.8 208 3 99 61776 891 29403 17.3 18.8 17.82 0.02
268200.0 356 102.16 0.81 100642 30226.44 0.81 15093 140792.22 19.8 4370673 2002305.04 19.8 352 3072.28 19.8 99892 86202.0 19.8 208 3 99 61984 894 29502 17.3 18.8 17.82 0.02
269100.0 310 101.22 0.81 100952 30327.66 0.81 14743 4934.33 0.83 4385416 2007239.37 19.8 310 251.6 0.83 100202 86453.59 19.8 208 3 99 62192 897 29601 17.3 18.8 17.8 0.02
270000.0 310 101.22 0.81 101262 30428.88 0.81 14744 4935.13 0.83 4400160 2012174.49 19.8 310 251.6 0.83 100512 86705.19 19.8 208 3 99 62400 900 29700 17.3 18.7 17.78 0.02
270900.0 376 101.36 0.81 101638 30530.24 0.81 14804 4935.42 0.83 4414964 2017109.91 19.8 370 251.9 0.83 100882 86957.09 19.8 208 3 99 62608 903 29799 17.3 18.7 17.78 0.02
271800.0 354 102.0 0.81 101992 30632.24 0.81 14780 4933.48 0.83 4429744 2022043.39 19.8 350 251.99 0.83 101232 87209.08 19.8 208 3 99 62816 906 29898 17.3 18.7 17.78 0.02
272700.0 310 101.22 0.81 102302 30733.46 0.81 14740 4933.07 0.83 4444484 2026976.46 19.8 310 251.59 0.83 101542 87460.66 19.8 208 3 99 63024 909 29997 17.3 18.7 17.76 0.02
273600.0 310 101.22 0.81 102612 30834.68 0.81 14740 4933.07 0.83 4459224 2031909.53 19.8 310 251.59 0.83 101852 87712.25 19.8 208 3 99 63232 912 30096 17.3 18.6 17.75 0.02
274500.0 376 101.36 0.81 102988 30936.04 0.81 14797 4931.77 0.83 4474021 2036841.31 19.8 370 251.89 0.83 102222 87964.14 19.8 208 3 99 63440 915 30195 17.3 18.6 17.75 0.02
275400.0 354 102.0 0.81 103342 31038.04 0.81 14776 4932.83 0.83 4488797 2041774.14 19.8 350 252.03 0.83 102572 88216.16 19.8 208 3 99 63648 918 30294 17.3 18.6 17.75 0.02
276300.0 310 101.22 0.81 103652 31139.25 0.81 14736 4930.15 0.83 4503533 2046704.29 19.8 310 251.57 0.83 102882 88467.74 19.8 208 3 99 63856 921 30393 17.3 18.6 17.73 0.02
277200.0 310 101.22 0.81 103962 31240.47 0.81 14735 4929.35 0.83 4518268 2051633.64 19.8 310 251.57 0.83 103192 88719.31 19.8 208 3 99 64064 924 30492 17.3 18.5 17.72 0.02
278100.0 376 101.36 0.81 104338 31341.83 0.81 14795 4929.65 0.83 4533063 2056563.29 19.8 370 251.88 0.83 103562 88971.19 19.8 208 3 99 64272 927 30591 17.3 18.5 17.72 0.02
279000.0 354 101.99 0.81 104692 31443.82 0.81 14771 4925.24 0.83 4547834 2061488.53 19.8 350 251.95 0.83 103912 89223.14 19.8 208 3 99 64480 930 30690 17.3 18.5 17.72 0.02
279900.0 310 101.22 0.81 105002 31545.04 0.81 14727 4924.72 0.83 4562561 2066413.24 19.8 310 251.6 0.83 104222 89474.73 19.8 208 3 99 64688 933 30789 17.3 18.5 17.71 0.02
280800.0 310 101.22 0.81 105312 31646.26 0.81 14730 4926.33 0.83 4577291 2071339.57 19.8 310 251.6 0.83 104532 89726.33 19.8 208 3 99 64896 936 30888 17.3 18.4 17.7 0.02
281700.0 376 101.36 0.81 105688 31747.62 0.81 14789 4925.82 0.83 4592080 2076265.39 19.8 370 251.9 0.83 104902 89978.23 19.8 208 3 99 65104 939 30987 17.3 18.4 17.7 0.02
282600.0 354 102.0 0.81 106042 31849.61 0.81 14765 4922.36 0.83 4606845 2081187.75 19.8 350 251.97 0.83 105252 90230.2 19.8 208 3 99 65312 942 31086 17.3 18.4 17.7 0.02
283500.0 310 101.21 0.81 106352 31950.83 0.81 14724 4919.43 0.83 4621569 2086107.18 19.8 310 251.52 0.83 105562 90481.71 19.8 208 3 99 65520 945 31185 17.3 18.4 17.69 0.01
284400.0 310 101.21 0.81 106662 32052.04 0.81 14726 4921.05 0.83 4636295 2091028.22 19.8 310 251.52 0.83 105872 90733.23 19.8 208 3 99 65728 948 31284 17.3 18.3 17.68 0.01
285300.0 376 101.36 0.81 107038 32153.4 0.81 14785 4920.53 0.83 4651080 2095948.75 19.8 370 251.82 0.83 106242 90985.05 19.8 208 3 99 65936 951 31383 17.3 18.3 17.68 0.01
286200.0 354 101.99 0.81 107392 32255.39 0.81 14763 4919.77 0.83 4665843 2100868.52 19.8 350 251.93 0.83 106592 91236.98 19.8 208 3 99 66144 954 31482 17.3 18.3 17.68 0.01
287100.0 310 101.21 0.81 107702 32356.61 0.81 14720 4917.19 0.83 4680563 2105785.71 19.8 310 251.54 0.83 106902 91488.52 19.8 208 3 99 66352 957 31581 17.3 18.3 17.68 0.01
288000.0 310 101.21 0.81 108012 32457.82 0.81 14720 4917.19 0.83 4695283 2110702.89 19.8 310 251.54 0.83 107212 91740.05 19.8 208 3 99 66560 960 31680 17.3 18.2 17.68 0.01
288900.0 376 101.36 0.81 108388 32559.18 0.81 14780 4917.49 0.83 4710063 2115620.39 19.8 370 251.84 0.83 107582 91991.89 19.8 208 3 99 66768 963 31779 17.3 18.2 17.68 0.01
289800.0 354 101.99 0.81 108742 32661.17 0.81 14757 4917.75 0.83 4724820 2120538.13 19.8 350 251.98 0.83 107932 92243.87 19.8 208 3 99 66976 966 31878 17.3 18.2 17.68 0.01
290700.0 310 101.22 0.81 109052 32762.39 0.81 14714 4918.83 0.83 4739534 2125456.96 19.8 310 251.62 0.83 108242 92495.49 19.8 208 3 99 67184 969 31977 17.3 18.2 17.67 0.01
291600.0 310 101.22 0.81 109362 32863.62 0.81 14712 4918.04 0.83 4754246 2130375.0 19.8 310 251.62 0.83 108552 92747.12 19.8 208 3 99 67392 972 32076 17.3 18.1 17.67 0.01
292500.0 376 101.36 0.81 109738 32964.98 0.81 14772 4918.33 0.83 4769018 2135293.33 19.8 370 251.93 0.83 108922 92999.05 19.8 208 3 99 67600 975 32175 17.3 18.1 17.67 0.01
293400.0 354 102.0 0.81 110092 33066.98 0.81 14748 4916.04 0.83 4783766 2140209.37 19.8 350 252.03 0.83 109272 93251.07 19.8 208 3 99 67808 978 32274 17.3 18.1 17.67 0.01
294300.0 310 101.22 0.81 110402 33168.2 0.81 14712 4915.57 0.83 4798478 2145124.94 19.8 310 251.59 0.83 109582 93502.66 19.8 208 3 99 68016 981 32373 17.3 18.1 17.67 0.01
295200.0 310 101.22 0.81 110712 33269.42 0.81 14710 4914.78 0.83 4813188 2150039.71 19.8 310 251.59 0.83 109892 93754.25 19.8 208 3 99 68224 984 32472 17.4 18.0 17.67 0.01
296100.0 376 101.36 0.81 111088 33370.78 0.81 14770 4915.07 0.83 4827958 2154954.78 19.8 370 251.89 0.83 110262 94006.14 19.8 208 3 99 68432 987 32571 17.4 18.0 17.67 0.01
297000.0 354 102.0 0.81 111442 33472.77 0.81 14749 4914.38 0.83 4842707 2159869.16 19.8 350 251.99 0.83 110612 94258.13 19.8 208 3 99 68640 990 32670 17.4 18.0 17.67 0.01
297900.0 310 101.22 0.81 111752 33574.0 0.81 14711 4917.23 0.83 4857418 2164786.39 19.8 310 251.62 0.83 110922 94509.75 19.8 208 3 99 68848 993 32769 17.4 18.0 17.67 0.01
298800.0 310 101.22 0.81 112062 33675.22 0.81 14709 4916.44 0.83 4872127 2169702.82 19.8 310 251.62 0.83 111232 94761.38 19.8 208 3 99 69056 996 32868 17.4 18.0 17.67 0.01
299700.0 376 101.36 0.81 112438 33776.58 0.81 14769 4916.73 0.83 4886896 2174619.55 19.8 370 251.93 0.83 111602 95013.3 19.8 208 3 99 69264 999 32967 17.4 18.0 17.67 0.01
300600.0 354 102.0 0.81 112792 33878.58 0.81 14737 4909.64 0.83 4901633 2179529.19 19.8 350 252.03 0.83 111952 95265.33 19.8 208 3 99 69472 1002 33066 17.4 18.0 17.67 0.01
301500.0 310 101.22 0.81 113102 33979.8 0.81 14699 4908.8 0.83 4916332 2184438.0 19.8 310 251.58 0.83 112262 95516.91 19.8 208 3 99 69680 1005 33165 17.4 18.0 17.67 0.01
302400.0 310 101.22 0.81 113412 34081.02 0.81 14701 4910.4 0.83 4931033 2189348.4 19.8 310 251.58 0.83 112572 95768.49 19.8 208 3 99 69888 1008 33264 17.4 17.9 17.67 0.01
303300.0 376 101.36 0.81 113788 34182.38 0.81 14759 4909.1 0.83 4945792 2194257.5 19.8 370 251.88 0.83 112942 96020.37 19.8 208 3 99 70096 1011 33363 17.4 17.9 17.67 0.01
304200.0 354 101.99 0.81 114142 34284.37 0.81 14737 4906.3 0.83 4960529 2199163.8 19.8 350 251.95 0.83 113292 96272.33 19.8 208 3 99 70304 1014 33462 17.4 17.9 17.67 0.01
305100.0 310 101.22 0.81 114452 34385.59 0.81 14696 4907.12 0.83 4975225 2204070.92 19.8 310 251.6 0.83 113602 96523.92 19.8 208 3 99 70512 1017 33561 17.4 17.9 17.67 0.01
306000.0 310 101.22 0.81 114762 34486.81 0.81 14699 4909.53 0.83 4989924 2208980.44 19.8 310 251.6 0.83 113912 96775.52 19.8 208 3 99 70720 1020 33660 17.4 17.8 17.67 0.01
306900.0 376 101.36 0.81 115138 34588.17 0.81 14759 4909.82 0.83 5004683 2213890.26 19.8 370 251.9 0.83 114282 97027.42 19.8 208 3 99 70928 1023 33759 17.4 17.9 17.67 0.01
307800.0 354 102.0 0.81 115492 34690.17 0.81 14736 4909.64 0.83 5019419 2218799.9 19.8 350 252.03 0.83 114632 97279.44 19.8 208 3 99 71136 1026 33858 17.4 17.9 17.67 0.01
308700.0 310 101.22 0.81 115802 34791.39 0.81 14694 4907.63 0.83 5034113 2223707.53 19.8 310 251.62 0.83 114942 97531.07 19.8 208 3 99 71344 1029 33957 17.4 17.9 17.67 0.01
309600.0 310 101.22 0.81 116112 34892.61 0.81 14697 4910.04 0.83 5048810 2228617.56 19.8 310 251.62 0.83 115252 97782.69 19.8 208 3 99 71552 1032 34056 17.4 17.9 17.68 0.01
310500.0 376 101.36 0.81 116488 34993.98 0.81 14757 4910.33 0.83 5063567 2233527.9 19.8 370 251.93 0.83 115622 98034.62 19.8 208 3 99 71760 1035 34155 17.4 17.9 17.68 0.01
311400.0 354 102.0 0.81 116842 35095.97 0.81 14731 4906.44 0.83 5078298 2238434.33 19.8 350 252.03 0.83 115972 98286.65 19.8 208 3 99 71968 1038 34254 17.4 17.9 17.68 0.01
312300.0 310 101.22 0.81 117152 35197.19 0.81 14684 4900.37 0.83 5092982 2243334.7 19.8 310 251.59 0.83 116282 98538.23 19.8 208 3 99 72176 1041 34353 17.4 17.9 17.68 0.01
313200.0 310 101.22 0.81 117462 35298.41 0.81 14680 4897.18 0.83 5107662 2248231.88 19.8 310 251.59 0.83 116592 98789.82 19.8 208 3 99 72384 1044 34452 17.4 18.0 17.69 0.01
314100.0 376 101.36 0.81 117838 35399.77 0.81 14738 4896.67 0.83 5122400 2253128.55 19.8 370 251.89 0.83 116962 99041.71 19.8 208 3 99 72592 1047 34551 17.3 18.0 17.69 0.01
315000.0 354 102.0 0.81 118192 35501.77 0.81 14711 4891.98 0.83 5137111 2258020.52 19.8 350 251.99 0.83 117312 99293.7 19.8 208 3 99 72800 1050 34650 17.3 18.0 17.69 0.01
315900.0 310 101.22 0.81 118502 35602.99 0.81 14671 4891.75 0.83 5151782 2262912.27 19.8 310 251.57 0.83 117622 99545.28 19.8 208 3 99 73008 1053 34749 17.3 18.0 17.7 0.01
316800.0 310 101.22 0.81 118812 35704.2 0.81 14676 4893.35 0.83 5166458 2267805.62 19.8 310 251.57 0.83 117932 99796.85 19.8 208 3 99 73216 1056 34848 17.3 18.1 17.7 0.01
317700.0 376 101.36 0.81 119188 35805.56 0.81 14734 4892.05 0.83 5181192 2272697.67 19.8 370 251.88 0.83 118302 100048.73 19.8 208 3 99 73424 1059 34947 17.3 18.1 17.7 0.01
318600.0 354 101.99 0.81 119542 35907.56 0.81 14705 4886.55 0.83 5195897 2277584.22 19.8 350 251.98 0.83 118652 100300.71 19.8 208 3 99 73632 1062 35046 17.3 18.1 17.7 0.01
319500.0 310 101.22 0.81 119852 36008.78 0.81 14662 4888.43 0.83 5210559 2282472.65 19.8 310 251.62 0.83 118962 100552.33 19.8 208 3 99 73840 1065 35145 17.3 18.1 17.71 0.02
320400.0 310 101.22 0.81 120162 36110.0 0.81 14666 4890.04 0.83 5225225 2287362.68 19.8 310 251.62 0.83 119272 100803.96 19.8 208 3 99 74048 1068 35244 17.3 18.2 17.71 0.02
321300.0 376 101.36 0.81 120538 36211.37 0.81 14726 4890.33 0.83 5239951 2292253.01 19.8 370 251.93 0.83 119642 101055.88 19.8 208 3 99 74256 1071 35343 17.3 18.2 17.71 0.02
322200.0 354 101.99 0.81 120892 36313.35 0.81 14693 4877.3 0.83 5254644 2297130.32 19.8 350 251.91 0.83 119992 101307.8 19.8 208 3 99 74464 1074 35442 17.3 18.2 17.71 0.02
323100.0 310 101.21 0.81 121202 36414.56 0.81 14645 4870.5 0.83 5269289 2302000.81 19.8 310 251.48 0.83 120302 101559.27 19.8 208 3 99 74672 1077 35541 17.3 18.2 17.71 0.02
324000.0 310 101.21 0.81 121512 36515.77 0.81 14664 4883.29 0.83 5283953 2306884.11 19.8 310 251.48 0.83 120612 101810.75 19.8 208 3 99 74880 1080 35640 17.3 18.2 17.72 0.02
324900.0 376 101.35 0.81 121888 36617.12 0.81 14721 4883.6 0.83 5298674 2311767.7 19.8 370 251.78 0.83 120982 102062.53 19.8 208 3 99 75088 1083 35739 17.3 18.2 17.72 0.02
325800.0 354 102.0 0.81 122242 36719.12 0.81 14699 4887.6 0.83 5313373 2316655.31 19.8 350 251.98 0.83 121332 102314.51 19.8 208 3 99 75296 1086 35838 17.3 18.2 17.72 0.02
326700.0 310 101.22 0.81 122552 36820.34 0.81 14644 4875.63 0.83 5328017 2321530.93 19.8 310 251.62 0.83 121642 102566.14 19.8 208 3 99 75504 1089 35937 17.3 18.2 17.73 0.02
327600.0 310 101.22 0.81 122862 36921.56 0.81 14656 4882.04 0.83 5342673 2326412.97 19.8 310 251.62 0.83 121952 102817.76 19.8 208 3 99 75712 1092 36036 17.3 18.3 17.74 0.03
328500.0 376 101.36 0.81 123238 37022.93 0.81 14715 4881.53 0.83 5357388 2331294.5 19.8 370 251.93 0.83 122322 103069.69 19.8 208 3 99 75920 1095 36135 17.2 18.3 17.74 0.03
329400.0 354 102.0 0.81 123592 37124.92 0.81 14685 4878.44 0.83 5372073 2336172.94 19.8 350 252.03 0.83 122672 103321.72 19.8 208 3 99 76128 1098 36234 17.2 18.3 17.74 0.03
330300.0 310 101.22 0.81 123902 37226.15 0.81 14629 4867.63 0.83 5386702 2341040.57 19.8 310 251.62 0.83 122982 103573.34 19.8 208 3 99 76336 1101 36333 17.2 18.3 17.74 0.03
331200.0 310 101.22 0.81 124212 37327.37 0.81 14644 4875.64 0.83 5401346 2345916.2 19.8 310 251.62 0.83 123292 103824.97 19.8 208 3 99 76544 1104 36432 17.2 18.4 17.75 0.03
332100.0 376 101.36 0.81 124588 37428.73 0.81 14697 4872.73 0.83 5416043 2350788.94 19.8 370 251.93 0.83 123662 104076.89 19.8 208 3 99 76752 1107 36531 17.2 18.4 17.75 0.03
333000.0 354 102.0 0.81 124942 37530.73 0.81 14661 4861.93 0.83 5430704 2355650.86 19.8 350 252.0 0.83 124012 104328.89 19.8 208 3 99 76960 1110 36630 17.2 18.4 17.75 0.03
333900.0 310 101.22 0.81 125252 37631.95 0.81 14610 4855.92 0.83 5445314 2360506.78 19.8 310 251.6 0.83 124322 104580.49 19.8 208 3 99 77168 1113 36729 17.2 18.4 17.75 0.03
334800.0 310 101.22 0.81 125562 37733.16 0.81 14615 4859.92 0.83 5459929 2365366.71 19.8 310 251.6 0.83 124632 104832.08 19.8 208 3 99 77376 1116 36828 17.2 18.5 17.76 0.04
335700.0 376 101.36 0.81 125938 37834.53 0.81 14668 4855.42 0.83 5474597 2370222.13 19.8 370 251.9 0.83 125002 105083.98 19.8 208 3 99 77584 1119 36927 17.2 18.5 17.76 0.04
336600.0 354 102.0 0.81 126292 37936.52 0.81 14629 4847.24 0.83 5489226 2375069.36 19.8 350 252.03 0.83 125352 105336.01 19.8 208 3 99 77792 1122 37026 17.2 18.5 17.76 0.04
337500.0 310 101.22 0.81 126602 38037.75 0.81 14597 4852.43 0.83 5503823 2379921.79 19.8 310 251.62 0.83 125662 105587.63 19.8 208 3 99 78000 1125 37125 17.2 18.5 17.76 0.04
338400.0 310 101.22 0.81 126912 38138.97 0.81 14607 4858.84 0.83 5518430 2384780.63 19.8 310 251.62 0.83 125972 105839.26 19.8 208 3 99 78208 1128 37224 17.2 18.5 17.77 0.04
339300.0 376 101.36 0.81 127288 38240.33 0.81 14660 4856.73 0.83 5533090 2389637.36 19.8 370 251.93 0.83 126342 106091.18 19.8 208 3 99 78416 1131 37323 17.2 18.5 17.77 0.04
340200.0 354 102.0 0.81 127642 38342.33 0.81 14615 4841.48 0.83 5547705 2394478.83 19.8 350 251.99 0.83 126692 106343.17 19.8 208 3 99 78624 1134 37422 17.2 18.5 17.77 0.04
341100.0 310 101.22 0.81 127952 38443.55 0.81 14552 4829.07 0.83 5562257 2399307.9 19.8 310 251.59 0.83 127002 106594.76 19.8 208 3 99 78832 1137 37521 17.2 18.5 17.78 0.04
342000.0 310 101.22 0.81 128262 38544.77 0.81 14556 4831.47 0.83 5576813 2404139.38 19.8 310 251.59 0.83 127312 106846.34 19.8 208 3 99 79040 1140 37620 17.2 18.5 17.78 0.05
342900.0 376 101.36 0.81 128638 38646.12 0.81 14609 4828.57 0.83 5591422 2408967.95 19.8 370 251.89 0.83 127682 107098.23 19.8 208 3 99 79248 1143 37719 17.2 18.5 17.78 0.05
343800.0 354 101.99 0.81 128992 38748.12 0.81 14575 4820.1 0.83 5605997 2413788.05 19.8 350 251.96 0.83 128032 107350.19 19.8 208 3 99 79456 1146 37818 17.2 18.5 17.78 0.05
344700.0 310 101.22 0.81 129302 38849.33 0.81 14525 4814.9 0.83 5620522 2418602.94 19.8 310 251.56 0.83 128342 107601.75 19.8 208 3 99 79664 1149 37917 17.2 18.5 17.78 0.05
345600.0 310 101.22 0.81 129612 38950.55 0.81 14526 4815.7 0.83 5635048 2423418.64 19.8 310 251.56 0.83 128652 107853.3 19.8 208 3 99 79872 1152 38016 17.2 18.6 17.78 0.05
