# seed = 8, gamma = 0.66, beta = 1.0, dee = 1.0, dcc = 25.0, dec = 10.0, dsCnd = 150.0, dLocalhost = 0.02, hostBroker = EDGE 
#
# The columns have the following meaning: 
# instant[SECONDS] commCountUploadPartial delaySumUploadPartial[SECONDS] delayMaxUploadPartial[SECONDS] commCountUploadTot delaySumUploadTot[SECONDS] delayMaxUploadTot[SECONDS] commCountDownloadPartial delaySumDownloadPartial[SECONDS] delayMaxDownloadPartial[SECONDS] commCountDownloadTot delaySumDownloadTot[SECONDS] delayMaxDownloadTot[SECONDS] commCountDownloadMaxPartial delaySumDownloadMaxPartial[SECONDS] delayMaxDownloadMaxPartial[SECONDS] commCountDownloadMaxTot delaySumDownloadMaxTot[SECONDS] delayMaxDownloadMaxTot[SECONDS] runOnCloudPartial runOnEdgePartial runOnSmartphonePartial runOnCloudTot runOnEdgeTot runOnSmartphoneTot minTemp maxTemp avgTemp varianceTemp
0.0 0 0.0 0.0 0 0.0 0.0 0 0.0 0.0 0 0.0 0.0 0 0.0 0.0 0 0.0 0.0 0 0 0 0 0 0 17.0 25.0 21.0 0.0
900.0 376 46.66 0.16 376 46.66 0.16 15771 2962.07 0.25 15771 2962.07 0.25 370 61.24 0.25 370 61.24 0.25 4 6 300 4 6 300 18.9 21.0 19.36 0.76
1800.0 356 47.4 0.36 732 94.06 0.36 16060 165244.81 20.34 31831 168206.88 20.34 352 3228.87 20.34 722 3290.11 20.34 4 6 300 8 12 600 18.9 18.9 18.9 0.0
2700.0 310 46.56 0.16 1042 140.62 0.36 15712 3013.66 0.25 47543 171220.53 20.34 310 62.26 0.25 1032 3352.38 20.34 4 6 300 12 18 900 17.6 18.9 18.3 0.06
3600.0 310 46.56 0.16 1352 187.17 0.36 15712 3013.65 0.25 63255 174234.19 20.34 310 62.26 0.25 1342 3414.64 20.34 4 6 300 16 24 1200 17.6 18.9 18.24 0.06
4500.0 376 46.7 0.16 1728 233.87 0.36 15768 3013.68 0.25 79023 177247.86 20.34 370 62.28 0.25 1712 3476.92 20.34 4 6 300 20 30 1500 17.6 18.7 18.24 0.05
5400.0 356 47.41 0.36 2084 281.28 0.36 16084 9342.49 20.41 95107 186590.35 20.41 352 82.77 20.41 2064 3559.69 20.41 4 6 300 24 36 1800 17.6 18.7 18.24 0.05
6300.0 310 46.56 0.16 2394 327.84 0.36 15761 3032.94 0.26 110868 189623.29 20.41 310 62.54 0.26 2374 3622.23 20.41 4 6 300 28 42 2100 17.6 18.7 18.24 0.05
7200.0 310 46.56 0.16 2704 374.4 0.36 15759 3033.0 0.26 126627 192656.29 20.41 310 62.54 0.26 2684 3684.77 20.41 4 6 300 32 48 2400 17.6 18.7 18.25 0.04
8100.0 376 46.71 0.16 3080 421.1 0.36 15814 3032.95 0.26 142441 195689.24 20.41 370 62.55 0.26 3054 3747.32 20.41 4 6 300 36 54 2700 17.6 18.7 18.25 0.04
9000.0 356 47.41 0.36 3436 468.51 0.36 16113 9359.29 20.43 158554 205048.52 20.43 352 82.88 20.43 3406 3830.2 20.43 4 6 300 40 60 3000 17.6 18.7 18.25 0.04
9900.0 310 46.56 0.16 3746 515.07 0.36 15776 3037.86 0.26 174330 208086.38 20.43 310 62.59 0.26 3716 3892.8 20.43 4 6 300 44 66 3300 17.6 18.7 18.24 0.04
10800.0 310 46.56 0.16 4056 561.63 0.36 15776 3037.87 0.26 190106 211124.25 20.43 310 62.59 0.26 4026 3955.39 20.43 4 6 300 48 72 3600 17.6 18.7 18.15 0.05
11700.0 376 46.7 0.16 4432 608.34 0.36 15836 3037.89 0.26 205942 214162.14 20.43 370 62.61 0.26 4396 4018.0 20.43 4 6 300 52 78 3900 17.6 18.7 18.15 0.05
12600.0 354 47.34 0.36 4786 655.68 0.36 15793 3041.96 0.26 221735 217204.1 20.43 350 62.71 0.26 4746 4080.7 20.43 4 6 300 56 84 4200 17.6 18.7 18.15 0.05
13500.0 310 46.56 0.16 5096 702.24 0.36 15724 3041.94 0.26 237459 220246.04 20.43 310 62.68 0.26 5056 4143.38 20.43 4 6 300 60 90 4500 17.6 18.7 18.15 0.05
14400.0 310 46.56 0.16 5406 748.81 0.36 15727 3041.93 0.26 253186 223287.97 20.43 310 62.67 0.26 5366 4206.05 20.43 4 6 300 64 96 4800 17.6 18.7 18.13 0.05
15300.0 376 46.71 0.16 5782 795.51 0.36 15786 3041.96 0.26 268972 226329.93 20.43 370 62.69 0.26 5736 4268.74 20.43 4 6 300 68 102 5100 17.6 18.7 18.13 0.05
16200.0 354 47.34 0.36 6136 842.85 0.36 15758 3033.27 0.26 284730 229363.2 20.43 350 62.53 0.26 6086 4331.27 20.43 4 6 300 72 108 5400 17.6 18.7 18.13 0.05
17100.0 310 46.55 0.16 6446 889.4 0.36 15718 3028.3 0.26 300448 232391.49 20.43 310 62.41 0.26 6396 4393.68 20.43 4 6 300 76 114 5700 17.6 18.7 18.11 0.04
18000.0 310 46.55 0.16 6756 935.96 0.36 15721 3028.27 0.26 316169 235419.77 20.43 310 62.4 0.26 6706 4456.08 20.43 4 6 300 80 120 6000 17.6 18.7 18.1 0.04
18900.0 376 46.7 0.16 7132 982.65 0.36 15780 3028.3 0.26 331949 238448.07 20.43 370 62.42 0.26 7076 4518.5 20.43 4 6 300 84 126 6300 17.6 18.6 18.1 0.04
19800.0 354 47.34 0.36 7486 1029.99 0.36 15754 3036.43 0.26 347703 241484.5 20.43 350 62.59 0.26 7426 4581.1 20.43 4 6 300 88 132 6600 17.6 18.6 18.1 0.04
20700.0 310 46.56 0.16 7796 1076.55 0.36 15721 3036.43 0.26 363424 244520.94 20.43 310 62.57 0.26 7736 4643.66 20.43 4 6 300 92 138 6900 17.6 18.6 18.08 0.03
21600.0 310 46.56 0.16 8106 1123.11 0.36 15723 3036.41 0.26 379147 247557.34 20.43 310 62.56 0.26 8046 4706.22 20.43 4 6 300 96 144 7200 17.6 18.6 18.07 0.03
22500.0 376 46.7 0.16 8482 1169.81 0.36 15783 3036.44 0.26 394930 250593.79 20.43 370 62.58 0.26 8416 4768.8 20.43 4 6 300 100 150 7500 17.6 18.6 18.07 0.03
23400.0 354 47.34 0.36 8836 1217.15 0.36 15752 3039.51 0.26 410682 253633.3 20.43 350 62.66 0.26 8766 4831.46 20.43 4 6 300 104 156 7800 17.6 18.6 18.07 0.03
24300.0 310 46.57 0.16 9146 1263.72 0.36 15717 3045.04 0.26 426399 256678.34 20.43 310 62.74 0.26 9076 4894.2 20.43 4 6 300 108 162 8100 17.5 18.6 18.05 0.03
25200.0 310 46.57 0.16 9456 1310.29 0.36 15723 3045.02 0.26 442122 259723.36 20.43 310 62.74 0.26 9386 4956.93 20.43 4 6 300 112 168 8400 17.5 18.6 18.04 0.03
26100.0 376 46.71 0.16 9832 1357.0 0.36 15782 3045.05 0.26 457904 262768.42 20.43 370 62.75 0.26 9756 5019.68 20.43 4 6 300 116 174 8700 17.5 18.6 18.03 0.03
27000.0 354 47.34 0.36 10186 1404.34 0.36 15751 3045.05 0.26 473655 265813.47 20.43 350 62.77 0.26 10106 5082.45 20.43 4 6 300 120 180 9000 17.5 18.6 18.03 0.03
27900.0 310 46.56 0.16 10496 1450.9 0.36 15716 3038.55 0.26 489371 268852.02 20.43 310 62.61 0.26 10416 5145.06 20.43 4 6 300 124 186 9300 17.5 18.6 18.01 0.03
28800.0 310 46.56 0.16 10806 1497.46 0.36 15727 3038.53 0.26 505098 271890.55 20.43 310 62.61 0.26 10726 5207.67 20.43 4 6 300 128 192 9600 17.5 18.6 17.99 0.03
29700.0 376 46.71 0.16 11182 1544.17 0.36 15786 3038.56 0.26 520884 274929.11 20.43 370 62.62 0.26 11096 5270.29 20.43 4 6 300 132 198 9900 17.5 18.6 17.99 0.03
30600.0 354 47.34 0.36 11536 1591.51 0.36 15751 3038.56 0.26 536635 277967.67 20.43 350 62.64 0.26 11446 5332.92 20.43 4 6 300 136 204 10200 17.5 18.6 17.99 0.03
31500.0 310 46.57 0.16 11846 1638.08 0.36 15716 3045.04 0.26 552351 281012.7 20.43 310 62.74 0.26 11756 5395.66 20.43 4 6 300 140 210 10500 17.4 18.6 17.97 0.03
32400.0 310 46.57 0.16 12156 1684.64 0.36 15722 3045.02 0.26 568073 284057.73 20.43 310 62.74 0.26 12066 5458.4 20.43 4 6 300 144 216 10800 17.4 18.6 17.95 0.03
33300.0 376 46.71 0.16 12532 1731.35 0.36 15782 3045.05 0.26 583855 287102.78 20.43 370 62.75 0.26 12436 5521.15 20.43 4 6 300 148 222 11100 17.4 18.5 17.95 0.03
34200.0 354 47.34 0.36 12886 1778.7 0.36 15741 3045.05 0.26 599596 290147.83 20.43 350 62.77 0.26 12786 5583.92 20.43 4 6 300 152 228 11400 17.4 18.5 17.95 0.03
35100.0 310 46.57 0.16 13196 1825.26 0.36 15709 3045.04 0.26 615305 293192.88 20.43 310 62.74 0.26 13096 5646.66 20.43 4 6 300 156 234 11700 17.4 18.5 17.93 0.03
36000.0 310 46.57 0.16 13506 1871.83 0.36 15722 3045.02 0.26 631027 296237.9 20.43 310 62.74 0.26 13406 5709.39 20.43 4 6 300 160 240 12000 17.4 18.5 17.91 0.03
36900.0 376 46.71 0.16 13882 1918.54 0.36 15782 3045.05 0.26 646809 299282.95 20.43 370 62.75 0.26 13776 5772.14 20.43 4 6 300 164 246 12300 17.4 18.5 17.91 0.03
37800.0 354 47.34 0.36 14236 1965.87 0.36 15740 3035.87 0.26 662549 302318.82 20.43 350 62.58 0.26 14126 5834.73 20.43 4 6 300 168 252 12600 17.4 18.5 17.91 0.03
38700.0 310 46.56 0.16 14546 2012.43 0.36 15708 3035.85 0.26 678257 305354.67 20.43 310 62.55 0.26 14436 5897.28 20.43 4 6 300 172 258 12900 17.3 18.5 17.88 0.03
39600.0 310 46.56 0.16 14856 2058.99 0.36 15722 3035.84 0.26 693979 308390.5 20.43 310 62.55 0.26 14746 5959.83 20.43 4 6 300 176 264 13200 17.3 18.5 17.87 0.04
40500.0 376 46.7 0.16 15232 2105.7 0.36 15779 3035.86 0.26 709758 311426.36 20.43 370 62.57 0.26 15116 6022.4 20.43 4 6 300 180 270 13500 17.3 18.5 17.87 0.04
41400.0 354 47.34 0.36 15586 2153.04 0.36 15738 3045.05 0.26 725496 314471.42 20.43 350 62.77 0.26 15466 6085.17 20.43 4 6 300 184 276 13800 17.3 18.5 17.87 0.04
42300.0 310 46.56 0.16 15896 2199.6 0.36 15700 3039.51 0.26 741196 317510.93 20.43 310 62.63 0.26 15776 6147.79 20.43 4 6 300 188 282 14100 17.3 18.5 17.84 0.04
43200.0 310 46.56 0.16 16206 2246.16 0.36 15714 3039.48 0.26 756910 320550.41 20.43 310 62.63 0.26 16086 6210.42 20.43 4 6 300 192 288 14400 17.3 18.5 17.83 0.04
44100.0 376 46.71 0.16 16582 2292.87 0.36 15773 3039.52 0.26 772683 323589.93 20.43 370 62.64 0.26 16456 6273.06 20.43 4 6 300 196 294 14700 17.2 18.4 17.82 0.04
45000.0 354 47.34 0.36 16936 2340.21 0.36 15737 3039.51 0.26 788420 326629.44 20.43 350 62.66 0.26 16806 6335.71 20.43 4 6 300 200 300 15000 17.2 18.4 17.82 0.04
45900.0 310 46.56 0.16 17246 2386.77 0.36 15704 3038.77 0.26 804124 329668.21 20.43 310 62.61 0.26 17116 6398.33 20.43 4 6 300 204 306 15300 17.2 18.5 17.8 0.05
46800.0 310 46.56 0.16 17556 2433.34 0.36 15713 3038.76 0.26 819837 332706.96 20.43 310 62.61 0.26 17426 6460.94 20.43 4 6 300 208 312 15600 17.2 18.5 17.79 0.06
47700.0 376 46.71 0.16 17932 2480.04 0.36 15772 3038.78 0.26 835609 335745.75 20.43 370 62.62 0.26 17796 6523.56 20.43 4 6 300 212 318 15900 17.2 18.5 17.78 0.06
48600.0 354 47.34 0.36 18286 2527.38 0.36 15729 3038.79 0.26 851338 338784.53 20.43 350 62.64 0.26 18146 6586.2 20.43 4 6 300 216 324 16200 17.2 18.5 17.78 0.06
49500.0 310 46.57 0.16 18596 2573.95 0.36 15703 3045.04 0.26 867041 341829.57 20.43 310 62.74 0.26 18456 6648.94 20.43 4 6 300 220 330 16500 17.1 18.5 17.76 0.06
50400.0 310 46.57 0.16 18906 2620.51 0.36 15719 3045.02 0.26 882760 344874.6 20.43 310 62.74 0.26 18766 6711.68 20.43 4 6 300 224 336 16800 17.1 18.5 17.74 0.07
51300.0 376 46.71 0.16 19282 2667.22 0.36 15779 3045.05 0.26 898539 347919.65 20.43 370 62.75 0.26 19136 6774.43 20.43 4 6 300 228 342 17100 17.1 18.5 17.74 0.07
52200.0 354 47.34 0.36 19636 2714.57 0.36 15736 3045.05 0.26 914275 350964.7 20.43 350 62.77 0.26 19486 6837.2 20.43 4 6 300 232 348 17400 17.1 18.5 17.74 0.07
53100.0 310 46.57 0.16 19946 2761.13 0.36 15692 3045.04 0.26 929967 354009.75 20.43 310 62.74 0.26 19796 6899.94 20.43 4 6 300 236 354 17700 17.1 18.6 17.72 0.07
54000.0 310 46.57 0.16 20256 2807.7 0.36 15703 3045.02 0.26 945670 357054.77 20.43 310 62.74 0.26 20106 6962.67 20.43 4 6 300 240 360 18000 17.1 18.6 17.71 0.08
54900.0 376 46.71 0.16 20632 2854.41 0.36 15761 3045.05 0.26 961431 360099.82 20.43 370 62.75 0.26 20476 7025.42 20.43 4 6 300 244 366 18300 17.1 18.6 17.71 0.08
55800.0 354 47.34 0.36 20986 2901.75 0.36 15729 3045.05 0.26 977160 363144.88 20.43 350 62.77 0.26 20826 7088.19 20.43 4 6 300 248 372 18600 17.1 18.6 17.71 0.08
56700.0 310 46.57 0.16 21296 2948.32 0.36 15698 3045.04 0.26 992858 366189.92 20.43 310 62.74 0.26 21136 7150.93 20.43 4 6 300 252 378 18900 17.1 18.6 17.69 0.09
57600.0 310 46.57 0.16 21606 2994.88 0.36 15713 3045.02 0.26 1008571 369234.94 20.43 310 62.74 0.26 21446 7213.67 20.43 4 6 300 256 384 19200 17.1 18.6 17.67 0.09
58500.0 376 46.71 0.16 21982 3041.59 0.36 15773 3045.05 0.26 1024344 372279.99 20.43 370 62.75 0.26 21816 7276.42 20.43 4 6 300 260 390 19500 17.1 18.6 17.67 0.09
59400.0 354 47.34 0.36 22336 3088.93 0.36 15728 3041.96 0.26 1040072 375321.95 20.43 350 62.71 0.26 22166 7339.12 20.43 4 6 300 264 396 19800 17.1 18.6 17.67 0.09
60300.0 310 46.56 0.16 22646 3135.5 0.36 15692 3041.94 0.26 1055764 378363.9 20.43 310 62.68 0.26 22476 7401.8 20.43 4 6 300 268 402 20100 17.0 18.6 17.65 0.1
61200.0 310 46.56 0.16 22956 3182.06 0.36 15703 3041.93 0.26 1071467 381405.83 20.43 310 62.67 0.26 22786 7464.47 20.43 4 6 300 272 408 20400 17.0 18.6 17.64 0.1
62100.0 376 46.71 0.16 23332 3228.77 0.36 15760 3041.96 0.26 1087227 384447.78 20.43 370 62.69 0.26 23156 7527.16 20.43 4 6 300 276 414 20700 17.0 18.6 17.64 0.1
63000.0 354 47.33 0.36 23686 3276.1 0.36 15720 3033.38 0.26 1102947 387481.16 20.43 350 62.54 0.26 23506 7589.7 20.43 4 6 300 280 420 21000 17.0 18.6 17.64 0.1
63900.0 310 46.55 0.16 23996 3322.66 0.36 15689 3027.58 0.26 1118636 390508.74 20.43 310 62.39 0.26 23816 7652.09 20.43 4 6 300 284 426 21300 17.0 18.6 17.63 0.11
64800.0 310 46.55 0.16 24306 3369.21 0.36 15693 3027.57 0.26 1134329 393536.32 20.43 310 62.39 0.26 24126 7714.47 20.43 4 6 300 288 432 21600 17.0 18.6 17.62 0.12
65700.0 376 46.69 0.16 24682 3415.9 0.36 15753 3027.59 0.26 1150082 396563.91 20.43 370 62.4 0.26 24496 7776.88 20.43 4 6 300 292 438 21900 17.0 18.6 17.62 0.12
66600.0 354 47.33 0.36 25036 3463.23 0.36 15715 3025.58 0.26 1165797 399589.48 20.43 350 62.38 0.26 24846 7839.25 20.43 4 6 300 296 444 22200 17.0 18.6 17.62 0.12
67500.0 310 46.55 0.16 25346 3509.78 0.36 15674 3019.83 0.25 1181471 402609.32 20.43 310 62.24 0.25 25156 7901.5 20.43 4 6 300 300 450 22500 17.0 18.7 17.61 0.12
68400.0 310 46.55 0.16 25656 3556.33 0.36 15677 3019.84 0.25 1197148 405629.16 20.43 310 62.24 0.25 25466 7963.74 20.43 4 6 300 304 456 22800 17.0 18.7 17.6 0.12
69300.0 376 46.69 0.16 26032 3603.02 0.36 15736 3019.85 0.25 1212884 408649.0 20.43 370 62.26 0.25 25836 8026.0 20.43 4 6 300 308 462 23100 17.0 18.7 17.6 0.12
70200.0 354 47.33 0.36 26386 3650.35 0.36 15704 3024.41 0.25 1228588 411673.41 20.43 350 62.36 0.25 26186 8088.35 20.43 4 6 300 312 468 23400 17.0 18.7 17.6 0.12
71100.0 310 46.55 0.16 26696 3696.91 0.36 15669 3025.1 0.25 1244257 414698.51 20.43 310 62.34 0.25 26496 8150.69 20.43 4 6 300 316 474 23700 17.0 18.7 17.6 0.13
72000.0 310 46.55 0.16 27006 3743.46 0.36 15675 3025.09 0.25 1259932 417723.61 20.43 310 62.34 0.25 26806 8213.03 20.43 4 6 300 320 480 24000 17.0 18.7 17.59 0.13
72900.0 376 46.69 0.16 27382 3790.15 0.36 15732 3025.11 0.25 1275664 420748.71 20.43 370 62.35 0.25 27176 8275.38 20.43 4 6 300 324 486 24300 17.0 18.7 17.58 0.13
73800.0 354 47.33 0.36 27736 3837.48 0.36 15705 3025.12 0.25 1291369 423773.84 20.43 350 62.37 0.25 27526 8337.75 20.43 4 6 300 328 492 24600 17.0 18.7 17.58 0.13
74700.0 310 46.56 0.16 28046 3884.04 0.36 15666 3030.64 0.26 1307035 426804.48 20.43 310 62.45 0.26 27836 8400.2 20.43 4 6 300 332 498 24900 17.0 18.7 17.58 0.13
75600.0 310 46.56 0.16 28356 3930.59 0.36 15661 3030.65 0.26 1322696 429835.13 20.43 310 62.45 0.26 28146 8462.65 20.43 4 6 300 336 504 25200 17.0 18.7 17.57 0.13
76500.0 376 46.7 0.16 28732 3977.29 0.36 15721 3030.66 0.26 1338417 432865.79 20.43 370 62.46 0.26 28516 8525.12 20.43 4 6 300 340 510 25500 17.0 18.7 17.57 0.13
77400.0 354 47.33 0.36 29086 4024.62 0.36 15689 3027.61 0.26 1354106 435893.39 20.43 350 62.42 0.26 28866 8587.54 20.43 4 6 300 344 516 25800 17.0 18.7 17.57 0.13
78300.0 310 46.55 0.16 29396 4071.18 0.36 15652 3027.58 0.26 1369758 438920.97 20.43 310 62.39 0.26 29176 8649.93 20.43 4 6 300 348 522 26100 17.0 18.6 17.57 0.13
79200.0 310 46.55 0.16 29706 4117.73 0.36 15655 3027.57 0.26 1385413 441948.54 20.43 310 62.39 0.26 29486 8712.32 20.43 4 6 300 352 528 26400 17.0 18.6 17.56 0.13
80100.0 376 46.69 0.16 30082 4164.43 0.36 15715 3027.59 0.26 1401128 444976.13 20.43 370 62.4 0.26 29856 8774.72 20.43 4 6 300 356 534 26700 17.0 18.6 17.56 0.13
81000.0 354 47.33 0.36 30436 4211.76 0.36 15684 3031.64 0.26 1416812 448007.77 20.43 350 62.5 0.26 30206 8837.22 20.43 4 6 300 360 540 27000 17.0 18.6 17.56 0.13
81900.0 310 46.56 0.16 30746 4258.32 0.36 15650 3037.63 0.26 1432462 451045.4 20.43 310 62.59 0.26 30516 8899.81 20.43 4 6 300 364 546 27300 17.0 18.6 17.56 0.13
82800.0 310 46.56 0.16 31056 4304.88 0.36 15651 3037.61 0.26 1448113 454083.01 20.43 310 62.59 0.26 30826 8962.4 20.43 4 6 300 368 552 27600 17.0 18.6 17.56 0.12
83700.0 376 46.7 0.16 31432 4351.58 0.36 15708 3037.64 0.26 1463821 457120.65 20.43 370 62.6 0.26 31196 9025.0 20.43 4 6 300 372 558 27900 17.0 18.6 17.56 0.12
84600.0 354 47.34 0.36 31786 4398.92 0.36 15678 3037.64 0.26 1479499 460158.3 20.43 350 62.62 0.26 31546 9087.62 20.43 4 6 300 376 564 28200 17.0 18.6 17.56 0.12
85500.0 310 46.56 0.16 32096 4445.48 0.36 15648 3031.37 0.26 1495147 463189.66 20.43 310 62.47 0.26 31856 9150.09 20.43 4 6 300 380 570 28500 17.0 18.6 17.57 0.12
86400.0 310 46.56 0.16 32406 4492.04 0.36 15651 3031.35 0.26 1510798 466221.02 20.43 310 62.46 0.26 32166 9212.55 20.43 4 6 300 384 576 28800 17.0 18.6 17.57 0.11
87300.0 376 46.7 0.16 32782 4538.74 0.36 15711 3031.38 0.26 1526509 469252.4 20.43 370 62.48 0.26 32536 9275.03 20.43 4 6 300 388 582 29100 17.0 18.6 17.57 0.11
88200.0 354 47.34 0.36 33136 4586.08 0.36 15674 3038.78 0.26 1542183 472291.18 20.43 350 62.64 0.26 32886 9337.67 20.43 4 6 300 392 588 29400 17.0 18.6 17.57 0.11
89100.0 310 46.57 0.16 33446 4632.64 0.36 15697 3045.04 0.26 1557880 475336.22 20.43 310 62.74 0.26 33196 9400.41 20.43 4 6 300 396 594 29700 17.0 18.5 17.59 0.08
90000.0 310 46.57 0.16 33756 4679.21 0.36 15728 3045.02 0.26 1573608 478381.24 20.43 310 62.74 0.26 33506 9463.14 20.43 4 6 300 400 600 30000 17.1 18.5 17.67 0.05
90900.0 376 46.71 0.16 34132 4725.92 0.36 15787 3045.05 0.26 1589395 481426.3 20.43 370 62.75 0.26 33876 9525.9 20.43 4 6 300 404 606 30300 17.1 18.5 17.67 0.05
91800.0 354 47.33 0.36 34486 4773.25 0.36 15737 3030.57 0.26 1605132 484456.86 20.43 350 62.48 0.26 34226 9588.37 20.43 4 6 300 408 612 30600 17.1 18.5 17.67 0.05
92700.0 310 46.55 0.16 34796 4819.8 0.36 15756 3018.56 0.25 1620888 487475.42 20.43 310 62.22 0.25 34536 9650.59 20.43 4 6 300 412 618 30900 17.1 23.8 19.36 2.49
93600.0 310 46.55 0.16 35106 4866.35 0.36 15757 3018.56 0.25 1636645 490493.98 20.43 310 62.22 0.25 34846 9712.81 20.43 4 6 300 416 624 31200 17.1 23.8 20.69 5.01
94500.0 376 46.69 0.16 35482 4913.04 0.36 15811 3018.56 0.25 1652456 493512.54 20.43 370 62.23 0.25 35216 9775.04 20.43 4 6 300 420 630 31500 17.1 23.8 20.72 5.03
95400.0 354 47.33 0.36 35836 4960.36 0.36 15788 3018.59 0.25 1668244 496531.13 20.43 350 62.25 0.25 35566 9837.29 20.43 4 6 300 424 636 31800 17.1 23.8 20.72 5.03
96300.0 310 46.55 0.16 36146 5006.91 0.36 15761 3018.55 0.25 1684005 499549.68 20.43 310 62.22 0.25 35876 9899.51 20.43 4 6 300 428 642 32100 17.1 24.0 21.1 4.82
97200.0 310 46.55 0.16 36456 5053.46 0.36 15760 3018.56 0.25 1699765 502568.24 20.43 310 62.22 0.25 36186 9961.72 20.43 4 6 300 432 648 32400 17.4 24.0 21.22 4.92
98100.0 376 46.69 0.16 36832 5100.15 0.36 15819 3018.56 0.25 1715584 505586.81 20.43 370 62.23 0.25 36556 10023.95 20.43 4 6 300 436 654 32700 17.4 24.0 21.22 4.92
99000.0 354 47.32 0.36 37186 5147.47 0.36 15796 3013.12 0.25 1731380 508599.92 20.43 350 62.14 0.25 36906 10086.09 20.43 4 6 300 440 660 33000 17.4 24.0 21.22 4.92
99900.0 310 46.54 0.16 37496 5194.02 0.36 15758 3013.11 0.25 1747138 511613.03 20.43 310 62.11 0.25 37216 10148.2 20.43 4 6 300 444 666 33300 17.5 24.0 21.5 4.14
100800.0 310 46.54 0.16 37806 5240.56 0.36 15752 3013.08 0.25 1762890 514626.12 20.43 310 62.1 0.25 37526 10210.3 20.43 4 6 300 448 672 33600 17.7 24.0 21.56 4.07
101700.0 376 46.69 0.16 38182 5287.24 0.36 15812 3013.13 0.25 1778702 517639.24 20.43 370 62.12 0.25 37896 10272.42 20.43 4 6 300 452 678 33900 17.8 24.0 21.56 4.06
102600.0 354 47.32 0.36 38536 5334.56 0.36 15785 3011.48 0.25 1794487 520650.72 20.43 350 62.11 0.25 38246 10334.53 20.43 4 6 300 456 684 34200 17.8 24.0 21.56 4.06
103500.0 310 46.54 0.16 38846 5381.11 0.36 15752 3011.46 0.25 1810239 523662.18 20.43 310 62.08 0.25 38556 10396.61 20.43 4 6 300 460 690 34500 18.0 24.0 21.79 3.27
104400.0 310 46.54 0.16 39156 5427.65 0.36 15753 3011.45 0.25 1825992 526673.63 20.43 310 62.07 0.25 38866 10458.68 20.43 4 6 300 464 696 34800 18.2 24.0 21.86 3.18
105300.0 376 46.69 0.16 39532 5474.33 0.36 15810 3011.47 0.25 1841802 529685.1 20.43 370 62.09 0.25 39236 10520.77 20.43 4 6 300 468 702 35100 18.5 24.0 21.86 3.17
106200.0 354 47.31 0.36 39886 5521.65 0.36 15788 3002.82 0.25 1857590 532687.92 20.43 350 61.93 0.25 39586 10582.7 20.43 4 6 300 472 708 35400 18.5 24.0 21.86 3.17
107100.0 310 46.53 0.16 40196 5568.18 0.36 15748 2997.64 0.25 1873338 535685.56 20.43 310 61.8 0.25 39896 10644.49 20.43 4 6 300 476 714 35700 18.8 24.0 21.86 2.96
108000.0 310 46.53 0.16 40506 5614.71 0.36 15746 2997.62 0.25 1889084 538683.18 20.43 310 61.79 0.25 40206 10706.29 20.43 4 6 300 480 720 36000 18.8 24.0 21.86 2.95
108900.0 376 46.68 0.16 40882 5661.38 0.36 15803 2997.65 0.25 1904887 541680.83 20.43 370 61.81 0.25 40576 10768.09 20.43 4 6 300 484 726 36300 18.9 24.0 21.86 2.95
109800.0 354 47.31 0.36 41236 5708.69 0.36 15781 2997.65 0.25 1920668 544678.48 20.43 350 61.82 0.25 40926 10829.92 20.43 4 6 300 488 732 36600 18.9 24.0 21.86 2.95
110700.0 310 46.53 0.16 41546 5755.22 0.36 15745 2997.64 0.25 1936413 547676.12 20.43 310 61.8 0.25 41236 10891.72 20.43 4 6 300 492 738 36900 18.9 24.0 21.76 2.87
111600.0 310 46.53 0.16 41856 5801.76 0.36 15738 2997.62 0.25 1952151 550673.74 20.43 310 61.79 0.25 41546 10953.51 20.43 4 6 300 496 744 37200 18.9 24.0 21.69 2.75
112500.0 376 46.68 0.16 42232 5848.43 0.36 15796 2997.65 0.25 1967947 553671.39 20.43 370 61.81 0.25 41916 11015.32 20.43 4 6 300 500 750 37500 18.9 23.9 21.69 2.75
113400.0 354 47.31 0.36 42586 5895.74 0.36 15770 2997.65 0.25 1983717 556669.04 20.43 350 61.82 0.25 42266 11077.14 20.43 4 6 300 504 756 37800 18.9 23.9 21.69 2.75
114300.0 310 46.53 0.16 42896 5942.27 0.36 15738 2997.64 0.25 1999455 559666.68 20.43 310 61.8 0.25 42576 11138.94 20.43 4 6 300 508 762 38100 18.9 24.0 23.3 0.26
115200.0 310 46.53 0.16 43206 5988.8 0.36 15737 2997.62 0.25 2015192 562664.3 20.43 310 61.79 0.25 42886 11200.73 20.43 4 6 300 512 768 38400 18.9 24.0 23.5 0.1
116100.0 376 46.68 0.16 43582 6035.48 0.36 15797 2997.65 0.25 2030989 565661.95 20.43 370 61.81 0.25 43256 11262.54 20.43 4 6 300 516 774 38700 22.6 24.0 23.52 0.04
117000.0 354 47.31 0.36 43936 6082.79 0.36 15776 2997.65 0.25 2046765 568659.6 20.43 350 61.82 0.25 43606 11324.37 20.43 4 6 300 520 780 39000 22.6 24.0 23.52 0.04
117900.0 310 46.53 0.16 44246 6129.32 0.36 15736 2997.64 0.25 2062501 571657.24 20.43 310 61.8 0.25 43916 11386.16 20.43 4 6 300 524 786 39300 22.7 24.0 23.57 0.02
118800.0 310 46.53 0.16 44556 6175.85 0.36 15735 2997.62 0.25 2078236 574654.86 20.43 310 61.79 0.25 44226 11447.95 20.43 4 6 300 528 792 39600 22.7 24.0 23.6 0.02
119700.0 376 46.68 0.16 44932 6222.53 0.36 15791 2997.65 0.25 2094027 577652.51 20.43 370 61.81 0.25 44596 11509.76 20.43 4 6 300 532 798 39900 22.7 24.0 23.6 0.02
120600.0 354 47.31 0.36 45286 6269.83 0.36 15771 2997.65 0.25 2109798 580650.16 20.43 350 61.82 0.25 44946 11571.59 20.43 4 6 300 536 804 40200 22.7 24.0 23.6 0.02
121500.0 310 46.53 0.16 45596 6316.37 0.36 15728 2997.64 0.25 2125526 583647.8 20.43 310 61.8 0.25 45256 11633.38 20.43 4 6 300 540 810 40500 22.7 24.0 23.64 0.01
122400.0 310 46.53 0.16 45906 6362.9 0.36 15727 2997.62 0.25 2141253 586645.42 20.43 310 61.79 0.25 45566 11695.18 20.43 4 6 300 544 816 40800 22.8 24.0 23.67 0.01
123300.0 376 46.68 0.16 46282 6409.57 0.36 15786 2997.65 0.25 2157039 589643.07 20.43 370 61.81 0.25 45936 11756.99 20.43 4 6 300 548 822 41100 22.8 24.0 23.67 0.01
124200.0 354 47.31 0.36 46636 6456.88 0.36 15765 2997.65 0.25 2172804 592640.72 20.43 350 61.82 0.25 46286 11818.81 20.43 4 6 300 552 828 41400 22.8 24.0 23.67 0.01
125100.0 310 46.53 0.16 46946 6503.41 0.36 15719 2997.64 0.25 2188523 595638.36 20.43 310 61.8 0.25 46596 11880.61 20.43 4 6 300 556 834 41700 22.8 24.0 23.7 0.01
126000.0 310 46.53 0.16 47256 6549.94 0.36 15719 2997.62 0.25 2204242 598635.97 20.43 310 61.79 0.25 46906 11942.4 20.43 4 6 300 560 840 42000 22.9 24.0 23.73 0.01
126900.0 376 46.68 0.16 47632 6596.62 0.36 15778 2997.65 0.25 2220020 601633.63 20.43 370 61.81 0.25 47276 12004.21 20.43 4 6 300 564 846 42300 22.9 24.0 23.73 0.01
127800.0 354 47.31 0.36 47986 6643.93 0.36 15755 2997.65 0.25 2235775 604631.28 20.43 350 61.82 0.25 47626 12066.03 20.43 4 6 300 568 852 42600 22.9 24.0 23.73 0.01
128700.0 310 46.53 0.16 48296 6690.46 0.36 15715 2997.64 0.25 2251490 607628.92 20.43 310 61.8 0.25 47936 12127.83 20.43 4 6 300 572 858 42900 22.9 24.0 23.75 0.01
129600.0 310 46.53 0.16 48606 6736.99 0.36 15714 2997.62 0.25 2267204 610626.53 20.43 310 61.79 0.25 48246 12189.62 20.43 4 6 300 576 864 43200 23.1 24.0 23.77 0.01
130500.0 376 46.68 0.16 48982 6783.67 0.36 15772 2997.65 0.25 2282976 613624.18 20.43 370 61.81 0.25 48616 12251.43 20.43 4 6 300 580 870 43500 23.1 24.0 23.77 0.01
131400.0 354 47.31 0.36 49336 6830.98 0.36 15752 2997.65 0.25 2298728 616621.83 20.43 350 61.82 0.25 48966 12313.26 20.43 4 6 300 584 876 43800 23.1 24.0 23.77 0.01
132300.0 310 46.53 0.16 49646 6877.51 0.36 15712 2997.64 0.25 2314440 619619.47 20.43 310 61.8 0.25 49276 12375.05 20.43 4 6 300 588 882 44100 23.1 24.0 23.79 0.01
133200.0 310 46.53 0.16 49956 6924.04 0.36 15710 2997.62 0.25 2330150 622617.09 20.43 310 61.79 0.25 49586 12436.85 20.43 4 6 300 592 888 44400 23.2 24.0 23.81 0.01
134100.0 376 46.68 0.16 50332 6970.71 0.36 15770 2997.65 0.25 2345920 625614.74 20.43 370 61.81 0.25 49956 12498.66 20.43 4 6 300 596 894 44700 23.2 24.0 23.81 0.01
135000.0 354 47.31 0.36 50686 7018.02 0.36 15749 2997.65 0.25 2361669 628612.39 20.43 350 61.82 0.25 50306 12560.48 20.43 4 6 300 600 900 45000 23.2 24.0 23.81 0.01
135900.0 310 46.53 0.16 50996 7064.55 0.36 15708 2997.64 0.25 2377377 631610.03 20.43 310 61.8 0.25 50616 12622.28 20.43 4 6 300 604 906 45300 23.2 24.0 23.83 0.01
136800.0 310 46.53 0.16 51306 7111.09 0.36 15708 2997.62 0.25 2393085 634607.65 20.43 310 61.79 0.25 50926 12684.07 20.43 4 6 300 608 912 45600 23.3 24.0 23.84 0.01
137700.0 376 46.68 0.16 51682 7157.76 0.36 15768 2997.65 0.25 2408853 637605.3 20.43 370 61.81 0.25 51296 12745.88 20.43 4 6 300 612 918 45900 23.3 24.0 23.84 0.01
138600.0 354 47.31 0.36 52036 7205.07 0.36 15747 2997.65 0.25 2424600 640602.95 20.43 350 61.82 0.25 51646 12807.7 20.43 4 6 300 616 924 46200 23.3 24.0 23.84 0.01
139500.0 310 46.53 0.16 52346 7251.6 0.36 15707 2997.64 0.25 2440307 643600.59 20.43 310 61.8 0.25 51956 12869.5 20.43 4 6 300 620 930 46500 23.3 24.0 23.85 0.01
140400.0 310 46.53 0.16 52656 7298.13 0.36 15706 2997.62 0.25 2456013 646598.2 20.43 310 61.79 0.25 52266 12931.29 20.43 4 6 300 624 936 46800 23.4 24.0 23.86 0.01
141300.0 376 46.68 0.16 53032 7344.81 0.36 15764 2997.65 0.25 2471777 649595.86 20.43 370 61.81 0.25 52636 12993.1 20.43 4 6 300 628 942 47100 23.4 24.0 23.86 0.01
142200.0 354 47.31 0.36 53386 7392.12 0.36 15744 2997.65 0.25 2487521 652593.5 20.43 350 61.82 0.25 52986 13054.93 20.43 4 6 300 632 948 47400 23.4 24.0 23.86 0.01
143100.0 310 46.53 0.16 53696 7438.65 0.36 15703 2997.64 0.25 2503224 655591.14 20.43 310 61.8 0.25 53296 13116.72 20.43 4 6 300 636 954 47700 23.4 24.0 23.88 0.01
144000.0 310 46.53 0.16 54006 7485.18 0.36 15700 2997.62 0.25 2518924 658588.76 20.43 310 61.79 0.25 53606 13178.52 20.43 4 6 300 640 960 48000 23.5 24.0 23.89 0.01
144900.0 376 46.68 0.16 54382 7531.86 0.36 15760 2997.65 0.25 2534684 661586.41 20.43 370 61.81 0.25 53976 13240.32 20.43 4 6 300 644 966 48300 23.5 24.0 23.89 0.01
145800.0 354 47.31 0.36 54736 7579.16 0.36 15740 2997.65 0.25 2550424 664584.06 20.43 350 61.82 0.25 54326 13302.15 20.43 4 6 300 648 972 48600 23.5 24.0 23.89 0.01
146700.0 310 46.53 0.16 55046 7625.7 0.36 15697 2997.64 0.25 2566121 667581.7 20.43 310 61.8 0.25 54636 13363.95 20.43 4 6 300 652 978 48900 23.5 24.0 23.89 0.01
147600.0 310 46.53 0.16 55356 7672.23 0.36 15697 2997.62 0.25 2581818 670579.32 20.43 310 61.79 0.25 54946 13425.74 20.43 4 6 300 656 984 49200 23.6 24.0 23.89 0.01
148500.0 376 46.68 0.16 55732 7718.9 0.36 15754 2997.65 0.25 2597572 673576.97 20.43 370 61.81 0.25 55316 13487.55 20.43 4 6 300 660 990 49500 23.6 24.0 23.89 0.01
149400.0 354 47.31 0.36 56086 7766.21 0.36 15734 2997.65 0.25 2613306 676574.62 20.43 350 61.82 0.25 55666 13549.37 20.43 4 6 300 664 996 49800 23.6 24.0 23.89 0.01
150300.0 310 46.53 0.16 56396 7812.74 0.36 15694 2997.64 0.25 2629000 679572.26 20.43 310 61.8 0.25 55976 13611.17 20.43 4 6 300 668 1002 50100 23.6 24.0 23.89 0.01
151200.0 310 46.53 0.16 56706 7859.27 0.36 15693 2997.62 0.25 2644693 682569.87 20.43 310 61.79 0.25 56286 13672.96 20.43 4 6 300 672 1008 50400 23.7 24.0 23.9 0.01
152100.0 376 46.68 0.16 57082 7905.95 0.36 15750 2997.65 0.25 2660443 685567.53 20.43 370 61.81 0.25 56656 13734.77 20.43 4 6 300 676 1014 50700 23.7 24.0 23.9 0.01
153000.0 354 47.31 0.36 57436 7953.26 0.36 15730 2997.65 0.25 2676173 688565.17 20.43 350 61.82 0.25 57006 13796.6 20.43 4 6 300 680 1020 51000 23.7 24.0 23.9 0.01
153900.0 310 46.53 0.16 57746 7999.79 0.36 15689 2997.64 0.25 2691862 691562.81 20.43 310 61.8 0.25 57316 13858.39 20.43 4 6 300 684 1026 51300 23.6 24.0 23.89 0.01
154800.0 310 46.53 0.16 58056 8046.32 0.36 15684 2997.62 0.25 2707546 694560.43 20.43 310 61.79 0.25 57626 13920.19 20.43 4 6 300 688 1032 51600 23.6 24.0 23.9 0.01
155700.0 376 46.68 0.16 58432 8093.0 0.36 15744 2997.65 0.25 2723290 697558.08 20.43 370 61.81 0.25 57996 13981.99 20.43 4 6 300 692 1038 51900 23.6 24.0 23.9 0.01
156600.0 354 47.31 0.36 58786 8140.31 0.36 15724 2997.65 0.25 2739014 700555.73 20.43 350 61.82 0.25 58346 14043.82 20.43 4 6 300 696 1044 52200 23.6 24.0 23.9 0.01
157500.0 310 46.53 0.16 59096 8186.84 0.36 15684 2997.64 0.25 2754698 703553.37 20.43 310 61.8 0.25 58656 14105.62 20.43 4 6 300 700 1050 52500 23.5 24.0 23.89 0.01
158400.0 310 46.53 0.16 59406 8233.37 0.36 15684 2997.62 0.25 2770382 706550.99 20.43 310 61.79 0.25 58966 14167.41 20.43 4 6 300 704 1056 52800 23.5 24.0 23.89 0.01
159300.0 376 46.68 0.16 59782 8280.04 0.36 15743 2997.65 0.25 2786125 709548.64 20.43 370 61.81 0.25 59336 14229.22 20.43 4 6 300 708 1062 53100 23.5 24.0 23.89 0.01
160200.0 354 47.31 0.36 60136 8327.35 0.36 15721 2997.65 0.25 2801846 712546.29 20.43 350 61.82 0.25 59686 14291.04 20.43 4 6 300 712 1068 53400 23.5 24.0 23.89 0.01
161100.0 310 46.53 0.16 60446 8373.88 0.36 15681 2997.64 0.25 2817527 715543.93 20.43 310 61.8 0.25 59996 14352.84 20.43 4 6 300 716 1074 53700 23.4 24.0 23.87 0.02
162000.0 310 46.53 0.16 60756 8420.42 0.36 15677 2997.62 0.25 2833204 718541.54 20.43 310 61.79 0.25 60306 14414.63 20.43 4 6 300 720 1080 54000 23.4 24.0 23.87 0.02
162900.0 376 46.67 0.16 61132 8467.09 0.36 15735 2997.65 0.25 2848939 721539.19 20.43 370 61.81 0.25 60676 14476.44 20.43 4 6 300 724 1086 54300 23.4 24.0 23.87 0.02
163800.0 354 47.31 0.36 61486 8514.4 0.36 15715 2997.65 0.25 2864654 724536.84 20.43 350 61.82 0.25 61026 14538.26 20.43 4 6 300 728 1092 54600 23.4 24.0 23.87 0.02
164700.0 310 46.53 0.16 61796 8560.93 0.36 15675 2997.64 0.25 2880329 727534.48 20.43 310 61.8 0.25 61336 14600.06 20.43 4 6 300 732 1098 54900 23.3 24.0 23.85 0.02
165600.0 310 46.53 0.16 62106 8607.46 0.36 15674 2997.62 0.25 2896003 730532.1 20.43 310 61.79 0.25 61646 14661.85 20.43 4 6 300 736 1104 55200 23.3 24.0 23.84 0.02
166500.0 376 46.68 0.16 62482 8654.13 0.36 15733 2997.65 0.25 2911736 733529.75 20.43 370 61.81 0.25 62016 14723.66 20.43 4 6 300 740 1110 55500 23.3 24.0 23.83 0.02
167400.0 354 47.31 0.36 62836 8701.44 0.36 15711 2997.65 0.25 2927447 736527.4 20.43 350 61.82 0.25 62366 14785.49 20.43 4 6 300 744 1116 55800 23.3 24.0 23.83 0.02
168300.0 310 46.53 0.16 63146 8747.97 0.36 15669 2997.64 0.25 2943116 739525.04 20.43 310 61.8 0.25 62676 14847.28 20.43 4 6 300 748 1122 56100 23.2 24.0 23.81 0.03
169200.0 310 46.53 0.16 63456 8794.51 0.36 15669 2997.62 0.25 2958785 742522.65 20.43 310 61.79 0.25 62986 14909.08 20.43 4 6 300 752 1128 56400 23.2 24.0 23.8 0.02
170100.0 376 46.67 0.16 63832 8841.18 0.36 15729 2997.65 0.25 2974514 745520.3 20.43 370 61.81 0.25 63356 14970.89 20.43 4 6 300 756 1134 56700 23.2 24.0 23.8 0.02
171000.0 354 47.31 0.36 64186 8888.49 0.36 15707 2997.65 0.25 2990221 748517.95 20.43 350 61.82 0.25 63706 15032.71 20.43 4 6 300 760 1140 57000 23.2 24.0 23.8 0.02
171900.0 310 46.53 0.16 64496 8935.02 0.36 15665 2997.64 0.25 3005886 751515.59 20.43 310 61.8 0.25 64016 15094.51 20.43 4 6 300 764 1146 57300 23.1 24.0 23.78 0.03
172800.0 310 46.53 0.16 64806 8981.55 0.36 15663 2997.62 0.25 3021549 754513.21 20.43 310 61.79 0.25 64326 15156.3 20.43 4 6 300 768 1152 57600 23.1 24.0 23.76 0.03
173700.0 376 46.68 0.16 65182 9028.22 0.36 15718 2997.65 0.25 3037267 757510.86 20.43 370 61.81 0.25 64696 15218.11 20.43 4 6 300 772 1158 57900 23.1 24.0 23.76 0.03
174600.0 354 47.31 0.36 65536 9075.53 0.36 15695 2997.65 0.25 3052962 760508.51 20.43 350 61.82 0.25 65046 15279.93 20.43 4 6 300 776 1164 58200 23.1 24.0 23.76 0.03
175500.0 310 46.53 0.16 65846 9122.06 0.36 15651 2997.64 0.25 3068613 763506.15 20.43 310 61.8 0.25 65356 15341.73 20.43 4 6 300 780 1170 58500 22.9 24.0 23.71 0.03
176400.0 310 46.53 0.16 66156 9168.6 0.36 15646 2997.62 0.25 3084259 766503.76 20.43 310 61.79 0.25 65666 15403.52 20.43 4 6 300 784 1176 58800 22.9 23.9 23.7 0.03
177300.0 376 46.68 0.16 66532 9215.27 0.36 15704 2997.65 0.25 3099963 769501.41 20.43 370 61.81 0.25 66036 15465.33 20.43 4 6 300 788 1182 59100 22.9 23.9 23.7 0.03
178200.0 354 47.31 0.36 66886 9262.58 0.36 15682 2997.65 0.25 3115645 772499.06 20.43 350 61.82 0.25 66386 15527.16 20.43 4 6 300 792 1188 59400 22.9 23.9 23.7 0.03
179100.0 310 46.53 0.16 67196 9309.11 0.36 15644 2997.64 0.25 3131289 775496.7 20.43 310 61.8 0.25 66696 15588.95 20.43 4 6 300 796 1194 59700 22.8 23.9 23.64 0.03
180000.0 310 46.53 0.16 67506 9355.64 0.36 15650 2997.62 0.25 3146939 778494.32 20.43 310 61.79 0.25 67006 15650.75 20.43 4 6 300 800 1200 60000 22.8 23.9 23.6 0.03
180900.0 376 46.68 0.16 67882 9402.32 0.36 15710 2997.65 0.25 3162649 781491.97 20.43 370 61.81 0.25 67376 15712.56 20.43 4 6 300 804 1206 60300 22.8 23.9 23.6 0.03
181800.0 354 47.31 0.36 68236 9449.63 0.36 15673 2997.65 0.25 3178322 784489.61 20.43 350 61.82 0.25 67726 15774.38 20.43 4 6 300 808 1212 60600 22.8 23.9 23.6 0.03
182700.0 310 46.53 0.16 68546 9496.16 0.36 15645 2997.64 0.25 3193967 787487.25 20.43 310 61.8 0.25 68036 15836.18 20.43 4 6 300 812 1218 60900 22.7 23.8 23.51 0.03
183600.0 310 46.53 0.16 68856 9542.69 0.36 15647 2997.62 0.25 3209614 790484.87 20.43 310 61.79 0.25 68346 15897.97 20.43 4 6 300 816 1224 61200 22.7 23.8 23.47 0.02
184500.0 376 46.68 0.16 69232 9589.37 0.36 15701 2997.65 0.25 3225315 793482.52 20.43 370 61.81 0.25 68716 15959.78 20.43 4 6 300 820 1230 61500 22.7 23.8 23.47 0.02
185400.0 354 47.31 0.36 69586 9636.67 0.36 15677 2997.65 0.25 3240992 796480.17 20.43 350 61.82 0.25 69066 16021.6 20.43 4 6 300 824 1236 61800 22.7 23.8 23.47 0.02
186300.0 310 46.53 0.16 69896 9683.21 0.36 15638 2997.64 0.25 3256630 799477.81 20.43 310 61.8 0.25 69376 16083.4 20.43 4 6 300 828 1242 62100 22.4 23.7 23.34 0.03
187200.0 310 46.53 0.16 70206 9729.74 0.36 15635 2997.62 0.25 3272265 802475.42 20.43 310 61.79 0.25 69686 16145.19 20.43 4 6 300 832 1248 62400 22.4 23.7 23.29 0.03
188100.0 376 46.68 0.16 70582 9776.41 0.36 15692 2997.65 0.25 3287957 805473.07 20.43 370 61.81 0.25 70056 16207.0 20.43 4 6 300 836 1254 62700 22.4 23.7 23.29 0.03
189000.0 354 47.31 0.36 70936 9823.72 0.36 15669 2997.65 0.25 3303626 808470.72 20.43 350 61.82 0.25 70406 16268.83 20.43 4 6 300 840 1260 63000 22.4 23.7 23.29 0.03
189900.0 310 46.53 0.16 71246 9870.25 0.36 15625 2997.64 0.25 3319251 811468.36 20.43 310 61.8 0.25 70716 16330.62 20.43 4 6 300 844 1266 63300 22.1 23.6 23.12 0.04
190800.0 310 46.53 0.16 71556 9916.78 0.36 15626 2997.62 0.25 3334877 814465.98 20.43 310 61.79 0.25 71026 16392.42 20.43 4 6 300 848 1272 63600 22.1 23.5 23.04 0.03
191700.0 376 46.68 0.16 71932 9963.46 0.36 15685 2997.65 0.25 3350562 817463.63 20.43 370 61.81 0.25 71396 16454.22 20.43 4 6 300 852 1278 63900 22.1 23.5 23.03 0.03
192600.0 354 47.31 0.36 72286 10010.77 0.36 15658 2997.65 0.25 3366220 820461.27 20.43 350 61.82 0.25 71746 16516.05 20.43 4 6 300 856 1284 64200 22.1 23.5 23.03 0.03
193500.0 310 46.53 0.16 72596 10057.3 0.36 15619 2997.64 0.25 3381839 823458.91 20.43 310 61.8 0.25 72056 16577.85 20.43 4 6 300 860 1290 64500 22.0 23.4 22.85 0.04
194400.0 310 46.53 0.16 72906 10103.83 0.36 15623 2997.62 0.25 3397462 826456.53 20.43 310 61.79 0.25 72366 16639.64 20.43 4 6 300 864 1296 64800 22.0 23.3 22.74 0.03
195300.0 376 46.68 0.16 73282 10150.51 0.36 15680 2997.65 0.25 3413142 829454.18 20.43 370 61.81 0.25 72736 16701.45 20.43 4 6 300 868 1302 65100 22.0 23.3 22.74 0.03
196200.0 354 47.31 0.36 73636 10197.82 0.36 15658 2997.65 0.25 3428800 832451.83 20.43 350 61.82 0.25 73086 16763.27 20.43 4 6 300 872 1308 65400 22.0 23.3 22.74 0.03
197100.0 310 46.53 0.16 73946 10244.35 0.36 15610 2997.64 0.25 3444410 835449.46 20.43 310 61.8 0.25 73396 16825.07 20.43 4 6 300 876 1314 65700 22.0 23.1 22.55 0.03
198000.0 310 46.53 0.16 74256 10290.88 0.36 15587 2997.62 0.25 3459997 838447.08 20.43 310 61.79 0.25 73706 16886.86 20.43 4 6 300 880 1320 66000 22.0 23.1 22.43 0.03
198900.0 376 46.68 0.16 74632 10337.55 0.36 15646 2997.65 0.25 3475643 841444.73 20.43 370 61.81 0.25 74076 16948.67 20.43 4 6 300 884 1326 66300 22.0 23.1 22.42 0.03
199800.0 354 47.31 0.36 74986 10384.86 0.36 15622 2997.65 0.25 3491265 844442.38 20.43 350 61.82 0.25 74426 17010.5 20.43 4 6 300 888 1332 66600 22.0 23.1 22.42 0.03
200700.0 310 46.53 0.16 75296 10431.39 0.36 15604 2997.64 0.25 3506869 847440.01 20.43 310 61.8 0.25 74736 17072.29 20.43 4 6 300 892 1338 66900 22.0 22.8 22.26 0.02
201600.0 310 46.53 0.16 75606 10477.93 0.36 15603 2997.62 0.25 3522472 850437.63 20.43 310 61.79 0.25 75046 17134.08 20.43 4 6 300 896 1344 67200 22.0 22.8 22.18 0.02
202500.0 376 46.68 0.16 75982 10524.6 0.36 15662 2997.65 0.25 3538134 853435.28 20.43 370 61.81 0.25 75416 17195.89 20.43 4 6 300 900 1350 67500 22.0 22.8 22.18 0.02
203400.0 354 47.31 0.36 76336 10571.91 0.36 15630 2997.65 0.25 3553764 856432.93 20.43 350 61.82 0.25 75766 17257.72 20.43 4 6 300 904 1356 67800 22.0 22.8 22.18 0.02
204300.0 310 46.53 0.16 76646 10618.44 0.36 15601 2997.64 0.25 3569365 859430.56 20.43 310 61.8 0.25 76076 17319.51 20.43 4 6 300 908 1362 68100 22.0 22.6 22.07 0.01
205200.0 310 46.53 0.16 76956 10664.97 0.36 15600 2997.62 0.25 3584965 862428.18 20.43 310 61.79 0.25 76386 17381.31 20.43 4 6 300 912 1368 68400 22.0 22.6 22.06 0.01
206100.0 376 46.67 0.16 77332 10711.64 0.36 15659 2997.65 0.25 3600624 865425.83 20.43 370 61.81 0.25 76756 17443.12 20.43 4 6 300 916 1374 68700 22.0 22.6 22.06 0.01
207000.0 354 47.31 0.36 77686 10758.95 0.36 15626 2997.65 0.25 3616250 868423.48 20.43 350 61.82 0.25 77106 17504.94 20.43 4 6 300 920 1380 69000 22.0 22.6 22.06 0.01
207900.0 310 46.53 0.16 77996 10805.49 0.36 15598 2997.64 0.25 3631848 871421.12 20.43 310 61.8 0.25 77416 17566.74 20.43 4 6 300 924 1386 69300 22.0 22.2 22.02 0.0
208800.0 310 46.53 0.16 78306 10852.02 0.36 15592 2997.62 0.25 3647440 874418.73 20.43 310 61.79 0.25 77726 17628.53 20.43 4 6 300 928 1392 69600 22.0 22.2 22.02 0.0
209700.0 376 46.68 0.16 78682 10898.69 0.36 15652 2997.65 0.25 3663092 877416.38 20.43 370 61.81 0.25 78096 17690.34 20.43 4 6 300 932 1398 69900 22.0 22.2 22.02 0.0
210600.0 354 47.31 0.36 79036 10946.0 0.36 15619 2997.65 0.25 3678711 880414.03 20.43 350 61.82 0.25 78446 17752.16 20.43 4 6 300 936 1404 70200 22.0 22.2 22.02 0.0
211500.0 310 46.53 0.16 79346 10992.53 0.36 15575 2997.64 0.25 3694286 883411.67 20.43 310 61.8 0.25 78756 17813.96 20.43 4 6 300 940 1410 70500 22.0 22.0 22.0 0.0
212400.0 310 46.53 0.16 79656 11039.06 0.36 15575 2997.62 0.25 3709861 886409.28 20.43 310 61.79 0.25 79066 17875.75 20.43 4 6 300 944 1416 70800 22.0 22.0 22.0 0.0
213300.0 376 46.67 0.16 80032 11085.74 0.36 15631 2997.65 0.25 3725492 889406.93 20.43 370 61.81 0.25 79436 17937.56 20.43 4 6 300 948 1422 71100 22.0 22.0 22.0 0.0
214200.0 354 47.31 0.36 80386 11133.04 0.36 15604 2997.65 0.25 3741096 892404.58 20.43 350 61.82 0.25 79786 17999.39 20.43 4 6 300 952 1428 71400 22.0 22.0 22.0 0.0
215100.0 310 46.53 0.16 80696 11179.58 0.36 15563 2997.64 0.25 3756659 895402.21 20.43 310 61.8 0.25 80096 18061.18 20.43 4 6 300 956 1434 71700 22.0 22.0 22.0 0.0
216000.0 310 46.53 0.16 81006 11226.11 0.36 15557 2997.61 0.25 3772216 898399.83 20.43 310 61.79 0.25 80406 18122.98 20.43 4 6 300 960 1440 72000 22.0 22.0 22.0 0.0
216900.0 376 46.68 0.16 81382 11272.78 0.36 15614 2997.65 0.25 3787830 901397.48 20.43 370 61.81 0.25 80776 18184.79 20.43 4 6 300 964 1446 72300 22.0 22.0 22.0 0.0
217800.0 354 47.31 0.36 81736 11320.09 0.36 15594 2997.65 0.25 3803424 904395.12 20.43 350 61.82 0.25 81126 18246.61 20.43 4 6 300 968 1452 72600 22.0 22.0 22.0 0.0
218700.0 310 46.53 0.16 82046 11366.62 0.36 15549 2997.64 0.25 3818973 907392.76 20.43 310 61.8 0.25 81436 18308.41 20.43 4 6 300 972 1458 72900 22.0 22.0 22.0 0.0
219600.0 310 46.53 0.16 82356 11413.15 0.36 15545 2997.61 0.25 3834518 910390.38 20.43 310 61.79 0.25 81746 18370.2 20.43 4 6 300 976 1464 73200 22.0 22.0 22.0 0.0
220500.0 376 46.68 0.16 82732 11459.83 0.36 15600 2997.65 0.25 3850118 913388.03 20.43 370 61.81 0.25 82116 18432.01 20.43 4 6 300 980 1470 73500 22.0 22.0 22.0 0.0
221400.0 354 47.31 0.36 83086 11507.14 0.36 15578 3000.2 0.25 3865696 916388.23 20.43 350 61.87 0.25 82466 18493.88 20.43 4 6 300 984 1476 73800 22.0 22.0 22.0 0.0
222300.0 310 46.54 0.16 83396 11553.68 0.36 15641 3002.02 0.25 3881337 919390.25 20.43 310 61.87 0.25 82776 18555.75 20.43 4 6 300 988 1482 74100 19.8 22.0 21.11 0.09
223200.0 310 46.54 0.16 83706 11600.21 0.36 15665 3002.03 0.25 3897002 922392.28 20.43 310 61.87 0.25 83086 18617.62 20.43 4 6 300 992 1488 74400 19.8 22.0 20.55 0.16
224100.0 376 46.68 0.16 84082 11646.89 0.36 15725 3002.03 0.25 3912727 925394.31 20.43 370 61.88 0.25 83456 18679.5 20.43 4 6 300 996 1494 74700 19.8 21.8 20.53 0.15
225000.0 354 47.31 0.36 84436 11694.2 0.36 15705 3002.05 0.25 3928432 928396.36 20.43 350 61.91 0.25 83806 18741.41 20.43 4 6 300 1000 1500 75000 19.8 21.8 20.53 0.15
225900.0 310 46.54 0.16 84746 11740.74 0.36 15666 3002.42 0.25 3944098 931398.79 20.43 310 61.88 0.25 84116 18803.29 20.43 4 6 300 1004 1506 75300 19.8 21.7 20.48 0.13
226800.0 310 46.54 0.16 85056 11787.28 0.36 15667 3002.4 0.25 3959765 934401.18 20.43 310 61.88 0.25 84426 18865.17 20.43 4 6 300 1008 1512 75600 19.8 21.7 20.44 0.15
227700.0 376 46.68 0.16 85432 11833.95 0.36 15727 3002.44 0.25 3975492 937403.62 20.43 370 61.89 0.25 84796 18927.06 20.43 4 6 300 1012 1518 75900 19.8 21.7 20.44 0.15
228600.0 354 47.31 0.36 85786 11881.27 0.36 15702 3002.22 0.25 3991194 940405.84 20.43 350 61.9 0.25 85146 18988.97 20.43 4 6 300 1016 1524 76200 19.8 21.7 20.44 0.15
229500.0 310 46.54 0.16 86096 11927.8 0.36 15662 3001.28 0.25 4006856 943407.12 20.43 310 61.86 0.25 85456 19050.82 20.43 4 6 300 1020 1530 76500 19.8 21.6 20.44 0.14
230400.0 310 46.54 0.16 86406 11974.34 0.36 15662 3001.26 0.25 4022518 946408.39 20.43 310 61.85 0.25 85766 19112.68 20.43 4 6 300 1024 1536 76800 19.9 21.6 20.42 0.14
231300.0 376 46.68 0.16 86782 12021.01 0.36 15721 3001.29 0.25 4038239 949409.68 20.43 370 61.87 0.25 86136 19174.55 20.43 4 6 300 1028 1542 77100 19.8 21.6 20.42 0.14
232200.0 354 47.31 0.36 87136 12068.33 0.36 15699 3001.93 0.25 4053938 952411.61 20.43 350 61.9 0.25 86486 19236.44 20.43 4 6 300 1032 1548 77400 19.8 21.6 20.42 0.14
233100.0 310 46.54 0.16 87446 12114.86 0.36 15661 3002.85 0.25 4069599 955414.46 20.43 310 61.89 0.25 86796 19298.33 20.43 4 6 300 1036 1554 77700 19.8 21.5 20.47 0.15
234000.0 310 46.54 0.16 87756 12161.4 0.36 15659 3002.83 0.25 4085258 958417.29 20.43 310 61.88 0.25 87106 19360.22 20.43 4 6 300 1040 1560 78000 19.8 21.5 20.46 0.15
234900.0 376 46.68 0.16 88132 12208.08 0.36 15719 3002.86 0.25 4100977 961420.15 20.43 370 61.9 0.25 87476 19422.12 20.43 4 6 300 1044 1566 78300 19.8 21.5 20.46 0.15
235800.0 354 47.31 0.36 88486 12255.39 0.36 15692 3000.75 0.25 4116669 964420.9 20.43 350 61.87 0.25 87826 19483.99 20.43 4 6 300 1048 1572 78600 19.8 21.5 20.46 0.15
236700.0 310 46.53 0.16 88796 12301.92 0.36 15660 2999.89 0.25 4132329 967420.79 20.43 310 61.84 0.25 88136 19545.83 20.43 4 6 300 1052 1578 78900 19.8 21.4 20.51 0.15
237600.0 310 46.53 0.16 89106 12348.45 0.36 15659 2999.86 0.25 4147988 970420.65 20.43 310 61.84 0.25 88446 19607.67 20.43 4 6 300 1056 1584 79200 19.8 21.4 20.52 0.15
238500.0 376 46.67 0.16 89482 12395.13 0.36 15713 2999.9 0.25 4163701 973420.55 20.43 370 61.85 0.25 88816 19669.52 20.43 4 6 300 1060 1590 79500 19.7 21.4 20.52 0.15
239400.0 354 47.31 0.36 89836 12442.44 0.36 15681 3000.69 0.25 4179382 976421.24 20.43 350 61.89 0.25 89166 19731.41 20.43 4 6 300 1064 1596 79800 19.7 21.4 20.52 0.15
240300.0 310 46.53 0.16 90146 12488.97 0.36 15644 3000.66 0.25 4195026 979421.91 20.43 310 61.86 0.25 89476 19793.27 20.43 4 6 300 1068 1602 80100 19.7 21.6 20.56 0.16
241200.0 310 46.53 0.16 90456 12535.51 0.36 15637 3000.66 0.25 4210663 982422.57 20.43 310 61.86 0.25 89786 19855.12 20.43 4 6 300 1072 1608 80400 19.7 21.6 20.56 0.16
242100.0 376 46.68 0.16 90832 12582.19 0.36 15696 3000.67 0.25 4226359 985423.24 20.43 370 61.87 0.25 90156 19916.99 20.43 4 6 300 1076 1614 80700 19.7 21.6 20.56 0.16
243000.0 354 47.31 0.36 91186 12629.5 0.36 15661 3001.01 0.25 4242020 988424.26 20.43 350 61.89 0.25 90506 19978.88 20.43 4 6 300 1080 1620 81000 19.7 21.6 20.56 0.16
243900.0 310 46.54 0.16 91496 12676.03 0.36 15646 3001.23 0.25 4257666 991425.49 20.43 310 61.86 0.25 90816 20040.74 20.43 4 6 300 1084 1626 81300 19.7 21.8 20.61 0.18
244800.0 310 46.54 0.16 91806 12722.57 0.36 15640 3001.21 0.25 4273306 994426.7 20.43 310 61.85 0.25 91126 20102.59 20.43 4 6 300 1088 1632 81600 19.7 21.8 20.61 0.18
245700.0 376 46.68 0.16 92182 12769.25 0.36 15700 3001.24 0.25 4289006 997427.94 20.43 370 61.87 0.25 91496 20164.46 20.43 4 6 300 1092 1638 81900 19.6 21.8 20.61 0.18
246600.0 354 47.31 0.36 92536 12816.56 0.36 15652 3000.72 0.25 4304658 1000428.66 20.43 350 61.88 0.25 91846 20226.34 20.43 4 6 300 1096 1644 82200 19.6 21.8 20.61 0.18
247500.0 310 46.53 0.16 92846 12863.09 0.36 15629 3000.25 0.25 4320287 1003428.91 20.43 310 61.84 0.25 92156 20288.17 20.43 4 6 300 1100 1650 82500 19.6 21.9 20.6 0.19
248400.0 310 46.53 0.16 93156 12909.63 0.36 15630 3000.26 0.25 4335917 1006429.16 20.43 310 61.84 0.25 92466 20350.01 20.43 4 6 300 1104 1656 82800 19.6 21.9 20.6 0.2
249300.0 376 46.68 0.16 93532 12956.31 0.36 15684 3000.26 0.25 4351601 1009429.42 20.43 370 61.85 0.25 92836 20411.86 20.43 4 6 300 1108 1662 83100 19.5 21.9 20.6 0.2
250200.0 354 47.31 0.36 93886 13003.62 0.36 15641 3000.66 0.25 4367242 1012430.08 20.43 350 61.87 0.25 93186 20473.73 20.43 4 6 300 1112 1668 83400 19.5 21.9 20.6 0.2
251100.0 310 46.53 0.16 94196 13050.15 0.36 15625 3000.61 0.25 4382867 1015430.69 20.43 310 61.84 0.25 93496 20535.57 20.43 4 6 300 1116 1674 83700 19.5 22.0 20.57 0.21
252000.0 310 46.53 0.16 94506 13096.69 0.36 15635 3000.59 0.25 4398502 1018431.28 20.43 310 61.84 0.25 93806 20597.41 20.43 4 6 300 1120 1680 84000 19.5 22.0 20.54 0.23
252900.0 376 46.68 0.16 94882 13143.37 0.36 15694 3000.62 0.25 4414196 1021431.9 20.43 370 61.85 0.25 94176 20659.27 20.43 4 6 300 1124 1686 84300 19.5 22.0 20.53 0.24
253800.0 354 47.31 0.36 95236 13190.68 0.36 15653 3000.31 0.25 4429849 1024432.21 20.43 350 61.87 0.25 94526 20721.14 20.43 4 6 300 1128 1692 84600 19.5 22.0 20.53 0.24
254700.0 310 46.53 0.16 95546 13237.21 0.36 15659 3000.76 0.25 4445508 1027432.97 20.43 310 61.85 0.25 94836 20782.98 20.43 4 6 300 1132 1698 84900 19.5 21.8 20.41 0.24
255600.0 310 46.53 0.16 95856 13283.75 0.36 15665 3000.74 0.25 4461173 1030433.72 20.43 310 61.84 0.25 95146 20844.83 20.43 4 6 300 1136 1704 85200 19.5 21.8 20.37 0.25
256500.0 376 46.68 0.16 96232 13330.42 0.36 15725 3000.77 0.25 4476898 1033434.49 20.43 370 61.86 0.25 95516 20906.68 20.43 4 6 300 1140 1710 85500 19.3 21.8 20.37 0.26
257400.0 354 47.31 0.36 96586 13377.74 0.36 15668 3000.88 0.25 4492566 1036435.36 20.43 350 61.88 0.25 95866 20968.56 20.43 4 6 300 1144 1716 85800 19.3 21.8 20.37 0.26
258300.0 310 46.54 0.16 96896 13424.27 0.36 15672 3001.87 0.25 4508238 1039437.23 20.43 310 61.87 0.25 96176 21030.43 20.43 4 6 300 1148 1722 86100 19.3 21.8 20.19 0.24
259200.0 310 46.54 0.16 97206 13470.81 0.36 15675 3001.84 0.25 4523913 1042439.08 20.43 310 61.87 0.25 96486 21092.29 20.43 4 6 300 1152 1728 86400 19.3 21.6 20.12 0.28
260100.0 376 46.68 0.16 97582 13517.49 0.36 15735 3001.88 0.25 4539648 1045440.96 20.43 370 61.88 0.25 96856 21154.17 20.43 4 6 300 1156 1734 86700 19.2 21.6 20.12 0.28
261000.0 356 47.39 0.36 97938 13564.87 0.36 16024 166922.07 20.43 4555672 1212363.03 20.43 352 3255.06 20.43 97208 24409.24 20.43 4 6 300 1160 1740 87000 19.2 21.6 20.12 0.28
261900.0 310 46.53 0.16 98248 13611.4 0.36 15691 2998.12 0.25 4571363 1215361.15 20.43 310 61.82 0.25 97518 24471.06 20.43 4 6 300 1164 1746 87300 18.9 21.6 19.65 0.19
262800.0 310 46.53 0.16 98558 13657.94 0.36 15690 2998.09 0.25 4587053 1218359.24 20.43 310 61.82 0.25 97828 24532.88 20.43 4 6 300 1168 1752 87600 18.9 20.8 19.59 0.24
263700.0 376 46.68 0.16 98934 13704.61 0.36 15750 2998.13 0.25 4602803 1221357.37 20.43 370 61.83 0.25 98198 24594.71 20.43 4 6 300 1172 1758 87900 18.9 20.8 19.59 0.24
264600.0 356 47.4 0.36 99290 13752.01 0.36 16037 166751.84 20.41 4618840 1388109.2 20.43 352 3252.36 20.41 98550 27847.07 20.43 4 6 300 1176 1764 88200 18.9 20.8 19.59 0.24
265500.0 310 46.56 0.16 99600 13798.58 0.36 15725 3035.43 0.26 4634565 1391144.63 20.43 310 62.58 0.26 98860 27909.65 20.43 4 6 300 1180 1770 88500 17.3 20.2 18.13 0.14
266400.0 310 46.56 0.16 99910 13845.14 0.36 15745 3035.4 0.26 4650310 1394180.03 20.43 310 62.58 0.26 99170 27972.23 20.43 4 6 300 1184 1776 88800 17.3 18.9 17.8 0.03
267300.0 376 46.71 0.16 100286 13891.85 0.36 15805 3035.44 0.26 4666115 1397215.47 20.43 370 62.59 0.26 99540 28034.82 20.43 4 6 300 1188 1782 89100 17.3 18.8 17.8 0.02
268200.0 356 47.42 0.36 100642 13939.26 0.36 16095 166599.55 20.41 4682210 1563815.02 20.43 352 3250.4 20.41 99892 31285.23 20.43 4 6 300 1192 1788 89400 17.3 18.8 17.8 0.02
269100.0 310 46.56 0.16 100952 13985.83 0.36 15733 3032.52 0.26 4697943 1566847.54 20.43 310 62.54 0.26 100202 31347.77 20.43 4 6 300 1196 1794 89700 17.3 18.7 17.77 0.02
270000.0 310 46.56 0.16 101262 14032.39 0.36 15734 3032.45 0.26 4713677 1569879.99 20.43 310 62.54 0.26 100512 31410.31 20.43 4 6 300 1200 1800 90000 17.3 18.7 17.75 0.02
270900.0 376 46.71 0.16 101638 14079.09 0.36 15794 3032.53 0.26 4729471 1572912.52 20.43 370 62.55 0.26 100882 31472.86 20.43 4 6 300 1204 1806 90300 17.3 18.7 17.75 0.02
271800.0 354 47.34 0.36 101992 14126.43 0.36 15772 3031.48 0.26 4745243 1575943.99 20.43 350 62.55 0.26 101232 31535.41 20.43 4 6 300 1208 1812 90600 17.3 18.7 17.75 0.02
272700.0 310 46.56 0.16 102302 14172.99 0.36 15732 3031.5 0.26 4760975 1578975.49 20.43 310 62.52 0.26 101542 31597.93 20.43 4 6 300 1212 1818 90900 17.3 18.6 17.74 0.02
273600.0 310 46.56 0.16 102612 14219.55 0.36 15732 3031.44 0.26 4776707 1582006.93 20.43 310 62.52 0.26 101852 31660.45 20.43 4 6 300 1216 1824 91200 17.3 18.6 17.73 0.02
274500.0 376 46.7 0.16 102988 14266.26 0.36 15787 3031.51 0.26 4792494 1585038.45 20.43 370 62.53 0.26 102222 31722.98 20.43 4 6 300 1220 1830 91500 17.3 18.6 17.73 0.02
275400.0 354 47.34 0.36 103342 14313.6 0.36 15766 3035.56 0.26 4808260 1588074.01 20.43 350 62.63 0.26 102572 31785.61 20.43 4 6 300 1224 1836 91800 17.3 18.6 17.73 0.02
276300.0 310 46.56 0.16 103652 14360.16 0.36 15726 3031.81 0.26 4823986 1591105.82 20.43 310 62.53 0.26 102882 31848.14 20.43 4 6 300 1228 1842 92100 17.3 18.5 17.71 0.02
277200.0 310 46.56 0.16 103962 14406.72 0.36 15726 3031.75 0.26 4839712 1594137.57 20.43 310 62.53 0.26 103192 31910.67 20.43 4 6 300 1232 1848 92400 17.3 18.5 17.7 0.02
278100.0 376 46.7 0.16 104338 14453.42 0.36 15786 3031.82 0.26 4855498 1597169.39 20.43 370 62.54 0.26 103562 31973.2 20.43 4 6 300 1236 1854 92700 17.3 18.5 17.7 0.02
279000.0 354 47.34 0.36 104692 14500.76 0.36 15764 3028.7 0.26 4871262 1600198.09 20.43 350 62.49 0.26 103912 32035.7 20.43 4 6 300 1240 1860 93000 17.3 18.5 17.7 0.02
279900.0 310 46.56 0.16 105002 14547.32 0.36 15722 3032.51 0.26 4886984 1603230.6 20.43 310 62.54 0.26 104222 32098.24 20.43 4 6 300 1244 1866 93300 17.3 18.4 17.69 0.02
280800.0 310 46.56 0.16 105312 14593.88 0.36 15725 3032.45 0.26 4902709 1606263.06 20.43 310 62.54 0.26 104532 32160.78 20.43 4 6 300 1248 1872 93600 17.3 18.4 17.68 0.02
281700.0 376 46.71 0.16 105688 14640.58 0.36 15784 3032.53 0.26 4918493 1609295.58 20.43 370 62.55 0.26 104902 32223.33 20.43 4 6 300 1252 1878 93900 17.3 18.4 17.68 0.02
282600.0 354 47.34 0.36 106042 14687.92 0.36 15759 3029.52 0.26 4934252 1612325.11 20.43 350 62.51 0.26 105252 32285.84 20.43 4 6 300 1256 1884 94200 17.3 18.4 17.68 0.02
283500.0 310 46.56 0.16 106352 14734.48 0.36 15718 3023.1 0.25 4949970 1615348.21 20.43 310 62.35 0.25 105562 32348.19 20.43 4 6 300 1260 1890 94500 17.3 18.3 17.67 0.01
284400.0 310 46.56 0.16 106662 14781.03 0.36 15719 3023.06 0.25 4965689 1618371.26 20.43 310 62.35 0.25 105872 32410.54 20.43 4 6 300 1264 1896 94800 17.3 18.3 17.67 0.01
285300.0 376 46.7 0.16 107038 14827.73 0.36 15779 3023.11 0.25 4981468 1621394.37 20.43 370 62.36 0.25 106242 32472.91 20.43 4 6 300 1268 1902 95100 17.3 18.3 17.67 0.01
286200.0 354 47.33 0.36 107392 14875.07 0.36 15757 3025.04 0.26 4997225 1624419.41 20.43 350 62.42 0.26 106592 32535.33 20.43 4 6 300 1272 1908 95400 17.3 18.3 17.67 0.01
287100.0 310 46.56 0.16 107702 14921.63 0.36 15711 3027.72 0.26 5012936 1627447.13 20.43 310 62.44 0.26 106902 32597.77 20.43 4 6 300 1276 1914 95700 17.3 18.2 17.66 0.01
288000.0 310 46.56 0.16 108012 14968.18 0.36 15710 3027.66 0.26 5028646 1630474.79 20.43 310 62.44 0.26 107212 32660.22 20.43 4 6 300 1280 1920 96000 17.3 18.2 17.66 0.01
288900.0 376 46.7 0.16 108388 15014.89 0.36 15770 3027.73 0.26 5044416 1633502.52 20.43 370 62.46 0.26 107582 32722.67 20.43 4 6 300 1284 1926 96300 17.3 18.2 17.66 0.01
289800.0 354 47.34 0.36 108742 15062.22 0.36 15746 3031.78 0.26 5060162 1636534.3 20.43 350 62.56 0.26 107932 32785.23 20.43 4 6 300 1288 1932 96600 17.3 18.2 17.66 0.01
290700.0 310 46.56 0.16 109052 15108.79 0.36 15713 3035.59 0.26 5075875 1639569.89 20.43 310 62.6 0.26 108242 32847.83 20.43 4 6 300 1292 1938 96900 17.3 18.2 17.66 0.01
291600.0 310 46.56 0.16 109362 15155.35 0.36 15716 3035.53 0.26 5091591 1642605.42 20.43 310 62.6 0.26 108552 32910.43 20.43 4 6 300 1296 1944 97200 17.3 18.1 17.65 0.01
292500.0 376 46.71 0.16 109738 15202.06 0.36 15772 3035.6 0.26 5107363 1645641.02 20.43 370 62.61 0.26 108922 32973.05 20.43 4 6 300 1300 1950 97500 17.3 18.1 17.65 0.01
293400.0 354 47.34 0.36 110092 15249.4 0.36 15745 3029.13 0.26 5123108 1648670.15 20.43 350 62.5 0.26 109272 33035.55 20.43 4 6 300 1304 1956 97800 17.3 18.1 17.65 0.01
294300.0 310 46.56 0.16 110402 15295.96 0.36 15707 3029.16 0.26 5138815 1651699.32 20.43 310 62.47 0.26 109582 33098.02 20.43 4 6 300 1308 1962 98100 17.3 18.1 17.66 0.01
295200.0 310 46.56 0.16 110712 15342.52 0.36 15705 3029.1 0.26 5154520 1654728.42 20.43 310 62.47 0.26 109892 33160.49 20.43 4 6 300 1312 1968 98400 17.4 18.0 17.66 0.01
296100.0 376 46.7 0.16 111088 15389.22 0.36 15765 3029.18 0.26 5170285 1657757.59 20.43 370 62.49 0.26 110262 33222.98 20.43 4 6 300 1316 1974 98700 17.4 18.0 17.66 0.01
297000.0 354 47.34 0.36 111442 15436.56 0.36 15739 3035.56 0.26 5186024 1660793.15 20.43 350 62.63 0.26 110612 33285.61 20.43 4 6 300 1320 1980 99000 17.4 18.0 17.66 0.01
297900.0 310 46.56 0.16 111752 15483.12 0.36 15696 3035.59 0.26 5201720 1663828.74 20.43 310 62.6 0.26 110922 33348.22 20.43 4 6 300 1324 1986 99300 17.4 18.0 17.66 0.01
298800.0 310 46.56 0.16 112062 15529.69 0.36 15697 3035.53 0.26 5217417 1666864.27 20.43 310 62.6 0.26 111232 33410.82 20.43 4 6 300 1328 1992 99600 17.4 18.0 17.66 0.01
299700.0 376 46.71 0.16 112438 15576.4 0.36 15757 3035.6 0.26 5233174 1669899.87 20.43 370 62.61 0.26 111602 33473.43 20.43 4 6 300 1332 1998 99900 17.4 18.0 17.66 0.01
300600.0 354 47.34 0.36 112792 15623.74 0.36 15733 3035.56 0.26 5248907 1672935.43 20.43 350 62.63 0.26 111952 33536.06 20.43 4 6 300 1336 2004 100200 17.4 18.0 17.66 0.01
301500.0 310 46.56 0.16 113102 15670.3 0.36 15698 3029.31 0.26 5264605 1675964.74 20.43 310 62.48 0.26 112262 33598.54 20.43 4 6 300 1340 2010 100500 17.4 18.0 17.67 0.01
302400.0 310 46.56 0.16 113412 15716.86 0.36 15700 3029.26 0.26 5280305 1678994.0 20.43 310 62.48 0.26 112572 33661.02 20.43 4 6 300 1344 2016 100800 17.4 17.9 17.67 0.01
303300.0 376 46.7 0.16 113788 15763.56 0.36 15755 3029.32 0.26 5296060 1682023.33 20.43 370 62.49 0.26 112942 33723.5 20.43 4 6 300 1348 2022 101100 17.4 17.9 17.67 0.01
304200.0 354 47.33 0.36 114142 15810.9 0.36 15729 3026.21 0.26 5311789 1685049.54 20.43 350 62.44 0.26 113292 33785.95 20.43 4 6 300 1352 2028 101400 17.4 17.9 17.67 0.01
305100.0 310 46.56 0.16 114452 15857.46 0.36 15690 3032.51 0.26 5327479 1688082.05 20.43 310 62.54 0.26 113602 33848.49 20.43 4 6 300 1356 2034 101700 17.4 17.9 17.67 0.01
306000.0 310 46.56 0.16 114762 15904.02 0.36 15691 3032.45 0.26 5343170 1691114.51 20.43 310 62.54 0.26 113912 33911.03 20.43 4 6 300 1360 2040 102000 17.4 17.8 17.67 0.01
306900.0 376 46.71 0.16 115138 15950.72 0.36 15751 3032.53 0.26 5358921 1694147.03 20.43 370 62.55 0.26 114282 33973.58 20.43 4 6 300 1364 2046 102300 17.4 17.9 17.67 0.01
307800.0 354 47.34 0.36 115492 15998.06 0.36 15727 3035.56 0.26 5374648 1697182.59 20.43 350 62.63 0.26 114632 34036.21 20.43 4 6 300 1368 2052 102600 17.4 17.9 17.67 0.01
308700.0 310 46.56 0.16 115802 16044.63 0.36 15697 3035.59 0.26 5390345 1700218.18 20.43 310 62.6 0.26 114942 34098.82 20.43 4 6 300 1372 2058 102900 17.4 17.9 17.69 0.01
309600.0 310 46.56 0.16 116112 16091.19 0.36 15703 3035.53 0.26 5406048 1703253.71 20.43 310 62.6 0.26 115252 34161.42 20.43 4 6 300 1376 2064 103200 17.4 17.9 17.69 0.01
310500.0 376 46.71 0.16 116488 16137.9 0.36 15762 3035.6 0.26 5421810 1706289.31 20.43 370 62.61 0.26 115622 34224.03 20.43 4 6 300 1380 2070 103500 17.4 17.9 17.69 0.01
311400.0 354 47.34 0.36 116842 16185.24 0.36 15725 3029.13 0.26 5437535 1709318.45 20.43 350 62.5 0.26 115972 34286.53 20.43 4 6 300 1384 2076 103800 17.4 17.9 17.69 0.01
312300.0 310 46.56 0.16 117152 16231.8 0.36 15686 3029.16 0.26 5453221 1712347.61 20.43 310 62.47 0.26 116282 34349.01 20.43 4 6 300 1388 2082 104100 17.4 18.0 17.7 0.01
313200.0 310 46.56 0.16 117462 16278.36 0.36 15685 3029.1 0.26 5468906 1715376.71 20.43 310 62.47 0.26 116592 34411.48 20.43 4 6 300 1392 2088 104400 17.4 18.0 17.7 0.01
314100.0 376 46.7 0.16 117838 16325.06 0.36 15742 3029.18 0.26 5484648 1718405.89 20.43 370 62.49 0.26 116962 34473.97 20.43 4 6 300 1396 2094 104700 17.3 18.0 17.7 0.01
315000.0 354 47.34 0.36 118192 16372.4 0.36 15712 3035.56 0.26 5500360 1721441.44 20.43 350 62.63 0.26 117312 34536.6 20.43 4 6 300 1400 2100 105000 17.3 18.0 17.7 0.01
315900.0 310 46.56 0.16 118502 16418.96 0.36 15676 3031.81 0.26 5516036 1724473.25 20.43 310 62.53 0.26 117622 34599.12 20.43 4 6 300 1404 2106 105300 17.3 18.1 17.71 0.02
316800.0 310 46.56 0.16 118812 16465.52 0.36 15673 3031.75 0.26 5531709 1727505.0 20.43 310 62.53 0.26 117932 34661.65 20.43 4 6 300 1408 2112 105600 17.3 18.1 17.72 0.02
317700.0 376 46.7 0.16 119188 16512.23 0.36 15731 3031.82 0.26 5547440 1730536.82 20.43 370 62.54 0.26 118302 34724.19 20.43 4 6 300 1412 2118 105900 17.3 18.1 17.72 0.02
318600.0 354 47.34 0.36 119542 16559.56 0.36 15697 3031.78 0.26 5563137 1733568.6 20.43 350 62.56 0.26 118652 34786.74 20.43 4 6 300 1416 2124 106200 17.3 18.1 17.72 0.02
319500.0 310 46.56 0.16 119852 16606.13 0.36 15661 3035.59 0.26 5578798 1736604.19 20.43 310 62.6 0.26 118962 34849.35 20.43 4 6 300 1420 2130 106500 17.3 18.2 17.73 0.02
320400.0 310 46.56 0.16 120162 16652.69 0.36 15661 3035.53 0.26 5594459 1739639.72 20.43 310 62.6 0.26 119272 34911.95 20.43 4 6 300 1424 2136 106800 17.3 18.2 17.73 0.02
321300.0 376 46.71 0.16 120538 16699.4 0.36 15717 3035.6 0.26 5610176 1742675.32 20.43 370 62.61 0.26 119642 34974.56 20.43 4 6 300 1428 2142 107100 17.3 18.2 17.73 0.02
322200.0 354 47.33 0.36 120892 16746.73 0.36 15685 3024.49 0.26 5625861 1745699.81 20.43 350 62.41 0.26 119992 35036.97 20.43 4 6 300 1432 2148 107400 17.3 18.2 17.73 0.02
323100.0 310 46.55 0.16 121202 16793.28 0.36 15658 3018.78 0.25 5641519 1748718.59 20.43 310 62.27 0.25 120302 35099.24 20.43 4 6 300 1436 2154 107700 17.3 18.2 17.74 0.02
324000.0 310 46.55 0.16 121512 16839.84 0.36 15657 3018.7 0.25 5657176 1751737.29 20.43 310 62.27 0.25 120612 35161.51 20.43 4 6 300 1440 2160 108000 17.3 18.2 17.74 0.02
324900.0 376 46.69 0.16 121888 16886.53 0.36 15714 3018.79 0.25 5672890 1754756.08 20.43 370 62.29 0.25 120982 35223.8 20.43 4 6 300 1444 2166 108300 17.3 18.2 17.74 0.02
325800.0 354 47.34 0.36 122242 16933.87 0.36 15682 3029.29 0.26 5688572 1757785.37 20.43 350 62.51 0.26 121332 35286.3 20.43 4 6 300 1448 2172 108600 17.3 18.2 17.74 0.02
326700.0 310 46.56 0.16 122552 16980.43 0.36 15650 3035.59 0.26 5704222 1760820.95 20.43 310 62.6 0.26 121642 35348.91 20.43 4 6 300 1452 2178 108900 17.3 18.3 17.76 0.03
327600.0 310 46.56 0.16 122862 17027.0 0.36 15653 3035.53 0.26 5719875 1763856.48 20.43 310 62.6 0.26 121952 35411.51 20.43 4 6 300 1456 2184 109200 17.3 18.3 17.76 0.03
328500.0 376 46.71 0.16 123238 17073.7 0.36 15709 3035.6 0.26 5735584 1766892.08 20.43 370 62.61 0.26 122322 35474.12 20.43 4 6 300 1460 2190 109500 17.2 18.3 17.76 0.03
329400.0 354 47.34 0.36 123592 17121.04 0.36 15674 3035.56 0.26 5751258 1769927.64 20.43 350 62.63 0.26 122672 35536.76 20.43 4 6 300 1464 2196 109800 17.2 18.3 17.76 0.03
330300.0 310 46.56 0.16 123902 17167.61 0.36 15636 3035.59 0.26 5766894 1772963.23 20.43 310 62.6 0.26 122982 35599.36 20.43 4 6 300 1468 2202 110100 17.2 18.4 17.77 0.03
331200.0 310 46.56 0.16 124212 17214.17 0.36 15633 3035.53 0.26 5782527 1775998.76 20.43 310 62.6 0.26 123292 35661.96 20.43 4 6 300 1472 2208 110400 17.2 18.4 17.77 0.04
332100.0 376 46.71 0.16 124588 17260.88 0.36 15690 3035.6 0.26 5798217 1779034.36 20.43 370 62.61 0.26 123662 35724.57 20.43 4 6 300 1476 2214 110700 17.2 18.4 17.77 0.04
333000.0 354 47.34 0.36 124942 17308.22 0.36 15636 3032.48 0.26 5813853 1782066.84 20.43 350 62.57 0.26 124012 35787.14 20.43 4 6 300 1480 2220 111000 17.2 18.4 17.77 0.04
333900.0 310 46.56 0.16 125252 17354.78 0.36 15596 3032.51 0.26 5829449 1785099.36 20.43 310 62.54 0.26 124322 35849.68 20.43 4 6 300 1484 2226 111300 17.2 18.5 17.78 0.04
334800.0 310 46.56 0.16 125562 17401.34 0.36 15596 3032.45 0.26 5845045 1788131.81 20.43 310 62.54 0.26 124632 35912.22 20.43 4 6 300 1488 2232 111600 17.2 18.5 17.78 0.04
335700.0 376 46.71 0.16 125938 17448.05 0.36 15650 3032.53 0.26 5860695 1791164.33 20.43 370 62.55 0.26 125002 35974.78 20.43 4 6 300 1492 2238 111900 17.2 18.5 17.78 0.04
336600.0 354 47.34 0.36 126292 17495.39 0.36 15609 3035.56 0.26 5876304 1794199.89 20.43 350 62.63 0.26 125352 36037.41 20.43 4 6 300 1496 2244 112200 17.2 18.5 17.78 0.04
337500.0 310 46.56 0.16 126602 17541.95 0.36 15577 3035.59 0.26 5891881 1797235.48 20.43 310 62.6 0.26 125662 36100.01 20.43 4 6 300 1500 2250 112500 17.2 18.5 17.79 0.04
338400.0 310 46.56 0.16 126912 17588.51 0.36 15579 3035.53 0.26 5907460 1800271.01 20.43 310 62.6 0.26 125972 36162.61 20.43 4 6 300 1504 2256 112800 17.2 18.5 17.8 0.05
339300.0 376 46.71 0.16 127288 17635.22 0.36 15631 3035.6 0.26 5923091 1803306.61 20.43 370 62.61 0.26 126342 36225.23 20.43 4 6 300 1508 2262 113100 17.2 18.5 17.8 0.05
340200.0 354 47.34 0.36 127642 17682.56 0.36 15585 3031.47 0.26 5938676 1806338.08 20.43 350 62.55 0.26 126692 36287.78 20.43 4 6 300 1512 2268 113400 17.2 18.5 17.8 0.05
341100.0 310 46.56 0.16 127952 17729.12 0.36 15540 3031.5 0.26 5954216 1809369.58 20.43 310 62.52 0.26 127002 36350.3 20.43 4 6 300 1516 2274 113700 17.2 18.5 17.8 0.05
342000.0 310 46.56 0.16 128262 17775.68 0.36 15533 3031.44 0.26 5969749 1812401.02 20.43 310 62.52 0.26 127312 36412.82 20.43 4 6 300 1520 2280 114000 17.2 18.5 17.8 0.05
342900.0 376 46.7 0.16 128638 17822.38 0.36 15586 3031.51 0.26 5985335 1815432.53 20.43 370 62.53 0.26 127682 36475.35 20.43 4 6 300 1524 2286 114300 17.2 18.5 17.8 0.05
343800.0 354 47.33 0.36 128992 17869.72 0.36 15548 3027.01 0.26 6000883 1818459.53 20.43 350 62.46 0.26 128032 36537.81 20.43 4 6 300 1528 2292 114600 17.2 18.5 17.8 0.05
344700.0 310 46.56 0.16 129302 17916.28 0.36 15512 3027.04 0.26 6016395 1821486.57 20.43 310 62.43 0.26 128342 36600.24 20.43 4 6 300 1532 2298 114900 17.2 18.6 17.81 0.05
345600.0 310 46.56 0.16 129612 17962.84 0.36 15510 3026.98 0.26 6031905 1824513.55 20.43 310 62.43 0.26 128652 36662.67 20.43 4 6 300 1536 2304 115200 17.2 18.6 17.81 0.05
