# seed = 6, gamma = 0.33, beta = 1.0, dee = 10.0, dcc = 25.0, dec = 1000.0, dsCnd = 500.0, dLocalhost = 0.02, hostBroker = EDGE 
#
# The columns have the following meaning: 
# instant[SECONDS] commCountUploadPartial delaySumUploadPartial[SECONDS] delayMaxUploadPartial[SECONDS] commCountUploadTot delaySumUploadTot[SECONDS] delayMaxUploadTot[SECONDS] commCountDownloadPartial delaySumDownloadPartial[SECONDS] delayMaxDownloadPartial[SECONDS] commCountDownloadTot delaySumDownloadTot[SECONDS] delayMaxDownloadTot[SECONDS] commCountDownloadMaxPartial delaySumDownloadMaxPartial[SECONDS] delayMaxDownloadMaxPartial[SECONDS] commCountDownloadMaxTot delaySumDownloadMaxTot[SECONDS] delayMaxDownloadMaxTot[SECONDS] runOnCloudPartial runOnEdgePartial runOnSmartphonePartial runOnCloudTot runOnEdgeTot runOnSmartphoneTot minTemp maxTemp avgTemp varianceTemp
0.0 0 0.0 0.0 0 0.0 0.0 0 0.0 0.0 0 0.0 0.0 0 0.0 0.0 0 0.0 0.0 0 0 0 0 0 0 17.0 25.0 21.0 0.0
900.0 376 161.32 1.0 376 161.32 1.0 15589 8562.06 1.1 15589 8562.06 1.1 370 277.19 1.1 370 277.19 1.1 7 3 300 7 3 300 18.9 21.0 19.45 0.85
1800.0 356 163.05 1.0 732 324.37 1.0 15876 189777.09 20.99 31465 198339.14 20.99 352 3874.24 20.99 722 4151.43 20.99 7 3 300 14 6 600 18.9 18.9 18.9 0.0
2700.0 310 161.22 1.0 1042 485.59 1.0 15534 8615.06 1.1 46999 206954.2 20.99 310 275.32 1.1 1032 4426.75 20.99 7 3 300 21 9 900 17.7 18.9 18.44 0.03
3600.0 310 161.22 1.0 1352 646.81 1.0 15534 8615.01 1.1 62533 215569.21 20.99 310 275.33 1.1 1342 4702.08 20.99 7 3 300 28 12 1200 17.7 18.9 18.24 0.06
4500.0 376 161.36 1.0 1728 808.17 1.0 15589 8618.07 1.1 78122 224187.29 20.99 370 278.33 1.1 1712 4980.41 20.99 7 3 300 35 15 1500 17.6 18.7 18.23 0.06
5400.0 356 163.06 1.0 2084 971.23 1.0 15904 15024.73 21.06 94026 239212.02 21.06 352 299.45 21.06 2064 5279.86 21.06 7 3 300 42 18 1800 17.6 18.7 18.23 0.06
6300.0 310 161.23 1.0 2394 1132.46 1.0 15580 8659.0 1.1 109606 247871.02 21.06 310 274.41 1.1 2374 5554.27 21.06 7 3 300 49 21 2100 17.6 18.7 18.23 0.05
7200.0 310 161.23 1.0 2704 1293.68 1.0 15584 8658.96 1.1 125190 256529.99 21.06 310 274.41 1.1 2684 5828.68 21.06 7 3 300 56 24 2400 17.6 18.7 18.25 0.04
8100.0 376 161.37 1.0 3080 1455.05 1.0 15641 8662.02 1.1 140831 265192.0 21.06 370 277.41 1.1 3054 6106.09 21.06 7 3 300 63 27 2700 17.6 18.7 18.25 0.04
9000.0 356 163.06 1.0 3436 1618.11 1.0 15934 15043.01 21.08 156765 280235.01 21.08 352 299.31 21.08 3406 6405.39 21.08 7 3 300 70 30 3000 17.6 18.7 18.25 0.04
9900.0 310 161.22 1.0 3746 1779.33 1.0 15589 8665.14 1.1 172354 288900.14 21.08 310 274.81 1.1 3716 6680.21 21.08 7 3 300 77 33 3300 17.6 18.7 18.23 0.04
10800.0 310 161.22 1.0 4056 1940.55 1.0 15590 8665.14 1.1 187944 297565.28 21.08 310 274.81 1.1 4026 6955.02 21.08 7 3 300 84 36 3600 17.6 18.7 18.16 0.05
11700.0 376 161.36 1.0 4432 2101.92 1.0 15649 8668.15 1.1 203593 306233.44 21.08 370 277.81 1.1 4396 7232.84 21.08 7 3 300 91 39 3900 17.6 18.7 18.16 0.05
12600.0 354 162.0 1.0 4786 2263.92 1.0 15620 8674.27 1.1 219213 314907.71 21.08 350 278.92 1.1 4746 7511.76 21.08 7 3 300 98 42 4200 17.6 18.7 18.16 0.05
13500.0 310 161.23 1.0 5096 2425.14 1.0 15547 8670.28 1.1 234760 323577.99 21.08 310 274.92 1.1 5056 7786.67 21.08 7 3 300 105 45 4500 17.6 18.7 18.14 0.05
14400.0 310 161.23 1.0 5406 2586.37 1.0 15544 8670.27 1.1 250304 332248.26 21.08 310 274.92 1.1 5366 8061.59 21.08 7 3 300 112 48 4800 17.6 18.7 18.14 0.05
15300.0 376 161.37 1.0 5782 2747.74 1.0 15602 8673.28 1.1 265906 340921.55 21.08 370 277.92 1.1 5736 8339.51 21.08 7 3 300 119 51 5100 17.6 18.7 18.14 0.05
16200.0 354 162.0 1.0 6136 2909.74 1.0 15577 8673.8 1.1 281483 349595.35 21.08 350 278.91 1.1 6086 8618.42 21.08 7 3 300 126 54 5400 17.6 18.7 18.14 0.05
17100.0 310 161.22 1.0 6446 3070.96 1.0 15541 8660.07 1.1 297024 358255.42 21.08 310 274.72 1.1 6396 8893.14 21.08 7 3 300 133 57 5700 17.6 18.7 18.12 0.04
18000.0 310 161.22 1.0 6756 3232.17 1.0 15543 8659.98 1.1 312567 366915.4 21.08 310 274.72 1.1 6706 9167.85 21.08 7 3 300 140 60 6000 17.6 18.7 18.11 0.04
18900.0 376 161.36 1.0 7132 3393.54 1.0 15598 8663.06 1.1 328165 375578.46 21.08 370 277.72 1.1 7076 9445.58 21.08 7 3 300 147 63 6300 17.6 18.6 18.11 0.04
19800.0 354 162.0 1.0 7486 3555.53 1.0 15574 8665.36 1.1 343739 384243.82 21.08 350 278.75 1.1 7426 9724.32 21.08 7 3 300 154 66 6600 17.6 18.6 18.11 0.04
20700.0 310 161.22 1.0 7796 3716.75 1.0 15540 8666.33 1.1 359279 392910.16 21.08 310 274.84 1.1 7736 9999.16 21.08 7 3 300 161 69 6900 17.6 18.6 18.08 0.03
21600.0 310 161.22 1.0 8106 3877.97 1.0 15540 8666.33 1.1 374819 401576.49 21.08 310 274.84 1.1 8046 10274.0 21.08 7 3 300 168 72 7200 17.6 18.6 18.08 0.03
22500.0 376 161.36 1.0 8482 4039.34 1.0 15600 8669.34 1.1 390419 410245.83 21.08 370 277.84 1.1 8416 10551.83 21.08 7 3 300 175 75 7500 17.6 18.6 18.08 0.03
23400.0 354 162.0 1.0 8836 4201.34 1.0 15570 8673.65 1.1 405989 418919.48 21.08 350 278.91 1.1 8766 10830.74 21.08 7 3 300 182 78 7800 17.6 18.6 18.08 0.03
24300.0 310 161.23 1.0 9146 4362.57 1.0 15533 8674.77 1.11 421522 427594.25 21.08 310 275.01 1.11 9076 11105.75 21.08 7 3 300 189 81 8100 17.6 18.6 18.05 0.03
25200.0 310 161.23 1.0 9456 4523.8 1.0 15536 8674.76 1.11 437058 436269.01 21.08 310 275.01 1.11 9386 11380.76 21.08 7 3 300 196 84 8400 17.5 18.6 18.04 0.03
26100.0 376 161.37 1.0 9832 4685.17 1.0 15595 8677.77 1.11 452653 444946.78 21.08 370 278.01 1.11 9756 11658.77 21.08 7 3 300 203 87 8700 17.5 18.6 18.04 0.03
27000.0 354 162.01 1.0 10186 4847.18 1.0 15566 8678.76 1.11 468219 453625.54 21.08 350 279.01 1.11 10106 11937.78 21.08 7 3 300 210 90 9000 17.5 18.6 18.04 0.03
27900.0 310 161.23 1.0 10496 5008.4 1.0 15532 8669.71 1.1 483751 462295.25 21.08 310 274.91 1.1 10416 12212.69 21.08 7 3 300 217 93 9300 17.5 18.6 18.01 0.03
28800.0 310 161.23 1.0 10806 5169.63 1.0 15537 8669.7 1.1 499288 470964.95 21.08 310 274.91 1.1 10726 12487.6 21.08 7 3 300 224 96 9600 17.5 18.6 18.0 0.03
29700.0 376 161.37 1.0 11182 5330.99 1.0 15595 8672.71 1.1 514883 479637.66 21.08 370 277.91 1.1 11096 12765.5 21.08 7 3 300 231 99 9900 17.5 18.6 18.0 0.03
30600.0 354 162.0 1.0 11536 5493.0 1.0 15565 8673.7 1.1 530448 488311.37 21.08 350 278.91 1.1 11446 13044.41 21.08 7 3 300 238 102 10200 17.5 18.6 18.0 0.03
31500.0 310 161.23 1.0 11846 5654.23 1.0 15538 8674.77 1.11 545986 496986.13 21.08 310 275.01 1.11 11756 13319.42 21.08 7 3 300 245 105 10500 17.4 18.6 17.97 0.03
32400.0 310 161.23 1.0 12156 5815.45 1.0 15538 8674.76 1.11 561524 505660.89 21.08 310 275.01 1.11 12066 13594.43 21.08 7 3 300 252 108 10800 17.4 18.6 17.96 0.03
33300.0 376 161.37 1.0 12532 5976.83 1.0 15598 8677.77 1.11 577122 514338.66 21.08 370 278.01 1.11 12436 13872.44 21.08 7 3 300 259 111 11100 17.4 18.5 17.96 0.03
34200.0 354 162.01 1.0 12886 6138.83 1.0 15558 8678.76 1.11 592680 523017.42 21.08 350 279.01 1.11 12786 14151.45 21.08 7 3 300 266 114 11400 17.4 18.5 17.96 0.03
35100.0 310 161.23 1.0 13196 6300.06 1.0 15534 8674.77 1.11 608214 531692.2 21.08 310 275.01 1.11 13096 14426.46 21.08 7 3 300 273 117 11700 17.4 18.5 17.93 0.03
36000.0 310 161.23 1.0 13506 6461.29 1.0 15538 8674.76 1.11 623752 540366.95 21.08 310 275.01 1.11 13406 14701.47 21.08 7 3 300 280 120 12000 17.4 18.5 17.92 0.03
36900.0 376 161.37 1.0 13882 6622.66 1.0 15597 8677.77 1.11 639349 549044.73 21.08 370 278.01 1.11 13776 14979.48 21.08 7 3 300 287 123 12300 17.4 18.5 17.92 0.03
37800.0 354 162.0 1.0 14236 6784.66 1.0 15554 8669.31 1.1 654903 557714.04 21.08 350 278.82 1.1 14126 15258.3 21.08 7 3 300 294 126 12600 17.4 18.5 17.92 0.03
38700.0 310 161.22 1.0 14546 6945.88 1.0 15528 8665.31 1.1 670431 566379.36 21.08 310 274.82 1.1 14436 15533.11 21.08 7 3 300 301 129 12900 17.3 18.5 17.89 0.03
39600.0 310 161.22 1.0 14856 7107.1 1.0 15538 8665.31 1.1 685969 575044.67 21.08 310 274.82 1.1 14746 15807.93 21.08 7 3 300 308 132 13200 17.3 18.5 17.88 0.03
40500.0 376 161.36 1.0 15232 7268.47 1.0 15596 8668.32 1.1 701565 583712.98 21.08 370 277.82 1.1 15116 16085.75 21.08 7 3 300 315 135 13500 17.3 18.5 17.88 0.03
41400.0 354 162.01 1.0 15586 7430.47 1.0 15557 8678.76 1.11 717122 592391.74 21.08 350 279.01 1.11 15466 16364.76 21.08 7 3 300 322 138 13800 17.3 18.5 17.88 0.03
42300.0 310 161.23 1.0 15896 7591.7 1.0 15527 8669.66 1.1 732649 601061.4 21.08 310 274.9 1.1 15776 16639.67 21.08 7 3 300 329 141 14100 17.3 18.5 17.85 0.04
43200.0 310 161.23 1.0 16206 7752.92 1.0 15531 8669.65 1.1 748180 609731.05 21.08 310 274.91 1.1 16086 16914.57 21.08 7 3 300 336 144 14400 17.3 18.5 17.84 0.04
44100.0 376 161.37 1.0 16582 7914.29 1.0 15591 8672.66 1.1 763771 618403.71 21.08 370 277.91 1.1 16456 17192.48 21.08 7 3 300 343 147 14700 17.2 18.4 17.83 0.04
45000.0 354 162.0 1.0 16936 8076.29 1.0 15550 8673.65 1.1 779321 627077.36 21.08 350 278.91 1.1 16806 17471.39 21.08 7 3 300 350 150 15000 17.2 18.4 17.83 0.04
45900.0 310 161.23 1.0 17246 8237.52 1.0 15525 8670.65 1.1 794846 635748.02 21.08 310 274.92 1.1 17116 17746.31 21.08 7 3 300 357 153 15300 17.2 18.4 17.81 0.05
46800.0 310 161.23 1.0 17556 8398.74 1.0 15534 8670.64 1.1 810380 644418.65 21.08 310 274.93 1.1 17426 18021.24 21.08 7 3 300 364 156 15600 17.2 18.5 17.8 0.05
47700.0 376 161.37 1.0 17932 8560.11 1.0 15593 8673.65 1.1 825973 653092.31 21.08 370 277.93 1.1 17796 18299.16 21.08 7 3 300 371 159 15900 17.2 18.5 17.8 0.05
48600.0 354 162.0 1.0 18286 8722.11 1.0 15548 8674.64 1.1 841521 661766.95 21.08 350 278.93 1.1 18146 18578.09 21.08 7 3 300 378 162 16200 17.2 18.5 17.8 0.05
49500.0 310 161.23 1.0 18596 8883.34 1.0 15525 8674.77 1.11 857046 670441.71 21.08 310 275.01 1.11 18456 18853.1 21.08 7 3 300 385 165 16500 17.2 18.5 17.76 0.06
50400.0 310 161.23 1.0 18906 9044.57 1.0 15534 8674.76 1.11 872580 679116.47 21.08 310 275.01 1.11 18766 19128.11 21.08 7 3 300 392 168 16800 17.1 18.5 17.75 0.06
51300.0 376 161.37 1.0 19282 9205.94 1.0 15592 8677.77 1.11 888172 687794.25 21.08 370 278.01 1.11 19136 19406.12 21.08 7 3 300 399 171 17100 17.1 18.5 17.75 0.06
52200.0 354 162.01 1.0 19636 9367.95 1.0 15547 8678.76 1.11 903719 696473.01 21.08 350 279.01 1.11 19486 19685.13 21.08 7 3 300 406 174 17400 17.1 18.5 17.75 0.06
53100.0 310 161.23 1.0 19946 9529.18 1.0 15508 8674.77 1.11 919227 705147.78 21.08 310 275.01 1.11 19796 19960.14 21.08 7 3 300 413 177 17700 17.1 18.5 17.73 0.07
54000.0 310 161.23 1.0 20256 9690.41 1.0 15517 8674.76 1.11 934744 713822.54 21.08 310 275.01 1.11 20106 20235.15 21.08 7 3 300 420 180 18000 17.1 18.6 17.72 0.07
54900.0 376 161.37 1.0 20632 9851.78 1.0 15575 8677.77 1.11 950319 722500.31 21.08 370 278.01 1.11 20476 20513.16 21.08 7 3 300 427 183 18300 17.1 18.6 17.72 0.07
55800.0 354 162.01 1.0 20986 10013.79 1.0 15545 8678.76 1.11 965864 731179.07 21.08 350 279.01 1.11 20826 20792.17 21.08 7 3 300 434 186 18600 17.1 18.6 17.72 0.07
56700.0 310 161.23 1.0 21296 10175.01 1.0 15521 8674.77 1.11 981385 739853.84 21.08 310 275.01 1.11 21136 21067.18 21.08 7 3 300 441 189 18900 17.1 18.6 17.69 0.08
57600.0 310 161.23 1.0 21606 10336.24 1.0 15529 8674.76 1.11 996914 748528.6 21.08 310 275.01 1.11 21446 21342.19 21.08 7 3 300 448 192 19200 17.1 18.6 17.69 0.08
58500.0 376 161.37 1.0 21982 10497.61 1.0 15589 8677.77 1.11 1012503 757206.37 21.08 370 278.01 1.11 21816 21620.2 21.08 7 3 300 455 195 19500 17.1 18.6 17.69 0.08
59400.0 354 162.0 1.0 22336 10659.62 1.0 15536 8674.27 1.1 1028039 765880.64 21.08 350 278.92 1.1 22166 21899.12 21.08 7 3 300 462 198 19800 17.1 18.6 17.69 0.08
60300.0 310 161.23 1.0 22646 10820.84 1.0 15517 8670.28 1.1 1043556 774550.93 21.08 310 274.92 1.1 22476 22174.04 21.08 7 3 300 469 201 20100 17.0 18.6 17.66 0.09
61200.0 310 161.23 1.0 22956 10982.07 1.0 15529 8670.27 1.1 1059085 783221.2 21.08 310 274.92 1.1 22786 22448.96 21.08 7 3 300 476 204 20400 17.0 18.6 17.65 0.09
62100.0 376 161.37 1.0 23332 11143.44 1.0 15586 8673.28 1.1 1074671 791894.48 21.08 370 277.92 1.1 23156 22726.88 21.08 7 3 300 483 207 20700 17.0 18.6 17.65 0.09
63000.0 354 162.0 1.0 23686 11305.43 1.0 15536 8666.77 1.1 1090207 800561.26 21.08 350 278.77 1.1 23506 23005.65 21.08 7 3 300 490 210 21000 17.0 18.6 17.65 0.09
63900.0 310 161.22 1.0 23996 11466.65 1.0 15496 8658.47 1.1 1105703 809219.73 21.08 310 274.68 1.1 23816 23280.33 21.08 7 3 300 497 213 21300 17.0 18.6 17.63 0.1
64800.0 310 161.22 1.0 24306 11627.86 1.0 15504 8658.35 1.1 1121207 817878.07 21.08 310 274.68 1.1 24126 23555.01 21.08 7 3 300 504 216 21600 17.0 18.6 17.63 0.1
65700.0 376 161.36 1.0 24682 11789.22 1.0 15564 8661.47 1.1 1136771 826539.54 21.08 370 277.69 1.1 24496 23832.7 21.08 7 3 300 511 219 21900 17.0 18.6 17.63 0.1
66600.0 354 161.99 1.0 25036 11951.21 1.0 15530 8660.64 1.1 1152301 835200.18 21.08 350 278.65 1.1 24846 24111.35 21.08 7 3 300 518 222 22200 17.0 18.6 17.63 0.1
67500.0 310 161.21 1.0 25346 12112.42 1.0 15490 8652.9 1.1 1167791 843853.08 21.08 310 274.57 1.1 25156 24385.92 21.08 7 3 300 525 225 22500 17.0 18.6 17.62 0.1
68400.0 310 161.21 1.0 25656 12273.63 1.0 15495 8652.77 1.1 1183286 852505.85 21.08 310 274.57 1.1 25466 24660.49 21.08 7 3 300 532 228 22800 17.0 18.7 17.61 0.11
69300.0 376 161.35 1.0 26032 12434.99 1.0 15555 8655.9 1.1 1198841 861161.75 21.08 370 277.57 1.1 25836 24938.06 21.08 7 3 300 539 231 23100 17.0 18.7 17.61 0.11
70200.0 354 161.99 1.0 26386 12596.98 1.0 15520 8661.54 1.1 1214361 869823.29 21.08 350 278.67 1.1 26186 25216.73 21.08 7 3 300 546 234 23400 17.0 18.7 17.61 0.11
71100.0 310 161.21 1.0 26696 12758.2 1.0 15487 8656.65 1.1 1229848 878479.94 21.08 310 274.65 1.1 26496 25491.37 21.08 7 3 300 553 237 23700 17.0 18.7 17.6 0.11
72000.0 310 161.21 1.0 27006 12919.41 1.0 15497 8656.54 1.1 1245345 887136.48 21.08 310 274.64 1.1 26806 25766.02 21.08 7 3 300 560 240 24000 17.0 18.7 17.59 0.11
72900.0 376 161.35 1.0 27382 13080.76 1.0 15555 8659.65 1.1 1260900 895796.13 21.08 370 277.65 1.1 27176 26043.67 21.08 7 3 300 567 243 24300 17.0 18.7 17.59 0.11
73800.0 354 161.99 1.0 27736 13242.76 1.0 15523 8660.54 1.1 1276423 904456.68 21.08 350 278.65 1.1 27526 26322.31 21.08 7 3 300 574 246 24600 17.0 18.7 17.59 0.11
74700.0 310 161.22 1.0 28046 13403.98 1.0 15485 8661.78 1.1 1291908 913118.45 21.08 310 274.75 1.1 27836 26597.06 21.08 7 3 300 581 249 24900 17.0 18.7 17.58 0.11
75600.0 310 161.22 1.0 28356 13565.19 1.0 15484 8661.66 1.1 1307392 921780.12 21.08 310 274.75 1.1 28146 26871.81 21.08 7 3 300 588 252 25200 17.0 18.7 17.58 0.11
76500.0 376 161.36 1.0 28732 13726.55 1.0 15544 8664.78 1.1 1322936 930444.9 21.08 370 277.75 1.1 28516 27149.57 21.08 7 3 300 595 255 25500 17.0 18.7 17.58 0.11
77400.0 354 161.99 1.0 29086 13888.55 1.0 15511 8662.35 1.1 1338447 939107.25 21.08 350 278.68 1.1 28866 27428.25 21.08 7 3 300 602 258 25800 17.0 18.7 17.58 0.11
78300.0 310 161.22 1.0 29396 14049.76 1.0 15471 8658.47 1.1 1353918 947765.71 21.08 310 274.68 1.1 29176 27702.93 21.08 7 3 300 609 261 26100 17.0 18.7 17.58 0.11
79200.0 310 161.22 1.0 29706 14210.98 1.0 15478 8658.35 1.1 1369396 956424.06 21.08 310 274.68 1.1 29486 27977.61 21.08 7 3 300 616 264 26400 17.0 18.6 17.57 0.11
80100.0 376 161.36 1.0 30082 14372.33 1.0 15538 8661.47 1.1 1384934 965085.53 21.08 370 277.69 1.1 29856 28255.3 21.08 7 3 300 623 267 26700 17.0 18.6 17.57 0.11
81000.0 354 162.0 1.0 30436 14534.33 1.0 15510 8665.27 1.1 1400444 973750.8 21.08 350 278.74 1.1 30206 28534.04 21.08 7 3 300 630 270 27000 17.0 18.6 17.57 0.11
81900.0 310 161.22 1.0 30746 14695.55 1.0 15470 8666.01 1.1 1415914 982416.81 21.08 310 274.84 1.1 30516 28808.88 21.08 7 3 300 637 273 27300 17.0 18.6 17.57 0.11
82800.0 310 161.22 1.0 31056 14856.77 1.0 15473 8665.95 1.1 1431387 991082.76 21.08 310 274.84 1.1 30826 29083.71 21.08 7 3 300 644 276 27600 17.0 18.6 17.57 0.11
83700.0 376 161.36 1.0 31432 15018.14 1.0 15528 8669.02 1.1 1446915 999751.77 21.08 370 277.84 1.1 31196 29361.55 21.08 7 3 300 651 279 27900 17.0 18.6 17.57 0.11
84600.0 354 162.0 1.0 31786 15180.14 1.0 15501 8669.95 1.1 1462416 1008421.72 21.08 350 278.84 1.1 31546 29640.39 21.08 7 3 300 658 282 28200 17.0 18.6 17.57 0.11
85500.0 310 161.22 1.0 32096 15341.36 1.0 15462 8661.9 1.1 1477878 1017083.63 21.08 310 274.75 1.1 31856 29915.14 21.08 7 3 300 665 285 28500 17.0 18.6 17.58 0.1
86400.0 310 161.22 1.0 32406 15502.58 1.0 15462 8661.83 1.1 1493340 1025745.46 21.08 310 274.75 1.1 32166 30189.89 21.08 7 3 300 672 288 28800 17.0 18.6 17.58 0.1
87300.0 376 161.36 1.0 32782 15663.94 1.0 15522 8664.9 1.1 1508862 1034410.36 21.08 370 277.75 1.1 32536 30467.65 21.08 7 3 300 679 291 29100 17.0 18.6 17.58 0.1
88200.0 354 162.0 1.0 33136 15825.94 1.0 15495 8674.63 1.1 1524357 1043084.99 21.08 350 278.93 1.1 32886 30746.58 21.08 7 3 300 686 294 29400 17.0 18.6 17.58 0.1
89100.0 310 161.23 1.0 33446 15987.17 1.0 15498 8674.77 1.11 1539855 1051759.76 21.08 310 275.01 1.11 33196 31021.58 21.08 7 3 300 693 297 29700 17.0 18.6 17.61 0.08
90000.0 310 161.23 1.0 33756 16148.4 1.0 15537 8674.76 1.11 1555392 1060434.52 21.08 310 275.01 1.11 33506 31296.59 21.08 7 3 300 700 300 30000 17.1 18.5 17.66 0.05
90900.0 376 161.37 1.0 34132 16309.77 1.0 15597 8677.77 1.11 1570989 1069112.29 21.08 370 278.01 1.11 33876 31574.6 21.08 7 3 300 707 303 30300 17.1 18.5 17.67 0.05
91800.0 354 162.0 1.0 34486 16471.76 1.0 15555 8664.29 1.1 1586544 1077776.58 21.08 350 278.72 1.1 34226 31853.33 21.08 7 3 300 714 306 30600 17.1 18.5 17.67 0.05
92700.0 310 161.21 1.0 34796 16632.98 1.0 15579 8651.74 1.1 1602123 1086428.32 21.08 310 274.55 1.1 34536 32127.87 21.08 7 3 300 721 309 30900 17.1 23.8 19.49 2.3
93600.0 310 161.21 1.0 35106 16794.19 1.0 15580 8651.6 1.1 1617703 1095079.92 21.08 310 274.54 1.1 34846 32402.42 21.08 7 3 300 728 312 31200 17.1 23.8 20.49 4.5
94500.0 376 161.35 1.0 35482 16955.54 1.0 15640 8654.73 1.1 1633343 1103734.65 21.08 370 277.55 1.1 35216 32679.97 21.08 7 3 300 735 315 31500 17.1 23.8 20.53 4.54
95400.0 354 161.99 1.0 35836 17117.53 1.0 15615 8655.6 1.1 1648958 1112390.25 21.08 350 278.55 1.1 35566 32958.51 21.08 7 3 300 742 318 31800 17.1 23.8 20.53 4.54
96300.0 310 161.21 1.0 36146 17278.74 1.0 15576 8651.73 1.1 1664534 1121041.97 21.08 310 274.55 1.1 35876 33233.06 21.08 7 3 300 749 321 32100 17.1 24.0 20.87 4.5
97200.0 310 161.21 1.0 36456 17439.95 1.0 15575 8651.6 1.1 1680109 1129693.57 21.08 310 274.54 1.1 36186 33507.61 21.08 7 3 300 756 324 32400 17.1 24.0 21.05 4.47
98100.0 376 161.35 1.0 36832 17601.3 1.0 15632 8654.73 1.1 1695741 1138348.3 21.08 370 277.55 1.1 36556 33785.15 21.08 7 3 300 763 327 32700 17.4 24.0 21.05 4.47
99000.0 354 161.98 1.0 37186 17763.29 1.0 15611 8649.11 1.1 1711352 1146997.41 21.08 350 278.42 1.1 36906 34063.57 21.08 7 3 300 770 330 33000 17.4 24.0 21.05 4.47
99900.0 310 161.2 1.0 37496 17924.49 1.0 15568 8645.22 1.1 1726920 1155642.63 21.08 310 274.42 1.1 37216 34338.0 21.08 7 3 300 777 333 33300 17.4 24.0 21.28 3.95
100800.0 310 161.2 1.0 37806 18085.7 1.0 15567 8645.11 1.1 1742487 1164287.74 21.08 310 274.42 1.1 37526 34612.41 21.08 7 3 300 784 336 33600 17.5 24.0 21.43 3.72
101700.0 376 161.35 1.0 38182 18247.04 1.0 15626 8648.22 1.1 1758113 1172935.96 21.08 370 277.42 1.1 37896 34889.84 21.08 7 3 300 791 339 33900 17.8 24.0 21.43 3.7
102600.0 354 161.98 1.0 38536 18409.02 1.0 15600 8646.9 1.1 1773713 1181582.86 21.08 350 278.37 1.1 38246 35168.21 21.08 7 3 300 798 342 34200 17.8 24.0 21.43 3.7
103500.0 310 161.2 1.0 38846 18570.23 1.0 15565 8643.04 1.1 1789278 1190225.9 21.08 310 274.37 1.1 38556 35442.59 21.08 7 3 300 805 345 34500 17.8 24.0 21.57 3.19
104400.0 310 161.2 1.0 39156 18731.43 1.0 15565 8642.9 1.1 1804843 1198868.8 21.08 310 274.37 1.1 38866 35716.96 21.08 7 3 300 812 348 34800 18.0 24.0 21.73 2.95
105300.0 376 161.35 1.0 39532 18892.78 1.0 15622 8646.04 1.1 1820465 1207514.84 21.08 370 277.38 1.1 39236 35994.33 21.08 7 3 300 819 351 35100 18.5 24.0 21.74 2.92
106200.0 354 161.98 1.0 39886 19054.76 1.0 15599 8644.69 1.1 1836064 1216159.53 21.08 350 278.33 1.1 39586 36272.66 21.08 7 3 300 826 354 35400 18.5 24.0 21.74 2.92
107100.0 310 161.19 1.0 40196 19215.95 1.0 15559 8631.19 1.1 1851623 1224790.73 21.08 310 274.15 1.1 39896 36546.81 21.08 7 3 300 833 357 35700 18.5 24.0 21.72 2.73
108000.0 310 161.19 1.0 40506 19377.14 1.0 15556 8631.12 1.1 1867179 1233421.84 21.08 310 274.14 1.1 40206 36820.95 21.08 7 3 300 840 360 36000 18.8 24.0 21.74 2.7
108900.0 376 161.34 1.0 40882 19538.48 1.0 15614 8634.19 1.1 1882793 1242056.03 21.08 370 277.15 1.1 40576 37098.1 21.08 7 3 300 847 363 36300 18.9 24.0 21.74 2.7
109800.0 354 161.97 1.0 41236 19700.45 1.0 15591 8635.12 1.1 1898384 1250691.15 21.08 350 278.15 1.1 40926 37376.25 21.08 7 3 300 854 366 36600 18.9 24.0 21.74 2.7
110700.0 310 161.19 1.0 41546 19861.65 1.0 15552 8631.19 1.1 1913936 1259322.33 21.08 310 274.14 1.1 41236 37650.39 21.08 7 3 300 861 369 36900 18.9 24.0 21.62 2.61
111600.0 310 161.19 1.0 41856 20022.84 1.0 15551 8631.12 1.1 1929487 1267953.45 21.08 310 274.14 1.1 41546 37924.54 21.08 7 3 300 868 372 37200 18.9 24.0 21.56 2.51
112500.0 376 161.34 1.0 42232 20184.18 1.0 15610 8634.19 1.1 1945097 1276587.63 21.08 370 277.15 1.1 41916 38201.68 21.08 7 3 300 875 375 37500 18.9 23.9 21.56 2.51
113400.0 354 161.97 1.0 42586 20346.15 1.0 15585 8635.12 1.1 1960682 1285222.75 21.08 350 278.15 1.1 42266 38479.83 21.08 7 3 300 882 378 37800 18.9 23.9 21.56 2.51
114300.0 310 161.19 1.0 42896 20507.34 1.0 15554 8631.19 1.1 1976236 1293853.94 21.08 310 274.14 1.1 42576 38753.97 21.08 7 3 300 889 381 38100 18.9 23.9 22.84 0.95
115200.0 310 161.19 1.0 43206 20668.53 1.0 15554 8631.12 1.1 1991790 1302485.05 21.08 310 274.14 1.1 42886 39028.12 21.08 7 3 300 896 384 38400 18.9 24.0 23.49 0.16
116100.0 376 161.34 1.0 43582 20829.87 1.0 15612 8634.19 1.1 2007402 1311119.24 21.08 370 277.15 1.1 43256 39305.27 21.08 7 3 300 903 387 38700 22.6 24.0 23.52 0.03
117000.0 354 161.97 1.0 43936 20991.84 1.0 15592 8635.12 1.1 2022994 1319754.36 21.08 350 278.15 1.1 43606 39583.41 21.08 7 3 300 910 390 39000 22.6 24.0 23.52 0.03
117900.0 310 161.19 1.0 44246 21153.03 1.0 15552 8631.19 1.1 2038546 1328385.54 21.08 310 274.14 1.1 43916 39857.56 21.08 7 3 300 917 393 39300 22.6 24.0 23.55 0.02
118800.0 310 161.19 1.0 44556 21314.23 1.0 15551 8631.12 1.1 2054097 1337016.66 21.08 310 274.14 1.1 44226 40131.7 21.08 7 3 300 924 396 39600 22.7 24.0 23.6 0.02
119700.0 376 161.34 1.0 44932 21475.56 1.0 15611 8634.19 1.1 2069708 1345650.84 21.08 370 277.15 1.1 44596 40408.85 21.08 7 3 300 931 399 39900 22.7 24.0 23.6 0.02
120600.0 354 161.97 1.0 45286 21637.53 1.0 15590 8635.12 1.1 2085298 1354285.96 21.08 350 278.15 1.1 44946 40687.0 21.08 7 3 300 938 402 40200 22.7 24.0 23.6 0.02
121500.0 310 161.19 1.0 45596 21798.73 1.0 15549 8631.19 1.1 2100847 1362917.15 21.08 310 274.14 1.1 45256 40961.14 21.08 7 3 300 945 405 40500 22.7 24.0 23.64 0.01
122400.0 310 161.19 1.0 45906 21959.92 1.0 15548 8631.12 1.1 2116395 1371548.26 21.08 310 274.14 1.1 45566 41235.29 21.08 7 3 300 952 408 40800 22.8 24.0 23.66 0.01
123300.0 376 161.34 1.0 46282 22121.26 1.0 15607 8634.19 1.1 2132002 1380182.45 21.08 370 277.15 1.1 45936 41512.43 21.08 7 3 300 959 411 41100 22.8 24.0 23.66 0.01
124200.0 354 161.97 1.0 46636 22283.23 1.0 15587 8635.12 1.1 2147589 1388817.57 21.08 350 278.15 1.1 46286 41790.58 21.08 7 3 300 966 414 41400 22.8 24.0 23.66 0.01
125100.0 310 161.19 1.0 46946 22444.42 1.0 15542 8631.19 1.1 2163131 1397448.75 21.08 310 274.14 1.1 46596 42064.72 21.08 7 3 300 973 417 41700 22.8 24.0 23.69 0.01
126000.0 310 161.19 1.0 47256 22605.61 1.0 15542 8631.12 1.1 2178673 1406079.87 21.08 310 274.14 1.1 46906 42338.87 21.08 7 3 300 980 420 42000 22.9 24.0 23.72 0.01
126900.0 376 161.34 1.0 47632 22766.95 1.0 15602 8634.19 1.1 2194275 1414714.05 21.08 370 277.15 1.1 47276 42616.02 21.08 7 3 300 987 423 42300 22.9 24.0 23.72 0.01
127800.0 354 161.97 1.0 47986 22928.92 1.0 15579 8635.12 1.1 2209854 1423349.17 21.08 350 278.15 1.1 47626 42894.16 21.08 7 3 300 994 426 42600 22.9 24.0 23.72 0.01
128700.0 310 161.19 1.0 48296 23090.12 1.0 15539 8631.19 1.1 2225393 1431980.36 21.08 310 274.14 1.1 47936 43168.31 21.08 7 3 300 1001 429 42900 22.9 24.0 23.75 0.01
129600.0 310 161.19 1.0 48606 23251.31 1.0 15537 8631.12 1.1 2240930 1440611.47 21.08 310 274.14 1.1 48246 43442.45 21.08 7 3 300 1008 432 43200 23.1 24.0 23.76 0.01
130500.0 376 161.34 1.0 48982 23412.64 1.0 15595 8634.19 1.1 2256525 1449245.66 21.08 370 277.15 1.1 48616 43719.6 21.08 7 3 300 1015 435 43500 23.1 24.0 23.76 0.01
131400.0 354 161.97 1.0 49336 23574.62 1.0 15575 8635.12 1.1 2272100 1457880.78 21.08 350 278.15 1.1 48966 43997.75 21.08 7 3 300 1022 438 43800 23.1 24.0 23.76 0.01
132300.0 310 161.19 1.0 49646 23735.81 1.0 15534 8631.19 1.1 2287634 1466511.96 21.08 310 274.14 1.1 49276 44271.89 21.08 7 3 300 1029 441 44100 23.1 24.0 23.78 0.01
133200.0 310 161.19 1.0 49956 23897.0 1.0 15532 8631.12 1.1 2303166 1475143.08 21.08 310 274.14 1.1 49586 44546.03 21.08 7 3 300 1036 444 44400 23.2 24.0 23.8 0.01
134100.0 376 161.34 1.0 50332 24058.34 1.0 15592 8634.19 1.1 2318758 1483777.26 21.08 370 277.15 1.1 49956 44823.18 21.08 7 3 300 1043 447 44700 23.2 24.0 23.8 0.01
135000.0 354 161.97 1.0 50686 24220.31 1.0 15572 8635.12 1.1 2334330 1492412.38 21.08 350 278.15 1.1 50306 45101.33 21.08 7 3 300 1050 450 45000 23.2 24.0 23.8 0.01
135900.0 310 161.19 1.0 50996 24381.5 1.0 15528 8631.19 1.1 2349858 1501043.57 21.08 310 274.14 1.1 50616 45375.47 21.08 7 3 300 1057 453 45300 23.2 24.0 23.83 0.01
136800.0 310 161.19 1.0 51306 24542.7 1.0 15528 8631.11 1.1 2365386 1509674.68 21.08 310 274.14 1.1 50926 45649.62 21.08 7 3 300 1064 456 45600 23.3 24.0 23.84 0.01
137700.0 376 161.34 1.0 51682 24704.03 1.0 15587 8634.19 1.1 2380973 1518308.87 21.08 370 277.15 1.1 51296 45926.77 21.08 7 3 300 1071 459 45900 23.3 24.0 23.84 0.01
138600.0 354 161.97 1.0 52036 24866.0 1.0 15564 8635.12 1.1 2396537 1526943.98 21.08 350 278.15 1.1 51646 46204.91 21.08 7 3 300 1078 462 46200 23.3 24.0 23.84 0.01
139500.0 310 161.19 1.0 52346 25027.2 1.0 15524 8631.18 1.1 2412061 1535575.17 21.08 310 274.14 1.1 51956 46479.06 21.08 7 3 300 1085 465 46500 23.3 24.0 23.85 0.01
140400.0 310 161.19 1.0 52656 25188.39 1.0 15524 8631.11 1.1 2427585 1544206.28 21.08 310 274.14 1.1 52266 46753.2 21.08 7 3 300 1092 468 46800 23.4 24.0 23.85 0.01
141300.0 376 161.34 1.0 53032 25349.73 1.0 15583 8634.19 1.1 2443168 1552840.47 21.08 370 277.15 1.1 52636 47030.35 21.08 7 3 300 1099 471 47100 23.4 24.0 23.86 0.01
142200.0 354 161.97 1.0 53386 25511.7 1.0 15563 8635.12 1.1 2458731 1561475.59 21.08 350 278.15 1.1 52986 47308.49 21.08 7 3 300 1106 474 47400 23.4 24.0 23.86 0.01
143100.0 310 161.19 1.0 53696 25672.89 1.0 15522 8631.18 1.1 2474253 1570106.77 21.08 310 274.14 1.1 53296 47582.64 21.08 7 3 300 1113 477 47700 23.4 24.0 23.88 0.01
144000.0 310 161.19 1.0 54006 25834.08 1.0 15517 8631.11 1.1 2489770 1578737.89 21.08 310 274.14 1.1 53606 47856.78 21.08 7 3 300 1120 480 48000 23.5 24.0 23.88 0.01
144900.0 376 161.34 1.0 54382 25995.42 1.0 15577 8634.19 1.1 2505347 1587372.07 21.08 370 277.15 1.1 53976 48133.93 21.08 7 3 300 1127 483 48300 23.5 24.0 23.88 0.01
145800.0 354 161.97 1.0 54736 26157.39 1.0 15556 8635.12 1.1 2520903 1596007.19 21.08 350 278.15 1.1 54326 48412.08 21.08 7 3 300 1134 486 48600 23.5 24.0 23.88 0.01
146700.0 310 161.19 1.0 55046 26318.58 1.0 15514 8631.18 1.1 2536417 1604638.38 21.08 310 274.14 1.1 54636 48686.22 21.08 7 3 300 1141 489 48900 23.5 24.0 23.89 0.01
147600.0 310 161.19 1.0 55356 26479.78 1.0 15514 8631.11 1.1 2551931 1613269.49 21.08 310 274.14 1.1 54946 48960.37 21.08 7 3 300 1148 492 49200 23.6 24.0 23.89 0.01
148500.0 376 161.34 1.0 55732 26641.11 1.0 15574 8634.19 1.1 2567505 1621903.68 21.08 370 277.15 1.1 55316 49237.51 21.08 7 3 300 1155 495 49500 23.6 24.0 23.89 0.01
149400.0 354 161.97 1.0 56086 26803.09 1.0 15552 8635.12 1.1 2583057 1630538.79 21.08 350 278.15 1.1 55666 49515.66 21.08 7 3 300 1162 498 49800 23.6 24.0 23.89 0.01
150300.0 310 161.19 1.0 56396 26964.28 1.0 15512 8631.18 1.1 2598569 1639169.98 21.08 310 274.14 1.1 55976 49789.81 21.08 7 3 300 1169 501 50100 23.6 24.0 23.89 0.01
151200.0 310 161.19 1.0 56706 27125.47 1.0 15512 8631.11 1.1 2614081 1647801.09 21.08 310 274.14 1.1 56286 50063.95 21.08 7 3 300 1176 504 50400 23.7 24.0 23.89 0.01
152100.0 376 161.34 1.0 57082 27286.81 1.0 15567 8634.19 1.1 2629648 1656435.28 21.08 370 277.15 1.1 56656 50341.1 21.08 7 3 300 1183 507 50700 23.7 24.0 23.89 0.01
153000.0 354 161.97 1.0 57436 27448.78 1.0 15547 8635.12 1.1 2645195 1665070.4 21.08 350 278.15 1.1 57006 50619.24 21.08 7 3 300 1190 510 51000 23.7 24.0 23.89 0.01
153900.0 310 161.19 1.0 57746 27609.97 1.0 15507 8631.18 1.1 2660702 1673701.58 21.08 310 274.14 1.1 57316 50893.39 21.08 7 3 300 1197 513 51300 23.7 24.0 23.89 0.01
154800.0 310 161.19 1.0 58056 27771.17 1.0 15504 8631.11 1.1 2676206 1682332.7 21.08 310 274.14 1.1 57626 51167.53 21.08 7 3 300 1204 516 51600 23.6 24.0 23.89 0.01
155700.0 376 161.34 1.0 58432 27932.5 1.0 15564 8634.19 1.1 2691770 1690966.88 21.08 370 277.15 1.1 57996 51444.68 21.08 7 3 300 1211 519 51900 23.6 24.0 23.89 0.01
156600.0 354 161.97 1.0 58786 28094.47 1.0 15544 8635.12 1.1 2707314 1699602.0 21.08 350 278.15 1.1 58346 51722.83 21.08 7 3 300 1218 522 52200 23.6 24.0 23.89 0.01
157500.0 310 161.19 1.0 59096 28255.67 1.0 15502 8631.18 1.1 2722816 1708233.18 21.08 310 274.14 1.1 58656 51996.97 21.08 7 3 300 1225 525 52500 23.6 24.0 23.88 0.01
158400.0 310 161.19 1.0 59406 28416.86 1.0 15502 8631.11 1.1 2738318 1716864.3 21.08 310 274.14 1.1 58966 52271.12 21.08 7 3 300 1232 528 52800 23.5 24.0 23.88 0.01
159300.0 376 161.34 1.0 59782 28578.2 1.0 15560 8634.19 1.1 2753878 1725498.49 21.08 370 277.15 1.1 59336 52548.26 21.08 7 3 300 1239 531 53100 23.5 24.0 23.88 0.01
160200.0 354 161.97 1.0 60136 28740.17 1.0 15539 8635.12 1.1 2769417 1734133.6 21.08 350 278.15 1.1 59686 52826.41 21.08 7 3 300 1246 534 53400 23.5 24.0 23.88 0.01
161100.0 310 161.19 1.0 60446 28901.36 1.0 15498 8631.18 1.1 2784915 1742764.79 21.08 310 274.14 1.1 59996 53100.55 21.08 7 3 300 1253 537 53700 23.5 24.0 23.86 0.01
162000.0 310 161.19 1.0 60756 29062.55 1.0 15497 8631.11 1.1 2800412 1751395.9 21.08 310 274.14 1.1 60306 53374.7 21.08 7 3 300 1260 540 54000 23.4 24.0 23.86 0.01
162900.0 376 161.33 1.0 61132 29223.89 1.0 15552 8634.19 1.1 2815964 1760030.09 21.08 370 277.15 1.1 60676 53651.85 21.08 7 3 300 1267 543 54300 23.4 24.0 23.86 0.01
163800.0 354 161.97 1.0 61486 29385.86 1.0 15532 8635.12 1.1 2831496 1768665.2 21.08 350 278.15 1.1 61026 53929.99 21.08 7 3 300 1274 546 54600 23.4 24.0 23.86 0.01
164700.0 310 161.19 1.0 61796 29547.05 1.0 15491 8631.18 1.1 2846987 1777296.39 21.08 310 274.14 1.1 61336 54204.14 21.08 7 3 300 1281 549 54900 23.4 24.0 23.83 0.02
165600.0 310 161.19 1.0 62106 29708.25 1.0 15488 8631.11 1.1 2862475 1785927.5 21.08 310 274.14 1.1 61646 54478.28 21.08 7 3 300 1288 552 55200 23.3 24.0 23.83 0.02
166500.0 376 161.34 1.0 62482 29869.58 1.0 15548 8634.19 1.1 2878023 1794561.69 21.08 370 277.15 1.1 62016 54755.43 21.08 7 3 300 1295 555 55500 23.3 24.0 23.83 0.02
167400.0 354 161.97 1.0 62836 30031.55 1.0 15527 8635.12 1.1 2893550 1803196.81 21.08 350 278.15 1.1 62366 55033.58 21.08 7 3 300 1302 558 55800 23.3 24.0 23.83 0.02
168300.0 310 161.19 1.0 63146 30192.75 1.0 15483 8631.18 1.1 2909033 1811827.99 21.08 310 274.14 1.1 62676 55307.72 21.08 7 3 300 1309 561 56100 23.3 24.0 23.81 0.02
169200.0 310 161.19 1.0 63456 30353.94 1.0 15482 8631.11 1.1 2924515 1820459.1 21.08 310 274.14 1.1 62986 55581.87 21.08 7 3 300 1316 564 56400 23.2 24.0 23.8 0.02
170100.0 376 161.33 1.0 63832 30515.27 1.0 15541 8634.19 1.1 2940056 1829093.29 21.08 370 277.15 1.1 63356 55859.01 21.08 7 3 300 1323 567 56700 23.2 24.0 23.8 0.02
171000.0 354 161.97 1.0 64186 30677.24 1.0 15520 8635.12 1.1 2955576 1837728.41 21.08 350 278.15 1.1 63706 56137.16 21.08 7 3 300 1330 570 57000 23.2 24.0 23.8 0.02
171900.0 310 161.19 1.0 64496 30838.44 1.0 15480 8631.18 1.1 2971056 1846359.59 21.08 310 274.14 1.1 64016 56411.3 21.08 7 3 300 1337 573 57300 23.2 24.0 23.77 0.02
172800.0 310 161.19 1.0 64806 30999.63 1.0 15479 8631.11 1.1 2986535 1854990.71 21.08 310 274.14 1.1 64326 56685.45 21.08 7 3 300 1344 576 57600 23.1 24.0 23.75 0.02
173700.0 376 161.34 1.0 65182 31160.97 1.0 15536 8634.19 1.1 3002071 1863624.89 21.08 370 277.15 1.1 64696 56962.6 21.08 7 3 300 1351 579 57900 23.1 24.0 23.75 0.02
174600.0 354 161.97 1.0 65536 31322.94 1.0 15513 8635.12 1.1 3017584 1872260.01 21.08 350 278.15 1.1 65046 57240.74 21.08 7 3 300 1358 582 58200 23.1 24.0 23.75 0.02
175500.0 310 161.19 1.0 65846 31484.13 1.0 15473 8631.18 1.1 3033057 1880891.19 21.08 310 274.14 1.1 65356 57514.89 21.08 7 3 300 1365 585 58500 23.1 24.0 23.72 0.03
176400.0 310 161.19 1.0 66156 31645.32 1.0 15468 8631.11 1.1 3048525 1889522.31 21.08 310 274.14 1.1 65666 57789.03 21.08 7 3 300 1372 588 58800 22.9 24.0 23.69 0.03
177300.0 376 161.34 1.0 66532 31806.66 1.0 15525 8634.19 1.1 3064050 1898156.49 21.08 370 277.15 1.1 66036 58066.18 21.08 7 3 300 1379 591 59100 22.9 23.9 23.69 0.03
178200.0 354 161.97 1.0 66886 31968.63 1.0 15501 8635.12 1.1 3079551 1906791.61 21.08 350 278.15 1.1 66386 58344.33 21.08 7 3 300 1386 594 59400 22.9 23.9 23.69 0.03
179100.0 310 161.19 1.0 67196 32129.82 1.0 15464 8631.18 1.1 3095015 1915422.79 21.08 310 274.14 1.1 66696 58618.47 21.08 7 3 300 1393 597 59700 22.9 23.9 23.63 0.03
180000.0 310 161.19 1.0 67506 32291.02 1.0 15468 8631.11 1.1 3110483 1924053.91 21.08 310 274.14 1.1 67006 58892.61 21.08 7 3 300 1400 600 60000 22.8 23.9 23.6 0.02
180900.0 376 161.34 1.0 67882 32452.35 1.0 15526 8634.19 1.1 3126009 1932688.09 21.08 370 277.15 1.1 67376 59169.76 21.08 7 3 300 1407 603 60300 22.8 23.9 23.6 0.02
181800.0 354 161.97 1.0 68236 32614.32 1.0 15490 8635.12 1.1 3141499 1941323.21 21.08 350 278.15 1.1 67726 59447.91 21.08 7 3 300 1414 606 60600 22.8 23.9 23.6 0.02
182700.0 310 161.19 1.0 68546 32775.52 1.0 15454 8631.18 1.1 3156953 1949954.39 21.08 310 274.14 1.1 68036 59722.05 21.08 7 3 300 1421 609 60900 22.8 23.8 23.52 0.03
183600.0 310 161.19 1.0 68856 32936.71 1.0 15462 8631.11 1.1 3172415 1958585.5 21.08 310 274.14 1.1 68346 59996.2 21.08 7 3 300 1428 612 61200 22.7 23.8 23.46 0.02
184500.0 376 161.34 1.0 69232 33098.05 1.0 15519 8634.19 1.1 3187934 1967219.69 21.08 370 277.15 1.1 68716 60273.34 21.08 7 3 300 1435 615 61500 22.7 23.8 23.46 0.02
185400.0 354 161.97 1.0 69586 33260.02 1.0 15488 8635.12 1.1 3203422 1975854.81 21.08 350 278.15 1.1 69066 60551.49 21.08 7 3 300 1442 618 61800 22.7 23.8 23.46 0.02
186300.0 310 161.19 1.0 69896 33421.21 1.0 15453 8631.18 1.1 3218875 1984485.99 21.08 310 274.14 1.1 69376 60825.64 21.08 7 3 300 1449 621 62100 22.7 23.7 23.36 0.03
187200.0 310 161.19 1.0 70206 33582.41 1.0 15448 8631.11 1.1 3234323 1993117.1 21.08 310 274.14 1.1 69686 61099.78 21.08 7 3 300 1456 624 62400 22.4 23.7 23.28 0.02
188100.0 376 161.34 1.0 70582 33743.74 1.0 15508 8634.19 1.1 3249831 2001751.29 21.08 370 277.15 1.1 70056 61376.93 21.08 7 3 300 1463 627 62700 22.4 23.7 23.28 0.02
189000.0 354 161.97 1.0 70936 33905.71 1.0 15482 8635.12 1.1 3265313 2010386.4 21.08 350 278.15 1.1 70406 61655.07 21.08 7 3 300 1470 630 63000 22.4 23.7 23.28 0.02
189900.0 310 161.19 1.0 71246 34066.91 1.0 15445 8631.18 1.1 3280758 2019017.59 21.08 310 274.14 1.1 70716 61929.22 21.08 7 3 300 1477 633 63300 22.4 23.6 23.15 0.03
190800.0 310 161.19 1.0 71556 34228.1 1.0 15446 8631.11 1.1 3296204 2027648.7 21.08 310 274.14 1.1 71026 62203.36 21.08 7 3 300 1484 636 63600 22.1 23.5 23.04 0.03
191700.0 376 161.34 1.0 71932 34389.44 1.0 15506 8634.19 1.1 3311710 2036282.89 21.08 370 277.15 1.1 71396 62480.51 21.08 7 3 300 1491 639 63900 22.1 23.5 23.03 0.03
192600.0 354 161.97 1.0 72286 34551.41 1.0 15478 8635.12 1.1 3327188 2044918.0 21.08 350 278.15 1.1 71746 62758.66 21.08 7 3 300 1498 642 64200 22.1 23.5 23.03 0.03
193500.0 310 161.19 1.0 72596 34712.6 1.0 15444 8631.18 1.1 3342632 2053549.19 21.08 310 274.14 1.1 72056 63032.8 21.08 7 3 300 1505 645 64500 22.1 23.4 22.88 0.03
194400.0 310 161.19 1.0 72906 34873.79 1.0 15443 8631.11 1.1 3358075 2062180.3 21.08 310 274.14 1.1 72366 63306.95 21.08 7 3 300 1512 648 64800 22.0 23.3 22.75 0.03
195300.0 376 161.34 1.0 73282 35035.13 1.0 15494 8634.19 1.1 3373569 2070814.49 21.08 370 277.15 1.1 72736 63584.09 21.08 7 3 300 1519 651 65100 22.0 23.3 22.75 0.03
196200.0 354 161.97 1.0 73636 35197.1 1.0 15470 8635.11 1.1 3389039 2079449.6 21.08 350 278.15 1.1 73086 63862.24 21.08 7 3 300 1526 654 65400 22.0 23.3 22.75 0.03
197100.0 310 161.19 1.0 73946 35358.29 1.0 15438 8631.18 1.1 3404477 2088080.78 21.08 310 274.14 1.1 73396 64136.38 21.08 7 3 300 1533 657 65700 22.0 23.1 22.59 0.02
198000.0 310 161.19 1.0 74256 35519.49 1.0 15396 8631.11 1.1 3419873 2096711.9 21.08 310 274.14 1.1 73706 64410.53 21.08 7 3 300 1540 660 66000 22.0 23.1 22.44 0.03
198900.0 376 161.34 1.0 74632 35680.82 1.0 15456 8634.19 1.1 3435329 2105346.08 21.08 370 277.15 1.1 74076 64687.67 21.08 7 3 300 1547 663 66300 22.0 23.1 22.44 0.03
199800.0 354 161.97 1.0 74986 35842.79 1.0 15435 8635.12 1.1 3450764 2113981.2 21.08 350 278.15 1.1 74426 64965.82 21.08 7 3 300 1554 666 66600 22.0 23.1 22.44 0.03
200700.0 310 161.19 1.0 75296 36003.99 1.0 15399 8631.18 1.1 3466163 2122612.38 21.08 310 274.14 1.1 74736 65239.97 21.08 7 3 300 1561 669 66900 22.0 22.8 22.27 0.02
201600.0 310 161.19 1.0 75606 36165.18 1.0 15408 8631.11 1.1 3481571 2131243.49 21.08 310 274.14 1.1 75046 65514.11 21.08 7 3 300 1568 672 67200 22.0 22.8 22.2 0.02
202500.0 376 161.34 1.0 75982 36326.52 1.0 15467 8634.19 1.1 3497038 2139877.68 21.08 370 277.15 1.1 75416 65791.26 21.08 7 3 300 1575 675 67500 22.0 22.8 22.2 0.02
203400.0 354 161.97 1.0 76336 36488.49 1.0 15442 8635.11 1.1 3512480 2148512.79 21.08 350 278.15 1.1 75766 66069.4 21.08 7 3 300 1582 678 67800 22.0 22.8 22.2 0.02
204300.0 310 161.19 1.0 76646 36649.68 1.0 15407 8631.18 1.1 3527887 2157143.98 21.08 310 274.14 1.1 76076 66343.55 21.08 7 3 300 1589 681 68100 22.0 22.6 22.07 0.01
205200.0 310 161.19 1.0 76956 36810.87 1.0 15405 8631.11 1.1 3543292 2165775.09 21.08 310 274.14 1.1 76386 66617.69 21.08 7 3 300 1596 684 68400 22.0 22.6 22.07 0.01
206100.0 376 161.33 1.0 77332 36972.21 1.0 15464 8634.19 1.1 3558756 2174409.28 21.08 370 277.15 1.1 76756 66894.84 21.08 7 3 300 1603 687 68700 22.0 22.6 22.07 0.01
207000.0 354 161.97 1.0 77686 37134.18 1.0 15431 8635.12 1.1 3574187 2183044.39 21.08 350 278.15 1.1 77106 67172.99 21.08 7 3 300 1610 690 69000 22.0 22.6 22.07 0.01
207900.0 310 161.19 1.0 77996 37295.37 1.0 15398 8631.18 1.1 3589585 2191675.57 21.08 310 274.14 1.1 77416 67447.13 21.08 7 3 300 1617 693 69300 22.0 22.2 22.03 0.0
208800.0 310 161.19 1.0 78306 37456.57 1.0 15395 8631.11 1.1 3604980 2200306.69 21.08 310 274.14 1.1 77726 67721.28 21.08 7 3 300 1624 696 69600 22.0 22.2 22.03 0.0
209700.0 376 161.34 1.0 78682 37617.9 1.0 15452 8634.19 1.1 3620432 2208940.87 21.08 370 277.15 1.1 78096 67998.42 21.08 7 3 300 1631 699 69900 22.0 22.2 22.03 0.0
210600.0 354 161.97 1.0 79036 37779.87 1.0 15421 8635.11 1.1 3635853 2217575.99 21.08 350 278.15 1.1 78446 68276.57 21.08 7 3 300 1638 702 70200 22.0 22.2 22.03 0.0
211500.0 310 161.19 1.0 79346 37941.07 1.0 15386 8631.18 1.1 3651239 2226207.17 21.08 310 274.14 1.1 78756 68550.72 21.08 7 3 300 1645 705 70500 22.0 22.0 22.0 0.0
212400.0 310 161.19 1.0 79656 38102.26 1.0 15386 8631.11 1.1 3666625 2234838.28 21.08 310 274.14 1.1 79066 68824.86 21.08 7 3 300 1652 708 70800 22.0 22.0 22.0 0.0
213300.0 376 161.33 1.0 80032 38263.59 1.0 15443 8634.18 1.1 3682068 2243472.47 21.08 370 277.15 1.1 79436 69102.01 21.08 7 3 300 1659 711 71100 22.0 22.0 22.0 0.0
214200.0 354 161.97 1.0 80386 38425.56 1.0 15409 8635.11 1.1 3697477 2252107.58 21.08 350 278.15 1.1 79786 69380.15 21.08 7 3 300 1666 714 71400 22.0 22.0 22.0 0.0
215100.0 310 161.19 1.0 80696 38586.76 1.0 15367 8631.18 1.1 3712844 2260738.76 21.08 310 274.14 1.1 80096 69654.3 21.08 7 3 300 1673 717 71700 22.0 22.0 22.0 0.0
216000.0 310 161.19 1.0 81006 38747.95 1.0 15363 8631.11 1.1 3728207 2269369.88 21.08 310 274.14 1.1 80406 69928.44 21.08 7 3 300 1680 720 72000 22.0 22.0 22.0 0.0
216900.0 376 161.34 1.0 81382 38909.29 1.0 15422 8634.18 1.1 3743629 2278004.06 21.08 370 277.15 1.1 80776 70205.59 21.08 7 3 300 1687 723 72300 22.0 22.0 22.0 0.0
217800.0 354 161.97 1.0 81736 39071.26 1.0 15399 8635.11 1.1 3759028 2286639.18 21.08 350 278.15 1.1 81126 70483.74 21.08 7 3 300 1694 726 72600 22.0 22.0 22.0 0.0
218700.0 310 161.19 1.0 82046 39232.45 1.0 15356 8631.18 1.1 3774384 2295270.36 21.08 310 274.14 1.1 81436 70757.88 21.08 7 3 300 1701 729 72900 22.0 22.0 22.0 0.0
219600.0 310 161.19 1.0 82356 39393.64 1.0 15354 8631.11 1.1 3789738 2303901.47 21.08 310 274.14 1.1 81746 71032.03 21.08 7 3 300 1708 732 73200 22.0 22.0 22.0 0.0
220500.0 376 161.34 1.0 82732 39554.98 1.0 15408 8634.18 1.1 3805146 2312535.65 21.08 370 277.15 1.1 82116 71309.17 21.08 7 3 300 1715 735 73500 22.0 22.0 22.0 0.0
221400.0 354 161.97 1.0 83086 39716.95 1.0 15386 8636.58 1.1 3820532 2321172.23 21.08 350 278.17 1.1 82466 71587.34 21.08 7 3 300 1722 738 73800 22.0 22.0 22.0 0.0
222300.0 310 161.2 1.0 83396 39878.15 1.0 15441 8634.83 1.1 3835973 2329807.06 21.08 310 274.21 1.1 82776 71861.55 21.08 7 3 300 1729 741 74100 20.8 22.0 21.31 0.06
223200.0 310 161.2 1.0 83706 40039.35 1.0 15475 8634.72 1.1 3851448 2338441.78 21.08 310 274.21 1.1 83086 72135.76 21.08 7 3 300 1736 744 74400 19.9 22.0 20.6 0.17
224100.0 376 161.34 1.0 84082 40200.69 1.0 15535 8637.83 1.1 3866983 2347079.61 21.08 370 277.21 1.1 83456 72412.97 21.08 7 3 300 1743 747 74700 19.8 21.8 20.57 0.15
225000.0 354 161.97 1.0 84436 40362.67 1.0 15515 8638.92 1.1 3882498 2355718.53 21.08 350 278.22 1.1 83806 72691.19 21.08 7 3 300 1750 750 75000 19.8 21.8 20.57 0.15
225900.0 310 161.2 1.0 84746 40523.86 1.0 15476 8635.37 1.1 3897974 2364353.9 21.08 310 274.23 1.1 84116 72965.42 21.08 7 3 300 1757 753 75300 19.8 21.7 20.51 0.13
226800.0 310 161.2 1.0 85056 40685.06 1.0 15479 8635.28 1.1 3913453 2372989.19 21.08 310 274.23 1.1 84426 73239.64 21.08 7 3 300 1764 756 75600 19.8 21.7 20.48 0.16
227700.0 376 161.34 1.0 85432 40846.4 1.0 15539 8638.37 1.1 3928992 2381627.56 21.08 370 277.23 1.1 84796 73516.87 21.08 7 3 300 1771 759 75900 19.8 21.7 20.48 0.16
228600.0 354 161.98 1.0 85786 41008.38 1.0 15515 8640.35 1.1 3944507 2390267.91 21.08 350 278.24 1.1 85146 73795.11 21.08 7 3 300 1778 762 76200 19.8 21.7 20.48 0.16
229500.0 310 161.2 1.0 86096 41169.57 1.0 15476 8634.71 1.1 3959983 2398902.63 21.08 310 274.21 1.1 85456 74069.32 21.08 7 3 300 1785 765 76500 19.8 21.6 20.45 0.15
230400.0 310 161.2 1.0 86406 41330.77 1.0 15477 8634.65 1.1 3975460 2407537.28 21.08 310 274.21 1.1 85766 74343.53 21.08 7 3 300 1792 768 76800 19.8 21.6 20.46 0.15
231300.0 376 161.34 1.0 86782 41492.11 1.0 15534 8637.72 1.1 3990994 2416175.0 21.08 370 277.21 1.1 86136 74620.74 21.08 7 3 300 1799 771 77100 19.8 21.6 20.46 0.15
232200.0 354 161.97 1.0 87136 41654.08 1.0 15511 8638.31 1.1 4006505 2424813.31 21.08 350 278.21 1.1 86486 74898.95 21.08 7 3 300 1806 774 77400 19.8 21.6 20.46 0.15
233100.0 310 161.2 1.0 87446 41815.28 1.0 15473 8636.1 1.1 4021978 2433449.4 21.08 310 274.24 1.1 86796 75173.19 21.08 7 3 300 1813 777 77700 19.8 21.5 20.49 0.16
234000.0 310 161.2 1.0 87756 41976.48 1.0 15473 8636.01 1.1 4037451 2442085.41 21.08 310 274.24 1.1 87106 75447.43 21.08 7 3 300 1820 780 78000 19.8 21.5 20.5 0.15
234900.0 376 161.34 1.0 88132 42137.82 1.0 15533 8639.1 1.1 4052984 2450724.51 21.08 370 277.24 1.1 87476 75724.67 21.08 7 3 300 1827 783 78300 19.8 21.5 20.5 0.15
235800.0 354 161.97 1.0 88486 42299.79 1.0 15507 8638.4 1.1 4068491 2459362.91 21.08 350 278.21 1.1 87826 76002.88 21.08 7 3 300 1834 786 78600 19.8 21.5 20.5 0.15
236700.0 310 161.19 1.0 88796 42460.99 1.0 15469 8633.1 1.1 4083960 2467996.01 21.08 310 274.19 1.1 88136 76277.07 21.08 7 3 300 1841 789 78900 19.8 21.4 20.51 0.16
237600.0 310 161.19 1.0 89106 42622.18 1.0 15468 8633.02 1.1 4099428 2476629.03 21.08 310 274.19 1.1 88446 76551.25 21.08 7 3 300 1848 792 79200 19.8 21.4 20.55 0.14
238500.0 376 161.33 1.0 89482 42783.51 1.0 15527 8636.1 1.1 4114955 2485265.13 21.08 370 277.19 1.1 88816 76828.44 21.08 7 3 300 1855 795 79500 19.7 21.4 20.55 0.14
239400.0 354 161.97 1.0 89836 42945.49 1.0 15499 8637.25 1.1 4130454 2493902.37 21.08 350 278.18 1.1 89166 77106.62 21.08 7 3 300 1862 798 79800 19.7 21.4 20.55 0.14
240300.0 310 161.2 1.0 90146 43106.68 1.0 15458 8633.31 1.1 4145912 2502535.68 21.08 310 274.18 1.1 89476 77380.8 21.08 7 3 300 1869 801 80100 19.7 21.5 20.57 0.16
241200.0 310 161.2 1.0 90456 43267.88 1.0 15454 8633.25 1.1 4161366 2511168.93 21.08 310 274.18 1.1 89786 77654.99 21.08 7 3 300 1876 804 80400 19.7 21.6 20.6 0.15
242100.0 376 161.34 1.0 90832 43429.22 1.0 15511 8636.31 1.1 4176877 2519805.24 21.08 370 277.18 1.1 90156 77932.17 21.08 7 3 300 1883 807 80700 19.7 21.6 20.6 0.15
243000.0 354 161.97 1.0 91186 43591.19 1.0 15488 8637.81 1.1 4192365 2528443.05 21.08 350 278.2 1.1 90506 78210.37 21.08 7 3 300 1890 810 81000 19.7 21.6 20.6 0.15
243900.0 310 161.2 1.0 91496 43752.39 1.0 15447 8634.47 1.1 4207812 2537077.53 21.08 310 274.2 1.1 90816 78484.57 21.08 7 3 300 1897 813 81300 19.7 21.6 20.61 0.16
244800.0 310 161.2 1.0 91806 43913.59 1.0 15452 8634.41 1.1 4223264 2545711.94 21.08 310 274.2 1.1 91126 78758.77 21.08 7 3 300 1904 816 81600 19.7 21.8 20.64 0.16
245700.0 376 161.34 1.0 92182 44074.93 1.0 15512 8637.48 1.1 4238776 2554349.42 21.08 370 277.21 1.1 91496 79035.98 21.08 7 3 300 1911 819 81900 19.6 21.8 20.64 0.16
246600.0 354 161.97 1.0 92536 44236.9 1.0 15470 8638.6 1.1 4254246 2562988.02 21.08 350 278.21 1.1 91846 79314.19 21.08 7 3 300 1918 822 82200 19.6 21.8 20.64 0.16
247500.0 310 161.2 1.0 92846 44398.1 1.0 15444 8633.39 1.1 4269690 2571621.42 21.08 310 274.18 1.1 92156 79588.36 21.08 7 3 300 1925 825 82500 19.6 21.8 20.6 0.16
248400.0 310 161.2 1.0 93156 44559.3 1.0 15445 8633.29 1.1 4285135 2580254.7 21.08 310 274.18 1.1 92466 79862.54 21.08 7 3 300 1932 828 82800 19.6 21.9 20.62 0.16
249300.0 376 161.34 1.0 93532 44720.64 1.0 15500 8636.39 1.1 4300635 2588891.1 21.08 370 277.18 1.1 92836 80139.72 21.08 7 3 300 1939 831 83100 19.5 21.9 20.62 0.17
250200.0 354 161.97 1.0 93886 44882.61 1.0 15458 8637.25 1.1 4316093 2597528.34 21.08 350 278.18 1.1 93186 80417.91 21.08 7 3 300 1946 834 83400 19.5 21.9 20.62 0.17
251100.0 310 161.2 1.0 94196 45043.81 1.0 15434 8633.92 1.1 4331527 2606162.26 21.08 310 274.19 1.1 93496 80692.1 21.08 7 3 300 1953 837 83700 19.5 21.9 20.58 0.18
252000.0 310 161.2 1.0 94506 45205.0 1.0 15441 8633.85 1.1 4346968 2614796.11 21.08 310 274.19 1.1 93806 80966.29 21.08 7 3 300 1960 840 84000 19.5 22.0 20.56 0.19
252900.0 376 161.34 1.0 94882 45366.34 1.0 15500 8636.92 1.1 4362468 2623433.03 21.08 370 277.19 1.1 94176 81243.48 21.08 7 3 300 1967 843 84300 19.5 22.0 20.56 0.2
253800.0 354 161.97 1.0 95236 45528.32 1.0 15461 8637.79 1.1 4377929 2632070.83 21.08 350 278.19 1.1 94526 81521.68 21.08 7 3 300 1974 846 84600 19.5 22.0 20.56 0.2
254700.0 310 161.2 1.0 95546 45689.51 1.0 15477 8634.1 1.1 4393406 2640704.93 21.08 310 274.2 1.1 94836 81795.87 21.08 7 3 300 1981 849 84900 19.5 22.0 20.43 0.2
255600.0 310 161.2 1.0 95856 45850.71 1.0 15481 8634.04 1.1 4408887 2649338.96 21.08 310 274.2 1.1 95146 82070.07 21.08 7 3 300 1988 852 85200 19.5 21.8 20.4 0.21
256500.0 376 161.34 1.0 96232 46012.05 1.0 15541 8637.1 1.1 4424428 2657976.06 21.08 370 277.2 1.1 95516 82347.27 21.08 7 3 300 1995 855 85500 19.3 21.8 20.39 0.21
257400.0 354 161.97 1.0 96586 46174.02 1.0 15491 8637.39 1.1 4439919 2666613.46 21.08 350 278.19 1.1 95866 82625.46 21.08 7 3 300 2002 858 85800 19.3 21.8 20.39 0.21
258300.0 310 161.2 1.0 96896 46335.22 1.0 15492 8634.72 1.1 4455411 2675248.17 21.08 310 274.21 1.1 96176 82899.67 21.08 7 3 300 2009 861 86100 19.3 21.8 20.24 0.21
259200.0 310 161.2 1.0 97206 46496.41 1.0 15496 8634.63 1.1 4470907 2683882.8 21.08 310 274.21 1.1 96486 83173.88 21.08 7 3 300 2016 864 86400 19.3 21.8 20.15 0.23
260100.0 376 161.34 1.0 97582 46657.75 1.0 15556 8637.72 1.1 4486463 2692520.52 21.08 370 277.22 1.1 96856 83451.1 21.08 7 3 300 2023 867 86700 19.2 21.6 20.15 0.23
261000.0 356 163.04 1.0 97938 46820.79 1.0 15843 191559.9 21.09 4502306 2884080.42 21.09 352 3901.55 21.09 97208 87352.65 21.09 7 3 300 2030 870 87000 19.2 21.6 20.15 0.23
261900.0 310 161.2 1.0 98248 46981.99 1.0 15517 8640.57 1.1 4517823 2892720.99 21.09 310 272.26 1.1 97518 87624.91 21.09 7 3 300 2037 873 87300 18.9 21.6 19.8 0.24
262800.0 310 161.2 1.0 98558 47143.18 1.0 15522 8640.53 1.1 4533345 2901361.52 21.09 310 272.26 1.1 97828 87897.16 21.09 7 3 300 2044 876 87600 18.9 21.6 19.63 0.24
263700.0 376 161.34 1.0 98934 47304.52 1.0 15582 8643.58 1.1 4548927 2910005.09 21.09 370 275.26 1.1 98198 88172.42 21.09 7 3 300 2051 879 87900 18.9 20.8 19.63 0.23
264600.0 356 163.05 1.0 99290 47467.57 1.0 15873 191416.61 21.07 4564800 3101421.7 21.09 352 3895.89 21.07 98550 92068.31 21.09 7 3 300 2058 882 88200 18.9 20.8 19.63 0.23
265500.0 310 161.23 1.0 99600 47628.8 1.0 15549 8668.22 1.11 4580349 3110089.92 21.09 310 280.88 1.11 98860 92349.18 21.09 7 3 300 2065 885 88500 17.3 20.8 18.39 0.29
266400.0 310 161.23 1.0 99910 47790.03 1.0 15566 8668.08 1.11 4595915 3118757.99 21.09 310 280.87 1.11 99170 92630.06 21.09 7 3 300 2072 888 88800 17.3 20.2 17.83 0.06
267300.0 376 161.37 1.0 100286 47951.4 1.0 15626 8671.22 1.11 4611541 3127429.22 21.09 370 283.88 1.11 99540 92913.93 21.09 7 3 300 2079 891 89100 17.3 18.8 17.81 0.02
268200.0 356 163.07 1.0 100642 48114.47 1.0 15917 191551.85 21.09 4627458 3318981.06 21.09 352 3908.11 21.09 99892 96822.04 21.09 7 3 300 2086 894 89400 17.3 18.8 17.81 0.02
269100.0 310 161.23 1.0 100952 48275.69 1.0 15572 8676.37 1.11 4643030 3327657.44 21.09 310 285.28 1.11 100202 97107.32 21.09 7 3 300 2093 897 89700 17.3 18.8 17.79 0.02
270000.0 310 161.23 1.0 101262 48436.92 1.0 15574 8676.23 1.11 4658604 3336333.66 21.09 310 285.27 1.11 100512 97392.59 21.09 7 3 300 2100 900 90000 17.3 18.7 17.77 0.02
270900.0 376 161.37 1.0 101638 48598.29 1.0 15634 8679.37 1.11 4674238 3345013.03 21.09 370 288.28 1.11 100882 97680.87 21.09 7 3 300 2107 903 90300 17.3 18.7 17.77 0.02
271800.0 354 162.0 1.0 101992 48760.29 1.0 15612 8678.4 1.1 4689850 3353691.43 21.09 350 289.24 1.1 101232 97970.11 21.09 7 3 300 2114 906 90600 17.3 18.7 17.77 0.02
272700.0 310 161.23 1.0 102302 48921.52 1.0 15572 8674.53 1.1 4705422 3362365.96 21.09 310 285.24 1.1 101542 98255.35 21.09 7 3 300 2121 909 90900 17.3 18.7 17.75 0.02
273600.0 310 161.23 1.0 102612 49082.75 1.0 15572 8674.4 1.1 4720994 3371040.36 21.09 310 285.24 1.1 101852 98540.59 21.09 7 3 300 2128 912 91200 17.3 18.6 17.74 0.02
274500.0 376 161.37 1.0 102988 49244.11 1.0 15630 8677.53 1.1 4736624 3379717.89 21.09 370 288.24 1.1 102222 98828.83 21.09 7 3 300 2135 915 91500 17.3 18.6 17.74 0.02
275400.0 354 162.01 1.0 103342 49406.12 1.0 15608 8683.56 1.11 4752232 3388401.45 21.09 350 289.34 1.11 102572 99118.17 21.09 7 3 300 2142 918 91800 17.3 18.6 17.74 0.02
276300.0 310 161.23 1.0 103652 49567.35 1.0 15569 8673.94 1.1 4767801 3397075.38 21.09 310 285.23 1.1 102882 99403.4 21.09 7 3 300 2149 921 92100 17.3 18.6 17.72 0.02
277200.0 310 161.23 1.0 103962 49728.57 1.0 15572 8673.79 1.1 4783373 3405749.18 21.09 310 285.22 1.1 103192 99688.62 21.09 7 3 300 2156 924 92400 17.3 18.5 17.71 0.02
278100.0 376 161.37 1.0 104338 49889.94 1.0 15632 8676.94 1.1 4799005 3414426.12 21.09 370 288.23 1.1 103562 99976.85 21.09 7 3 300 2163 927 92700 17.3 18.5 17.71 0.02
279000.0 354 162.0 1.0 104692 50051.94 1.0 15608 8674.47 1.1 4814613 3423100.58 21.09 350 289.16 1.1 103912 100266.01 21.09 7 3 300 2170 930 93000 17.3 18.5 17.71 0.02
279900.0 310 161.23 1.0 105002 50213.16 1.0 15565 8676.36 1.11 4830178 3431776.94 21.09 310 285.28 1.11 104222 100551.29 21.09 7 3 300 2177 933 93300 17.3 18.5 17.7 0.02
280800.0 310 161.23 1.0 105312 50374.39 1.0 15566 8676.23 1.11 4845744 3440453.17 21.09 310 285.27 1.11 104532 100836.56 21.09 7 3 300 2184 936 93600 17.3 18.4 17.69 0.02
281700.0 376 161.37 1.0 105688 50535.76 1.0 15625 8679.37 1.11 4861369 3449132.54 21.09 370 288.28 1.11 104902 101124.84 21.09 7 3 300 2191 939 93900 17.3 18.4 17.69 0.02
282600.0 354 162.0 1.0 106042 50697.76 1.0 15598 8678.64 1.1 4876967 3457811.18 21.09 350 289.24 1.1 105252 101414.09 21.09 7 3 300 2198 942 94200 17.3 18.4 17.69 0.02
283500.0 310 161.22 1.0 106352 50858.98 1.0 15560 8669.73 1.1 4892527 3466480.9 21.09 310 285.14 1.1 105562 101699.23 21.09 7 3 300 2205 945 94500 17.3 18.4 17.68 0.01
284400.0 310 161.22 1.0 106662 51020.2 1.0 15559 8669.62 1.1 4908086 3475150.53 21.09 310 285.14 1.1 105872 101984.37 21.09 7 3 300 2212 948 94800 17.3 18.3 17.68 0.01
285300.0 376 161.36 1.0 107038 51181.57 1.0 15617 8672.73 1.1 4923703 3483823.25 21.09 370 288.14 1.1 106242 102272.51 21.09 7 3 300 2219 951 95100 17.3 18.3 17.68 0.01
286200.0 354 162.0 1.0 107392 51343.57 1.0 15596 8673.38 1.1 4939299 3492496.64 21.09 350 289.14 1.1 106592 102561.65 21.09 7 3 300 2226 954 95400 17.3 18.3 17.68 0.01
287100.0 310 161.22 1.0 107702 51504.79 1.0 15562 8668.77 1.1 4954861 3501165.41 21.09 310 285.12 1.1 106902 102846.77 21.09 7 3 300 2233 957 95700 17.3 18.3 17.67 0.01
288000.0 310 161.22 1.0 108012 51666.01 1.0 15555 8668.63 1.1 4970416 3509834.04 21.09 310 285.12 1.1 107212 103131.89 21.09 7 3 300 2240 960 96000 17.3 18.2 17.67 0.01
288900.0 376 161.36 1.0 108388 51827.38 1.0 15615 8671.77 1.1 4986031 3518505.81 21.09 370 288.13 1.1 107582 103420.02 21.09 7 3 300 2247 963 96300 17.3 18.2 17.67 0.01
289800.0 354 162.0 1.0 108742 51989.38 1.0 15593 8677.79 1.1 5001624 3527183.61 21.09 350 289.23 1.1 107932 103709.24 21.09 7 3 300 2254 966 96600 17.3 18.2 17.67 0.01
290700.0 310 161.23 1.0 109052 52150.61 1.0 15561 8679.69 1.11 5017185 3535863.3 21.09 310 285.35 1.11 108242 103994.59 21.09 7 3 300 2261 969 96900 17.3 18.2 17.66 0.01
291600.0 310 161.23 1.0 109362 52311.84 1.0 15554 8679.56 1.11 5032739 3544542.86 21.09 310 285.34 1.11 108552 104279.93 21.09 7 3 300 2268 972 97200 17.3 18.1 17.66 0.01
292500.0 376 161.37 1.0 109738 52473.21 1.0 15613 8682.69 1.11 5048352 3553225.55 21.09 370 288.35 1.11 108922 104568.27 21.09 7 3 300 2275 975 97500 17.3 18.1 17.66 0.01
293400.0 354 162.01 1.0 110092 52635.22 1.0 15592 8683.56 1.11 5063944 3561909.11 21.09 350 289.34 1.11 109272 104857.62 21.09 7 3 300 2282 978 97800 17.3 18.1 17.66 0.01
294300.0 310 161.23 1.0 110402 52796.44 1.0 15557 8673.76 1.1 5079501 3570582.87 21.09 310 285.22 1.1 109582 105142.84 21.09 7 3 300 2289 981 98100 17.3 18.1 17.66 0.01
295200.0 310 161.23 1.0 110712 52957.67 1.0 15553 8673.64 1.1 5095054 3579256.51 21.09 310 285.22 1.1 109892 105428.06 21.09 7 3 300 2296 984 98400 17.4 18.0 17.66 0.01
296100.0 376 161.37 1.0 111088 53119.04 1.0 15613 8676.76 1.1 5110667 3587933.27 21.09 370 288.23 1.1 110262 105716.29 21.09 7 3 300 2303 987 98700 17.4 18.0 17.66 0.01
297000.0 354 162.0 1.0 111442 53281.04 1.0 15593 8677.64 1.1 5126260 3596610.9 21.09 350 289.22 1.1 110612 106005.51 21.09 7 3 300 2310 990 99000 17.4 18.0 17.66 0.01
297900.0 310 161.23 1.0 111752 53442.27 1.0 15550 8679.69 1.11 5141810 3605290.59 21.09 310 285.35 1.11 110922 106290.86 21.09 7 3 300 2317 993 99300 17.4 18.0 17.65 0.01
298800.0 310 161.23 1.0 112062 53603.5 1.0 15548 8679.56 1.11 5157358 3613970.15 21.09 310 285.34 1.11 111232 106576.2 21.09 7 3 300 2324 996 99600 17.4 18.0 17.66 0.01
299700.0 376 161.37 1.0 112438 53764.87 1.0 15608 8682.69 1.11 5172966 3622652.85 21.09 370 288.35 1.11 111602 106864.55 21.09 7 3 300 2331 999 99900 17.4 18.0 17.66 0.01
300600.0 354 162.01 1.0 112792 53926.88 1.0 15582 8683.56 1.11 5188548 3631336.41 21.09 350 289.34 1.11 111952 107153.89 21.09 7 3 300 2338 1002 100200 17.4 18.0 17.66 0.01
301500.0 310 161.23 1.0 113102 54088.1 1.0 15550 8675.57 1.1 5204098 3640011.97 21.09 310 285.26 1.1 112262 107439.15 21.09 7 3 300 2345 1005 100500 17.4 18.0 17.66 0.01
302400.0 310 161.23 1.0 113412 54249.33 1.0 15547 8675.43 1.1 5219645 3648687.41 21.09 310 285.26 1.1 112572 107724.41 21.09 7 3 300 2352 1008 100800 17.4 17.9 17.67 0.01
303300.0 376 161.37 1.0 113788 54410.7 1.0 15604 8678.57 1.1 5235249 3657365.97 21.09 370 288.26 1.1 112942 108012.67 21.09 7 3 300 2359 1011 101100 17.4 17.9 17.67 0.01
304200.0 354 162.0 1.0 114142 54572.7 1.0 15577 8676.1 1.1 5250826 3666042.07 21.09 350 289.19 1.1 113292 108301.86 21.09 7 3 300 2366 1014 101400 17.4 17.9 17.67 0.01
305100.0 310 161.23 1.0 114452 54733.93 1.0 15540 8676.36 1.11 5266366 3674718.43 21.09 310 285.28 1.11 113602 108587.14 21.09 7 3 300 2373 1017 101700 17.4 17.9 17.66 0.01
306000.0 310 161.23 1.0 114762 54895.15 1.0 15537 8676.23 1.11 5281903 3683394.66 21.09 310 285.27 1.11 113912 108872.41 21.09 7 3 300 2380 1020 102000 17.4 17.8 17.66 0.01
306900.0 376 161.37 1.0 115138 55056.52 1.0 15597 8679.37 1.11 5297500 3692074.03 21.09 370 288.28 1.11 114282 109160.69 21.09 7 3 300 2387 1023 102300 17.4 17.9 17.66 0.01
307800.0 354 162.01 1.0 115492 55218.53 1.0 15574 8683.56 1.11 5313074 3700757.59 21.09 350 289.34 1.11 114632 109450.04 21.09 7 3 300 2394 1026 102600 17.4 17.9 17.66 0.01
308700.0 310 161.23 1.0 115802 55379.76 1.0 15537 8679.69 1.11 5328611 3709437.28 21.09 310 285.35 1.11 114942 109735.38 21.09 7 3 300 2401 1029 102900 17.4 17.9 17.66 0.01
309600.0 310 161.23 1.0 116112 55540.99 1.0 15537 8679.56 1.11 5344148 3718116.84 21.09 310 285.34 1.11 115252 110020.72 21.09 7 3 300 2408 1032 103200 17.4 17.9 17.67 0.01
310500.0 376 161.37 1.0 116488 55702.36 1.0 15594 8682.69 1.11 5359742 3726799.53 21.09 370 288.35 1.11 115622 110309.07 21.09 7 3 300 2415 1035 103500 17.4 17.9 17.67 0.01
311400.0 354 162.01 1.0 116842 55864.37 1.0 15563 8683.56 1.11 5375305 3735483.09 21.09 350 289.34 1.11 115972 110598.41 21.09 7 3 300 2422 1038 103800 17.4 17.9 17.67 0.01
312300.0 310 161.23 1.0 117152 56025.59 1.0 15518 8673.76 1.1 5390823 3744156.85 21.09 310 285.22 1.1 116282 110883.64 21.09 7 3 300 2429 1041 104100 17.4 17.9 17.67 0.01
313200.0 310 161.23 1.0 117462 56186.82 1.0 15524 8673.64 1.1 5406347 3752830.49 21.09 310 285.22 1.1 116592 111168.86 21.09 7 3 300 2436 1044 104400 17.4 18.0 17.68 0.01
314100.0 376 161.37 1.0 117838 56348.19 1.0 15581 8676.76 1.1 5421928 3761507.25 21.09 370 288.23 1.1 116962 111457.08 21.09 7 3 300 2443 1047 104700 17.3 18.0 17.68 0.01
315000.0 354 162.0 1.0 118192 56510.19 1.0 15559 8677.64 1.1 5437487 3770184.88 21.09 350 289.22 1.1 117312 111746.31 21.09 7 3 300 2450 1050 105000 17.3 18.0 17.68 0.01
315900.0 310 161.23 1.0 118502 56671.41 1.0 15519 8673.93 1.1 5453006 3778858.82 21.09 310 285.23 1.1 117622 112031.53 21.09 7 3 300 2457 1053 105300 17.3 18.0 17.69 0.01
316800.0 310 161.23 1.0 118812 56832.64 1.0 15527 8673.79 1.1 5468533 3787532.61 21.09 310 285.22 1.1 117932 112316.76 21.09 7 3 300 2464 1056 105600 17.3 18.1 17.7 0.02
317700.0 376 161.37 1.0 119188 56994.01 1.0 15583 8676.94 1.1 5484116 3796209.55 21.09 370 288.23 1.1 118302 112604.99 21.09 7 3 300 2471 1059 105900 17.3 18.1 17.7 0.02
318600.0 354 162.0 1.0 119542 57156.01 1.0 15554 8677.79 1.1 5499670 3804887.34 21.09 350 289.23 1.1 118652 112894.22 21.09 7 3 300 2478 1062 106200 17.3 18.1 17.7 0.02
319500.0 310 161.23 1.0 119852 57317.24 1.0 15503 8679.69 1.11 5515173 3813567.03 21.09 310 285.35 1.11 118962 113179.56 21.09 7 3 300 2485 1065 106500 17.3 18.1 17.7 0.02
320400.0 310 161.23 1.0 120162 57478.47 1.0 15505 8679.56 1.11 5530678 3822246.59 21.09 310 285.34 1.11 119272 113464.9 21.09 7 3 300 2492 1068 106800 17.3 18.2 17.7 0.02
321300.0 376 161.37 1.0 120538 57639.84 1.0 15564 8682.69 1.11 5546242 3830929.28 21.09 370 288.35 1.11 119642 113753.25 21.09 7 3 300 2499 1071 107100 17.3 18.2 17.71 0.02
322200.0 354 162.0 1.0 120892 57801.84 1.0 15541 8671.27 1.1 5561783 3839600.56 21.09 350 289.09 1.1 119992 114042.34 21.09 7 3 300 2506 1074 107400 17.3 18.2 17.71 0.02
323100.0 310 161.22 1.0 121202 57963.05 1.0 15500 8663.46 1.1 5577283 3848264.01 21.09 310 285.01 1.1 120302 114327.36 21.09 7 3 300 2513 1077 107700 17.3 18.2 17.71 0.02
324000.0 310 161.22 1.0 121512 58124.27 1.0 15498 8663.35 1.1 5592781 3856927.36 21.09 310 285.01 1.1 120612 114612.37 21.09 7 3 300 2520 1080 108000 17.3 18.2 17.72 0.02
324900.0 376 161.36 1.0 121888 58285.63 1.0 15553 8666.45 1.1 5608334 3865593.81 21.09 370 288.02 1.1 120982 114900.39 21.09 7 3 300 2527 1083 108300 17.3 18.2 17.72 0.02
325800.0 354 162.0 1.0 122242 58447.63 1.0 15519 8679.43 1.1 5623853 3874273.24 21.09 350 289.26 1.1 121332 115189.65 21.09 7 3 300 2534 1086 108600 17.3 18.2 17.72 0.02
326700.0 310 161.23 1.0 122552 58608.86 1.0 15482 8679.69 1.11 5639335 3882952.93 21.09 310 285.35 1.11 121642 115474.99 21.09 7 3 300 2541 1089 108900 17.3 18.2 17.72 0.02
327600.0 310 161.23 1.0 122862 58770.09 1.0 15490 8679.56 1.11 5654825 3891632.49 21.09 310 285.34 1.11 121952 115760.33 21.09 7 3 300 2548 1092 109200 17.3 18.3 17.73 0.03
328500.0 376 161.37 1.0 123238 58931.46 1.0 15549 8682.69 1.11 5670374 3900315.18 21.09 370 288.35 1.11 122322 116048.68 21.09 7 3 300 2555 1095 109500 17.2 18.3 17.73 0.03
329400.0 354 162.01 1.0 123592 59093.47 1.0 15518 8683.56 1.11 5685892 3908998.74 21.09 350 289.34 1.11 122672 116338.02 21.09 7 3 300 2562 1098 109800 17.2 18.3 17.73 0.03
330300.0 310 161.23 1.0 123902 59254.7 1.0 15470 8679.69 1.11 5701362 3917678.43 21.09 310 285.35 1.11 122982 116623.37 21.09 7 3 300 2569 1101 110100 17.2 18.3 17.74 0.03
331200.0 310 161.23 1.0 124212 59415.93 1.0 15476 8679.56 1.11 5716838 3926357.99 21.09 310 285.34 1.11 123292 116908.71 21.09 7 3 300 2576 1104 110400 17.2 18.4 17.74 0.03
332100.0 376 161.37 1.0 124588 59577.3 1.0 15532 8682.69 1.11 5732370 3935040.68 21.09 370 288.35 1.11 123662 117197.06 21.09 7 3 300 2583 1107 110700 17.2 18.4 17.74 0.03
333000.0 354 162.0 1.0 124942 59739.31 1.0 15489 8680.23 1.11 5747859 3943720.91 21.09 350 289.28 1.11 124012 117486.33 21.09 7 3 300 2590 1110 111000 17.2 18.4 17.74 0.03
333900.0 310 161.23 1.0 125252 59900.53 1.0 15440 8676.36 1.11 5763299 3952397.27 21.09 310 285.28 1.11 124322 117771.61 21.09 7 3 300 2597 1113 111300 17.2 18.4 17.75 0.03
334800.0 310 161.23 1.0 125562 60061.76 1.0 15448 8676.23 1.11 5778747 3961073.5 21.09 310 285.27 1.11 124632 118056.88 21.09 7 3 300 2604 1116 111600 17.2 18.5 17.75 0.04
335700.0 376 161.37 1.0 125938 60223.13 1.0 15497 8679.36 1.11 5794244 3969752.86 21.09 370 288.28 1.11 125002 118345.16 21.09 7 3 300 2611 1119 111900 17.2 18.5 17.75 0.04
336600.0 354 162.01 1.0 126292 60385.13 1.0 15464 8683.56 1.11 5809708 3978436.42 21.09 350 289.34 1.11 125352 118634.51 21.09 7 3 300 2618 1122 112200 17.2 18.5 17.75 0.04
337500.0 310 161.23 1.0 126602 60546.36 1.0 15409 8679.69 1.11 5825117 3987116.11 21.09 310 285.35 1.11 125662 118919.85 21.09 7 3 300 2625 1125 112500 17.2 18.5 17.76 0.04
338400.0 310 161.23 1.0 126912 60707.59 1.0 15422 8679.56 1.11 5840539 3995795.67 21.09 310 285.34 1.11 125972 119205.19 21.09 7 3 300 2632 1128 112800 17.2 18.5 17.77 0.04
339300.0 376 161.37 1.0 127288 60868.97 1.0 15473 8682.69 1.11 5856012 4004478.36 21.09 370 288.35 1.11 126342 119493.54 21.09 7 3 300 2639 1131 113100 17.2 18.5 17.77 0.04
340200.0 354 162.0 1.0 127642 61030.97 1.0 15434 8678.4 1.1 5871446 4013156.76 21.09 350 289.24 1.1 126692 119782.78 21.09 7 3 300 2646 1134 113400 17.2 18.5 17.77 0.04
341100.0 310 161.23 1.0 127952 61192.19 1.0 15378 8674.53 1.1 5886824 4021831.28 21.09 310 285.24 1.1 127002 120068.02 21.09 7 3 300 2653 1137 113700 17.2 18.5 17.77 0.04
342000.0 310 161.23 1.0 128262 61353.42 1.0 15376 8674.39 1.1 5902200 4030505.68 21.09 310 285.24 1.1 127312 120353.25 21.09 7 3 300 2660 1140 114000 17.2 18.5 17.77 0.05
342900.0 376 161.37 1.0 128638 61514.79 1.0 15435 8677.53 1.1 5917635 4039183.21 21.09 370 288.24 1.1 127682 120641.5 21.09 7 3 300 2667 1143 114300 17.2 18.5 17.77 0.05
343800.0 354 162.0 1.0 128992 61676.79 1.0 15406 8673.68 1.1 5933041 4047856.88 21.09 350 289.14 1.1 128032 120930.64 21.09 7 3 300 2674 1146 114600 17.2 18.5 17.77 0.05
344700.0 310 161.22 1.0 129302 61838.01 1.0 15355 8669.8 1.1 5948396 4056526.68 21.09 310 285.14 1.1 128342 121215.78 21.09 7 3 300 2681 1149 114900 17.2 18.5 17.77 0.05
345600.0 310 161.22 1.0 129612 61999.23 1.0 15363 8669.67 1.1 5963759 4065196.36 21.09 310 285.14 1.1 128652 121500.92 21.09 7 3 300 2688 1152 115200 17.2 18.6 17.78 0.05
