# seed = 2, gamma = 1.0, beta = 0.66, dee = 10.0, dcc = 100.0, dec = 1000.0, dsCnd = 50.0, dLocalhost = 0.02, hostBroker = EDGE 
#
# The columns have the following meaning: 
# instant[SECONDS] commCountUploadPartial delaySumUploadPartial[SECONDS] delayMaxUploadPartial[SECONDS] commCountUploadTot delaySumUploadTot[SECONDS] delayMaxUploadTot[SECONDS] commCountDownloadPartial delaySumDownloadPartial[SECONDS] delayMaxDownloadPartial[SECONDS] commCountDownloadTot delaySumDownloadTot[SECONDS] delayMaxDownloadTot[SECONDS] commCountDownloadMaxPartial delaySumDownloadMaxPartial[SECONDS] delayMaxDownloadMaxPartial[SECONDS] commCountDownloadMaxTot delaySumDownloadMaxTot[SECONDS] delayMaxDownloadMaxTot[SECONDS] runOnCloudPartial runOnEdgePartial runOnSmartphonePartial runOnCloudTot runOnEdgeTot runOnSmartphoneTot minTemp maxTemp avgTemp varianceTemp
0.0 0 0.0 0.0 0 0.0 0.0 0 0.0 0.0 0 0.0 0.0 0 0.0 0.0 0 0.0 0.0 0 0 0 0 0 0 17.0 25.0 21.0 0.0
900.0 376 114.91 1.0 376 114.91 1.0 15284 5571.2 1.05 15284 5571.2 1.05 370 313.12 1.03 370 313.12 1.03 102 10 198 102 10 198 18.9 21.0 19.35 0.75
1800.0 356 115.63 1.0 732 230.53 1.0 15569 150394.77 20.56 30853 155965.97 20.56 352 3229.51 20.56 722 3542.62 20.56 102 10 198 204 20 396 18.7 18.9 18.9 0.0
2700.0 310 114.79 1.0 1042 345.33 1.0 15222 5597.49 1.05 46075 161563.46 20.56 310 313.72 1.04 1032 3856.34 20.56 102 10 198 306 30 594 17.6 18.9 18.28 0.06
3600.0 310 114.79 1.0 1352 460.12 1.0 15221 5597.46 1.05 61296 167160.92 20.56 310 313.71 1.04 1342 4170.06 20.56 102 10 198 408 40 792 17.6 18.7 18.22 0.05
4500.0 376 114.78 1.0 1728 574.9 1.0 15277 5597.16 1.05 76573 172758.08 20.56 370 313.71 1.04 1712 4483.77 20.56 102 10 198 510 50 990 17.6 18.7 18.22 0.05
5400.0 356 115.63 1.0 2084 690.53 1.0 15606 11808.36 20.66 92179 184566.44 20.66 352 334.41 20.66 2064 4818.18 20.66 102 10 198 612 60 1188 17.6 18.7 18.22 0.05
6300.0 310 114.8 1.0 2394 805.33 1.0 15297 5621.72 1.05 107476 190188.15 20.66 310 313.91 1.04 2374 5132.09 20.66 102 10 198 714 70 1386 17.6 18.7 18.23 0.05
7200.0 310 114.8 1.0 2704 920.13 1.0 15294 5620.63 1.05 122770 195808.78 20.66 310 313.91 1.04 2684 5446.0 20.66 102 10 198 816 80 1584 17.6 18.7 18.25 0.04
8100.0 376 114.94 1.0 3080 1035.08 1.0 15352 5619.63 1.05 138122 201428.41 20.66 370 313.91 1.04 3054 5759.91 20.66 102 10 198 918 90 1782 17.6 18.7 18.25 0.04
9000.0 356 115.63 1.0 3436 1150.71 1.0 15621 11810.82 20.62 153743 213239.22 20.66 352 334.43 20.62 3406 6094.34 20.66 102 10 198 1020 100 1980 17.6 18.7 18.25 0.04
9900.0 310 114.79 1.0 3746 1265.51 1.0 15254 5594.05 1.05 168997 218833.28 20.66 310 313.77 1.04 3716 6408.11 20.66 102 10 198 1122 110 2178 17.6 18.7 18.22 0.04
10800.0 310 114.79 1.0 4056 1380.3 1.0 15263 5599.29 1.05 184260 224432.57 20.66 310 313.77 1.04 4026 6721.88 20.66 102 10 198 1224 120 2376 17.6 18.7 18.15 0.05
11700.0 376 114.94 1.0 4432 1495.24 1.0 15321 5598.26 1.05 199581 230030.83 20.66 370 313.77 1.04 4396 7035.66 20.66 102 10 198 1326 130 2574 17.6 18.7 18.15 0.05
12600.0 354 115.57 1.0 4786 1610.81 1.0 15284 5594.9 1.05 214865 235625.73 20.66 350 313.84 1.04 4746 7349.5 20.66 102 10 198 1428 140 2772 17.6 18.7 18.15 0.05
13500.0 310 114.8 1.0 5096 1725.61 1.0 15205 5579.18 1.05 230070 241204.91 20.66 310 313.83 1.04 5056 7663.33 20.66 102 10 198 1530 150 2970 17.6 18.7 18.14 0.05
14400.0 310 114.8 1.0 5406 1840.4 1.0 15207 5580.2 1.05 245277 246785.12 20.66 310 313.83 1.04 5366 7977.16 20.66 102 10 198 1632 160 3168 17.6 18.7 18.13 0.05
15300.0 376 114.94 1.0 5782 1955.34 1.0 15266 5579.18 1.05 260543 252364.3 20.66 370 313.84 1.04 5736 8291.0 20.66 102 10 198 1734 170 3366 17.6 18.7 18.13 0.05
16200.0 354 115.57 1.0 6136 2070.91 1.0 15237 5572.97 1.05 275780 257937.27 20.66 350 313.77 1.04 6086 8604.77 20.66 102 10 198 1836 180 3564 17.6 18.7 18.13 0.05
17100.0 310 114.79 1.0 6446 2185.7 1.0 15205 5572.22 1.05 290985 263509.49 20.66 310 313.73 1.04 6396 8918.51 20.66 102 10 198 1938 190 3762 17.6 18.7 18.11 0.04
18000.0 310 114.79 1.0 6756 2300.49 1.0 15209 5573.25 1.05 306194 269082.74 20.66 310 313.73 1.04 6706 9232.24 20.66 102 10 198 2040 200 3960 17.6 18.6 18.1 0.04
18900.0 376 114.93 1.0 7132 2415.43 1.0 15268 5573.27 1.05 321462 274656.01 20.66 370 313.74 1.04 7076 9545.98 20.66 102 10 198 2142 210 4158 17.6 18.6 18.1 0.04
19800.0 354 115.57 1.0 7486 2531.0 1.0 15236 5570.83 1.05 336698 280226.84 20.66 350 313.77 1.04 7426 9859.75 20.66 102 10 198 2244 220 4356 17.6 18.6 18.1 0.04
20700.0 310 114.79 1.0 7796 2645.79 1.0 15198 5572.95 1.05 351896 285799.79 20.66 310 313.77 1.04 7736 10173.52 20.66 102 10 198 2346 230 4554 17.6 18.6 18.08 0.03
21600.0 310 114.79 1.0 8106 2760.59 1.0 15202 5573.98 1.05 367098 291373.78 20.66 310 313.77 1.04 8046 10487.29 20.66 102 10 198 2448 240 4752 17.6 18.6 18.07 0.03
22500.0 376 114.94 1.0 8482 2875.52 1.0 15260 5574.0 1.05 382358 296947.78 20.66 370 313.77 1.04 8416 10801.07 20.66 102 10 198 2550 250 4950 17.6 18.6 18.07 0.03
23400.0 354 115.57 1.0 8836 2991.1 1.0 15232 5573.22 1.05 397590 302521.0 20.66 350 313.82 1.04 8766 11114.89 20.66 102 10 198 2652 260 5148 17.6 18.6 18.07 0.03
24300.0 310 114.8 1.0 9146 3105.9 1.0 15196 5577.28 1.05 412786 308098.28 20.66 310 313.86 1.04 9076 11428.75 20.66 102 10 198 2754 270 5346 17.5 18.6 18.05 0.03
25200.0 310 114.8 1.0 9456 3220.7 1.0 15206 5583.55 1.05 427992 313681.83 20.66 310 313.86 1.04 9386 11742.61 20.66 102 10 198 2856 280 5544 17.5 18.6 18.04 0.03
26100.0 376 114.94 1.0 9832 3335.64 1.0 15264 5583.58 1.05 443256 319265.41 20.66 370 313.86 1.04 9756 12056.47 20.66 102 10 198 2958 290 5742 17.5 18.6 18.04 0.03
27000.0 354 115.58 1.0 10186 3451.21 1.0 15231 5578.3 1.05 458487 324843.71 20.66 350 313.86 1.04 10106 12370.33 20.66 102 10 198 3060 300 5940 17.5 18.6 18.04 0.03
27900.0 310 114.8 1.0 10496 3566.01 1.0 15193 5573.0 1.05 473680 330416.71 20.66 310 313.81 1.04 10416 12684.14 20.66 102 10 198 3162 310 6138 17.5 18.6 18.01 0.03
28800.0 310 114.8 1.0 10806 3680.81 1.0 15201 5577.17 1.05 488881 335993.87 20.66 310 313.81 1.04 10726 12997.96 20.66 102 10 198 3264 320 6336 17.5 18.6 17.99 0.03
29700.0 376 114.94 1.0 11182 3795.75 1.0 15260 5576.15 1.05 504141 341570.02 20.66 370 313.82 1.04 11096 13311.77 20.66 102 10 198 3366 330 6534 17.5 18.6 17.99 0.03
30600.0 354 115.57 1.0 11536 3911.32 1.0 15224 5571.92 1.05 519365 347141.94 20.66 350 313.82 1.04 11446 13625.59 20.66 102 10 198 3468 340 6732 17.5 18.6 17.99 0.03
31500.0 310 114.8 1.0 11846 4026.12 1.0 15194 5577.28 1.05 534559 352719.22 20.66 310 313.86 1.04 11756 13939.45 20.66 102 10 198 3570 350 6930 17.4 18.6 17.97 0.03
32400.0 310 114.8 1.0 12156 4140.92 1.0 15203 5579.35 1.05 549762 358298.57 20.66 310 313.86 1.04 12066 14253.31 20.66 102 10 198 3672 360 7128 17.4 18.5 17.95 0.03
33300.0 376 114.94 1.0 12532 4255.86 1.0 15262 5579.38 1.05 565024 363877.95 20.66 370 313.86 1.04 12436 14567.17 20.66 102 10 198 3774 370 7326 17.4 18.5 17.95 0.03
34200.0 354 115.58 1.0 12886 4371.43 1.0 15222 5572.0 1.05 580246 369449.95 20.66 350 313.86 1.04 12786 14881.03 20.66 102 10 198 3876 380 7524 17.4 18.5 17.95 0.03
35100.0 310 114.8 1.0 13196 4486.23 1.0 15185 5576.23 1.05 595431 375026.18 20.66 310 313.86 1.04 13096 15194.89 20.66 102 10 198 3978 390 7722 17.4 18.5 17.94 0.03
36000.0 310 114.8 1.0 13506 4601.03 1.0 15195 5578.3 1.05 610626 380604.48 20.66 310 313.86 1.04 13406 15508.75 20.66 102 10 198 4080 400 7920 17.4 18.5 17.91 0.04
36900.0 376 114.94 1.0 13882 4715.97 1.0 15255 5578.33 1.05 625881 386182.81 20.66 370 313.86 1.04 13776 15822.61 20.66 102 10 198 4182 410 8118 17.4 18.5 17.91 0.04
37800.0 354 115.57 1.0 14236 4831.55 1.0 15220 5568.81 1.05 641101 391751.62 20.66 350 313.8 1.04 14126 16136.4 20.66 102 10 198 4284 420 8316 17.4 18.5 17.91 0.04
38700.0 310 114.79 1.0 14546 4946.34 1.0 15188 5574.08 1.05 656289 397325.7 20.66 310 313.79 1.04 14436 16450.2 20.66 102 10 198 4386 430 8514 17.3 18.5 17.89 0.04
39600.0 310 114.79 1.0 14856 5061.13 1.0 15198 5578.25 1.05 671487 402903.95 20.66 310 313.79 1.04 14746 16763.99 20.66 102 10 198 4488 440 8712 17.3 18.5 17.87 0.04
40500.0 376 114.94 1.0 15232 5176.07 1.0 15256 5577.23 1.05 686743 408481.19 20.66 370 313.8 1.04 15116 17077.79 20.66 102 10 198 4590 450 8910 17.3 18.5 17.87 0.04
41400.0 354 115.58 1.0 15586 5291.65 1.0 15217 5573.05 1.05 701960 414054.24 20.66 350 313.86 1.04 15466 17391.65 20.66 102 10 198 4692 460 9108 17.3 18.5 17.87 0.04
42300.0 310 114.8 1.0 15896 5406.44 1.0 15189 5573.25 1.05 717149 419627.48 20.66 310 313.82 1.04 15776 17705.47 20.66 102 10 198 4794 470 9306 17.3 18.5 17.85 0.04
43200.0 310 114.8 1.0 16206 5521.24 1.0 15198 5577.42 1.05 732347 425204.9 20.66 310 313.82 1.04 16086 18019.29 20.66 102 10 198 4896 480 9504 17.2 18.4 17.83 0.05
44100.0 376 114.94 1.0 16582 5636.18 1.0 15258 5577.45 1.05 747605 430782.35 20.66 370 313.82 1.04 16456 18333.11 20.66 102 10 198 4998 490 9702 17.2 18.4 17.83 0.05
45000.0 354 115.57 1.0 16936 5751.75 1.0 15215 5571.12 1.05 762820 436353.46 20.66 350 313.82 1.04 16806 18646.93 20.66 102 10 198 5100 500 9900 17.2 18.4 17.83 0.05
45900.0 310 114.8 1.0 17246 5866.55 1.0 15180 5571.09 1.05 778000 441924.55 20.66 310 313.82 1.04 17116 18960.75 20.66 102 10 198 5202 510 10098 17.2 18.5 17.81 0.06
46800.0 310 114.8 1.0 17556 5981.35 1.0 15192 5575.26 1.05 793192 447499.81 20.66 310 313.82 1.04 17426 19274.57 20.66 102 10 198 5304 520 10296 17.2 18.5 17.8 0.06
47700.0 376 114.94 1.0 17932 6096.28 1.0 15250 5575.29 1.05 808442 453075.1 20.66 370 313.82 1.04 17796 19588.39 20.66 102 10 198 5406 530 10494 17.2 18.5 17.8 0.06
48600.0 354 115.57 1.0 18286 6211.86 1.0 15211 5571.06 1.05 823653 458646.16 20.66 350 313.82 1.04 18146 19902.21 20.66 102 10 198 5508 540 10692 17.2 18.5 17.8 0.06
49500.0 310 114.8 1.0 18596 6326.66 1.0 15189 5578.33 1.05 838842 464224.49 20.66 310 313.86 1.04 18456 20216.07 20.66 102 10 198 5610 550 10890 17.1 18.5 17.77 0.07
50400.0 310 114.8 1.0 18906 6441.46 1.0 15203 5583.55 1.05 854045 469808.04 20.66 310 313.86 1.04 18766 20529.92 20.66 102 10 198 5712 560 11088 17.1 18.5 17.75 0.07
51300.0 376 114.94 1.0 19282 6556.4 1.0 15261 5581.48 1.05 869306 475389.52 20.66 370 313.86 1.04 19136 20843.79 20.66 102 10 198 5814 570 11286 17.1 18.5 17.75 0.07
52200.0 354 115.58 1.0 19636 6671.97 1.0 15213 5573.05 1.05 884519 480962.57 20.66 350 313.86 1.04 19486 21157.65 20.66 102 10 198 5916 580 11484 17.1 18.5 17.75 0.07
53100.0 310 114.8 1.0 19946 6786.77 1.0 15172 5568.88 1.05 899691 486531.45 20.66 310 313.86 1.04 19796 21471.51 20.66 102 10 198 6018 590 11682 17.1 18.6 17.74 0.08
54000.0 310 114.8 1.0 20256 6901.57 1.0 15179 5569.9 1.05 914870 492101.35 20.66 310 313.86 1.04 20106 21785.37 20.66 102 10 198 6120 600 11880 17.1 18.6 17.73 0.08
54900.0 376 114.94 1.0 20632 7016.51 1.0 15237 5569.93 1.05 930107 497671.28 20.66 370 313.86 1.04 20476 22099.23 20.66 102 10 198 6222 610 12078 17.1 18.6 17.73 0.08
55800.0 354 115.58 1.0 20986 7132.09 1.0 15203 5567.8 1.05 945310 503239.08 20.66 350 313.86 1.04 20826 22413.09 20.66 102 10 198 6324 620 12276 17.1 18.6 17.73 0.08
56700.0 310 114.8 1.0 21296 7246.89 1.0 15186 5575.18 1.05 960496 508814.26 20.66 310 313.86 1.04 21136 22726.95 20.66 102 10 198 6426 630 12474 17.1 18.6 17.7 0.09
57600.0 310 114.8 1.0 21606 7361.69 1.0 15194 5578.3 1.05 975690 514392.56 20.66 310 313.86 1.04 21446 23040.81 20.66 102 10 198 6528 640 12672 17.1 18.6 17.69 0.09
58500.0 376 114.94 1.0 21982 7476.63 1.0 15254 5578.33 1.05 990944 519970.9 20.66 370 313.86 1.04 21816 23354.67 20.66 102 10 198 6630 650 12870 17.1 18.6 17.69 0.09
59400.0 354 115.57 1.0 22336 7592.2 1.0 15198 5568.65 1.05 1006142 525539.55 20.66 350 313.84 1.04 22166 23668.5 20.66 102 10 198 6732 660 13068 17.1 18.6 17.69 0.09
60300.0 310 114.8 1.0 22646 7707.0 1.0 15171 5570.78 1.05 1021313 531110.33 20.66 310 313.83 1.04 22476 23982.34 20.66 102 10 198 6834 670 13266 17.0 18.6 17.67 0.1
61200.0 310 114.8 1.0 22956 7821.8 1.0 15185 5576.0 1.05 1036498 536686.34 20.66 310 313.83 1.04 22786 24296.17 20.66 102 10 198 6936 680 13464 17.0 18.6 17.65 0.11
62100.0 376 114.94 1.0 23332 7936.74 1.0 15244 5574.98 1.05 1051742 542261.32 20.66 370 313.84 1.04 23156 24610.01 20.66 102 10 198 7038 690 13662 17.0 18.6 17.65 0.11
63000.0 354 115.57 1.0 23686 8052.3 1.0 15203 5564.04 1.05 1066945 547825.36 20.66 350 313.72 1.04 23506 24923.73 20.66 102 10 198 7140 700 13860 17.0 18.6 17.65 0.11
63900.0 310 114.79 1.0 23996 8167.09 1.0 15167 5562.15 1.05 1082112 553387.51 20.66 310 313.68 1.04 23816 25237.41 20.66 102 10 198 7242 710 14058 17.0 18.6 17.64 0.11
64800.0 310 114.79 1.0 24306 8281.88 1.0 15173 5561.09 1.05 1097285 558948.6 20.66 310 313.68 1.04 24126 25551.09 20.66 102 10 198 7344 720 14256 17.0 18.6 17.63 0.11
65700.0 376 114.78 1.0 24682 8396.66 1.0 15233 5560.82 1.05 1112518 564509.42 20.66 370 313.67 1.04 24496 25864.76 20.66 102 10 198 7446 730 14454 17.0 18.6 17.63 0.11
66600.0 354 115.57 1.0 25036 8512.22 1.0 15193 5555.24 1.05 1127711 570064.65 20.66 350 313.69 1.04 24846 26178.45 20.66 102 10 198 7548 740 14652 17.0 18.6 17.63 0.11
67500.0 310 114.79 1.0 25346 8627.01 1.0 15158 5559.71 1.05 1142869 575624.37 20.66 310 313.65 1.03 25156 26492.1 20.66 102 10 198 7650 750 14850 17.0 18.7 17.62 0.12
68400.0 310 114.79 1.0 25656 8741.79 1.0 15159 5556.54 1.05 1158028 581180.91 20.66 310 313.65 1.03 25466 26805.76 20.66 102 10 198 7752 760 15048 17.0 18.7 17.62 0.12
69300.0 376 114.93 1.0 26032 8856.72 1.0 15219 5556.56 1.05 1173247 586737.47 20.66 370 313.65 1.03 25836 27119.41 20.66 102 10 198 7854 770 15246 17.0 18.7 17.62 0.12
70200.0 354 115.57 1.0 26386 8972.29 1.0 15186 5554.13 1.05 1188433 592291.6 20.66 350 313.69 1.04 26186 27433.1 20.66 102 10 198 7956 780 15444 17.0 18.7 17.62 0.12
71100.0 310 114.79 1.0 26696 9087.08 1.0 15158 5560.5 1.05 1203591 597852.1 20.66 310 313.69 1.04 26496 27746.79 20.66 102 10 198 8058 790 15642 17.0 18.7 17.61 0.12
72000.0 310 114.79 1.0 27006 9201.87 1.0 15163 5558.38 1.05 1218754 603410.48 20.66 310 313.69 1.04 26806 28060.48 20.66 102 10 198 8160 800 15840 17.0 18.7 17.6 0.12
72900.0 376 114.78 1.0 27382 9316.64 1.0 15221 5558.09 1.05 1233975 608968.58 20.66 370 313.68 1.04 27176 28374.16 20.66 102 10 198 8262 810 16038 17.0 18.7 17.6 0.12
73800.0 354 115.57 1.0 27736 9432.21 1.0 15189 5555.24 1.05 1249164 614523.81 20.66 350 313.69 1.04 27526 28687.85 20.66 102 10 198 8364 820 16236 17.0 18.7 17.6 0.12
74700.0 310 114.79 1.0 28046 9547.0 1.0 15150 5561.39 1.05 1264314 620085.2 20.66 310 313.73 1.04 27836 29001.58 20.66 102 10 198 8466 830 16434 17.0 18.7 17.6 0.13
75600.0 310 114.79 1.0 28356 9661.79 1.0 15148 5561.37 1.05 1279462 625646.57 20.66 310 313.73 1.04 28146 29315.31 20.66 102 10 198 8568 840 16632 17.0 18.7 17.59 0.12
76500.0 376 114.93 1.0 28732 9776.73 1.0 15208 5561.39 1.05 1294670 631207.96 20.66 370 313.73 1.04 28516 29629.04 20.66 102 10 198 8670 850 16830 17.0 18.7 17.59 0.12
77400.0 354 115.57 1.0 29086 9892.29 1.0 15177 5553.74 1.05 1309847 636761.7 20.66 350 313.68 1.04 28866 29942.72 20.66 102 10 198 8772 860 17028 17.0 18.7 17.59 0.12
78300.0 310 114.79 1.0 29396 10007.08 1.0 15138 5549.55 1.05 1324985 642311.25 20.66 310 313.68 1.04 29176 30256.4 20.66 102 10 198 8874 870 17226 17.0 18.6 17.58 0.12
79200.0 310 114.79 1.0 29706 10121.87 1.0 15145 5552.69 1.05 1340130 647863.94 20.66 310 313.68 1.04 29486 30570.08 20.66 102 10 198 8976 880 17424 17.0 18.6 17.58 0.12
80100.0 376 114.78 1.0 30082 10236.65 1.0 15205 5552.42 1.05 1355335 653416.35 20.66 370 313.67 1.04 29856 30883.75 20.66 102 10 198 9078 890 17622 17.0 18.6 17.58 0.12
81000.0 354 115.57 1.0 30436 10352.21 1.0 15173 5550.51 1.05 1370508 658966.86 20.66 350 313.7 1.04 30206 31197.46 20.66 102 10 198 9180 900 17820 17.0 18.6 17.58 0.12
81900.0 310 114.79 1.0 30746 10467.01 1.0 15139 5555.56 1.05 1385647 664522.42 20.66 310 313.74 1.04 30516 31511.19 20.66 102 10 198 9282 910 18018 17.0 18.6 17.57 0.12
82800.0 310 114.79 1.0 31056 10581.8 1.0 15140 5556.6 1.05 1400787 670079.02 20.66 310 313.74 1.04 30826 31824.93 20.66 102 10 198 9384 920 18216 17.0 18.6 17.58 0.12
83700.0 376 114.94 1.0 31432 10696.74 1.0 15195 5555.57 1.05 1415982 675634.59 20.66 370 313.74 1.04 31196 32138.67 20.66 102 10 198 9486 930 18414 17.0 18.6 17.58 0.12
84600.0 354 115.57 1.0 31786 10812.31 1.0 15164 5550.3 1.05 1431146 681184.89 20.66 350 313.74 1.04 31546 32452.41 20.66 102 10 198 9588 940 18612 17.0 18.6 17.58 0.12
85500.0 310 114.79 1.0 32096 10927.1 1.0 15136 5551.61 1.05 1446282 686736.5 20.66 310 313.7 1.04 31856 32766.11 20.66 102 10 198 9690 950 18810 17.0 18.6 17.58 0.11
86400.0 310 114.79 1.0 32406 11041.89 1.0 15135 5548.44 1.05 1461417 692284.94 20.66 310 313.7 1.04 32166 33079.81 20.66 102 10 198 9792 960 19008 17.0 18.6 17.58 0.1
87300.0 376 114.93 1.0 32782 11156.82 1.0 15195 5548.46 1.05 1476612 697833.4 20.66 370 313.7 1.04 32536 33393.52 20.66 102 10 198 9894 970 19206 17.0 18.6 17.58 0.1
88200.0 354 115.57 1.0 33136 11272.39 1.0 15160 5550.06 1.05 1491772 703383.46 20.66 350 313.82 1.04 32886 33707.34 20.66 102 10 198 9996 980 19404 17.0 18.6 17.58 0.1
89100.0 310 114.8 1.0 33446 11387.19 1.0 15175 5569.93 1.05 1506947 708953.39 20.66 310 313.86 1.04 33196 34021.2 20.66 102 10 198 10098 990 19602 17.1 18.5 17.6 0.07
90000.0 310 114.8 1.0 33756 11501.99 1.0 15209 5581.45 1.05 1522156 714534.84 20.66 310 313.86 1.04 33506 34335.06 20.66 102 10 198 10200 1000 19800 17.1 18.5 17.68 0.05
90900.0 376 114.94 1.0 34132 11616.93 1.0 15269 5581.48 1.05 1537425 720116.32 20.66 370 313.86 1.04 33876 34648.92 20.66 102 10 198 10302 1010 19998 17.1 18.5 17.68 0.05
91800.0 354 115.57 1.0 34486 11732.5 1.0 15225 5566.2 1.05 1552650 725682.53 20.66 350 313.72 1.04 34226 34962.64 20.66 102 10 198 10404 1020 20196 17.1 18.5 17.68 0.05
92700.0 310 114.79 1.0 34796 11847.28 1.0 15244 5582.33 1.05 1567894 731264.86 20.66 310 313.64 1.03 34536 35276.28 20.66 102 10 198 10506 1030 20394 17.1 23.8 19.33 2.51
93600.0 310 114.79 1.0 35106 11962.07 1.0 15245 5583.35 1.05 1583139 736848.21 20.66 310 313.64 1.03 34846 35589.92 20.66 102 10 198 10608 1040 20592 17.1 23.8 20.55 5.01
94500.0 376 114.93 1.0 35482 12077.0 1.0 15301 5582.33 1.05 1598440 742430.54 20.66 370 313.64 1.03 35216 35903.57 20.66 102 10 198 10710 1050 20790 17.1 23.8 20.55 5.01
95400.0 354 115.56 1.0 35836 12192.56 1.0 15272 5580.2 1.05 1613712 748010.74 20.66 350 313.64 1.03 35566 36217.21 20.66 102 10 198 10812 1060 20988 17.1 23.8 20.55 5.01
96300.0 310 114.79 1.0 36146 12307.34 1.0 15244 5583.38 1.05 1628956 753594.12 20.66 310 313.64 1.03 35876 36530.85 20.66 102 10 198 10914 1070 21186 17.4 24.0 20.95 4.8
97200.0 310 114.79 1.0 36456 12422.13 1.0 15242 5581.25 1.05 1644198 759175.37 20.66 310 313.64 1.03 36186 36844.5 20.66 102 10 198 11016 1080 21384 17.4 24.0 21.06 4.89
98100.0 376 114.93 1.0 36832 12537.06 1.0 15300 5581.28 1.05 1659498 764756.65 20.66 370 313.64 1.03 36556 37158.14 20.66 102 10 198 11118 1090 21582 17.4 24.0 21.06 4.89
99000.0 354 115.56 1.0 37186 12652.62 1.0 15279 5577.49 1.05 1674777 770334.14 20.66 350 313.57 1.03 36906 37471.71 20.66 102 10 198 11220 1100 21780 17.4 24.0 21.06 4.89
99900.0 310 114.78 1.0 37496 12767.4 1.0 15240 5579.61 1.05 1690017 775913.75 20.66 310 313.56 1.03 37216 37785.27 20.66 102 10 198 11322 1110 21978 17.7 24.0 21.37 4.1
100800.0 310 114.78 1.0 37806 12882.18 1.0 15236 5579.58 1.05 1705253 781493.33 20.66 310 313.57 1.03 37526 38098.84 20.66 102 10 198 11424 1120 22176 17.8 24.0 21.42 4.02
101700.0 376 114.92 1.0 38182 12997.1 1.0 15295 5579.61 1.05 1720548 787072.95 20.66 370 313.57 1.03 37896 38412.4 20.66 102 10 198 11526 1130 22374 17.8 24.0 21.42 4.02
102600.0 354 115.56 1.0 38536 13112.66 1.0 15267 5577.77 1.05 1735815 792650.72 20.66 350 313.55 1.03 38246 38725.96 20.66 102 10 198 11628 1140 22572 17.8 24.0 21.42 4.02
103500.0 310 114.78 1.0 38846 13227.44 1.0 15233 5577.8 1.05 1751048 798228.52 20.66 310 313.55 1.03 38556 39039.5 20.66 102 10 198 11730 1150 22770 18.2 24.0 21.67 3.25
104400.0 310 114.78 1.0 39156 13342.22 1.0 15233 5577.77 1.05 1766281 803806.29 20.66 310 313.55 1.03 38866 39353.05 20.66 102 10 198 11832 1160 22968 18.5 24.0 21.73 3.17
105300.0 376 114.92 1.0 39532 13457.14 1.0 15292 5577.8 1.05 1781573 809384.09 20.66 370 313.55 1.03 39236 39666.6 20.66 102 10 198 11934 1170 23166 18.5 24.0 21.73 3.17
106200.0 354 115.55 1.0 39886 13572.69 1.0 15271 5573.16 1.05 1796844 814957.24 20.66 350 313.46 1.03 39586 39980.06 20.66 102 10 198 12036 1180 23364 18.5 24.0 21.73 3.17
107100.0 310 114.77 1.0 40196 13687.46 1.0 15231 5571.32 1.05 1812075 820528.56 20.66 310 313.42 1.03 39896 40293.48 20.66 102 10 198 12138 1190 23562 18.8 24.0 21.73 2.95
108000.0 310 114.77 1.0 40506 13802.23 1.0 15230 5570.26 1.05 1827305 826098.82 20.66 310 313.42 1.03 40206 40606.89 20.66 102 10 198 12240 1200 23760 18.9 24.0 21.73 2.93
108900.0 376 114.91 1.0 40882 13917.15 1.0 15288 5570.27 1.05 1842593 831669.09 20.66 370 313.42 1.03 40576 40920.31 20.66 102 10 198 12342 1210 23958 18.9 24.0 21.73 2.93
109800.0 354 115.55 1.0 41236 14032.7 1.0 15268 5570.26 1.05 1857861 837239.35 20.66 350 313.42 1.03 40926 41233.73 20.66 102 10 198 12444 1220 24156 18.9 24.0 21.73 2.93
110700.0 310 114.77 1.0 41546 14147.47 1.0 15226 5570.27 1.05 1873087 842809.62 20.66 310 313.42 1.03 41236 41547.15 20.66 102 10 198 12546 1230 24354 18.9 24.0 21.63 2.86
111600.0 310 114.77 1.0 41856 14262.24 1.0 15225 5570.26 1.05 1888312 848379.88 20.66 310 313.42 1.03 41546 41860.56 20.66 102 10 198 12648 1240 24552 18.9 23.9 21.57 2.74
112500.0 376 114.91 1.0 42232 14377.16 1.0 15285 5570.27 1.05 1903597 853950.15 20.66 370 313.42 1.03 41916 42173.98 20.66 102 10 198 12750 1250 24750 18.9 23.9 21.57 2.74
113400.0 354 115.55 1.0 42586 14492.7 1.0 15263 5569.21 1.05 1918860 859519.36 20.66 350 313.42 1.03 42266 42487.4 20.66 102 10 198 12852 1260 24948 18.9 23.9 21.57 2.74
114300.0 310 114.77 1.0 42896 14607.48 1.0 15223 5566.07 1.05 1934083 865085.43 20.66 310 313.42 1.03 42576 42800.82 20.66 102 10 198 12954 1270 25146 18.9 24.0 23.32 0.19
115200.0 310 114.77 1.0 43206 14722.25 1.0 15222 5566.06 1.05 1949305 870651.49 20.66 310 313.42 1.03 42886 43114.23 20.66 102 10 198 13056 1280 25344 22.6 24.0 23.51 0.04
116100.0 376 114.91 1.0 43582 14837.16 1.0 15282 5566.07 1.05 1964587 876217.56 20.66 370 313.42 1.03 43256 43427.65 20.66 102 10 198 13158 1290 25542 22.6 24.0 23.51 0.04
117000.0 354 115.55 1.0 43936 14952.71 1.0 15259 5565.01 1.05 1979846 881782.57 20.66 350 313.42 1.03 43606 43741.07 20.66 102 10 198 13260 1300 25740 22.6 24.0 23.51 0.04
117900.0 310 114.77 1.0 44246 15067.48 1.0 15219 5565.02 1.05 1995065 887347.58 20.66 310 313.42 1.03 43916 44054.48 20.66 102 10 198 13362 1310 25938 22.7 24.0 23.57 0.02
118800.0 310 114.77 1.0 44556 15182.26 1.0 15218 5565.01 1.05 2010283 892912.59 20.66 310 313.42 1.03 44226 44367.9 20.66 102 10 198 13464 1320 26136 22.7 24.0 23.6 0.02
119700.0 376 114.91 1.0 44932 15297.17 1.0 15275 5562.92 1.05 2025558 898475.51 20.66 370 313.42 1.03 44596 44681.32 20.66 102 10 198 13566 1330 26334 22.7 24.0 23.6 0.02
120600.0 354 115.55 1.0 45286 15412.72 1.0 15255 5562.91 1.05 2040813 904038.42 20.66 350 313.42 1.03 44946 44994.74 20.66 102 10 198 13668 1340 26532 22.7 24.0 23.6 0.02
121500.0 310 114.77 1.0 45596 15527.49 1.0 15215 5562.92 1.05 2056028 909601.34 20.66 310 313.42 1.03 45256 45308.15 20.66 102 10 198 13770 1350 26730 22.8 24.0 23.64 0.01
122400.0 310 114.77 1.0 45906 15642.26 1.0 15213 5562.91 1.05 2071241 915164.25 20.66 310 313.42 1.03 45566 45621.57 20.66 102 10 198 13872 1360 26928 22.8 24.0 23.67 0.01
123300.0 376 114.91 1.0 46282 15757.18 1.0 15273 5562.92 1.05 2086514 920727.17 20.66 370 313.42 1.03 45936 45934.99 20.66 102 10 198 13974 1370 27126 22.8 24.0 23.67 0.01
124200.0 354 115.55 1.0 46636 15872.73 1.0 15253 5562.91 1.05 2101767 926290.08 20.66 350 313.42 1.03 46286 46248.41 20.66 102 10 198 14076 1380 27324 22.8 24.0 23.67 0.01
125100.0 310 114.77 1.0 46946 15987.5 1.0 15210 5559.77 1.05 2116977 931849.85 20.66 310 313.42 1.03 46596 46561.82 20.66 102 10 198 14178 1390 27522 22.9 24.0 23.7 0.01
126000.0 310 114.77 1.0 47256 16102.27 1.0 15208 5559.76 1.05 2132185 937409.61 20.66 310 313.42 1.03 46906 46875.24 20.66 102 10 198 14280 1400 27720 22.9 24.0 23.73 0.01
126900.0 376 114.91 1.0 47632 16217.18 1.0 15267 5559.77 1.05 2147452 942969.38 20.66 370 313.42 1.03 47276 47188.66 20.66 102 10 198 14382 1410 27918 22.9 24.0 23.73 0.01
127800.0 354 115.55 1.0 47986 16332.73 1.0 15245 5558.71 1.05 2162697 948528.09 20.66 350 313.42 1.03 47626 47502.08 20.66 102 10 198 14484 1420 28116 22.9 24.0 23.73 0.01
128700.0 310 114.77 1.0 48296 16447.5 1.0 15205 5558.72 1.05 2177902 954086.8 20.66 310 313.42 1.03 47936 47815.49 20.66 102 10 198 14586 1430 28314 23.1 24.0 23.75 0.01
129600.0 310 114.77 1.0 48606 16562.28 1.0 15203 5556.61 1.05 2193105 959643.41 20.66 310 313.42 1.03 48246 48128.91 20.66 102 10 198 14688 1440 28512 23.1 24.0 23.77 0.01
130500.0 376 114.91 1.0 48982 16677.19 1.0 15258 5553.47 1.05 2208363 965196.88 20.66 370 313.42 1.03 48616 48442.33 20.66 102 10 198 14790 1450 28710 23.1 24.0 23.77 0.01
131400.0 354 115.55 1.0 49336 16792.74 1.0 15238 5553.46 1.05 2223601 970750.34 20.66 350 313.42 1.03 48966 48755.75 20.66 102 10 198 14892 1460 28908 23.1 24.0 23.77 0.01
132300.0 310 114.77 1.0 49646 16907.51 1.0 15197 5553.47 1.05 2238798 976303.81 20.66 310 313.42 1.03 49276 49069.16 20.66 102 10 198 14994 1470 29106 23.2 24.0 23.79 0.01
133200.0 310 114.77 1.0 49956 17022.28 1.0 15197 5553.46 1.05 2253995 981857.27 20.66 310 313.42 1.03 49586 49382.58 20.66 102 10 198 15096 1480 29304 23.2 24.0 23.8 0.01
134100.0 376 114.91 1.0 50332 17137.2 1.0 15257 5553.47 1.05 2269252 987410.74 20.66 370 313.42 1.03 49956 49696.0 20.66 102 10 198 15198 1490 29502 23.2 24.0 23.8 0.01
135000.0 354 115.55 1.0 50686 17252.75 1.0 15235 5553.46 1.05 2284487 992964.2 20.66 350 313.42 1.03 50306 50009.42 20.66 102 10 198 15300 1500 29700 23.2 24.0 23.8 0.01
135900.0 310 114.77 1.0 50996 17367.52 1.0 15192 5553.47 1.05 2299679 998517.67 20.66 310 313.42 1.03 50616 50322.83 20.66 102 10 198 15402 1510 29898 23.3 24.0 23.84 0.01
136800.0 310 114.77 1.0 51306 17482.29 1.0 15190 5552.41 1.05 2314869 1004070.08 20.66 310 313.42 1.03 50926 50636.25 20.66 102 10 198 15504 1520 30096 23.3 24.0 23.85 0.01
137700.0 376 114.91 1.0 51682 17597.2 1.0 15249 5551.37 1.05 2330118 1009621.44 20.66 370 313.42 1.03 51296 50949.67 20.66 102 10 198 15606 1530 30294 23.3 24.0 23.85 0.01
138600.0 354 115.55 1.0 52036 17712.75 1.0 15226 5551.36 1.05 2345344 1015172.81 20.66 350 313.42 1.03 51646 51263.09 20.66 102 10 198 15708 1540 30492 23.3 24.0 23.85 0.01
139500.0 310 114.77 1.0 52346 17827.53 1.0 15186 5551.37 1.05 2360530 1020724.17 20.66 310 313.42 1.03 51956 51576.5 20.66 102 10 198 15810 1550 30690 23.4 24.0 23.85 0.01
140400.0 310 114.77 1.0 52656 17942.3 1.0 15185 5550.31 1.05 2375715 1026274.48 20.66 310 313.42 1.03 52266 51889.92 20.66 102 10 198 15912 1560 30888 23.4 24.0 23.86 0.01
141300.0 376 114.91 1.0 53032 18057.21 1.0 15241 5549.27 1.05 2390956 1031823.75 20.66 370 313.42 1.03 52636 52203.34 20.66 102 10 198 16014 1570 31086 23.4 24.0 23.86 0.01
142200.0 354 115.55 1.0 53386 18172.76 1.0 15221 5549.26 1.05 2406177 1037373.01 20.66 350 313.42 1.03 52986 52516.76 20.66 102 10 198 16116 1580 31284 23.4 24.0 23.86 0.01
143100.0 310 114.77 1.0 53696 18287.53 1.0 15181 5549.27 1.05 2421358 1042922.28 20.66 310 313.42 1.03 53296 52830.17 20.66 102 10 198 16218 1590 31482 23.5 24.0 23.88 0.01
144000.0 310 114.77 1.0 54006 18402.3 1.0 15179 5549.26 1.05 2436537 1048471.54 20.66 310 313.42 1.03 53606 53143.59 20.66 102 10 198 16320 1600 31680 23.5 24.0 23.88 0.01
144900.0 376 114.91 1.0 54382 18517.22 1.0 15239 5549.27 1.05 2451776 1054020.81 20.66 370 313.42 1.03 53976 53457.01 20.66 102 10 198 16422 1610 31878 23.5 24.0 23.88 0.01
145800.0 354 115.55 1.0 54736 18632.77 1.0 15219 5549.26 1.05 2466995 1059570.07 20.66 350 313.42 1.03 54326 53770.43 20.66 102 10 198 16524 1620 32076 23.5 24.0 23.88 0.01
146700.0 310 114.77 1.0 55046 18747.54 1.0 15177 5549.27 1.05 2482172 1065119.33 20.66 310 313.42 1.03 54636 54083.84 20.66 102 10 198 16626 1630 32274 23.6 24.0 23.89 0.01
147600.0 310 114.77 1.0 55356 18862.31 1.0 15176 5549.26 1.05 2497348 1070668.59 20.66 310 313.42 1.03 54946 54397.26 20.66 102 10 198 16728 1640 32472 23.6 24.0 23.89 0.01
148500.0 376 114.91 1.0 55732 18977.23 1.0 15235 5549.27 1.05 2512583 1076217.86 20.66 370 313.42 1.03 55316 54710.68 20.66 102 10 198 16830 1650 32670 23.6 24.0 23.89 0.01
149400.0 354 115.55 1.0 56086 19092.77 1.0 15211 5549.26 1.05 2527794 1081767.12 20.66 350 313.42 1.03 55666 55024.09 20.66 102 10 198 16932 1660 32868 23.6 24.0 23.89 0.01
150300.0 310 114.77 1.0 56396 19207.55 1.0 15171 5549.27 1.05 2542965 1087316.39 20.66 310 313.42 1.03 55976 55337.51 20.66 102 10 198 17034 1670 33066 23.7 24.0 23.89 0.01
151200.0 310 114.77 1.0 56706 19322.32 1.0 15169 5548.21 1.05 2558134 1092864.6 20.66 310 313.42 1.03 56286 55650.93 20.66 102 10 198 17136 1680 33264 23.7 24.0 23.9 0.01
152100.0 376 114.91 1.0 57082 19437.23 1.0 15227 5547.17 1.05 2573361 1098411.77 20.66 370 313.42 1.03 56656 55964.35 20.66 102 10 198 17238 1690 33462 23.7 24.0 23.9 0.01
153000.0 354 115.55 1.0 57436 19552.78 1.0 15207 5547.16 1.05 2588568 1103958.93 20.66 350 313.42 1.03 57006 56277.76 20.66 102 10 198 17340 1700 33660 23.7 24.0 23.9 0.01
153900.0 310 114.77 1.0 57746 19667.55 1.0 15164 5546.12 1.05 2603732 1109505.04 20.66 310 313.42 1.03 57316 56591.18 20.66 102 10 198 17442 1710 33858 23.6 24.0 23.89 0.01
154800.0 310 114.77 1.0 58056 19782.32 1.0 15162 5546.11 1.05 2618894 1115051.15 20.66 310 313.42 1.03 57626 56904.6 20.66 102 10 198 17544 1720 34056 23.6 24.0 23.89 0.01
155700.0 376 114.91 1.0 58432 19897.24 1.0 15222 5546.12 1.05 2634116 1120597.27 20.66 370 313.42 1.03 57996 57218.02 20.66 102 10 198 17646 1730 34254 23.6 24.0 23.89 0.01
156600.0 354 115.55 1.0 58786 20012.79 1.0 15201 5546.11 1.05 2649317 1126143.38 20.66 350 313.42 1.03 58346 57531.43 20.66 102 10 198 17748 1740 34452 23.6 24.0 23.89 0.01
157500.0 310 114.77 1.0 59096 20127.56 1.0 15159 5546.12 1.05 2664476 1131689.5 20.66 310 313.42 1.03 58656 57844.85 20.66 102 10 198 17850 1750 34650 23.5 24.0 23.88 0.01
158400.0 310 114.77 1.0 59406 20242.33 1.0 15159 5546.11 1.05 2679635 1137235.61 20.66 310 313.42 1.03 58966 58158.27 20.66 102 10 198 17952 1760 34848 23.5 24.0 23.88 0.01
159300.0 376 114.91 1.0 59782 20357.25 1.0 15219 5546.12 1.05 2694854 1142781.73 20.66 370 313.42 1.03 59336 58471.69 20.66 102 10 198 18054 1770 35046 23.5 24.0 23.88 0.01
160200.0 354 115.55 1.0 60136 20472.8 1.0 15197 5545.06 1.05 2710051 1148326.79 20.66 350 313.42 1.03 59686 58785.1 20.66 102 10 198 18156 1780 35244 23.5 24.0 23.88 0.01
161100.0 310 114.77 1.0 60446 20587.57 1.0 15157 5545.07 1.05 2725208 1153871.85 20.66 310 313.42 1.03 59996 59098.52 20.66 102 10 198 18258 1790 35442 23.4 24.0 23.86 0.01
162000.0 310 114.77 1.0 60756 20702.34 1.0 15157 5545.06 1.05 2740365 1159416.91 20.66 310 313.42 1.03 60306 59411.94 20.66 102 10 198 18360 1800 35640 23.4 24.0 23.86 0.01
162900.0 376 114.76 1.0 61132 20817.1 1.0 15217 5544.74 1.05 2755582 1164961.65 20.66 370 313.41 1.03 60676 59725.35 20.66 102 10 198 18462 1810 35838 23.4 24.0 23.86 0.01
163800.0 354 115.55 1.0 61486 20932.65 1.0 15197 5545.06 1.05 2770779 1170506.71 20.66 350 313.42 1.03 61026 60038.77 20.66 102 10 198 18564 1820 36036 23.4 24.0 23.86 0.01
164700.0 310 114.77 1.0 61796 21047.42 1.0 15156 5545.07 1.05 2785935 1176051.78 20.66 310 313.42 1.03 61336 60352.18 20.66 102 10 198 18666 1830 36234 23.3 24.0 23.83 0.02
165600.0 310 114.77 1.0 62106 21162.19 1.0 15152 5544.01 1.05 2801087 1181595.79 20.66 310 313.42 1.03 61646 60665.6 20.66 102 10 198 18768 1840 36432 23.3 24.0 23.82 0.02
166500.0 376 114.91 1.0 62482 21277.11 1.0 15212 5544.02 1.05 2816299 1187139.81 20.66 370 313.42 1.03 62016 60979.02 20.66 102 10 198 18870 1850 36630 23.3 24.0 23.82 0.02
167400.0 354 115.55 1.0 62836 21392.66 1.0 15191 5544.01 1.05 2831490 1192683.82 20.66 350 313.42 1.03 62366 61292.44 20.66 102 10 198 18972 1860 36828 23.3 24.0 23.82 0.02
168300.0 310 114.77 1.0 63146 21507.43 1.0 15151 5544.02 1.05 2846641 1198227.83 20.66 310 313.42 1.03 62676 61605.85 20.66 102 10 198 19074 1870 37026 23.2 24.0 23.8 0.02
169200.0 310 114.77 1.0 63456 21622.2 1.0 15149 5541.91 1.05 2861790 1203769.74 20.66 310 313.42 1.03 62986 61919.27 20.66 102 10 198 19176 1880 37224 23.2 24.0 23.79 0.02
170100.0 376 114.76 1.0 63832 21736.96 1.0 15208 5541.59 1.05 2876998 1209311.33 20.66 370 313.41 1.03 63356 62232.68 20.66 102 10 198 19278 1890 37422 23.2 24.0 23.79 0.02
171000.0 354 115.55 1.0 64186 21852.51 1.0 15186 5540.86 1.05 2892184 1214852.19 20.66 350 313.42 1.03 63706 62546.1 20.66 102 10 198 19380 1900 37620 23.2 24.0 23.79 0.02
171900.0 310 114.77 1.0 64496 21967.28 1.0 15145 5540.87 1.05 2907329 1220393.06 20.66 310 313.42 1.03 64016 62859.51 20.66 102 10 198 19482 1910 37818 23.1 24.0 23.76 0.03
172800.0 310 114.77 1.0 64806 22082.05 1.0 15143 5539.81 1.05 2922472 1225932.87 20.66 310 313.42 1.03 64326 63172.93 20.66 102 10 198 19584 1920 38016 23.1 24.0 23.74 0.02
173700.0 376 114.91 1.0 65182 22196.97 1.0 15201 5539.82 1.05 2937673 1231472.69 20.66 370 313.42 1.03 64696 63486.35 20.66 102 10 198 19686 1930 38214 23.1 24.0 23.74 0.02
174600.0 354 115.55 1.0 65536 22312.52 1.0 15180 5539.81 1.05 2952853 1237012.5 20.66 350 313.42 1.03 65046 63799.77 20.66 102 10 198 19788 1940 38412 23.1 24.0 23.74 0.02
175500.0 310 114.77 1.0 65846 22427.29 1.0 15139 5539.82 1.05 2967992 1242552.31 20.66 310 313.42 1.03 65356 64113.18 20.66 102 10 198 19890 1950 38610 22.9 23.9 23.7 0.03
176400.0 310 114.77 1.0 66156 22542.06 1.0 15135 5538.76 1.05 2983127 1248091.07 20.66 310 313.42 1.03 65666 64426.6 20.66 102 10 198 19992 1960 38808 22.9 23.9 23.68 0.03
177300.0 376 114.91 1.0 66532 22656.97 1.0 15190 5537.72 1.05 2998317 1253628.79 20.66 370 313.42 1.03 66036 64740.02 20.66 102 10 198 20094 1970 39006 22.9 23.9 23.68 0.03
178200.0 354 115.55 1.0 66886 22772.52 1.0 15167 5536.66 1.05 3013484 1259165.45 20.66 350 313.42 1.03 66386 65053.44 20.66 102 10 198 20196 1980 39204 22.9 23.9 23.68 0.03
179100.0 310 114.77 1.0 67196 22887.29 1.0 15126 5532.47 1.05 3028610 1264697.92 20.66 310 313.42 1.03 66696 65366.85 20.66 102 10 198 20298 1990 39402 22.8 23.9 23.61 0.03
180000.0 310 114.77 1.0 67506 23002.07 1.0 15128 5535.61 1.05 3043738 1270233.53 20.66 310 313.42 1.03 67006 65680.27 20.66 102 10 198 20400 2000 39600 22.8 23.9 23.58 0.02
180900.0 376 114.91 1.0 67882 23116.98 1.0 15188 5535.62 1.05 3058926 1275769.14 20.66 370 313.42 1.03 67376 65993.69 20.66 102 10 198 20502 2010 39798 22.8 23.9 23.58 0.02
181800.0 354 115.55 1.0 68236 23232.53 1.0 15162 5534.56 1.05 3074088 1281303.7 20.66 350 313.42 1.03 67726 66307.11 20.66 102 10 198 20604 2020 39996 22.8 23.9 23.58 0.02
182700.0 310 114.77 1.0 68546 23347.3 1.0 15124 5531.42 1.05 3089212 1286835.12 20.66 310 313.42 1.03 68036 66620.52 20.66 102 10 198 20706 2030 40194 22.7 23.8 23.49 0.03
183600.0 310 114.77 1.0 68856 23462.07 1.0 15127 5533.51 1.05 3104339 1292368.63 20.66 310 313.42 1.03 68346 66933.94 20.66 102 10 198 20808 2040 40392 22.7 23.8 23.44 0.02
184500.0 376 114.91 1.0 69232 23576.99 1.0 15186 5533.52 1.05 3119525 1297902.15 20.66 370 313.42 1.03 68716 67247.36 20.66 102 10 198 20910 2050 40590 22.7 23.8 23.44 0.02
185400.0 354 115.55 1.0 69586 23692.54 1.0 15160 5533.51 1.05 3134685 1303435.66 20.66 350 313.42 1.03 69066 67560.78 20.66 102 10 198 21012 2060 40788 22.7 23.8 23.44 0.02
186300.0 310 114.77 1.0 69896 23807.31 1.0 15128 5534.57 1.05 3149813 1308970.22 20.66 310 313.42 1.03 69376 67874.19 20.66 102 10 198 21114 2070 40986 22.4 23.7 23.32 0.03
187200.0 310 114.77 1.0 70206 23922.08 1.0 15124 5533.51 1.05 3164937 1314503.73 20.66 310 313.42 1.03 69686 68187.61 20.66 102 10 198 21216 2080 41184 22.4 23.7 23.26 0.02
188100.0 376 114.91 1.0 70582 24036.99 1.0 15183 5533.52 1.05 3180120 1320037.25 20.66 370 313.42 1.03 70056 68501.03 20.66 102 10 198 21318 2090 41382 22.4 23.7 23.26 0.02
189000.0 354 115.55 1.0 70936 24152.54 1.0 15160 5532.46 1.05 3195280 1325569.71 20.66 350 313.42 1.03 70406 68814.45 20.66 102 10 198 21420 2100 41580 22.4 23.7 23.26 0.02
189900.0 310 114.77 1.0 71246 24267.32 1.0 15110 5529.32 1.05 3210390 1331099.03 20.66 310 313.42 1.03 70716 69127.86 20.66 102 10 198 21522 2110 41778 22.1 23.5 23.1 0.04
190800.0 310 114.77 1.0 71556 24382.09 1.0 15110 5529.31 1.05 3225500 1336628.34 20.66 310 313.42 1.03 71026 69441.28 20.66 102 10 198 21624 2120 41976 22.1 23.5 23.01 0.03
191700.0 376 114.91 1.0 71932 24497.0 1.0 15168 5528.27 1.05 3240668 1342156.6 20.66 370 313.42 1.03 71396 69754.7 20.66 102 10 198 21726 2130 42174 22.1 23.5 23.01 0.03
192600.0 354 115.55 1.0 72286 24612.55 1.0 15135 5524.06 1.05 3255803 1347680.66 20.66 350 313.42 1.03 71746 70068.12 20.66 102 10 198 21828 2140 42372 22.1 23.5 23.01 0.03
193500.0 310 114.77 1.0 72596 24727.32 1.0 15103 5526.17 1.05 3270906 1353206.83 20.66 310 313.42 1.03 72056 70381.53 20.66 102 10 198 21930 2150 42570 22.0 23.3 22.82 0.03
194400.0 310 114.77 1.0 72906 24842.09 1.0 15104 5528.26 1.05 3286010 1358735.09 20.66 310 313.42 1.03 72366 70694.95 20.66 102 10 198 22032 2160 42768 22.0 23.3 22.73 0.02
195300.0 376 114.91 1.0 73282 24957.01 1.0 15154 5523.02 1.05 3301164 1364258.11 20.66 370 313.42 1.03 72736 71008.37 20.66 102 10 198 22134 2170 42966 22.0 23.3 22.73 0.02
196200.0 354 115.55 1.0 73636 25072.56 1.0 15131 5521.96 1.05 3316295 1369780.07 20.66 350 313.42 1.03 73086 71321.78 20.66 102 10 198 22236 2180 43164 22.0 23.3 22.73 0.02
197100.0 310 114.77 1.0 73946 25187.33 1.0 15100 5525.12 1.05 3331395 1375305.18 20.66 310 313.42 1.03 73396 71635.2 20.66 102 10 198 22338 2190 43362 22.0 23.1 22.53 0.02
198000.0 310 114.77 1.0 74256 25302.1 1.0 15082 5519.86 1.05 3346477 1380825.04 20.66 310 313.42 1.03 73706 71948.62 20.66 102 10 198 22440 2200 43560 22.0 23.1 22.42 0.03
198900.0 376 114.91 1.0 74632 25417.02 1.0 15139 5518.82 1.05 3361616 1386343.86 20.66 370 313.42 1.03 74076 72262.04 20.66 102 10 198 22542 2210 43758 22.0 23.1 22.42 0.03
199800.0 354 115.55 1.0 74986 25532.56 1.0 15117 5516.71 1.05 3376733 1391860.57 20.66 350 313.42 1.03 74426 72575.45 20.66 102 10 198 22644 2220 43956 22.0 23.1 22.41 0.03
200700.0 310 114.77 1.0 75296 25647.34 1.0 15081 5517.77 1.05 3391814 1397378.33 20.66 310 313.42 1.03 74736 72888.87 20.66 102 10 198 22746 2230 44154 22.0 22.8 22.26 0.01
201600.0 310 114.77 1.0 75606 25762.11 1.0 15082 5518.81 1.05 3406896 1402897.14 20.66 310 313.42 1.03 75046 73202.29 20.66 102 10 198 22848 2240 44352 22.0 22.8 22.18 0.02
202500.0 376 114.91 1.0 75982 25877.02 1.0 15142 5518.82 1.05 3422038 1408415.96 20.66 370 313.42 1.03 75416 73515.71 20.66 102 10 198 22950 2250 44550 22.0 22.8 22.18 0.02
203400.0 354 115.55 1.0 76336 25992.57 1.0 15115 5516.71 1.05 3437153 1413932.67 20.66 350 313.42 1.03 75766 73829.12 20.66 102 10 198 23052 2260 44748 22.0 22.8 22.18 0.02
204300.0 310 114.77 1.0 76646 26107.34 1.0 15087 5519.87 1.05 3452240 1419452.53 20.66 310 313.42 1.03 76076 74142.54 20.66 102 10 198 23154 2270 44946 22.0 22.6 22.07 0.01
205200.0 310 114.77 1.0 76956 26222.11 1.0 15087 5519.86 1.05 3467327 1424972.39 20.66 310 313.42 1.03 76386 74455.96 20.66 102 10 198 23256 2280 45144 22.0 22.6 22.06 0.01
206100.0 376 114.76 1.0 77332 26336.88 1.0 15145 5518.49 1.05 3482472 1430490.88 20.66 370 313.41 1.03 76756 74769.37 20.66 102 10 198 23358 2290 45342 22.0 22.6 22.06 0.01
207000.0 354 115.55 1.0 77686 26452.42 1.0 15110 5513.56 1.05 3497582 1436004.44 20.66 350 313.42 1.03 77106 75082.79 20.66 102 10 198 23460 2300 45540 22.0 22.6 22.06 0.01
207900.0 310 114.77 1.0 77996 26567.2 1.0 15081 5515.67 1.05 3512663 1441520.11 20.66 310 313.42 1.03 77416 75396.2 20.66 102 10 198 23562 2310 45738 22.0 22.2 22.02 0.0
208800.0 310 114.77 1.0 78306 26681.97 1.0 15078 5514.61 1.05 3527741 1447034.72 20.66 310 313.42 1.03 77726 75709.62 20.66 102 10 198 23664 2320 45936 22.0 22.2 22.02 0.0
209700.0 376 114.91 1.0 78682 26796.88 1.0 15137 5514.62 1.05 3542878 1452549.33 20.66 370 313.42 1.03 78096 76023.04 20.66 102 10 198 23766 2330 46134 22.0 22.2 22.02 0.0
210600.0 354 115.55 1.0 79036 26912.43 1.0 15105 5511.46 1.05 3557983 1458060.79 20.66 350 313.42 1.03 78446 76336.46 20.66 102 10 198 23868 2340 46332 22.0 22.2 22.02 0.0
211500.0 310 114.77 1.0 79346 27027.2 1.0 15067 5511.46 1.05 3573050 1463572.26 20.66 310 313.42 1.03 78756 76649.87 20.66 102 10 198 23970 2350 46530 22.0 22.0 22.0 0.0
212400.0 310 114.77 1.0 79656 27141.98 1.0 15066 5511.46 1.05 3588116 1469083.72 20.66 310 313.42 1.03 79066 76963.29 20.66 102 10 198 24072 2360 46728 22.0 22.0 22.0 0.0
213300.0 376 114.76 1.0 80032 27256.74 1.0 15120 5509.04 1.05 3603236 1474592.76 20.66 370 313.41 1.03 79436 77276.7 20.66 102 10 198 24174 2370 46926 22.0 22.0 22.0 0.0
214200.0 354 115.55 1.0 80386 27372.29 1.0 15090 5508.31 1.05 3618326 1480101.07 20.66 350 313.42 1.03 79786 77590.12 20.66 102 10 198 24276 2380 47124 22.0 22.0 22.0 0.0
215100.0 310 114.77 1.0 80696 27487.06 1.0 15049 5508.31 1.05 3633375 1485609.38 20.66 310 313.42 1.03 80096 77903.53 20.66 102 10 198 24378 2390 47322 22.0 22.0 22.0 0.0
216000.0 310 114.77 1.0 81006 27601.83 1.0 15043 5506.21 1.05 3648418 1491115.59 20.66 310 313.42 1.03 80406 78216.95 20.66 102 10 198 24480 2400 47520 22.0 22.0 22.0 0.0
216900.0 376 114.91 1.0 81382 27716.74 1.0 15101 5505.17 1.05 3663519 1496620.76 20.66 370 313.42 1.03 80776 78530.37 20.66 102 10 198 24582 2410 47718 22.0 22.0 22.0 0.0
217800.0 354 115.55 1.0 81736 27832.29 1.0 15078 5503.06 1.05 3678597 1502123.82 20.66 350 313.42 1.03 81126 78843.79 20.66 102 10 198 24684 2420 47916 22.0 22.0 22.0 0.0
218700.0 310 114.77 1.0 82046 27947.06 1.0 15031 5500.96 1.05 3693628 1507624.78 20.66 310 313.42 1.03 81436 79157.2 20.66 102 10 198 24786 2430 48114 22.0 22.0 22.0 0.0
219600.0 310 114.77 1.0 82356 28061.84 1.0 15027 5499.91 1.05 3708655 1513124.69 20.66 310 313.42 1.03 81746 79470.62 20.66 102 10 198 24888 2440 48312 22.0 22.0 22.0 0.0
220500.0 376 114.91 1.0 82732 28176.75 1.0 15075 5492.57 1.05 3723730 1518617.26 20.66 370 313.42 1.03 82116 79784.04 20.66 102 10 198 24990 2450 48510 22.0 22.0 22.0 0.0
221400.0 354 115.55 1.0 83086 28292.3 1.0 15052 5493.41 1.05 3738782 1524110.66 20.66 350 313.46 1.03 82466 80097.5 20.66 102 10 198 25092 2460 48708 21.8 22.0 22.0 0.0
222300.0 310 114.78 1.0 83396 28407.08 1.0 15123 5536.04 1.05 3753905 1529646.7 20.66 310 313.47 1.03 82776 80410.96 20.66 102 10 198 25194 2470 48906 19.8 22.0 21.07 0.08
223200.0 310 114.78 1.0 83706 28521.85 1.0 15143 5543.39 1.05 3769048 1535190.1 20.66 310 313.47 1.03 83086 80724.43 20.66 102 10 198 25296 2480 49104 19.8 21.8 20.55 0.13
224100.0 376 114.92 1.0 84082 28636.77 1.0 15203 5543.39 1.05 3784251 1540733.49 20.66 370 313.47 1.03 83456 81037.9 20.66 102 10 198 25398 2490 49302 19.8 21.8 20.55 0.13
225000.0 354 115.55 1.0 84436 28752.32 1.0 15181 5541.82 1.05 3799432 1546275.31 20.66 350 313.46 1.03 83806 81351.36 20.66 102 10 198 25500 2500 49500 19.8 21.8 20.55 0.13
225900.0 310 114.77 1.0 84746 28867.1 1.0 15142 5542.14 1.05 3814574 1551817.45 20.66 310 313.46 1.03 84116 81664.82 20.66 102 10 198 25602 2510 49698 19.8 21.7 20.49 0.12
226800.0 310 114.77 1.0 85056 28981.87 1.0 15144 5543.19 1.05 3829718 1557360.64 20.66 310 313.46 1.03 84426 81978.29 20.66 102 10 198 25704 2520 49896 19.8 21.7 20.45 0.14
227700.0 376 114.92 1.0 85432 29096.79 1.0 15204 5543.19 1.05 3844922 1562903.83 20.66 370 313.46 1.03 84796 82291.75 20.66 102 10 198 25806 2530 50094 19.8 21.7 20.45 0.14
228600.0 354 115.55 1.0 85786 29212.34 1.0 15180 5542.43 1.05 3860102 1568446.26 20.66 350 313.47 1.03 85146 82605.22 20.66 102 10 198 25908 2540 50292 19.8 21.7 20.45 0.14
229500.0 310 114.77 1.0 86096 29327.11 1.0 15141 5543.16 1.05 3875243 1573989.42 20.66 310 313.46 1.03 85456 82918.69 20.66 102 10 198 26010 2550 50490 19.9 21.6 20.46 0.13
230400.0 310 114.77 1.0 86406 29441.89 1.0 15140 5542.11 1.05 3890383 1579531.53 20.66 310 313.46 1.03 85766 83232.15 20.66 102 10 198 26112 2560 50688 19.8 21.6 20.44 0.14
231300.0 376 114.76 1.0 86782 29556.65 1.0 15199 5540.78 1.05 3905582 1585072.31 20.66 370 313.46 1.03 86136 83545.61 20.66 102 10 198 26214 2570 50886 19.8 21.6 20.44 0.14
232200.0 354 115.55 1.0 87136 29672.2 1.0 15175 5539.11 1.05 3920757 1590611.42 20.66 350 313.47 1.03 86486 83859.08 20.66 102 10 198 26316 2580 51084 19.8 21.6 20.44 0.14
233100.0 310 114.78 1.0 87446 29786.98 1.0 15137 5540.48 1.05 3935894 1596151.89 20.66 310 313.47 1.03 86796 84172.55 20.66 102 10 198 26418 2590 51282 19.8 21.5 20.49 0.14
234000.0 310 114.78 1.0 87756 29901.76 1.0 15135 5540.47 1.05 3951029 1601692.37 20.66 310 313.47 1.03 87106 84486.02 20.66 102 10 198 26520 2600 51480 19.8 21.5 20.48 0.15
234900.0 376 114.92 1.0 88132 30016.67 1.0 15195 5540.48 1.05 3966224 1607232.84 20.66 370 313.47 1.03 87476 84799.49 20.66 102 10 198 26622 2610 51678 19.8 21.5 20.48 0.15
235800.0 354 115.55 1.0 88486 30132.22 1.0 15168 5537.03 1.05 3981392 1612769.88 20.66 350 313.45 1.03 87826 85112.94 20.66 102 10 198 26724 2620 51876 19.8 21.5 20.48 0.15
236700.0 310 114.77 1.0 88796 30247.0 1.0 15135 5538.52 1.05 3996527 1618308.4 20.66 310 313.43 1.03 88136 85426.37 20.66 102 10 198 26826 2630 52074 19.8 21.4 20.54 0.15
237600.0 310 114.77 1.0 89106 30361.77 1.0 15134 5538.52 1.05 4011661 1623846.91 20.66 310 313.43 1.03 88446 85739.81 20.66 102 10 198 26928 2640 52272 19.7 21.4 20.54 0.15
238500.0 376 114.76 1.0 89482 30476.53 1.0 15189 5536.09 1.05 4026850 1629383.01 20.66 370 313.43 1.03 88816 86053.23 20.66 102 10 198 27030 2650 52470 19.7 21.4 20.54 0.15
239400.0 354 115.55 1.0 89836 30592.08 1.0 15156 5532.17 1.05 4042006 1634915.18 20.66 350 313.46 1.03 89166 86366.69 20.66 102 10 198 27132 2660 52668 19.7 21.4 20.54 0.15
240300.0 310 114.77 1.0 90146 30706.86 1.0 15123 5535.32 1.05 4057129 1640450.5 20.66 310 313.45 1.03 89476 86680.14 20.66 102 10 198 27234 2670 52866 19.7 21.6 20.59 0.15
241200.0 310 114.77 1.0 90456 30821.63 1.0 15115 5534.27 1.05 4072244 1645984.77 20.66 310 313.45 1.03 89786 86993.59 20.66 102 10 198 27336 2680 53064 19.7 21.6 20.59 0.15
242100.0 376 114.92 1.0 90832 30936.55 1.0 15174 5533.22 1.05 4087418 1651518.0 20.66 370 313.45 1.03 90156 87307.05 20.66 102 10 198 27438 2690 53262 19.7 21.6 20.59 0.15
243000.0 354 115.55 1.0 91186 31052.1 1.0 15143 5528.94 1.05 4102561 1657046.94 20.66 350 313.45 1.03 90506 87620.5 20.66 102 10 198 27540 2700 53460 19.7 21.6 20.59 0.15
243900.0 310 114.77 1.0 91496 31166.87 1.0 15116 5531.32 1.05 4117677 1662578.25 20.66 310 313.46 1.03 90816 87933.96 20.66 102 10 198 27642 2710 53658 19.7 21.8 20.64 0.17
244800.0 310 114.77 1.0 91806 31281.65 1.0 15117 5531.32 1.05 4132794 1668109.57 20.66 310 313.46 1.03 91126 88247.42 20.66 102 10 198 27744 2720 53856 19.6 21.8 20.64 0.17
245700.0 376 114.92 1.0 92182 31396.57 1.0 15177 5531.32 1.05 4147971 1673640.89 20.66 370 313.46 1.03 91496 88560.87 20.66 102 10 198 27846 2730 54054 19.6 21.8 20.64 0.17
246600.0 354 115.55 1.0 92536 31512.12 1.0 15135 5525.33 1.05 4163106 1679166.22 20.66 350 313.47 1.03 91846 88874.34 20.66 102 10 198 27948 2740 54252 19.6 21.8 20.64 0.17
247500.0 310 114.77 1.0 92846 31626.89 1.0 15104 5527.28 1.05 4178210 1684693.49 20.66 310 313.46 1.03 92156 89187.8 20.66 102 10 198 28050 2750 54450 19.6 21.9 20.63 0.18
248400.0 310 114.77 1.0 93156 31741.67 1.0 15102 5525.18 1.05 4193312 1690218.67 20.66 310 313.46 1.03 92466 89501.26 20.66 102 10 198 28152 2760 54648 19.5 21.9 20.62 0.18
249300.0 376 114.92 1.0 93532 31856.58 1.0 15159 5524.13 1.05 4208471 1695742.8 20.66 370 313.46 1.03 92836 89814.72 20.66 102 10 198 28254 2770 54846 19.5 21.9 20.62 0.18
250200.0 354 115.55 1.0 93886 31972.13 1.0 15122 5519.47 1.05 4223593 1701262.27 20.66 350 313.45 1.03 93186 90128.17 20.66 102 10 198 28356 2780 55044 19.5 21.9 20.62 0.18
251100.0 310 114.77 1.0 94196 32086.91 1.0 15100 5526.81 1.05 4238693 1706789.09 20.66 310 313.45 1.03 93496 90441.62 20.66 102 10 198 28458 2790 55242 19.5 22.0 20.6 0.19
252000.0 310 114.77 1.0 94506 32201.68 1.0 15101 5527.87 1.05 4253794 1712316.95 20.66 310 313.45 1.03 93806 90755.08 20.66 102 10 198 28560 2800 55440 19.5 22.0 20.57 0.21
252900.0 376 114.92 1.0 94882 32316.6 1.0 15161 5527.87 1.05 4268955 1717844.82 20.66 370 313.45 1.03 94176 91068.53 20.66 102 10 198 28662 2810 55638 19.5 22.0 20.57 0.21
253800.0 354 115.55 1.0 95236 32432.15 1.0 15128 5523.98 1.05 4284083 1723368.8 20.66 350 313.46 1.03 94526 91381.99 20.66 102 10 198 28764 2820 55836 19.5 22.0 20.57 0.21
254700.0 310 114.77 1.0 95546 32546.93 1.0 15135 5538.76 1.05 4299218 1728907.56 20.66 310 313.46 1.03 94836 91695.45 20.66 102 10 198 28866 2830 56034 19.5 21.8 20.44 0.21
255600.0 310 114.77 1.0 95856 32661.7 1.0 15144 5542.97 1.05 4314362 1734450.53 20.66 310 313.46 1.03 95146 92008.91 20.66 102 10 198 28968 2840 56232 19.3 21.8 20.4 0.23
256500.0 376 114.92 1.0 96232 32776.62 1.0 15204 5542.97 1.05 4329566 1739993.5 20.66 370 313.46 1.03 95516 92322.37 20.66 102 10 198 29070 2850 56430 19.3 21.8 20.4 0.23
257400.0 354 115.55 1.0 96586 32892.17 1.0 15155 5531.93 1.05 4344721 1745525.43 20.66 350 313.45 1.03 95866 92635.82 20.66 102 10 198 29172 2860 56628 19.3 21.8 20.4 0.23
258300.0 310 114.77 1.0 96896 33006.94 1.0 15152 5544.87 1.05 4359873 1751070.3 20.66 310 313.45 1.03 96176 92949.27 20.66 102 10 198 29274 2870 56826 19.3 21.6 20.22 0.21
259200.0 310 114.77 1.0 97206 33121.72 1.0 15157 5545.92 1.05 4375030 1756616.22 20.66 310 313.46 1.03 96486 93262.73 20.66 102 10 198 29376 2880 57024 19.2 21.6 20.15 0.25
260100.0 376 114.92 1.0 97582 33236.63 1.0 15217 5545.92 1.05 4390247 1762162.14 20.66 370 313.46 1.03 96856 93576.18 20.66 102 10 198 29478 2890 57222 19.2 21.6 20.15 0.25
261000.0 356 115.61 1.0 97938 33352.25 1.0 15505 151590.15 20.63 4405752 1913752.28 20.66 352 3250.77 20.63 97208 96826.95 20.66 102 10 198 29580 2900 57420 19.2 21.6 20.15 0.25
261900.0 310 114.77 1.0 98248 33467.02 1.0 15183 5553.97 1.05 4420935 1919306.25 20.66 310 313.47 1.03 97518 97140.42 20.66 102 10 198 29682 2910 57618 18.9 20.8 19.68 0.18
262800.0 310 114.77 1.0 98558 33581.8 1.0 15184 5553.96 1.05 4436119 1924860.21 20.66 310 313.47 1.03 97828 97453.89 20.66 102 10 198 29784 2920 57816 18.9 20.8 19.64 0.24
263700.0 376 114.92 1.0 98934 33696.71 1.0 15244 5553.97 1.05 4451363 1930414.17 20.66 370 313.47 1.03 98198 97767.36 20.66 102 10 198 29886 2930 58014 18.9 20.8 19.64 0.24
264600.0 356 115.63 1.0 99290 33812.34 1.0 15532 151579.88 20.63 4466895 2081994.05 20.66 352 3249.63 20.63 98550 101017.0 20.66 102 10 198 29988 2940 58212 18.9 20.8 19.64 0.24
265500.0 310 114.8 1.0 99600 33927.14 1.0 15230 5591.55 1.05 4482125 2087585.6 20.66 310 313.82 1.04 98860 101330.81 20.66 102 10 198 30090 2950 58410 17.3 20.2 18.11 0.13
266400.0 310 114.8 1.0 99910 34041.94 1.0 15241 5594.73 1.05 4497366 2093180.33 20.66 310 313.82 1.04 99170 101644.63 20.66 102 10 198 30192 2960 58608 17.3 18.8 17.81 0.02
267300.0 376 114.94 1.0 100286 34156.88 1.0 15301 5594.7 1.05 4512667 2098775.03 20.66 370 313.82 1.04 99540 101958.45 20.66 102 10 198 30294 2970 58806 17.3 18.8 17.81 0.02
268200.0 356 115.64 1.0 100642 34272.52 1.0 15590 151445.76 20.62 4528257 2250220.79 20.66 352 3247.02 20.62 99892 105205.47 20.66 102 10 198 30396 2980 59004 17.3 18.8 17.81 0.02
269100.0 310 114.8 1.0 100952 34387.31 1.0 15232 5590.74 1.05 4543489 2255811.52 20.66 310 313.74 1.04 100202 105519.21 20.66 102 10 198 30498 2990 59202 17.3 18.7 17.79 0.02
270000.0 310 114.8 1.0 101262 34502.11 1.0 15234 5591.82 1.05 4558723 2261403.35 20.66 310 313.74 1.04 100512 105832.95 20.66 102 10 198 30600 3000 59400 17.3 18.7 17.77 0.02
270900.0 376 114.94 1.0 101638 34617.05 1.0 15294 5591.79 1.05 4574017 2266995.13 20.66 370 313.74 1.04 100882 106146.69 20.66 102 10 198 30702 3010 59598 17.3 18.7 17.77 0.02
271800.0 354 115.57 1.0 101992 34732.62 1.0 15269 5590.15 1.05 4589286 2272585.29 20.66 350 313.73 1.04 101232 106460.42 20.66 102 10 198 30804 3020 59796 17.3 18.7 17.77 0.02
272700.0 310 114.8 1.0 102302 34847.42 1.0 15232 5589.07 1.05 4604518 2278174.36 20.66 310 313.73 1.04 101542 106774.15 20.66 102 10 198 30906 3030 59994 17.3 18.6 17.75 0.02
273600.0 310 114.8 1.0 102612 34962.21 1.0 15232 5590.15 1.05 4619750 2283764.51 20.66 310 313.73 1.04 101852 107087.88 20.66 102 10 198 31008 3040 60192 17.3 18.6 17.74 0.02
274500.0 376 114.94 1.0 102988 35077.15 1.0 15291 5590.12 1.05 4635041 2289354.63 20.66 370 313.73 1.04 102222 107401.61 20.66 102 10 198 31110 3050 60390 17.3 18.6 17.74 0.02
275400.0 354 115.58 1.0 103342 35192.72 1.0 15266 5593.16 1.05 4650307 2294947.79 20.66 350 313.79 1.04 102572 107715.4 20.66 102 10 198 31212 3060 60588 17.3 18.6 17.74 0.02
276300.0 310 114.8 1.0 103652 35307.52 1.0 15223 5590.84 1.05 4665530 2300538.62 20.66 310 313.76 1.04 102882 108029.16 20.66 102 10 198 31314 3070 60786 17.3 18.5 17.72 0.02
277200.0 310 114.8 1.0 103962 35422.32 1.0 15224 5590.87 1.05 4680754 2306129.49 20.66 310 313.76 1.04 103192 108342.93 20.66 102 10 198 31416 3080 60984 17.3 18.5 17.71 0.02
278100.0 376 114.78 1.0 104338 35537.1 1.0 15284 5590.53 1.05 4696038 2311720.02 20.66 370 313.76 1.04 103562 108656.69 20.66 102 10 198 31518 3090 61182 17.3 18.5 17.71 0.02
279000.0 354 115.57 1.0 104692 35652.67 1.0 15264 5588.48 1.05 4711302 2317308.51 20.66 350 313.72 1.04 103912 108970.4 20.66 102 10 198 31620 3100 61380 17.3 18.5 17.71 0.02
279900.0 310 114.8 1.0 105002 35767.47 1.0 15223 5589.69 1.05 4726525 2322898.19 20.66 310 313.74 1.04 104222 109284.14 20.66 102 10 198 31722 3110 61578 17.3 18.4 17.7 0.02
280800.0 310 114.8 1.0 105312 35882.26 1.0 15228 5591.82 1.05 4741753 2328490.01 20.66 310 313.74 1.04 104532 109597.89 20.66 102 10 198 31824 3120 61776 17.3 18.4 17.69 0.02
281700.0 376 114.94 1.0 105688 35997.2 1.0 15288 5591.79 1.05 4757041 2334081.8 20.66 370 313.74 1.04 104902 109911.63 20.66 102 10 198 31926 3130 61974 17.3 18.4 17.69 0.02
282600.0 354 115.57 1.0 106042 36112.77 1.0 15266 5591.31 1.05 4772307 2339673.11 20.66 350 313.75 1.04 105252 110225.38 20.66 102 10 198 32028 3140 62172 17.3 18.4 17.69 0.02
283500.0 310 114.79 1.0 106352 36227.57 1.0 15223 5587.01 1.05 4787530 2345260.12 20.66 310 313.71 1.04 105562 110539.09 20.66 102 10 198 32130 3150 62370 17.3 18.3 17.68 0.01
284400.0 310 114.79 1.0 106662 36342.36 1.0 15223 5587.04 1.05 4802753 2350847.17 20.66 310 313.71 1.04 105872 110852.8 20.66 102 10 198 32232 3160 62568 17.3 18.3 17.68 0.01
285300.0 376 114.94 1.0 107038 36457.3 1.0 15281 5587.01 1.05 4818034 2356434.18 20.66 370 313.71 1.04 106242 111166.5 20.66 102 10 198 32334 3170 62766 17.3 18.3 17.68 0.01
286200.0 354 115.57 1.0 107392 36572.87 1.0 15259 5585.98 1.05 4833293 2362020.15 20.66 350 313.69 1.04 106592 111480.19 20.66 102 10 198 32436 3180 62964 17.3 18.3 17.68 0.01
287100.0 310 114.79 1.0 107702 36687.66 1.0 15214 5581.53 1.05 4848507 2367601.68 20.66 310 313.7 1.04 106902 111793.89 20.66 102 10 198 32538 3190 63162 17.3 18.2 17.67 0.01
288000.0 310 114.79 1.0 108012 36802.45 1.0 15213 5582.61 1.05 4863720 2373184.29 20.66 310 313.7 1.04 107212 112107.6 20.66 102 10 198 32640 3200 63360 17.3 18.2 17.67 0.01
288900.0 376 114.94 1.0 108388 36917.39 1.0 15273 5582.58 1.05 4878993 2378766.87 20.66 370 313.7 1.04 107582 112421.3 20.66 102 10 198 32742 3210 63558 17.3 18.2 17.67 0.01
289800.0 354 115.57 1.0 108742 37032.96 1.0 15250 5584.57 1.05 4894243 2384351.44 20.66 350 313.77 1.04 107932 112735.06 20.66 102 10 198 32844 3220 63756 17.3 18.2 17.67 0.01
290700.0 310 114.8 1.0 109052 37147.76 1.0 15210 5583.68 1.05 4909453 2389935.11 20.66 310 313.79 1.04 108242 113048.85 20.66 102 10 198 32946 3230 63954 17.3 18.1 17.67 0.01
291600.0 310 114.8 1.0 109362 37262.56 1.0 15211 5583.71 1.05 4924664 2395518.83 20.66 310 313.79 1.04 108552 113362.64 20.66 102 10 198 33048 3240 64152 17.3 18.1 17.66 0.01
292500.0 376 114.94 1.0 109738 37377.5 1.0 15268 5583.68 1.05 4939932 2401102.51 20.66 370 313.79 1.04 108922 113676.44 20.66 102 10 198 33150 3250 64350 17.3 18.1 17.66 0.01
293400.0 354 115.57 1.0 110092 37493.07 1.0 15247 5581.48 1.05 4955179 2406683.99 20.66 350 313.75 1.04 109272 113990.18 20.66 102 10 198 33252 3260 64548 17.3 18.1 17.66 0.01
294300.0 310 114.8 1.0 110402 37607.87 1.0 15207 5581.44 1.05 4970386 2412265.44 20.66 310 313.74 1.04 109582 114303.92 20.66 102 10 198 33354 3270 64746 17.4 18.0 17.67 0.01
295200.0 310 114.8 1.0 110712 37722.66 1.0 15203 5580.43 1.05 4985589 2417845.87 20.66 310 313.74 1.04 109892 114617.67 20.66 102 10 198 33456 3280 64944 17.4 18.0 17.66 0.01
296100.0 376 114.94 1.0 111088 37837.6 1.0 15263 5580.4 1.05 5000852 2423426.27 20.66 370 313.75 1.04 110262 114931.41 20.66 102 10 198 33558 3290 65142 17.4 18.0 17.66 0.01
297000.0 354 115.58 1.0 111442 37953.18 1.0 15242 5582.66 1.05 5016094 2429008.93 20.66 350 313.79 1.04 110612 115245.21 20.66 102 10 198 33660 3300 65340 17.4 18.0 17.66 0.01
297900.0 310 114.8 1.0 111752 38067.98 1.0 15199 5578.43 1.05 5031293 2434587.36 20.66 310 313.79 1.04 110922 115559.0 20.66 102 10 198 33762 3310 65538 17.4 18.0 17.67 0.01
298800.0 310 114.8 1.0 112062 38182.78 1.0 15200 5580.56 1.05 5046493 2440167.92 20.66 310 313.79 1.04 111232 115872.79 20.66 102 10 198 33864 3320 65736 17.4 18.0 17.66 0.01
299700.0 376 114.94 1.0 112438 38297.72 1.0 15260 5580.53 1.05 5061753 2445748.45 20.66 370 313.79 1.04 111602 116186.58 20.66 102 10 198 33966 3330 65934 17.4 18.0 17.66 0.01
300600.0 354 115.58 1.0 112792 38413.29 1.0 15232 5576.36 1.05 5076985 2451324.81 20.66 350 313.79 1.04 111952 116500.37 20.66 102 10 198 34068 3340 66132 17.4 18.0 17.66 0.01
301500.0 310 114.8 1.0 113102 38528.09 1.0 15193 5572.23 1.05 5092178 2456897.04 20.66 310 313.75 1.04 112262 116814.12 20.66 102 10 198 34170 3350 66330 17.4 17.9 17.67 0.01
302400.0 310 114.8 1.0 113412 38642.88 1.0 15195 5572.27 1.05 5107373 2462469.31 20.66 310 313.75 1.04 112572 117127.87 20.66 102 10 198 34272 3360 66528 17.4 17.9 17.67 0.01
303300.0 376 114.94 1.0 113788 38757.82 1.0 15253 5572.23 1.05 5122626 2468041.54 20.66 370 313.75 1.04 112942 117441.61 20.66 102 10 198 34374 3370 66726 17.4 17.9 17.67 0.01
304200.0 354 115.57 1.0 114142 38873.39 1.0 15229 5568.83 1.05 5137855 2473610.38 20.66 350 313.7 1.04 113292 117755.32 20.66 102 10 198 34476 3380 66924 17.4 17.9 17.67 0.01
305100.0 310 114.8 1.0 114452 38988.19 1.0 15191 5570.78 1.05 5153046 2479181.16 20.66 310 313.74 1.04 113602 118069.06 20.66 102 10 198 34578 3390 67122 17.4 17.8 17.67 0.01
306000.0 310 114.8 1.0 114762 39102.99 1.0 15190 5570.82 1.05 5168236 2484751.98 20.66 310 313.74 1.04 113912 118382.8 20.66 102 10 198 34680 3400 67320 17.4 17.9 17.67 0.01
306900.0 376 114.94 1.0 115138 39217.92 1.0 15250 5570.79 1.05 5183486 2490322.77 20.66 370 313.74 1.04 114282 118696.54 20.66 102 10 198 34782 3410 67518 17.4 17.9 17.67 0.01
307800.0 354 115.58 1.0 115492 39333.5 1.0 15226 5573.21 1.05 5198712 2495895.98 20.66 350 313.79 1.04 114632 119010.33 20.66 102 10 198 34884 3420 67716 17.4 17.9 17.67 0.01
308700.0 310 114.8 1.0 115802 39448.3 1.0 15187 5575.28 1.05 5213899 2501471.26 20.66 310 313.79 1.04 114942 119324.12 20.66 102 10 198 34986 3430 67914 17.4 17.9 17.68 0.01
309600.0 310 114.8 1.0 116112 39563.1 1.0 15187 5575.31 1.05 5229086 2507046.57 20.66 310 313.79 1.04 115252 119637.91 20.66 102 10 198 35088 3440 68112 17.4 17.9 17.68 0.01
310500.0 376 114.94 1.0 116488 39678.04 1.0 15244 5575.28 1.05 5244330 2512621.85 20.66 370 313.79 1.04 115622 119951.71 20.66 102 10 198 35190 3450 68310 17.4 17.9 17.68 0.01
311400.0 354 115.57 1.0 116842 39793.61 1.0 15214 5568.88 1.05 5259544 2518190.74 20.66 350 313.75 1.04 115972 120265.45 20.66 102 10 198 35292 3460 68508 17.4 17.9 17.68 0.01
312300.0 310 114.8 1.0 117152 39908.41 1.0 15184 5575.14 1.05 5274728 2523765.88 20.66 310 313.74 1.04 116282 120579.19 20.66 102 10 198 35394 3470 68706 17.4 18.0 17.69 0.01
313200.0 310 114.8 1.0 117462 40023.2 1.0 15181 5575.18 1.05 5289909 2529341.06 20.66 310 313.74 1.04 116592 120892.94 20.66 102 10 198 35496 3480 68904 17.3 18.0 17.69 0.01
314100.0 376 114.94 1.0 117838 40138.14 1.0 15239 5574.1 1.05 5305148 2534915.16 20.66 370 313.75 1.04 116962 121206.68 20.66 102 10 198 35598 3490 69102 17.3 18.0 17.69 0.01
315000.0 354 115.58 1.0 118192 40253.72 1.0 15205 5571.11 1.05 5320353 2540486.27 20.66 350 313.79 1.04 117312 121520.48 20.66 102 10 198 35700 3500 69300 17.3 18.0 17.69 0.01
315900.0 310 114.8 1.0 118502 40368.51 1.0 15172 5574.04 1.05 5335525 2546060.31 20.66 310 313.76 1.04 117622 121834.24 20.66 102 10 198 35802 3510 69498 17.3 18.1 17.7 0.01
316800.0 310 114.8 1.0 118812 40483.31 1.0 15171 5573.02 1.05 5350696 2551633.33 20.66 310 313.76 1.04 117932 122148.0 20.66 102 10 198 35904 3520 69696 17.3 18.1 17.71 0.02
317700.0 376 114.94 1.0 119188 40598.25 1.0 15230 5572.99 1.05 5365926 2557206.32 20.66 370 313.77 1.04 118302 122461.77 20.66 102 10 198 36006 3530 69894 17.3 18.1 17.71 0.02
318600.0 354 115.57 1.0 119542 40713.82 1.0 15197 5567.77 1.05 5381123 2562774.09 20.66 350 313.77 1.04 118652 122775.53 20.66 102 10 198 36108 3540 70092 17.3 18.1 17.71 0.02
319500.0 310 114.8 1.0 119852 40828.62 1.0 15170 5572.13 1.05 5396293 2568346.22 20.66 310 313.79 1.04 118962 123089.32 20.66 102 10 198 36210 3550 70290 17.3 18.2 17.72 0.02
320400.0 310 114.8 1.0 120162 40943.42 1.0 15168 5570.06 1.05 5411461 2573916.28 20.66 310 313.79 1.04 119272 123403.11 20.66 102 10 198 36312 3560 70488 17.3 18.2 17.72 0.02
321300.0 376 114.94 1.0 120538 41058.36 1.0 15226 5567.93 1.05 5426687 2579484.21 20.66 370 313.79 1.04 119642 123716.91 20.66 102 10 198 36414 3570 70686 17.3 18.2 17.72 0.02
322200.0 354 115.57 1.0 120892 41173.93 1.0 15185 5558.18 1.05 5441872 2585042.39 20.66 350 313.68 1.04 119992 124030.58 20.66 102 10 198 36516 3580 70884 17.3 18.2 17.72 0.02
323100.0 310 114.79 1.0 121202 41288.71 1.0 15149 5560.29 1.05 5457021 2590602.68 20.66 310 313.63 1.04 120302 124344.21 20.66 102 10 198 36618 3590 71082 17.3 18.2 17.72 0.02
324000.0 310 114.79 1.0 121512 41403.5 1.0 15152 5561.37 1.05 5472173 2596164.05 20.66 310 313.63 1.04 120612 124657.85 20.66 102 10 198 36720 3600 71280 17.3 18.2 17.73 0.02
324900.0 376 114.93 1.0 121888 41518.43 1.0 15205 5559.24 1.05 5487378 2601723.29 20.66 370 313.63 1.04 120982 124971.48 20.66 102 10 198 36822 3610 71478 17.3 18.2 17.73 0.02
325800.0 354 115.57 1.0 122242 41634.01 1.0 15176 5561.77 1.05 5502554 2607285.06 20.66 350 313.75 1.04 121332 125285.23 20.66 102 10 198 36924 3620 71676 17.3 18.2 17.73 0.02
326700.0 310 114.8 1.0 122552 41748.81 1.0 15154 5568.98 1.05 5517708 2612854.04 20.66 310 313.79 1.04 121642 125599.02 20.66 102 10 198 37026 3630 71874 17.3 18.3 17.74 0.03
327600.0 310 114.8 1.0 122862 41863.6 1.0 15153 5570.06 1.05 5532861 2618424.1 20.66 310 313.79 1.04 121952 125912.81 20.66 102 10 198 37128 3640 72072 17.2 18.3 17.74 0.03
328500.0 376 114.94 1.0 123238 41978.55 1.0 15212 5570.03 1.05 5548073 2623994.13 20.66 370 313.79 1.04 122322 126226.6 20.66 102 10 198 37230 3650 72270 17.2 18.3 17.74 0.03
329400.0 354 115.58 1.0 123592 42094.12 1.0 15169 5561.66 1.05 5563242 2629555.79 20.66 350 313.79 1.04 122672 126540.4 20.66 102 10 198 37332 3660 72468 17.2 18.3 17.74 0.03
330300.0 310 114.8 1.0 123902 42208.92 1.0 15148 5567.93 1.05 5578390 2635123.72 20.66 310 313.79 1.04 122982 126854.18 20.66 102 10 198 37434 3670 72666 17.2 18.4 17.76 0.03
331200.0 310 114.8 1.0 124212 42323.72 1.0 15144 5564.81 1.05 5593534 2640688.53 20.66 310 313.79 1.04 123292 127167.97 20.66 102 10 198 37536 3680 72864 17.2 18.4 17.76 0.03
332100.0 376 114.94 1.0 124588 42438.66 1.0 15200 5561.63 1.05 5608734 2646250.16 20.66 370 313.79 1.04 123662 127481.77 20.66 102 10 198 37638 3690 73062 17.2 18.4 17.76 0.03
333000.0 354 115.57 1.0 124942 42554.23 1.0 15138 5543.52 1.05 5623872 2651793.68 20.66 350 313.74 1.04 124012 127795.51 20.66 102 10 198 37740 3700 73260 17.2 18.4 17.76 0.03
333900.0 310 114.8 1.0 125252 42669.03 1.0 15101 5547.68 1.05 5638973 2657341.37 20.66 310 313.74 1.04 124322 128109.25 20.66 102 10 198 37842 3710 73458 17.2 18.5 17.77 0.04
334800.0 310 114.8 1.0 125562 42783.83 1.0 15101 5546.67 1.05 5654074 2662888.04 20.66 310 313.74 1.04 124632 128422.99 20.66 102 10 198 37944 3720 73656 17.2 18.5 17.77 0.04
335700.0 376 114.94 1.0 125938 42898.76 1.0 15150 5541.39 1.05 5669224 2668429.42 20.66 370 313.74 1.04 125002 128736.74 20.66 102 10 198 38046 3730 73854 17.2 18.5 17.77 0.04
336600.0 354 115.58 1.0 126292 43014.34 1.0 15109 5534.36 1.05 5684333 2673963.79 20.66 350 313.79 1.04 125352 129050.53 20.66 102 10 198 38148 3740 74052 17.2 18.5 17.77 0.04
337500.0 310 114.8 1.0 126602 43129.14 1.0 15082 5538.53 1.05 5699415 2679502.31 20.66 310 313.79 1.04 125662 129364.32 20.66 102 10 198 38250 3750 74250 17.2 18.5 17.78 0.04
338400.0 310 114.8 1.0 126912 43243.94 1.0 15082 5537.51 1.05 5714497 2685039.82 20.66 310 313.79 1.04 125972 129678.11 20.66 102 10 198 38352 3760 74448 17.2 18.5 17.78 0.04
339300.0 376 114.94 1.0 127288 43358.88 1.0 15132 5533.28 1.05 5729629 2690573.1 20.66 370 313.79 1.04 126342 129991.9 20.66 102 10 198 38454 3770 74646 17.2 18.5 17.78 0.04
340200.0 354 115.57 1.0 127642 43474.45 1.0 15078 5518.75 1.05 5744707 2696091.86 20.66 350 313.73 1.04 126692 130305.63 20.66 102 10 198 38556 3780 74844 17.2 18.5 17.78 0.04
341100.0 310 114.8 1.0 127952 43589.25 1.0 15040 5518.71 1.05 5759747 2701610.57 20.66 310 313.73 1.04 127002 130619.35 20.66 102 10 198 38658 3790 75042 17.2 18.5 17.78 0.04
342000.0 310 114.8 1.0 128262 43704.04 1.0 15039 5521.9 1.05 5774786 2707132.47 20.66 310 313.73 1.04 127312 130933.08 20.66 102 10 198 38760 3800 75240 17.2 18.5 17.79 0.04
342900.0 376 114.78 1.0 128638 43818.82 1.0 15093 5519.41 1.05 5789879 2712651.88 20.66 370 313.72 1.04 127682 131246.81 20.66 102 10 198 38862 3810 75438 17.2 18.5 17.79 0.04
343800.0 354 115.57 1.0 128992 43934.39 1.0 15058 5512.48 1.05 5804937 2718164.36 20.66 350 313.67 1.04 128032 131560.47 20.66 102 10 198 38964 3820 75636 17.2 18.5 17.79 0.04
344700.0 310 114.79 1.0 129302 44049.18 1.0 15015 5509.29 1.05 5819952 2723673.65 20.66 310 313.66 1.04 128342 131874.14 20.66 102 10 198 39066 3830 75834 17.2 18.6 17.79 0.05
345600.0 310 114.79 1.0 129612 44163.98 1.0 15012 5509.33 1.05 5834964 2729182.99 20.66 310 313.67 1.04 128652 132187.8 20.66 102 10 198 39168 3840 76032 17.2 18.6 17.79 0.05
