# seed = 7, gamma = 0.33, beta = 0.66, dee = 10.0, dcc = 25.0, dec = 300.0, dsCnd = 50.0, dLocalhost = 0.02, hostBroker = EDGE 
#
# The columns have the following meaning: 
# instant[SECONDS] commCountUploadPartial delaySumUploadPartial[SECONDS] delayMaxUploadPartial[SECONDS] commCountUploadTot delaySumUploadTot[SECONDS] delayMaxUploadTot[SECONDS] commCountDownloadPartial delaySumDownloadPartial[SECONDS] delayMaxDownloadPartial[SECONDS] commCountDownloadTot delaySumDownloadTot[SECONDS] delayMaxDownloadTot[SECONDS] commCountDownloadMaxPartial delaySumDownloadMaxPartial[SECONDS] delayMaxDownloadMaxPartial[SECONDS] commCountDownloadMaxTot delaySumDownloadMaxTot[SECONDS] delayMaxDownloadMaxTot[SECONDS] runOnCloudPartial runOnEdgePartial runOnSmartphonePartial runOnCloudTot runOnEdgeTot runOnSmartphoneTot minTemp maxTemp avgTemp varianceTemp
0.0 0 0.0 0.0 0 0.0 0.0 0 0.0 0.0 0 0.0 0.0 0 0.0 0.0 0 0.0 0.0 0 0 0 0 0 0 17.0 25.0 21.0 0.0
900.0 376 45.59 0.3 376 45.59 0.3 14730 2232.27 0.35 14730 2232.27 0.35 370 96.55 0.32 370 96.55 0.32 109 3 198 109 3 198 18.9 21.0 19.44 0.85
1800.0 356 46.6 0.36 732 92.18 0.36 15019 143822.51 19.17 29749 146054.77 19.17 352 3052.65 19.17 722 3149.2 19.17 109 3 198 218 6 396 18.9 18.9 18.9 0.0
2700.0 310 45.47 0.3 1042 137.65 0.36 14671 2248.17 0.35 44420 148302.94 19.17 310 96.02 0.33 1032 3245.21 19.17 109 3 198 327 9 594 18.1 18.9 18.44 0.03
3600.0 310 45.47 0.3 1352 183.12 0.36 14671 2248.56 0.35 59091 150551.5 19.17 310 96.02 0.33 1342 3341.23 19.17 109 3 198 436 12 792 17.7 18.9 18.24 0.05
4500.0 376 45.61 0.3 1728 228.73 0.36 14725 2248.73 0.35 73816 152800.23 19.17 370 96.92 0.33 1712 3438.15 19.17 109 3 198 545 15 990 17.6 18.7 18.23 0.05
5400.0 356 46.61 0.36 2084 275.34 0.36 15046 8179.63 19.25 88862 160979.86 19.25 352 116.5 19.25 2064 3554.64 19.25 109 3 198 654 18 1188 17.6 18.7 18.23 0.05
6300.0 310 45.48 0.3 2394 320.82 0.36 14728 2266.42 0.35 103590 163246.28 19.25 310 96.11 0.33 2374 3650.76 19.25 109 3 198 763 21 1386 17.6 18.7 18.23 0.05
7200.0 310 45.48 0.3 2704 366.29 0.36 14728 2267.18 0.35 118318 165513.46 19.25 310 96.12 0.33 2684 3746.87 19.25 109 3 198 872 24 1584 17.6 18.7 18.25 0.04
8100.0 376 45.62 0.3 3080 411.91 0.36 14788 2268.03 0.35 133106 167781.48 19.25 370 97.01 0.33 3054 3843.89 19.25 109 3 198 981 27 1782 17.6 18.7 18.25 0.04
9000.0 356 46.61 0.36 3436 458.52 0.36 15077 8187.42 19.26 148183 175968.91 19.26 352 116.51 19.26 3406 3960.4 19.26 109 3 198 1090 30 1980 17.6 18.7 18.25 0.04
9900.0 310 45.47 0.3 3746 503.99 0.36 14732 2270.46 0.35 162915 178239.37 19.26 310 96.15 0.33 3716 4056.55 19.26 109 3 198 1199 33 2178 17.6 18.7 18.23 0.04
10800.0 310 45.47 0.3 4056 549.46 0.36 14737 2270.12 0.35 177652 180509.49 19.26 310 96.15 0.33 4026 4152.69 19.26 109 3 198 1308 36 2376 17.6 18.7 18.15 0.05
11700.0 376 45.62 0.3 4432 595.08 0.36 14796 2271.03 0.35 192448 182780.52 19.26 370 97.05 0.33 4396 4249.74 19.26 109 3 198 1417 39 2574 17.6 18.7 18.15 0.05
12600.0 354 46.25 0.36 4786 641.33 0.36 14744 2267.64 0.35 207192 185048.16 19.26 350 97.37 0.33 4746 4347.11 19.26 109 3 198 1526 42 2772 17.6 18.7 18.15 0.05
13500.0 310 45.47 0.3 5096 686.81 0.36 14677 2263.99 0.35 221869 187312.15 19.26 310 96.17 0.33 5056 4443.29 19.26 109 3 198 1635 45 2970 17.6 18.7 18.15 0.04
14400.0 310 45.47 0.3 5406 732.28 0.36 14676 2263.64 0.35 236545 189575.79 19.26 310 96.17 0.33 5366 4539.46 19.26 109 3 198 1744 48 3168 17.6 18.7 18.14 0.04
15300.0 376 45.62 0.3 5782 777.9 0.36 14736 2264.54 0.35 251281 191840.34 19.26 370 97.07 0.33 5736 4636.53 19.26 109 3 198 1853 51 3366 17.6 18.7 18.14 0.04
16200.0 354 46.25 0.36 6136 824.15 0.36 14706 2264.11 0.35 265987 194104.45 19.26 350 97.38 0.33 6086 4733.92 19.26 109 3 198 1962 54 3564 17.6 18.7 18.14 0.04
17100.0 310 45.47 0.3 6446 869.62 0.36 14676 2261.35 0.35 280663 196365.8 19.26 310 96.11 0.33 6396 4830.02 19.26 109 3 198 2071 57 3762 17.6 18.7 18.12 0.04
18000.0 310 45.47 0.3 6756 915.09 0.36 14682 2262.39 0.35 295345 198628.19 19.26 310 96.11 0.33 6706 4926.13 19.26 109 3 198 2180 60 3960 17.6 18.7 18.11 0.04
18900.0 376 45.61 0.3 7132 960.7 0.36 14741 2263.3 0.35 310086 200891.49 19.26 370 97.01 0.33 7076 5023.14 19.26 109 3 198 2289 63 4158 17.6 18.6 18.11 0.04
19800.0 354 46.25 0.36 7486 1006.95 0.36 14707 2262.55 0.35 324793 203154.03 19.26 350 97.33 0.33 7426 5120.47 19.26 109 3 198 2398 66 4356 17.6 18.6 18.11 0.04
20700.0 310 45.47 0.3 7796 1052.42 0.36 14676 2263.71 0.35 339469 205417.74 19.26 310 96.16 0.33 7736 5216.63 19.26 109 3 198 2507 69 4554 17.6 18.6 18.08 0.03
21600.0 310 45.47 0.3 8106 1097.9 0.36 14677 2264.42 0.35 354146 207682.16 19.26 310 96.16 0.33 8046 5312.79 19.26 109 3 198 2616 72 4752 17.6 18.6 18.08 0.03
22500.0 376 45.62 0.3 8482 1143.51 0.36 14737 2265.31 0.35 368883 209947.47 19.26 370 97.06 0.33 8416 5409.85 19.26 109 3 198 2725 75 4950 17.6 18.6 18.08 0.03
23400.0 354 46.25 0.36 8836 1189.76 0.36 14703 2264.77 0.35 383586 212212.23 19.26 350 97.39 0.33 8766 5507.24 19.26 109 3 198 2834 78 5148 17.6 18.6 18.08 0.03
24300.0 310 45.48 0.3 9146 1235.24 0.36 14668 2266.04 0.35 398254 214478.27 19.26 310 96.23 0.33 9076 5603.47 19.26 109 3 198 2943 81 5346 17.6 18.6 18.06 0.03
25200.0 310 45.48 0.3 9456 1280.72 0.36 14681 2268.12 0.35 412935 216746.4 19.26 310 96.23 0.33 9386 5699.69 19.26 109 3 198 3052 84 5544 17.5 18.6 18.04 0.03
26100.0 376 45.62 0.3 9832 1326.34 0.36 14741 2269.04 0.35 427676 219015.44 19.26 370 97.13 0.33 9756 5796.82 19.26 109 3 198 3161 87 5742 17.5 18.6 18.04 0.03
27000.0 354 46.25 0.36 10186 1372.59 0.36 14708 2267.58 0.35 442384 221283.01 19.26 350 97.43 0.33 10106 5894.25 19.26 109 3 198 3270 90 5940 17.5 18.6 18.04 0.03
27900.0 310 45.47 0.3 10496 1418.07 0.36 14666 2263.32 0.35 457050 223546.33 19.26 310 96.18 0.33 10416 5990.43 19.26 109 3 198 3379 93 6138 17.5 18.6 18.02 0.03
28800.0 310 45.47 0.3 10806 1463.54 0.36 14677 2265.41 0.35 471727 225811.75 19.26 310 96.18 0.33 10726 6086.61 19.26 109 3 198 3488 96 6336 17.5 18.6 18.0 0.03
29700.0 376 45.62 0.3 11182 1509.16 0.36 14735 2266.32 0.35 486462 228078.07 19.26 370 97.08 0.33 11096 6183.69 19.26 109 3 198 3597 99 6534 17.5 18.6 18.0 0.03
30600.0 354 46.25 0.36 11536 1555.41 0.36 14703 2265.57 0.35 501165 230343.63 19.26 350 97.38 0.33 11446 6281.08 19.26 109 3 198 3706 102 6732 17.5 18.6 18.0 0.03
31500.0 310 45.48 0.3 11846 1600.89 0.36 14670 2267.09 0.35 515835 232610.72 19.26 310 96.23 0.33 11756 6377.3 19.26 109 3 198 3815 105 6930 17.5 18.6 17.97 0.03
32400.0 310 45.48 0.3 12156 1646.37 0.36 14678 2268.12 0.35 530513 234878.85 19.26 310 96.23 0.33 12066 6473.53 19.26 109 3 198 3924 108 7128 17.4 18.6 17.96 0.03
33300.0 376 45.62 0.3 12532 1691.99 0.36 14737 2268.69 0.35 545250 237147.54 19.26 370 97.13 0.33 12436 6570.65 19.26 109 3 198 4033 111 7326 17.4 18.5 17.96 0.03
34200.0 354 46.25 0.36 12886 1738.24 0.36 14698 2266.18 0.35 559948 239413.71 19.26 350 97.43 0.33 12786 6668.08 19.26 109 3 198 4142 114 7524 17.4 18.5 17.96 0.03
35100.0 310 45.48 0.3 13196 1783.72 0.36 14666 2266.74 0.35 574614 241680.45 19.26 310 96.23 0.33 13096 6764.31 19.26 109 3 198 4251 117 7722 17.4 18.5 17.94 0.03
36000.0 310 45.48 0.3 13506 1829.2 0.36 14679 2267.07 0.35 589293 243947.53 19.26 310 96.23 0.33 13406 6860.53 19.26 109 3 198 4360 120 7920 17.4 18.5 17.92 0.03
36900.0 376 45.62 0.3 13882 1874.82 0.36 14739 2267.99 0.35 604032 246215.52 19.26 370 97.13 0.33 13776 6957.66 19.26 109 3 198 4469 123 8118 17.4 18.5 17.92 0.03
37800.0 354 46.25 0.36 14236 1921.07 0.36 14693 2259.98 0.35 618725 248475.5 19.26 350 97.33 0.33 14126 7054.99 19.26 109 3 198 4578 126 8316 17.4 18.5 17.92 0.03
38700.0 310 45.47 0.3 14546 1966.54 0.36 14658 2261.91 0.35 633383 250737.41 19.26 310 96.13 0.33 14436 7151.12 19.26 109 3 198 4687 129 8514 17.4 18.5 17.9 0.03
39600.0 310 45.47 0.3 14856 2012.01 0.36 14669 2263.32 0.35 648052 253000.73 19.26 310 96.13 0.33 14746 7247.24 19.26 109 3 198 4796 132 8712 17.3 18.5 17.88 0.04
40500.0 376 45.62 0.3 15232 2057.62 0.36 14726 2264.22 0.35 662778 255264.95 19.26 370 97.03 0.33 15116 7344.27 19.26 109 3 198 4905 135 8910 17.3 18.5 17.88 0.04
41400.0 354 46.25 0.36 15586 2103.88 0.36 14688 2265.47 0.35 677466 257530.42 19.26 350 97.43 0.33 15466 7441.7 19.26 109 3 198 5014 138 9108 17.3 18.5 17.88 0.04
42300.0 310 45.47 0.3 15896 2149.35 0.36 14668 2265.31 0.35 692134 259795.74 19.26 310 96.19 0.33 15776 7537.88 19.26 109 3 198 5123 141 9306 17.3 18.5 17.85 0.04
43200.0 310 45.47 0.3 16206 2194.83 0.36 14672 2265.66 0.35 706806 262061.4 19.26 310 96.19 0.33 16086 7634.07 19.26 109 3 198 5232 144 9504 17.3 18.5 17.84 0.05
44100.0 376 45.62 0.3 16582 2240.45 0.36 14732 2266.56 0.35 721538 264327.96 19.26 370 97.09 0.33 16456 7731.16 19.26 109 3 198 5341 147 9702 17.2 18.4 17.84 0.05
45000.0 354 46.25 0.36 16936 2286.7 0.36 14680 2262.67 0.35 736218 266590.63 19.26 350 97.39 0.33 16806 7828.55 19.26 109 3 198 5450 150 9900 17.2 18.4 17.84 0.05
45900.0 310 45.47 0.3 17246 2332.17 0.36 14654 2263.07 0.35 750872 268853.7 19.26 310 96.18 0.33 17116 7924.73 19.26 109 3 198 5559 153 10098 17.2 18.4 17.81 0.05
46800.0 310 45.47 0.3 17556 2377.65 0.36 14670 2265.51 0.35 765542 271119.2 19.26 310 96.18 0.33 17426 8020.91 19.26 109 3 198 5668 156 10296 17.2 18.5 17.8 0.06
47700.0 376 45.62 0.3 17932 2423.27 0.36 14729 2266.07 0.35 780271 273385.27 19.26 370 97.08 0.33 17796 8118.0 19.26 109 3 198 5777 159 10494 17.2 18.5 17.8 0.06
48600.0 354 46.25 0.36 18286 2469.52 0.36 14684 2262.51 0.35 794955 275647.77 19.26 350 97.39 0.33 18146 8215.38 19.26 109 3 198 5886 162 10692 17.2 18.5 17.8 0.06
49500.0 310 45.48 0.3 18596 2515.0 0.36 14653 2264.29 0.35 809608 277912.06 19.26 310 96.23 0.33 18456 8311.61 19.26 109 3 198 5995 165 10890 17.2 18.5 17.77 0.06
50400.0 310 45.48 0.3 18906 2560.47 0.36 14671 2266.72 0.35 824279 280178.79 19.26 310 96.23 0.33 18766 8407.84 19.26 109 3 198 6104 168 11088 17.1 18.5 17.75 0.07
51300.0 376 45.62 0.3 19282 2606.09 0.36 14731 2267.64 0.35 839010 282446.43 19.26 370 97.13 0.33 19136 8504.96 19.26 109 3 198 6213 171 11286 17.1 18.5 17.75 0.07
52200.0 354 46.25 0.36 19636 2652.35 0.36 14686 2264.43 0.35 853696 284710.85 19.26 350 97.43 0.33 19486 8602.39 19.26 109 3 198 6322 174 11484 17.1 18.5 17.75 0.07
53100.0 310 45.48 0.3 19946 2697.83 0.36 14643 2262.89 0.35 868339 286973.74 19.26 310 96.23 0.33 19796 8698.62 19.26 109 3 198 6431 177 11682 17.1 18.5 17.74 0.07
54000.0 310 45.48 0.3 20256 2743.3 0.36 14652 2263.92 0.35 882991 289237.67 19.26 310 96.23 0.33 20106 8794.84 19.26 109 3 198 6540 180 11880 17.1 18.6 17.73 0.07
54900.0 376 45.62 0.3 20632 2788.92 0.36 14710 2264.84 0.35 897701 291502.51 19.26 370 97.13 0.33 20476 8891.97 19.26 109 3 198 6649 183 12078 17.1 18.6 17.73 0.07
55800.0 354 46.25 0.36 20986 2835.18 0.36 14674 2263.03 0.35 912375 293765.53 19.26 350 97.43 0.33 20826 8989.4 19.26 109 3 198 6758 186 12276 17.1 18.6 17.73 0.07
56700.0 310 45.48 0.3 21296 2880.65 0.36 14653 2264.29 0.35 927028 296029.82 19.26 310 96.23 0.33 21136 9085.62 19.26 109 3 198 6867 189 12474 17.1 18.6 17.7 0.08
57600.0 310 45.48 0.3 21606 2926.13 0.36 14665 2265.67 0.35 941693 298295.5 19.26 310 96.23 0.33 21446 9181.85 19.26 109 3 198 6976 192 12672 17.1 18.6 17.69 0.09
58500.0 376 45.62 0.3 21982 2971.75 0.36 14725 2266.59 0.35 956418 300562.09 19.26 370 97.13 0.33 21816 9278.98 19.26 109 3 198 7085 195 12870 17.1 18.6 17.69 0.09
59400.0 354 46.25 0.36 22336 3018.0 0.36 14674 2260.64 0.35 971092 302822.73 19.26 350 97.37 0.33 22166 9376.35 19.26 109 3 198 7194 198 13068 17.1 18.6 17.69 0.09
60300.0 310 45.47 0.3 22646 3063.48 0.36 14643 2261.19 0.35 985735 305083.92 19.26 310 96.17 0.33 22476 9472.52 19.26 109 3 198 7303 201 13266 17.1 18.6 17.67 0.09
61200.0 310 45.47 0.3 22956 3108.95 0.36 14653 2262.59 0.35 1000388 307346.51 19.26 310 96.17 0.33 22786 9568.7 19.26 109 3 198 7412 204 13464 17.0 18.6 17.66 0.09
62100.0 376 45.62 0.3 23332 3154.57 0.36 14712 2263.49 0.35 1015100 309610.01 19.26 370 97.07 0.33 23156 9665.77 19.26 109 3 198 7521 207 13662 17.0 18.6 17.66 0.1
63000.0 354 46.25 0.36 23686 3200.82 0.36 14669 2258.2 0.35 1029769 311868.21 19.26 350 97.33 0.33 23506 9763.1 19.26 109 3 198 7630 210 13860 17.0 18.6 17.66 0.1
63900.0 310 45.47 0.3 23996 3246.29 0.36 14633 2255.62 0.35 1044402 314123.83 19.26 310 96.08 0.33 23816 9859.18 19.26 109 3 198 7739 213 14058 17.0 18.6 17.65 0.1
64800.0 310 45.47 0.3 24306 3291.76 0.36 14643 2256.67 0.35 1059045 316380.5 19.26 310 96.08 0.33 24126 9955.26 19.26 109 3 198 7848 216 14256 17.0 18.6 17.64 0.11
65700.0 376 45.61 0.3 24682 3337.36 0.36 14703 2257.57 0.35 1073748 318638.07 19.26 370 96.98 0.33 24496 10052.24 19.26 109 3 198 7957 219 14454 17.0 18.6 17.64 0.11
66600.0 354 46.25 0.36 25036 3383.61 0.36 14668 2255.0 0.35 1088416 320893.07 19.26 350 97.27 0.33 24846 10149.52 19.26 109 3 198 8066 222 14652 17.0 18.6 17.64 0.11
67500.0 310 45.47 0.3 25346 3429.07 0.36 14626 2251.48 0.35 1103042 323144.55 19.26 310 96.03 0.33 25156 10245.54 19.26 109 3 198 8175 225 14850 17.0 18.6 17.63 0.1
68400.0 310 45.47 0.3 25656 3474.54 0.36 14628 2251.83 0.35 1117670 325396.38 19.26 310 96.03 0.33 25466 10341.57 19.26 109 3 198 8284 228 15048 17.0 18.7 17.62 0.11
69300.0 376 45.61 0.3 26032 3520.15 0.36 14688 2252.73 0.35 1132358 327649.11 19.26 370 96.93 0.33 25836 10438.5 19.26 109 3 198 8393 231 15246 17.0 18.7 17.62 0.11
70200.0 354 46.24 0.36 26386 3566.39 0.36 14650 2251.86 0.35 1147008 329900.97 19.26 350 97.27 0.33 26186 10535.77 19.26 109 3 198 8502 234 15444 17.0 18.7 17.62 0.11
71100.0 310 45.47 0.3 26696 3611.86 0.36 14623 2253.18 0.35 1161631 332154.15 19.26 310 96.07 0.33 26496 10631.83 19.26 109 3 198 8611 237 15642 17.0 18.7 17.61 0.11
72000.0 310 45.47 0.3 27006 3657.33 0.36 14636 2254.24 0.35 1176267 334408.38 19.26 310 96.07 0.33 26806 10727.9 19.26 109 3 198 8720 240 15840 17.0 18.7 17.6 0.11
72900.0 376 45.61 0.3 27382 3702.94 0.36 14689 2254.78 0.35 1190956 336663.16 19.26 370 96.97 0.33 27176 10824.86 19.26 109 3 198 8829 243 16038 17.0 18.7 17.6 0.11
73800.0 354 46.24 0.36 27736 3749.18 0.36 14654 2252.29 0.35 1205610 338915.45 19.26 350 97.27 0.33 27526 10922.13 19.26 109 3 198 8938 246 16236 17.0 18.7 17.6 0.11
74700.0 310 45.47 0.3 28046 3794.65 0.36 14608 2253.37 0.35 1220218 341168.82 19.26 310 96.11 0.33 27836 11018.24 19.26 109 3 198 9047 249 16434 17.0 18.7 17.59 0.11
75600.0 310 45.47 0.3 28356 3840.12 0.36 14608 2253.37 0.35 1234826 343422.19 19.26 310 96.11 0.33 28146 11114.35 19.26 109 3 198 9156 252 16632 17.0 18.7 17.59 0.11
76500.0 376 45.61 0.3 28732 3885.74 0.36 14668 2254.28 0.35 1249494 345676.47 19.26 370 97.01 0.33 28516 11211.36 19.26 109 3 198 9265 255 16830 17.0 18.7 17.59 0.11
77400.0 354 46.25 0.36 29086 3931.98 0.36 14641 2251.92 0.35 1264135 347928.39 19.26 350 97.28 0.33 28866 11308.64 19.26 109 3 198 9374 258 17028 17.0 18.7 17.59 0.11
78300.0 310 45.47 0.3 29396 3977.45 0.36 14601 2250.02 0.35 1278736 350178.41 19.26 310 96.08 0.33 29176 11404.72 19.26 109 3 198 9483 261 17226 17.0 18.7 17.59 0.11
79200.0 310 45.47 0.3 29706 4022.92 0.36 14606 2250.37 0.35 1293342 352428.78 19.26 310 96.08 0.33 29486 11500.8 19.26 109 3 198 9592 264 17424 17.0 18.6 17.58 0.11
80100.0 376 45.61 0.3 30082 4068.53 0.36 14666 2251.27 0.35 1308008 354680.06 19.26 370 96.98 0.33 29856 11597.78 19.26 109 3 198 9701 267 17622 17.0 18.6 17.58 0.11
81000.0 354 46.25 0.36 30436 4114.77 0.36 14641 2253.57 0.35 1322649 356933.63 19.26 350 97.33 0.33 30206 11695.12 19.26 109 3 198 9810 270 17820 17.0 18.6 17.58 0.11
81900.0 310 45.47 0.3 30746 4160.25 0.36 14606 2255.03 0.35 1337255 359188.65 19.26 310 96.18 0.33 30516 11791.29 19.26 109 3 198 9919 273 18018 17.0 18.6 17.58 0.11
82800.0 310 45.47 0.3 31056 4205.72 0.36 14607 2255.0 0.35 1351862 361443.65 19.26 310 96.18 0.33 30826 11887.47 19.26 109 3 198 10028 276 18216 17.0 18.6 17.59 0.11
83700.0 376 45.62 0.3 31432 4251.34 0.36 14667 2255.93 0.35 1366529 363699.59 19.26 370 97.08 0.33 31196 11984.55 19.26 109 3 198 10137 279 18414 17.0 18.6 17.59 0.11
84600.0 354 46.25 0.36 31786 4297.59 0.36 14638 2255.5 0.35 1381167 365955.09 19.26 350 97.38 0.33 31546 12081.93 19.26 109 3 198 10246 282 18612 17.0 18.6 17.59 0.11
85500.0 310 45.47 0.3 32096 4343.06 0.36 14605 2253.36 0.35 1395772 368208.45 19.26 310 96.13 0.33 31856 12178.06 19.26 109 3 198 10355 285 18810 17.0 18.6 17.59 0.1
86400.0 310 45.47 0.3 32406 4388.53 0.36 14603 2253.34 0.35 1410375 370461.78 19.26 310 96.13 0.33 32166 12274.19 19.26 109 3 198 10464 288 19008 17.0 18.6 17.59 0.1
87300.0 376 45.61 0.3 32782 4434.14 0.36 14663 2254.26 0.35 1425038 372716.04 19.26 370 97.03 0.33 32536 12371.22 19.26 109 3 198 10573 291 19206 17.0 18.6 17.59 0.1
88200.0 354 46.25 0.36 33136 4480.39 0.36 14632 2255.15 0.35 1439670 374971.19 19.26 350 97.38 0.33 32886 12468.61 19.26 109 3 198 10682 294 19404 17.0 18.6 17.59 0.1
89100.0 310 45.48 0.3 33446 4525.87 0.36 14638 2260.79 0.35 1454308 377231.98 19.26 310 96.23 0.33 33196 12564.83 19.26 109 3 198 10791 297 19602 17.0 18.6 17.62 0.07
90000.0 310 45.48 0.3 33756 4571.35 0.36 14680 2268.12 0.35 1468988 379500.1 19.26 310 96.23 0.33 33506 12661.06 19.26 109 3 198 10900 300 19800 17.1 18.5 17.68 0.05
90900.0 376 45.62 0.3 34132 4616.97 0.36 14740 2269.04 0.35 1483728 381769.15 19.26 370 97.13 0.33 33876 12758.19 19.26 109 3 198 11009 303 19998 17.1 18.5 17.68 0.04
91800.0 354 46.25 0.36 34486 4663.22 0.36 14698 2261.34 0.35 1498426 384030.48 19.26 350 97.31 0.33 34226 12855.5 19.26 109 3 198 11118 306 20196 17.1 18.5 17.68 0.04
92700.0 310 45.46 0.3 34796 4708.68 0.36 14720 2263.27 0.35 1513146 386293.75 19.26 310 96.02 0.33 34536 12951.52 19.26 109 3 198 11227 309 20394 17.1 23.8 19.32 1.93
93600.0 310 45.46 0.3 35106 4754.15 0.36 14724 2263.62 0.35 1527870 388557.38 19.26 310 96.02 0.33 34846 13047.53 19.26 109 3 198 11336 312 20592 17.1 23.8 20.49 4.75
94500.0 376 45.61 0.3 35482 4799.75 0.36 14783 2264.52 0.35 1542653 390821.89 19.26 370 96.92 0.33 35216 13144.45 19.26 109 3 198 11445 315 20790 17.1 23.8 20.52 4.79
95400.0 354 46.24 0.36 35836 4846.0 0.36 14760 2264.47 0.35 1557413 393086.37 19.26 350 97.22 0.33 35566 13241.67 19.26 109 3 198 11554 318 20988 17.1 23.8 20.52 4.79
96300.0 310 45.46 0.3 36146 4891.46 0.36 14721 2263.27 0.35 1572134 395349.63 19.26 310 96.02 0.33 35876 13337.69 19.26 109 3 198 11663 321 21186 17.1 24.0 20.84 4.69
97200.0 310 45.46 0.3 36456 4936.93 0.36 14716 2262.92 0.35 1586850 397612.55 19.26 310 96.02 0.33 36186 13433.71 19.26 109 3 198 11772 324 21384 17.1 24.0 21.01 4.76
98100.0 376 45.61 0.3 36832 4982.53 0.36 14776 2263.82 0.35 1601626 399876.37 19.26 370 96.92 0.33 36556 13530.63 19.26 109 3 198 11881 327 21582 17.4 24.0 21.02 4.75
99000.0 354 46.24 0.36 37186 5028.77 0.36 14754 2260.99 0.35 1616380 402137.36 19.26 350 97.15 0.32 36906 13627.78 19.26 109 3 198 11990 330 21780 17.4 24.0 21.02 4.75
99900.0 310 45.46 0.3 37496 5074.23 0.36 14712 2260.12 0.35 1631092 404397.48 19.26 310 95.95 0.32 37216 13723.73 19.26 109 3 198 12099 333 21978 17.4 24.0 21.24 4.12
100800.0 310 45.46 0.3 37806 5119.69 0.36 14713 2260.14 0.35 1645805 406657.62 19.26 310 95.95 0.32 37526 13819.68 19.26 109 3 198 12208 336 22176 17.5 24.0 21.38 3.95
101700.0 376 45.6 0.3 38182 5165.29 0.36 14772 2260.67 0.35 1660577 408918.29 19.26 370 96.85 0.32 37896 13916.53 19.26 109 3 198 12317 339 22374 17.8 24.0 21.38 3.92
102600.0 354 46.24 0.36 38536 5211.53 0.36 14746 2260.4 0.35 1675323 411178.68 19.26 350 97.15 0.32 38246 14013.68 19.26 109 3 198 12426 342 22572 17.8 24.0 21.38 3.92
103500.0 310 45.46 0.3 38846 5256.99 0.36 14709 2259.17 0.35 1690032 413437.85 19.26 310 95.95 0.32 38556 14109.63 19.26 109 3 198 12535 345 22770 17.8 24.0 21.54 3.35
104400.0 310 45.46 0.3 39156 5302.45 0.36 14710 2259.19 0.35 1704742 415697.04 19.26 310 95.95 0.32 38866 14205.59 19.26 109 3 198 12644 348 22968 18.0 24.0 21.69 3.15
105300.0 376 45.6 0.3 39532 5348.05 0.36 14769 2260.07 0.35 1719511 417957.12 19.26 370 96.85 0.32 39236 14302.44 19.26 109 3 198 12753 351 23166 18.5 24.0 21.7 3.12
106200.0 354 46.23 0.36 39886 5394.29 0.36 14743 2258.77 0.35 1734254 420215.89 19.26 350 97.13 0.32 39586 14399.57 19.26 109 3 198 12862 354 23364 18.5 24.0 21.7 3.12
107100.0 310 45.45 0.3 40196 5439.74 0.36 14702 2254.92 0.35 1748956 422470.81 19.26 310 95.86 0.32 39896 14495.44 19.26 109 3 198 12971 357 23562 18.5 24.0 21.69 2.96
108000.0 310 45.45 0.3 40506 5485.19 0.36 14700 2254.6 0.35 1763656 424725.41 19.26 310 95.87 0.32 40206 14591.3 19.26 109 3 198 13080 360 23760 18.8 24.0 21.71 2.92
108900.0 376 45.6 0.3 40882 5530.79 0.36 14754 2254.07 0.35 1778410 426979.48 19.26 370 96.77 0.32 40576 14688.07 19.26 109 3 198 13189 363 23958 18.9 24.0 21.71 2.91
109800.0 354 46.23 0.36 41236 5577.02 0.36 14734 2254.4 0.35 1793144 429233.88 19.26 350 97.07 0.32 40926 14785.14 19.26 109 3 198 13298 366 24156 18.9 24.0 21.71 2.91
110700.0 310 45.45 0.3 41546 5622.47 0.36 14695 2253.17 0.35 1807839 431487.04 19.26 310 95.86 0.32 41236 14881.0 19.26 109 3 198 13407 369 24354 18.9 24.0 21.6 2.86
111600.0 310 45.45 0.3 41856 5667.93 0.36 14690 2252.85 0.35 1822529 433739.9 19.26 310 95.87 0.32 41546 14976.87 19.26 109 3 198 13516 372 24552 18.9 24.0 21.54 2.72
112500.0 376 45.6 0.3 42232 5713.52 0.36 14745 2253.02 0.35 1837274 435992.91 19.26 370 96.77 0.32 41916 15073.64 19.26 109 3 198 13625 375 24750 18.9 23.9 21.54 2.72
113400.0 354 46.23 0.36 42586 5759.75 0.36 14723 2253.35 0.35 1851997 438246.27 19.26 350 97.07 0.32 42266 15170.71 19.26 109 3 198 13734 378 24948 18.9 23.9 21.54 2.72
114300.0 310 45.45 0.3 42896 5805.21 0.36 14693 2252.82 0.35 1866690 440499.08 19.26 310 95.86 0.32 42576 15266.57 19.26 109 3 198 13843 381 25146 18.9 23.9 22.87 0.88
115200.0 310 45.45 0.3 43206 5850.66 0.36 14694 2252.85 0.35 1881384 442751.93 19.26 310 95.87 0.32 42886 15362.44 19.26 109 3 198 13952 384 25344 18.9 24.0 23.48 0.17
116100.0 376 45.6 0.3 43582 5896.26 0.36 14753 2253.72 0.35 1896137 445005.65 19.26 370 96.77 0.32 43256 15459.21 19.26 109 3 198 14061 387 25542 22.6 24.0 23.51 0.03
117000.0 354 46.23 0.36 43936 5942.49 0.36 14728 2254.05 0.35 1910865 447259.7 19.26 350 97.07 0.32 43606 15556.28 19.26 109 3 198 14170 390 25740 22.6 24.0 23.51 0.03
117900.0 310 45.45 0.3 44246 5987.94 0.36 14688 2252.82 0.35 1925553 449512.52 19.26 310 95.86 0.32 43916 15652.14 19.26 109 3 198 14279 393 25938 22.6 24.0 23.55 0.02
118800.0 310 45.45 0.3 44556 6033.39 0.36 14686 2252.5 0.35 1940239 451765.02 19.26 310 95.87 0.32 44226 15748.01 19.26 109 3 198 14388 396 26136 22.7 24.0 23.6 0.02
119700.0 376 45.6 0.3 44932 6078.99 0.36 14745 2253.37 0.35 1954984 454018.39 19.26 370 96.77 0.32 44596 15844.77 19.26 109 3 198 14497 399 26334 22.7 24.0 23.6 0.02
120600.0 354 46.23 0.36 45286 6125.22 0.36 14725 2253.7 0.35 1969709 456272.09 19.26 350 97.07 0.32 44946 15941.84 19.26 109 3 198 14606 402 26532 22.7 24.0 23.6 0.02
121500.0 310 45.45 0.3 45596 6170.67 0.36 14683 2252.12 0.35 1984392 458524.21 19.26 310 95.86 0.32 45256 16037.71 19.26 109 3 198 14715 405 26730 22.7 24.0 23.64 0.01
122400.0 310 45.45 0.3 45906 6216.12 0.36 14678 2251.1 0.35 1999070 460775.31 19.26 310 95.87 0.32 45566 16133.58 19.26 109 3 198 14824 408 26928 22.8 24.0 23.66 0.01
123300.0 376 45.6 0.3 46282 6261.72 0.36 14737 2251.97 0.35 2013807 463027.27 19.26 370 96.77 0.32 45936 16230.34 19.26 109 3 198 14933 411 27126 22.8 24.0 23.67 0.01
124200.0 354 46.23 0.36 46636 6307.95 0.36 14717 2252.3 0.35 2028524 465279.58 19.26 350 97.07 0.32 46286 16327.41 19.26 109 3 198 15042 414 27324 22.8 24.0 23.67 0.01
125100.0 310 45.45 0.3 46946 6353.4 0.36 14674 2250.37 0.35 2043198 467529.94 19.26 310 95.86 0.32 46596 16423.28 19.26 109 3 198 15151 417 27522 22.8 24.0 23.69 0.01
126000.0 310 45.45 0.3 47256 6398.86 0.36 14674 2250.4 0.35 2057872 469780.34 19.26 310 95.87 0.32 46906 16519.14 19.26 109 3 198 15260 420 27720 22.9 24.0 23.72 0.01
126900.0 376 45.6 0.3 47632 6444.45 0.36 14734 2251.27 0.35 2072606 472031.61 19.26 370 96.77 0.32 47276 16615.91 19.26 109 3 198 15369 423 27918 22.9 24.0 23.72 0.01
127800.0 354 46.23 0.36 47986 6490.68 0.36 14710 2250.9 0.35 2087316 474282.51 19.26 350 97.07 0.32 47626 16712.98 19.26 109 3 198 15478 426 28116 22.9 24.0 23.72 0.01
128700.0 310 45.45 0.3 48296 6536.14 0.36 14670 2249.66 0.35 2101986 476532.18 19.26 310 95.86 0.32 47936 16808.84 19.26 109 3 198 15587 429 28314 22.9 24.0 23.75 0.01
129600.0 310 45.45 0.3 48606 6581.59 0.36 14669 2249.7 0.35 2116655 478781.88 19.26 310 95.87 0.32 48246 16904.71 19.26 109 3 198 15696 432 28512 23.1 24.0 23.77 0.01
130500.0 376 45.6 0.3 48982 6627.18 0.36 14728 2250.57 0.35 2131383 481032.45 19.26 370 96.77 0.32 48616 17001.48 19.26 109 3 198 15805 435 28710 23.1 24.0 23.77 0.01
131400.0 354 46.23 0.36 49336 6673.41 0.36 14708 2250.9 0.35 2146091 483283.35 19.26 350 97.07 0.32 48966 17098.55 19.26 109 3 198 15914 438 28908 23.1 24.0 23.77 0.01
132300.0 310 45.45 0.3 49646 6718.87 0.36 14668 2249.66 0.35 2160759 485533.02 19.26 310 95.86 0.32 49276 17194.41 19.26 109 3 198 16023 441 29106 23.1 24.0 23.79 0.01
133200.0 310 45.45 0.3 49956 6764.32 0.36 14667 2249.35 0.35 2175426 487782.37 19.26 310 95.87 0.32 49586 17290.28 19.26 109 3 198 16132 444 29304 23.2 24.0 23.81 0.01
134100.0 376 45.6 0.3 50332 6809.92 0.36 14727 2250.22 0.35 2190153 490032.58 19.26 370 96.77 0.32 49956 17387.05 19.26 109 3 198 16241 447 29502 23.2 24.0 23.81 0.01
135000.0 354 46.23 0.36 50686 6856.15 0.36 14706 2250.55 0.35 2204859 492283.14 19.26 350 97.07 0.32 50306 17484.11 19.26 109 3 198 16350 450 29700 23.2 24.0 23.81 0.01
135900.0 310 45.45 0.3 50996 6901.6 0.36 14665 2248.96 0.35 2219524 494532.1 19.26 310 95.86 0.32 50616 17579.98 19.26 109 3 198 16459 453 29898 23.2 24.0 23.84 0.01
136800.0 310 45.45 0.3 51306 6947.05 0.36 14665 2249.0 0.35 2234189 496781.1 19.26 310 95.87 0.32 50926 17675.85 19.26 109 3 198 16568 456 30096 23.3 24.0 23.84 0.01
137700.0 376 45.6 0.3 51682 6992.65 0.36 14724 2249.87 0.35 2248913 499030.97 19.26 370 96.77 0.32 51296 17772.61 19.26 109 3 198 16677 459 30294 23.3 24.0 23.85 0.01
138600.0 354 46.23 0.36 52036 7038.88 0.36 14703 2250.2 0.35 2263616 501281.17 19.26 350 97.07 0.32 51646 17869.68 19.26 109 3 198 16786 462 30492 23.3 24.0 23.85 0.01
139500.0 310 45.45 0.3 52346 7084.33 0.36 14663 2248.96 0.35 2278279 503530.14 19.26 310 95.86 0.32 51956 17965.55 19.26 109 3 198 16895 465 30690 23.3 24.0 23.86 0.01
140400.0 310 45.45 0.3 52656 7129.79 0.36 14663 2249.0 0.35 2292942 505779.14 19.26 310 95.87 0.32 52266 18061.41 19.26 109 3 198 17004 468 30888 23.4 24.0 23.86 0.01
141300.0 376 45.6 0.3 53032 7175.38 0.36 14721 2249.52 0.35 2307663 508028.66 19.26 370 96.77 0.32 52636 18158.18 19.26 109 3 198 17113 471 31086 23.4 24.0 23.86 0.01
142200.0 354 46.23 0.36 53386 7221.61 0.36 14701 2249.85 0.35 2322364 510278.51 19.26 350 97.07 0.32 52986 18255.25 19.26 109 3 198 17222 474 31284 23.4 24.0 23.86 0.01
143100.0 310 45.45 0.3 53696 7267.06 0.36 14658 2247.91 0.35 2337022 512526.42 19.26 310 95.86 0.32 53296 18351.11 19.26 109 3 198 17331 477 31482 23.4 24.0 23.88 0.01
144000.0 310 45.45 0.3 54006 7312.52 0.36 14653 2247.95 0.35 2351675 514774.38 19.26 310 95.87 0.32 53606 18446.98 19.26 109 3 198 17440 480 31680 23.5 24.0 23.89 0.01
144900.0 376 45.6 0.3 54382 7358.11 0.36 14713 2248.82 0.35 2366388 517023.19 19.26 370 96.77 0.32 53976 18543.75 19.26 109 3 198 17549 483 31878 23.5 24.0 23.89 0.01
145800.0 354 46.23 0.36 54736 7404.34 0.36 14693 2249.15 0.35 2381081 519272.35 19.26 350 97.07 0.32 54326 18640.82 19.26 109 3 198 17658 486 32076 23.5 24.0 23.89 0.01
146700.0 310 45.45 0.3 55046 7449.8 0.36 14648 2247.56 0.35 2395729 521519.91 19.26 310 95.86 0.32 54636 18736.68 19.26 109 3 198 17767 489 32274 23.5 24.0 23.89 0.01
147600.0 310 45.45 0.3 55356 7495.25 0.36 14647 2247.6 0.35 2410376 523767.51 19.26 310 95.87 0.32 54946 18832.55 19.26 109 3 198 17876 492 32472 23.6 24.0 23.89 0.01
148500.0 376 45.6 0.3 55732 7540.85 0.36 14706 2248.47 0.35 2425082 526015.98 19.26 370 96.77 0.32 55316 18929.32 19.26 109 3 198 17985 495 32670 23.6 24.0 23.89 0.01
149400.0 354 46.23 0.36 56086 7587.08 0.36 14685 2248.8 0.35 2439767 528264.78 19.26 350 97.07 0.32 55666 19026.39 19.26 109 3 198 18094 498 32868 23.6 24.0 23.89 0.01
150300.0 310 45.45 0.3 56396 7632.53 0.36 14645 2247.56 0.35 2454412 530512.35 19.26 310 95.86 0.32 55976 19122.25 19.26 109 3 198 18203 501 33066 23.6 24.0 23.9 0.01
151200.0 310 45.45 0.3 56706 7677.98 0.36 14644 2247.25 0.35 2469056 532759.6 19.26 310 95.87 0.32 56286 19218.12 19.26 109 3 198 18312 504 33264 23.7 24.0 23.9 0.01
152100.0 376 45.6 0.3 57082 7723.58 0.36 14697 2247.42 0.35 2483753 535007.01 19.26 370 96.77 0.32 56656 19314.88 19.26 109 3 198 18421 507 33462 23.7 24.0 23.9 0.01
153000.0 354 46.23 0.36 57436 7769.81 0.36 14677 2247.75 0.35 2498430 537254.77 19.26 350 97.07 0.32 57006 19411.95 19.26 109 3 198 18530 510 33660 23.7 24.0 23.9 0.01
153900.0 310 45.45 0.3 57746 7815.26 0.36 14636 2246.51 0.35 2513066 539501.28 19.26 310 95.86 0.32 57316 19507.82 19.26 109 3 198 18639 513 33858 23.7 24.0 23.89 0.01
154800.0 310 45.45 0.3 58056 7860.72 0.36 14632 2246.2 0.35 2527698 541747.48 19.26 310 95.87 0.32 57626 19603.69 19.26 109 3 198 18748 516 34056 23.6 24.0 23.89 0.01
155700.0 376 45.6 0.3 58432 7906.31 0.36 14692 2247.07 0.35 2542390 543994.55 19.26 370 96.77 0.32 57996 19700.45 19.26 109 3 198 18857 519 34254 23.6 24.0 23.89 0.01
156600.0 354 46.23 0.36 58786 7952.54 0.36 14672 2247.4 0.35 2557062 546241.95 19.26 350 97.07 0.32 58346 19797.52 19.26 109 3 198 18966 522 34452 23.6 24.0 23.89 0.01
157500.0 310 45.45 0.3 59096 7997.99 0.36 14629 2245.11 0.35 2571691 548487.07 19.26 310 95.86 0.32 58656 19893.39 19.26 109 3 198 19075 525 34650 23.6 24.0 23.89 0.01
158400.0 310 45.45 0.3 59406 8043.45 0.36 14629 2245.15 0.35 2586320 550732.22 19.26 310 95.87 0.32 58966 19989.25 19.26 109 3 198 19184 528 34848 23.5 24.0 23.89 0.01
159300.0 376 45.6 0.3 59782 8089.04 0.36 14688 2245.67 0.35 2601008 552977.88 19.26 370 96.77 0.32 59336 20086.02 19.26 109 3 198 19293 531 35046 23.5 24.0 23.89 0.01
160200.0 354 46.23 0.36 60136 8135.27 0.36 14665 2245.3 0.35 2615673 555223.19 19.26 350 97.07 0.32 59686 20183.09 19.26 109 3 198 19402 534 35244 23.5 24.0 23.89 0.01
161100.0 310 45.45 0.3 60446 8180.73 0.36 14625 2244.06 0.35 2630298 557467.25 19.26 310 95.86 0.32 59996 20278.95 19.26 109 3 198 19511 537 35442 23.5 24.0 23.86 0.01
162000.0 310 45.45 0.3 60756 8226.18 0.36 14625 2244.1 0.35 2644923 559711.35 19.26 310 95.87 0.32 60306 20374.82 19.26 109 3 198 19620 540 35640 23.4 24.0 23.86 0.01
162900.0 376 45.59 0.3 61132 8271.77 0.36 14684 2244.97 0.35 2659607 561956.32 19.26 370 96.77 0.32 60676 20471.59 19.26 109 3 198 19729 543 35838 23.4 24.0 23.86 0.01
163800.0 354 46.23 0.36 61486 8318.0 0.36 14664 2245.3 0.35 2674271 564201.62 19.26 350 97.07 0.32 61026 20568.66 19.26 109 3 198 19838 546 36036 23.4 24.0 23.86 0.01
164700.0 310 45.45 0.3 61796 8363.46 0.36 14624 2244.06 0.35 2688895 566445.69 19.26 310 95.86 0.32 61336 20664.52 19.26 109 3 198 19947 549 36234 23.4 24.0 23.84 0.02
165600.0 310 45.45 0.3 62106 8408.91 0.36 14623 2244.1 0.35 2703518 568689.79 19.26 310 95.87 0.32 61646 20760.39 19.26 109 3 198 20056 552 36432 23.3 24.0 23.83 0.02
166500.0 376 45.6 0.3 62482 8454.51 0.36 14683 2244.97 0.35 2718201 570934.75 19.26 370 96.77 0.32 62016 20857.16 19.26 109 3 198 20165 555 36630 23.3 24.0 23.83 0.02
167400.0 354 46.23 0.36 62836 8500.74 0.36 14662 2244.95 0.35 2732863 573179.71 19.26 350 97.07 0.32 62366 20954.22 19.26 109 3 198 20274 558 36828 23.3 24.0 23.83 0.02
168300.0 310 45.45 0.3 63146 8546.19 0.36 14620 2243.01 0.35 2747483 575422.72 19.26 310 95.86 0.32 62676 21050.09 19.26 109 3 198 20383 561 37026 23.3 24.0 23.81 0.02
169200.0 310 45.45 0.3 63456 8591.64 0.36 14620 2243.05 0.35 2762103 577665.77 19.26 310 95.87 0.32 62986 21145.96 19.26 109 3 198 20492 564 37224 23.2 24.0 23.8 0.02
170100.0 376 45.59 0.3 63832 8637.23 0.36 14679 2243.92 0.35 2776782 579909.69 19.26 370 96.77 0.32 63356 21242.72 19.26 109 3 198 20601 567 37422 23.2 24.0 23.8 0.02
171000.0 354 46.23 0.36 64186 8683.46 0.36 14656 2243.55 0.35 2791438 582153.24 19.26 350 97.07 0.32 63706 21339.79 19.26 109 3 198 20710 570 37620 23.2 24.0 23.8 0.02
171900.0 310 45.45 0.3 64496 8728.92 0.36 14615 2241.96 0.35 2806053 584395.2 19.26 310 95.86 0.32 64016 21435.66 19.26 109 3 198 20819 573 37818 23.2 24.0 23.77 0.03
172800.0 310 45.45 0.3 64806 8774.37 0.36 14614 2242.0 0.35 2820667 586637.21 19.26 310 95.87 0.32 64326 21531.52 19.26 109 3 198 20928 576 38016 23.1 24.0 23.75 0.02
173700.0 376 45.6 0.3 65182 8819.97 0.36 14668 2242.17 0.35 2835335 588879.37 19.26 370 96.77 0.32 64696 21628.29 19.26 109 3 198 21037 579 38214 23.1 24.0 23.75 0.02
174600.0 354 46.23 0.36 65536 8866.2 0.36 14646 2242.15 0.35 2849981 591121.52 19.26 350 97.07 0.32 65046 21725.36 19.26 109 3 198 21146 582 38412 23.1 24.0 23.75 0.02
175500.0 310 45.45 0.3 65846 8911.65 0.36 14605 2240.91 0.35 2864586 593362.44 19.26 310 95.86 0.32 65356 21821.22 19.26 109 3 198 21255 585 38610 23.1 24.0 23.72 0.03
176400.0 310 45.45 0.3 66156 8957.1 0.36 14604 2240.95 0.35 2879190 595603.39 19.26 310 95.87 0.32 65666 21917.09 19.26 109 3 198 21364 588 38808 22.9 24.0 23.69 0.03
177300.0 376 45.6 0.3 66532 9002.7 0.36 14662 2241.47 0.35 2893852 597844.86 19.26 370 96.77 0.32 66036 22013.86 19.26 109 3 198 21473 591 39006 22.9 23.9 23.69 0.03
178200.0 354 46.23 0.36 66886 9048.93 0.36 14641 2241.8 0.35 2908493 600086.66 19.26 350 97.07 0.32 66386 22110.93 19.26 109 3 198 21582 594 39204 22.9 23.9 23.69 0.03
179100.0 310 45.45 0.3 67196 9094.38 0.36 14596 2239.51 0.35 2923089 602326.17 19.26 310 95.86 0.32 66696 22206.79 19.26 109 3 198 21691 597 39402 22.9 23.9 23.64 0.03
180000.0 310 45.45 0.3 67506 9139.84 0.36 14596 2239.9 0.35 2937685 604566.07 19.26 310 95.87 0.32 67006 22302.66 19.26 109 3 198 21800 600 39600 22.8 23.9 23.6 0.02
180900.0 376 45.6 0.3 67882 9185.43 0.36 14655 2240.42 0.35 2952340 606806.49 19.26 370 96.77 0.32 67376 22399.43 19.26 109 3 198 21909 603 39798 22.8 23.9 23.6 0.02
181800.0 354 46.23 0.36 68236 9231.66 0.36 14627 2240.05 0.35 2966967 609046.54 19.26 350 97.07 0.32 67726 22496.5 19.26 109 3 198 22018 606 39996 22.8 23.9 23.6 0.02
182700.0 310 45.45 0.3 68546 9277.11 0.36 14593 2239.16 0.35 2981560 611285.71 19.26 310 95.86 0.32 68036 22592.36 19.26 109 3 198 22127 609 40194 22.8 23.8 23.53 0.03
183600.0 310 45.45 0.3 68856 9322.57 0.36 14595 2239.2 0.35 2996155 613524.91 19.26 310 95.87 0.32 68346 22688.23 19.26 109 3 198 22236 612 40392 22.7 23.8 23.46 0.02
184500.0 376 45.6 0.3 69232 9368.16 0.36 14651 2239.72 0.35 3010806 615764.62 19.26 370 96.77 0.32 68716 22784.99 19.26 109 3 198 22345 615 40590 22.7 23.8 23.46 0.02
185400.0 354 46.23 0.36 69586 9414.39 0.36 14629 2239.7 0.35 3025435 618004.33 19.26 350 97.07 0.32 69066 22882.06 19.26 109 3 198 22454 618 40788 22.7 23.8 23.46 0.02
186300.0 310 45.45 0.3 69896 9459.85 0.36 14590 2239.16 0.35 3040025 620243.49 19.26 310 95.86 0.32 69376 22977.93 19.26 109 3 198 22563 621 40986 22.7 23.7 23.37 0.03
187200.0 310 45.45 0.3 70206 9505.3 0.36 14590 2238.85 0.35 3054615 622482.34 19.26 310 95.87 0.32 69686 23073.8 19.26 109 3 198 22672 624 41184 22.4 23.7 23.28 0.03
188100.0 376 45.6 0.3 70582 9550.9 0.36 14648 2239.37 0.35 3069263 624721.71 19.26 370 96.77 0.32 70056 23170.56 19.26 109 3 198 22781 627 41382 22.4 23.7 23.28 0.02
189000.0 354 46.23 0.36 70936 9597.13 0.36 14624 2239.7 0.35 3083887 626961.41 19.26 350 97.07 0.32 70406 23267.63 19.26 109 3 198 22890 630 41580 22.4 23.7 23.28 0.02
189900.0 310 45.45 0.3 71246 9642.58 0.36 14585 2237.76 0.35 3098472 629199.17 19.26 310 95.86 0.32 70716 23363.5 19.26 109 3 198 22999 633 41778 22.4 23.6 23.15 0.03
190800.0 310 45.45 0.3 71556 9688.03 0.36 14588 2238.85 0.35 3113060 631438.02 19.26 310 95.87 0.32 71026 23459.36 19.26 109 3 198 23108 636 41976 22.1 23.5 23.04 0.03
191700.0 376 45.6 0.3 71932 9733.63 0.36 14647 2239.72 0.35 3127707 633677.74 19.26 370 96.77 0.32 71396 23556.13 19.26 109 3 198 23217 639 42174 22.1 23.5 23.03 0.03
192600.0 354 46.23 0.36 72286 9779.86 0.36 14614 2237.95 0.35 3142321 635915.69 19.26 350 97.07 0.32 71746 23653.2 19.26 109 3 198 23326 642 42372 22.1 23.5 23.03 0.03
193500.0 310 45.45 0.3 72596 9825.31 0.36 14567 2236.01 0.35 3156888 638151.71 19.26 310 95.86 0.32 72056 23749.06 19.26 109 3 198 23435 645 42570 22.1 23.4 22.89 0.03
194400.0 310 45.45 0.3 72906 9870.77 0.36 14574 2236.75 0.35 3171462 640388.46 19.26 310 95.87 0.32 72366 23844.93 19.26 109 3 198 23544 648 42768 22.0 23.3 22.75 0.03
195300.0 376 45.6 0.3 73282 9916.36 0.36 14629 2237.27 0.35 3186091 642625.72 19.26 370 96.77 0.32 72736 23941.7 19.26 109 3 198 23653 651 42966 22.0 23.3 22.74 0.03
196200.0 354 46.23 0.36 73636 9962.59 0.36 14606 2236.9 0.35 3200697 644862.63 19.26 350 97.07 0.32 73086 24038.77 19.26 109 3 198 23762 654 43164 22.0 23.3 22.74 0.03
197100.0 310 45.45 0.3 73946 10008.04 0.36 14575 2237.06 0.35 3215272 647099.69 19.26 310 95.86 0.32 73396 24134.63 19.26 109 3 198 23871 657 43362 22.0 23.1 22.59 0.02
198000.0 310 45.45 0.3 74256 10053.5 0.36 14553 2235.7 0.35 3229825 649335.39 19.26 310 95.87 0.32 73706 24230.5 19.26 109 3 198 23980 660 43560 22.0 23.1 22.44 0.03
198900.0 376 45.6 0.3 74632 10099.09 0.36 14612 2236.22 0.35 3244437 651571.61 19.26 370 96.77 0.32 74076 24327.27 19.26 109 3 198 24089 663 43758 22.0 23.1 22.43 0.03
199800.0 354 46.23 0.36 74986 10145.32 0.36 14591 2236.2 0.35 3259028 653807.81 19.26 350 97.07 0.32 74426 24424.33 19.26 109 3 198 24198 666 43956 22.0 23.1 22.43 0.03
200700.0 310 45.45 0.3 75296 10190.78 0.36 14558 2235.66 0.35 3273586 656043.47 19.26 310 95.86 0.32 74736 24520.2 19.26 109 3 198 24307 669 44154 22.0 22.8 22.28 0.02
201600.0 310 45.45 0.3 75606 10236.23 0.36 14562 2236.05 0.35 3288148 658279.52 19.26 310 95.87 0.32 75046 24616.07 19.26 109 3 198 24416 672 44352 22.0 22.8 22.2 0.03
202500.0 376 45.6 0.3 75982 10281.83 0.36 14621 2236.92 0.35 3302769 660516.44 19.26 370 96.77 0.32 75416 24712.83 19.26 109 3 198 24525 675 44550 22.0 22.8 22.2 0.03
203400.0 354 46.23 0.36 76336 10328.06 0.36 14595 2236.55 0.35 3317364 662752.99 19.26 350 97.07 0.32 75766 24809.9 19.26 109 3 198 24634 678 44748 22.0 22.8 22.2 0.03
204300.0 310 45.45 0.3 76646 10373.51 0.36 14560 2236.01 0.35 3331924 664989.0 19.26 310 95.86 0.32 76076 24905.77 19.26 109 3 198 24743 681 44946 22.0 22.6 22.08 0.01
205200.0 310 45.45 0.3 76956 10418.96 0.36 14559 2236.05 0.35 3346483 667225.05 19.26 310 95.87 0.32 76386 25001.63 19.26 109 3 198 24852 684 45144 22.0 22.6 22.08 0.01
206100.0 376 45.59 0.3 77332 10464.56 0.36 14616 2236.92 0.35 3361099 669461.97 19.26 370 96.77 0.32 76756 25098.4 19.26 109 3 198 24961 687 45342 22.0 22.6 22.07 0.01
207000.0 354 46.23 0.36 77686 10510.79 0.36 14590 2236.55 0.35 3375689 671698.52 19.26 350 97.07 0.32 77106 25195.47 19.26 109 3 198 25070 690 45540 22.0 22.6 22.07 0.01
207900.0 310 45.45 0.3 77996 10556.24 0.36 14557 2235.31 0.35 3390246 673933.84 19.26 310 95.86 0.32 77416 25291.33 19.26 109 3 198 25179 693 45738 22.0 22.2 22.03 0.0
208800.0 310 45.45 0.3 78306 10601.69 0.36 14553 2235.0 0.35 3404799 676168.84 19.26 310 95.87 0.32 77726 25387.2 19.26 109 3 198 25288 696 45936 22.0 22.2 22.03 0.0
209700.0 376 45.6 0.3 78682 10647.29 0.36 14612 2235.87 0.35 3419411 678404.7 19.26 370 96.77 0.32 78096 25483.97 19.26 109 3 198 25397 699 46134 22.0 22.2 22.03 0.0
210600.0 354 46.23 0.36 79036 10693.52 0.36 14583 2235.5 0.35 3433994 680640.2 19.26 350 97.07 0.32 78446 25581.04 19.26 109 3 198 25506 702 46332 22.0 22.2 22.03 0.0
211500.0 310 45.45 0.3 79346 10738.97 0.36 14545 2233.91 0.35 3448539 682874.12 19.26 310 95.86 0.32 78756 25676.9 19.26 109 3 198 25615 705 46530 22.0 22.0 22.0 0.0
212400.0 310 45.45 0.3 79656 10784.42 0.36 14545 2233.95 0.35 3463084 685108.07 19.26 310 95.87 0.32 79066 25772.77 19.26 109 3 198 25724 708 46728 22.0 22.0 22.0 0.0
213300.0 376 45.59 0.3 80032 10830.02 0.36 14602 2234.82 0.35 3477686 687342.88 19.26 370 96.77 0.32 79436 25869.54 19.26 109 3 198 25833 711 46926 22.0 22.0 22.0 0.0
214200.0 354 46.23 0.36 80386 10876.25 0.36 14573 2234.45 0.35 3492259 689577.34 19.26 350 97.07 0.32 79786 25966.61 19.26 109 3 198 25942 714 47124 22.0 22.0 22.0 0.0
215100.0 310 45.45 0.3 80696 10921.7 0.36 14532 2233.21 0.35 3506791 691810.55 19.26 310 95.86 0.32 80096 26062.47 19.26 109 3 198 26051 717 47322 22.0 22.0 22.0 0.0
216000.0 310 45.45 0.3 81006 10967.15 0.36 14526 2232.2 0.35 3521317 694042.75 19.26 310 95.87 0.32 80406 26158.34 19.26 109 3 198 26160 720 47520 22.0 22.0 22.0 0.0
216900.0 376 45.6 0.3 81382 11012.75 0.36 14583 2232.72 0.35 3535900 696275.47 19.26 370 96.77 0.32 80776 26255.1 19.26 109 3 198 26269 723 47718 22.0 22.0 22.0 0.0
217800.0 354 46.23 0.36 81736 11058.98 0.36 14558 2232.7 0.35 3550458 698508.17 19.26 350 97.07 0.32 81126 26352.17 19.26 109 3 198 26378 726 47916 22.0 22.0 22.0 0.0
218700.0 310 45.45 0.3 82046 11104.43 0.36 14514 2230.76 0.35 3564972 700738.93 19.26 310 95.86 0.32 81436 26448.04 19.26 109 3 198 26487 729 48114 22.0 22.0 22.0 0.0
219600.0 310 45.45 0.3 82356 11149.89 0.36 14512 2230.45 0.35 3579484 702969.38 19.26 310 95.87 0.32 81746 26543.91 19.26 109 3 198 26596 732 48312 22.0 22.0 22.0 0.0
220500.0 376 45.6 0.3 82732 11195.48 0.36 14564 2229.92 0.35 3594048 705199.3 19.26 370 96.77 0.32 82116 26640.67 19.26 109 3 198 26705 735 48510 22.0 22.0 22.0 0.0
221400.0 354 46.23 0.36 83086 11241.71 0.36 14537 2230.35 0.35 3608585 707429.65 19.26 350 97.08 0.32 82466 26737.75 19.26 109 3 198 26814 738 48708 22.0 22.0 22.0 0.0
222300.0 310 45.46 0.3 83396 11287.17 0.36 14587 2239.44 0.35 3623172 709669.09 19.26 310 95.89 0.32 82776 26833.64 19.26 109 3 198 26923 741 48906 20.8 22.0 21.34 0.06
223200.0 310 45.46 0.3 83706 11332.63 0.36 14615 2244.37 0.35 3637787 711913.46 19.26 310 95.89 0.32 83086 26929.53 19.26 109 3 198 27032 744 49104 19.9 22.0 20.59 0.18
224100.0 376 45.6 0.3 84082 11378.22 0.36 14675 2245.25 0.35 3652462 714158.7 19.26 370 96.79 0.32 83456 27026.33 19.26 109 3 198 27141 747 49302 19.8 21.8 20.57 0.16
225000.0 354 46.23 0.36 84436 11424.46 0.36 14655 2245.52 0.35 3667117 716404.23 19.26 350 97.1 0.32 83806 27123.42 19.26 109 3 198 27250 750 49500 19.8 21.8 20.57 0.16
225900.0 310 45.46 0.3 84746 11469.91 0.36 14614 2244.56 0.35 3681731 718648.78 19.26 310 95.9 0.32 84116 27219.32 19.26 109 3 198 27359 753 49698 19.8 21.7 20.51 0.15
226800.0 310 45.46 0.3 85056 11515.37 0.36 14618 2245.29 0.35 3696349 720894.07 19.26 310 95.9 0.32 84426 27315.22 19.26 109 3 198 27468 756 49896 19.8 21.7 20.48 0.17
227700.0 376 45.6 0.3 85432 11560.97 0.36 14678 2246.16 0.35 3711027 723140.23 19.26 370 96.8 0.32 84796 27412.02 19.26 109 3 198 27577 759 50094 19.8 21.7 20.48 0.17
228600.0 354 46.23 0.36 85786 11607.2 0.36 14654 2245.62 0.35 3725681 725385.85 19.26 350 97.1 0.32 85146 27509.13 19.26 109 3 198 27686 762 50292 19.8 21.7 20.48 0.17
229500.0 310 45.46 0.3 86096 11652.66 0.36 14612 2243.53 0.35 3740293 727629.37 19.26 310 95.89 0.32 85456 27605.02 19.26 109 3 198 27795 765 50490 19.8 21.6 20.45 0.16
230400.0 310 45.46 0.3 86406 11698.11 0.36 14614 2243.9 0.35 3754907 729873.27 19.26 310 95.89 0.32 85766 27700.91 19.26 109 3 198 27904 768 50688 19.8 21.6 20.45 0.17
231300.0 376 45.6 0.3 86782 11743.71 0.36 14673 2244.43 0.35 3769580 732117.7 19.26 370 96.79 0.32 86136 27797.7 19.26 109 3 198 28013 771 50886 19.8 21.6 20.45 0.17
232200.0 354 46.23 0.36 87136 11789.94 0.36 14651 2244.43 0.35 3784231 734362.13 19.26 350 97.09 0.32 86486 27894.79 19.26 109 3 198 28122 774 51084 19.8 21.6 20.45 0.17
233100.0 310 45.46 0.3 87446 11835.4 0.36 14608 2243.36 0.35 3798839 736605.49 19.26 310 95.9 0.32 86796 27990.7 19.26 109 3 198 28231 777 51282 19.8 21.5 20.48 0.18
234000.0 310 45.46 0.3 87756 11880.85 0.36 14606 2243.05 0.35 3813445 738848.54 19.26 310 95.9 0.32 87106 28086.6 19.26 109 3 198 28340 780 51480 19.8 21.5 20.49 0.17
234900.0 376 45.6 0.3 88132 11926.45 0.36 14666 2243.92 0.35 3828111 741092.45 19.26 370 96.8 0.32 87476 28183.4 19.26 109 3 198 28449 783 51678 19.8 21.5 20.49 0.17
235800.0 354 46.23 0.36 88486 11972.68 0.36 14641 2243.4 0.35 3842752 743335.85 19.26 350 97.09 0.32 87826 28280.5 19.26 109 3 198 28558 786 51876 19.8 21.5 20.49 0.17
236700.0 310 45.45 0.3 88796 12018.14 0.36 14605 2242.77 0.35 3857357 745578.62 19.26 310 95.88 0.32 88136 28376.38 19.26 109 3 198 28667 789 52074 19.8 21.4 20.5 0.18
237600.0 310 45.45 0.3 89106 12063.59 0.36 14606 2242.46 0.35 3871963 747821.08 19.26 310 95.89 0.32 88446 28472.27 19.26 109 3 198 28776 792 52272 19.8 21.4 20.54 0.17
238500.0 376 45.59 0.3 89482 12109.18 0.36 14657 2242.27 0.35 3886620 750063.35 19.26 370 96.78 0.32 88816 28569.05 19.26 109 3 198 28885 795 52470 19.7 21.4 20.55 0.17
239400.0 354 46.23 0.36 89836 12155.42 0.36 14634 2242.09 0.35 3901254 752305.44 19.26 350 97.09 0.32 89166 28666.14 19.26 109 3 198 28994 798 52668 19.7 21.4 20.55 0.17
240300.0 310 45.46 0.3 90146 12200.87 0.36 14586 2239.82 0.35 3915840 754545.26 19.26 310 95.89 0.32 89476 28762.03 19.26 109 3 198 29103 801 52866 19.7 21.5 20.56 0.18
241200.0 310 45.46 0.3 90456 12246.33 0.36 14584 2239.84 0.35 3930424 756785.1 19.26 310 95.89 0.32 89786 28857.92 19.26 109 3 198 29212 804 53064 19.7 21.6 20.59 0.17
242100.0 376 45.6 0.3 90832 12291.93 0.36 14643 2240.72 0.35 3945067 759025.81 19.26 370 96.79 0.32 90156 28954.7 19.26 109 3 198 29321 807 53262 19.7 21.6 20.59 0.17
243000.0 354 46.23 0.36 91186 12338.16 0.36 14620 2240.77 0.35 3959687 761266.58 19.26 350 97.09 0.32 90506 29051.8 19.26 109 3 198 29430 810 53460 19.7 21.6 20.59 0.17
243900.0 310 45.46 0.3 91496 12383.61 0.36 14583 2239.98 0.35 3974270 763506.57 19.26 310 95.89 0.32 90816 29147.68 19.26 109 3 198 29539 813 53658 19.7 21.6 20.6 0.18
244800.0 310 45.46 0.3 91806 12429.07 0.36 14588 2241.06 0.35 3988858 765747.63 19.26 310 95.89 0.32 91126 29243.57 19.26 109 3 198 29648 816 53856 19.7 21.8 20.63 0.18
245700.0 376 45.6 0.3 92182 12474.67 0.36 14648 2241.93 0.35 4003506 767989.56 19.26 370 96.79 0.32 91496 29340.37 19.26 109 3 198 29757 819 54054 19.6 21.8 20.63 0.18
246600.0 354 46.23 0.36 92536 12520.9 0.36 14610 2241.14 0.35 4018116 770230.7 19.26 350 97.09 0.32 91846 29437.46 19.26 109 3 198 29866 822 54252 19.6 21.8 20.63 0.18
247500.0 310 45.46 0.3 92846 12566.36 0.36 14590 2242.02 0.35 4032706 772472.71 19.26 310 95.88 0.32 92156 29533.33 19.26 109 3 198 29975 825 54450 19.6 21.8 20.59 0.18
248400.0 310 45.46 0.3 93156 12611.81 0.36 14589 2241.68 0.35 4047295 774714.4 19.26 310 95.88 0.32 92466 29629.22 19.26 109 3 198 30084 828 54648 19.6 21.9 20.61 0.19
249300.0 376 45.6 0.3 93532 12657.41 0.36 14643 2241.87 0.35 4061938 776956.27 19.26 370 96.78 0.32 92836 29726.0 19.26 109 3 198 30193 831 54846 19.5 21.9 20.61 0.19
250200.0 354 46.23 0.36 93886 12703.64 0.36 14593 2238.02 0.35 4076531 779194.29 19.26 350 97.08 0.32 93186 29823.08 19.26 109 3 198 30302 834 55044 19.5 21.9 20.61 0.19
251100.0 310 45.46 0.3 94196 12749.1 0.36 14572 2238.65 0.35 4091103 781432.94 19.26 310 95.88 0.32 93496 29918.96 19.26 109 3 198 30411 837 55242 19.5 21.9 20.57 0.2
252000.0 310 45.46 0.3 94506 12794.55 0.36 14582 2240.78 0.35 4105685 783673.71 19.26 310 95.88 0.32 93806 30014.85 19.26 109 3 198 30520 840 55440 19.5 22.0 20.55 0.22
252900.0 376 45.6 0.3 94882 12840.15 0.36 14641 2241.3 0.35 4120326 785915.01 19.26 370 96.78 0.32 94176 30111.63 19.26 109 3 198 30629 843 55638 19.5 22.0 20.55 0.22
253800.0 354 46.23 0.36 95236 12886.38 0.36 14603 2239.31 0.35 4134929 788154.33 19.26 350 97.08 0.32 94526 30208.71 19.26 109 3 198 30738 846 55836 19.5 22.0 20.55 0.22
254700.0 310 45.46 0.3 95546 12931.84 0.36 14609 2243.13 0.35 4149538 790397.46 19.26 310 95.88 0.32 94836 30304.59 19.26 109 3 198 30847 849 56034 19.5 22.0 20.43 0.21
255600.0 310 45.46 0.3 95856 12977.29 0.36 14617 2244.56 0.35 4164155 792642.02 19.26 310 95.88 0.32 95146 30400.48 19.26 109 3 198 30956 852 56232 19.5 21.8 20.39 0.22
256500.0 376 45.6 0.3 96232 13022.89 0.36 14677 2245.43 0.35 4178832 794887.46 19.26 370 96.78 0.32 95516 30497.26 19.26 109 3 198 31065 855 56430 19.3 21.8 20.39 0.23
257400.0 354 46.23 0.36 96586 13069.12 0.36 14632 2243.03 0.35 4193464 797130.49 19.26 350 97.09 0.32 95866 30594.35 19.26 109 3 198 31174 858 56628 19.3 21.8 20.39 0.23
258300.0 310 45.46 0.3 96896 13114.58 0.36 14622 2245.74 0.35 4208086 799376.23 19.26 310 95.89 0.32 96176 30690.24 19.26 109 3 198 31283 861 56826 19.3 21.8 20.24 0.22
259200.0 310 45.46 0.3 97206 13160.03 0.36 14625 2246.12 0.35 4222711 801622.36 19.26 310 95.9 0.32 96486 30786.13 19.26 109 3 198 31392 864 57024 19.3 21.8 20.15 0.25
260100.0 376 45.6 0.3 97582 13205.63 0.36 14685 2247.0 0.35 4237396 803869.35 19.26 370 96.8 0.32 96856 30882.93 19.26 109 3 198 31501 867 57222 19.2 21.6 20.14 0.25
261000.0 356 46.59 0.36 97938 13252.23 0.36 14972 145310.09 19.25 4252368 949179.44 19.26 352 3077.07 19.25 97208 33960.0 19.26 109 3 198 31610 870 57420 19.2 21.6 20.14 0.25
261900.0 310 45.45 0.3 98248 13297.68 0.36 14631 2244.04 0.35 4266999 951423.48 19.26 310 95.83 0.32 97518 34055.82 19.26 109 3 198 31719 873 57618 18.9 21.6 19.81 0.22
262800.0 310 45.45 0.3 98558 13343.13 0.36 14637 2245.13 0.35 4281636 953668.61 19.26 310 95.83 0.32 97828 34151.66 19.26 109 3 198 31828 876 57816 18.9 21.6 19.64 0.25
263700.0 376 45.6 0.3 98934 13388.73 0.36 14697 2245.99 0.35 4296333 955914.61 19.26 370 96.73 0.32 98198 34248.39 19.26 109 3 198 31937 879 58014 18.9 20.8 19.64 0.24
264600.0 356 46.6 0.36 99290 13435.33 0.36 14988 146002.83 19.3 4311321 1101917.44 19.3 352 3093.19 19.3 98550 37341.57 19.3 109 3 198 32046 882 58212 18.9 20.8 19.64 0.24
265500.0 310 45.48 0.3 99600 13480.81 0.36 14715 2274.52 0.35 4326036 1104191.96 19.3 310 96.22 0.33 98860 37437.79 19.3 109 3 198 32155 885 58410 17.3 20.8 18.41 0.27
266400.0 310 45.48 0.3 99910 13526.29 0.36 14742 2277.7 0.35 4340778 1106469.66 19.3 310 96.22 0.33 99170 37534.01 19.3 109 3 198 32264 888 58608 17.3 20.2 17.84 0.06
267300.0 376 45.62 0.3 100286 13571.91 0.36 14802 2278.58 0.35 4355580 1108748.24 19.3 370 97.12 0.33 99540 37631.13 19.3 109 3 198 32373 891 58806 17.3 18.8 17.82 0.02
268200.0 356 46.62 0.36 100642 13618.53 0.36 15093 146282.4 19.3 4370673 1255030.65 19.3 352 3094.6 19.3 99892 40725.73 19.3 109 3 198 32482 894 59004 17.3 18.8 17.82 0.02
269100.0 310 45.48 0.3 100952 13664.0 0.36 14743 2278.25 0.35 4385416 1257308.9 19.3 310 96.23 0.33 100202 40821.97 19.3 109 3 198 32591 897 59202 17.3 18.8 17.8 0.02
270000.0 310 45.48 0.3 101262 13709.48 0.36 14744 2278.25 0.35 4400160 1259587.15 19.3 310 96.24 0.33 100512 40918.2 19.3 109 3 198 32700 900 59400 17.3 18.7 17.78 0.02
270900.0 376 45.62 0.3 101638 13755.1 0.36 14804 2279.15 0.35 4414964 1261866.3 19.3 370 97.14 0.33 100882 41015.34 19.3 109 3 198 32809 903 59598 17.3 18.7 17.78 0.02
271800.0 354 46.25 0.36 101992 13801.36 0.36 14780 2279.25 0.35 4429744 1264145.55 19.3 350 97.43 0.33 101232 41112.77 19.3 109 3 198 32918 906 59796 17.3 18.7 17.78 0.02
272700.0 310 45.48 0.3 102302 13846.83 0.36 14740 2278.04 0.35 4444484 1266423.59 19.3 310 96.23 0.33 101542 41209.0 19.3 109 3 198 33027 909 59994 17.3 18.7 17.76 0.02
273600.0 310 45.48 0.3 102612 13892.31 0.36 14740 2278.04 0.35 4459224 1268701.64 19.3 310 96.23 0.33 101852 41305.23 19.3 109 3 198 33136 912 60192 17.3 18.6 17.75 0.02
274500.0 376 45.62 0.3 102988 13937.93 0.36 14797 2278.6 0.35 4474021 1270980.23 19.3 370 97.13 0.33 102222 41402.37 19.3 109 3 198 33245 915 60390 17.3 18.6 17.75 0.02
275400.0 354 46.26 0.36 103342 13984.19 0.36 14776 2280.28 0.35 4488797 1273260.52 19.3 350 97.46 0.33 102572 41499.83 19.3 109 3 198 33354 918 60588 17.3 18.6 17.75 0.02
276300.0 310 45.48 0.3 103652 14029.67 0.36 14736 2276.92 0.35 4503533 1275537.44 19.3 310 96.21 0.33 102882 41596.04 19.3 109 3 198 33463 921 60786 17.3 18.6 17.73 0.02
277200.0 310 45.48 0.3 103962 14075.14 0.36 14735 2276.58 0.35 4518268 1277814.02 19.3 310 96.21 0.33 103192 41692.24 19.3 109 3 198 33572 924 60984 17.3 18.5 17.72 0.02
278100.0 376 45.62 0.3 104338 14120.76 0.36 14795 2277.47 0.35 4533063 1280091.49 19.3 370 97.11 0.33 103562 41789.35 19.3 109 3 198 33681 927 61182 17.3 18.5 17.72 0.02
279000.0 354 46.25 0.36 104692 14167.01 0.36 14771 2275.47 0.35 4547834 1282366.96 19.3 350 97.38 0.33 103912 41886.73 19.3 109 3 198 33790 930 61380 17.3 18.5 17.72 0.02
279900.0 310 45.48 0.3 105002 14212.49 0.36 14727 2275.79 0.35 4562561 1284642.75 19.3 310 96.23 0.33 104222 41982.97 19.3 109 3 198 33899 933 61578 17.3 18.5 17.71 0.02
280800.0 310 45.48 0.3 105312 14257.96 0.36 14730 2275.8 0.35 4577291 1286918.55 19.3 310 96.24 0.33 104532 42079.2 19.3 109 3 198 34008 936 61776 17.3 18.4 17.7 0.02
281700.0 376 45.62 0.3 105688 14303.59 0.36 14789 2276.7 0.35 4592080 1289195.25 19.3 370 97.14 0.33 104902 42176.34 19.3 109 3 198 34117 939 61974 17.3 18.4 17.7 0.02
282600.0 354 46.25 0.36 106042 14349.84 0.36 14765 2275.9 0.35 4606845 1291471.15 19.3 350 97.41 0.33 105252 42273.75 19.3 109 3 198 34226 942 62172 17.3 18.4 17.7 0.02
283500.0 310 45.47 0.3 106352 14395.31 0.36 14724 2272.85 0.35 4621569 1293744.0 19.3 310 96.16 0.33 105562 42369.91 19.3 109 3 198 34335 945 62370 17.3 18.4 17.69 0.01
284400.0 310 45.47 0.3 106662 14440.79 0.36 14726 2273.19 0.35 4636295 1296017.19 19.3 310 96.16 0.33 105872 42466.08 19.3 109 3 198 34444 948 62568 17.3 18.3 17.68 0.01
285300.0 376 45.62 0.3 107038 14486.41 0.36 14785 2274.1 0.35 4651080 1298291.28 19.3 370 97.06 0.33 106242 42563.14 19.3 109 3 198 34553 951 62766 17.3 18.3 17.68 0.01
286200.0 354 46.25 0.36 107392 14532.66 0.36 14763 2274.93 0.35 4665843 1300566.21 19.3 350 97.38 0.33 106592 42660.53 19.3 109 3 198 34662 954 62964 17.3 18.3 17.68 0.01
287100.0 310 45.47 0.3 107702 14578.13 0.36 14720 2273.0 0.35 4680563 1302839.22 19.3 310 96.17 0.33 106902 42756.7 19.3 109 3 198 34771 957 63162 17.3 18.3 17.68 0.01
288000.0 310 45.47 0.3 108012 14623.61 0.36 14720 2272.66 0.35 4695283 1305111.88 19.3 310 96.17 0.33 107212 42852.87 19.3 109 3 198 34880 960 63360 17.3 18.2 17.68 0.01
288900.0 376 45.62 0.3 108388 14669.22 0.36 14780 2273.55 0.35 4710063 1307385.43 19.3 370 97.08 0.33 107582 42949.95 19.3 109 3 198 34989 963 63558 17.3 18.2 17.68 0.01
289800.0 354 46.25 0.36 108742 14715.48 0.36 14757 2274.98 0.35 4724820 1309660.41 19.3 350 97.41 0.33 107932 43047.36 19.3 109 3 198 35098 966 63756 17.3 18.2 17.68 0.01
290700.0 310 45.48 0.3 109052 14760.96 0.36 14714 2276.29 0.35 4739534 1311936.7 19.3 310 96.26 0.33 108242 43143.62 19.3 109 3 198 35207 969 63954 17.3 18.2 17.67 0.01
291600.0 310 45.48 0.3 109362 14806.44 0.36 14712 2276.28 0.35 4754246 1314212.99 19.3 310 96.26 0.33 108552 43239.88 19.3 109 3 198 35316 972 64152 17.3 18.1 17.67 0.01
292500.0 376 45.62 0.3 109738 14852.06 0.36 14772 2277.2 0.35 4769018 1316490.18 19.3 370 97.16 0.33 108922 43337.04 19.3 109 3 198 35425 975 64350 17.3 18.1 17.67 0.01
293400.0 354 46.26 0.36 110092 14898.32 0.36 14748 2276.78 0.35 4783766 1318766.97 19.3 350 97.46 0.33 109272 43434.51 19.3 109 3 198 35534 978 64548 17.3 18.1 17.67 0.01
294300.0 310 45.48 0.3 110402 14943.8 0.36 14712 2274.34 0.35 4798478 1321041.3 19.3 310 96.23 0.33 109582 43530.74 19.3 109 3 198 35643 981 64746 17.3 18.1 17.67 0.01
295200.0 310 45.48 0.3 110712 14989.27 0.36 14710 2274.33 0.35 4813188 1323315.63 19.3 310 96.23 0.33 109892 43626.98 19.3 109 3 198 35752 984 64944 17.4 18.0 17.67 0.01
296100.0 376 45.62 0.3 111088 15034.89 0.36 14770 2275.24 0.35 4827958 1325590.87 19.3 370 97.14 0.33 110262 43724.11 19.3 109 3 198 35861 987 65142 17.4 18.0 17.67 0.01
297000.0 354 46.25 0.36 111442 15081.15 0.36 14749 2275.53 0.35 4842707 1327866.4 19.3 350 97.44 0.33 110612 43821.55 19.3 109 3 198 35970 990 65340 17.4 18.0 17.67 0.01
297900.0 310 45.48 0.3 111752 15126.63 0.36 14711 2275.94 0.35 4857418 1330142.34 19.3 310 96.26 0.33 110922 43917.81 19.3 109 3 198 36079 993 65538 17.4 18.0 17.67 0.01
298800.0 310 45.48 0.3 112062 15172.11 0.36 14709 2275.93 0.35 4872127 1332418.27 19.3 310 96.26 0.33 111232 44014.07 19.3 109 3 198 36188 996 65736 17.4 18.0 17.67 0.01
299700.0 376 45.62 0.3 112438 15217.73 0.36 14769 2276.85 0.35 4886896 1334695.12 19.3 370 97.16 0.33 111602 44111.23 19.3 109 3 198 36297 999 65934 17.4 18.0 17.67 0.01
300600.0 354 46.26 0.36 112792 15263.99 0.36 14737 2275.38 0.35 4901633 1336970.5 19.3 350 97.46 0.33 111952 44208.7 19.3 109 3 198 36406 1002 66132 17.4 18.0 17.67 0.01
301500.0 310 45.48 0.3 113102 15309.46 0.36 14699 2272.09 0.35 4916332 1339242.6 19.3 310 96.22 0.33 112262 44304.91 19.3 109 3 198 36515 1005 66330 17.4 18.0 17.67 0.01
302400.0 310 45.48 0.3 113412 15354.94 0.36 14701 2272.44 0.35 4931033 1341515.03 19.3 310 96.22 0.33 112572 44401.13 19.3 109 3 198 36624 1008 66528 17.4 17.9 17.67 0.01
303300.0 376 45.62 0.3 113788 15400.56 0.36 14759 2272.64 0.35 4945792 1343787.67 19.3 370 97.12 0.33 112942 44498.25 19.3 109 3 198 36733 1011 66726 17.4 17.9 17.67 0.01
304200.0 354 46.25 0.36 114142 15446.81 0.36 14737 2271.76 0.35 4960529 1346059.43 19.3 350 97.39 0.33 113292 44595.64 19.3 109 3 198 36842 1014 66924 17.4 17.9 17.67 0.01
305100.0 310 45.48 0.3 114452 15492.29 0.36 14696 2272.29 0.35 4975225 1348331.72 19.3 310 96.23 0.33 113602 44691.87 19.3 109 3 198 36951 1017 67122 17.4 17.9 17.67 0.01
306000.0 310 45.48 0.3 114762 15537.77 0.36 14699 2273.0 0.35 4989924 1350604.72 19.3 310 96.24 0.33 113912 44788.11 19.3 109 3 198 37060 1020 67320 17.4 17.8 17.67 0.01
306900.0 376 45.62 0.3 115138 15583.39 0.36 14759 2273.9 0.35 5004683 1352878.62 19.3 370 97.14 0.33 114282 44885.25 19.3 109 3 198 37169 1023 67518 17.4 17.9 17.67 0.01
307800.0 354 46.26 0.36 115492 15629.65 0.36 14736 2275.03 0.35 5019419 1355153.66 19.3 350 97.46 0.33 114632 44982.71 19.3 109 3 198 37278 1026 67716 17.4 17.9 17.67 0.01
308700.0 310 45.48 0.3 115802 15675.13 0.36 14694 2273.49 0.35 5034113 1357427.15 19.3 310 96.26 0.33 114942 45078.97 19.3 109 3 198 37387 1029 67914 17.4 17.9 17.67 0.01
309600.0 310 45.48 0.3 116112 15720.61 0.36 14697 2273.83 0.35 5048810 1359700.98 19.3 310 96.26 0.33 115252 45175.23 19.3 109 3 198 37496 1032 68112 17.4 17.9 17.68 0.01
310500.0 376 45.62 0.3 116488 15766.23 0.36 14757 2274.75 0.35 5063567 1361975.73 19.3 370 97.16 0.33 115622 45272.4 19.3 109 3 198 37605 1035 68310 17.4 17.9 17.68 0.01
311400.0 354 46.26 0.36 116842 15812.49 0.36 14731 2273.98 0.35 5078298 1364249.71 19.3 350 97.46 0.33 115972 45369.86 19.3 109 3 198 37714 1038 68508 17.4 17.9 17.68 0.01
312300.0 310 45.48 0.3 117152 15857.96 0.36 14684 2270.84 0.35 5092982 1366520.55 19.3 310 96.23 0.33 116282 45466.09 19.3 109 3 198 37823 1041 68706 17.4 17.9 17.68 0.01
313200.0 310 45.48 0.3 117462 15903.44 0.36 14680 2270.48 0.35 5107662 1368791.03 19.3 310 96.23 0.33 116592 45562.33 19.3 109 3 198 37932 1044 68904 17.4 18.0 17.69 0.01
314100.0 376 45.62 0.3 117838 15949.06 0.36 14738 2271.04 0.35 5122400 1371062.07 19.3 370 97.14 0.33 116962 45659.46 19.3 109 3 198 38041 1047 69102 17.3 18.0 17.69 0.01
315000.0 354 46.25 0.36 118192 15995.32 0.36 14711 2269.93 0.35 5137111 1373331.99 19.3 350 97.44 0.33 117312 45756.9 19.3 109 3 198 38150 1050 69300 17.3 18.0 17.69 0.01
315900.0 310 45.48 0.3 118502 16040.79 0.36 14671 2266.77 0.35 5151782 1375598.76 19.3 310 96.21 0.33 117622 45853.1 19.3 109 3 198 38259 1053 69498 17.3 18.0 17.7 0.01
316800.0 310 45.48 0.3 118812 16086.27 0.36 14676 2267.48 0.35 5166458 1377866.24 19.3 310 96.21 0.33 117932 45949.31 19.3 109 3 198 38368 1056 69696 17.3 18.1 17.7 0.01
317700.0 376 45.62 0.3 119188 16131.89 0.36 14734 2268.02 0.35 5181192 1380134.26 19.3 370 97.11 0.33 118302 46046.42 19.3 109 3 198 38477 1059 69894 17.3 18.1 17.7 0.01
318600.0 354 46.25 0.36 119542 16178.14 0.36 14705 2267.28 0.35 5195897 1382401.54 19.3 350 97.41 0.33 118652 46143.83 19.3 109 3 198 38586 1062 70092 17.3 18.1 17.7 0.01
319500.0 310 45.48 0.3 119852 16223.62 0.36 14662 2267.19 0.35 5210559 1384668.73 19.3 310 96.26 0.33 118962 46240.09 19.3 109 3 198 38695 1065 70290 17.3 18.1 17.71 0.02
320400.0 310 45.48 0.3 120162 16269.1 0.36 14666 2267.18 0.35 5225225 1386935.91 19.3 310 96.26 0.33 119272 46336.35 19.3 109 3 198 38804 1068 70488 17.3 18.2 17.71 0.02
321300.0 376 45.62 0.3 120538 16314.73 0.36 14726 2268.1 0.35 5239951 1389204.01 19.3 370 97.16 0.33 119642 46433.51 19.3 109 3 198 38913 1071 70686 17.3 18.2 17.71 0.02
322200.0 354 46.25 0.36 120892 16360.97 0.36 14693 2262.4 0.35 5254644 1391466.41 19.3 350 97.35 0.33 119992 46530.86 19.3 109 3 198 39022 1074 70884 17.3 18.2 17.71 0.02
323100.0 310 45.47 0.3 121202 16406.44 0.36 14645 2258.63 0.35 5269289 1393725.05 19.3 310 96.1 0.33 120302 46626.96 19.3 109 3 198 39131 1077 71082 17.3 18.2 17.71 0.02
324000.0 310 45.47 0.3 121512 16451.91 0.36 14664 2262.86 0.35 5283953 1395987.9 19.3 310 96.11 0.33 120612 46723.07 19.3 109 3 198 39240 1080 71280 17.3 18.2 17.72 0.02
324900.0 376 45.61 0.3 121888 16497.53 0.36 14721 2263.73 0.35 5298674 1398251.63 19.3 370 97.0 0.33 120982 46820.07 19.3 109 3 198 39349 1083 71478 17.3 18.2 17.72 0.02
325800.0 354 46.25 0.36 122242 16543.78 0.36 14699 2268.73 0.35 5313373 1400520.37 19.3 350 97.42 0.33 121332 46917.49 19.3 109 3 198 39458 1086 71676 17.3 18.2 17.72 0.02
326700.0 310 45.48 0.3 122552 16589.26 0.36 14644 2265.09 0.35 5328017 1402785.46 19.3 310 96.26 0.33 121642 47013.75 19.3 109 3 198 39567 1089 71874 17.3 18.2 17.73 0.02
327600.0 310 45.48 0.3 122862 16634.74 0.36 14656 2266.48 0.35 5342673 1405051.94 19.3 310 96.26 0.33 121952 47110.02 19.3 109 3 198 39676 1092 72072 17.3 18.3 17.74 0.03
328500.0 376 45.62 0.3 123238 16680.36 0.36 14715 2267.4 0.35 5357388 1407319.34 19.3 370 97.16 0.33 122322 47207.18 19.3 109 3 198 39785 1095 72270 17.2 18.3 17.74 0.03
329400.0 354 46.26 0.36 123592 16726.62 0.36 14685 2266.98 0.35 5372073 1409586.32 19.3 350 97.46 0.33 122672 47304.64 19.3 109 3 198 39894 1098 72468 17.2 18.3 17.74 0.03
330300.0 310 45.48 0.3 123902 16772.1 0.36 14629 2262.99 0.35 5386702 1411849.31 19.3 310 96.26 0.33 122982 47400.9 19.3 109 3 198 40003 1101 72666 17.2 18.3 17.74 0.03
331200.0 310 45.48 0.3 124212 16817.58 0.36 14644 2265.78 0.35 5401346 1414115.1 19.3 310 96.26 0.33 123292 47497.17 19.3 109 3 198 40112 1104 72864 17.2 18.4 17.75 0.03
332100.0 376 45.62 0.3 124588 16863.2 0.36 14697 2265.65 0.35 5416043 1416380.74 19.3 370 97.16 0.33 123662 47594.33 19.3 109 3 198 40221 1107 73062 17.2 18.4 17.75 0.03
333000.0 354 46.25 0.36 124942 16909.46 0.36 14661 2261.6 0.35 5430704 1418642.35 19.3 350 97.44 0.33 124012 47691.77 19.3 109 3 198 40330 1110 73260 17.2 18.4 17.75 0.03
333900.0 310 45.48 0.3 125252 16954.93 0.36 14610 2257.95 0.35 5445314 1420900.29 19.3 310 96.23 0.33 124322 47788.0 19.3 109 3 198 40439 1113 73458 17.2 18.4 17.75 0.03
334800.0 310 45.48 0.3 125562 17000.41 0.36 14615 2258.65 0.35 5459929 1423158.94 19.3 310 96.24 0.33 124632 47884.24 19.3 109 3 198 40548 1116 73656 17.2 18.5 17.76 0.04
335700.0 376 45.62 0.3 125938 17046.03 0.36 14668 2259.2 0.35 5474597 1425418.14 19.3 370 97.14 0.33 125002 47981.38 19.3 109 3 198 40657 1119 73854 17.2 18.5 17.76 0.04
336600.0 354 46.26 0.36 126292 17092.29 0.36 14629 2259.28 0.35 5489226 1427677.42 19.3 350 97.46 0.33 125352 48078.84 19.3 109 3 198 40766 1122 74052 17.2 18.5 17.76 0.04
337500.0 310 45.48 0.3 126602 17137.77 0.36 14597 2258.44 0.35 5503823 1429935.87 19.3 310 96.26 0.33 125662 48175.1 19.3 109 3 198 40875 1125 74250 17.2 18.5 17.76 0.04
338400.0 310 45.48 0.3 126912 17183.25 0.36 14607 2261.23 0.35 5518430 1432197.1 19.3 310 96.26 0.33 125972 48271.36 19.3 109 3 198 40984 1128 74448 17.2 18.5 17.77 0.04
339300.0 376 45.62 0.3 127288 17228.87 0.36 14660 2261.45 0.35 5533090 1434458.54 19.3 370 97.16 0.33 126342 48368.53 19.3 109 3 198 41093 1131 74646 17.2 18.5 17.77 0.04
340200.0 354 46.25 0.36 127642 17275.13 0.36 14615 2257.9 0.35 5547705 1436716.44 19.3 350 97.43 0.33 126692 48465.96 19.3 109 3 198 41202 1134 74844 17.2 18.5 17.77 0.04
341100.0 310 45.48 0.3 127952 17320.6 0.36 14552 2253.54 0.35 5562257 1438969.98 19.3 310 96.23 0.33 127002 48562.19 19.3 109 3 198 41311 1137 75042 17.2 18.5 17.78 0.04
342000.0 310 45.48 0.3 128262 17366.08 0.36 14556 2254.24 0.35 5576813 1441224.22 19.3 310 96.23 0.33 127312 48658.42 19.3 109 3 198 41420 1140 75240 17.2 18.5 17.78 0.05
342900.0 376 45.62 0.3 128638 17411.7 0.36 14609 2253.74 0.35 5591422 1443477.97 19.3 370 97.13 0.33 127682 48755.55 19.3 109 3 198 41529 1143 75438 17.2 18.5 17.78 0.05
343800.0 354 46.25 0.36 128992 17457.95 0.36 14575 2252.26 0.35 5605997 1445730.23 19.3 350 97.41 0.33 128032 48852.96 19.3 109 3 198 41638 1146 75636 17.2 18.5 17.78 0.05
344700.0 310 45.48 0.3 129302 17503.43 0.36 14525 2249.31 0.35 5620522 1447979.53 19.3 310 96.21 0.33 128342 48949.17 19.3 109 3 198 41747 1149 75834 17.2 18.5 17.78 0.05
345600.0 310 45.48 0.3 129612 17548.9 0.36 14526 2250.7 0.35 5635048 1450230.24 19.3 310 96.21 0.33 128652 49045.38 19.3 109 3 198 41856 1152 76032 17.2 18.6 17.78 0.05
