# seed = 1, gamma = 0.33, beta = 0.33, dee = 0.1, dcc = 25.0, dec = 1000.0, dsCnd = 500.0, dLocalhost = 0.02, hostBroker = EDGE 
#
# The columns have the following meaning: 
# instant[SECONDS] commCountUploadPartial delaySumUploadPartial[SECONDS] delayMaxUploadPartial[SECONDS] commCountUploadTot delaySumUploadTot[SECONDS] delayMaxUploadTot[SECONDS] commCountDownloadPartial delaySumDownloadPartial[SECONDS] delayMaxDownloadPartial[SECONDS] commCountDownloadTot delaySumDownloadTot[SECONDS] delayMaxDownloadTot[SECONDS] commCountDownloadMaxPartial delaySumDownloadMaxPartial[SECONDS] delayMaxDownloadMaxPartial[SECONDS] commCountDownloadMaxTot delaySumDownloadMaxTot[SECONDS] delayMaxDownloadMaxTot[SECONDS] runOnCloudPartial runOnEdgePartial runOnSmartphonePartial runOnCloudTot runOnEdgeTot runOnSmartphoneTot minTemp maxTemp avgTemp varianceTemp
0.0 0 0.0 0.0 0 0.0 0.0 0 0.0 0.0 0 0.0 0.0 0 0.0 0.0 0 0.0 0.0 0 0 0 0 0 0 17.0 25.0 21.0 0.0
900.0 376 258.84 1.0 376 258.84 1.0 16500 13730.09 1.5 16500 13730.09 1.5 370 316.6 1.04 370 316.6 1.04 208 3 99 208 3 99 18.9 21.0 19.37 0.77
1800.0 356 260.57 1.0 732 519.42 1.0 16788 218811.06 22.13 33288 232541.15 22.13 352 4173.18 22.13 722 4489.78 22.13 208 3 99 416 6 198 18.9 18.9 18.9 0.0
2700.0 310 258.75 1.01 1042 778.17 1.01 16440 13755.81 1.5 49728 246296.96 22.13 310 314.11 1.04 1032 4803.89 22.13 208 3 99 624 9 297 17.7 18.9 18.41 0.03
3600.0 310 258.75 1.01 1352 1036.91 1.01 16440 13755.82 1.5 66168 260052.78 22.13 310 314.11 1.04 1342 5118.01 22.13 208 3 99 832 12 396 17.7 18.9 18.22 0.05
4500.0 376 258.58 1.0 1728 1295.49 1.01 16496 13769.55 1.5 82664 273822.33 22.13 370 317.49 1.05 1712 5435.5 22.13 208 3 99 1040 15 495 17.6 18.7 18.21 0.05
5400.0 356 260.59 1.01 2084 1556.08 1.01 16824 20631.73 22.23 99488 294454.06 22.23 352 340.38 22.23 2064 5775.88 22.23 208 3 99 1248 18 594 17.6 18.7 18.21 0.05
6300.0 310 258.75 1.01 2394 1814.83 1.01 16514 13828.77 1.5 116002 308282.83 22.23 310 314.27 1.04 2374 6090.15 22.23 208 3 99 1456 21 693 17.6 18.7 18.21 0.04
7200.0 310 258.75 1.01 2704 2073.59 1.01 16516 13830.28 1.5 132518 322113.11 22.23 310 314.27 1.04 2684 6404.42 22.23 208 3 99 1664 24 792 17.6 18.7 18.23 0.04
8100.0 376 258.9 1.01 3080 2332.48 1.01 16575 13833.28 1.5 149093 335946.39 22.23 370 317.27 1.04 3054 6721.69 22.23 208 3 99 1872 27 891 17.6 18.7 18.23 0.04
9000.0 356 260.59 1.01 3436 2593.08 1.01 16856 20653.05 22.22 165949 356599.45 22.23 352 340.37 22.22 3406 7062.06 22.23 208 3 99 2080 30 990 17.6 18.7 18.23 0.04
9900.0 310 258.75 1.01 3746 2851.82 1.01 16498 13808.88 1.5 182447 370408.32 22.23 310 314.14 1.04 3716 7376.2 22.23 208 3 99 2288 33 1089 17.6 18.7 18.22 0.04
10800.0 310 258.75 1.01 4056 3110.57 1.01 16503 13811.94 1.5 198950 384220.26 22.23 310 314.14 1.04 4026 7690.35 22.23 208 3 99 2496 36 1188 17.6 18.7 18.13 0.04
11700.0 376 258.89 1.01 4432 3369.46 1.01 16562 13814.89 1.5 215512 398035.16 22.23 370 317.15 1.04 4396 8007.49 22.23 208 3 99 2704 39 1287 17.6 18.7 18.13 0.04
12600.0 354 259.53 1.01 4786 3628.99 1.01 16523 13803.21 1.5 232035 411838.36 22.23 350 318.22 1.04 4746 8325.71 22.23 208 3 99 2912 42 1386 17.6 18.7 18.13 0.04
13500.0 310 258.75 1.01 5096 3887.74 1.01 16439 13752.66 1.5 248474 425591.03 22.23 310 314.22 1.04 5056 8639.93 22.23 208 3 99 3120 45 1485 17.6 18.7 18.12 0.04
14400.0 310 258.75 1.01 5406 4146.49 1.01 16436 13751.21 1.5 264910 439342.24 22.23 310 314.22 1.04 5366 8954.15 22.23 208 3 99 3328 48 1584 17.6 18.7 18.12 0.04
15300.0 376 258.9 1.01 5782 4405.39 1.01 16496 13754.17 1.5 281406 453096.41 22.23 370 317.22 1.04 5736 9271.36 22.23 208 3 99 3536 51 1683 17.6 18.7 18.12 0.04
16200.0 354 259.53 1.01 6136 4664.92 1.01 16469 13750.3 1.5 297875 466846.71 22.23 350 318.21 1.04 6086 9589.57 22.23 208 3 99 3744 54 1782 17.6 18.7 18.12 0.04
17100.0 310 258.74 1.01 6446 4923.66 1.01 16432 13747.47 1.5 314307 480594.18 22.23 310 314.12 1.04 6396 9903.69 22.23 208 3 99 3952 57 1881 17.6 18.7 18.1 0.03
18000.0 310 258.74 1.01 6756 5182.4 1.01 16437 13753.46 1.5 330744 494347.64 22.23 310 314.11 1.04 6706 10217.8 22.23 208 3 99 4160 60 1980 17.6 18.7 18.09 0.04
18900.0 376 258.89 1.01 7132 5441.29 1.01 16497 13756.46 1.5 347241 508104.1 22.23 370 317.12 1.04 7076 10534.92 22.23 208 3 99 4368 63 2079 17.6 18.6 18.09 0.04
19800.0 354 259.52 1.01 7486 5700.81 1.01 16472 13750.03 1.5 363713 521854.13 22.23 350 318.12 1.04 7426 10853.04 22.23 208 3 99 4576 66 2178 17.6 18.6 18.09 0.04
20700.0 310 258.75 1.01 7796 5959.56 1.01 16435 13749.89 1.5 380148 535604.02 22.23 310 314.16 1.04 7736 11167.2 22.23 208 3 99 4784 69 2277 17.6 18.6 18.06 0.03
21600.0 310 258.75 1.01 8106 6218.3 1.01 16438 13751.45 1.5 396586 549355.47 22.23 310 314.16 1.04 8046 11481.36 22.23 208 3 99 4992 72 2376 17.6 18.6 18.06 0.03
22500.0 376 258.89 1.01 8482 6477.2 1.01 16497 13752.9 1.5 413083 563108.37 22.23 370 317.16 1.04 8416 11798.53 22.23 208 3 99 5200 75 2475 17.6 18.6 18.06 0.03
23400.0 354 259.53 1.01 8836 6736.72 1.01 16464 13744.18 1.5 429547 576852.55 22.23 350 318.21 1.04 8766 12116.74 22.23 208 3 99 5408 78 2574 17.6 18.6 18.06 0.03
24300.0 310 258.76 1.01 9146 6995.48 1.01 16423 13739.66 1.5 445970 590592.21 22.23 310 314.25 1.04 9076 12430.99 22.23 208 3 99 5616 81 2673 17.5 18.6 18.04 0.03
25200.0 310 258.76 1.01 9456 7254.23 1.01 16428 13745.71 1.5 462398 604337.92 22.23 310 314.26 1.04 9386 12745.25 22.23 208 3 99 5824 84 2772 17.5 18.6 18.03 0.03
26100.0 376 258.9 1.01 9832 7513.13 1.01 16487 13747.16 1.5 478885 618085.08 22.23 370 317.26 1.04 9756 13062.5 22.23 208 3 99 6032 87 2871 17.5 18.6 18.02 0.03
27000.0 354 259.53 1.01 10186 7772.66 1.01 16458 13740.71 1.5 495343 631825.79 22.23 350 318.26 1.04 10106 13380.76 22.23 208 3 99 6240 90 2970 17.5 18.6 18.02 0.03
27900.0 310 258.75 1.01 10496 8031.41 1.01 16430 13744.75 1.5 511773 645570.53 22.23 310 314.21 1.04 10416 13694.97 22.23 208 3 99 6448 93 3069 17.5 18.6 18.0 0.03
28800.0 310 258.75 1.01 10806 8290.17 1.01 16437 13753.78 1.5 528210 659324.31 22.23 310 314.21 1.04 10726 14009.18 22.23 208 3 99 6656 96 3168 17.5 18.6 17.99 0.03
29700.0 376 258.89 1.01 11182 8549.06 1.01 16495 13753.74 1.5 544705 673078.06 22.23 370 317.21 1.04 11096 14326.39 22.23 208 3 99 6864 99 3267 17.5 18.6 17.99 0.03
30600.0 354 259.53 1.01 11536 8808.59 1.01 16458 13738.28 1.5 561163 686816.34 22.23 350 318.21 1.04 11446 14644.6 22.23 208 3 99 7072 102 3366 17.5 18.6 17.99 0.03
31500.0 310 258.76 1.01 11846 9067.34 1.01 16426 13742.65 1.5 577589 700559.0 22.23 310 314.25 1.04 11756 14958.85 22.23 208 3 99 7280 105 3465 17.4 18.6 17.96 0.03
32400.0 310 258.76 1.01 12156 9326.1 1.01 16431 13747.21 1.5 594020 714306.2 22.23 310 314.26 1.04 12066 15273.11 22.23 208 3 99 7488 108 3564 17.4 18.6 17.95 0.03
33300.0 376 258.9 1.01 12532 9585.0 1.01 16491 13750.16 1.5 610511 728056.36 22.23 370 317.26 1.04 12436 15590.36 22.23 208 3 99 7696 111 3663 17.4 18.5 17.95 0.03
34200.0 354 259.53 1.01 12886 9844.53 1.01 16456 13737.71 1.5 626967 741794.07 22.23 350 318.26 1.04 12786 15908.62 22.23 208 3 99 7904 114 3762 17.4 18.5 17.95 0.03
35100.0 310 258.76 1.01 13196 10103.28 1.01 16421 13736.66 1.5 643388 755530.73 22.23 310 314.25 1.04 13096 16222.87 22.23 208 3 99 8112 117 3861 17.4 18.5 17.92 0.03
36000.0 310 258.76 1.01 13506 10362.04 1.01 16434 13748.71 1.5 659822 769279.44 22.23 310 314.26 1.04 13406 16537.13 22.23 208 3 99 8320 120 3960 17.4 18.5 17.91 0.03
36900.0 376 258.9 1.01 13882 10620.94 1.01 16494 13751.66 1.5 676316 783031.1 22.23 370 317.26 1.04 13776 16854.39 22.23 208 3 99 8528 123 4059 17.4 18.5 17.91 0.03
37800.0 354 259.52 1.01 14236 10880.46 1.01 16456 13728.8 1.5 692772 796759.89 22.23 350 318.17 1.04 14126 17172.56 22.23 208 3 99 8736 126 4158 17.4 18.5 17.91 0.03
38700.0 310 258.75 1.01 14546 11139.21 1.01 16414 13726.24 1.5 709186 810486.14 22.23 310 314.17 1.04 14436 17486.73 22.23 208 3 99 8944 129 4257 17.3 18.5 17.89 0.03
39600.0 310 258.75 1.01 14856 11397.96 1.01 16426 13736.79 1.5 725612 824222.93 22.23 310 314.17 1.04 14746 17800.9 22.23 208 3 99 9152 132 4356 17.3 18.5 17.88 0.04
40500.0 376 258.89 1.01 15232 11656.85 1.01 16483 13735.25 1.5 742095 837958.17 22.23 370 317.17 1.04 15116 18118.07 22.23 208 3 99 9360 135 4455 17.3 18.5 17.87 0.04
41400.0 354 259.53 1.01 15586 11916.38 1.01 16453 13728.7 1.5 758548 851686.88 22.23 350 318.26 1.04 15466 18436.32 22.23 208 3 99 9568 138 4554 17.3 18.5 17.87 0.04
42300.0 310 258.75 1.01 15896 12175.13 1.01 16423 13732.64 1.5 774971 865419.51 22.23 310 314.21 1.04 15776 18750.53 22.23 208 3 99 9776 141 4653 17.3 18.5 17.85 0.04
43200.0 310 258.75 1.01 16206 12433.88 1.01 16431 13741.68 1.5 791402 879161.19 22.23 310 314.21 1.04 16086 19064.74 22.23 208 3 99 9984 144 4752 17.3 18.5 17.83 0.05
44100.0 376 258.89 1.01 16582 12692.78 1.01 16491 13744.64 1.5 807893 892905.83 22.23 370 317.21 1.04 16456 19381.94 22.23 208 3 99 10192 147 4851 17.2 18.4 17.83 0.05
45000.0 354 259.53 1.01 16936 12952.31 1.01 16448 13723.18 1.5 824341 906629.01 22.23 350 318.21 1.04 16806 19700.15 22.23 208 3 99 10400 150 4950 17.2 18.4 17.83 0.05
45900.0 310 258.75 1.01 17246 13211.06 1.01 16415 13726.51 1.5 840756 920355.52 22.23 310 314.2 1.04 17116 20014.36 22.23 208 3 99 10608 153 5049 17.2 18.4 17.81 0.05
46800.0 310 258.75 1.01 17556 13469.81 1.01 16425 13735.55 1.5 857181 934091.08 22.23 310 314.2 1.04 17426 20328.56 22.23 208 3 99 10816 156 5148 17.2 18.5 17.8 0.06
47700.0 376 258.89 1.01 17932 13728.7 1.01 16485 13738.51 1.5 873666 947829.59 22.23 370 317.21 1.04 17796 20645.77 22.23 208 3 99 11024 159 5247 17.2 18.5 17.8 0.06
48600.0 354 259.53 1.01 18286 13988.23 1.01 16443 13715.55 1.5 890109 961545.14 22.23 350 318.21 1.04 18146 20963.97 22.23 208 3 99 11232 162 5346 17.2 18.5 17.8 0.06
49500.0 310 258.76 1.01 18596 14246.99 1.01 16419 13726.16 1.5 906528 975271.29 22.23 310 314.25 1.04 18456 21278.23 22.23 208 3 99 11440 165 5445 17.1 18.5 17.77 0.06
50400.0 310 258.76 1.01 18906 14505.74 1.01 16435 13744.21 1.5 922963 989015.5 22.23 310 314.26 1.04 18766 21592.48 22.23 208 3 99 11648 168 5544 17.1 18.5 17.75 0.07
51300.0 376 258.9 1.01 19282 14764.64 1.01 16495 13747.16 1.5 939458 1002762.66 22.23 370 317.26 1.04 19136 21909.74 22.23 208 3 99 11856 171 5643 17.1 18.5 17.75 0.07
52200.0 354 259.53 1.01 19636 15024.17 1.01 16447 13727.21 1.5 955905 1016489.87 22.23 350 318.26 1.04 19486 22227.99 22.23 208 3 99 12064 174 5742 17.1 18.5 17.75 0.07
53100.0 310 258.76 1.01 19946 15282.93 1.01 16396 13711.16 1.5 972301 1030201.03 22.23 310 314.25 1.04 19796 22542.25 22.23 208 3 99 12272 177 5841 17.1 18.5 17.74 0.07
54000.0 310 258.76 1.01 20256 15541.68 1.01 16404 13718.71 1.5 988705 1043919.73 22.23 310 314.26 1.04 20106 22856.5 22.23 208 3 99 12480 180 5940 17.1 18.6 17.73 0.08
54900.0 376 258.9 1.01 20632 15800.58 1.01 16464 13721.66 1.5 1005169 1057641.4 22.23 370 317.26 1.04 20476 23173.76 22.23 208 3 99 12688 183 6039 17.1 18.6 17.73 0.08
55800.0 354 259.53 1.01 20986 16060.11 1.01 16439 13716.71 1.5 1021608 1071358.1 22.23 350 318.26 1.04 20826 23492.02 22.23 208 3 99 12896 186 6138 17.1 18.6 17.73 0.08
56700.0 310 258.76 1.01 21296 16318.87 1.01 16417 13726.16 1.5 1038025 1085084.26 22.23 310 314.25 1.04 21136 23806.27 22.23 208 3 99 13104 189 6237 17.1 18.6 17.7 0.08
57600.0 310 258.76 1.01 21606 16577.62 1.01 16425 13736.71 1.5 1054450 1098820.97 22.23 310 314.26 1.04 21446 24120.53 22.23 208 3 99 13312 192 6336 17.1 18.6 17.69 0.09
58500.0 376 258.9 1.01 21982 16836.52 1.01 16484 13738.16 1.5 1070934 1112559.13 22.23 370 317.26 1.04 21816 24437.78 22.23 208 3 99 13520 195 6435 17.1 18.6 17.69 0.09
59400.0 354 259.53 1.01 22336 17096.05 1.01 16432 13710.21 1.5 1087366 1126269.34 22.23 350 318.22 1.04 22166 24756.0 22.23 208 3 99 13728 198 6534 17.1 18.6 17.69 0.09
60300.0 310 258.75 1.01 22646 17354.8 1.01 16401 13712.16 1.5 1103767 1139981.51 22.23 310 314.22 1.04 22476 25070.22 22.23 208 3 99 13936 201 6633 17.0 18.6 17.67 0.1
61200.0 310 258.75 1.01 22956 17613.55 1.01 16413 13722.71 1.5 1120180 1153704.22 22.23 310 314.22 1.04 22786 25384.44 22.23 208 3 99 14144 204 6732 17.0 18.6 17.66 0.1
62100.0 376 258.9 1.01 23332 17872.45 1.01 16470 13724.17 1.5 1136650 1167428.38 22.23 370 317.22 1.04 23156 25701.65 22.23 208 3 99 14352 207 6831 17.0 18.6 17.66 0.1
63000.0 354 259.52 1.01 23686 18131.97 1.01 16431 13701.69 1.5 1153081 1181130.08 22.23 350 318.11 1.04 23506 26019.76 22.23 208 3 99 14560 210 6930 17.0 18.6 17.66 0.1
63900.0 310 258.74 1.01 23996 18390.71 1.01 16392 13698.48 1.5 1169473 1194828.55 22.23 310 314.07 1.04 23816 26333.83 22.23 208 3 99 14768 213 7029 17.0 18.6 17.65 0.11
64800.0 310 258.74 1.01 24306 18649.45 1.01 16398 13704.51 1.5 1185871 1208533.06 22.23 310 314.07 1.04 24126 26647.9 22.23 208 3 99 14976 216 7128 17.0 18.6 17.64 0.11
65700.0 376 258.57 1.0 24682 18908.02 1.01 16458 13724.41 1.5 1202329 1222257.47 22.23 370 317.45 1.04 24496 26965.35 22.23 208 3 99 15184 219 7227 17.0 18.6 17.64 0.11
66600.0 354 259.52 1.01 25036 19167.53 1.01 16423 13691.31 1.5 1218752 1235948.77 22.23 350 318.06 1.04 24846 27283.41 22.23 208 3 99 15392 222 7326 17.0 18.6 17.64 0.11
67500.0 310 258.74 1.01 25346 19426.27 1.01 16388 13689.25 1.5 1235140 1249638.03 22.23 310 314.01 1.04 25156 27597.41 22.23 208 3 99 15600 225 7425 17.0 18.6 17.63 0.11
68400.0 310 258.74 1.01 25656 19685.0 1.01 16392 13695.28 1.5 1251532 1263333.3 22.23 310 314.01 1.04 25466 27911.42 22.23 208 3 99 15808 228 7524 17.0 18.7 17.63 0.11
69300.0 376 258.88 1.01 26032 19943.88 1.01 16451 13696.75 1.5 1267983 1277030.05 22.23 370 317.01 1.04 25836 28228.43 22.23 208 3 99 16016 231 7623 17.0 18.7 17.63 0.11
70200.0 354 259.52 1.01 26386 20203.4 1.01 16408 13679.59 1.5 1284391 1290709.65 22.23 350 318.06 1.04 26186 28546.49 22.23 208 3 99 16224 234 7722 17.0 18.7 17.63 0.11
71100.0 310 258.74 1.01 26696 20462.14 1.01 16376 13677.23 1.5 1300767 1304386.88 22.23 310 314.06 1.04 26496 28860.55 22.23 208 3 99 16432 237 7821 17.0 18.7 17.62 0.12
72000.0 310 258.74 1.01 27006 20720.88 1.01 16389 13687.77 1.5 1317156 1318074.65 22.23 310 314.06 1.04 26806 29174.61 22.23 208 3 99 16640 240 7920 17.0 18.7 17.61 0.12
72900.0 376 258.57 1.0 27382 20979.45 1.01 16448 13707.32 1.5 1333604 1331781.96 22.23 370 317.44 1.04 27176 29492.05 22.23 208 3 99 16848 243 8019 17.0 18.7 17.61 0.12
73800.0 354 259.52 1.01 27736 21238.96 1.01 16416 13684.27 1.5 1350020 1345466.23 22.23 350 318.06 1.04 27526 29810.12 22.23 208 3 99 17056 246 8118 17.0 18.7 17.61 0.12
74700.0 310 258.74 1.01 28046 21497.71 1.01 16377 13687.17 1.5 1366397 1359153.4 22.23 310 314.11 1.04 27836 30124.23 22.23 208 3 99 17264 249 8217 17.0 18.7 17.6 0.12
75600.0 310 258.74 1.01 28356 21756.45 1.01 16375 13684.2 1.5 1382772 1372837.6 22.23 310 314.11 1.04 28146 30438.34 22.23 208 3 99 17472 252 8316 17.0 18.7 17.6 0.12
76500.0 376 258.89 1.01 28732 22015.34 1.01 16435 13687.17 1.5 1399207 1386524.77 22.23 370 317.11 1.04 28516 30755.45 22.23 208 3 99 17680 255 8415 17.0 18.7 17.6 0.12
77400.0 354 259.52 1.01 29086 22274.85 1.01 16402 13672.51 1.5 1415609 1400197.28 22.23 350 318.07 1.04 28866 31073.52 22.23 208 3 99 17888 258 8514 17.0 18.7 17.6 0.12
78300.0 310 258.74 1.01 29396 22533.59 1.01 16368 13677.47 1.5 1431977 1413874.76 22.23 310 314.07 1.04 29176 31387.58 22.23 208 3 99 18096 261 8613 17.0 18.7 17.59 0.12
79200.0 310 258.74 1.01 29706 22792.33 1.01 16372 13679.01 1.5 1448349 1427553.77 22.23 310 314.07 1.04 29486 31701.65 22.23 208 3 99 18304 264 8712 17.0 18.6 17.59 0.12
80100.0 376 258.57 1.0 30082 23050.9 1.01 16432 13698.91 1.5 1464781 1441252.67 22.23 370 317.45 1.04 29856 32019.1 22.23 208 3 99 18512 267 8811 17.0 18.6 17.59 0.12
81000.0 354 259.52 1.01 30436 23310.42 1.01 16399 13669.17 1.5 1481180 1454921.84 22.23 350 318.09 1.04 30206 32337.19 22.23 208 3 99 18720 270 8910 17.0 18.6 17.59 0.12
81900.0 310 258.75 1.01 30746 23569.17 1.01 16362 13673.3 1.5 1497542 1468595.14 22.23 310 314.13 1.04 30516 32651.33 22.23 208 3 99 18928 273 9009 17.0 18.6 17.59 0.12
82800.0 310 258.75 1.01 31056 23827.91 1.01 16366 13676.35 1.5 1513908 1482271.5 22.23 310 314.13 1.04 30826 32965.46 22.23 208 3 99 19136 276 9108 17.0 18.6 17.59 0.11
83700.0 376 258.89 1.01 31432 24086.8 1.01 16424 13677.81 1.5 1530332 1495949.3 22.23 370 317.13 1.04 31196 33282.59 22.23 208 3 99 19344 279 9207 17.0 18.6 17.59 0.11
84600.0 354 259.52 1.01 31786 24346.33 1.01 16397 13671.35 1.5 1546729 1509620.66 22.23 350 318.13 1.04 31546 33600.73 22.23 208 3 99 19552 282 9306 17.0 18.6 17.59 0.11
85500.0 310 258.74 1.01 32096 24605.07 1.01 16365 13672.2 1.5 1563094 1523292.86 22.23 310 314.08 1.04 31856 33914.81 22.23 208 3 99 19760 285 9405 17.0 18.6 17.59 0.11
86400.0 310 258.74 1.01 32406 24863.81 1.01 16361 13670.73 1.5 1579455 1536963.59 22.23 310 314.08 1.04 32166 34228.89 22.23 208 3 99 19968 288 9504 17.0 18.6 17.59 0.11
87300.0 376 258.89 1.01 32782 25122.7 1.01 16421 13673.7 1.5 1595876 1550637.29 22.23 370 317.08 1.04 32536 34545.97 22.23 208 3 99 20176 291 9603 17.0 18.6 17.59 0.11
88200.0 354 259.53 1.01 33136 25382.22 1.01 16391 13672.05 1.5 1612267 1564309.34 22.23 350 318.21 1.04 32886 34864.18 22.23 208 3 99 20384 294 9702 17.0 18.6 17.59 0.11
89100.0 310 258.76 1.01 33446 25640.98 1.01 16398 13718.65 1.5 1628665 1578027.99 22.23 310 314.25 1.04 33196 35178.43 22.23 208 3 99 20592 297 9801 17.0 18.6 17.62 0.08
90000.0 310 258.76 1.01 33756 25899.73 1.01 16450 13766.71 1.5 1645115 1591794.7 22.23 310 314.26 1.04 33506 35492.69 22.23 208 3 99 20800 300 9900 17.1 18.5 17.68 0.05
90900.0 376 258.9 1.01 34132 26158.63 1.01 16509 13768.16 1.5 1661624 1605562.86 22.23 370 317.26 1.04 33876 35809.94 22.23 208 3 99 21008 303 9999 17.1 18.5 17.68 0.05
91800.0 354 259.52 1.01 34486 26418.15 1.01 16465 13736.43 1.5 1678089 1619299.29 22.23 350 318.09 1.04 34226 36128.03 22.23 208 3 99 21216 306 10098 17.1 18.5 17.68 0.05
92700.0 310 258.73 1.01 34796 26676.89 1.01 16478 13775.78 1.5 1694567 1633075.07 22.23 310 314.0 1.04 34536 36442.03 22.23 208 3 99 21424 309 10197 17.1 23.8 19.35 1.94
93600.0 310 258.73 1.01 35106 26935.62 1.01 16477 13772.78 1.5 1711044 1646847.85 22.23 310 314.0 1.04 34846 36756.03 22.23 208 3 99 21632 312 10296 17.1 23.8 20.46 4.61
94500.0 376 258.88 1.01 35482 27194.5 1.01 16534 13774.28 1.5 1727578 1660622.13 22.23 370 317.0 1.04 35216 37073.02 22.23 208 3 99 21840 315 10395 17.1 23.8 20.49 4.66
95400.0 354 259.51 1.01 35836 27454.01 1.01 16513 13775.28 1.5 1744091 1674397.41 22.23 350 318.0 1.04 35566 37391.02 22.23 208 3 99 22048 318 10494 17.1 23.8 20.49 4.66
96300.0 310 258.73 1.01 36146 27712.74 1.01 16473 13769.77 1.5 1760564 1688167.18 22.23 310 314.0 1.04 35876 37705.02 22.23 208 3 99 22256 321 10593 17.1 24.0 20.84 4.63
97200.0 310 258.73 1.01 36456 27971.48 1.01 16474 13771.28 1.5 1777038 1701938.46 22.23 310 314.0 1.04 36186 38019.02 22.23 208 3 99 22464 324 10692 17.1 24.0 21.02 4.65
98100.0 376 258.88 1.01 36832 28230.35 1.01 16527 13769.78 1.5 1793565 1715708.23 22.23 370 317.0 1.04 36556 38336.01 22.23 208 3 99 22672 327 10791 17.4 24.0 21.02 4.64
99000.0 354 259.5 1.01 37186 28489.86 1.01 16504 13764.25 1.5 1810069 1729472.48 22.23 350 317.93 1.04 36906 38653.95 22.23 208 3 99 22880 330 10890 17.4 24.0 21.02 4.64
99900.0 310 258.73 1.01 37496 28748.58 1.01 16463 13758.76 1.5 1826532 1743231.24 22.23 310 313.93 1.04 37216 38967.88 22.23 208 3 99 23088 333 10989 17.4 24.0 21.25 4.09
100800.0 310 258.73 1.01 37806 29007.31 1.01 16466 13763.25 1.5 1842998 1756994.49 22.23 310 313.93 1.04 37526 39281.81 22.23 208 3 99 23296 336 11088 17.5 24.0 21.39 3.89
101700.0 376 258.87 1.01 38182 29266.18 1.01 16526 13766.26 1.5 1859524 1770760.75 22.23 370 316.93 1.04 37896 39598.75 22.23 208 3 99 23504 339 11187 17.8 24.0 21.4 3.87
102600.0 354 259.5 1.01 38536 29525.69 1.01 16502 13761.55 1.5 1876026 1784522.3 22.23 350 317.91 1.04 38246 39916.65 22.23 208 3 99 23712 342 11286 17.8 24.0 21.4 3.87
103500.0 310 258.73 1.01 38846 29784.41 1.01 16465 13763.53 1.5 1892491 1798285.83 22.23 310 313.91 1.04 38556 40230.56 22.23 208 3 99 23920 345 11385 17.8 24.0 21.54 3.3
104400.0 310 258.73 1.01 39156 30043.14 1.01 16465 13763.55 1.5 1908956 1812049.38 22.23 310 313.91 1.04 38866 40544.47 22.23 208 3 99 24128 348 11484 18.0 24.0 21.7 3.09
105300.0 376 258.87 1.01 39532 30302.01 1.01 16524 13765.04 1.5 1925480 1825814.42 22.23 370 316.91 1.04 39236 40861.38 22.23 208 3 99 24336 351 11583 18.5 24.0 21.7 3.06
106200.0 354 259.5 1.01 39886 30561.51 1.01 16502 13761.6 1.5 1941982 1839576.01 22.23 350 317.88 1.04 39586 41179.26 22.23 208 3 99 24544 354 11682 18.5 24.0 21.7 3.06
107100.0 310 258.72 1.0 40196 30820.22 1.01 16464 13756.04 1.5 1958446 1853332.05 22.23 310 313.8 1.04 39896 41493.06 22.23 208 3 99 24752 357 11781 18.5 24.0 21.69 2.85
108000.0 310 258.72 1.0 40506 31078.94 1.01 16463 13754.49 1.5 1974909 1867086.54 22.23 310 313.8 1.04 40206 41806.86 22.23 208 3 99 24960 360 11880 18.8 24.0 21.7 2.82
108900.0 376 258.86 1.0 40882 31337.8 1.01 16519 13756.03 1.5 1991428 1880842.57 22.23 370 316.8 1.04 40576 42123.66 22.23 208 3 99 25168 363 11979 18.9 24.0 21.7 2.81
109800.0 354 259.49 1.0 41236 31597.29 1.01 16495 13753.99 1.5 2007923 1894596.56 22.23 350 317.8 1.04 40926 42441.46 22.23 208 3 99 25376 366 12078 18.9 24.0 21.7 2.81
110700.0 310 258.72 1.0 41546 31856.0 1.01 16454 13748.53 1.5 2024377 1908345.09 22.23 310 313.8 1.04 41236 42755.26 22.23 208 3 99 25584 369 12177 18.9 24.0 21.59 2.76
111600.0 310 258.72 1.0 41856 32114.72 1.01 16451 13743.99 1.5 2040828 1922089.07 22.23 310 313.8 1.04 41546 43069.06 22.23 208 3 99 25792 372 12276 18.9 24.0 21.53 2.63
112500.0 376 258.86 1.0 42232 32373.58 1.01 16510 13747.03 1.5 2057338 1935836.11 22.23 370 316.8 1.04 41916 43385.86 22.23 208 3 99 26000 375 12375 18.9 23.9 21.53 2.62
113400.0 354 259.49 1.0 42586 32633.07 1.01 16487 13743.49 1.5 2073825 1949579.59 22.23 350 317.8 1.04 42266 43703.66 22.23 208 3 99 26208 378 12474 18.9 23.9 21.53 2.62
114300.0 310 258.72 1.0 42896 32891.79 1.01 16448 13742.53 1.5 2090273 1963322.12 22.23 310 313.8 1.04 42576 44017.46 22.23 208 3 99 26416 381 12573 18.9 23.9 22.82 0.88
115200.0 310 258.72 1.0 43206 33150.5 1.01 16448 13742.49 1.5 2106721 1977064.61 22.23 310 313.8 1.04 42886 44331.26 22.23 208 3 99 26624 384 12672 18.9 24.0 23.46 0.17
116100.0 376 258.86 1.0 43582 33409.36 1.01 16507 13745.53 1.5 2123228 1990810.14 22.23 370 316.8 1.04 43256 44648.07 22.23 208 3 99 26832 387 12771 22.6 24.0 23.49 0.04
117000.0 354 259.49 1.0 43936 33668.85 1.01 16487 13746.49 1.5 2139715 2004556.63 22.23 350 317.8 1.04 43606 44965.87 22.23 208 3 99 27040 390 12870 22.6 24.0 23.49 0.04
117900.0 310 258.72 1.0 44246 33927.57 1.01 16447 13742.53 1.5 2156162 2018299.16 22.23 310 313.8 1.04 43916 45279.67 22.23 208 3 99 27248 393 12969 22.6 24.0 23.54 0.02
118800.0 310 258.72 1.0 44556 34186.28 1.01 16447 13742.49 1.5 2172609 2032041.64 22.23 310 313.8 1.04 44226 45593.47 22.23 208 3 99 27456 396 13068 22.7 24.0 23.58 0.02
119700.0 376 258.86 1.0 44932 34445.14 1.01 16502 13741.03 1.5 2189111 2045782.68 22.23 370 316.8 1.04 44596 45910.27 22.23 208 3 99 27664 399 13167 22.7 24.0 23.59 0.02
120600.0 354 259.49 1.0 45286 34704.63 1.01 16482 13741.99 1.5 2205593 2059524.66 22.23 350 317.8 1.04 44946 46228.07 22.23 208 3 99 27872 402 13266 22.7 24.0 23.59 0.02
121500.0 310 258.72 1.0 45596 34963.35 1.01 16441 13736.53 1.5 2222034 2073261.2 22.23 310 313.8 1.04 45256 46541.87 22.23 208 3 99 28080 405 13365 22.7 24.0 23.63 0.01
122400.0 310 258.72 1.0 45906 35222.06 1.01 16440 13734.99 1.5 2238474 2086996.18 22.23 310 313.8 1.04 45566 46855.67 22.23 208 3 99 28288 408 13464 22.8 24.0 23.66 0.01
123300.0 376 258.86 1.0 46282 35480.92 1.01 16500 13738.03 1.5 2254974 2100734.21 22.23 370 316.8 1.04 45936 47172.47 22.23 208 3 99 28496 411 13563 22.8 24.0 23.66 0.01
124200.0 354 259.49 1.0 46636 35740.41 1.01 16479 13737.49 1.5 2271453 2114471.7 22.23 350 317.8 1.04 46286 47490.27 22.23 208 3 99 28704 414 13662 22.8 24.0 23.66 0.01
125100.0 310 258.72 1.0 46946 35999.13 1.01 16436 13732.03 1.5 2287889 2128203.73 22.23 310 313.8 1.04 46596 47804.07 22.23 208 3 99 28912 417 13761 22.8 24.0 23.69 0.01
126000.0 310 258.72 1.0 47256 36257.84 1.01 16434 13728.99 1.5 2304323 2141932.72 22.23 310 313.8 1.04 46906 48117.87 22.23 208 3 99 29120 420 13860 22.9 24.0 23.72 0.01
126900.0 376 258.86 1.0 47632 36516.7 1.01 16493 13730.53 1.5 2320816 2155663.25 22.23 370 316.8 1.04 47276 48434.67 22.23 208 3 99 29328 423 13959 22.9 24.0 23.72 0.01
127800.0 354 259.49 1.0 47986 36776.19 1.01 16471 13729.99 1.5 2337287 2169393.24 22.23 350 317.8 1.04 47626 48752.47 22.23 208 3 99 29536 426 14058 22.9 24.0 23.72 0.01
128700.0 310 258.72 1.0 48296 37034.91 1.01 16431 13726.03 1.5 2353718 2183119.27 22.23 310 313.8 1.04 47936 49066.27 22.23 208 3 99 29744 429 14157 22.9 24.0 23.75 0.01
129600.0 310 258.72 1.0 48606 37293.62 1.01 16429 13724.49 1.5 2370147 2196843.75 22.23 310 313.8 1.04 48246 49380.07 22.23 208 3 99 29952 432 14256 23.1 24.0 23.76 0.01
130500.0 376 258.86 1.0 48982 37552.48 1.01 16486 13724.53 1.5 2386633 2210568.28 22.23 370 316.8 1.04 48616 49696.87 22.23 208 3 99 30160 435 14355 23.1 24.0 23.77 0.01
131400.0 354 259.49 1.0 49336 37811.97 1.01 16466 13725.49 1.5 2403099 2224293.77 22.23 350 317.8 1.04 48966 50014.67 22.23 208 3 99 30368 438 14454 23.1 24.0 23.77 0.01
132300.0 310 258.72 1.0 49646 38070.69 1.01 16426 13721.53 1.5 2419525 2238015.3 22.23 310 313.8 1.04 49276 50328.47 22.23 208 3 99 30576 441 14553 23.1 24.0 23.79 0.01
133200.0 310 258.72 1.0 49956 38329.4 1.01 16425 13719.98 1.5 2435950 2251735.29 22.23 310 313.8 1.04 49586 50642.27 22.23 208 3 99 30784 444 14652 23.2 24.0 23.81 0.01
134100.0 376 258.86 1.0 50332 38588.26 1.01 16483 13721.53 1.5 2452433 2265456.82 22.23 370 316.8 1.04 49956 50959.07 22.23 208 3 99 30992 447 14751 23.2 24.0 23.81 0.01
135000.0 354 259.49 1.0 50686 38847.76 1.01 16463 13722.49 1.5 2468896 2279179.31 22.23 350 317.8 1.04 50306 51276.87 22.23 208 3 99 31200 450 14850 23.2 24.0 23.81 0.01
135900.0 310 258.72 1.0 50996 39106.47 1.01 16421 13717.03 1.5 2485317 2292896.34 22.23 310 313.8 1.04 50616 51590.68 22.23 208 3 99 31408 453 14949 23.2 24.0 23.83 0.01
136800.0 310 258.72 1.0 51306 39365.19 1.01 16419 13713.98 1.5 2501736 2306610.32 22.23 310 313.8 1.04 50926 51904.47 22.23 208 3 99 31616 456 15048 23.3 24.0 23.84 0.01
137700.0 376 258.86 1.0 51682 39624.04 1.01 16477 13715.53 1.5 2518213 2320325.85 22.23 370 316.8 1.04 51296 52221.28 22.23 208 3 99 31824 459 15147 23.3 24.0 23.84 0.01
138600.0 354 259.49 1.0 52036 39883.54 1.01 16456 13714.99 1.5 2534669 2334040.84 22.23 350 317.8 1.04 51646 52539.08 22.23 208 3 99 32032 462 15246 23.3 24.0 23.84 0.01
139500.0 310 258.72 1.0 52346 40142.25 1.01 16416 13711.03 1.5 2551085 2347751.87 22.23 310 313.8 1.04 51956 52852.88 22.23 208 3 99 32240 465 15345 23.3 24.0 23.85 0.01
140400.0 310 258.72 1.0 52656 40400.97 1.01 16415 13709.48 1.5 2567500 2361461.36 22.23 310 313.8 1.04 52266 53166.68 22.23 208 3 99 32448 468 15444 23.4 24.0 23.86 0.01
141300.0 376 258.86 1.0 53032 40659.82 1.01 16473 13709.53 1.5 2583973 2375170.89 22.23 370 316.8 1.04 52636 53483.48 22.23 208 3 99 32656 471 15543 23.4 24.0 23.86 0.01
142200.0 354 259.49 1.0 53386 40919.32 1.01 16453 13710.49 1.5 2600426 2388881.38 22.23 350 317.8 1.04 52986 53801.28 22.23 208 3 99 32864 474 15642 23.4 24.0 23.86 0.01
143100.0 310 258.72 1.0 53696 41178.03 1.01 16413 13706.53 1.5 2616839 2402587.91 22.23 310 313.8 1.04 53296 54115.08 22.23 208 3 99 33072 477 15741 23.4 24.0 23.88 0.01
144000.0 310 258.72 1.0 54006 41436.75 1.01 16412 13704.98 1.5 2633251 2416292.89 22.23 310 313.8 1.04 53606 54428.88 22.23 208 3 99 33280 480 15840 23.5 24.0 23.88 0.01
144900.0 376 258.86 1.0 54382 41695.61 1.01 16471 13708.03 1.5 2649722 2430000.92 22.23 370 316.8 1.04 53976 54745.68 22.23 208 3 99 33488 483 15939 23.5 24.0 23.88 0.01
145800.0 354 259.49 1.0 54736 41955.1 1.01 16450 13707.49 1.5 2666172 2443708.41 22.23 350 317.8 1.04 54326 55063.48 22.23 208 3 99 33696 486 16038 23.5 24.0 23.88 0.01
146700.0 310 258.72 1.0 55046 42213.81 1.01 16409 13702.03 1.5 2682581 2457410.44 22.23 310 313.8 1.04 54636 55377.28 22.23 208 3 99 33904 489 16137 23.5 24.0 23.89 0.01
147600.0 310 258.72 1.0 55356 42472.53 1.01 16409 13701.98 1.5 2698990 2471112.43 22.23 310 313.8 1.04 54946 55691.08 22.23 208 3 99 34112 492 16236 23.6 24.0 23.89 0.01
148500.0 376 258.86 1.0 55732 42731.39 1.01 16469 13705.03 1.5 2715459 2484817.46 22.23 370 316.8 1.04 55316 56007.88 22.23 208 3 99 34320 495 16335 23.6 24.0 23.89 0.01
149400.0 354 259.49 1.0 56086 42990.88 1.01 16448 13704.49 1.5 2731907 2498521.95 22.23 350 317.8 1.04 55666 56325.68 22.23 208 3 99 34528 498 16434 23.6 24.0 23.89 0.01
150300.0 310 258.72 1.0 56396 43249.59 1.01 16408 13700.53 1.5 2748315 2512222.48 22.23 310 313.8 1.04 55976 56639.48 22.23 208 3 99 34736 501 16533 23.6 24.0 23.89 0.01
151200.0 310 258.72 1.0 56706 43508.31 1.01 16406 13697.48 1.5 2764721 2525919.96 22.23 310 313.8 1.04 56286 56953.28 22.23 208 3 99 34944 504 16632 23.7 24.0 23.9 0.01
152100.0 376 258.86 1.0 57082 43767.17 1.01 16464 13697.53 1.5 2781185 2539617.49 22.23 370 316.8 1.04 56656 57270.08 22.23 208 3 99 35152 507 16731 23.7 24.0 23.9 0.01
153000.0 354 259.49 1.0 57436 44026.66 1.01 16444 13698.49 1.5 2797629 2553315.98 22.23 350 317.8 1.04 57006 57587.88 22.23 208 3 99 35360 510 16830 23.7 24.0 23.9 0.01
153900.0 310 258.72 1.0 57746 44285.37 1.01 16401 13690.03 1.5 2814030 2567006.01 22.23 310 313.8 1.04 57316 57901.68 22.23 208 3 99 35568 513 16929 23.6 24.0 23.89 0.01
154800.0 310 258.72 1.0 58056 44544.09 1.01 16400 13689.98 1.5 2830430 2580696.0 22.23 310 313.8 1.04 57626 58215.48 22.23 208 3 99 35776 516 17028 23.6 24.0 23.89 0.01
155700.0 376 258.86 1.0 58432 44802.95 1.01 16460 13693.03 1.5 2846890 2594389.03 22.23 370 316.8 1.04 57996 58532.29 22.23 208 3 99 35984 519 17127 23.6 24.0 23.89 0.01
156600.0 354 259.49 1.0 58786 45062.44 1.01 16440 13693.99 1.5 2863330 2608083.02 22.23 350 317.8 1.04 58346 58850.09 22.23 208 3 99 36192 522 17226 23.6 24.0 23.89 0.01
157500.0 310 258.72 1.0 59096 45321.15 1.01 16397 13688.53 1.5 2879727 2621771.55 22.23 310 313.8 1.04 58656 59163.89 22.23 208 3 99 36400 525 17325 23.6 24.0 23.88 0.01
158400.0 310 258.72 1.0 59406 45579.87 1.01 16397 13688.48 1.5 2896124 2635460.03 22.23 310 313.8 1.04 58966 59477.68 22.23 208 3 99 36608 528 17424 23.5 24.0 23.88 0.01
159300.0 376 258.86 1.0 59782 45838.73 1.01 16456 13690.03 1.5 2912580 2649150.06 22.23 370 316.8 1.04 59336 59794.49 22.23 208 3 99 36816 531 17523 23.5 24.0 23.88 0.01
160200.0 354 259.49 1.0 60136 46098.22 1.01 16434 13687.99 1.5 2929014 2662838.05 22.23 350 317.8 1.04 59686 60112.29 22.23 208 3 99 37024 534 17622 23.5 24.0 23.88 0.01
161100.0 310 258.72 1.0 60446 46356.94 1.01 16394 13684.03 1.5 2945408 2676522.08 22.23 310 313.8 1.04 59996 60426.09 22.23 208 3 99 37232 537 17721 23.5 24.0 23.85 0.01
162000.0 310 258.72 1.0 60756 46615.65 1.01 16394 13683.98 1.5 2961802 2690206.07 22.23 310 313.8 1.04 60306 60739.89 22.23 208 3 99 37440 540 17820 23.4 24.0 23.85 0.01
162900.0 376 258.56 1.0 61132 46874.21 1.01 16452 13698.63 1.5 2978254 2703904.69 22.23 370 317.12 1.04 60676 61057.01 22.23 208 3 99 37648 543 17919 23.4 24.0 23.85 0.01
163800.0 354 259.49 1.0 61486 47133.7 1.01 16432 13684.99 1.5 2994686 2717589.68 22.23 350 317.8 1.04 61026 61374.81 22.23 208 3 99 37856 546 18018 23.4 24.0 23.85 0.01
164700.0 310 258.72 1.0 61796 47392.42 1.01 16390 13679.53 1.5 3011076 2731269.21 22.23 310 313.8 1.04 61336 61688.61 22.23 208 3 99 38064 549 18117 23.4 24.0 23.83 0.02
165600.0 310 258.72 1.0 62106 47651.13 1.01 16386 13676.48 1.5 3027462 2744945.7 22.23 310 313.8 1.04 61646 62002.41 22.23 208 3 99 38272 552 18216 23.3 24.0 23.82 0.02
166500.0 376 258.86 1.0 62482 47909.99 1.01 16446 13679.53 1.5 3043908 2758625.23 22.23 370 316.8 1.04 62016 62319.21 22.23 208 3 99 38480 555 18315 23.3 24.0 23.82 0.02
167400.0 354 259.49 1.0 62836 48169.49 1.01 16424 13678.99 1.5 3060332 2772304.22 22.23 350 317.8 1.04 62366 62637.01 22.23 208 3 99 38688 558 18414 23.3 24.0 23.82 0.02
168300.0 310 258.72 1.0 63146 48428.2 1.01 16380 13669.03 1.5 3076712 2785973.25 22.23 310 313.8 1.04 62676 62950.81 22.23 208 3 99 38896 561 18513 23.3 24.0 23.8 0.02
169200.0 310 258.72 1.0 63456 48686.92 1.01 16380 13668.98 1.5 3093092 2799642.23 22.23 310 313.8 1.04 62986 63264.61 22.23 208 3 99 39104 564 18612 23.2 24.0 23.79 0.02
170100.0 376 258.56 1.0 63832 48945.48 1.01 16439 13685.13 1.5 3109531 2813327.36 22.23 370 317.12 1.04 63356 63581.73 22.23 208 3 99 39312 567 18711 23.2 24.0 23.79 0.02
171000.0 354 259.49 1.0 64186 49204.97 1.01 16418 13669.99 1.5 3125949 2826997.35 22.23 350 317.8 1.04 63706 63899.53 22.23 208 3 99 39520 570 18810 23.2 24.0 23.79 0.02
171900.0 310 258.72 1.0 64496 49463.68 1.01 16376 13664.53 1.5 3142325 2840661.88 22.23 310 313.8 1.04 64016 64213.33 22.23 208 3 99 39728 573 18909 23.2 24.0 23.76 0.03
172800.0 310 258.72 1.0 64806 49722.4 1.01 16377 13665.98 1.5 3158702 2854327.86 22.23 310 313.8 1.04 64326 64527.13 22.23 208 3 99 39936 576 19008 23.1 24.0 23.74 0.02
173700.0 376 258.86 1.0 65182 49981.26 1.01 16433 13663.03 1.5 3175135 2867990.89 22.23 370 316.8 1.04 64696 64843.93 22.23 208 3 99 40144 579 19107 23.1 24.0 23.74 0.02
174600.0 354 259.49 1.0 65536 50240.75 1.01 16412 13663.99 1.5 3191547 2881654.88 22.23 350 317.8 1.04 65046 65161.73 22.23 208 3 99 40352 582 19206 23.1 24.0 23.74 0.02
175500.0 310 258.72 1.0 65846 50499.47 1.01 16370 13657.03 1.5 3207917 2895311.91 22.23 310 313.8 1.04 65356 65475.53 22.23 208 3 99 40560 585 19305 23.1 24.0 23.7 0.03
176400.0 310 258.72 1.0 66156 50758.18 1.01 16367 13656.98 1.5 3224284 2908968.9 22.23 310 313.8 1.04 65666 65789.33 22.23 208 3 99 40768 588 19404 22.9 24.0 23.68 0.03
177300.0 376 258.86 1.0 66532 51017.04 1.01 16427 13660.03 1.5 3240711 2922628.93 22.23 370 316.8 1.04 66036 66106.14 22.23 208 3 99 40976 591 19503 22.9 23.9 23.68 0.03
178200.0 354 259.49 1.0 66886 51276.53 1.01 16407 13660.99 1.5 3257118 2936289.91 22.23 350 317.8 1.04 66386 66423.94 22.23 208 3 99 41184 594 19602 22.9 23.9 23.68 0.03
179100.0 310 258.72 1.0 67196 51535.25 1.01 16363 13654.03 1.5 3273481 2949943.95 22.23 310 313.8 1.04 66696 66737.74 22.23 208 3 99 41392 597 19701 22.9 23.9 23.62 0.03
180000.0 310 258.72 1.0 67506 51793.96 1.01 16364 13653.98 1.5 3289845 2963597.93 22.23 310 313.8 1.04 67006 67051.54 22.23 208 3 99 41600 600 19800 22.8 23.9 23.58 0.03
180900.0 376 258.86 1.0 67882 52052.82 1.01 16423 13657.03 1.5 3306268 2977254.96 22.23 370 316.8 1.04 67376 67368.34 22.23 208 3 99 41808 603 19899 22.8 23.9 23.58 0.03
181800.0 354 259.49 1.0 68236 52312.31 1.01 16393 13651.99 1.5 3322661 2990906.95 22.23 350 317.8 1.04 67726 67686.14 22.23 208 3 99 42016 606 19998 22.8 23.9 23.58 0.03
182700.0 310 258.72 1.0 68546 52571.03 1.01 16355 13648.03 1.5 3339016 3004554.98 22.23 310 313.8 1.04 68036 67999.94 22.23 208 3 99 42224 609 20097 22.8 23.8 23.51 0.03
183600.0 310 258.72 1.0 68856 52829.74 1.01 16356 13650.98 1.5 3355372 3018205.96 22.23 310 313.8 1.04 68346 68313.74 22.23 208 3 99 42432 612 20196 22.7 23.8 23.44 0.02
184500.0 376 258.86 1.0 69232 53088.6 1.01 16408 13646.53 1.5 3371780 3031852.5 22.23 370 316.8 1.04 68716 68630.54 22.23 208 3 99 42640 615 20295 22.7 23.8 23.44 0.02
185400.0 354 259.49 1.0 69586 53348.09 1.01 16381 13641.49 1.5 3388161 3045493.98 22.23 350 317.8 1.04 69066 68948.34 22.23 208 3 99 42848 618 20394 22.7 23.8 23.44 0.02
186300.0 310 258.72 1.0 69896 53606.81 1.01 16345 13639.03 1.5 3404506 3059133.01 22.23 310 313.8 1.04 69376 69262.14 22.23 208 3 99 43056 621 20493 22.7 23.7 23.35 0.03
187200.0 310 258.72 1.0 70206 53865.52 1.01 16349 13640.48 1.5 3420855 3072773.5 22.23 310 313.8 1.04 69686 69575.94 22.23 208 3 99 43264 624 20592 22.4 23.7 23.26 0.02
188100.0 376 258.86 1.0 70582 54124.38 1.01 16408 13643.53 1.5 3437263 3086417.03 22.23 370 316.8 1.04 70056 69892.74 22.23 208 3 99 43472 627 20691 22.4 23.7 23.26 0.02
189000.0 354 259.49 1.0 70936 54383.87 1.01 16384 13639.99 1.5 3453647 3100057.02 22.23 350 317.8 1.04 70406 70210.54 22.23 208 3 99 43680 630 20790 22.4 23.7 23.26 0.02
189900.0 310 258.72 1.0 71246 54642.59 1.01 16344 13634.53 1.5 3469991 3113691.55 22.23 310 313.8 1.04 70716 70524.34 22.23 208 3 99 43888 633 20889 22.4 23.6 23.13 0.03
190800.0 310 258.72 1.0 71556 54901.3 1.01 16347 13638.98 1.5 3486338 3127330.53 22.23 310 313.8 1.04 71026 70838.14 22.23 208 3 99 44096 636 20988 22.1 23.5 23.01 0.03
191700.0 376 258.86 1.0 71932 55160.16 1.01 16407 13642.03 1.5 3502745 3140972.56 22.23 370 316.8 1.04 71396 71154.94 22.23 208 3 99 44304 639 21087 22.1 23.5 23.01 0.03
192600.0 354 259.49 1.0 72286 55419.65 1.01 16373 13630.99 1.5 3519118 3154603.55 22.23 350 317.8 1.04 71746 71472.74 22.23 208 3 99 44512 642 21186 22.1 23.5 23.01 0.03
193500.0 310 258.72 1.0 72596 55678.37 1.01 16333 13627.03 1.5 3535451 3168230.58 22.23 310 313.8 1.04 72056 71786.54 22.23 208 3 99 44720 645 21285 22.1 23.4 22.86 0.03
194400.0 310 258.72 1.0 72906 55937.08 1.01 16336 13634.48 1.5 3551787 3181865.06 22.23 310 313.8 1.04 72366 72100.34 22.23 208 3 99 44928 648 21384 22.0 23.3 22.73 0.03
195300.0 376 258.86 1.0 73282 56195.94 1.01 16388 13627.03 1.5 3568175 3195492.1 22.23 370 316.8 1.04 72736 72417.14 22.23 208 3 99 45136 651 21483 22.0 23.3 22.72 0.02
196200.0 354 259.49 1.0 73636 56455.43 1.01 16367 13626.49 1.5 3584542 3209118.58 22.23 350 317.8 1.04 73086 72734.94 22.23 208 3 99 45344 654 21582 22.0 23.3 22.72 0.02
197100.0 310 258.72 1.0 73946 56714.15 1.01 16332 13627.03 1.5 3600874 3222745.61 22.23 310 313.8 1.04 73396 73048.75 22.23 208 3 99 45552 657 21681 22.0 23.1 22.57 0.02
198000.0 310 258.72 1.0 74256 56972.86 1.01 16311 13605.98 1.5 3617185 3236351.6 22.23 310 313.8 1.04 73706 73362.54 22.23 208 3 99 45760 660 21780 22.0 23.1 22.42 0.02
198900.0 376 258.86 1.0 74632 57231.72 1.01 16371 13609.03 1.5 3633556 3249960.63 22.23 370 316.8 1.04 74076 73679.35 22.23 208 3 99 45968 663 21879 22.0 23.1 22.41 0.02
199800.0 354 259.49 1.0 74986 57491.21 1.01 16350 13608.49 1.5 3649906 3263569.12 22.23 350 317.8 1.04 74426 73997.15 22.23 208 3 99 46176 666 21978 22.0 23.1 22.41 0.02
200700.0 310 258.72 1.0 75296 57749.93 1.01 16317 13612.03 1.5 3666223 3277181.15 22.23 310 313.8 1.04 74736 74310.95 22.23 208 3 99 46384 669 22077 22.0 22.8 22.26 0.01
201600.0 310 258.72 1.0 75606 58008.64 1.01 16319 13611.98 1.5 3682542 3290793.13 22.23 310 313.8 1.04 75046 74624.75 22.23 208 3 99 46592 672 22176 22.0 22.8 22.19 0.02
202500.0 376 258.86 1.0 75982 58267.5 1.01 16379 13615.03 1.5 3698921 3304408.16 22.23 370 316.8 1.04 75416 74941.55 22.23 208 3 99 46800 675 22275 22.0 22.8 22.18 0.02
203400.0 354 259.49 1.0 76336 58526.99 1.01 16355 13612.99 1.5 3715276 3318021.15 22.23 350 317.8 1.04 75766 75259.35 22.23 208 3 99 47008 678 22374 22.0 22.8 22.18 0.02
204300.0 310 258.72 1.0 76646 58785.71 1.01 16322 13619.53 1.5 3731598 3331640.68 22.23 310 313.8 1.04 76076 75573.15 22.23 208 3 99 47216 681 22473 22.0 22.6 22.06 0.01
205200.0 310 258.72 1.0 76956 59044.43 1.01 16321 13617.98 1.5 3747919 3345258.66 22.23 310 313.8 1.04 76386 75886.95 22.23 208 3 99 47424 684 22572 22.0 22.6 22.06 0.01
206100.0 376 258.56 1.0 77332 59302.99 1.01 16379 13632.63 1.5 3764298 3358891.29 22.23 370 317.12 1.04 76756 76204.07 22.23 208 3 99 47632 687 22671 22.0 22.6 22.06 0.01
207000.0 354 259.49 1.0 77686 59562.48 1.01 16349 13606.99 1.5 3780647 3372498.28 22.23 350 317.8 1.04 77106 76521.87 22.23 208 3 99 47840 690 22770 22.0 22.6 22.06 0.01
207900.0 310 258.72 1.0 77996 59821.19 1.01 16319 13612.03 1.5 3796966 3386110.31 22.23 310 313.8 1.04 77416 76835.67 22.23 208 3 99 48048 693 22869 22.0 22.2 22.02 0.0
208800.0 310 258.72 1.0 78306 60079.91 1.01 16315 13607.48 1.5 3813281 3399717.79 22.23 310 313.8 1.04 77726 77149.47 22.23 208 3 99 48256 696 22968 22.0 22.2 22.02 0.0
209700.0 376 258.86 1.0 78682 60338.77 1.01 16373 13610.53 1.5 3829654 3413328.32 22.23 370 316.8 1.04 78096 77466.27 22.23 208 3 99 48464 699 23067 22.0 22.2 22.02 0.0
210600.0 354 259.49 1.0 79036 60598.26 1.01 16341 13602.49 1.5 3845995 3426930.81 22.23 350 317.8 1.04 78446 77784.07 22.23 208 3 99 48672 702 23166 22.0 22.2 22.02 0.0
211500.0 310 258.72 1.0 79346 60856.97 1.01 16300 13598.53 1.5 3862295 3440529.34 22.23 310 313.8 1.04 78756 78097.87 22.23 208 3 99 48880 705 23265 22.0 22.0 22.0 0.0
212400.0 310 258.72 1.0 79656 61115.69 1.01 16299 13596.98 1.5 3878594 3454126.32 22.23 310 313.8 1.04 79066 78411.67 22.23 208 3 99 49088 708 23364 22.0 22.0 22.0 0.0
213300.0 376 258.56 1.0 80032 61374.25 1.01 16358 13614.63 1.5 3894952 3467740.95 22.23 370 317.12 1.04 79436 78728.79 22.23 208 3 99 49296 711 23463 22.0 22.0 22.0 0.0
214200.0 354 259.49 1.0 80386 61633.74 1.01 16329 13591.99 1.5 3911281 3481332.94 22.23 350 317.8 1.04 79786 79046.59 22.23 208 3 99 49504 714 23562 22.0 22.0 22.0 0.0
215100.0 310 258.72 1.0 80696 61892.46 1.01 16286 13583.53 1.5 3927567 3494916.47 22.23 310 313.8 1.04 80096 79360.39 22.23 208 3 99 49712 717 23661 22.0 22.0 22.0 0.0
216000.0 310 258.72 1.0 81006 62151.17 1.01 16278 13572.98 1.5 3943845 3508489.45 22.23 310 313.8 1.04 80406 79674.19 22.23 208 3 99 49920 720 23760 22.0 22.0 22.0 0.0
216900.0 376 258.86 1.0 81382 62410.03 1.01 16336 13574.53 1.5 3960181 3522063.99 22.23 370 316.8 1.04 80776 79991.0 22.23 208 3 99 50128 723 23859 22.0 22.0 22.0 0.0
217800.0 354 259.49 1.0 81736 62669.52 1.01 16314 13572.49 1.5 3976495 3535636.47 22.23 350 317.8 1.04 81126 80308.8 22.23 208 3 99 50336 726 23958 22.0 22.0 22.0 0.0
218700.0 310 258.72 1.0 82046 62928.24 1.01 16264 13555.03 1.5 3992759 3549191.5 22.23 310 313.8 1.04 81436 80622.6 22.23 208 3 99 50544 729 24057 22.0 22.0 22.0 0.0
219600.0 310 258.72 1.0 82356 63186.95 1.01 16263 13553.48 1.5 4009022 3562744.99 22.23 310 313.8 1.04 81746 80936.39 22.23 208 3 99 50752 732 24156 22.0 22.0 22.0 0.0
220500.0 376 258.86 1.0 82732 63445.81 1.01 16314 13546.03 1.5 4025336 3576291.02 22.23 370 316.8 1.04 82116 81253.2 22.23 208 3 99 50960 735 24255 22.0 22.0 22.0 0.0
221400.0 354 259.49 1.0 83086 63705.31 1.01 16289 13543.61 1.5 4041625 3589834.63 22.23 350 317.82 1.04 82466 81571.02 22.23 208 3 99 51168 738 24354 22.0 22.0 22.0 0.0
222300.0 310 258.72 1.0 83396 63964.03 1.01 16345 13639.66 1.5 4057970 3603474.29 22.23 310 313.84 1.04 82776 81884.86 22.23 208 3 99 51376 741 24453 20.4 22.0 21.3 0.06
223200.0 310 258.72 1.0 83706 64222.75 1.01 16373 13660.6 1.5 4074343 3617134.89 22.23 310 313.84 1.04 83086 82198.69 22.23 208 3 99 51584 744 24552 19.9 22.0 20.56 0.14
224100.0 376 258.86 1.0 84082 64481.61 1.01 16433 13663.66 1.5 4090776 3630798.55 22.23 370 316.84 1.04 83456 82515.53 22.23 208 3 99 51792 747 24651 19.8 21.8 20.53 0.11
225000.0 354 259.5 1.0 84436 64741.11 1.01 16413 13664.72 1.5 4107189 3644463.27 22.23 350 317.84 1.04 83806 82833.38 22.23 208 3 99 52000 750 24750 19.8 21.8 20.53 0.11
225900.0 310 258.72 1.0 84746 64999.83 1.01 16372 13661.01 1.5 4123561 3658124.28 22.23 310 313.85 1.04 84116 83147.23 22.23 208 3 99 52208 753 24849 19.8 21.7 20.48 0.11
226800.0 310 258.72 1.0 85056 65258.55 1.01 16376 13663.96 1.5 4139937 3671788.24 22.23 310 313.85 1.04 84426 83461.08 22.23 208 3 99 52416 756 24948 19.8 21.7 20.44 0.12
227700.0 376 258.86 1.0 85432 65517.41 1.01 16435 13667.01 1.5 4156372 3685455.25 22.23 370 316.85 1.04 84796 83777.93 22.23 208 3 99 52624 759 25047 19.8 21.7 20.44 0.12
228600.0 354 259.5 1.0 85786 65776.91 1.01 16413 13667.1 1.5 4172785 3699122.35 22.23 350 317.86 1.04 85146 84095.78 22.23 208 3 99 52832 762 25146 19.8 21.7 20.44 0.12
229500.0 310 258.72 1.0 86096 66035.63 1.01 16371 13660.83 1.5 4189156 3712783.18 22.23 310 313.84 1.04 85456 84409.63 22.23 208 3 99 53040 765 25245 19.8 21.6 20.42 0.12
230400.0 310 258.72 1.0 86406 66294.35 1.01 16373 13665.27 1.5 4205529 3726448.45 22.23 310 313.84 1.04 85766 84723.47 22.23 208 3 99 53248 768 25344 19.8 21.6 20.43 0.12
231300.0 376 258.56 1.0 86782 66552.91 1.01 16432 13683.48 1.5 4221961 3740131.93 22.23 370 317.18 1.04 86136 85040.65 22.23 208 3 99 53456 771 25443 19.8 21.6 20.43 0.12
232200.0 354 259.5 1.0 87136 66812.41 1.01 16410 13667.64 1.5 4238371 3753799.57 22.23 350 317.84 1.04 86486 85358.49 22.23 208 3 99 53664 774 25542 19.8 21.6 20.43 0.12
233100.0 310 258.72 1.0 87446 67071.13 1.01 16367 13660.01 1.5 4254738 3767459.58 22.23 310 313.86 1.04 86796 85672.35 22.23 208 3 99 53872 777 25641 19.8 21.5 20.46 0.13
234000.0 310 258.72 1.0 87756 67329.85 1.01 16369 13659.97 1.5 4271107 3781119.55 22.23 310 313.86 1.04 87106 85986.21 22.23 208 3 99 54080 780 25740 19.8 21.5 20.47 0.13
234900.0 376 258.86 1.0 88132 67588.71 1.01 16429 13663.02 1.5 4287536 3794782.56 22.23 370 316.86 1.04 87476 86303.07 22.23 208 3 99 54288 783 25839 19.8 21.5 20.47 0.13
235800.0 354 259.5 1.0 88486 67848.2 1.01 16407 13662.88 1.5 4303943 3808445.44 22.23 350 317.84 1.04 87826 86620.9 22.23 208 3 99 54496 786 25938 19.8 21.5 20.47 0.13
236700.0 310 258.72 1.0 88796 68106.92 1.01 16363 13653.57 1.5 4320306 3822099.01 22.23 310 313.82 1.04 88136 86934.72 22.23 208 3 99 54704 789 26037 19.8 21.4 20.49 0.15
237600.0 310 258.72 1.0 89106 68365.64 1.01 16365 13655.02 1.5 4336671 3835754.04 22.23 310 313.82 1.04 88446 87248.54 22.23 208 3 99 54912 792 26136 19.8 21.4 20.53 0.14
238500.0 376 258.56 1.0 89482 68624.2 1.01 16422 13668.18 1.5 4353093 3849422.22 22.23 370 317.14 1.04 88816 87565.68 22.23 208 3 99 55120 795 26235 19.7 21.4 20.53 0.14
239400.0 354 259.5 1.0 89836 68883.7 1.01 16395 13651.99 1.5 4369488 3863074.2 22.23 350 317.83 1.04 89166 87883.51 22.23 208 3 99 55328 798 26334 19.7 21.4 20.53 0.14
240300.0 310 258.72 1.0 90146 69142.41 1.01 16357 13649.54 1.5 4385845 3876723.75 22.23 310 313.83 1.04 89476 88197.34 22.23 208 3 99 55536 801 26433 19.7 21.5 20.55 0.16
241200.0 310 258.72 1.0 90456 69401.13 1.01 16354 13644.99 1.5 4402199 3890368.73 22.23 310 313.82 1.04 89786 88511.16 22.23 208 3 99 55744 804 26532 19.7 21.6 20.59 0.15
242100.0 376 258.86 1.0 90832 69659.99 1.01 16412 13646.54 1.5 4418611 3904015.28 22.23 370 316.83 1.04 90156 88827.99 22.23 208 3 99 55952 807 26631 19.7 21.6 20.59 0.15
243000.0 354 259.49 1.0 91186 69919.49 1.01 16388 13645.93 1.5 4434999 3917661.21 22.23 350 317.83 1.04 90506 89145.82 22.23 208 3 99 56160 810 26730 19.7 21.6 20.59 0.15
243900.0 310 258.72 1.0 91496 70178.21 1.01 16345 13636.46 1.5 4451344 3931297.67 22.23 310 313.84 1.04 90816 89459.66 22.23 208 3 99 56368 813 26829 19.7 21.7 20.61 0.17
244800.0 310 258.72 1.0 91806 70436.93 1.01 16349 13640.9 1.5 4467693 3944938.57 22.23 310 313.83 1.04 91126 89773.49 22.23 208 3 99 56576 816 26928 19.7 21.8 20.64 0.17
245700.0 376 258.86 1.0 92182 70695.79 1.01 16408 13643.96 1.5 4484101 3958582.53 22.23 370 316.84 1.04 91496 90090.33 22.23 208 3 99 56784 819 27027 19.6 21.8 20.64 0.17
246600.0 354 259.5 1.0 92536 70955.29 1.01 16378 13634.85 1.5 4500479 3972217.38 22.23 350 317.84 1.04 91846 90408.17 22.23 208 3 99 56992 822 27126 19.6 21.8 20.64 0.17
247500.0 310 258.72 1.0 92846 71214.01 1.01 16344 13634.76 1.5 4516823 3985852.14 22.23 310 313.83 1.04 92156 90722.0 22.23 208 3 99 57200 825 27225 19.6 21.8 20.61 0.18
248400.0 310 258.72 1.0 93156 71472.73 1.01 16340 13634.71 1.5 4533163 3999486.85 22.23 310 313.83 1.04 92466 91035.84 22.23 208 3 99 57408 828 27324 19.6 21.9 20.63 0.18
249300.0 376 258.86 1.0 93532 71731.59 1.01 16392 13631.76 1.5 4549555 4013118.61 22.23 370 316.83 1.04 92836 91352.67 22.23 208 3 99 57616 831 27423 19.5 21.9 20.63 0.19
250200.0 354 259.5 1.0 93886 71991.08 1.01 16361 13620.37 1.5 4565916 4026738.98 22.23 350 317.83 1.04 93186 91670.49 22.23 208 3 99 57824 834 27522 19.5 21.9 20.63 0.19
251100.0 310 258.72 1.0 94196 72249.8 1.01 16334 13624.11 1.5 4582250 4040363.09 22.23 310 313.83 1.04 93496 91984.32 22.23 208 3 99 58032 837 27621 19.5 21.9 20.59 0.2
252000.0 310 258.72 1.0 94506 72508.52 1.01 16337 13625.56 1.5 4598587 4053988.65 22.23 310 313.83 1.04 93806 92298.15 22.23 208 3 99 58240 840 27720 19.5 22.0 20.57 0.22
252900.0 376 258.86 1.0 94882 72767.38 1.01 16396 13627.11 1.5 4614983 4067615.76 22.23 370 316.83 1.04 94176 92614.99 22.23 208 3 99 58448 843 27819 19.5 22.0 20.57 0.22
253800.0 354 259.5 1.0 95236 73026.88 1.01 16359 13616.28 1.5 4631342 4081232.04 22.23 350 317.83 1.04 94526 92932.82 22.23 208 3 99 58656 846 27918 19.5 22.0 20.57 0.22
254700.0 310 258.72 1.0 95546 73285.6 1.01 16371 13665.06 1.5 4647713 4094897.1 22.23 310 313.84 1.04 94836 93246.66 22.23 208 3 99 58864 849 28017 19.5 22.0 20.45 0.22
255600.0 310 258.72 1.0 95856 73544.32 1.01 16379 13672.5 1.5 4664092 4108569.6 22.23 310 313.84 1.04 95146 93560.49 22.23 208 3 99 59072 852 28116 19.5 21.8 20.41 0.24
256500.0 376 258.86 1.0 96232 73803.18 1.01 16439 13675.56 1.5 4680531 4122245.16 22.23 370 316.84 1.04 95516 93877.34 22.23 208 3 99 59280 855 28215 19.3 21.8 20.41 0.24
257400.0 354 259.49 1.0 96586 74062.67 1.01 16385 13639.91 1.5 4696916 4135885.07 22.23 350 317.83 1.04 95866 94195.16 22.23 208 3 99 59488 858 28314 19.3 21.8 20.41 0.24
258300.0 310 258.72 1.0 96896 74321.39 1.01 16386 13678.55 1.5 4713302 4149563.62 22.23 310 313.84 1.04 96176 94509.0 22.23 208 3 99 59696 861 28413 19.3 21.8 20.26 0.23
259200.0 310 258.72 1.0 97206 74580.11 1.01 16391 13681.5 1.5 4729693 4163245.12 22.23 310 313.84 1.04 96486 94822.84 22.23 208 3 99 59904 864 28512 19.3 21.8 20.17 0.26
260100.0 376 258.86 1.0 97582 74838.97 1.01 16451 13684.55 1.5 4746144 4176929.67 22.23 370 316.84 1.04 96856 95139.68 22.23 208 3 99 60112 867 28611 19.2 21.6 20.17 0.26
261000.0 356 260.56 1.0 97938 75099.54 1.01 16737 220904.12 22.24 4762881 4397833.79 22.24 352 4206.75 22.24 97208 99346.44 22.24 208 3 99 60320 870 28710 19.2 21.6 20.17 0.26
261900.0 310 258.72 1.0 98248 75358.25 1.01 16421 13711.55 1.5 4779302 4411545.34 22.24 310 313.87 1.04 97518 99660.31 22.24 208 3 99 60528 873 28809 18.9 21.6 19.83 0.23
262800.0 310 258.72 1.0 98558 75616.97 1.01 16423 13712.98 1.5 4795725 4425258.31 22.24 310 313.87 1.04 97828 99974.18 22.24 208 3 99 60736 876 28908 18.9 21.6 19.66 0.24
263700.0 376 258.86 1.0 98934 75875.84 1.01 16483 13716.06 1.5 4812208 4438974.37 22.24 370 316.88 1.04 98198 100291.06 22.24 208 3 99 60944 879 29007 18.9 20.8 19.65 0.24
264600.0 356 260.58 1.01 99290 76136.41 1.01 16774 220582.25 22.21 4828982 4659556.62 22.24 352 4197.52 22.21 98550 104488.57 22.24 208 3 99 61152 882 29106 18.9 20.8 19.65 0.24
265500.0 310 258.75 1.01 99600 76395.17 1.01 16439 13757.38 1.5 4845421 4673314.0 22.24 310 314.28 1.04 98860 104802.85 22.24 208 3 99 61360 885 29205 17.3 20.8 18.4 0.26
266400.0 310 258.75 1.01 99910 76653.92 1.01 16461 13776.9 1.5 4861882 4687090.9 22.24 310 314.28 1.04 99170 105117.13 22.24 208 3 99 61568 888 29304 17.3 20.2 17.83 0.06
267300.0 376 258.9 1.01 100286 76912.82 1.01 16521 13779.89 1.5 4878403 4700870.79 22.24 370 317.28 1.04 99540 105434.41 22.24 208 3 99 61776 891 29403 17.3 18.8 17.8 0.02
268200.0 356 260.6 1.01 100642 77173.42 1.01 16812 220393.73 22.21 4895215 4921264.52 22.24 352 4196.58 22.21 99892 109630.99 22.24 208 3 99 61984 894 29502 17.3 18.8 17.8 0.02
269100.0 310 258.75 1.01 100952 77432.17 1.01 16457 13768.31 1.5 4911672 4935032.84 22.24 310 314.2 1.04 100202 109945.2 22.24 208 3 99 62192 897 29601 17.3 18.8 17.78 0.02
270000.0 310 258.75 1.01 101262 77690.92 1.01 16460 13768.31 1.5 4928132 4948801.14 22.24 310 314.2 1.04 100512 110259.4 22.24 208 3 99 62400 900 29700 17.3 18.7 17.76 0.02
270900.0 376 258.89 1.01 101638 77949.81 1.01 16520 13771.3 1.5 4944652 4962572.44 22.24 370 317.2 1.04 100882 110576.6 22.24 208 3 99 62608 903 29799 17.3 18.7 17.76 0.02
271800.0 354 259.53 1.01 101992 78209.34 1.01 16497 13770.89 1.5 4961149 4976343.33 22.24 350 318.17 1.04 101232 110894.77 22.24 208 3 99 62816 906 29898 17.3 18.7 17.76 0.02
272700.0 310 258.75 1.01 102302 78468.08 1.01 16455 13768.39 1.5 4977604 4990111.72 22.24 310 314.18 1.04 101542 111208.95 22.24 208 3 99 63024 909 29997 17.3 18.7 17.74 0.02
273600.0 310 258.75 1.01 102612 78726.83 1.01 16454 13766.88 1.5 4994058 5003878.6 22.24 310 314.17 1.04 101852 111523.12 22.24 208 3 99 63232 912 30096 17.3 18.6 17.73 0.02
274500.0 376 258.89 1.01 102988 78985.73 1.01 16513 13768.4 1.5 5010571 5017647.0 22.24 370 317.18 1.04 102222 111840.3 22.24 208 3 99 63440 915 30195 17.3 18.6 17.73 0.02
275400.0 354 259.53 1.01 103342 79245.26 1.01 16492 13771.54 1.5 5027063 5031418.54 22.24 350 318.24 1.04 102572 112158.54 22.24 208 3 99 63648 918 30294 17.3 18.6 17.73 0.02
276300.0 310 258.75 1.01 103652 79504.01 1.01 16452 13765.07 1.5 5043515 5045183.61 22.24 310 314.2 1.04 102882 112472.74 22.24 208 3 99 63856 921 30393 17.3 18.6 17.71 0.02
277200.0 310 258.75 1.01 103962 79762.76 1.01 16451 13765.06 1.5 5059966 5058948.67 22.24 310 314.19 1.04 103192 112786.94 22.24 208 3 99 64064 924 30492 17.3 18.5 17.7 0.02
278100.0 376 258.58 1.0 104338 80021.34 1.01 16511 13784.94 1.5 5076477 5072733.61 22.24 370 317.58 1.05 103562 113104.52 22.24 208 3 99 64272 927 30591 17.3 18.5 17.7 0.02
279000.0 354 259.52 1.01 104692 80280.86 1.01 16491 13766.82 1.5 5092968 5086500.43 22.24 350 318.15 1.04 103912 113422.67 22.24 208 3 99 64480 930 30690 17.3 18.5 17.7 0.02
279900.0 310 258.75 1.01 105002 80539.61 1.01 16453 13768.3 1.5 5109421 5100268.73 22.24 310 314.2 1.04 104222 113736.87 22.24 208 3 99 64688 933 30789 17.3 18.5 17.69 0.02
280800.0 310 258.75 1.01 105312 80798.36 1.01 16453 13768.31 1.5 5125874 5114037.03 22.24 310 314.2 1.04 104532 114051.07 22.24 208 3 99 64896 936 30888 17.3 18.4 17.68 0.01
281700.0 376 258.89 1.01 105688 81057.25 1.01 16511 13771.3 1.5 5142385 5127808.33 22.24 370 317.2 1.04 104902 114368.28 22.24 208 3 99 65104 939 30987 17.3 18.4 17.68 0.01
282600.0 354 259.53 1.01 106042 81316.78 1.01 16483 13763.27 1.5 5158868 5141571.61 22.24 350 318.2 1.04 105252 114686.48 22.24 208 3 99 65312 942 31086 17.3 18.4 17.68 0.01
283500.0 310 258.75 1.01 106352 81575.53 1.01 16446 13756.92 1.5 5175314 5155328.53 22.24 310 314.16 1.04 105562 115000.63 22.24 208 3 99 65520 945 31185 17.3 18.4 17.67 0.01
284400.0 310 258.75 1.01 106662 81834.27 1.01 16445 13756.9 1.5 5191759 5169085.43 22.24 310 314.15 1.04 105872 115314.79 22.24 208 3 99 65728 948 31284 17.3 18.3 17.67 0.01
285300.0 376 258.89 1.01 107038 82093.16 1.01 16500 13755.42 1.5 5208259 5182840.85 22.24 370 317.16 1.04 106242 115631.94 22.24 208 3 99 65936 951 31383 17.3 18.3 17.67 0.01
286200.0 354 259.52 1.01 107392 82352.68 1.01 16477 13755.02 1.5 5224736 5196595.87 22.24 350 318.13 1.04 106592 115950.07 22.24 208 3 99 66144 954 31482 17.3 18.3 17.67 0.01
287100.0 310 258.75 1.01 107702 82611.43 1.01 16440 13753.91 1.5 5241176 5210349.78 22.24 310 314.13 1.04 106902 116264.2 22.24 208 3 99 66352 957 31581 17.3 18.3 17.66 0.01
288000.0 310 258.75 1.01 108012 82870.17 1.01 16440 13752.39 1.5 5257616 5224102.18 22.24 310 314.12 1.04 107212 116578.32 22.24 208 3 99 66560 960 31680 17.3 18.2 17.66 0.01
288900.0 376 258.89 1.01 108388 83129.06 1.01 16500 13755.42 1.5 5274116 5237857.59 22.24 370 317.13 1.04 107582 116895.45 22.24 208 3 99 66768 963 31779 17.3 18.2 17.66 0.01
289800.0 354 259.53 1.01 108742 83388.59 1.01 16476 13757.05 1.5 5290592 5251614.65 22.24 350 318.2 1.04 107932 117213.65 22.24 208 3 99 66976 966 31878 17.3 18.2 17.66 0.01
290700.0 310 258.75 1.01 109052 83647.34 1.01 16435 13755.54 1.5 5307027 5265370.19 22.24 310 314.25 1.04 108242 117527.89 22.24 208 3 99 67184 969 31977 17.3 18.2 17.66 0.01
291600.0 310 258.75 1.01 109362 83906.1 1.01 16433 13754.05 1.5 5323460 5279124.24 22.24 310 314.24 1.04 108552 117842.14 22.24 208 3 99 67392 972 32076 17.3 18.1 17.66 0.01
292500.0 376 258.9 1.01 109738 84164.99 1.01 16490 13752.55 1.5 5339950 5292876.78 22.24 370 317.25 1.04 108922 118159.38 22.24 208 3 99 67600 975 32175 17.3 18.1 17.66 0.01
293400.0 354 259.53 1.01 110092 84424.53 1.01 16469 13752.05 1.5 5356419 5306628.83 22.24 350 318.24 1.04 109272 118477.63 22.24 208 3 99 67808 978 32274 17.3 18.1 17.66 0.01
294300.0 310 258.75 1.01 110402 84683.28 1.01 16428 13743.87 1.5 5372847 5320372.7 22.24 310 314.19 1.04 109582 118791.82 22.24 208 3 99 68016 981 32373 17.3 18.1 17.66 0.01
295200.0 310 258.75 1.01 110712 84942.03 1.01 16428 13743.85 1.5 5389275 5334116.55 22.24 310 314.19 1.04 109892 119106.01 22.24 208 3 99 68224 984 32472 17.4 18.0 17.66 0.01
296100.0 376 258.89 1.01 111088 85200.92 1.01 16487 13746.87 1.5 5405762 5347863.42 22.24 370 317.2 1.04 110262 119423.21 22.24 208 3 99 68432 987 32571 17.4 18.0 17.66 0.01
297000.0 354 259.53 1.01 111442 85460.45 1.01 16467 13747.85 1.5 5422229 5361611.27 22.24 350 318.19 1.04 110612 119741.4 22.24 208 3 99 68640 990 32670 17.4 18.0 17.66 0.01
297900.0 310 258.75 1.01 111752 85719.2 1.01 16423 13743.54 1.5 5438652 5375354.82 22.24 310 314.25 1.04 110922 120055.65 22.24 208 3 99 68848 993 32769 17.4 18.0 17.66 0.01
298800.0 310 258.75 1.01 112062 85977.95 1.01 16424 13745.05 1.5 5455076 5389099.86 22.24 310 314.24 1.04 111232 120369.89 22.24 208 3 99 69056 996 32868 17.4 18.0 17.66 0.01
299700.0 376 258.9 1.01 112438 86236.85 1.01 16484 13748.05 1.5 5471560 5402847.91 22.24 370 317.25 1.04 111602 120687.14 22.24 208 3 99 69264 999 32967 17.4 18.0 17.66 0.01
300600.0 354 259.53 1.01 112792 86496.38 1.01 16460 13746.05 1.5 5488020 5416593.95 22.24 350 318.24 1.04 111952 121005.38 22.24 208 3 99 69472 1002 33066 17.4 18.0 17.66 0.01
301500.0 310 258.75 1.01 113102 86755.13 1.01 16423 13741.02 1.5 5504443 5430334.98 22.24 310 314.2 1.04 112262 121319.58 22.24 208 3 99 69680 1005 33165 17.4 18.0 17.66 0.01
302400.0 310 258.75 1.01 113412 87013.88 1.01 16427 13742.5 1.5 5520870 5444077.48 22.24 310 314.19 1.04 112572 121633.77 22.24 208 3 99 69888 1008 33264 17.4 17.9 17.67 0.01
303300.0 376 258.89 1.01 113788 87272.78 1.01 16482 13739.52 1.5 5537352 5457817.0 22.24 370 317.2 1.04 112942 121950.97 22.24 208 3 99 70096 1011 33363 17.4 17.9 17.67 0.01
304200.0 354 259.52 1.01 114142 87532.3 1.01 16459 13735.27 1.5 5553811 5471552.26 22.24 350 318.15 1.04 113292 122269.12 22.24 208 3 99 70304 1014 33462 17.4 17.9 17.67 0.01
305100.0 310 258.75 1.01 114452 87791.05 1.01 16419 13735.29 1.5 5570230 5485287.56 22.24 310 314.2 1.04 113602 122583.32 22.24 208 3 99 70512 1017 33561 17.4 17.9 17.66 0.01
306000.0 310 258.75 1.01 114762 88049.8 1.01 16418 13735.31 1.5 5586648 5499022.86 22.24 310 314.2 1.04 113912 122897.52 22.24 208 3 99 70720 1020 33660 17.4 17.8 17.67 0.01
306900.0 376 258.89 1.01 115138 88308.69 1.01 16478 13738.3 1.5 5603126 5512761.17 22.24 370 317.2 1.04 114282 123214.73 22.24 208 3 99 70928 1023 33759 17.4 17.9 17.67 0.01
307800.0 354 259.53 1.01 115492 88568.22 1.01 16454 13740.05 1.5 5619580 5526501.21 22.24 350 318.24 1.04 114632 123532.97 22.24 208 3 99 71136 1026 33858 17.4 17.9 17.67 0.01
308700.0 310 258.75 1.01 115802 88826.98 1.01 16408 13728.55 1.5 5635988 5540229.76 22.24 310 314.25 1.04 114942 123847.22 22.24 208 3 99 71344 1029 33957 17.4 17.9 17.67 0.01
309600.0 310 258.75 1.01 116112 89085.73 1.01 16415 13734.55 1.5 5652403 5553964.3 22.24 310 314.24 1.04 115252 124161.46 22.24 208 3 99 71552 1032 34056 17.4 17.9 17.68 0.01
310500.0 376 258.9 1.01 116488 89344.63 1.01 16473 13734.55 1.5 5668876 5567698.85 22.24 370 317.25 1.04 115622 124478.71 22.24 208 3 99 71760 1035 34155 17.4 17.9 17.68 0.01
311400.0 354 259.53 1.01 116842 89604.16 1.01 16448 13729.55 1.5 5685324 5581428.4 22.24 350 318.24 1.04 115972 124796.95 22.24 208 3 99 71968 1038 34254 17.4 17.9 17.68 0.01
312300.0 310 258.75 1.01 117152 89862.91 1.01 16403 13718.37 1.5 5701727 5595146.77 22.24 310 314.19 1.04 116282 125111.15 22.24 208 3 99 72176 1041 34353 17.4 17.9 17.68 0.01
313200.0 310 258.75 1.01 117462 90121.66 1.01 16409 13722.85 1.5 5718136 5608869.62 22.24 310 314.19 1.04 116592 125425.34 22.24 208 3 99 72384 1044 34452 17.4 18.0 17.69 0.01
314100.0 376 258.89 1.01 117838 90380.55 1.01 16468 13724.37 1.5 5734604 5622593.99 22.24 370 317.2 1.04 116962 125742.53 22.24 208 3 99 72592 1047 34551 17.3 18.0 17.69 0.01
315000.0 354 259.53 1.01 118192 90640.08 1.01 16446 13723.85 1.5 5751050 5636317.84 22.24 350 318.19 1.04 117312 126060.72 22.24 208 3 99 72800 1050 34650 17.3 18.0 17.69 0.01
315900.0 310 258.75 1.01 118502 90898.83 1.01 16402 13723.06 1.5 5767452 5650040.9 22.24 310 314.2 1.04 117622 126374.92 22.24 208 3 99 73008 1053 34749 17.3 18.0 17.7 0.01
316800.0 310 258.75 1.01 118812 91157.58 1.01 16406 13726.06 1.5 5783858 5663766.96 22.24 310 314.19 1.04 117932 126689.12 22.24 208 3 99 73216 1056 34848 17.3 18.1 17.71 0.01
317700.0 376 258.89 1.01 119188 91416.47 1.01 16459 13721.57 1.5 5800317 5677488.52 22.24 370 317.2 1.04 118302 127006.32 22.24 208 3 99 73424 1059 34947 17.3 18.1 17.71 0.01
318600.0 354 259.53 1.01 119542 91676.0 1.01 16428 13709.06 1.5 5816745 5691197.58 22.24 350 318.2 1.04 118652 127324.51 22.24 208 3 99 73632 1062 35046 17.3 18.1 17.71 0.01
319500.0 310 258.75 1.01 119852 91934.75 1.01 16383 13703.04 1.5 5833128 5704900.63 22.24 310 314.25 1.04 118962 127638.76 22.24 208 3 99 73840 1065 35145 17.3 18.1 17.72 0.01
320400.0 310 258.75 1.01 120162 92193.51 1.01 16389 13706.05 1.5 5849517 5718606.67 22.24 310 314.24 1.04 119272 127953.0 22.24 208 3 99 74048 1068 35244 17.3 18.2 17.72 0.02
321300.0 376 258.9 1.01 120538 92452.41 1.01 16449 13709.05 1.5 5865966 5732315.72 22.24 370 317.25 1.04 119642 128270.25 22.24 208 3 99 74256 1071 35343 17.3 18.2 17.72 0.02
322200.0 354 259.52 1.01 120892 92711.93 1.01 16421 13694.03 1.5 5882387 5746009.74 22.24 350 318.11 1.04 119992 128588.36 22.24 208 3 99 74464 1074 35442 17.3 18.2 17.72 0.02
323100.0 310 258.74 1.01 121202 92970.66 1.01 16371 13680.25 1.5 5898758 5759689.99 22.24 310 314.07 1.04 120302 128902.43 22.24 208 3 99 74672 1077 35541 17.3 18.2 17.72 0.02
324000.0 310 258.74 1.01 121512 93229.4 1.01 16373 13678.73 1.5 5915131 5773368.72 22.24 310 314.06 1.04 120612 129216.49 22.24 208 3 99 74880 1080 35640 17.3 18.2 17.73 0.02
324900.0 376 258.88 1.01 121888 93488.29 1.01 16431 13678.75 1.5 5931562 5787047.47 22.24 370 317.07 1.04 120982 129533.56 22.24 208 3 99 75088 1083 35739 17.3 18.2 17.73 0.02
325800.0 354 259.53 1.01 122242 93747.81 1.01 16404 13679.0 1.5 5947966 5800726.47 22.24 350 318.19 1.04 121332 129851.76 22.24 208 3 99 75296 1086 35838 17.3 18.2 17.73 0.02
326700.0 310 258.75 1.01 122552 94006.57 1.01 16363 13674.54 1.5 5964329 5814401.01 22.24 310 314.25 1.04 121642 130166.0 22.24 208 3 99 75504 1089 35937 17.3 18.2 17.74 0.02
327600.0 310 258.75 1.01 122862 94265.32 1.01 16370 13682.05 1.5 5980699 5828083.05 22.24 310 314.24 1.04 121952 130480.24 22.24 208 3 99 75712 1092 36036 17.3 18.3 17.75 0.02
328500.0 376 258.9 1.01 123238 94524.22 1.01 16427 13682.05 1.5 5997126 5841765.1 22.24 370 317.25 1.04 122322 130797.49 22.24 208 3 99 75920 1095 36135 17.2 18.3 17.75 0.02
329400.0 354 259.53 1.01 123592 94783.75 1.01 16400 13680.05 1.5 6013526 5855445.15 22.24 350 318.24 1.04 122672 131115.74 22.24 208 3 99 76128 1098 36234 17.2 18.3 17.75 0.02
330300.0 310 258.75 1.01 123902 95042.5 1.01 16352 13668.55 1.5 6029878 5869113.69 22.24 310 314.25 1.04 122982 131429.98 22.24 208 3 99 76336 1101 36333 17.2 18.3 17.75 0.02
331200.0 310 258.75 1.01 124212 95301.26 1.01 16358 13677.55 1.5 6046236 5882791.24 22.24 310 314.24 1.04 123292 131744.22 22.24 208 3 99 76544 1104 36432 17.2 18.4 17.76 0.03
332100.0 376 258.9 1.01 124588 95560.15 1.01 16418 13680.55 1.5 6062654 5896471.79 22.24 370 317.25 1.04 123662 132061.47 22.24 208 3 99 76752 1107 36531 17.2 18.4 17.76 0.03
333000.0 354 259.53 1.01 124942 95819.68 1.01 16372 13649.31 1.5 6079026 5910121.09 22.24 350 318.2 1.04 124012 132379.67 22.24 208 3 99 76960 1110 36630 17.2 18.4 17.76 0.03
333900.0 310 258.75 1.01 125252 96078.43 1.01 16324 13639.3 1.5 6095350 5923760.39 22.24 310 314.2 1.04 124322 132693.87 22.24 208 3 99 77168 1113 36729 17.2 18.4 17.76 0.03
334800.0 310 258.75 1.01 125562 96337.18 1.01 16333 13648.31 1.5 6111683 5937408.7 22.24 310 314.2 1.04 124632 133008.07 22.24 208 3 99 77376 1116 36828 17.2 18.5 17.77 0.03
335700.0 376 258.89 1.01 125938 96596.07 1.01 16380 13637.8 1.5 6128063 5951046.5 22.24 370 317.2 1.04 125002 133325.28 22.24 208 3 99 77584 1119 36927 17.2 18.5 17.77 0.03
336600.0 354 259.53 1.01 126292 96855.61 1.01 16347 13624.55 1.5 6144410 5964671.04 22.24 350 318.24 1.04 125352 133643.52 22.24 208 3 99 77792 1122 37026 17.2 18.5 17.77 0.03
337500.0 310 258.75 1.01 126602 97114.36 1.01 16315 13628.05 1.5 6160725 5978299.09 22.24 310 314.25 1.04 125662 133957.77 22.24 208 3 99 78000 1125 37125 17.2 18.5 17.78 0.03
338400.0 310 258.75 1.01 126912 97373.11 1.01 16317 13631.04 1.5 6177042 5991930.13 22.24 310 314.24 1.04 125972 134272.01 22.24 208 3 99 78208 1128 37224 17.2 18.5 17.79 0.04
339300.0 376 258.9 1.01 127288 97632.01 1.01 16370 13628.05 1.5 6193412 6005558.18 22.24 370 317.25 1.04 126342 134589.26 22.24 208 3 99 78416 1131 37323 17.2 18.5 17.79 0.04
340200.0 354 259.53 1.01 127642 97891.54 1.01 16319 13592.39 1.5 6209731 6019150.57 22.24 350 318.17 1.04 126692 134907.43 22.24 208 3 99 78624 1134 37422 17.2 18.5 17.79 0.04
341100.0 310 258.75 1.01 127952 98150.28 1.01 16252 13561.39 1.5 6225983 6032711.96 22.24 310 314.18 1.04 127002 135221.61 22.24 208 3 99 78832 1137 37521 17.2 18.5 17.79 0.04
342000.0 310 258.75 1.01 128262 98409.03 1.01 16256 13565.88 1.5 6242239 6046277.84 22.24 310 314.17 1.04 127312 135535.78 22.24 208 3 99 79040 1140 37620 17.2 18.5 17.8 0.04
342900.0 376 258.58 1.0 128638 98667.61 1.01 16313 13585.67 1.5 6258552 6059863.51 22.24 370 317.56 1.05 127682 135853.34 22.24 208 3 99 79248 1143 37719 17.2 18.5 17.8 0.04
343800.0 354 259.52 1.01 128992 98927.13 1.01 16286 13560.71 1.5 6274838 6073424.22 22.24 350 318.11 1.04 128032 136171.45 22.24 208 3 99 79456 1146 37818 17.2 18.5 17.8 0.04
344700.0 310 258.74 1.01 129302 99185.88 1.01 16237 13544.72 1.5 6291075 6086968.93 22.24 310 314.11 1.04 128342 136485.56 22.24 208 3 99 79664 1149 37917 17.2 18.5 17.79 0.04
345600.0 310 258.74 1.01 129612 99444.62 1.01 16238 13546.2 1.5 6307313 6100515.13 22.24 310 314.11 1.04 128652 136799.68 22.24 208 3 99 79872 1152 38016 17.2 18.6 17.8 0.04
