# seed = 6, gamma = 0.33, beta = 0.33, dee = 0.1, dcc = 25.0, dec = 50.0, dsCnd = 150.0, dLocalhost = 0.02, hostBroker = EDGE 
#
# The columns have the following meaning: 
# instant[SECONDS] commCountUploadPartial delaySumUploadPartial[SECONDS] delayMaxUploadPartial[SECONDS] commCountUploadTot delaySumUploadTot[SECONDS] delayMaxUploadTot[SECONDS] commCountDownloadPartial delaySumDownloadPartial[SECONDS] delayMaxDownloadPartial[SECONDS] commCountDownloadTot delaySumDownloadTot[SECONDS] delayMaxDownloadTot[SECONDS] commCountDownloadMaxPartial delaySumDownloadMaxPartial[SECONDS] delayMaxDownloadMaxPartial[SECONDS] commCountDownloadMaxTot delaySumDownloadMaxTot[SECONDS] delayMaxDownloadMaxTot[SECONDS] runOnCloudPartial runOnEdgePartial runOnSmartphonePartial runOnCloudTot runOnEdgeTot runOnSmartphoneTot minTemp maxTemp avgTemp varianceTemp
0.0 0 0.0 0.0 0 0.0 0.0 0 0.0 0.0 0 0.0 0.0 0 0.0 0.0 0 0.0 0.0 0 0 0 0 0 0 17.0 25.0 21.0 0.0
900.0 376 26.2 0.15 376 26.2 0.15 15589 1548.33 0.2 15589 1548.33 0.2 370 52.36 0.19 370 52.36 0.19 208 3 99 208 3 99 18.9 21.0 19.45 0.85
1800.0 356 26.97 0.36 732 53.17 0.36 15876 161456.2 20.14 31465 163004.54 20.14 352 3214.76 20.14 722 3267.12 20.14 208 3 99 416 6 198 18.9 18.9 18.9 0.0
2700.0 310 26.09 0.15 1042 79.27 0.36 15534 1594.56 0.2 46999 164599.1 20.14 310 53.14 0.19 1032 3320.25 20.14 208 3 99 624 9 297 17.7 18.9 18.44 0.03
3600.0 310 26.09 0.15 1352 105.36 0.36 15534 1594.51 0.2 62533 166193.6 20.14 310 53.14 0.19 1342 3373.39 20.14 208 3 99 832 12 396 17.7 18.9 18.24 0.06
4500.0 376 26.23 0.15 1728 131.59 0.36 15589 1594.12 0.2 78122 167787.72 20.14 370 53.29 0.19 1712 3426.68 20.14 208 3 99 1040 15 495 17.6 18.7 18.23 0.06
5400.0 356 26.98 0.36 2084 158.58 0.36 15904 7841.99 20.21 94026 175629.71 20.21 352 73.61 20.21 2064 3500.29 20.21 208 3 99 1248 18 594 17.6 18.7 18.23 0.06
6300.0 310 26.1 0.15 2394 184.67 0.36 15580 1609.77 0.2 109606 177239.48 20.21 310 53.4 0.19 2374 3553.69 20.21 208 3 99 1456 21 693 17.6 18.7 18.23 0.05
7200.0 310 26.1 0.15 2704 210.77 0.36 15584 1610.33 0.2 125190 178849.82 20.21 310 53.4 0.19 2684 3607.09 20.21 208 3 99 1664 24 792 17.6 18.7 18.25 0.04
8100.0 376 26.24 0.15 3080 237.01 0.36 15641 1610.54 0.2 140831 180460.35 20.21 370 53.55 0.19 3054 3660.64 20.21 208 3 99 1872 27 891 17.6 18.7 18.25 0.04
9000.0 356 26.98 0.36 3436 263.99 0.36 15934 7851.14 20.23 156765 188311.49 20.23 352 73.66 20.23 3406 3734.3 20.23 208 3 99 2080 30 990 17.6 18.7 18.25 0.04
9900.0 310 26.09 0.15 3746 290.08 0.36 15589 1606.52 0.2 172354 189918.01 20.23 310 53.32 0.19 3716 3787.62 20.23 208 3 99 2288 33 1089 17.6 18.7 18.23 0.04
10800.0 310 26.09 0.15 4056 316.16 0.36 15590 1606.69 0.2 187944 191524.7 20.23 310 53.32 0.19 4026 3840.93 20.23 208 3 99 2496 36 1188 17.6 18.7 18.16 0.05
11700.0 376 26.23 0.15 4432 342.4 0.36 15649 1606.69 0.2 203593 193131.39 20.23 370 53.47 0.19 4396 3894.4 20.23 208 3 99 2704 39 1287 17.6 18.7 18.16 0.05
12600.0 354 26.87 0.36 4786 369.27 0.36 15620 1609.87 0.2 219213 194741.26 20.23 350 53.61 0.19 4746 3948.01 20.23 208 3 99 2912 42 1386 17.6 18.7 18.16 0.05
13500.0 310 26.09 0.15 5096 395.36 0.36 15547 1604.7 0.2 234760 196345.96 20.23 310 53.41 0.19 5056 4001.41 20.23 208 3 99 3120 45 1485 17.6 18.7 18.14 0.05
14400.0 310 26.09 0.15 5406 421.46 0.36 15544 1604.47 0.2 250304 197950.43 20.23 310 53.41 0.19 5366 4054.82 20.23 208 3 99 3328 48 1584 17.6 18.7 18.14 0.05
15300.0 376 26.24 0.15 5782 447.69 0.36 15602 1604.45 0.2 265906 199554.88 20.23 370 53.56 0.19 5736 4108.38 20.23 208 3 99 3536 51 1683 17.6 18.7 18.14 0.05
16200.0 354 26.87 0.36 6136 474.56 0.36 15577 1603.57 0.2 281483 201158.45 20.23 350 53.6 0.19 6086 4161.97 20.23 208 3 99 3744 54 1782 17.6 18.7 18.14 0.05
17100.0 310 26.09 0.15 6446 500.65 0.36 15541 1593.45 0.2 297024 202751.9 20.23 310 53.19 0.19 6396 4215.16 20.23 208 3 99 3952 57 1881 17.6 18.7 18.12 0.04
18000.0 310 26.09 0.15 6756 526.74 0.36 15543 1593.36 0.2 312567 204345.26 20.23 310 53.18 0.19 6706 4268.34 20.23 208 3 99 4160 60 1980 17.6 18.7 18.11 0.04
18900.0 376 26.23 0.15 7132 552.97 0.36 15598 1592.59 0.2 328165 205937.86 20.23 370 53.34 0.19 7076 4321.68 20.23 208 3 99 4368 63 2079 17.6 18.6 18.11 0.04
19800.0 354 26.87 0.36 7486 579.84 0.36 15574 1593.72 0.2 343739 207531.58 20.23 350 53.42 0.19 7426 4375.09 20.23 208 3 99 4576 66 2178 17.6 18.6 18.11 0.04
20700.0 310 26.09 0.15 7796 605.93 0.36 15540 1600.74 0.2 359279 209132.32 20.23 310 53.33 0.19 7736 4428.43 20.23 208 3 99 4784 69 2277 17.6 18.6 18.08 0.03
21600.0 310 26.09 0.15 8106 632.02 0.36 15540 1600.48 0.2 374819 210732.8 20.23 310 53.33 0.19 8046 4481.76 20.23 208 3 99 4992 72 2376 17.6 18.6 18.08 0.03
22500.0 376 26.23 0.15 8482 658.26 0.36 15600 1600.7 0.2 390419 212333.5 20.23 370 53.49 0.19 8416 4535.24 20.23 208 3 99 5200 75 2475 17.6 18.6 18.08 0.03
23400.0 354 26.87 0.36 8836 685.13 0.36 15570 1601.99 0.2 405989 213935.49 20.23 350 53.6 0.19 8766 4588.84 20.23 208 3 99 5408 78 2574 17.6 18.6 18.08 0.03
24300.0 310 26.1 0.15 9146 711.23 0.36 15533 1606.6 0.2 421522 215542.09 20.23 310 53.49 0.19 9076 4642.33 20.23 208 3 99 5616 81 2673 17.6 18.6 18.05 0.03
25200.0 310 26.1 0.15 9456 737.32 0.36 15536 1606.97 0.2 437058 217149.06 20.23 310 53.49 0.19 9386 4695.81 20.23 208 3 99 5824 84 2772 17.5 18.6 18.04 0.03
26100.0 376 26.24 0.15 9832 763.56 0.36 15595 1606.96 0.2 452653 218756.02 20.23 370 53.64 0.19 9756 4749.45 20.23 208 3 99 6032 87 2871 17.5 18.6 18.04 0.03
27000.0 354 26.87 0.36 10186 790.43 0.36 15566 1605.97 0.2 468219 220361.99 20.23 350 53.69 0.19 10106 4803.14 20.23 208 3 99 6240 90 2970 17.5 18.6 18.04 0.03
27900.0 310 26.09 0.15 10496 816.53 0.36 15532 1602.01 0.2 483751 221964.0 20.23 310 53.39 0.19 10416 4856.54 20.23 208 3 99 6448 93 3069 17.5 18.6 18.01 0.03
28800.0 310 26.09 0.15 10806 842.62 0.36 15537 1602.54 0.2 499288 223566.54 20.23 310 53.39 0.19 10726 4909.93 20.23 208 3 99 6656 96 3168 17.5 18.6 18.0 0.03
29700.0 376 26.24 0.15 11182 868.86 0.36 15595 1602.36 0.2 514883 225168.9 20.23 370 53.55 0.19 11096 4963.48 20.23 208 3 99 6864 99 3267 17.5 18.6 18.0 0.03
30600.0 354 26.87 0.36 11536 895.73 0.36 15565 1600.94 0.2 530448 226769.84 20.23 350 53.59 0.19 11446 5017.07 20.23 208 3 99 7072 102 3366 17.5 18.6 18.0 0.03
31500.0 310 26.1 0.15 11846 921.83 0.36 15538 1607.6 0.2 545986 228377.44 20.23 310 53.49 0.19 11756 5070.56 20.23 208 3 99 7280 105 3465 17.4 18.6 17.97 0.03
32400.0 310 26.1 0.15 12156 947.92 0.36 15538 1607.37 0.2 561524 229984.81 20.23 310 53.49 0.19 12066 5124.05 20.23 208 3 99 7488 108 3564 17.4 18.6 17.96 0.03
33300.0 376 26.24 0.15 12532 974.16 0.36 15598 1607.56 0.2 577122 231592.37 20.23 370 53.64 0.19 12436 5177.69 20.23 208 3 99 7696 111 3663 17.4 18.5 17.96 0.03
34200.0 354 26.87 0.36 12886 1001.04 0.36 15558 1604.77 0.2 592680 233197.14 20.23 350 53.69 0.19 12786 5231.38 20.23 208 3 99 7904 114 3762 17.4 18.5 17.96 0.03
35100.0 310 26.1 0.15 13196 1027.13 0.36 15534 1606.8 0.2 608214 234803.95 20.23 310 53.49 0.19 13096 5284.87 20.23 208 3 99 8112 117 3861 17.4 18.5 17.93 0.03
36000.0 310 26.1 0.15 13506 1053.23 0.36 15538 1607.17 0.2 623752 236411.12 20.23 310 53.49 0.19 13406 5338.36 20.23 208 3 99 8320 120 3960 17.4 18.5 17.92 0.03
36900.0 376 26.24 0.15 13882 1079.47 0.36 15597 1607.36 0.2 639349 238018.48 20.23 370 53.64 0.19 13776 5392.0 20.23 208 3 99 8528 123 4059 17.4 18.5 17.92 0.03
37800.0 354 26.87 0.36 14236 1106.34 0.36 15554 1595.07 0.2 654903 239613.54 20.23 350 53.51 0.19 14126 5445.51 20.23 208 3 99 8736 126 4158 17.4 18.5 17.92 0.03
38700.0 310 26.09 0.15 14546 1132.43 0.36 15528 1597.13 0.2 670431 241210.67 20.23 310 53.31 0.19 14436 5498.82 20.23 208 3 99 8944 129 4257 17.3 18.5 17.89 0.03
39600.0 310 26.09 0.15 14856 1158.52 0.36 15538 1598.86 0.2 685969 242809.54 20.23 310 53.31 0.19 14746 5552.13 20.23 208 3 99 9152 132 4356 17.3 18.5 17.88 0.03
40500.0 376 26.23 0.15 15232 1184.76 0.36 15596 1598.68 0.2 701565 244408.22 20.23 370 53.46 0.19 15116 5605.6 20.23 208 3 99 9360 135 4455 17.3 18.5 17.88 0.03
41400.0 354 26.87 0.36 15586 1211.63 0.36 15557 1604.57 0.2 717122 246012.79 20.23 350 53.69 0.19 15466 5659.29 20.23 208 3 99 9568 138 4554 17.3 18.5 17.88 0.03
42300.0 310 26.09 0.15 15896 1237.72 0.36 15527 1601.46 0.2 732649 247614.25 20.23 310 53.4 0.19 15776 5712.68 20.23 208 3 99 9776 141 4653 17.3 18.5 17.85 0.04
43200.0 310 26.09 0.15 16206 1263.82 0.36 15531 1601.38 0.2 748180 249215.64 20.23 310 53.39 0.19 16086 5766.08 20.23 208 3 99 9984 144 4752 17.3 18.5 17.84 0.04
44100.0 376 26.24 0.15 16582 1290.05 0.36 15591 1601.61 0.2 763771 250817.25 20.23 370 53.55 0.19 16456 5819.62 20.23 208 3 99 10192 147 4851 17.2 18.4 17.83 0.04
45000.0 354 26.87 0.36 16936 1316.92 0.36 15550 1598.19 0.2 779321 252415.43 20.23 350 53.6 0.19 16806 5873.22 20.23 208 3 99 10400 150 4950 17.2 18.4 17.83 0.04
45900.0 310 26.09 0.15 17246 1343.02 0.36 15525 1602.18 0.2 794846 254017.62 20.23 310 53.41 0.19 17116 5926.63 20.23 208 3 99 10608 153 5049 17.2 18.4 17.81 0.05
46800.0 310 26.09 0.15 17556 1369.11 0.36 15534 1603.53 0.2 810380 255621.14 20.23 310 53.41 0.19 17426 5980.05 20.23 208 3 99 10816 156 5148 17.2 18.5 17.8 0.05
47700.0 376 26.23 0.15 17932 1395.34 0.36 15593 1603.73 0.2 825973 257224.88 20.23 370 53.57 0.19 17796 6033.61 20.23 208 3 99 11024 159 5247 17.2 18.5 17.8 0.05
48600.0 354 26.87 0.36 18286 1422.21 0.36 15548 1599.73 0.2 841521 258824.61 20.23 350 53.61 0.19 18146 6087.23 20.23 208 3 99 11232 162 5346 17.2 18.5 17.8 0.05
49500.0 310 26.1 0.15 18596 1448.31 0.36 15525 1605.4 0.2 857046 260430.01 20.23 310 53.49 0.19 18456 6140.72 20.23 208 3 99 11440 165 5445 17.2 18.5 17.76 0.06
50400.0 310 26.1 0.15 18906 1474.4 0.36 15534 1606.97 0.2 872580 262036.98 20.23 310 53.49 0.19 18766 6194.2 20.23 208 3 99 11648 168 5544 17.1 18.5 17.75 0.06
51300.0 376 26.24 0.15 19282 1500.64 0.36 15592 1606.76 0.2 888172 263643.74 20.23 370 53.64 0.19 19136 6247.84 20.23 208 3 99 11856 171 5643 17.1 18.5 17.75 0.06
52200.0 354 26.87 0.36 19636 1527.52 0.36 15547 1603.57 0.2 903719 265247.31 20.23 350 53.69 0.19 19486 6301.53 20.23 208 3 99 12064 174 5742 17.1 18.5 17.75 0.06
53100.0 310 26.1 0.15 19946 1553.61 0.36 15508 1603.2 0.2 919227 266850.52 20.23 310 53.49 0.19 19796 6355.02 20.23 208 3 99 12272 177 5841 17.1 18.5 17.73 0.07
54000.0 310 26.1 0.15 20256 1579.71 0.36 15517 1604.37 0.2 934744 268454.89 20.23 310 53.49 0.19 20106 6408.51 20.23 208 3 99 12480 180 5940 17.1 18.6 17.72 0.07
54900.0 376 26.24 0.15 20632 1605.95 0.36 15575 1604.16 0.2 950319 270059.05 20.23 370 53.64 0.19 20476 6462.15 20.23 208 3 99 12688 183 6039 17.1 18.6 17.72 0.07
55800.0 354 26.87 0.36 20986 1632.82 0.36 15545 1602.77 0.2 965864 271661.82 20.23 350 53.69 0.19 20826 6515.84 20.23 208 3 99 12896 186 6138 17.1 18.6 17.72 0.07
56700.0 310 26.1 0.15 21296 1658.92 0.36 15521 1605.4 0.2 981385 273267.22 20.23 310 53.49 0.19 21136 6569.33 20.23 208 3 99 13104 189 6237 17.1 18.6 17.69 0.08
57600.0 310 26.1 0.15 21606 1685.02 0.36 15529 1606.57 0.2 996914 274873.8 20.23 310 53.49 0.19 21446 6622.82 20.23 208 3 99 13312 192 6336 17.1 18.6 17.69 0.08
58500.0 376 26.24 0.15 21982 1711.26 0.36 15589 1606.76 0.2 1012503 276480.55 20.23 370 53.64 0.19 21816 6676.46 20.23 208 3 99 13520 195 6435 17.1 18.6 17.69 0.08
59400.0 354 26.87 0.36 22336 1738.13 0.36 15536 1598.47 0.2 1028039 278079.02 20.23 350 53.61 0.19 22166 6730.06 20.23 208 3 99 13728 198 6534 17.1 18.6 17.69 0.08
60300.0 310 26.09 0.15 22646 1764.22 0.36 15517 1600.9 0.2 1043556 279679.92 20.23 310 53.41 0.19 22476 6783.47 20.23 208 3 99 13936 201 6633 17.0 18.6 17.66 0.09
61200.0 310 26.09 0.15 22956 1790.32 0.36 15529 1602.87 0.2 1059085 281282.79 20.23 310 53.41 0.19 22786 6836.88 20.23 208 3 99 14144 204 6732 17.0 18.6 17.65 0.09
62100.0 376 26.24 0.15 23332 1816.55 0.36 15586 1602.45 0.2 1074671 282885.24 20.23 370 53.56 0.19 23156 6890.43 20.23 208 3 99 14352 207 6831 17.0 18.6 17.65 0.09
63000.0 354 26.86 0.36 23686 1843.42 0.36 15536 1591.22 0.2 1090207 284476.45 20.23 350 53.46 0.19 23506 6943.89 20.23 208 3 99 14560 210 6930 17.0 18.6 17.65 0.09
63900.0 310 26.08 0.15 23996 1869.5 0.36 15496 1586.62 0.2 1105703 286063.07 20.23 310 53.18 0.19 23816 6997.07 20.23 208 3 99 14768 213 7029 17.0 18.6 17.63 0.1
64800.0 310 26.08 0.15 24306 1895.59 0.36 15504 1587.72 0.2 1121207 287650.8 20.23 310 53.18 0.19 24126 7050.24 20.23 208 3 99 14976 216 7128 17.0 18.6 17.63 0.1
65700.0 376 26.22 0.15 24682 1921.81 0.36 15564 1587.97 0.2 1136771 289238.76 20.23 370 53.33 0.19 24496 7103.57 20.23 208 3 99 15184 219 7227 17.0 18.6 17.63 0.1
66600.0 354 26.86 0.36 25036 1948.67 0.36 15530 1584.46 0.2 1152301 290823.22 20.23 350 53.34 0.19 24846 7156.92 20.23 208 3 99 15392 222 7326 17.0 18.6 17.63 0.1
67500.0 310 26.08 0.15 25346 1974.75 0.36 15490 1580.21 0.2 1167791 292403.43 20.23 310 53.07 0.19 25156 7209.98 20.23 208 3 99 15600 225 7425 17.0 18.6 17.62 0.1
68400.0 310 26.08 0.15 25656 2000.84 0.36 15495 1580.9 0.2 1183286 293984.33 20.23 310 53.06 0.19 25466 7263.05 20.23 208 3 99 15808 228 7524 17.0 18.7 17.61 0.11
69300.0 376 26.23 0.15 26032 2027.06 0.36 15555 1581.16 0.2 1198841 295565.48 20.23 370 53.22 0.19 25836 7316.26 20.23 208 3 99 16016 231 7623 17.0 18.7 17.61 0.11
70200.0 354 26.86 0.36 26386 2053.92 0.36 15520 1584.16 0.2 1214361 297149.64 20.23 350 53.36 0.19 26186 7369.62 20.23 208 3 99 16224 234 7722 17.0 18.7 17.61 0.11
71100.0 310 26.08 0.15 26696 2080.01 0.36 15487 1584.26 0.2 1229848 298733.91 20.23 310 53.14 0.19 26496 7422.77 20.23 208 3 99 16432 237 7821 17.0 18.7 17.6 0.11
72000.0 310 26.08 0.15 27006 2106.09 0.36 15497 1585.37 0.2 1245345 300319.27 20.23 310 53.14 0.19 26806 7475.91 20.23 208 3 99 16640 240 7920 17.0 18.7 17.59 0.11
72900.0 376 26.22 0.15 27382 2132.31 0.36 15555 1585.22 0.2 1260900 301904.49 20.23 370 53.3 0.19 27176 7529.21 20.23 208 3 99 16848 243 8019 17.0 18.7 17.59 0.11
73800.0 354 26.86 0.36 27736 2159.18 0.36 15523 1583.37 0.2 1276423 303487.85 20.23 350 53.34 0.19 27526 7582.55 20.23 208 3 99 17056 246 8118 17.0 18.7 17.59 0.11
74700.0 310 26.09 0.15 28046 2185.26 0.36 15485 1588.52 0.2 1291908 305076.38 20.23 310 53.24 0.19 27836 7635.79 20.23 208 3 99 17264 249 8217 17.0 18.7 17.58 0.11
75600.0 310 26.09 0.15 28356 2211.35 0.36 15484 1588.22 0.2 1307392 306664.6 20.23 310 53.24 0.19 28146 7689.03 20.23 208 3 99 17472 252 8316 17.0 18.7 17.58 0.11
76500.0 376 26.23 0.15 28732 2237.58 0.36 15544 1588.48 0.2 1322936 308253.08 20.23 370 53.39 0.19 28516 7742.42 20.23 208 3 99 17680 255 8415 17.0 18.7 17.58 0.11
77400.0 354 26.86 0.36 29086 2264.44 0.36 15511 1583.53 0.2 1338447 309836.6 20.23 350 53.38 0.19 28866 7795.8 20.23 208 3 99 17888 258 8514 17.0 18.7 17.58 0.11
78300.0 310 26.08 0.15 29396 2290.52 0.36 15471 1583.41 0.2 1353918 311420.02 20.23 310 53.18 0.19 29176 7848.98 20.23 208 3 99 18096 261 8613 17.0 18.7 17.58 0.11
79200.0 310 26.08 0.15 29706 2316.61 0.36 15478 1583.72 0.2 1369396 313003.74 20.23 310 53.18 0.19 29486 7902.15 20.23 208 3 99 18304 264 8712 17.0 18.6 17.57 0.11
80100.0 376 26.22 0.15 30082 2342.83 0.36 15538 1583.97 0.2 1384934 314587.71 20.23 370 53.33 0.19 29856 7955.48 20.23 208 3 99 18512 267 8811 17.0 18.6 17.57 0.11
81000.0 354 26.86 0.36 30436 2369.7 0.36 15510 1585.2 0.2 1400444 316172.9 20.23 350 53.42 0.19 30206 8008.9 20.23 208 3 99 18720 270 8910 17.0 18.6 17.57 0.11
81900.0 310 26.09 0.15 30746 2395.79 0.36 15470 1589.51 0.2 1415914 317762.42 20.23 310 53.31 0.19 30516 8062.21 20.23 208 3 99 18928 273 9009 17.0 18.6 17.57 0.11
82800.0 310 26.09 0.15 31056 2421.88 0.36 15473 1589.87 0.2 1431387 319352.29 20.23 310 53.31 0.19 30826 8115.52 20.23 208 3 99 19136 276 9108 17.0 18.6 17.57 0.11
83700.0 376 26.23 0.15 31432 2448.11 0.36 15528 1589.07 0.2 1446915 320941.35 20.23 370 53.46 0.19 31196 8168.98 20.23 208 3 99 19344 279 9207 17.0 18.6 17.57 0.11
84600.0 354 26.87 0.36 31786 2474.97 0.36 15501 1588.47 0.2 1462416 322529.82 20.23 350 53.51 0.19 31546 8222.49 20.23 208 3 99 19552 282 9306 17.0 18.6 17.57 0.11
85500.0 310 26.09 0.15 32096 2501.06 0.36 15462 1584.66 0.2 1477878 324114.48 20.23 310 53.23 0.19 31856 8275.71 20.23 208 3 99 19760 285 9405 17.0 18.6 17.58 0.1
86400.0 310 26.09 0.15 32406 2527.15 0.36 15462 1584.81 0.2 1493340 325699.29 20.23 310 53.23 0.19 32166 8328.94 20.23 208 3 99 19968 288 9504 17.0 18.6 17.58 0.1
87300.0 376 26.23 0.15 32782 2553.38 0.36 15522 1585.01 0.2 1508862 327284.3 20.23 370 53.38 0.19 32536 8382.32 20.23 208 3 99 20176 291 9603 17.0 18.6 17.58 0.1
88200.0 354 26.87 0.36 33136 2580.25 0.36 15495 1593.12 0.2 1524357 328877.42 20.23 350 53.61 0.19 32886 8435.94 20.23 208 3 99 20384 294 9702 17.0 18.6 17.58 0.1
89100.0 310 26.1 0.15 33446 2606.34 0.36 15498 1601.8 0.2 1539855 330479.22 20.23 310 53.49 0.19 33196 8489.42 20.23 208 3 99 20592 297 9801 17.0 18.6 17.61 0.08
90000.0 310 26.1 0.15 33756 2632.44 0.36 15537 1606.97 0.2 1555392 332086.2 20.23 310 53.49 0.19 33506 8542.91 20.23 208 3 99 20800 300 9900 17.1 18.5 17.66 0.05
90900.0 376 26.24 0.15 34132 2658.68 0.36 15597 1607.16 0.2 1570989 333693.35 20.23 370 53.64 0.19 33876 8596.55 20.23 208 3 99 21008 303 9999 17.1 18.5 17.67 0.05
91800.0 354 26.86 0.36 34486 2685.54 0.36 15555 1591.25 0.2 1586544 335284.6 20.23 350 53.41 0.19 34226 8649.96 20.23 208 3 99 21216 306 10098 17.1 18.5 17.67 0.05
92700.0 310 26.08 0.15 34796 2711.62 0.36 15579 1591.72 0.2 1602123 336876.32 20.23 310 53.04 0.19 34536 8703.01 20.23 208 3 99 21424 309 10197 17.1 23.8 19.49 2.3
93600.0 310 26.08 0.15 35106 2737.71 0.36 15580 1591.81 0.2 1617703 338468.14 20.23 310 53.04 0.19 34846 8756.05 20.23 208 3 99 21632 312 10296 17.1 23.8 20.49 4.5
94500.0 376 26.22 0.15 35482 2763.93 0.36 15640 1592.07 0.2 1633343 340060.2 20.23 370 53.2 0.19 35216 8809.24 20.23 208 3 99 21840 315 10395 17.1 23.8 20.53 4.54
95400.0 354 26.86 0.36 35836 2790.79 0.36 15615 1591.41 0.2 1648958 341651.62 20.23 350 53.24 0.19 35566 8862.49 20.23 208 3 99 22048 318 10494 17.1 23.8 20.53 4.54
96300.0 310 26.08 0.15 36146 2816.87 0.36 15576 1591.92 0.2 1664534 343243.53 20.23 310 53.04 0.19 35876 8915.53 20.23 208 3 99 22256 321 10593 17.1 24.0 20.87 4.5
97200.0 310 26.08 0.15 36456 2842.95 0.36 15575 1591.61 0.2 1680109 344835.15 20.23 310 53.04 0.19 36186 8968.57 20.23 208 3 99 22464 324 10692 17.1 24.0 21.05 4.47
98100.0 376 26.22 0.15 36832 2869.18 0.36 15632 1591.47 0.2 1695741 346426.61 20.23 370 53.2 0.19 36556 9021.77 20.23 208 3 99 22672 327 10791 17.4 24.0 21.05 4.47
99000.0 354 26.85 0.36 37186 2896.03 0.36 15611 1584.07 0.2 1711352 348010.69 20.23 350 53.09 0.19 36906 9074.86 20.23 208 3 99 22880 330 10890 17.4 24.0 21.05 4.47
99900.0 310 26.08 0.15 37496 2922.11 0.36 15568 1583.56 0.2 1726920 349594.25 20.23 310 52.89 0.19 37216 9127.76 20.23 208 3 99 23088 333 10989 17.4 24.0 21.28 3.95
100800.0 310 26.08 0.15 37806 2948.18 0.36 15567 1583.07 0.2 1742487 351177.32 20.23 310 52.89 0.19 37526 9180.65 20.23 208 3 99 23296 336 11088 17.5 24.0 21.43 3.72
101700.0 376 26.22 0.15 38182 2974.41 0.36 15626 1583.32 0.2 1758113 352760.63 20.23 370 53.05 0.19 37896 9233.7 20.23 208 3 99 23504 339 11187 17.8 24.0 21.43 3.7
102600.0 354 26.85 0.36 38536 3001.26 0.36 15600 1580.83 0.2 1773713 354341.46 20.23 350 53.06 0.19 38246 9286.76 20.23 208 3 99 23712 342 11286 17.8 24.0 21.43 3.7
103500.0 310 26.08 0.15 38846 3027.34 0.36 15565 1581.13 0.2 1789278 355922.59 20.23 310 52.86 0.19 38556 9339.62 20.23 208 3 99 23920 345 11385 17.8 24.0 21.57 3.19
104400.0 310 26.08 0.15 39156 3053.41 0.36 15565 1581.03 0.2 1804843 357503.62 20.23 310 52.86 0.19 38866 9392.48 20.23 208 3 99 24128 348 11484 18.0 24.0 21.73 2.95
105300.0 376 26.22 0.15 39532 3079.63 0.36 15622 1580.89 0.2 1820465 359084.51 20.23 370 53.01 0.19 39236 9445.49 20.23 208 3 99 24336 351 11583 18.5 24.0 21.74 2.92
106200.0 354 26.85 0.36 39886 3106.48 0.36 15599 1577.04 0.2 1836064 360661.55 20.23 350 52.99 0.19 39586 9498.49 20.23 208 3 99 24544 354 11682 18.5 24.0 21.74 2.92
107100.0 310 26.07 0.15 40196 3132.55 0.36 15559 1566.56 0.2 1851623 362228.11 20.23 310 52.59 0.19 39896 9551.08 20.23 208 3 99 24752 357 11781 18.5 24.0 21.72 2.73
108000.0 310 26.07 0.15 40506 3158.62 0.36 15556 1566.23 0.2 1867179 363794.34 20.23 310 52.59 0.19 40206 9603.66 20.23 208 3 99 24960 360 11880 18.8 24.0 21.74 2.7
108900.0 376 26.21 0.15 40882 3184.84 0.36 15614 1566.1 0.2 1882793 365360.45 20.23 370 52.74 0.19 40576 9656.4 20.23 208 3 99 25168 363 11979 18.9 24.0 21.74 2.7
109800.0 354 26.85 0.36 41236 3211.68 0.36 15591 1565.83 0.2 1898384 366926.28 20.23 350 52.79 0.19 40926 9709.19 20.23 208 3 99 25376 366 12078 18.9 24.0 21.74 2.7
110700.0 310 26.07 0.15 41546 3237.75 0.36 15552 1565.75 0.2 1913936 368492.03 20.23 310 52.59 0.19 41236 9761.78 20.23 208 3 99 25584 369 12177 18.9 24.0 21.62 2.61
111600.0 310 26.07 0.15 41856 3263.82 0.36 15551 1565.63 0.2 1929487 370057.67 20.23 310 52.59 0.19 41546 9814.36 20.23 208 3 99 25792 372 12276 18.9 24.0 21.56 2.51
112500.0 376 26.21 0.15 42232 3290.03 0.36 15610 1565.7 0.2 1945097 371623.37 20.23 370 52.74 0.19 41916 9867.1 20.23 208 3 99 26000 375 12375 18.9 23.9 21.56 2.51
113400.0 354 26.85 0.36 42586 3316.88 0.36 15585 1564.83 0.2 1960682 373188.2 20.23 350 52.79 0.19 42266 9919.89 20.23 208 3 99 26208 378 12474 18.9 23.9 21.56 2.51
114300.0 310 26.07 0.15 42896 3342.95 0.36 15554 1565.95 0.2 1976236 374754.16 20.23 310 52.59 0.19 42576 9972.48 20.23 208 3 99 26416 381 12573 18.9 23.9 22.84 0.95
115200.0 310 26.07 0.15 43206 3369.02 0.36 15554 1565.83 0.2 1991790 376319.99 20.23 310 52.59 0.19 42886 10025.06 20.23 208 3 99 26624 384 12672 18.9 24.0 23.49 0.16
116100.0 376 26.21 0.15 43582 3395.23 0.36 15612 1565.7 0.2 2007402 377885.69 20.23 370 52.74 0.19 43256 10077.8 20.23 208 3 99 26832 387 12771 22.6 24.0 23.52 0.03
117000.0 354 26.85 0.36 43936 3422.08 0.36 15592 1565.63 0.2 2022994 379451.33 20.23 350 52.79 0.19 43606 10130.59 20.23 208 3 99 27040 390 12870 22.6 24.0 23.52 0.03
117900.0 310 26.07 0.15 44246 3448.15 0.36 15552 1565.55 0.2 2038546 381016.88 20.23 310 52.59 0.19 43916 10183.18 20.23 208 3 99 27248 393 12969 22.6 24.0 23.55 0.02
118800.0 310 26.07 0.15 44556 3474.22 0.36 15551 1565.23 0.2 2054097 382582.11 20.23 310 52.59 0.19 44226 10235.76 20.23 208 3 99 27456 396 13068 22.7 24.0 23.6 0.02
119700.0 376 26.21 0.15 44932 3500.43 0.36 15611 1565.5 0.2 2069708 384147.62 20.23 370 52.74 0.19 44596 10288.5 20.23 208 3 99 27664 399 13167 22.7 24.0 23.6 0.02
120600.0 354 26.85 0.36 45286 3527.28 0.36 15590 1565.43 0.2 2085298 385713.05 20.23 350 52.79 0.19 44946 10341.29 20.23 208 3 99 27872 402 13266 22.7 24.0 23.6 0.02
121500.0 310 26.07 0.15 45596 3553.35 0.36 15549 1565.35 0.2 2100847 387278.4 20.23 310 52.59 0.19 45256 10393.88 20.23 208 3 99 28080 405 13365 22.7 24.0 23.64 0.01
122400.0 310 26.07 0.15 45906 3579.42 0.36 15548 1565.03 0.2 2116395 388843.44 20.23 310 52.59 0.19 45566 10446.46 20.23 208 3 99 28288 408 13464 22.8 24.0 23.66 0.01
123300.0 376 26.21 0.15 46282 3605.63 0.36 15607 1565.1 0.2 2132002 390408.54 20.23 370 52.74 0.19 45936 10499.2 20.23 208 3 99 28496 411 13563 22.8 24.0 23.66 0.01
124200.0 354 26.85 0.36 46636 3632.47 0.36 15587 1565.03 0.2 2147589 391973.57 20.23 350 52.79 0.19 46286 10551.99 20.23 208 3 99 28704 414 13662 22.8 24.0 23.66 0.01
125100.0 310 26.07 0.15 46946 3658.54 0.36 15542 1564.15 0.2 2163131 393537.73 20.23 310 52.59 0.19 46596 10604.58 20.23 208 3 99 28912 417 13761 22.8 24.0 23.69 0.01
126000.0 310 26.07 0.15 47256 3684.61 0.36 15542 1564.03 0.2 2178673 395101.76 20.23 310 52.59 0.19 46906 10657.16 20.23 208 3 99 29120 420 13860 22.9 24.0 23.72 0.01
126900.0 376 26.21 0.15 47632 3710.83 0.36 15602 1564.3 0.2 2194275 396666.06 20.23 370 52.74 0.19 47276 10709.9 20.23 208 3 99 29328 423 13959 22.9 24.0 23.72 0.01
127800.0 354 26.85 0.36 47986 3737.67 0.36 15579 1563.83 0.2 2209854 398229.9 20.23 350 52.79 0.19 47626 10762.69 20.23 208 3 99 29536 426 14058 22.9 24.0 23.72 0.01
128700.0 310 26.07 0.15 48296 3763.74 0.36 15539 1563.75 0.2 2225393 399793.65 20.23 310 52.59 0.19 47936 10815.28 20.23 208 3 99 29744 429 14157 22.9 24.0 23.75 0.01
129600.0 310 26.07 0.15 48606 3789.81 0.36 15537 1563.43 0.2 2240930 401357.08 20.23 310 52.59 0.19 48246 10867.86 20.23 208 3 99 29952 432 14256 23.1 24.0 23.76 0.01
130500.0 376 26.21 0.15 48982 3816.02 0.36 15595 1563.3 0.2 2256525 402920.39 20.23 370 52.74 0.19 48616 10920.61 20.23 208 3 99 30160 435 14355 23.1 24.0 23.76 0.01
131400.0 354 26.85 0.36 49336 3842.87 0.36 15575 1563.23 0.2 2272100 404483.62 20.23 350 52.79 0.19 48966 10973.39 20.23 208 3 99 30368 438 14454 23.1 24.0 23.76 0.01
132300.0 310 26.07 0.15 49646 3868.94 0.36 15534 1562.95 0.2 2287634 406046.57 20.23 310 52.59 0.19 49276 11025.98 20.23 208 3 99 30576 441 14553 23.1 24.0 23.78 0.01
133200.0 310 26.07 0.15 49956 3895.01 0.36 15532 1562.63 0.2 2303166 407609.21 20.23 310 52.59 0.19 49586 11078.57 20.23 208 3 99 30784 444 14652 23.2 24.0 23.8 0.01
134100.0 376 26.21 0.15 50332 3921.22 0.36 15592 1562.9 0.2 2318758 409172.11 20.23 370 52.74 0.19 49956 11131.31 20.23 208 3 99 30992 447 14751 23.2 24.0 23.8 0.01
135000.0 354 26.85 0.36 50686 3948.07 0.36 15572 1562.83 0.2 2334330 410734.94 20.23 350 52.79 0.19 50306 11184.09 20.23 208 3 99 31200 450 14850 23.2 24.0 23.8 0.01
135900.0 310 26.07 0.15 50996 3974.14 0.36 15528 1562.15 0.2 2349858 412297.1 20.23 310 52.59 0.19 50616 11236.68 20.23 208 3 99 31408 453 14949 23.2 24.0 23.83 0.01
136800.0 310 26.07 0.15 51306 4000.21 0.36 15528 1562.03 0.2 2365386 413859.13 20.23 310 52.59 0.19 50926 11289.27 20.23 208 3 99 31616 456 15048 23.3 24.0 23.84 0.01
137700.0 376 26.21 0.15 51682 4026.42 0.36 15587 1562.1 0.2 2380973 415421.23 20.23 370 52.74 0.19 51296 11342.01 20.23 208 3 99 31824 459 15147 23.3 24.0 23.84 0.01
138600.0 354 26.85 0.36 52036 4053.27 0.36 15564 1561.43 0.2 2396537 416982.67 20.23 350 52.79 0.19 51646 11394.79 20.23 208 3 99 32032 462 15246 23.3 24.0 23.84 0.01
139500.0 310 26.07 0.15 52346 4079.34 0.36 15524 1561.35 0.2 2412061 418544.02 20.23 310 52.59 0.19 51956 11447.38 20.23 208 3 99 32240 465 15345 23.3 24.0 23.85 0.01
140400.0 310 26.07 0.15 52656 4105.41 0.36 15524 1561.23 0.2 2427585 420105.25 20.23 310 52.59 0.19 52266 11499.97 20.23 208 3 99 32448 468 15444 23.4 24.0 23.85 0.01
141300.0 376 26.21 0.15 53032 4131.62 0.36 15583 1561.3 0.2 2443168 421666.56 20.23 370 52.74 0.19 52636 11552.71 20.23 208 3 99 32656 471 15543 23.4 24.0 23.86 0.01
142200.0 354 26.85 0.36 53386 4158.47 0.36 15563 1561.23 0.2 2458731 423227.79 20.23 350 52.79 0.19 52986 11605.49 20.23 208 3 99 32864 474 15642 23.4 24.0 23.86 0.01
143100.0 310 26.07 0.15 53696 4184.54 0.36 15522 1560.95 0.2 2474253 424788.74 20.23 310 52.59 0.19 53296 11658.08 20.23 208 3 99 33072 477 15741 23.4 24.0 23.88 0.01
144000.0 310 26.07 0.15 54006 4210.6 0.36 15517 1560.23 0.2 2489770 426348.98 20.23 310 52.59 0.19 53606 11710.67 20.23 208 3 99 33280 480 15840 23.5 24.0 23.88 0.01
144900.0 376 26.21 0.15 54382 4236.82 0.36 15577 1560.5 0.2 2505347 427909.48 20.23 370 52.74 0.19 53976 11763.41 20.23 208 3 99 33488 483 15939 23.5 24.0 23.88 0.01
145800.0 354 26.85 0.36 54736 4263.66 0.36 15556 1560.23 0.2 2520903 429469.71 20.23 350 52.79 0.19 54326 11816.19 20.23 208 3 99 33696 486 16038 23.5 24.0 23.88 0.01
146700.0 310 26.07 0.15 55046 4289.73 0.36 15514 1559.75 0.2 2536417 431029.47 20.23 310 52.59 0.19 54636 11868.78 20.23 208 3 99 33904 489 16137 23.5 24.0 23.89 0.01
147600.0 310 26.07 0.15 55356 4315.8 0.36 15514 1559.63 0.2 2551931 432589.1 20.23 310 52.59 0.19 54946 11921.37 20.23 208 3 99 34112 492 16236 23.6 24.0 23.89 0.01
148500.0 376 26.21 0.15 55732 4342.02 0.36 15574 1559.9 0.2 2567505 434149.0 20.23 370 52.74 0.19 55316 11974.11 20.23 208 3 99 34320 495 16335 23.6 24.0 23.89 0.01
149400.0 354 26.85 0.36 56086 4368.86 0.36 15552 1559.63 0.2 2583057 435708.64 20.23 350 52.79 0.19 55666 12026.9 20.23 208 3 99 34528 498 16434 23.6 24.0 23.89 0.01
150300.0 310 26.07 0.15 56396 4394.93 0.36 15512 1559.55 0.2 2598569 437268.19 20.23 310 52.59 0.19 55976 12079.48 20.23 208 3 99 34736 501 16533 23.6 24.0 23.89 0.01
151200.0 310 26.07 0.15 56706 4421.0 0.36 15512 1559.43 0.2 2614081 438827.62 20.23 310 52.59 0.19 56286 12132.07 20.23 208 3 99 34944 504 16632 23.7 24.0 23.89 0.01
152100.0 376 26.21 0.15 57082 4447.21 0.36 15567 1558.9 0.2 2629648 440386.52 20.23 370 52.74 0.19 56656 12184.81 20.23 208 3 99 35152 507 16731 23.7 24.0 23.89 0.01
153000.0 354 26.85 0.36 57436 4474.06 0.36 15547 1558.83 0.2 2645195 441945.36 20.23 350 52.79 0.19 57006 12237.6 20.23 208 3 99 35360 510 16830 23.7 24.0 23.89 0.01
153900.0 310 26.07 0.15 57746 4500.13 0.36 15507 1558.75 0.2 2660702 443504.11 20.23 310 52.59 0.19 57316 12290.18 20.23 208 3 99 35568 513 16929 23.7 24.0 23.89 0.01
154800.0 310 26.07 0.15 58056 4526.2 0.36 15504 1558.23 0.2 2676206 445062.34 20.23 310 52.59 0.19 57626 12342.77 20.23 208 3 99 35776 516 17028 23.6 24.0 23.89 0.01
155700.0 376 26.21 0.15 58432 4552.41 0.36 15564 1558.5 0.2 2691770 446620.85 20.23 370 52.74 0.19 57996 12395.51 20.23 208 3 99 35984 519 17127 23.6 24.0 23.89 0.01
156600.0 354 26.85 0.36 58786 4579.26 0.36 15544 1558.43 0.2 2707314 448179.28 20.23 350 52.79 0.19 58346 12448.3 20.23 208 3 99 36192 522 17226 23.6 24.0 23.89 0.01
157500.0 310 26.07 0.15 59096 4605.33 0.36 15502 1558.35 0.2 2722816 449737.63 20.23 310 52.59 0.19 58656 12500.88 20.23 208 3 99 36400 525 17325 23.6 24.0 23.88 0.01
158400.0 310 26.07 0.15 59406 4631.4 0.36 15502 1558.23 0.2 2738318 451295.87 20.23 310 52.59 0.19 58966 12553.47 20.23 208 3 99 36608 528 17424 23.5 24.0 23.88 0.01
159300.0 376 26.21 0.15 59782 4657.61 0.36 15560 1558.3 0.2 2753878 452854.17 20.23 370 52.74 0.19 59336 12606.21 20.23 208 3 99 36816 531 17523 23.5 24.0 23.88 0.01
160200.0 354 26.85 0.36 60136 4684.46 0.36 15539 1558.03 0.2 2769417 454412.21 20.23 350 52.79 0.19 59686 12659.0 20.23 208 3 99 37024 534 17622 23.5 24.0 23.88 0.01
161100.0 310 26.07 0.15 60446 4710.53 0.36 15498 1557.75 0.2 2784915 455969.96 20.23 310 52.59 0.19 59996 12711.59 20.23 208 3 99 37232 537 17721 23.5 24.0 23.86 0.01
162000.0 310 26.07 0.15 60756 4736.6 0.36 15497 1557.43 0.2 2800412 457527.39 20.23 310 52.59 0.19 60306 12764.17 20.23 208 3 99 37440 540 17820 23.4 24.0 23.86 0.01
162900.0 376 26.21 0.15 61132 4762.8 0.36 15552 1557.1 0.2 2815964 459084.49 20.23 370 52.74 0.19 60676 12816.91 20.23 208 3 99 37648 543 17919 23.4 24.0 23.86 0.01
163800.0 354 26.85 0.36 61486 4789.65 0.36 15532 1557.03 0.2 2831496 460641.53 20.23 350 52.79 0.19 61026 12869.7 20.23 208 3 99 37856 546 18018 23.4 24.0 23.86 0.01
164700.0 310 26.07 0.15 61796 4815.72 0.36 15491 1556.75 0.2 2846987 462198.28 20.23 310 52.59 0.19 61336 12922.29 20.23 208 3 99 38064 549 18117 23.4 24.0 23.83 0.02
165600.0 310 26.07 0.15 62106 4841.79 0.36 15488 1556.23 0.2 2862475 463754.51 20.23 310 52.59 0.19 61646 12974.87 20.23 208 3 99 38272 552 18216 23.3 24.0 23.83 0.02
166500.0 376 26.21 0.15 62482 4868.0 0.36 15548 1556.5 0.2 2878023 465311.02 20.23 370 52.74 0.19 62016 13027.61 20.23 208 3 99 38480 555 18315 23.3 24.0 23.83 0.02
167400.0 354 26.85 0.36 62836 4894.85 0.36 15527 1556.23 0.2 2893550 466867.25 20.23 350 52.79 0.19 62366 13080.4 20.23 208 3 99 38688 558 18414 23.3 24.0 23.83 0.02
168300.0 310 26.07 0.15 63146 4920.92 0.36 15483 1555.75 0.2 2909033 468423.0 20.23 310 52.59 0.19 62676 13132.99 20.23 208 3 99 38896 561 18513 23.3 24.0 23.81 0.02
169200.0 310 26.07 0.15 63456 4946.99 0.36 15482 1555.43 0.2 2924515 469978.43 20.23 310 52.59 0.19 62986 13185.57 20.23 208 3 99 39104 564 18612 23.2 24.0 23.8 0.02
170100.0 376 26.21 0.15 63832 4973.2 0.36 15541 1555.5 0.2 2940056 471533.94 20.23 370 52.74 0.19 63356 13238.31 20.23 208 3 99 39312 567 18711 23.2 24.0 23.8 0.02
171000.0 354 26.85 0.36 64186 5000.04 0.36 15520 1555.23 0.2 2955576 473089.17 20.23 350 52.79 0.19 63706 13291.1 20.23 208 3 99 39520 570 18810 23.2 24.0 23.8 0.02
171900.0 310 26.07 0.15 64496 5026.11 0.36 15480 1555.15 0.2 2971056 474644.32 20.23 310 52.59 0.19 64016 13343.69 20.23 208 3 99 39728 573 18909 23.2 24.0 23.77 0.02
172800.0 310 26.07 0.15 64806 5052.18 0.36 15479 1555.03 0.2 2986535 476199.36 20.23 310 52.59 0.19 64326 13396.27 20.23 208 3 99 39936 576 19008 23.1 24.0 23.75 0.02
173700.0 376 26.21 0.15 65182 5078.4 0.36 15536 1554.9 0.2 3002071 477754.26 20.23 370 52.74 0.19 64696 13449.01 20.23 208 3 99 40144 579 19107 23.1 24.0 23.75 0.02
174600.0 354 26.85 0.36 65536 5105.24 0.36 15513 1554.63 0.2 3017584 479308.89 20.23 350 52.79 0.19 65046 13501.8 20.23 208 3 99 40352 582 19206 23.1 24.0 23.75 0.02
175500.0 310 26.07 0.15 65846 5131.31 0.36 15473 1554.15 0.2 3033057 480863.05 20.23 310 52.59 0.19 65356 13554.39 20.23 208 3 99 40560 585 19305 23.1 24.0 23.72 0.03
176400.0 310 26.07 0.15 66156 5157.38 0.36 15468 1553.63 0.2 3048525 482416.68 20.23 310 52.59 0.19 65666 13606.97 20.23 208 3 99 40768 588 19404 22.9 24.0 23.69 0.03
177300.0 376 26.21 0.15 66532 5183.59 0.36 15525 1553.3 0.2 3064050 483969.98 20.23 370 52.74 0.19 66036 13659.71 20.23 208 3 99 40976 591 19503 22.9 23.9 23.69 0.03
178200.0 354 26.85 0.36 66886 5210.44 0.36 15501 1553.03 0.2 3079551 485523.02 20.23 350 52.79 0.19 66386 13712.5 20.23 208 3 99 41184 594 19602 22.9 23.9 23.69 0.03
179100.0 310 26.07 0.15 67196 5236.51 0.36 15464 1553.55 0.2 3095015 487076.57 20.23 310 52.59 0.19 66696 13765.09 20.23 208 3 99 41392 597 19701 22.9 23.9 23.63 0.03
180000.0 310 26.07 0.15 67506 5262.58 0.36 15468 1554.03 0.2 3110483 488630.6 20.23 310 52.59 0.19 67006 13817.67 20.23 208 3 99 41600 600 19800 22.8 23.9 23.6 0.02
180900.0 376 26.21 0.15 67882 5288.79 0.36 15526 1553.9 0.2 3126009 490184.5 20.23 370 52.74 0.19 67376 13870.41 20.23 208 3 99 41808 603 19899 22.8 23.9 23.6 0.02
181800.0 354 26.85 0.36 68236 5315.64 0.36 15490 1552.03 0.2 3141499 491736.54 20.23 350 52.79 0.19 67726 13923.2 20.23 208 3 99 42016 606 19998 22.8 23.9 23.6 0.02
182700.0 310 26.07 0.15 68546 5341.71 0.36 15454 1551.95 0.2 3156953 493288.49 20.23 310 52.59 0.19 68036 13975.79 20.23 208 3 99 42224 609 20097 22.8 23.8 23.52 0.03
183600.0 310 26.07 0.15 68856 5367.78 0.36 15462 1553.23 0.2 3172415 494841.72 20.23 310 52.59 0.19 68346 14028.37 20.23 208 3 99 42432 612 20196 22.7 23.8 23.46 0.02
184500.0 376 26.21 0.15 69232 5393.99 0.36 15519 1553.3 0.2 3187934 496395.03 20.23 370 52.74 0.19 68716 14081.12 20.23 208 3 99 42640 615 20295 22.7 23.8 23.46 0.02
185400.0 354 26.85 0.36 69586 5420.84 0.36 15488 1551.63 0.2 3203422 497946.66 20.23 350 52.79 0.19 69066 14133.9 20.23 208 3 99 42848 618 20394 22.7 23.8 23.46 0.02
186300.0 310 26.07 0.15 69896 5446.91 0.36 15453 1552.55 0.2 3218875 499499.21 20.23 310 52.59 0.19 69376 14186.49 20.23 208 3 99 43056 621 20493 22.7 23.7 23.36 0.03
187200.0 310 26.07 0.15 70206 5472.98 0.36 15448 1551.43 0.2 3234323 501050.64 20.23 310 52.59 0.19 69686 14239.08 20.23 208 3 99 43264 624 20592 22.4 23.7 23.28 0.02
188100.0 376 26.21 0.15 70582 5499.19 0.36 15508 1551.7 0.2 3249831 502602.35 20.23 370 52.74 0.19 70056 14291.82 20.23 208 3 99 43472 627 20691 22.4 23.7 23.28 0.02
189000.0 354 26.85 0.36 70936 5526.04 0.36 15482 1551.23 0.2 3265313 504153.58 20.23 350 52.79 0.19 70406 14344.6 20.23 208 3 99 43680 630 20790 22.4 23.7 23.28 0.02
189900.0 310 26.07 0.15 71246 5552.1 0.36 15445 1551.55 0.2 3280758 505705.13 20.23 310 52.59 0.19 70716 14397.19 20.23 208 3 99 43888 633 20889 22.4 23.6 23.15 0.03
190800.0 310 26.07 0.15 71556 5578.17 0.36 15446 1551.83 0.2 3296204 507256.97 20.23 310 52.59 0.19 71026 14449.78 20.23 208 3 99 44096 636 20988 22.1 23.5 23.04 0.03
191700.0 376 26.21 0.15 71932 5604.39 0.36 15506 1552.1 0.2 3311710 508809.07 20.23 370 52.74 0.19 71396 14502.52 20.23 208 3 99 44304 639 21087 22.1 23.5 23.03 0.03
192600.0 354 26.85 0.36 72286 5631.23 0.36 15478 1550.83 0.2 3327188 510359.9 20.23 350 52.79 0.19 71746 14555.3 20.23 208 3 99 44512 642 21186 22.1 23.5 23.03 0.03
193500.0 310 26.07 0.15 72596 5657.3 0.36 15444 1550.95 0.2 3342632 511910.85 20.23 310 52.59 0.19 72056 14607.89 20.23 208 3 99 44720 645 21285 22.1 23.4 22.88 0.03
194400.0 310 26.07 0.15 72906 5683.37 0.36 15443 1550.63 0.2 3358075 513461.49 20.23 310 52.59 0.19 72366 14660.48 20.23 208 3 99 44928 648 21384 22.0 23.3 22.75 0.03
195300.0 376 26.21 0.15 73282 5709.59 0.36 15494 1549.7 0.2 3373569 515011.19 20.23 370 52.74 0.19 72736 14713.22 20.23 208 3 99 45136 651 21483 22.0 23.3 22.75 0.03
196200.0 354 26.85 0.36 73636 5736.43 0.36 15470 1549.03 0.2 3389039 516560.22 20.23 350 52.79 0.19 73086 14766.0 20.23 208 3 99 45344 654 21582 22.0 23.3 22.75 0.03
197100.0 310 26.07 0.15 73946 5762.5 0.36 15438 1549.95 0.2 3404477 518110.18 20.23 310 52.59 0.19 73396 14818.59 20.23 208 3 99 45552 657 21681 22.0 23.1 22.59 0.02
198000.0 310 26.07 0.15 74256 5788.57 0.36 15396 1543.83 0.2 3419873 519654.01 20.23 310 52.59 0.19 73706 14871.18 20.23 208 3 99 45760 660 21780 22.0 23.1 22.44 0.03
198900.0 376 26.21 0.15 74632 5814.78 0.36 15456 1544.1 0.2 3435329 521198.11 20.23 370 52.74 0.19 74076 14923.92 20.23 208 3 99 45968 663 21879 22.0 23.1 22.44 0.03
199800.0 354 26.85 0.36 74986 5841.63 0.36 15435 1543.83 0.2 3450764 522741.95 20.23 350 52.79 0.19 74426 14976.7 20.23 208 3 99 46176 666 21978 22.0 23.1 22.44 0.03
200700.0 310 26.07 0.15 75296 5867.7 0.36 15399 1544.35 0.2 3466163 524286.3 20.23 310 52.59 0.19 74736 15029.29 20.23 208 3 99 46384 669 22077 22.0 22.8 22.27 0.02
201600.0 310 26.07 0.15 75606 5893.77 0.36 15408 1545.63 0.2 3481571 525831.93 20.23 310 52.59 0.19 75046 15081.88 20.23 208 3 99 46592 672 22176 22.0 22.8 22.2 0.02
202500.0 376 26.21 0.15 75982 5919.98 0.36 15467 1545.9 0.2 3497038 527377.83 20.23 370 52.74 0.19 75416 15134.62 20.23 208 3 99 46800 675 22275 22.0 22.8 22.2 0.02
203400.0 354 26.85 0.36 76336 5946.83 0.36 15442 1545.23 0.2 3512480 528923.07 20.23 350 52.79 0.19 75766 15187.41 20.23 208 3 99 47008 678 22374 22.0 22.8 22.2 0.02
204300.0 310 26.07 0.15 76646 5972.9 0.36 15407 1545.55 0.2 3527887 530468.62 20.23 310 52.59 0.19 76076 15239.99 20.23 208 3 99 47216 681 22473 22.0 22.6 22.07 0.01
205200.0 310 26.07 0.15 76956 5998.97 0.36 15405 1545.03 0.2 3543292 532013.65 20.23 310 52.59 0.19 76386 15292.58 20.23 208 3 99 47424 684 22572 22.0 22.6 22.07 0.01
206100.0 376 26.21 0.15 77332 6025.18 0.36 15464 1545.1 0.2 3558756 533558.75 20.23 370 52.74 0.19 76756 15345.32 20.23 208 3 99 47632 687 22671 22.0 22.6 22.07 0.01
207000.0 354 26.85 0.36 77686 6052.02 0.36 15431 1543.43 0.2 3574187 535102.19 20.23 350 52.79 0.19 77106 15398.11 20.23 208 3 99 47840 690 22770 22.0 22.6 22.07 0.01
207900.0 310 26.07 0.15 77996 6078.09 0.36 15398 1544.35 0.2 3589585 536646.54 20.23 310 52.59 0.19 77416 15450.69 20.23 208 3 99 48048 693 22869 22.0 22.2 22.03 0.0
208800.0 310 26.07 0.15 78306 6104.16 0.36 15395 1544.23 0.2 3604980 538190.77 20.23 310 52.59 0.19 77726 15503.28 20.23 208 3 99 48256 696 22968 22.0 22.2 22.03 0.0
209700.0 376 26.21 0.15 78682 6130.37 0.36 15452 1544.1 0.2 3620432 539734.87 20.23 370 52.74 0.19 78096 15556.02 20.23 208 3 99 48464 699 23067 22.0 22.2 22.03 0.0
210600.0 354 26.85 0.36 79036 6157.22 0.36 15421 1542.23 0.2 3635853 541277.11 20.23 350 52.79 0.19 78446 15608.81 20.23 208 3 99 48672 702 23166 22.0 22.2 22.03 0.0
211500.0 310 26.07 0.15 79346 6183.29 0.36 15386 1542.55 0.2 3651239 542819.66 20.23 310 52.59 0.19 78756 15661.4 20.23 208 3 99 48880 705 23265 22.0 22.0 22.0 0.0
212400.0 310 26.07 0.15 79656 6209.36 0.36 15386 1542.43 0.2 3666625 544362.09 20.23 310 52.59 0.19 79066 15713.98 20.23 208 3 99 49088 708 23364 22.0 22.0 22.0 0.0
213300.0 376 26.21 0.15 80032 6235.57 0.36 15443 1542.3 0.2 3682068 545904.39 20.23 370 52.74 0.19 79436 15766.72 20.23 208 3 99 49296 711 23463 22.0 22.0 22.0 0.0
214200.0 354 26.85 0.36 80386 6262.42 0.36 15409 1540.83 0.2 3697477 547445.23 20.23 350 52.79 0.19 79786 15819.51 20.23 208 3 99 49504 714 23562 22.0 22.0 22.0 0.0
215100.0 310 26.07 0.15 80696 6288.49 0.36 15367 1540.55 0.2 3712844 548985.78 20.23 310 52.59 0.19 80096 15872.1 20.23 208 3 99 49712 717 23661 22.0 22.0 22.0 0.0
216000.0 310 26.07 0.15 81006 6314.56 0.36 15363 1539.83 0.2 3728207 550525.61 20.23 310 52.59 0.19 80406 15924.68 20.23 208 3 99 49920 720 23760 22.0 22.0 22.0 0.0
216900.0 376 26.21 0.15 81382 6340.77 0.36 15422 1539.9 0.2 3743629 552065.51 20.23 370 52.74 0.19 80776 15977.42 20.23 208 3 99 50128 723 23859 22.0 22.0 22.0 0.0
217800.0 354 26.85 0.36 81736 6367.61 0.36 15399 1539.83 0.2 3759028 553605.35 20.23 350 52.79 0.19 81126 16030.21 20.23 208 3 99 50336 726 23958 22.0 22.0 22.0 0.0
218700.0 310 26.07 0.15 82046 6393.68 0.36 15356 1539.35 0.2 3774384 555144.7 20.23 310 52.59 0.19 81436 16082.8 20.23 208 3 99 50544 729 24057 22.0 22.0 22.0 0.0
219600.0 310 26.07 0.15 82356 6419.75 0.36 15354 1539.03 0.2 3789738 556683.73 20.23 310 52.59 0.19 81746 16135.38 20.23 208 3 99 50752 732 24156 22.0 22.0 22.0 0.0
220500.0 376 26.21 0.15 82732 6445.97 0.36 15408 1538.3 0.2 3805146 558222.03 20.23 370 52.74 0.19 82116 16188.12 20.23 208 3 99 50960 735 24255 22.0 22.0 22.0 0.0
221400.0 354 26.85 0.36 83086 6472.81 0.36 15386 1541.27 0.2 3820532 559763.3 20.23 350 52.85 0.19 82466 16240.97 20.23 208 3 99 51168 738 24354 22.0 22.0 22.0 0.0
222300.0 310 26.07 0.15 83396 6498.89 0.36 15441 1556.04 0.2 3835973 561319.34 20.23 310 52.7 0.19 82776 16293.67 20.23 208 3 99 51376 741 24453 20.8 22.0 21.31 0.06
223200.0 310 26.07 0.15 83706 6524.96 0.36 15475 1560.15 0.2 3851448 562879.49 20.23 310 52.7 0.19 83086 16346.37 20.23 208 3 99 51584 744 24552 19.9 22.0 20.6 0.17
224100.0 376 26.22 0.15 84082 6551.18 0.36 15535 1560.39 0.2 3866983 564439.88 20.23 370 52.85 0.19 83456 16399.22 20.23 208 3 99 51792 747 24651 19.8 21.8 20.57 0.15
225000.0 354 26.85 0.36 84436 6578.02 0.36 15515 1559.02 0.2 3882498 565998.9 20.23 350 52.87 0.19 83806 16452.09 20.23 208 3 99 52000 750 24750 19.8 21.8 20.57 0.15
225900.0 310 26.07 0.15 84746 6604.1 0.36 15476 1559.92 0.2 3897974 567558.81 20.23 310 52.69 0.19 84116 16504.78 20.23 208 3 99 52208 753 24849 19.8 21.7 20.51 0.13
226800.0 310 26.07 0.15 85056 6630.17 0.36 15479 1560.41 0.2 3913453 569119.22 20.23 310 52.68 0.19 84426 16557.46 20.23 208 3 99 52416 756 24948 19.8 21.7 20.48 0.16
227700.0 376 26.22 0.15 85432 6656.38 0.36 15539 1560.67 0.2 3928992 570679.89 20.23 370 52.84 0.19 84796 16610.3 20.23 208 3 99 52624 759 25047 19.8 21.7 20.48 0.16
228600.0 354 26.85 0.36 85786 6683.23 0.36 15515 1561.26 0.2 3944507 572241.15 20.23 350 52.91 0.19 85146 16663.21 20.23 208 3 99 52832 762 25146 19.8 21.7 20.48 0.16
229500.0 310 26.07 0.15 86096 6709.31 0.36 15476 1559.53 0.2 3959983 573800.68 20.23 310 52.68 0.19 85456 16715.89 20.23 208 3 99 53040 765 25245 19.8 21.6 20.45 0.15
230400.0 310 26.07 0.15 86406 6735.38 0.36 15477 1559.63 0.2 3975460 575360.31 20.23 310 52.68 0.19 85766 16768.57 20.23 208 3 99 53248 768 25344 19.8 21.6 20.46 0.15
231300.0 376 26.21 0.15 86782 6761.59 0.36 15534 1559.48 0.2 3990994 576919.79 20.23 370 52.83 0.19 86136 16821.41 20.23 208 3 99 53456 771 25443 19.8 21.6 20.46 0.15
232200.0 354 26.85 0.36 87136 6788.44 0.36 15511 1558.22 0.2 4006505 578478.01 20.23 350 52.86 0.19 86486 16874.27 20.23 208 3 99 53664 774 25542 19.8 21.6 20.46 0.15
233100.0 310 26.07 0.15 87446 6814.51 0.36 15473 1559.74 0.2 4021978 580037.75 20.23 310 52.7 0.19 86796 16926.97 20.23 208 3 99 53872 777 25641 19.8 21.5 20.49 0.16
234000.0 310 26.07 0.15 87756 6840.58 0.36 15473 1559.85 0.2 4037451 581597.6 20.23 310 52.7 0.19 87106 16979.66 20.23 208 3 99 54080 780 25740 19.8 21.5 20.5 0.15
234900.0 376 26.22 0.15 88132 6866.8 0.36 15533 1560.09 0.2 4052984 583157.69 20.23 370 52.85 0.19 87476 17032.51 20.23 208 3 99 54288 783 25839 19.8 21.5 20.5 0.15
235800.0 354 26.85 0.36 88486 6893.65 0.36 15507 1557.79 0.2 4068491 584715.48 20.23 350 52.87 0.19 87826 17085.38 20.23 208 3 99 54496 786 25938 19.8 21.5 20.5 0.15
236700.0 310 26.07 0.15 88796 6919.72 0.36 15469 1555.76 0.2 4083960 586271.24 20.23 310 52.63 0.19 88136 17138.0 20.23 208 3 99 54704 789 26037 19.8 21.4 20.51 0.16
237600.0 310 26.07 0.15 89106 6945.79 0.36 15468 1555.84 0.2 4099428 587827.09 20.23 310 52.62 0.19 88446 17190.63 20.23 208 3 99 54912 792 26136 19.8 21.4 20.55 0.14
238500.0 376 26.21 0.15 89482 6972.0 0.36 15527 1556.11 0.2 4114955 589383.2 20.23 370 52.78 0.19 88816 17243.4 20.23 208 3 99 55120 795 26235 19.7 21.4 20.55 0.14
239400.0 354 26.85 0.36 89836 6998.85 0.36 15499 1556.82 0.2 4130454 590940.02 20.23 350 52.86 0.19 89166 17296.26 20.23 208 3 99 55328 798 26334 19.7 21.4 20.55 0.14
240300.0 310 26.07 0.15 90146 7024.92 0.36 15458 1556.53 0.2 4145912 592496.55 20.23 310 52.66 0.19 89476 17348.92 20.23 208 3 99 55536 801 26433 19.7 21.5 20.57 0.16
241200.0 310 26.07 0.15 90456 7050.99 0.36 15454 1555.82 0.2 4161366 594052.37 20.23 310 52.66 0.19 89786 17401.58 20.23 208 3 99 55744 804 26532 19.7 21.6 20.6 0.15
242100.0 376 26.21 0.15 90832 7077.21 0.36 15511 1555.68 0.2 4176877 595608.05 20.23 370 52.81 0.19 90156 17454.39 20.23 208 3 99 55952 807 26631 19.7 21.6 20.6 0.15
243000.0 354 26.85 0.36 91186 7104.05 0.36 15488 1554.45 0.2 4192365 597162.5 20.23 350 52.85 0.19 90506 17507.24 20.23 208 3 99 56160 810 26730 19.7 21.6 20.6 0.15
243900.0 310 26.07 0.15 91496 7130.13 0.36 15447 1555.7 0.2 4207812 598718.2 20.23 310 52.68 0.19 90816 17559.92 20.23 208 3 99 56368 813 26829 19.7 21.6 20.61 0.16
244800.0 310 26.07 0.15 91806 7156.2 0.36 15452 1556.41 0.2 4223264 600274.61 20.23 310 52.67 0.19 91126 17612.59 20.23 208 3 99 56576 816 26928 19.7 21.8 20.64 0.16
245700.0 376 26.21 0.15 92182 7182.41 0.36 15512 1556.65 0.2 4238776 601831.26 20.23 370 52.83 0.19 91496 17665.42 20.23 208 3 99 56784 819 27027 19.6 21.8 20.64 0.16
246600.0 354 26.85 0.36 92536 7209.26 0.36 15470 1554.82 0.2 4254246 603386.08 20.23 350 52.9 0.19 91846 17718.31 20.23 208 3 99 56992 822 27126 19.6 21.8 20.64 0.16
247500.0 310 26.07 0.15 92846 7235.33 0.36 15444 1555.45 0.2 4269690 604941.54 20.23 310 52.67 0.19 92156 17770.99 20.23 208 3 99 57200 825 27225 19.6 21.8 20.6 0.16
248400.0 310 26.07 0.15 93156 7261.41 0.36 15445 1555.16 0.2 4285135 606496.7 20.23 310 52.67 0.19 92466 17823.65 20.23 208 3 99 57408 828 27324 19.6 21.9 20.62 0.16
249300.0 376 26.21 0.15 93532 7287.62 0.36 15500 1554.41 0.2 4300635 608051.1 20.23 370 52.82 0.19 92836 17876.48 20.23 208 3 99 57616 831 27423 19.5 21.9 20.62 0.17
250200.0 354 26.85 0.36 93886 7314.47 0.36 15458 1550.53 0.2 4316093 609601.63 20.23 350 52.85 0.19 93186 17929.33 20.23 208 3 99 57824 834 27522 19.5 21.9 20.62 0.17
251100.0 310 26.07 0.15 94196 7340.54 0.36 15434 1553.2 0.2 4331527 611154.83 20.23 310 52.67 0.19 93496 17982.0 20.23 208 3 99 58032 837 27621 19.5 21.9 20.58 0.18
252000.0 310 26.07 0.15 94506 7366.61 0.36 15441 1554.31 0.2 4346968 612709.14 20.23 310 52.66 0.19 93806 18034.66 20.23 208 3 99 58240 840 27720 19.5 22.0 20.56 0.19
252900.0 376 26.21 0.15 94882 7392.83 0.36 15500 1554.35 0.2 4362468 614263.49 20.23 370 52.82 0.19 94176 18087.48 20.23 208 3 99 58448 843 27819 19.5 22.0 20.56 0.2
253800.0 354 26.85 0.36 95236 7419.67 0.36 15461 1551.63 0.2 4377929 615815.12 20.23 350 52.86 0.19 94526 18140.34 20.23 208 3 99 58656 846 27918 19.5 22.0 20.56 0.2
254700.0 310 26.07 0.15 95546 7445.75 0.36 15477 1559.56 0.2 4393406 617374.68 20.23 310 52.67 0.19 94836 18193.01 20.23 208 3 99 58864 849 28017 19.5 22.0 20.43 0.2
255600.0 310 26.07 0.15 95856 7471.82 0.36 15481 1560.07 0.2 4408887 618934.75 20.23 310 52.67 0.19 95146 18245.68 20.23 208 3 99 59072 852 28116 19.5 21.8 20.4 0.21
256500.0 376 26.21 0.15 96232 7498.03 0.36 15541 1560.31 0.2 4424428 620495.06 20.23 370 52.82 0.19 95516 18298.5 20.23 208 3 99 59280 855 28215 19.3 21.8 20.39 0.21
257400.0 354 26.85 0.36 96586 7524.88 0.36 15491 1554.49 0.2 4439919 622049.55 20.23 350 52.85 0.19 95866 18351.35 20.23 208 3 99 59488 858 28314 19.3 21.8 20.39 0.21
258300.0 310 26.07 0.15 96896 7550.95 0.36 15492 1561.78 0.2 4455411 623611.33 20.23 310 52.68 0.19 96176 18404.02 20.23 208 3 99 59696 861 28413 19.3 21.8 20.24 0.21
259200.0 310 26.07 0.15 97206 7577.03 0.36 15496 1562.06 0.2 4470907 625173.39 20.23 310 52.67 0.19 96486 18456.69 20.23 208 3 99 59904 864 28512 19.3 21.8 20.15 0.23
260100.0 376 26.21 0.15 97582 7603.24 0.36 15556 1562.33 0.2 4486463 626735.72 20.23 370 52.83 0.19 96856 18509.52 20.23 208 3 99 60112 867 28611 19.2 21.6 20.15 0.23
261000.0 356 26.96 0.36 97938 7630.2 0.36 15843 163137.51 20.24 4502306 789873.23 20.24 352 3242.55 20.24 97208 21752.07 20.24 208 3 99 60320 870 28710 19.2 21.6 20.15 0.23
261900.0 310 26.07 0.15 98248 7656.28 0.36 15517 1562.06 0.2 4517823 791435.29 20.24 310 52.64 0.19 97518 21804.71 20.24 208 3 99 60528 873 28809 18.9 21.6 19.8 0.24
262800.0 310 26.07 0.15 98558 7682.35 0.36 15522 1562.58 0.2 4533345 792997.87 20.24 310 52.64 0.19 97828 21857.36 20.24 208 3 99 60736 876 28908 18.9 21.6 19.63 0.24
263700.0 376 26.22 0.15 98934 7708.57 0.36 15582 1562.82 0.2 4548927 794560.69 20.24 370 52.79 0.19 98198 21910.15 20.24 208 3 99 60944 879 29007 18.9 20.8 19.63 0.23
264600.0 356 26.97 0.36 99290 7735.54 0.36 15873 162987.11 20.22 4564800 957547.8 20.24 352 3238.86 20.22 98550 25149.01 20.24 208 3 99 61152 882 29106 18.9 20.8 19.63 0.23
265500.0 310 26.09 0.15 99600 7761.63 0.36 15549 1608.76 0.2 4580349 959156.56 20.24 310 53.49 0.19 98860 25202.5 20.24 208 3 99 61360 885 29205 17.3 20.8 18.39 0.29
266400.0 310 26.09 0.15 99910 7787.73 0.36 15566 1611.52 0.2 4595915 960768.08 20.24 310 53.49 0.19 99170 25256.0 20.24 208 3 99 61568 888 29304 17.3 20.2 17.83 0.06
267300.0 376 26.24 0.15 100286 7813.96 0.36 15626 1611.72 0.2 4611541 962379.8 20.24 370 53.64 0.19 99540 25309.64 20.24 208 3 99 61776 891 29403 17.3 18.8 17.81 0.02
268200.0 356 26.99 0.36 100642 7840.95 0.36 15917 163153.0 20.24 4627458 1125532.8 20.24 352 3243.32 20.24 99892 28552.96 20.24 208 3 99 61984 894 29502 17.3 18.8 17.81 0.02
269100.0 310 26.09 0.15 100952 7867.05 0.36 15572 1612.55 0.2 4643030 1127145.34 20.24 310 53.51 0.19 100202 28606.47 20.24 208 3 99 62192 897 29601 17.3 18.8 17.79 0.02
270000.0 310 26.09 0.15 101262 7893.14 0.36 15574 1612.91 0.2 4658604 1128758.25 20.24 310 53.51 0.19 100512 28659.98 20.24 208 3 99 62400 900 29700 17.3 18.7 17.77 0.02
270900.0 376 26.24 0.15 101638 7919.38 0.36 15634 1613.09 0.2 4674238 1130371.34 20.24 370 53.66 0.19 100882 28713.63 20.24 208 3 99 62608 903 29799 17.3 18.7 17.77 0.02
271800.0 354 26.87 0.36 101992 7946.25 0.36 15612 1611.61 0.2 4689850 1131982.95 20.24 350 53.69 0.19 101232 28767.32 20.24 208 3 99 62816 906 29898 17.3 18.7 17.77 0.02
272700.0 310 26.09 0.15 102302 7972.34 0.36 15572 1611.47 0.2 4705422 1133594.42 20.24 310 53.48 0.19 101542 28820.8 20.24 208 3 99 63024 909 29997 17.3 18.7 17.75 0.02
273600.0 310 26.09 0.15 102612 7998.43 0.36 15572 1611.4 0.2 4720994 1135205.82 20.24 310 53.48 0.19 101852 28874.29 20.24 208 3 99 63232 912 30096 17.3 18.6 17.74 0.02
274500.0 376 26.23 0.15 102988 8024.66 0.36 15630 1611.42 0.2 4736624 1136817.24 20.24 370 53.64 0.19 102222 28927.92 20.24 208 3 99 63440 915 30195 17.3 18.6 17.74 0.02
275400.0 354 26.87 0.36 103342 8051.54 0.36 15608 1615.29 0.2 4752232 1138432.53 20.24 350 53.77 0.19 102572 28981.7 20.24 208 3 99 63648 918 30294 17.3 18.6 17.74 0.02
276300.0 310 26.09 0.15 103652 8077.63 0.36 15569 1609.67 0.2 4767801 1140042.2 20.24 310 53.46 0.19 102882 29035.16 20.24 208 3 99 63856 921 30393 17.3 18.6 17.72 0.02
277200.0 310 26.09 0.15 103962 8103.73 0.36 15572 1610.19 0.2 4783373 1141652.39 20.24 310 53.46 0.19 103192 29088.62 20.24 208 3 99 64064 924 30492 17.3 18.5 17.71 0.02
278100.0 376 26.23 0.15 104338 8129.96 0.36 15632 1610.42 0.2 4799005 1143262.81 20.24 370 53.62 0.19 103562 29142.24 20.24 208 3 99 64272 927 30591 17.3 18.5 17.71 0.02
279000.0 354 26.87 0.36 104692 8156.83 0.36 15608 1606.82 0.2 4814613 1144869.63 20.24 350 53.6 0.19 103912 29195.84 20.24 208 3 99 64480 930 30690 17.3 18.5 17.71 0.02
279900.0 310 26.09 0.15 105002 8182.92 0.36 15565 1611.34 0.2 4830178 1146480.96 20.24 310 53.51 0.19 104222 29249.34 20.24 208 3 99 64688 933 30789 17.3 18.5 17.7 0.02
280800.0 310 26.09 0.15 105312 8209.02 0.36 15566 1611.51 0.2 4845744 1148092.47 20.24 310 53.51 0.19 104532 29302.85 20.24 208 3 99 64896 936 30888 17.3 18.4 17.69 0.02
281700.0 376 26.24 0.15 105688 8235.26 0.36 15625 1611.49 0.2 4861369 1149703.96 20.24 370 53.66 0.19 104902 29356.51 20.24 208 3 99 65104 939 30987 17.3 18.4 17.69 0.02
282600.0 354 26.87 0.36 106042 8262.13 0.36 15598 1609.25 0.2 4876967 1151313.21 20.24 350 53.68 0.19 105252 29410.19 20.24 208 3 99 65312 942 31086 17.3 18.4 17.69 0.02
283500.0 310 26.09 0.15 106352 8288.22 0.36 15560 1605.13 0.2 4892527 1152918.34 20.24 310 53.39 0.19 105562 29463.58 20.24 208 3 99 65520 945 31185 17.3 18.4 17.68 0.01
284400.0 310 26.09 0.15 106662 8314.31 0.36 15559 1605.07 0.2 4908086 1154523.42 20.24 310 53.4 0.19 105872 29516.98 20.24 208 3 99 65728 948 31284 17.3 18.3 17.68 0.01
285300.0 376 26.23 0.15 107038 8340.54 0.36 15617 1604.88 0.2 4923703 1156128.3 20.24 370 53.55 0.19 106242 29570.53 20.24 208 3 99 65936 951 31383 17.3 18.3 17.68 0.01
286200.0 354 26.87 0.36 107392 8367.41 0.36 15596 1604.54 0.2 4939299 1157732.84 20.24 350 53.59 0.19 106592 29624.12 20.24 208 3 99 66144 954 31482 17.3 18.3 17.68 0.01
287100.0 310 26.09 0.15 107702 8393.5 0.36 15562 1604.4 0.2 4954861 1159337.23 20.24 310 53.38 0.19 106902 29677.5 20.24 208 3 99 66352 957 31581 17.3 18.3 17.67 0.01
288000.0 310 26.09 0.15 108012 8419.59 0.36 15555 1603.3 0.2 4970416 1160940.54 20.24 310 53.38 0.19 107212 29730.87 20.24 208 3 99 66560 960 31680 17.3 18.2 17.67 0.01
288900.0 376 26.23 0.15 108388 8445.82 0.36 15615 1603.55 0.2 4986031 1162544.09 20.24 370 53.53 0.19 107582 29784.4 20.24 208 3 99 66768 963 31779 17.3 18.2 17.67 0.01
289800.0 354 26.87 0.36 108742 8472.69 0.36 15593 1607.79 0.2 5001624 1164151.88 20.24 350 53.66 0.19 107932 29838.06 20.24 208 3 99 66976 966 31878 17.3 18.2 17.67 0.01
290700.0 310 26.1 0.15 109052 8498.79 0.36 15561 1613.93 0.2 5017185 1165765.81 20.24 310 53.57 0.19 108242 29891.63 20.24 208 3 99 67184 969 31977 17.3 18.2 17.66 0.01
291600.0 310 26.1 0.15 109362 8524.89 0.36 15554 1612.89 0.2 5032739 1167378.69 20.24 310 53.57 0.19 108552 29945.21 20.24 208 3 99 67392 972 32076 17.3 18.1 17.66 0.01
292500.0 376 26.24 0.15 109738 8551.12 0.36 15613 1612.88 0.2 5048352 1168991.58 20.24 370 53.72 0.19 108922 29998.93 20.24 208 3 99 67600 975 32175 17.3 18.1 17.66 0.01
293400.0 354 26.87 0.36 110092 8578.0 0.36 15592 1612.89 0.2 5063944 1170604.47 20.24 350 53.77 0.19 109272 30052.7 20.24 208 3 99 67808 978 32274 17.3 18.1 17.66 0.01
294300.0 310 26.09 0.15 110402 8604.09 0.36 15557 1607.91 0.2 5079501 1172212.37 20.24 310 53.46 0.19 109582 30106.16 20.24 208 3 99 68016 981 32373 17.3 18.1 17.66 0.01
295200.0 310 26.09 0.15 110712 8630.19 0.36 15553 1607.25 0.2 5095054 1173819.62 20.24 310 53.46 0.19 109892 30159.62 20.24 208 3 99 68224 984 32472 17.4 18.0 17.66 0.01
296100.0 376 26.24 0.15 111088 8656.42 0.36 15613 1607.46 0.2 5110667 1175427.08 20.24 370 53.61 0.19 110262 30213.23 20.24 208 3 99 68432 987 32571 17.4 18.0 17.66 0.01
297000.0 354 26.87 0.36 111442 8683.29 0.36 15593 1607.45 0.2 5126260 1177034.53 20.24 350 53.66 0.19 110612 30266.89 20.24 208 3 99 68640 990 32670 17.4 18.0 17.66 0.01
297900.0 310 26.1 0.15 111752 8709.39 0.36 15550 1612.33 0.2 5141810 1178646.86 20.24 310 53.57 0.19 110922 30320.46 20.24 208 3 99 68848 993 32769 17.4 18.0 17.65 0.01
298800.0 310 26.1 0.15 112062 8735.49 0.36 15548 1612.09 0.2 5157358 1180258.95 20.24 310 53.57 0.19 111232 30374.04 20.24 208 3 99 69056 996 32868 17.4 18.0 17.66 0.01
299700.0 376 26.24 0.15 112438 8761.73 0.36 15608 1612.28 0.2 5172966 1181871.23 20.24 370 53.72 0.19 111602 30427.76 20.24 208 3 99 69264 999 32967 17.4 18.0 17.66 0.01
300600.0 354 26.87 0.36 112792 8788.6 0.36 15582 1611.69 0.2 5188548 1183482.92 20.24 350 53.77 0.19 111952 30481.53 20.24 208 3 99 69472 1002 33066 17.4 18.0 17.66 0.01
301500.0 310 26.09 0.15 113102 8814.69 0.36 15550 1608.66 0.2 5204098 1185091.58 20.24 310 53.5 0.19 112262 30535.03 20.24 208 3 99 69680 1005 33165 17.4 18.0 17.66 0.01
302400.0 310 26.09 0.15 113412 8840.79 0.36 15547 1608.0 0.2 5219645 1186699.58 20.24 310 53.5 0.19 112572 30588.52 20.24 208 3 99 69888 1008 33264 17.4 17.9 17.67 0.01
303300.0 376 26.23 0.15 113788 8867.02 0.36 15604 1607.61 0.2 5235249 1188307.19 20.24 370 53.65 0.19 112942 30642.17 20.24 208 3 99 70096 1011 33363 17.4 17.9 17.67 0.01
304200.0 354 26.87 0.36 114142 8893.89 0.36 15577 1603.62 0.2 5250826 1189910.81 20.24 350 53.63 0.19 113292 30695.8 20.24 208 3 99 70304 1014 33462 17.4 17.9 17.67 0.01
305100.0 310 26.09 0.15 114452 8919.98 0.36 15540 1607.73 0.2 5266366 1191518.54 20.24 310 53.51 0.19 113602 30749.31 20.24 208 3 99 70512 1017 33561 17.4 17.9 17.66 0.01
306000.0 310 26.09 0.15 114762 8946.08 0.36 15537 1607.31 0.2 5281903 1193125.85 20.24 310 53.51 0.19 113912 30802.81 20.24 208 3 99 70720 1020 33660 17.4 17.8 17.66 0.01
306900.0 376 26.24 0.15 115138 8972.31 0.36 15597 1607.49 0.2 5297500 1194733.34 20.24 370 53.66 0.19 114282 30856.47 20.24 208 3 99 70928 1023 33759 17.4 17.9 17.66 0.01
307800.0 354 26.87 0.36 115492 8999.19 0.36 15574 1610.09 0.2 5313074 1196343.43 20.24 350 53.77 0.19 114632 30910.24 20.24 208 3 99 71136 1026 33858 17.4 17.9 17.66 0.01
308700.0 310 26.1 0.15 115802 9025.28 0.36 15537 1610.73 0.2 5328611 1197954.16 20.24 310 53.57 0.19 114942 30963.81 20.24 208 3 99 71344 1029 33957 17.4 17.9 17.66 0.01
309600.0 310 26.1 0.15 116112 9051.38 0.36 15537 1610.29 0.2 5344148 1199564.45 20.24 310 53.57 0.19 115252 31017.39 20.24 208 3 99 71552 1032 34056 17.4 17.9 17.67 0.01
310500.0 376 26.24 0.15 116488 9077.62 0.36 15594 1610.28 0.2 5359742 1201174.73 20.24 370 53.72 0.19 115622 31071.11 20.24 208 3 99 71760 1035 34155 17.4 17.9 17.67 0.01
311400.0 354 26.87 0.36 116842 9104.49 0.36 15563 1608.49 0.2 5375305 1202783.22 20.24 350 53.77 0.19 115972 31124.88 20.24 208 3 99 71968 1038 34254 17.4 17.9 17.67 0.01
312300.0 310 26.09 0.15 117152 9130.59 0.36 15518 1602.31 0.2 5390823 1204385.53 20.24 310 53.46 0.19 116282 31178.34 20.24 208 3 99 72176 1041 34353 17.4 17.9 17.67 0.01
313200.0 310 26.09 0.15 117462 9156.68 0.36 15524 1603.05 0.2 5406347 1205988.58 20.24 310 53.46 0.19 116592 31231.8 20.24 208 3 99 72384 1044 34452 17.4 18.0 17.68 0.01
314100.0 376 26.24 0.15 117838 9182.92 0.36 15581 1602.66 0.2 5421928 1207591.23 20.24 370 53.61 0.19 116962 31285.41 20.24 208 3 99 72592 1047 34551 17.3 18.0 17.68 0.01
315000.0 354 26.87 0.36 118192 9209.79 0.36 15559 1602.45 0.2 5437487 1209193.68 20.24 350 53.66 0.19 117312 31339.07 20.24 208 3 99 72800 1050 34650 17.3 18.0 17.68 0.01
315900.0 310 26.09 0.15 118502 9235.88 0.36 15519 1602.47 0.2 5453006 1210796.15 20.24 310 53.46 0.19 117622 31392.54 20.24 208 3 99 73008 1053 34749 17.3 18.0 17.69 0.01
316800.0 310 26.09 0.15 118812 9261.98 0.36 15527 1603.59 0.2 5468533 1212399.74 20.24 310 53.46 0.19 117932 31446.0 20.24 208 3 99 73216 1056 34848 17.3 18.1 17.7 0.02
317700.0 376 26.24 0.15 119188 9288.22 0.36 15583 1603.62 0.2 5484116 1214003.36 20.24 370 53.62 0.19 118302 31499.62 20.24 208 3 99 73424 1059 34947 17.3 18.1 17.7 0.02
318600.0 354 26.87 0.36 119542 9315.09 0.36 15554 1602.19 0.2 5499670 1215605.56 20.24 350 53.66 0.19 118652 31553.28 20.24 208 3 99 73632 1062 35046 17.3 18.1 17.7 0.02
319500.0 310 26.1 0.15 119852 9341.18 0.36 15503 1605.33 0.2 5515173 1217210.89 20.24 310 53.57 0.19 118962 31606.85 20.24 208 3 99 73840 1065 35145 17.3 18.1 17.7 0.02
320400.0 310 26.1 0.15 120162 9367.28 0.36 15505 1605.49 0.2 5530678 1218816.37 20.24 310 53.57 0.19 119272 31660.42 20.24 208 3 99 74048 1068 35244 17.3 18.2 17.7 0.02
321300.0 376 26.24 0.15 120538 9393.52 0.36 15564 1605.48 0.2 5546242 1220421.86 20.24 370 53.72 0.19 119642 31714.15 20.24 208 3 99 74256 1071 35343 17.3 18.2 17.71 0.02
322200.0 354 26.86 0.36 120892 9420.38 0.36 15541 1593.33 0.2 5561783 1222015.19 20.24 350 53.53 0.19 119992 31767.68 20.24 208 3 99 74464 1074 35442 17.3 18.2 17.71 0.02
323100.0 310 26.09 0.15 121202 9446.47 0.36 15500 1589.56 0.2 5577283 1223604.75 20.24 310 53.25 0.19 120302 31820.93 20.24 208 3 99 74672 1077 35541 17.3 18.2 17.71 0.02
324000.0 310 26.09 0.15 121512 9472.56 0.36 15498 1589.48 0.2 5592781 1225194.22 20.24 310 53.25 0.19 120612 31874.18 20.24 208 3 99 74880 1080 35640 17.3 18.2 17.72 0.02
324900.0 376 26.23 0.15 121888 9498.78 0.36 15553 1588.91 0.2 5608334 1226783.14 20.24 370 53.4 0.19 120982 31927.59 20.24 208 3 99 75088 1083 35739 17.3 18.2 17.72 0.02
325800.0 354 26.87 0.36 122242 9525.65 0.36 15519 1598.79 0.2 5623853 1228381.93 20.24 350 53.7 0.19 121332 31981.28 20.24 208 3 99 75296 1086 35838 17.3 18.2 17.72 0.02
326700.0 310 26.1 0.15 122552 9551.75 0.36 15482 1602.93 0.2 5639335 1229984.86 20.24 310 53.57 0.19 121642 32034.86 20.24 208 3 99 75504 1089 35937 17.3 18.2 17.72 0.02
327600.0 310 26.1 0.15 122862 9577.85 0.36 15490 1603.89 0.2 5654825 1231588.74 20.24 310 53.57 0.19 121952 32088.43 20.24 208 3 99 75712 1092 36036 17.3 18.3 17.73 0.03
328500.0 376 26.24 0.15 123238 9604.09 0.36 15549 1603.88 0.2 5670374 1233192.63 20.24 370 53.72 0.19 122322 32142.15 20.24 208 3 99 75920 1095 36135 17.2 18.3 17.73 0.03
329400.0 354 26.87 0.36 123592 9630.96 0.36 15518 1601.89 0.2 5685892 1234794.52 20.24 350 53.77 0.19 122672 32195.92 20.24 208 3 99 76128 1098 36234 17.2 18.3 17.73 0.03
330300.0 310 26.1 0.15 123902 9657.06 0.36 15470 1600.73 0.2 5701362 1236395.25 20.24 310 53.57 0.19 122982 32249.49 20.24 208 3 99 76336 1101 36333 17.2 18.3 17.74 0.03
331200.0 310 26.1 0.15 124212 9683.15 0.36 15476 1601.09 0.2 5716838 1237996.33 20.24 310 53.57 0.19 123292 32303.06 20.24 208 3 99 76544 1104 36432 17.2 18.4 17.74 0.03
332100.0 376 26.24 0.15 124588 9709.39 0.36 15532 1601.08 0.2 5732370 1239597.42 20.24 370 53.72 0.19 123662 32356.79 20.24 208 3 99 76752 1107 36531 17.2 18.4 17.74 0.03
333000.0 354 26.87 0.36 124942 9736.26 0.36 15489 1594.11 0.2 5747859 1241191.53 20.24 350 53.71 0.19 124012 32410.5 20.24 208 3 99 76960 1110 36630 17.2 18.4 17.74 0.03
333900.0 310 26.09 0.15 125252 9762.36 0.36 15440 1593.54 0.2 5763299 1242785.06 20.24 310 53.51 0.19 124322 32464.0 20.24 208 3 99 77168 1113 36729 17.2 18.4 17.75 0.03
334800.0 310 26.09 0.15 125562 9788.45 0.36 15448 1594.51 0.2 5778747 1244379.57 20.24 310 53.51 0.19 124632 32517.51 20.24 208 3 99 77376 1116 36828 17.2 18.5 17.75 0.04
335700.0 376 26.24 0.15 125938 9814.69 0.36 15497 1593.69 0.2 5794244 1245973.26 20.24 370 53.66 0.19 125002 32571.16 20.24 208 3 99 77584 1119 36927 17.2 18.5 17.75 0.04
336600.0 354 26.87 0.36 126292 9841.57 0.36 15464 1594.89 0.2 5809708 1247568.15 20.24 350 53.77 0.19 125352 32624.94 20.24 208 3 99 77792 1122 37026 17.2 18.5 17.75 0.04
337500.0 310 26.1 0.15 126602 9867.66 0.36 15409 1593.13 0.2 5825117 1249161.28 20.24 310 53.57 0.19 125662 32678.51 20.24 208 3 99 78000 1125 37125 17.2 18.5 17.76 0.04
338400.0 310 26.1 0.15 126912 9893.76 0.36 15422 1595.29 0.2 5840539 1250756.57 20.24 310 53.57 0.19 125972 32732.08 20.24 208 3 99 78208 1128 37224 17.2 18.5 17.77 0.04
339300.0 376 26.24 0.15 127288 9920.0 0.36 15473 1594.28 0.2 5856012 1252350.85 20.24 370 53.72 0.19 126342 32785.8 20.24 208 3 99 78416 1131 37323 17.2 18.5 17.77 0.04
340200.0 354 26.87 0.36 127642 9946.87 0.36 15434 1587.61 0.2 5871446 1253938.46 20.24 350 53.69 0.19 126692 32839.49 20.24 208 3 99 78624 1134 37422 17.2 18.5 17.77 0.04
341100.0 310 26.09 0.15 127952 9972.96 0.36 15378 1585.67 0.2 5886824 1255524.13 20.24 310 53.48 0.19 127002 32892.97 20.24 208 3 99 78832 1137 37521 17.2 18.5 17.77 0.04
342000.0 310 26.09 0.15 128262 9999.05 0.36 15376 1585.6 0.2 5902200 1257109.73 20.24 310 53.48 0.19 127312 32946.45 20.24 208 3 99 79040 1140 37620 17.2 18.5 17.77 0.05
342900.0 376 26.23 0.15 128638 10025.28 0.36 15435 1585.62 0.2 5917635 1258695.35 20.24 370 53.64 0.19 127682 33000.09 20.24 208 3 99 79248 1143 37719 17.2 18.5 17.77 0.05
343800.0 354 26.87 0.36 128992 10052.15 0.36 15406 1579.07 0.2 5933041 1260274.42 20.24 350 53.58 0.19 128032 33053.68 20.24 208 3 99 79456 1146 37818 17.2 18.5 17.77 0.05
344700.0 310 26.09 0.15 129302 10078.24 0.36 15355 1577.12 0.2 5948396 1261851.54 20.24 310 53.38 0.19 128342 33107.06 20.24 208 3 99 79664 1149 37917 17.2 18.5 17.77 0.05
345600.0 310 26.09 0.15 129612 10104.33 0.36 15363 1578.06 0.2 5963759 1263429.6 20.24 310 53.38 0.19 128652 33160.44 20.24 208 3 99 79872 1152 38016 17.2 18.6 17.78 0.05
