# seed = 10, gamma = 1.0, beta = 0.33, dee = 0.1, dcc = 100.0, dec = 10.0, dsCnd = 150.0, dLocalhost = 0.02, hostBroker = EDGE 
#
# The columns have the following meaning: 
# instant[SECONDS] commCountUploadPartial delaySumUploadPartial[SECONDS] delayMaxUploadPartial[SECONDS] commCountUploadTot delaySumUploadTot[SECONDS] delayMaxUploadTot[SECONDS] commCountDownloadPartial delaySumDownloadPartial[SECONDS] delayMaxDownloadPartial[SECONDS] commCountDownloadTot delaySumDownloadTot[SECONDS] delayMaxDownloadTot[SECONDS] commCountDownloadMaxPartial delaySumDownloadMaxPartial[SECONDS] delayMaxDownloadMaxPartial[SECONDS] commCountDownloadMaxTot delaySumDownloadMaxTot[SECONDS] delayMaxDownloadMaxTot[SECONDS] runOnCloudPartial runOnEdgePartial runOnSmartphonePartial runOnCloudTot runOnEdgeTot runOnSmartphoneTot minTemp maxTemp avgTemp varianceTemp
0.0 0 0.0 0.0 0 0.0 0.0 0 0.0 0.0 0 0.0 0.0 0 0.0 0.0 0 0.0 0.0 0 0 0 0 0 0 17.0 25.0 21.0 0.0
900.0 376 17.42 0.15 376 17.42 0.15 15321 987.95 0.18 15321 987.95 0.18 370 49.63 0.18 370 49.63 0.18 201 10 99 201 10 99 18.9 21.0 19.18 0.51
1800.0 356 18.13 0.36 732 35.55 0.36 15608 151190.88 19.77 30929 152178.83 19.77 352 3079.25 19.77 722 3128.88 19.77 201 10 99 402 20 198 18.6 18.9 18.9 0.0
2700.0 310 17.3 0.15 1042 52.85 0.36 15266 1013.44 0.19 46195 153192.26 19.77 310 50.07 0.19 1032 3178.95 19.77 201 10 99 603 30 297 17.7 18.9 18.33 0.05
3600.0 310 17.3 0.15 1352 70.15 0.36 15265 1013.21 0.19 61460 154205.48 19.77 310 50.06 0.19 1342 3229.01 19.77 201 10 99 804 40 396 17.6 18.7 18.22 0.05
4500.0 376 17.44 0.15 1728 87.58 0.36 15321 1012.64 0.19 76781 155218.12 19.77 370 50.07 0.19 1712 3279.08 19.77 201 10 99 1005 50 495 17.6 18.7 18.22 0.05
5400.0 356 18.14 0.36 2084 105.72 0.36 15630 7128.72 19.82 92411 162346.84 19.82 352 69.9 19.82 2064 3348.98 19.82 201 10 99 1206 60 594 17.6 18.7 18.22 0.05
6300.0 310 17.3 0.15 2394 123.01 0.36 15301 1017.78 0.19 107712 163364.62 19.82 310 50.14 0.19 2374 3399.12 19.82 201 10 99 1407 70 693 17.6 18.7 18.22 0.04
7200.0 310 17.3 0.15 2704 140.31 0.36 15304 1018.08 0.19 123016 164382.7 19.82 310 50.14 0.19 2684 3449.26 19.82 201 10 99 1608 80 792 17.6 18.7 18.24 0.04
8100.0 376 17.44 0.15 3080 157.75 0.36 15360 1018.1 0.19 138376 165400.8 19.82 370 50.25 0.19 3054 3499.51 19.82 201 10 99 1809 90 891 17.6 18.7 18.24 0.04
9000.0 356 18.13 0.36 3436 175.89 0.36 15641 7124.45 19.81 154017 172525.25 19.82 352 69.85 19.81 3406 3569.36 19.82 201 10 99 2010 100 990 17.6 18.7 18.24 0.04
9900.0 310 17.29 0.15 3746 193.18 0.36 15283 1013.1 0.19 169300 173538.35 19.82 310 50.1 0.19 3716 3619.46 19.82 201 10 99 2211 110 1089 17.6 18.7 18.21 0.04
10800.0 310 17.29 0.15 4056 210.48 0.36 15296 1014.36 0.19 184596 174552.71 19.82 310 50.09 0.19 4026 3669.55 19.82 201 10 99 2412 120 1188 17.6 18.7 18.14 0.04
11700.0 376 17.44 0.15 4432 227.91 0.36 15354 1014.54 0.19 199950 175567.26 19.82 370 50.2 0.19 4396 3719.75 19.82 201 10 99 2613 130 1287 17.6 18.7 18.14 0.04
12600.0 354 18.07 0.36 4786 245.99 0.36 15318 1015.47 0.19 215268 176582.73 19.82 350 50.15 0.19 4746 3769.9 19.82 201 10 99 2814 140 1386 17.6 18.7 18.14 0.04
13500.0 310 17.3 0.15 5096 263.28 0.36 15244 1012.27 0.19 230512 177595.0 19.82 310 50.15 0.19 5056 3820.05 19.82 201 10 99 3015 150 1485 17.6 18.7 18.13 0.04
14400.0 310 17.3 0.15 5406 280.58 0.36 15242 1012.11 0.19 245754 178607.11 19.82 310 50.15 0.19 5366 3870.2 19.82 201 10 99 3216 160 1584 17.6 18.7 18.12 0.04
15300.0 376 17.44 0.15 5782 298.02 0.36 15302 1012.59 0.19 261056 179619.7 19.82 370 50.26 0.19 5736 3920.46 19.82 201 10 99 3417 170 1683 17.6 18.7 18.12 0.04
16200.0 354 18.07 0.36 6136 316.09 0.36 15275 1011.23 0.19 276331 180630.93 19.82 350 50.15 0.19 6086 3970.62 19.82 201 10 99 3618 180 1782 17.6 18.7 18.12 0.04
17100.0 310 17.29 0.15 6446 333.39 0.36 15242 1006.83 0.19 291573 181637.76 19.82 310 50.05 0.19 6396 4020.67 19.82 201 10 99 3819 190 1881 17.6 18.7 18.1 0.03
18000.0 310 17.29 0.15 6756 350.68 0.36 15244 1007.14 0.19 306817 182644.9 19.82 310 50.05 0.19 6706 4070.72 19.82 201 10 99 4020 200 1980 17.6 18.6 18.09 0.04
18900.0 376 17.44 0.15 7132 368.12 0.36 15300 1006.99 0.19 322117 183651.89 19.82 370 50.15 0.19 7076 4120.87 19.82 201 10 99 4221 210 2079 17.6 18.6 18.09 0.04
19800.0 354 18.07 0.36 7486 386.19 0.36 15273 1006.51 0.19 337390 184658.39 19.82 350 50.06 0.19 7426 4170.93 19.82 201 10 99 4422 220 2178 17.6 18.6 18.09 0.03
20700.0 310 17.3 0.15 7796 403.48 0.36 15241 1009.95 0.19 352631 185668.35 19.82 310 50.12 0.19 7736 4221.05 19.82 201 10 99 4623 230 2277 17.6 18.6 18.06 0.03
21600.0 310 17.3 0.15 8106 420.78 0.36 15240 1009.8 0.19 367871 186678.14 19.82 310 50.11 0.19 8046 4271.16 19.82 201 10 99 4824 240 2376 17.6 18.6 18.06 0.03
22500.0 376 17.44 0.15 8482 438.22 0.36 15298 1009.95 0.19 383169 187688.09 19.82 370 50.22 0.19 8416 4321.38 19.82 201 10 99 5025 250 2475 17.6 18.6 18.06 0.03
23400.0 354 18.07 0.36 8836 456.29 0.36 15266 1009.47 0.19 398435 188697.56 19.82 350 50.15 0.19 8766 4371.53 19.82 201 10 99 5226 260 2574 17.6 18.6 18.06 0.03
24300.0 310 17.3 0.15 9146 473.59 0.36 15233 1012.57 0.19 413668 189710.14 19.82 310 50.2 0.19 9076 4421.72 19.82 201 10 99 5427 270 2673 17.6 18.6 18.04 0.03
25200.0 310 17.3 0.15 9456 490.89 0.36 15239 1013.69 0.19 428907 190723.83 19.82 310 50.19 0.19 9386 4471.91 19.82 201 10 99 5628 280 2772 17.5 18.6 18.03 0.03
26100.0 376 17.44 0.15 9832 508.33 0.36 15297 1014.01 0.19 444204 191737.84 19.82 370 50.3 0.19 9756 4522.21 19.82 201 10 99 5829 290 2871 17.5 18.6 18.03 0.03
27000.0 354 18.07 0.36 10186 526.4 0.36 15266 1012.25 0.19 459470 192750.09 19.82 350 50.19 0.19 10106 4572.41 19.82 201 10 99 6030 300 2970 17.5 18.6 18.03 0.03
27900.0 310 17.3 0.15 10496 543.7 0.36 15229 1010.51 0.19 474699 193760.6 19.82 310 50.16 0.19 10416 4622.57 19.82 201 10 99 6231 310 3069 17.5 18.6 18.0 0.03
28800.0 310 17.3 0.15 10806 560.99 0.36 15237 1011.3 0.19 489936 194771.9 19.82 310 50.15 0.19 10726 4672.72 19.82 201 10 99 6432 320 3168 17.5 18.6 17.99 0.03
29700.0 376 17.44 0.15 11182 578.43 0.36 15292 1010.98 0.19 505228 195782.88 19.82 370 50.26 0.19 11096 4722.98 19.82 201 10 99 6633 330 3267 17.5 18.6 17.99 0.03
30600.0 354 18.07 0.36 11536 596.51 0.36 15260 1009.06 0.19 520488 196791.94 19.82 350 50.15 0.19 11446 4773.13 19.82 201 10 99 6834 340 3366 17.5 18.6 17.99 0.03
31500.0 310 17.3 0.15 11846 613.8 0.36 15229 1012.73 0.19 535717 197804.67 19.82 310 50.2 0.19 11756 4823.33 19.82 201 10 99 7035 350 3465 17.4 18.6 17.96 0.03
32400.0 310 17.3 0.15 12156 631.1 0.36 15236 1013.69 0.19 550953 198818.36 19.82 310 50.19 0.19 12066 4873.52 19.82 201 10 99 7236 360 3564 17.4 18.5 17.95 0.03
33300.0 376 17.44 0.15 12532 648.54 0.36 15296 1014.17 0.19 566249 199832.53 19.82 370 50.3 0.19 12436 4923.82 19.82 201 10 99 7437 370 3663 17.4 18.5 17.95 0.03
34200.0 354 18.07 0.36 12886 666.62 0.36 15257 1011.13 0.19 581506 200843.67 19.82 350 50.19 0.19 12786 4974.02 19.82 201 10 99 7638 380 3762 17.4 18.5 17.95 0.03
35100.0 310 17.3 0.15 13196 683.91 0.36 15226 1011.45 0.19 596732 201855.12 19.82 310 50.2 0.19 13096 5024.21 19.82 201 10 99 7839 390 3861 17.4 18.5 17.92 0.03
36000.0 310 17.3 0.15 13506 701.21 0.36 15232 1012.41 0.19 611964 202867.53 19.82 310 50.19 0.19 13406 5074.4 19.82 201 10 99 8040 400 3960 17.4 18.5 17.91 0.03
36900.0 376 17.44 0.15 13882 718.65 0.36 15291 1012.73 0.19 627255 203880.26 19.82 370 50.3 0.19 13776 5124.7 19.82 201 10 99 8241 410 4059 17.4 18.5 17.91 0.03
37800.0 354 18.07 0.36 14236 736.72 0.36 15247 1005.97 0.19 642502 204886.23 19.82 350 50.11 0.19 14126 5174.82 19.82 201 10 99 8442 420 4158 17.4 18.5 17.91 0.03
38700.0 310 17.3 0.15 14546 754.02 0.36 15226 1008.38 0.19 657728 205894.61 19.82 310 50.11 0.19 14436 5224.93 19.82 201 10 99 8643 430 4257 17.3 18.5 17.88 0.03
39600.0 310 17.3 0.15 14856 771.31 0.36 15234 1009.0 0.19 672962 206903.61 19.82 310 50.11 0.19 14746 5275.04 19.82 201 10 99 8844 440 4356 17.3 18.5 17.87 0.04
40500.0 376 17.44 0.15 15232 788.75 0.36 15288 1008.53 0.19 688250 207912.14 19.82 370 50.22 0.19 15116 5325.25 19.82 201 10 99 9045 450 4455 17.3 18.5 17.87 0.04
41400.0 354 18.07 0.36 15586 806.83 0.36 15247 1009.21 0.19 703497 208921.35 19.82 350 50.19 0.19 15466 5375.45 19.82 201 10 99 9246 460 4554 17.3 18.5 17.87 0.04
42300.0 310 17.3 0.15 15896 824.12 0.36 15215 1008.04 0.19 718712 209929.39 19.82 310 50.15 0.19 15776 5425.6 19.82 201 10 99 9447 470 4653 17.3 18.5 17.84 0.04
43200.0 310 17.3 0.15 16206 841.42 0.36 15225 1009.15 0.19 733937 210938.54 19.82 310 50.14 0.19 16086 5475.74 19.82 201 10 99 9648 480 4752 17.3 18.4 17.83 0.05
44100.0 376 17.44 0.15 16582 858.86 0.36 15284 1009.47 0.19 749221 211948.01 19.82 370 50.25 0.19 16456 5525.99 19.82 201 10 99 9849 490 4851 17.2 18.4 17.83 0.05
45000.0 354 18.07 0.36 16936 876.93 0.36 15244 1006.91 0.19 764465 212954.92 19.82 350 50.15 0.19 16806 5576.14 19.82 201 10 99 10050 500 4950 17.2 18.4 17.83 0.05
45900.0 310 17.3 0.15 17246 894.23 0.36 15217 1008.55 0.19 779682 213963.47 19.82 310 50.15 0.19 17116 5626.29 19.82 201 10 99 10251 510 5049 17.2 18.5 17.8 0.05
46800.0 310 17.3 0.15 17556 911.53 0.36 15225 1009.82 0.19 794907 214973.29 19.82 310 50.15 0.19 17426 5676.44 19.82 201 10 99 10452 520 5148 17.2 18.5 17.79 0.06
47700.0 376 17.44 0.15 17932 928.96 0.36 15284 1010.14 0.19 810191 215983.43 19.82 370 50.26 0.19 17796 5726.7 19.82 201 10 99 10653 530 5247 17.2 18.5 17.79 0.06
48600.0 354 18.07 0.36 18286 947.04 0.36 15237 1006.62 0.19 825428 216990.05 19.82 350 50.15 0.19 18146 5776.85 19.82 201 10 99 10854 540 5346 17.2 18.5 17.79 0.06
49500.0 310 17.3 0.15 18596 964.34 0.36 15218 1010.49 0.19 840646 218000.55 19.82 310 50.2 0.19 18456 5827.04 19.82 201 10 99 11055 550 5445 17.2 18.5 17.76 0.06
50400.0 310 17.3 0.15 18906 981.63 0.36 15233 1012.25 0.19 855879 219012.8 19.82 310 50.19 0.19 18766 5877.24 19.82 201 10 99 11256 560 5544 17.1 18.5 17.74 0.07
51300.0 376 17.44 0.15 19282 999.07 0.36 15291 1012.41 0.19 871170 220025.21 19.82 370 50.3 0.19 19136 5927.54 19.82 201 10 99 11457 570 5643 17.1 18.5 17.74 0.07
52200.0 354 18.07 0.36 19636 1017.15 0.36 15248 1009.69 0.19 886418 221034.9 19.82 350 50.19 0.19 19486 5977.73 19.82 201 10 99 11658 580 5742 17.1 18.5 17.74 0.07
53100.0 310 17.3 0.15 19946 1034.45 0.36 15205 1009.53 0.19 901623 222044.44 19.82 310 50.2 0.19 19796 6027.93 19.82 201 10 99 11859 590 5841 17.1 18.6 17.73 0.07
54000.0 310 17.3 0.15 20256 1051.74 0.36 15214 1010.65 0.19 916837 223055.09 19.82 310 50.19 0.19 20106 6078.12 19.82 201 10 99 12060 600 5940 17.1 18.6 17.72 0.08
54900.0 376 17.44 0.15 20632 1069.18 0.36 15269 1010.49 0.19 932106 224065.58 19.82 370 50.3 0.19 20476 6128.42 19.82 201 10 99 12261 610 6039 17.1 18.6 17.72 0.08
55800.0 354 18.07 0.36 20986 1087.26 0.36 15236 1008.41 0.19 947342 225073.99 19.82 350 50.19 0.19 20826 6178.62 19.82 201 10 99 12462 620 6138 17.1 18.6 17.72 0.08
56700.0 310 17.3 0.15 21296 1104.56 0.36 15208 1009.21 0.19 962550 226083.21 19.82 310 50.2 0.19 21136 6228.81 19.82 201 10 99 12663 630 6237 17.1 18.6 17.69 0.08
57600.0 310 17.3 0.15 21606 1121.85 0.36 15213 1009.69 0.19 977763 227092.9 19.82 310 50.19 0.19 21446 6279.0 19.82 201 10 99 12864 640 6336 17.1 18.6 17.69 0.09
58500.0 376 17.44 0.15 21982 1139.29 0.36 15273 1010.17 0.19 993036 228103.07 19.82 370 50.3 0.19 21816 6329.3 19.82 201 10 99 13065 650 6435 17.1 18.6 17.69 0.09
59400.0 354 18.07 0.36 22336 1157.37 0.36 15229 1005.39 0.19 1008265 229108.46 19.82 350 50.15 0.19 22166 6379.46 19.82 201 10 99 13266 660 6534 17.1 18.6 17.69 0.09
60300.0 310 17.3 0.15 22646 1174.66 0.36 15207 1008.11 0.19 1023472 230116.57 19.82 310 50.15 0.19 22476 6429.61 19.82 201 10 99 13467 670 6633 17.0 18.6 17.66 0.1
61200.0 310 17.3 0.15 22956 1191.96 0.36 15216 1008.91 0.19 1038688 231125.48 19.82 310 50.15 0.19 22786 6479.76 19.82 201 10 99 13668 680 6732 17.0 18.6 17.65 0.1
62100.0 376 17.44 0.15 23332 1209.4 0.36 15272 1008.91 0.19 1053960 232134.39 19.82 370 50.26 0.19 23156 6530.02 19.82 201 10 99 13869 690 6831 17.0 18.6 17.65 0.1
63000.0 354 18.07 0.36 23686 1227.47 0.36 15226 1000.59 0.19 1069186 233134.98 19.82 350 50.07 0.19 23506 6580.08 19.82 201 10 99 14070 700 6930 17.0 18.6 17.65 0.1
63900.0 310 17.29 0.15 23996 1244.76 0.36 15198 1000.14 0.19 1084384 234135.12 19.82 310 50.03 0.19 23816 6630.11 19.82 201 10 99 14271 710 7029 17.0 18.6 17.64 0.11
64800.0 310 17.29 0.15 24306 1262.06 0.36 15202 1000.1 0.19 1099586 235135.22 19.82 310 50.02 0.19 24126 6680.13 19.82 201 10 99 14472 720 7128 17.0 18.6 17.63 0.11
65700.0 376 17.43 0.15 24682 1279.49 0.36 15262 1000.14 0.19 1114848 236135.35 19.82 370 50.03 0.19 24496 6730.16 19.82 201 10 99 14673 730 7227 17.0 18.6 17.63 0.11
66600.0 354 18.07 0.36 25036 1297.56 0.36 15221 997.07 0.19 1130069 237132.42 19.82 350 50.01 0.19 24846 6780.17 19.82 201 10 99 14874 740 7326 17.0 18.6 17.63 0.11
67500.0 310 17.29 0.15 25346 1314.85 0.36 15179 995.62 0.18 1145248 238128.05 19.82 310 49.98 0.18 25156 6830.15 19.82 201 10 99 15075 750 7425 17.0 18.7 17.62 0.11
68400.0 310 17.29 0.15 25656 1332.14 0.36 15181 995.85 0.18 1160429 239123.9 19.82 310 49.97 0.18 25466 6880.12 19.82 201 10 99 15276 760 7524 17.0 18.7 17.62 0.11
69300.0 376 17.43 0.15 26032 1349.57 0.36 15241 996.41 0.18 1175670 240120.31 19.82 370 50.08 0.18 25836 6930.19 19.82 201 10 99 15477 770 7623 17.0 18.7 17.62 0.11
70200.0 354 18.07 0.36 26386 1367.64 0.36 15209 996.39 0.19 1190879 241116.7 19.82 350 50.01 0.19 26186 6980.21 19.82 201 10 99 15678 780 7722 17.0 18.7 17.62 0.11
71100.0 310 17.29 0.15 26696 1384.94 0.36 15182 997.5 0.19 1206061 242114.19 19.82 310 50.01 0.19 26496 7030.21 19.82 201 10 99 15879 790 7821 17.0 18.7 17.61 0.12
72000.0 310 17.29 0.15 27006 1402.23 0.36 15192 998.59 0.19 1221253 243112.78 19.82 310 50.0 0.19 26806 7080.21 19.82 201 10 99 16080 800 7920 17.0 18.7 17.6 0.12
72900.0 376 17.43 0.15 27382 1419.66 0.36 15250 998.62 0.19 1236503 244111.4 19.82 370 50.01 0.19 27176 7130.22 19.82 201 10 99 16281 810 8019 17.0 18.7 17.6 0.12
73800.0 354 18.07 0.36 27736 1437.73 0.36 15215 996.83 0.19 1251718 245108.23 19.82 350 50.0 0.19 27526 7180.22 19.82 201 10 99 16482 820 8118 17.0 18.7 17.6 0.12
74700.0 310 17.29 0.15 28046 1455.02 0.36 15173 999.11 0.19 1266891 246107.34 19.82 310 50.06 0.19 27836 7230.28 19.82 201 10 99 16683 830 8217 17.0 18.7 17.59 0.12
75600.0 310 17.29 0.15 28356 1472.32 0.36 15171 999.23 0.19 1282062 247106.57 19.82 310 50.05 0.19 28146 7280.34 19.82 201 10 99 16884 840 8316 17.0 18.7 17.59 0.12
76500.0 376 17.44 0.15 28732 1489.75 0.36 15231 999.74 0.19 1297293 248106.31 19.82 370 50.16 0.19 28516 7330.5 19.82 201 10 99 17085 850 8415 17.0 18.7 17.59 0.12
77400.0 354 18.07 0.36 29086 1507.82 0.36 15203 996.9 0.19 1312496 249103.21 19.82 350 50.02 0.19 28866 7380.52 19.82 201 10 99 17286 860 8514 17.0 18.7 17.59 0.12
78300.0 310 17.29 0.15 29396 1525.12 0.36 15166 996.93 0.19 1327662 250100.14 19.82 310 50.03 0.19 29176 7430.55 19.82 201 10 99 17487 870 8613 17.0 18.6 17.58 0.12
79200.0 310 17.29 0.15 29706 1542.41 0.36 15175 998.02 0.19 1342837 251098.16 19.82 310 50.02 0.19 29486 7480.57 19.82 201 10 99 17688 880 8712 17.0 18.6 17.58 0.12
80100.0 376 17.43 0.15 30082 1559.84 0.36 15235 998.05 0.19 1358072 252096.21 19.82 370 50.03 0.19 29856 7530.6 19.82 201 10 99 17889 890 8811 17.0 18.6 17.58 0.12
81000.0 354 18.07 0.36 30436 1577.91 0.36 15204 998.49 0.19 1373276 253094.7 19.82 350 50.05 0.19 30206 7580.65 19.82 201 10 99 18090 900 8910 17.0 18.6 17.58 0.12
81900.0 310 17.29 0.15 30746 1595.21 0.36 15167 1000.72 0.19 1388443 254095.43 19.82 310 50.1 0.19 30516 7630.75 19.82 201 10 99 18291 910 9009 17.0 18.6 17.58 0.12
82800.0 310 17.29 0.15 31056 1612.5 0.36 15166 1000.68 0.19 1403609 255096.1 19.82 310 50.09 0.19 30826 7680.84 19.82 201 10 99 18492 920 9108 17.0 18.6 17.58 0.12
83700.0 376 17.44 0.15 31432 1629.94 0.36 15222 1000.72 0.19 1418831 256096.82 19.82 370 50.2 0.19 31196 7731.04 19.82 201 10 99 18693 930 9207 17.0 18.6 17.58 0.12
84600.0 354 18.07 0.36 31786 1648.01 0.36 15190 998.76 0.19 1434021 257095.58 19.82 350 50.09 0.19 31546 7781.13 19.82 201 10 99 18894 940 9306 17.0 18.6 17.58 0.12
85500.0 310 17.29 0.15 32096 1665.3 0.36 15161 998.01 0.19 1449182 258093.59 19.82 310 50.06 0.19 31856 7831.19 19.82 201 10 99 19095 950 9405 17.0 18.6 17.59 0.11
86400.0 310 17.29 0.15 32406 1682.59 0.36 15165 998.08 0.19 1464347 259091.67 19.82 310 50.05 0.19 32166 7881.24 19.82 201 10 99 19296 960 9504 17.0 18.6 17.59 0.11
87300.0 376 17.44 0.15 32782 1700.03 0.36 15225 998.64 0.19 1479572 260090.31 19.82 370 50.16 0.19 32536 7931.39 19.82 201 10 99 19497 970 9603 17.0 18.6 17.59 0.11
88200.0 354 18.07 0.36 33136 1718.1 0.36 15196 1002.3 0.19 1494768 261092.6 19.82 350 50.15 0.19 32886 7981.54 19.82 201 10 99 19698 980 9702 17.0 18.6 17.59 0.11
89100.0 310 17.3 0.15 33446 1735.4 0.36 15212 1010.65 0.19 1509980 262103.26 19.82 310 50.2 0.19 33196 8031.74 19.82 201 10 99 19899 990 9801 17.1 18.5 17.62 0.08
90000.0 310 17.3 0.15 33756 1752.7 0.36 15248 1013.69 0.19 1525228 263116.95 19.82 310 50.19 0.19 33506 8081.93 19.82 201 10 99 20100 1000 9900 17.1 18.5 17.68 0.05
90900.0 376 17.44 0.15 34132 1770.14 0.36 15307 1014.01 0.19 1540535 264130.96 19.82 370 50.3 0.19 33876 8132.23 19.82 201 10 99 20301 1010 9999 17.1 18.5 17.68 0.05
91800.0 354 18.07 0.36 34486 1788.21 0.36 15254 1003.18 0.19 1555789 265134.14 19.82 350 50.04 0.19 34226 8182.27 19.82 201 10 99 20502 1020 10098 17.1 23.8 17.79 0.33
92700.0 310 17.29 0.15 34796 1805.5 0.36 15276 1005.57 0.18 1571065 266139.71 19.82 310 49.96 0.18 34536 8232.24 19.82 201 10 99 20703 1030 10197 17.1 23.8 19.39 2.24
93600.0 310 17.29 0.15 35106 1822.79 0.36 15279 1005.96 0.18 1586344 267145.67 19.82 310 49.95 0.18 34846 8282.19 19.82 201 10 99 20904 1040 10296 17.1 23.8 20.52 4.78
94500.0 376 17.43 0.15 35482 1840.23 0.36 15337 1006.36 0.18 1601681 268152.03 19.82 370 50.06 0.18 35216 8332.25 19.82 201 10 99 21105 1050 10395 17.1 23.8 20.54 4.78
95400.0 354 18.07 0.36 35836 1858.29 0.36 15312 1005.32 0.18 1616993 269157.34 19.82 350 49.96 0.18 35566 8382.21 19.82 201 10 99 21306 1060 10494 17.1 24.0 20.56 4.79
96300.0 310 17.29 0.15 36146 1875.58 0.36 15276 1005.89 0.18 1632269 270163.23 19.82 310 49.96 0.18 35876 8432.17 19.82 201 10 99 21507 1070 10593 17.1 24.0 20.9 4.66
97200.0 310 17.29 0.15 36456 1892.87 0.36 15274 1005.48 0.18 1647543 271168.71 19.82 310 49.95 0.18 36186 8482.13 19.82 201 10 99 21708 1080 10692 17.4 24.0 21.07 4.73
98100.0 376 17.43 0.15 36832 1910.31 0.36 15333 1005.88 0.18 1662876 272174.59 19.82 370 50.06 0.18 36556 8532.19 19.82 201 10 99 21909 1090 10791 17.4 24.0 21.07 4.73
99000.0 354 18.06 0.36 37186 1928.37 0.36 15311 1001.42 0.18 1678187 273176.01 19.82 350 49.88 0.18 36906 8582.07 19.82 201 10 99 22110 1100 10890 17.4 24.0 21.07 4.72
99900.0 310 17.29 0.15 37496 1945.66 0.36 15277 1002.47 0.18 1693464 274178.48 19.82 310 49.89 0.18 37216 8631.96 19.82 201 10 99 22311 1110 10989 17.5 24.0 21.31 4.06
100800.0 310 17.29 0.15 37806 1962.95 0.36 15276 1002.54 0.18 1708740 275181.02 19.82 310 49.88 0.18 37526 8681.84 19.82 201 10 99 22512 1120 11088 17.8 24.0 21.44 3.92
101700.0 376 17.43 0.15 38182 1980.38 0.36 15336 1003.1 0.18 1724076 276184.12 19.82 370 49.99 0.18 37896 8731.82 19.82 201 10 99 22713 1130 11187 17.8 24.0 21.44 3.92
102600.0 354 18.06 0.36 38536 1998.45 0.36 15307 1000.71 0.18 1739383 277184.83 19.82 350 49.86 0.18 38246 8781.68 19.82 201 10 99 22914 1140 11286 17.8 24.0 21.44 3.92
103500.0 310 17.29 0.15 38846 2015.73 0.36 15270 1000.95 0.18 1754653 278185.78 19.82 310 49.87 0.18 38556 8831.55 19.82 201 10 99 23115 1150 11385 18.0 24.0 21.6 3.27
104400.0 310 17.29 0.15 39156 2033.02 0.36 15269 1000.86 0.18 1769922 279186.65 19.82 310 49.86 0.18 38866 8881.41 19.82 201 10 99 23316 1160 11484 18.5 24.0 21.74 3.12
105300.0 376 17.43 0.15 39532 2050.45 0.36 15323 1000.94 0.18 1785245 280187.59 19.82 370 49.97 0.18 39236 8931.38 19.82 201 10 99 23517 1170 11583 18.5 24.0 21.74 3.12
106200.0 354 18.06 0.36 39886 2068.52 0.36 15304 999.07 0.18 1800549 281186.66 19.82 350 49.83 0.18 39586 8981.21 19.82 201 10 99 23718 1180 11682 18.5 24.0 21.73 3.12
107100.0 310 17.28 0.15 40196 2085.8 0.36 15265 994.31 0.18 1815814 282180.97 19.82 310 49.73 0.18 39896 9030.95 19.82 201 10 99 23919 1190 11781 18.8 24.0 21.73 2.91
108000.0 310 17.28 0.15 40506 2103.08 0.36 15265 994.25 0.18 1831079 283175.22 19.82 310 49.73 0.18 40206 9080.68 19.82 201 10 99 24120 1200 11880 18.9 24.0 21.74 2.89
108900.0 376 17.43 0.15 40882 2120.51 0.36 15320 994.3 0.18 1846399 284169.51 19.82 370 49.83 0.18 40576 9130.51 19.82 201 10 99 24321 1210 11979 18.9 24.0 21.74 2.89
109800.0 354 18.06 0.36 41236 2138.57 0.36 15298 993.61 0.18 1861697 285163.12 19.82 350 49.73 0.18 40926 9180.23 19.82 201 10 99 24522 1220 12078 18.9 24.0 21.74 2.9
110700.0 310 17.28 0.15 41546 2155.86 0.36 15255 993.19 0.18 1876952 286156.31 19.82 310 49.73 0.18 41236 9229.97 19.82 201 10 99 24723 1230 12177 18.9 24.0 21.63 2.82
111600.0 310 17.28 0.15 41856 2173.14 0.36 15254 993.13 0.18 1892206 287149.44 19.82 310 49.73 0.18 41546 9279.7 19.82 201 10 99 24924 1240 12276 18.9 24.0 21.57 2.7
112500.0 376 17.43 0.15 42232 2190.57 0.36 15312 993.34 0.18 1907518 288142.77 19.82 370 49.83 0.18 41916 9329.53 19.82 201 10 99 25125 1250 12375 18.9 23.9 21.57 2.7
113400.0 354 18.06 0.36 42586 2208.63 0.36 15290 992.81 0.18 1922808 289135.58 19.82 350 49.73 0.18 42266 9379.26 19.82 201 10 99 25326 1260 12474 18.9 23.9 21.59 2.68
114300.0 310 17.28 0.15 42896 2225.91 0.36 15252 992.71 0.18 1938060 290128.29 19.82 310 49.73 0.18 42576 9428.99 19.82 201 10 99 25527 1270 12573 18.9 24.0 22.97 0.57
115200.0 310 17.28 0.15 43206 2243.2 0.36 15252 992.65 0.18 1953312 291120.94 19.82 310 49.73 0.18 42886 9478.72 19.82 201 10 99 25728 1280 12672 22.6 24.0 23.5 0.04
116100.0 376 17.43 0.15 43582 2260.63 0.36 15311 993.02 0.18 1968623 292113.95 19.82 370 49.83 0.18 43256 9528.55 19.82 201 10 99 25929 1290 12771 22.6 24.0 23.5 0.04
117000.0 354 18.06 0.36 43936 2278.69 0.36 15288 992.17 0.18 1983911 293106.12 19.82 350 49.73 0.18 43606 9578.28 19.82 201 10 99 26130 1300 12870 22.6 24.0 23.5 0.04
117900.0 310 17.28 0.15 44246 2295.97 0.36 15247 992.23 0.18 1999158 294098.35 19.82 310 49.73 0.18 43916 9628.01 19.82 201 10 99 26331 1310 12969 22.7 24.0 23.55 0.02
118800.0 310 17.28 0.15 44556 2313.26 0.36 15247 992.17 0.18 2014405 295090.52 19.82 310 49.73 0.18 44226 9677.74 19.82 201 10 99 26532 1320 13068 22.7 24.0 23.59 0.02
119700.0 376 17.43 0.15 44932 2330.68 0.36 15305 992.38 0.18 2029710 296082.89 19.82 370 49.83 0.18 44596 9727.57 19.82 201 10 99 26733 1330 13167 22.7 24.0 23.59 0.02
120600.0 354 18.06 0.36 45286 2348.74 0.36 15285 991.85 0.18 2044995 297074.74 19.82 350 49.73 0.18 44946 9777.3 19.82 201 10 99 26934 1340 13266 22.7 24.0 23.59 0.02
121500.0 310 17.28 0.15 45596 2366.03 0.36 15241 991.43 0.18 2060236 298066.17 19.82 310 49.73 0.18 45256 9827.03 19.82 201 10 99 27135 1350 13365 22.8 24.0 23.64 0.01
122400.0 310 17.28 0.15 45906 2383.31 0.36 15240 991.21 0.18 2075476 299057.38 19.82 310 49.73 0.18 45566 9876.76 19.82 201 10 99 27336 1360 13464 22.8 24.0 23.66 0.01
123300.0 376 17.43 0.15 46282 2400.74 0.36 15299 991.58 0.18 2090775 300048.95 19.82 370 49.83 0.18 45936 9926.59 19.82 201 10 99 27537 1370 13563 22.8 24.0 23.66 0.01
124200.0 354 18.06 0.36 46636 2418.8 0.36 15279 991.05 0.18 2106054 301040.0 19.82 350 49.73 0.18 46286 9976.32 19.82 201 10 99 27738 1380 13662 22.8 24.0 23.66 0.01
125100.0 310 17.28 0.15 46946 2436.08 0.36 15238 990.95 0.18 2121292 302030.95 19.82 310 49.73 0.18 46596 10026.05 19.82 201 10 99 27939 1390 13761 22.9 24.0 23.69 0.01
126000.0 310 17.28 0.15 47256 2453.37 0.36 15238 990.89 0.18 2136530 303021.84 19.82 310 49.73 0.18 46906 10075.78 19.82 201 10 99 28140 1400 13860 22.9 24.0 23.72 0.01
126900.0 376 17.43 0.15 47632 2470.8 0.36 15298 991.42 0.18 2151828 304013.25 19.82 370 49.83 0.18 47276 10125.61 19.82 201 10 99 28341 1410 13959 22.9 24.0 23.72 0.01
127800.0 354 18.06 0.36 47986 2488.86 0.36 15277 990.73 0.18 2167105 305003.98 19.82 350 49.73 0.18 47626 10175.34 19.82 201 10 99 28542 1420 14058 22.9 24.0 23.72 0.01
128700.0 310 17.28 0.15 48296 2506.14 0.36 15236 990.63 0.18 2182341 305994.61 19.82 310 49.73 0.18 47936 10225.07 19.82 201 10 99 28743 1430 14157 23.1 24.0 23.75 0.01
129600.0 310 17.28 0.15 48606 2523.43 0.36 15236 990.57 0.18 2197577 306985.18 19.82 310 49.73 0.18 48246 10274.8 19.82 201 10 99 28944 1440 14256 23.1 24.0 23.77 0.01
130500.0 376 17.43 0.15 48982 2540.85 0.36 15294 990.78 0.18 2212871 307975.95 19.82 370 49.83 0.18 48616 10324.63 19.82 201 10 99 29145 1450 14355 23.1 24.0 23.77 0.01
131400.0 354 18.06 0.36 49336 2558.91 0.36 15274 990.25 0.18 2228145 308966.2 19.82 350 49.73 0.18 48966 10374.36 19.82 201 10 99 29346 1460 14454 23.1 24.0 23.77 0.01
132300.0 310 17.28 0.15 49646 2576.2 0.36 15234 990.31 0.18 2243379 309956.51 19.82 310 49.73 0.18 49276 10424.1 19.82 201 10 99 29547 1470 14553 23.2 24.0 23.79 0.01
133200.0 310 17.28 0.15 49956 2593.48 0.36 15229 989.61 0.18 2258608 310946.12 19.82 310 49.73 0.18 49586 10473.82 19.82 201 10 99 29748 1480 14652 23.2 24.0 23.81 0.01
134100.0 376 17.43 0.15 50332 2610.91 0.36 15289 990.14 0.18 2273897 311936.25 19.82 370 49.83 0.18 49956 10523.65 19.82 201 10 99 29949 1490 14751 23.2 24.0 23.81 0.01
135000.0 354 18.06 0.36 50686 2628.97 0.36 15269 989.61 0.18 2289166 312925.86 19.82 350 49.73 0.18 50306 10573.38 19.82 201 10 99 30150 1500 14850 23.2 24.0 23.81 0.01
135900.0 310 17.28 0.15 50996 2646.26 0.36 15226 989.35 0.18 2304392 313915.21 19.82 310 49.73 0.18 50616 10623.12 19.82 201 10 99 30351 1510 14949 23.3 24.0 23.83 0.01
136800.0 310 17.28 0.15 51306 2663.54 0.36 15226 989.29 0.18 2319618 314904.49 19.82 310 49.73 0.18 50926 10672.84 19.82 201 10 99 30552 1520 15048 23.3 24.0 23.84 0.01
137700.0 376 17.43 0.15 51682 2680.97 0.36 15285 989.66 0.18 2334903 315894.15 19.82 370 49.83 0.18 51296 10722.68 19.82 201 10 99 30753 1530 15147 23.3 24.0 23.84 0.01
138600.0 354 18.06 0.36 52036 2699.03 0.36 15262 988.81 0.18 2350165 316882.96 19.82 350 49.73 0.18 51646 10772.4 19.82 201 10 99 30954 1540 15246 23.3 24.0 23.84 0.01
139500.0 310 17.28 0.15 52346 2716.31 0.36 15222 988.87 0.18 2365387 317871.83 19.82 310 49.73 0.18 51956 10822.14 19.82 201 10 99 31155 1550 15345 23.4 24.0 23.85 0.01
140400.0 310 17.28 0.15 52656 2733.6 0.36 15220 988.65 0.18 2380607 318860.47 19.82 310 49.73 0.18 52266 10871.87 19.82 201 10 99 31356 1560 15444 23.4 24.0 23.86 0.01
141300.0 376 17.43 0.15 53032 2751.02 0.36 15279 989.18 0.18 2395886 319849.65 19.82 370 49.83 0.18 52636 10921.7 19.82 201 10 99 31557 1570 15543 23.4 24.0 23.86 0.01
142200.0 354 18.06 0.36 53386 2769.09 0.36 15259 988.65 0.18 2411145 320838.3 19.82 350 49.73 0.18 52986 10971.43 19.82 201 10 99 31758 1580 15642 23.4 24.0 23.86 0.01
143100.0 310 17.28 0.15 53696 2786.37 0.36 15219 988.71 0.18 2426364 321827.01 19.82 310 49.73 0.18 53296 11021.16 19.82 201 10 99 31959 1590 15741 23.5 24.0 23.88 0.01
144000.0 310 17.28 0.15 54006 2803.65 0.36 15215 988.17 0.18 2441579 322815.17 19.82 310 49.73 0.18 53606 11070.89 19.82 201 10 99 32160 1600 15840 23.5 24.0 23.88 0.01
144900.0 376 17.43 0.15 54382 2821.08 0.36 15275 988.7 0.18 2456854 323803.87 19.82 370 49.83 0.18 53976 11120.72 19.82 201 10 99 32361 1610 15939 23.5 24.0 23.88 0.01
145800.0 354 18.06 0.36 54736 2839.14 0.36 15254 988.01 0.18 2472108 324791.88 19.82 350 49.73 0.18 54326 11170.45 19.82 201 10 99 32562 1620 16038 23.5 24.0 23.88 0.01
146700.0 310 17.28 0.15 55046 2856.43 0.36 15211 987.59 0.18 2487319 325779.47 19.82 310 49.73 0.18 54636 11220.18 19.82 201 10 99 32763 1630 16137 23.6 24.0 23.89 0.01
147600.0 310 17.28 0.15 55356 2873.71 0.36 15210 987.37 0.18 2502529 326766.83 19.82 310 49.73 0.18 54946 11269.91 19.82 201 10 99 32964 1640 16236 23.6 24.0 23.89 0.01
148500.0 376 17.43 0.15 55732 2891.14 0.36 15266 987.42 0.18 2517795 327754.25 19.82 370 49.83 0.18 55316 11319.74 19.82 201 10 99 33165 1650 16335 23.6 24.0 23.89 0.01
149400.0 354 18.06 0.36 56086 2909.2 0.36 15242 986.25 0.18 2533037 328740.5 19.82 350 49.73 0.18 55666 11369.47 19.82 201 10 99 33366 1660 16434 23.6 24.0 23.89 0.01
150300.0 310 17.28 0.15 56396 2926.48 0.36 15201 986.15 0.18 2548238 329726.65 19.82 310 49.73 0.18 55976 11419.2 19.82 201 10 99 33567 1670 16533 23.7 24.0 23.89 0.01
151200.0 310 17.28 0.15 56706 2943.77 0.36 15200 985.93 0.18 2563438 330712.57 19.82 310 49.73 0.18 56286 11468.93 19.82 201 10 99 33768 1680 16632 23.7 24.0 23.9 0.01
152100.0 376 17.43 0.15 57082 2961.19 0.36 15257 985.98 0.18 2578695 331698.55 19.82 370 49.83 0.18 56656 11518.76 19.82 201 10 99 33969 1690 16731 23.7 24.0 23.9 0.01
153000.0 354 18.06 0.36 57436 2979.26 0.36 15237 985.45 0.18 2593932 332684.0 19.82 350 49.73 0.18 57006 11568.49 19.82 201 10 99 34170 1700 16830 23.7 24.0 23.9 0.01
153900.0 310 17.28 0.15 57746 2996.54 0.36 15196 985.51 0.18 2609128 333669.51 19.82 310 49.73 0.18 57316 11618.22 19.82 201 10 99 34371 1710 16929 23.6 24.0 23.89 0.01
154800.0 310 17.28 0.15 58056 3013.82 0.36 15194 985.13 0.18 2624322 334654.63 19.82 310 49.73 0.18 57626 11667.95 19.82 201 10 99 34572 1720 17028 23.6 24.0 23.89 0.01
155700.0 376 17.43 0.15 58432 3031.25 0.36 15254 985.66 0.18 2639576 335640.29 19.82 370 49.83 0.18 57996 11717.78 19.82 201 10 99 34773 1730 17127 23.6 24.0 23.89 0.01
156600.0 354 18.06 0.36 58786 3049.31 0.36 15234 985.13 0.18 2654810 336625.42 19.82 350 49.73 0.18 58346 11767.51 19.82 201 10 99 34974 1740 17226 23.6 24.0 23.89 0.01
157500.0 310 17.28 0.15 59096 3066.6 0.36 15193 985.03 0.18 2670003 337610.45 19.82 310 49.73 0.18 58656 11817.24 19.82 201 10 99 35175 1750 17325 23.5 24.0 23.88 0.01
158400.0 310 17.28 0.15 59406 3083.88 0.36 15193 984.97 0.18 2685196 338595.41 19.82 310 49.73 0.18 58966 11866.97 19.82 201 10 99 35376 1760 17424 23.5 24.0 23.88 0.01
159300.0 376 17.43 0.15 59782 3101.31 0.36 15252 985.5 0.18 2700448 339580.91 19.82 370 49.83 0.18 59336 11916.8 19.82 201 10 99 35577 1770 17523 23.5 24.0 23.88 0.01
160200.0 354 18.06 0.36 60136 3119.37 0.36 15228 984.33 0.18 2715676 340565.24 19.82 350 49.73 0.18 59686 11966.53 19.82 201 10 99 35778 1780 17622 23.5 24.0 23.88 0.01
161100.0 310 17.28 0.15 60446 3136.65 0.36 15188 984.39 0.18 2730864 341549.63 19.82 310 49.73 0.18 59996 12016.27 19.82 201 10 99 35979 1790 17721 23.4 24.0 23.86 0.02
162000.0 310 17.28 0.15 60756 3153.94 0.36 15188 984.33 0.18 2746052 342533.95 19.82 310 49.73 0.18 60306 12065.99 19.82 201 10 99 36180 1800 17820 23.4 24.0 23.86 0.02
162900.0 376 17.42 0.15 61132 3171.36 0.36 15245 983.91 0.18 2761297 343517.86 19.82 370 49.74 0.18 60676 12115.73 19.82 201 10 99 36381 1810 17919 23.4 24.0 23.86 0.02
163800.0 354 18.06 0.36 61486 3189.42 0.36 15225 983.85 0.18 2776522 344501.71 19.82 350 49.73 0.18 61026 12165.46 19.82 201 10 99 36582 1820 18018 23.4 24.0 23.85 0.02
164700.0 310 17.28 0.15 61796 3206.71 0.36 15184 983.75 0.18 2791706 345485.46 19.82 310 49.73 0.18 61336 12215.19 19.82 201 10 99 36783 1830 18117 23.3 24.0 23.82 0.02
165600.0 310 17.28 0.15 62106 3223.99 0.36 15183 983.69 0.18 2806889 346469.15 19.82 310 49.73 0.18 61646 12264.92 19.82 201 10 99 36984 1840 18216 23.3 24.0 23.82 0.02
166500.0 376 17.43 0.15 62482 3241.42 0.36 15243 984.22 0.18 2822132 347453.36 19.82 370 49.83 0.18 62016 12314.75 19.82 201 10 99 37185 1850 18315 23.3 24.0 23.82 0.02
167400.0 354 18.06 0.36 62836 3259.48 0.36 15222 983.53 0.18 2837354 348436.89 19.82 350 49.73 0.18 62366 12364.48 19.82 201 10 99 37386 1860 18414 23.3 24.0 23.82 0.02
168300.0 310 17.28 0.15 63146 3276.76 0.36 15180 983.43 0.18 2852534 349420.32 19.82 310 49.73 0.18 62676 12414.21 19.82 201 10 99 37587 1870 18513 23.2 24.0 23.8 0.03
169200.0 310 17.28 0.15 63456 3294.05 0.36 15180 983.37 0.18 2867714 350403.69 19.82 310 49.73 0.18 62986 12463.94 19.82 201 10 99 37788 1880 18612 23.2 24.0 23.79 0.02
170100.0 376 17.42 0.15 63832 3311.47 0.36 15239 983.27 0.18 2882953 351386.96 19.82 370 49.74 0.18 63356 12513.68 19.82 201 10 99 37989 1890 18711 23.2 24.0 23.79 0.02
171000.0 354 18.06 0.36 64186 3329.53 0.36 15212 982.57 0.18 2898165 352369.52 19.82 350 49.73 0.18 63706 12563.41 19.82 201 10 99 38190 1900 18810 23.2 24.0 23.79 0.02
171900.0 310 17.28 0.15 64496 3346.82 0.36 15173 982.79 0.18 2913338 353352.31 19.82 310 49.73 0.18 64016 12613.14 19.82 201 10 99 38391 1910 18909 23.1 24.0 23.76 0.03
172800.0 310 17.28 0.15 64806 3364.1 0.36 15173 982.72 0.18 2928511 354335.04 19.82 310 49.73 0.18 64326 12662.87 19.82 201 10 99 38592 1920 19008 23.1 24.0 23.74 0.03
173700.0 376 17.43 0.15 65182 3381.53 0.36 15231 983.1 0.18 2943742 355318.14 19.82 370 49.83 0.18 64696 12712.7 19.82 201 10 99 38793 1930 19107 23.1 24.0 23.74 0.03
174600.0 354 18.06 0.36 65536 3399.59 0.36 15209 982.25 0.18 2958951 356300.38 19.82 350 49.73 0.18 65046 12762.43 19.82 201 10 99 38994 1940 19206 23.1 24.0 23.74 0.03
175500.0 310 17.28 0.15 65846 3416.88 0.36 15167 982.31 0.18 2974118 357282.69 19.82 310 49.73 0.18 65356 12812.16 19.82 201 10 99 39195 1950 19305 22.9 24.0 23.7 0.03
176400.0 310 17.28 0.15 66156 3434.16 0.36 15167 982.24 0.18 2989285 358264.94 19.82 310 49.73 0.18 65666 12861.89 19.82 201 10 99 39396 1960 19404 22.9 23.9 23.67 0.03
177300.0 376 17.43 0.15 66532 3451.59 0.36 15225 982.46 0.18 3004510 359247.4 19.82 370 49.83 0.18 66036 12911.72 19.82 201 10 99 39597 1970 19503 22.9 23.9 23.67 0.03
178200.0 354 18.06 0.36 66886 3469.65 0.36 15201 981.29 0.18 3019711 360228.68 19.82 350 49.73 0.18 66386 12961.45 19.82 201 10 99 39798 1980 19602 22.9 23.9 23.67 0.03
179100.0 310 17.28 0.15 67196 3486.93 0.36 15161 981.67 0.18 3034872 361210.35 19.82 310 49.73 0.18 66696 13011.18 19.82 201 10 99 39999 1990 19701 22.8 23.9 23.62 0.03
180000.0 310 17.28 0.15 67506 3504.22 0.36 15162 981.76 0.18 3050034 362192.12 19.82 310 49.73 0.18 67006 13060.91 19.82 201 10 99 40200 2000 19800 22.8 23.9 23.58 0.03
180900.0 376 17.43 0.15 67882 3521.64 0.36 15221 982.14 0.18 3065255 363174.25 19.82 370 49.83 0.18 67376 13110.74 19.82 201 10 99 40401 2010 19899 22.8 23.9 23.58 0.03
181800.0 354 18.06 0.36 68236 3539.71 0.36 15189 980.17 0.18 3080444 364154.42 19.82 350 49.73 0.18 67726 13160.47 19.82 201 10 99 40602 2020 19998 22.8 23.9 23.58 0.03
182700.0 310 17.28 0.15 68546 3556.99 0.36 15157 981.35 0.18 3095601 365135.77 19.82 310 49.73 0.18 68036 13210.2 19.82 201 10 99 40803 2030 20097 22.7 23.8 23.5 0.03
183600.0 310 17.28 0.15 68856 3574.27 0.36 15158 981.76 0.18 3110759 366117.54 19.82 310 49.73 0.18 68346 13259.93 19.82 201 10 99 41004 2040 20196 22.7 23.8 23.44 0.02
184500.0 376 17.43 0.15 69232 3591.7 0.36 15215 981.98 0.18 3125974 367099.51 19.82 370 49.83 0.18 68716 13309.76 19.82 201 10 99 41205 2050 20295 22.7 23.8 23.44 0.02
185400.0 354 18.06 0.36 69586 3609.76 0.36 15191 980.97 0.18 3141165 368080.48 19.82 350 49.73 0.18 69066 13359.49 19.82 201 10 99 41406 2060 20394 22.7 23.8 23.44 0.02
186300.0 310 17.28 0.15 69896 3627.05 0.36 15152 981.03 0.18 3156317 369061.51 19.82 310 49.73 0.18 69376 13409.23 19.82 201 10 99 41607 2070 20493 22.4 23.7 23.34 0.03
187200.0 310 17.28 0.15 70206 3644.33 0.36 15149 980.96 0.18 3171466 370042.47 19.82 310 49.73 0.18 69686 13458.95 19.82 201 10 99 41808 2080 20592 22.4 23.7 23.26 0.02
188100.0 376 17.43 0.15 70582 3661.76 0.36 15209 981.5 0.18 3186675 371023.97 19.82 370 49.83 0.18 70056 13508.78 19.82 201 10 99 42009 2090 20691 22.4 23.7 23.26 0.02
189000.0 354 18.06 0.36 70936 3679.82 0.36 15185 980.33 0.18 3201860 372004.3 19.82 350 49.73 0.18 70406 13558.51 19.82 201 10 99 42210 2100 20790 22.4 23.7 23.26 0.02
189900.0 310 17.28 0.15 71246 3697.1 0.36 15145 980.39 0.18 3217005 372984.69 19.82 310 49.73 0.18 70716 13608.25 19.82 201 10 99 42411 2110 20889 22.1 23.5 23.12 0.04
190800.0 310 17.28 0.15 71556 3714.39 0.36 15148 980.64 0.18 3232153 373965.33 19.82 310 49.73 0.18 71026 13657.97 19.82 201 10 99 42612 2120 20988 22.1 23.5 23.01 0.02
191700.0 376 17.43 0.15 71932 3731.81 0.36 15205 980.86 0.18 3247358 374946.19 19.82 370 49.83 0.18 71396 13707.8 19.82 201 10 99 42813 2130 21087 22.1 23.5 23.01 0.02
192600.0 354 18.06 0.36 72286 3749.88 0.36 15181 979.85 0.18 3262539 375926.04 19.82 350 49.73 0.18 71746 13757.53 19.82 201 10 99 43014 2140 21186 22.1 23.5 23.01 0.02
193500.0 310 17.28 0.15 72596 3767.16 0.36 15146 980.39 0.18 3277685 376906.43 19.82 310 49.73 0.18 72056 13807.27 19.82 201 10 99 43215 2150 21285 22.0 23.3 22.86 0.03
194400.0 310 17.28 0.15 72906 3784.44 0.36 15149 980.8 0.18 3292834 377887.23 19.82 310 49.73 0.18 72366 13857.0 19.82 201 10 99 43416 2160 21384 22.0 23.3 22.73 0.02
195300.0 376 17.43 0.15 73282 3801.87 0.36 15201 980.86 0.18 3308035 378868.09 19.82 370 49.83 0.18 72736 13906.83 19.82 201 10 99 43617 2170 21483 22.0 23.3 22.73 0.02
196200.0 354 18.06 0.36 73636 3819.93 0.36 15180 980.17 0.18 3323215 379848.25 19.82 350 49.73 0.18 73086 13956.55 19.82 201 10 99 43818 2180 21582 22.0 23.3 22.72 0.02
197100.0 310 17.28 0.15 73946 3837.22 0.36 15134 979.59 0.18 3338349 380827.84 19.82 310 49.73 0.18 73396 14006.29 19.82 201 10 99 44019 2190 21681 22.0 23.1 22.56 0.02
198000.0 310 17.28 0.15 74256 3854.5 0.36 15101 976.32 0.18 3353450 381804.17 19.82 310 49.73 0.18 73706 14056.02 19.82 201 10 99 44220 2200 21780 22.0 23.1 22.42 0.02
198900.0 376 17.43 0.15 74632 3871.93 0.36 15160 976.86 0.18 3368610 382781.03 19.82 370 49.83 0.18 74076 14105.85 19.82 201 10 99 44421 2210 21879 22.0 23.1 22.42 0.02
199800.0 354 18.06 0.36 74986 3889.99 0.36 15135 975.69 0.18 3383745 383756.71 19.82 350 49.73 0.18 74426 14155.58 19.82 201 10 99 44622 2220 21978 22.0 23.1 22.42 0.02
200700.0 310 17.28 0.15 75296 3907.27 0.36 15110 976.87 0.18 3398855 384733.58 19.82 310 49.73 0.18 74736 14205.31 19.82 201 10 99 44823 2230 22077 22.0 22.8 22.26 0.01
201600.0 310 17.28 0.15 75606 3924.56 0.36 15114 976.96 0.18 3413969 385710.55 19.82 310 49.73 0.18 75046 14255.04 19.82 201 10 99 45024 2240 22176 22.0 22.8 22.19 0.02
202500.0 376 17.43 0.15 75982 3941.99 0.36 15173 977.34 0.18 3429142 386687.88 19.82 370 49.83 0.18 75416 14304.87 19.82 201 10 99 45225 2250 22275 22.0 22.8 22.19 0.02
203400.0 354 18.06 0.36 76336 3960.05 0.36 15147 976.17 0.18 3444289 387664.05 19.82 350 49.73 0.18 75766 14354.6 19.82 201 10 99 45426 2260 22374 22.0 22.8 22.18 0.02
204300.0 310 17.28 0.15 76646 3977.33 0.36 15117 977.51 0.18 3459406 388641.56 19.82 310 49.73 0.18 76076 14404.33 19.82 201 10 99 45627 2270 22473 22.0 22.6 22.07 0.01
205200.0 310 17.28 0.15 76956 3994.62 0.36 15116 977.28 0.18 3474522 389618.84 19.82 310 49.73 0.18 76386 14454.06 19.82 201 10 99 45828 2280 22572 22.0 22.6 22.06 0.01
206100.0 376 17.42 0.15 77332 4012.04 0.36 15173 977.03 0.18 3489695 390595.88 19.82 370 49.74 0.18 76756 14503.8 19.82 201 10 99 46029 2290 22671 22.0 22.6 22.06 0.01
207000.0 354 18.06 0.36 77686 4030.1 0.36 15135 975.21 0.18 3504830 391571.08 19.82 350 49.73 0.18 77106 14553.52 19.82 201 10 99 46230 2300 22770 22.0 22.6 22.06 0.01
207900.0 310 17.28 0.15 77996 4047.39 0.36 15112 977.03 0.18 3519942 392548.11 19.82 310 49.73 0.18 77416 14603.26 19.82 201 10 99 46431 2310 22869 22.0 22.2 22.02 0.0
208800.0 310 17.28 0.15 78306 4064.67 0.36 15104 976.48 0.18 3535046 393524.6 19.82 310 49.73 0.18 77726 14652.99 19.82 201 10 99 46632 2320 22968 22.0 22.2 22.02 0.0
209700.0 376 17.43 0.15 78682 4082.1 0.36 15164 977.02 0.18 3550210 394501.61 19.82 370 49.83 0.18 78096 14702.82 19.82 201 10 99 46833 2330 23067 22.0 22.2 22.02 0.0
210600.0 354 18.06 0.36 79036 4100.16 0.36 15129 975.05 0.18 3565339 395476.66 19.82 350 49.73 0.18 78446 14752.55 19.82 201 10 99 47034 2340 23166 22.0 22.2 22.02 0.0
211500.0 310 17.28 0.15 79346 4117.44 0.36 15094 975.75 0.18 3580433 396452.41 19.82 310 49.73 0.18 78756 14802.28 19.82 201 10 99 47235 2350 23265 22.0 22.0 22.0 0.0
212400.0 310 17.28 0.15 79656 4134.73 0.36 15094 975.68 0.18 3595527 397428.09 19.82 310 49.73 0.18 79066 14852.01 19.82 201 10 99 47436 2360 23364 22.0 22.0 22.0 0.0
213300.0 376 17.42 0.15 80032 4152.15 0.36 15152 975.43 0.18 3610679 398403.53 19.82 370 49.74 0.18 79436 14901.74 19.82 201 10 99 47637 2370 23463 22.0 22.0 22.0 0.0
214200.0 354 18.06 0.36 80386 4170.21 0.36 15118 973.77 0.18 3625797 399377.29 19.82 350 49.73 0.18 79786 14951.47 19.82 201 10 99 47838 2380 23562 22.0 22.0 22.0 0.0
215100.0 310 17.28 0.15 80696 4187.5 0.36 15077 973.67 0.18 3640874 400350.96 19.82 310 49.73 0.18 80096 15001.21 19.82 201 10 99 48039 2390 23661 22.0 22.0 22.0 0.0
216000.0 310 17.28 0.15 81006 4204.78 0.36 15070 972.8 0.18 3655944 401323.77 19.82 310 49.73 0.18 80406 15050.93 19.82 201 10 99 48240 2400 23760 22.0 22.0 22.0 0.0
216900.0 376 17.43 0.15 81382 4222.21 0.36 15126 973.18 0.18 3671070 402296.94 19.82 370 49.83 0.18 80776 15100.76 19.82 201 10 99 48441 2410 23859 22.0 22.0 22.0 0.0
217800.0 354 18.06 0.36 81736 4240.27 0.36 15103 972.33 0.18 3686173 403269.27 19.82 350 49.73 0.18 81126 15150.49 19.82 201 10 99 48642 2420 23958 22.0 22.0 22.0 0.0
218700.0 310 17.28 0.15 82046 4257.55 0.36 15056 971.91 0.18 3701229 404241.18 19.82 310 49.73 0.18 81436 15200.23 19.82 201 10 99 48843 2430 24057 22.0 22.0 22.0 0.0
219600.0 310 17.28 0.15 82356 4274.84 0.36 15055 971.68 0.18 3716284 405212.86 19.82 310 49.73 0.18 81746 15249.96 19.82 201 10 99 49044 2440 24156 22.0 22.0 22.0 0.0
220500.0 376 17.43 0.15 82732 4292.26 0.36 15111 971.74 0.18 3731395 406184.6 19.82 370 49.83 0.18 82116 15299.79 19.82 201 10 99 49245 2450 24255 22.0 22.0 22.0 0.0
221400.0 354 18.06 0.36 83086 4310.33 0.36 15098 974.02 0.18 3746493 407158.61 19.82 350 49.76 0.18 82466 15349.55 19.82 201 10 99 49446 2460 24354 20.8 22.0 21.98 0.01
222300.0 310 17.29 0.15 83396 4327.61 0.36 15154 984.27 0.18 3761647 408142.89 19.82 310 49.79 0.18 82776 15399.34 19.82 201 10 99 49647 2470 24453 20.1 22.0 21.26 0.08
223200.0 310 17.29 0.15 83706 4344.9 0.36 15171 985.49 0.18 3776818 409128.37 19.82 310 49.78 0.18 83086 15449.13 19.82 201 10 99 49848 2480 24552 19.8 22.0 20.56 0.14
224100.0 376 17.43 0.15 84082 4362.33 0.36 15231 986.02 0.18 3792049 410114.39 19.82 370 49.89 0.18 83456 15499.01 19.82 201 10 99 50049 2490 24651 19.8 21.8 20.56 0.13
225000.0 354 18.06 0.36 84436 4380.39 0.36 15211 984.78 0.18 3807260 411099.17 19.82 350 49.77 0.18 83806 15548.78 19.82 201 10 99 50250 2500 24750 19.8 21.8 20.56 0.13
225900.0 310 17.29 0.15 84746 4397.67 0.36 15172 985.24 0.18 3822432 412084.42 19.82 310 49.78 0.18 84116 15598.57 19.82 201 10 99 50451 2510 24849 19.8 21.7 20.5 0.12
226800.0 310 17.29 0.15 85056 4414.96 0.36 15175 985.49 0.18 3837607 413069.91 19.82 310 49.78 0.18 84426 15648.35 19.82 201 10 99 50652 2520 24948 19.8 21.7 20.46 0.14
227700.0 376 17.43 0.15 85432 4432.39 0.36 15234 986.03 0.18 3852841 414055.94 19.82 370 49.88 0.18 84796 15698.23 19.82 201 10 99 50853 2530 25047 19.8 21.7 20.46 0.14
228600.0 354 18.06 0.36 85786 4450.45 0.36 15211 985.99 0.18 3868052 415041.93 19.82 350 49.8 0.18 85146 15748.03 19.82 201 10 99 51054 2540 25146 19.8 21.7 20.46 0.14
229500.0 310 17.29 0.15 86096 4467.74 0.36 15172 985.69 0.18 3883224 416027.61 19.82 310 49.79 0.18 85456 15797.81 19.82 201 10 99 51255 2550 25245 19.8 21.6 20.44 0.14
230400.0 310 17.29 0.15 86406 4485.02 0.36 15172 985.46 0.18 3898396 417013.08 19.82 310 49.78 0.18 85766 15847.59 19.82 201 10 99 51456 2560 25344 19.8 21.6 20.45 0.14
231300.0 376 17.43 0.15 86782 4502.45 0.36 15229 985.37 0.18 3913625 417998.45 19.82 370 49.79 0.18 86136 15897.38 19.82 201 10 99 51657 2570 25443 19.8 21.6 20.45 0.14
232200.0 354 18.06 0.36 87136 4520.51 0.36 15205 984.42 0.18 3928830 418982.87 19.82 350 49.77 0.18 86486 15947.16 19.82 201 10 99 51858 2580 25542 19.8 21.6 20.45 0.14
233100.0 310 17.29 0.15 87446 4537.8 0.36 15170 985.65 0.18 3944000 419968.52 19.82 310 49.79 0.18 86796 15996.95 19.82 201 10 99 52059 2590 25641 19.8 21.5 20.48 0.16
234000.0 310 17.29 0.15 87756 4555.08 0.36 15169 985.74 0.18 3959169 420954.26 19.82 310 49.79 0.18 87106 16046.74 19.82 201 10 99 52260 2600 25740 19.8 21.5 20.49 0.16
234900.0 376 17.43 0.15 88132 4572.51 0.36 15229 986.28 0.18 3974398 421940.54 19.82 370 49.89 0.18 87476 16096.63 19.82 201 10 99 52461 2610 25839 19.8 21.5 20.48 0.16
235800.0 354 18.06 0.36 88486 4590.57 0.36 15200 983.77 0.18 3989598 422924.32 19.82 350 49.77 0.18 87826 16146.4 19.82 201 10 99 52662 2620 25938 19.8 21.5 20.49 0.16
236700.0 310 17.28 0.15 88796 4607.86 0.36 15166 983.13 0.18 4004764 423907.44 19.82 310 49.75 0.18 88136 16196.15 19.82 201 10 99 52863 2630 26037 19.8 21.4 20.5 0.17
237600.0 310 17.28 0.15 89106 4625.14 0.36 15169 983.38 0.18 4019933 424890.82 19.82 310 49.74 0.18 88446 16245.89 19.82 201 10 99 53064 2640 26136 19.7 21.4 20.55 0.16
238500.0 376 17.42 0.15 89482 4642.57 0.36 15226 983.13 0.18 4035159 425873.95 19.82 370 49.75 0.18 88816 16295.65 19.82 201 10 99 53265 2650 26235 19.7 21.4 20.55 0.16
239400.0 354 18.06 0.36 89836 4660.63 0.36 15195 983.21 0.18 4050354 426857.16 19.82 350 49.77 0.18 89166 16345.41 19.82 201 10 99 53466 2660 26334 19.7 21.4 20.55 0.16
240300.0 310 17.29 0.15 90146 4677.92 0.36 15159 983.27 0.18 4065513 427840.43 19.82 310 49.77 0.18 89476 16395.18 19.82 201 10 99 53667 2670 26433 19.7 21.6 20.57 0.18
241200.0 310 17.29 0.15 90456 4695.2 0.36 15149 982.73 0.18 4080662 428823.16 19.82 310 49.76 0.18 89786 16444.95 19.82 201 10 99 53868 2680 26532 19.7 21.6 20.6 0.17
242100.0 376 17.43 0.15 90832 4712.63 0.36 15208 983.1 0.18 4095870 429806.26 19.82 370 49.87 0.18 90156 16494.81 19.82 201 10 99 54069 2690 26631 19.7 21.6 20.6 0.17
243000.0 354 18.06 0.36 91186 4730.69 0.36 15177 981.13 0.18 4111047 430787.39 19.82 350 49.76 0.18 90506 16544.57 19.82 201 10 99 54270 2700 26730 19.7 21.6 20.6 0.17
243900.0 310 17.29 0.15 91496 4747.98 0.36 15146 982.99 0.18 4126193 431770.38 19.82 310 49.78 0.18 90816 16594.35 19.82 201 10 99 54471 2710 26829 19.7 21.8 20.61 0.19
244800.0 310 17.29 0.15 91806 4765.26 0.36 15149 983.24 0.18 4141342 432753.63 19.82 310 49.77 0.18 91126 16644.13 19.82 201 10 99 54672 2720 26928 19.6 21.8 20.65 0.19
245700.0 376 17.43 0.15 92182 4782.69 0.36 15209 983.78 0.18 4156551 433737.41 19.82 370 49.88 0.18 91496 16694.01 19.82 201 10 99 54873 2730 27027 19.6 21.8 20.65 0.19
246600.0 354 18.06 0.36 92536 4800.75 0.36 15168 981.8 0.18 4171719 434719.21 19.82 350 49.79 0.18 91846 16743.8 19.82 201 10 99 55074 2740 27126 19.6 21.8 20.64 0.19
247500.0 310 17.29 0.15 92846 4818.04 0.36 15144 982.48 0.18 4186863 435701.69 19.82 310 49.78 0.18 92156 16793.58 19.82 201 10 99 55275 2750 27225 19.6 21.9 20.61 0.2
248400.0 310 17.29 0.15 93156 4835.33 0.36 15141 982.58 0.18 4202004 436684.27 19.82 310 49.78 0.18 92466 16843.36 19.82 201 10 99 55476 2760 27324 19.5 21.9 20.63 0.2
249300.0 376 17.43 0.15 93532 4852.75 0.36 15192 982.31 0.18 4217196 437666.58 19.82 370 49.88 0.18 92836 16893.24 19.82 201 10 99 55677 2770 27423 19.5 21.9 20.63 0.2
250200.0 354 18.06 0.36 93886 4870.82 0.36 15153 979.8 0.18 4232349 438646.38 19.82 350 49.77 0.18 93186 16943.01 19.82 201 10 99 55878 2780 27522 19.5 21.9 20.62 0.2
251100.0 310 17.29 0.15 94196 4888.1 0.36 15136 981.56 0.18 4247485 439627.94 19.82 310 49.78 0.18 93496 16992.78 19.82 201 10 99 56079 2790 27621 19.5 22.0 20.59 0.21
252000.0 310 17.29 0.15 94506 4905.39 0.36 15138 981.34 0.18 4262623 440609.28 19.82 310 49.77 0.18 93806 17042.55 19.82 201 10 99 56280 2800 27720 19.5 22.0 20.57 0.23
252900.0 376 17.43 0.15 94882 4922.82 0.36 15198 981.87 0.18 4277821 441591.15 19.82 370 49.87 0.18 94176 17092.42 19.82 201 10 99 56481 2810 27819 19.5 22.0 20.57 0.23
253800.0 354 18.06 0.36 95236 4940.88 0.36 15158 980.31 0.18 4292979 442571.47 19.82 350 49.77 0.18 94526 17142.19 19.82 201 10 99 56682 2820 27918 19.5 22.0 20.57 0.23
254700.0 310 17.29 0.15 95546 4958.16 0.36 15171 985.0 0.18 4308150 443556.47 19.82 310 49.78 0.18 94836 17191.98 19.82 201 10 99 56883 2830 28017 19.5 21.8 20.44 0.22
255600.0 310 17.29 0.15 95856 4975.45 0.36 15178 985.73 0.18 4323328 444542.2 19.82 310 49.78 0.18 95146 17241.75 19.82 201 10 99 57084 2840 28116 19.3 21.8 20.4 0.24
256500.0 376 17.43 0.15 96232 4992.88 0.36 15237 986.27 0.18 4338565 445528.47 19.82 370 49.88 0.18 95516 17291.63 19.82 201 10 99 57285 2850 28215 19.3 21.8 20.4 0.25
257400.0 354 18.06 0.36 96586 5010.94 0.36 15200 983.84 0.18 4353765 446512.31 19.82 350 49.76 0.18 95866 17341.39 19.82 201 10 99 57486 2860 28314 19.3 21.8 20.4 0.25
258300.0 310 17.29 0.15 96896 5028.22 0.36 15182 985.99 0.18 4368947 447498.3 19.82 310 49.78 0.18 96176 17391.17 19.82 201 10 99 57687 2870 28413 19.3 21.8 20.24 0.24
259200.0 310 17.29 0.15 97206 5045.51 0.36 15186 986.24 0.18 4384133 448484.53 19.82 310 49.77 0.18 96486 17440.94 19.82 201 10 99 57888 2880 28512 19.2 21.6 20.16 0.27
260100.0 376 17.43 0.15 97582 5062.94 0.36 15246 986.78 0.18 4399379 449471.31 19.82 370 49.87 0.18 96856 17490.82 19.82 201 10 99 58089 2890 28611 19.2 21.6 20.16 0.27
261000.0 356 18.13 0.36 97938 5081.06 0.36 15534 152191.97 19.82 4414913 601663.28 19.82 352 3096.92 19.82 97208 20587.74 19.82 201 10 99 58290 2900 28710 19.2 21.6 20.16 0.28
261900.0 310 17.29 0.15 98248 5098.35 0.36 15216 987.61 0.18 4430129 602650.89 19.82 310 49.73 0.18 97518 20637.46 19.82 201 10 99 58491 2910 28809 18.9 21.6 19.74 0.25
262800.0 310 17.29 0.15 98558 5115.64 0.36 15219 987.77 0.18 4445348 603638.67 19.82 310 49.72 0.18 97828 20687.19 19.82 201 10 99 58692 2920 28908 18.9 20.8 19.65 0.25
263700.0 376 17.43 0.15 98934 5133.06 0.36 15279 988.24 0.18 4460627 604626.91 19.82 370 49.82 0.18 98198 20737.01 19.82 201 10 99 58893 2930 29007 18.9 20.8 19.64 0.25
264600.0 356 18.13 0.36 99290 5151.19 0.36 15567 152318.41 19.83 4476194 756945.32 19.83 352 3098.62 19.83 98550 23835.63 19.83 201 10 99 59094 2940 29106 18.8 20.8 19.64 0.26
265500.0 310 17.3 0.15 99600 5168.49 0.36 15274 1017.23 0.19 4491468 757962.55 19.83 310 50.2 0.19 98860 23885.82 19.83 201 10 99 59295 2950 29205 17.3 20.2 18.16 0.21
266400.0 310 17.3 0.15 99910 5185.79 0.36 15286 1018.19 0.19 4506754 758980.74 19.83 310 50.19 0.19 99170 23936.01 19.83 201 10 99 59496 2960 29304 17.3 18.9 17.82 0.02
267300.0 376 17.44 0.15 100286 5203.23 0.36 15346 1018.66 0.19 4522100 759999.4 19.83 370 50.3 0.19 99540 23986.31 19.83 201 10 99 59697 2970 29403 17.3 18.8 17.81 0.02
268200.0 356 18.14 0.36 100642 5221.37 0.36 15636 152214.56 19.82 4537736 912213.96 19.83 352 3096.13 19.82 99892 27082.44 19.83 201 10 99 59898 2980 29502 17.3 18.8 17.81 0.02
269100.0 310 17.3 0.15 100952 5238.67 0.36 15276 1015.67 0.19 4553012 913229.63 19.83 310 50.16 0.19 100202 27132.59 19.83 201 10 99 60099 2990 29601 17.3 18.7 17.78 0.02
270000.0 310 17.3 0.15 101262 5255.96 0.36 15277 1015.66 0.19 4568289 914245.29 19.83 310 50.15 0.19 100512 27182.75 19.83 201 10 99 60300 3000 29700 17.3 18.7 17.77 0.02
270900.0 376 17.44 0.15 101638 5273.4 0.36 15335 1015.82 0.19 4583624 915261.11 19.83 370 50.26 0.19 100882 27233.0 19.83 201 10 99 60501 3010 29799 17.3 18.7 17.77 0.02
271800.0 354 18.07 0.36 101992 5291.47 0.36 15313 1013.66 0.19 4598937 916274.77 19.83 350 50.12 0.19 101232 27283.13 19.83 201 10 99 60702 3020 29898 17.3 18.7 17.77 0.02
272700.0 310 17.3 0.15 102302 5308.77 0.36 15274 1013.83 0.19 4614211 917288.61 19.83 310 50.13 0.19 101542 27333.26 19.83 201 10 99 60903 3030 29997 17.3 18.6 17.75 0.02
273600.0 310 17.3 0.15 102612 5326.07 0.36 15274 1013.82 0.19 4629485 918302.43 19.83 310 50.12 0.19 101852 27383.38 19.83 201 10 99 61104 3040 30096 17.3 18.6 17.74 0.02
274500.0 376 17.44 0.15 102988 5343.51 0.36 15333 1014.31 0.19 4644818 919316.73 19.83 370 50.23 0.19 102222 27433.61 19.83 201 10 99 61305 3050 30195 17.3 18.6 17.74 0.02
275400.0 354 18.07 0.36 103342 5361.58 0.36 15311 1016.77 0.19 4660129 920333.51 19.83 350 50.19 0.19 102572 27483.79 19.83 201 10 99 61506 3060 30294 17.3 18.6 17.74 0.02
276300.0 310 17.3 0.15 103652 5378.88 0.36 15272 1014.36 0.19 4675401 921347.87 19.83 310 50.14 0.19 102882 27533.93 19.83 201 10 99 61707 3070 30393 17.3 18.5 17.73 0.02
277200.0 310 17.3 0.15 103962 5396.17 0.36 15271 1014.51 0.19 4690672 922362.38 19.83 310 50.14 0.19 103192 27584.07 19.83 201 10 99 61908 3080 30492 17.3 18.5 17.71 0.02
278100.0 376 17.44 0.15 104338 5413.61 0.36 15331 1014.52 0.19 4706003 923376.9 19.83 370 50.14 0.19 103562 27634.21 19.83 201 10 99 62109 3090 30591 17.3 18.5 17.71 0.02
279000.0 354 18.07 0.36 104692 5431.68 0.36 15306 1012.27 0.19 4721309 924389.17 19.83 350 50.11 0.19 103912 27684.32 19.83 201 10 99 62310 3100 30690 17.3 18.5 17.71 0.02
279900.0 310 17.3 0.15 105002 5448.98 0.36 15266 1014.39 0.19 4736575 925403.56 19.83 310 50.16 0.19 104222 27734.48 19.83 201 10 99 62511 3110 30789 17.3 18.4 17.7 0.02
280800.0 310 17.3 0.15 105312 5466.27 0.36 15267 1014.38 0.19 4751842 926417.93 19.83 310 50.15 0.19 104532 27784.63 19.83 201 10 99 62712 3120 30888 17.3 18.4 17.69 0.01
281700.0 376 17.44 0.15 105688 5483.71 0.36 15325 1014.7 0.19 4767167 927432.63 19.83 370 50.26 0.19 104902 27834.89 19.83 201 10 99 62913 3130 30987 17.3 18.4 17.69 0.01
282600.0 354 18.07 0.36 106042 5501.79 0.36 15302 1013.46 0.19 4782469 928446.09 19.83 350 50.14 0.19 105252 27885.03 19.83 201 10 99 63114 3140 31086 17.3 18.4 17.69 0.01
283500.0 310 17.3 0.15 106352 5519.08 0.36 15266 1011.64 0.19 4797735 929457.73 19.83 310 50.1 0.19 105562 27935.12 19.83 201 10 99 63315 3150 31185 17.3 18.3 17.68 0.01
284400.0 310 17.3 0.15 106662 5536.38 0.36 15260 1010.67 0.19 4812995 930468.4 19.83 310 50.09 0.19 105872 27985.22 19.83 201 10 99 63516 3160 31284 17.3 18.3 17.68 0.01
285300.0 376 17.44 0.15 107038 5553.82 0.36 15320 1011.15 0.19 4828315 931479.55 19.83 370 50.2 0.19 106242 28035.41 19.83 201 10 99 63717 3170 31383 17.3 18.3 17.68 0.01
286200.0 354 18.07 0.36 107392 5571.89 0.36 15296 1009.61 0.19 4843611 932489.16 19.83 350 50.08 0.19 106592 28085.49 19.83 201 10 99 63918 3180 31482 17.3 18.3 17.68 0.01
287100.0 310 17.29 0.15 107702 5589.18 0.36 15255 1009.07 0.19 4858866 933498.22 19.83 310 50.07 0.19 106902 28135.57 19.83 201 10 99 64119 3190 31581 17.3 18.2 17.67 0.01
288000.0 310 17.29 0.15 108012 5606.48 0.36 15255 1009.22 0.19 4874121 934507.44 19.83 310 50.07 0.19 107212 28185.64 19.83 201 10 99 64320 3200 31680 17.3 18.2 17.67 0.01
288900.0 376 17.44 0.15 108388 5623.91 0.36 15315 1009.7 0.19 4889436 935517.14 19.83 370 50.17 0.19 107582 28235.81 19.83 201 10 99 64521 3210 31779 17.3 18.2 17.67 0.01
289800.0 354 18.07 0.36 108742 5641.99 0.36 15288 1011.79 0.19 4904724 936528.93 19.83 350 50.14 0.19 107932 28285.95 19.83 201 10 99 64722 3220 31878 17.3 18.2 17.67 0.01
290700.0 310 17.3 0.15 109052 5659.29 0.36 15248 1014.23 0.19 4919972 937543.16 19.83 310 50.19 0.19 108242 28336.14 19.83 201 10 99 64923 3230 31977 17.3 18.1 17.66 0.01
291600.0 310 17.3 0.15 109362 5676.58 0.36 15246 1013.89 0.19 4935218 938557.06 19.83 310 50.19 0.19 108552 28386.33 19.83 201 10 99 65124 3240 32076 17.3 18.1 17.66 0.01
292500.0 376 17.44 0.15 109738 5694.02 0.36 15304 1014.06 0.19 4950522 939571.12 19.83 370 50.29 0.19 108922 28436.62 19.83 201 10 99 65325 3250 32175 17.3 18.1 17.66 0.01
293400.0 354 18.07 0.36 110092 5712.1 0.36 15283 1013.57 0.19 4965805 940584.7 19.83 350 50.19 0.19 109272 28486.8 19.83 201 10 99 65526 3260 32274 17.3 18.1 17.66 0.01
294300.0 310 17.3 0.15 110402 5729.4 0.36 15248 1011.78 0.19 4981053 941596.48 19.83 310 50.14 0.19 109582 28536.94 19.83 201 10 99 65727 3270 32373 17.4 18.0 17.66 0.01
295200.0 310 17.3 0.15 110712 5746.69 0.36 15249 1011.78 0.19 4996302 942608.26 19.83 310 50.14 0.19 109892 28587.08 19.83 201 10 99 65928 3280 32472 17.4 18.0 17.66 0.01
296100.0 376 17.44 0.15 111088 5764.13 0.36 15309 1012.26 0.19 5011611 943620.51 19.83 370 50.24 0.19 110262 28637.32 19.83 201 10 99 66129 3290 32571 17.4 18.0 17.66 0.01
297000.0 354 18.07 0.36 111442 5782.2 0.36 15286 1011.46 0.19 5026897 944631.97 19.83 350 50.14 0.19 110612 28687.45 19.83 201 10 99 66330 3300 32670 17.4 18.0 17.66 0.01
297900.0 310 17.3 0.15 111752 5799.5 0.36 15241 1013.43 0.19 5042138 945645.4 19.83 310 50.19 0.19 110922 28737.64 19.83 201 10 99 66531 3310 32769 17.4 18.0 17.66 0.01
298800.0 310 17.3 0.15 112062 5816.8 0.36 15238 1012.93 0.19 5057376 946658.34 19.83 310 50.19 0.19 111232 28787.83 19.83 201 10 99 66732 3320 32868 17.4 18.0 17.66 0.01
299700.0 376 17.44 0.15 112438 5834.24 0.36 15298 1013.43 0.19 5072674 947671.76 19.83 370 50.29 0.19 111602 28838.12 19.83 201 10 99 66933 3330 32967 17.4 18.0 17.66 0.01
300600.0 354 18.07 0.36 112792 5852.32 0.36 15276 1012.77 0.19 5087950 948684.54 19.83 350 50.19 0.19 111952 28888.31 19.83 201 10 99 67134 3340 33066 17.4 18.0 17.66 0.01
301500.0 310 17.3 0.15 113102 5869.61 0.36 15241 1010.91 0.19 5103191 949695.44 19.83 310 50.14 0.19 112262 28938.45 19.83 201 10 99 67335 3350 33165 17.4 17.9 17.67 0.01
302400.0 310 17.3 0.15 113412 5886.91 0.36 15243 1011.06 0.19 5118434 950706.5 19.83 310 50.14 0.19 112572 28988.59 19.83 201 10 99 67536 3360 33264 17.4 17.9 17.67 0.01
303300.0 376 17.44 0.15 113788 5904.35 0.36 15295 1010.58 0.19 5133729 951717.08 19.83 370 50.24 0.19 112942 29038.83 19.83 201 10 99 67737 3370 33363 17.4 17.9 17.67 0.01
304200.0 354 18.07 0.36 114142 5922.42 0.36 15270 1008.02 0.19 5148999 952725.11 19.83 350 50.11 0.19 113292 29088.94 19.83 201 10 99 67938 3380 33462 17.4 17.9 17.67 0.01
305100.0 310 17.3 0.15 114452 5939.71 0.36 15229 1010.22 0.19 5164228 953735.33 19.83 310 50.16 0.19 113602 29139.09 19.83 201 10 99 68139 3390 33561 17.4 17.8 17.67 0.01
306000.0 310 17.3 0.15 114762 5957.01 0.36 15228 1010.06 0.19 5179456 954745.39 19.83 310 50.15 0.19 113912 29189.25 19.83 201 10 99 68340 3400 33660 17.4 17.9 17.67 0.01
306900.0 376 17.44 0.15 115138 5974.45 0.36 15288 1010.54 0.19 5194744 955755.93 19.83 370 50.26 0.19 114282 29239.5 19.83 201 10 99 68541 3410 33759 17.4 17.9 17.67 0.01
307800.0 354 18.07 0.36 115492 5992.52 0.36 15264 1011.33 0.19 5210008 956767.26 19.83 350 50.19 0.19 114632 29289.69 19.83 201 10 99 68742 3420 33858 17.4 17.9 17.67 0.01
308700.0 310 17.3 0.15 115802 6009.82 0.36 15226 1011.51 0.19 5225234 957778.77 19.83 310 50.19 0.19 114942 29339.88 19.83 201 10 99 68943 3430 33957 17.4 17.9 17.67 0.01
309600.0 310 17.3 0.15 116112 6027.12 0.36 15230 1012.13 0.19 5240464 958790.91 19.83 310 50.19 0.19 115252 29390.07 19.83 201 10 99 69144 3440 34056 17.4 17.9 17.67 0.01
310500.0 376 17.44 0.15 116488 6044.56 0.36 15285 1011.83 0.19 5255749 959802.73 19.83 370 50.29 0.19 115622 29440.36 19.83 201 10 99 69345 3450 34155 17.4 17.9 17.67 0.01
311400.0 354 18.07 0.36 116842 6062.64 0.36 15259 1010.85 0.19 5271008 960813.59 19.83 350 50.19 0.19 115972 29490.54 19.83 201 10 99 69546 3460 34254 17.4 17.9 17.68 0.01
312300.0 310 17.3 0.15 117152 6079.93 0.36 15218 1007.78 0.19 5286226 961821.37 19.83 310 50.14 0.19 116282 29540.68 19.83 201 10 99 69747 3470 34353 17.4 17.9 17.68 0.01
313200.0 310 17.3 0.15 117462 6097.23 0.36 15220 1008.26 0.19 5301446 962829.63 19.83 310 50.14 0.19 116592 29590.82 19.83 201 10 99 69948 3480 34452 17.3 18.0 17.69 0.01
314100.0 376 17.44 0.15 117838 6114.67 0.36 15277 1008.26 0.19 5316723 963837.89 19.83 370 50.24 0.19 116962 29641.06 19.83 201 10 99 70149 3490 34551 17.3 18.0 17.69 0.01
315000.0 354 18.07 0.36 118192 6132.74 0.36 15248 1007.14 0.19 5331971 964845.03 19.83 350 50.14 0.19 117312 29691.19 19.83 201 10 99 70350 3500 34650 17.3 18.0 17.69 0.01
315900.0 310 17.3 0.15 118502 6150.04 0.36 15209 1007.64 0.19 5347180 965852.67 19.83 310 50.14 0.19 117622 29741.33 19.83 201 10 99 70551 3510 34749 17.3 18.0 17.7 0.01
316800.0 310 17.3 0.15 118812 6167.33 0.36 15216 1008.27 0.19 5362396 966860.93 19.83 310 50.14 0.19 117932 29791.47 19.83 201 10 99 70752 3520 34848 17.3 18.1 17.71 0.01
317700.0 376 17.44 0.15 119188 6184.77 0.36 15273 1008.43 0.19 5377669 967869.37 19.83 370 50.24 0.19 118302 29841.71 19.83 201 10 99 70953 3530 34947 17.3 18.1 17.71 0.01
318600.0 354 18.07 0.36 119542 6202.85 0.36 15242 1006.19 0.19 5392911 968875.56 19.83 350 50.14 0.19 118652 29891.85 19.83 201 10 99 71154 3540 35046 17.3 18.1 17.71 0.01
319500.0 310 17.3 0.15 119852 6220.14 0.36 15194 1008.31 0.19 5408105 969883.87 19.83 310 50.19 0.19 118962 29942.04 19.83 201 10 99 71355 3550 35145 17.3 18.1 17.71 0.01
320400.0 310 17.3 0.15 120162 6237.44 0.36 15195 1008.13 0.19 5423300 970892.0 19.83 310 50.19 0.19 119272 29992.23 19.83 201 10 99 71556 3560 35244 17.3 18.2 17.71 0.02
321300.0 376 17.44 0.15 120538 6254.88 0.36 15254 1008.47 0.19 5438554 971900.47 19.83 370 50.29 0.19 119642 30042.52 19.83 201 10 99 71757 3570 35343 17.3 18.2 17.71 0.02
322200.0 354 18.07 0.36 120892 6272.95 0.36 15224 1000.53 0.19 5453778 972900.99 19.83 350 50.06 0.19 119992 30092.58 19.83 201 10 99 71958 3580 35442 17.3 18.2 17.71 0.02
323100.0 310 17.29 0.15 121202 6290.25 0.36 15180 998.07 0.19 5468958 973899.07 19.83 310 50.02 0.19 120302 30142.6 19.83 201 10 99 72159 3590 35541 17.3 18.2 17.72 0.02
324000.0 310 17.29 0.15 121512 6307.54 0.36 15185 998.7 0.19 5484143 974897.77 19.83 310 50.01 0.19 120612 30192.61 19.83 201 10 99 72360 3600 35640 17.3 18.2 17.72 0.02
324900.0 376 17.44 0.15 121888 6324.97 0.36 15242 998.71 0.19 5499385 975896.48 19.83 370 50.12 0.19 120982 30242.73 19.83 201 10 99 72561 3610 35739 17.3 18.2 17.72 0.02
325800.0 354 18.07 0.36 122242 6343.05 0.36 15219 1004.02 0.19 5514604 976900.49 19.83 350 50.14 0.19 121332 30292.87 19.83 201 10 99 72762 3620 35838 17.3 18.2 17.72 0.02
326700.0 310 17.3 0.15 122552 6360.34 0.36 15183 1006.55 0.19 5529787 977907.04 19.83 310 50.19 0.19 121642 30343.06 19.83 201 10 99 72963 3630 35937 17.3 18.2 17.73 0.02
327600.0 310 17.3 0.15 122862 6377.64 0.36 15192 1007.17 0.19 5544979 978914.22 19.83 310 50.19 0.19 121952 30393.24 19.83 201 10 99 73164 3640 36036 17.2 18.3 17.74 0.02
328500.0 376 17.44 0.15 123238 6395.08 0.36 15250 1007.35 0.19 5560229 979921.56 19.83 370 50.29 0.19 122322 30443.53 19.83 201 10 99 73365 3650 36135 17.2 18.3 17.74 0.02
329400.0 354 18.07 0.36 123592 6413.16 0.36 15220 1005.89 0.19 5575449 980927.46 19.83 350 50.19 0.19 122672 30493.72 19.83 201 10 99 73566 3660 36234 17.2 18.3 17.74 0.02
330300.0 310 17.3 0.15 123902 6430.46 0.36 15181 1006.39 0.19 5590630 981933.85 19.83 310 50.19 0.19 122982 30543.91 19.83 201 10 99 73767 3670 36333 17.2 18.3 17.74 0.02
331200.0 310 17.3 0.15 124212 6447.75 0.36 15190 1007.01 0.19 5605820 982940.86 19.83 310 50.19 0.19 123292 30594.09 19.83 201 10 99 73968 3680 36432 17.2 18.4 17.75 0.02
332100.0 376 17.44 0.15 124588 6465.19 0.36 15246 1007.03 0.19 5621066 983947.89 19.83 370 50.29 0.19 123662 30644.39 19.83 201 10 99 74169 3690 36531 17.2 18.4 17.75 0.02
333000.0 354 18.07 0.36 124942 6483.27 0.36 15197 1001.58 0.19 5636263 984949.47 19.83 350 50.15 0.19 124012 30694.54 19.83 201 10 99 74370 3700 36630 17.2 18.4 17.75 0.02
333900.0 310 17.3 0.15 125252 6500.56 0.36 15148 1001.59 0.19 5651411 985951.05 19.83 310 50.16 0.19 124322 30744.7 19.83 201 10 99 74571 3710 36729 17.2 18.4 17.75 0.03
334800.0 310 17.3 0.15 125562 6517.86 0.36 15140 1000.14 0.19 5666551 986951.19 19.83 310 50.15 0.19 124632 30794.85 19.83 201 10 99 74772 3720 36828 17.2 18.5 17.76 0.03
335700.0 376 17.44 0.15 125938 6535.3 0.36 15193 999.82 0.19 5681744 987951.01 19.83 370 50.26 0.19 125002 30845.11 19.83 201 10 99 74973 3730 36927 17.2 18.5 17.76 0.03
336600.0 354 18.07 0.36 126292 6553.37 0.36 15157 999.33 0.19 5696901 988950.34 19.83 350 50.19 0.19 125352 30895.29 19.83 201 10 99 75174 3740 37026 17.2 18.5 17.76 0.03
337500.0 310 17.3 0.15 126602 6570.67 0.36 15126 1000.15 0.19 5712027 989950.49 19.83 310 50.19 0.19 125662 30945.48 19.83 201 10 99 75375 3750 37125 17.2 18.5 17.77 0.03
338400.0 310 17.3 0.15 126912 6587.97 0.36 15131 1000.77 0.19 5727158 990951.27 19.83 310 50.19 0.19 125972 30995.67 19.83 201 10 99 75576 3760 37224 17.2 18.5 17.77 0.03
339300.0 376 17.44 0.15 127288 6605.41 0.36 15180 999.83 0.19 5742338 991951.09 19.83 370 50.29 0.19 126342 31045.96 19.83 201 10 99 75777 3770 37323 17.2 18.5 17.77 0.03
340200.0 354 18.07 0.36 127642 6623.48 0.36 15136 993.66 0.19 5757474 992944.76 19.83 350 50.12 0.19 126692 31096.08 19.83 201 10 99 75978 3780 37422 17.2 18.5 17.77 0.03
341100.0 310 17.3 0.15 127952 6640.78 0.36 15079 992.07 0.19 5772553 993936.83 19.83 310 50.13 0.19 127002 31146.21 19.83 201 10 99 76179 3790 37521 17.2 18.5 17.78 0.03
342000.0 310 17.3 0.15 128262 6658.07 0.36 15081 992.38 0.19 5787634 994929.21 19.83 310 50.12 0.19 127312 31196.33 19.83 201 10 99 76380 3800 37620 17.2 18.5 17.78 0.03
342900.0 376 17.44 0.15 128638 6675.51 0.36 15136 991.75 0.19 5802770 995920.96 19.83 370 50.13 0.19 127682 31246.46 19.83 201 10 99 76581 3810 37719 17.2 18.5 17.78 0.03
343800.0 354 18.07 0.36 128992 6693.58 0.36 15108 988.49 0.19 5817878 996909.45 19.83 350 50.07 0.19 128032 31296.54 19.83 201 10 99 76782 3820 37818 17.2 18.5 17.78 0.03
344700.0 310 17.29 0.15 129302 6710.88 0.36 15058 987.54 0.19 5832936 997896.98 19.83 310 50.08 0.19 128342 31346.61 19.83 201 10 99 76983 3830 37917 17.2 18.5 17.78 0.03
345600.0 310 17.29 0.15 129612 6728.17 0.36 15056 987.2 0.19 5847992 998884.19 19.83 310 50.07 0.19 128652 31396.68 19.83 201 10 99 77184 3840 38016 17.2 18.6 17.78 0.04
