# seed = 7, gamma = 0.0, beta = 0.66, dee = 1.0, dcc = 25.0, dec = 1000.0, dsCnd = 500.0, dLocalhost = 0.02, hostBroker = CLOUD 
#
# The columns have the following meaning: 
# instant[SECONDS] commCountUploadPartial delaySumUploadPartial[SECONDS] delayMaxUploadPartial[SECONDS] commCountUploadTot delaySumUploadTot[SECONDS] delayMaxUploadTot[SECONDS] commCountDownloadPartial delaySumDownloadPartial[SECONDS] delayMaxDownloadPartial[SECONDS] commCountDownloadTot delaySumDownloadTot[SECONDS] delayMaxDownloadTot[SECONDS] commCountDownloadMaxPartial delaySumDownloadMaxPartial[SECONDS] delayMaxDownloadMaxPartial[SECONDS] commCountDownloadMaxTot delaySumDownloadMaxTot[SECONDS] delayMaxDownloadMaxTot[SECONDS] runOnCloudPartial runOnEdgePartial runOnSmartphonePartial runOnCloudTot runOnEdgeTot runOnSmartphoneTot minTemp maxTemp avgTemp varianceTemp
0.0 0 0.0 0.0 0 0.0 0.0 0 0.0 0.0 0 0.0 0.0 0 0.0 0.0 0 0.0 0.0 0 0 0 0 0 0 17.0 25.0 21.0 0.0
900.0 376 300.77 1.5 376 300.77 1.5 14730 14072.1 1.52 14730 14072.1 1.52 370 467.84 1.52 370 467.84 1.52 112 0 198 112 0 198 18.9 21.0 19.35 0.74
1800.0 356 301.51 1.5 732 602.28 1.5 15019 136480.94 20.37 29749 150553.04 20.37 352 3002.91 20.37 722 3470.75 20.37 112 0 198 224 0 396 18.9 18.9 18.9 0.0
2700.0 310 300.65 1.5 1042 902.93 1.5 14671 14090.05 1.53 44420 164643.08 20.37 310 468.09 1.53 1032 3938.84 20.37 112 0 198 336 0 594 17.7 18.9 18.41 0.04
3600.0 310 300.65 1.5 1352 1203.58 1.5 14671 14091.55 1.53 59091 178734.63 20.37 310 468.09 1.53 1342 4406.94 20.37 112 0 198 448 0 792 17.7 18.9 18.24 0.05
4500.0 376 300.72 1.5 1728 1504.31 1.5 14725 14088.67 1.53 73816 192823.3 20.37 370 468.25 1.53 1712 4875.19 20.37 112 0 198 560 0 990 17.6 18.7 18.23 0.05
5400.0 356 301.52 1.5 2084 1805.82 1.5 15046 20263.07 20.45 88862 213086.36 20.45 352 488.67 20.45 2064 5363.86 20.45 112 0 198 672 0 1188 17.6 18.7 18.23 0.05
6300.0 310 300.66 1.5 2394 2106.48 1.5 14728 14123.09 1.53 103590 227209.45 20.45 310 468.19 1.53 2374 5832.05 20.45 112 0 198 784 0 1386 17.6 18.7 18.23 0.04
7200.0 310 300.66 1.5 2704 2407.14 1.5 14728 14126.12 1.53 118318 241335.58 20.45 310 468.19 1.53 2684 6300.24 20.45 112 0 198 896 0 1584 17.6 18.7 18.25 0.04
8100.0 376 300.8 1.5 3080 2707.94 1.5 14788 14126.25 1.53 133106 255461.83 20.45 370 468.34 1.53 3054 6768.58 20.45 112 0 198 1008 0 1782 17.6 18.7 18.25 0.04
9000.0 356 301.52 1.5 3436 3009.46 1.5 15077 20297.83 20.46 148183 275759.66 20.46 352 488.69 20.46 3406 7257.27 20.46 112 0 198 1120 0 1980 17.6 18.7 18.25 0.04
9900.0 310 300.65 1.5 3746 3310.11 1.5 14733 14118.69 1.53 162916 289878.35 20.46 310 468.22 1.53 3716 7725.49 20.46 112 0 198 1232 0 2178 17.6 18.7 18.23 0.04
10800.0 310 300.65 1.5 4056 3610.77 1.5 14737 14117.18 1.53 177653 303995.54 20.46 310 468.22 1.53 4026 8193.71 20.46 112 0 198 1344 0 2376 17.6 18.7 18.15 0.05
11700.0 376 300.8 1.5 4432 3911.57 1.5 14796 14117.35 1.53 192449 318112.89 20.46 370 468.38 1.53 4396 8662.09 20.46 112 0 198 1456 0 2574 17.6 18.7 18.15 0.05
12600.0 354 301.43 1.5 4786 4213.0 1.5 14743 14097.73 1.53 207192 332210.62 20.46 350 468.36 1.53 4746 9130.45 20.46 112 0 198 1568 0 2772 17.6 18.7 18.15 0.05
13500.0 310 300.66 1.5 5096 4513.66 1.5 14677 14087.15 1.53 221869 346297.77 20.46 310 468.26 1.53 5056 9598.7 20.46 112 0 198 1680 0 2970 17.6 18.7 18.15 0.04
14400.0 310 300.66 1.5 5406 4814.31 1.5 14676 14085.63 1.53 236545 360383.41 20.46 310 468.26 1.53 5366 10066.96 20.46 112 0 198 1792 0 3168 17.6 18.7 18.14 0.04
15300.0 376 300.8 1.5 5782 5115.11 1.5 14736 14085.8 1.53 251281 374469.21 20.46 370 468.41 1.53 5736 10535.37 20.46 112 0 198 1904 0 3366 17.6 18.7 18.14 0.04
16200.0 354 301.43 1.5 6136 5416.55 1.5 14706 14081.26 1.53 265987 388550.47 20.46 350 468.36 1.53 6086 11003.72 20.46 112 0 198 2016 0 3564 17.6 18.7 18.14 0.04
17100.0 310 300.65 1.5 6446 5717.2 1.5 14676 14085.45 1.53 280663 402635.93 20.46 310 468.19 1.53 6396 11471.91 20.46 112 0 198 2128 0 3762 17.6 18.7 18.12 0.04
18000.0 310 300.65 1.5 6756 6017.85 1.5 14683 14091.45 1.53 295346 416727.37 20.46 310 468.18 1.53 6706 11940.09 20.46 112 0 198 2240 0 3960 17.6 18.7 18.11 0.04
18900.0 376 300.8 1.5 7132 6318.65 1.5 14741 14090.1 1.53 310087 430817.47 20.46 370 468.34 1.53 7076 12408.43 20.46 112 0 198 2352 0 4158 17.6 18.6 18.11 0.04
19800.0 354 301.43 1.5 7486 6620.08 1.5 14708 14083.57 1.53 324795 444901.05 20.46 350 468.31 1.53 7426 12876.74 20.46 112 0 198 2464 0 4356 17.6 18.6 18.11 0.04
20700.0 310 300.66 1.5 7796 6920.73 1.5 14676 14087.63 1.53 339471 458988.68 20.46 310 468.23 1.53 7736 13344.97 20.46 112 0 198 2576 0 4554 17.6 18.6 18.08 0.03
21600.0 310 300.66 1.5 8106 7221.39 1.5 14677 14090.62 1.53 354148 473079.3 20.46 310 468.23 1.53 8046 13813.2 20.46 112 0 198 2688 0 4752 17.6 18.6 18.08 0.03
22500.0 376 300.8 1.5 8482 7522.19 1.5 14737 14090.79 1.53 368885 487170.09 20.46 370 468.39 1.53 8416 14281.59 20.46 112 0 198 2800 0 4950 17.6 18.6 18.08 0.03
23400.0 354 301.43 1.5 8836 7823.62 1.5 14703 14082.99 1.53 383588 501253.08 20.46 350 468.36 1.53 8766 14749.95 20.46 112 0 198 2912 0 5148 17.6 18.6 18.08 0.03
24300.0 310 300.66 1.5 9146 8124.28 1.5 14668 14087.97 1.53 398256 515341.06 20.46 310 468.31 1.53 9076 15218.26 20.46 112 0 198 3024 0 5346 17.5 18.6 18.06 0.03
25200.0 310 300.66 1.5 9456 8424.94 1.5 14682 14098.46 1.53 412938 529439.52 20.46 310 468.31 1.53 9386 15686.57 20.46 112 0 198 3136 0 5544 17.5 18.6 18.04 0.03
26100.0 376 300.8 1.5 9832 8725.74 1.5 14741 14097.13 1.53 427679 543536.64 20.46 370 468.46 1.53 9756 16155.03 20.46 112 0 198 3248 0 5742 17.5 18.6 18.04 0.03
27000.0 354 301.44 1.5 10186 9027.18 1.5 14709 14091.06 1.53 442388 557627.71 20.46 350 468.41 1.53 10106 16623.44 20.46 112 0 198 3360 0 5940 17.5 18.6 18.04 0.03
27900.0 310 300.66 1.5 10496 9327.84 1.5 14667 14084.23 1.53 457055 571711.93 20.46 310 468.26 1.53 10416 17091.69 20.46 112 0 198 3472 0 6138 17.5 18.6 18.02 0.03
28800.0 310 300.66 1.5 10806 9628.5 1.5 14677 14091.71 1.53 471732 585803.65 20.46 310 468.26 1.53 10726 17559.95 20.46 112 0 198 3584 0 6336 17.5 18.6 18.0 0.03
29700.0 376 300.8 1.5 11182 9929.3 1.5 14733 14088.88 1.53 486465 599892.53 20.46 370 468.41 1.53 11096 18028.36 20.46 112 0 198 3696 0 6534 17.5 18.6 18.0 0.03
30600.0 354 301.43 1.5 11536 10230.73 1.5 14701 14084.32 1.53 501166 613976.84 20.46 350 468.36 1.53 11446 18496.72 20.46 112 0 198 3808 0 6732 17.5 18.6 18.0 0.03
31500.0 310 300.66 1.5 11846 10531.39 1.5 14669 14090.97 1.53 515835 628067.82 20.46 310 468.31 1.53 11756 18965.03 20.46 112 0 198 3920 0 6930 17.4 18.6 17.97 0.03
32400.0 310 300.66 1.5 12156 10832.05 1.5 14678 14096.96 1.53 530513 642164.78 20.46 310 468.31 1.53 12066 19433.33 20.46 112 0 198 4032 0 7128 17.4 18.6 17.96 0.03
33300.0 376 300.8 1.5 12532 11132.85 1.5 14736 14094.13 1.53 545249 656258.9 20.46 370 468.46 1.53 12436 19901.79 20.46 112 0 198 4144 0 7326 17.4 18.5 17.96 0.03
34200.0 354 301.44 1.5 12886 11434.29 1.5 14698 14083.56 1.53 559947 670342.46 20.46 350 468.41 1.53 12786 20370.2 20.46 112 0 198 4256 0 7524 17.4 18.5 17.96 0.03
35100.0 310 300.66 1.5 13196 11734.95 1.5 14666 14090.97 1.53 574613 684433.44 20.46 310 468.31 1.53 13096 20838.51 20.46 112 0 198 4368 0 7722 17.4 18.5 17.94 0.03
36000.0 310 300.66 1.5 13506 12035.61 1.5 14679 14092.46 1.53 589292 698525.9 20.46 310 468.31 1.53 13406 21306.82 20.46 112 0 198 4480 0 7920 17.4 18.5 17.92 0.03
36900.0 376 300.8 1.5 13882 12336.41 1.5 14738 14091.13 1.53 604030 712617.02 20.46 370 468.46 1.53 13776 21775.28 20.46 112 0 198 4592 0 8118 17.4 18.5 17.92 0.03
37800.0 354 301.43 1.5 14236 12637.84 1.5 14692 14069.94 1.53 618722 726686.96 20.46 350 468.31 1.53 14126 22243.58 20.46 112 0 198 4704 0 8316 17.4 18.5 17.92 0.03
38700.0 310 300.65 1.5 14546 12938.5 1.5 14658 14084.85 1.53 633380 740771.81 20.46 310 468.21 1.53 14436 22711.79 20.46 112 0 198 4816 0 8514 17.3 18.5 17.89 0.03
39600.0 310 300.65 1.5 14856 13239.15 1.5 14669 14090.83 1.53 648049 754862.64 20.46 310 468.2 1.53 14746 23179.99 20.46 112 0 198 4928 0 8712 17.3 18.5 17.88 0.04
40500.0 376 300.8 1.5 15232 13539.95 1.5 14726 14091.0 1.53 662775 768953.64 20.46 370 468.36 1.53 15116 23648.35 20.46 112 0 198 5040 0 8910 17.3 18.5 17.88 0.04
41400.0 354 301.44 1.5 15586 13841.39 1.5 14687 14079.06 1.53 677462 783032.7 20.46 350 468.41 1.53 15466 24116.76 20.46 112 0 198 5152 0 9108 17.3 18.5 17.88 0.04
42300.0 310 300.66 1.5 15896 14142.04 1.5 14667 14088.9 1.53 692129 797121.6 20.46 310 468.26 1.53 15776 24585.02 20.46 112 0 198 5264 0 9306 17.3 18.5 17.85 0.04
43200.0 310 300.66 1.5 16206 14442.7 1.5 14673 14093.39 1.53 706802 811214.99 20.46 310 468.26 1.53 16086 25053.28 20.46 112 0 198 5376 0 9504 17.3 18.5 17.84 0.05
44100.0 376 300.8 1.5 16582 14743.5 1.5 14732 14092.05 1.53 721534 825307.05 20.46 370 468.41 1.53 16456 25521.69 20.46 112 0 198 5488 0 9702 17.2 18.4 17.84 0.05
45000.0 354 301.43 1.5 16936 15044.94 1.5 14681 14075.49 1.53 736215 839382.54 20.46 350 468.36 1.53 16806 25990.06 20.46 112 0 198 5600 0 9900 17.2 18.4 17.84 0.05
45900.0 310 300.66 1.5 17246 15345.59 1.5 14653 14079.89 1.53 750868 853462.43 20.46 310 468.26 1.53 17116 26458.32 20.46 112 0 198 5712 0 10098 17.2 18.4 17.81 0.05
46800.0 310 300.66 1.5 17556 15646.25 1.5 14669 14090.37 1.53 765537 867552.8 20.46 310 468.26 1.53 17426 26926.58 20.46 112 0 198 5824 0 10296 17.2 18.5 17.8 0.06
47700.0 376 300.8 1.5 17932 15947.05 1.5 14727 14087.54 1.53 780264 881640.34 20.46 370 468.41 1.53 17796 27394.99 20.46 112 0 198 5936 0 10494 17.2 18.5 17.8 0.06
48600.0 354 301.43 1.5 18286 16248.49 1.5 14684 14073.97 1.53 794948 895714.32 20.46 350 468.36 1.53 18146 27863.35 20.46 112 0 198 6048 0 10692 17.2 18.5 17.8 0.06
49500.0 310 300.66 1.5 18596 16549.15 1.5 14654 14081.97 1.53 809602 909796.29 20.46 310 468.31 1.53 18456 28331.66 20.46 112 0 198 6160 0 10890 17.1 18.5 17.77 0.06
50400.0 310 300.66 1.5 18906 16849.81 1.5 14671 14090.96 1.53 824273 923887.25 20.46 310 468.31 1.53 18766 28799.97 20.46 112 0 198 6272 0 11088 17.1 18.5 17.75 0.07
51300.0 376 300.8 1.5 19282 17150.61 1.5 14731 14091.13 1.53 839004 937978.37 20.46 370 468.46 1.53 19136 29268.43 20.46 112 0 198 6384 0 11286 17.1 18.5 17.75 0.07
52200.0 354 301.44 1.5 19636 17452.05 1.5 14685 14074.56 1.53 853689 952052.94 20.46 350 468.41 1.53 19486 29736.84 20.46 112 0 198 6496 0 11484 17.1 18.5 17.75 0.07
53100.0 310 300.66 1.5 19946 17752.7 1.5 14643 14074.47 1.53 868332 966127.41 20.46 310 468.31 1.53 19796 30205.14 20.46 112 0 198 6608 0 11682 17.1 18.5 17.74 0.07
54000.0 310 300.66 1.5 20256 18053.36 1.5 14651 14077.46 1.53 882983 980204.87 20.46 310 468.31 1.53 20106 30673.45 20.46 112 0 198 6720 0 11880 17.1 18.6 17.73 0.07
54900.0 376 300.8 1.5 20632 18354.17 1.5 14709 14077.63 1.53 897692 994282.5 20.46 370 468.46 1.53 20476 31141.91 20.46 112 0 198 6832 0 12078 17.1 18.6 17.73 0.07
55800.0 354 301.44 1.5 20986 18655.6 1.5 14673 14068.56 1.53 912365 1008351.06 20.46 350 468.41 1.53 20826 31610.32 20.46 112 0 198 6944 0 12276 17.1 18.6 17.73 0.07
56700.0 310 300.66 1.5 21296 18956.26 1.5 14652 14078.97 1.53 927017 1022430.03 20.46 310 468.31 1.53 21136 32078.63 20.46 112 0 198 7056 0 12474 17.1 18.6 17.7 0.08
57600.0 310 300.66 1.5 21606 19256.92 1.5 14666 14087.96 1.53 941683 1036517.99 20.46 310 468.31 1.53 21446 32546.93 20.46 112 0 198 7168 0 12672 17.1 18.6 17.69 0.09
58500.0 376 300.8 1.5 21982 19557.73 1.5 14726 14088.13 1.53 956409 1050606.12 20.46 370 468.46 1.53 21816 33015.39 20.46 112 0 198 7280 0 12870 17.1 18.6 17.69 0.09
59400.0 354 301.43 1.5 22336 19859.16 1.5 14675 14069.24 1.53 971084 1064675.35 20.46 350 468.36 1.53 22166 33483.75 20.46 112 0 198 7392 0 13068 17.1 18.6 17.69 0.09
60300.0 310 300.66 1.5 22646 20159.82 1.5 14643 14075.15 1.53 985727 1078750.5 20.46 310 468.26 1.53 22476 33952.01 20.46 112 0 198 7504 0 13266 17.0 18.6 17.67 0.09
61200.0 310 300.66 1.5 22956 20460.47 1.5 14653 14081.13 1.53 1000380 1092831.64 20.46 310 468.26 1.53 22786 34420.26 20.46 112 0 198 7616 0 13464 17.0 18.6 17.66 0.09
62100.0 376 300.8 1.5 23332 20761.27 1.5 14712 14081.3 1.53 1015092 1106912.94 20.46 370 468.41 1.53 23156 34888.67 20.46 112 0 198 7728 0 13662 17.0 18.6 17.66 0.1
63000.0 354 301.43 1.5 23686 21062.7 1.5 14669 14063.83 1.53 1029761 1120976.77 20.46 350 468.3 1.53 23506 35356.97 20.46 112 0 198 7840 0 13860 17.0 18.6 17.66 0.1
63900.0 310 300.65 1.5 23996 21363.36 1.5 14633 14064.78 1.53 1044394 1135041.55 20.46 310 468.16 1.53 23816 35825.13 20.46 112 0 198 7952 0 14058 17.0 18.6 17.65 0.1
64800.0 310 300.65 1.5 24306 21664.01 1.5 14643 14069.26 1.53 1059037 1149110.81 20.46 310 468.16 1.53 24126 36293.29 20.46 112 0 198 8064 0 14256 17.0 18.6 17.64 0.11
65700.0 376 300.72 1.5 24682 21964.73 1.5 14703 14069.23 1.53 1073740 1163180.04 20.46 370 468.31 1.53 24496 36761.6 20.46 112 0 198 8176 0 14454 17.0 18.6 17.64 0.11
66600.0 354 301.43 1.5 25036 22266.16 1.5 14669 14059.89 1.53 1088409 1177239.93 20.46 350 468.25 1.53 24846 37229.85 20.46 112 0 198 8288 0 14652 17.0 18.6 17.64 0.11
67500.0 310 300.65 1.5 25346 22566.8 1.5 14625 14053.22 1.53 1103034 1191293.15 20.46 310 468.1 1.53 25156 37697.96 20.46 112 0 198 8400 0 14850 17.0 18.6 17.63 0.1
68400.0 310 300.65 1.5 25656 22867.45 1.5 14627 14054.7 1.53 1117661 1205347.85 20.46 310 468.1 1.53 25466 38166.06 20.46 112 0 198 8512 0 15048 17.0 18.7 17.62 0.11
69300.0 376 300.79 1.5 26032 23168.24 1.5 14686 14053.37 1.53 1132347 1219401.22 20.46 370 468.25 1.53 25836 38634.31 20.46 112 0 198 8624 0 15246 17.0 18.7 17.62 0.11
70200.0 354 301.43 1.5 26386 23469.67 1.5 14649 14044.54 1.53 1146996 1233445.76 20.46 350 468.24 1.53 26186 39102.56 20.46 112 0 198 8736 0 15444 17.0 18.7 17.62 0.11
71100.0 310 300.65 1.5 26696 23770.32 1.5 14622 14054.97 1.53 1161618 1247500.73 20.46 310 468.14 1.53 26496 39570.7 20.46 112 0 198 8848 0 15642 17.0 18.7 17.61 0.11
72000.0 310 300.65 1.5 27006 24070.97 1.5 14636 14060.96 1.53 1176254 1261561.69 20.46 310 468.14 1.53 26806 40038.84 20.46 112 0 198 8960 0 15840 17.0 18.7 17.6 0.11
72900.0 376 300.72 1.5 27382 24371.7 1.5 14689 14060.18 1.53 1190943 1275621.88 20.46 370 468.32 1.53 27176 40507.15 20.46 112 0 198 9072 0 16038 17.0 18.7 17.6 0.11
73800.0 354 301.43 1.5 27736 24673.12 1.5 14654 14047.56 1.53 1205597 1289669.44 20.46 350 468.24 1.53 27526 40975.4 20.46 112 0 198 9184 0 16236 17.0 18.7 17.6 0.11
74700.0 310 300.65 1.5 28046 24973.78 1.5 14607 14049.54 1.53 1220204 1303718.98 20.46 310 468.19 1.53 27836 41443.58 20.46 112 0 198 9296 0 16434 17.0 18.7 17.59 0.11
75600.0 310 300.65 1.5 28356 25274.43 1.5 14608 14051.03 1.53 1234812 1317770.01 20.46 310 468.19 1.53 28146 41911.77 20.46 112 0 198 9408 0 16632 17.0 18.7 17.59 0.11
76500.0 376 300.8 1.5 28732 25575.23 1.5 14668 14051.2 1.53 1249480 1331821.21 20.46 370 468.34 1.53 28516 42380.11 20.46 112 0 198 9520 0 16830 17.0 18.7 17.59 0.11
77400.0 354 301.43 1.5 29086 25876.65 1.5 14641 14043.86 1.53 1264121 1345865.07 20.46 350 468.26 1.53 28866 42848.37 20.46 112 0 198 9632 0 17028 17.0 18.7 17.59 0.11
78300.0 310 300.65 1.5 29396 26177.31 1.5 14601 14040.78 1.53 1278722 1359905.85 20.46 310 468.16 1.53 29176 43316.53 20.46 112 0 198 9744 0 17226 17.0 18.7 17.59 0.11
79200.0 310 300.65 1.5 29706 26477.96 1.5 14606 14042.26 1.53 1293328 1373948.1 20.46 310 468.16 1.53 29486 43784.69 20.46 112 0 198 9856 0 17424 17.0 18.6 17.58 0.11
80100.0 376 300.72 1.5 30082 26778.68 1.5 14666 14042.23 1.53 1307994 1387990.34 20.46 370 468.31 1.53 29856 44253.0 20.46 112 0 198 9968 0 17622 17.0 18.6 17.58 0.11
81000.0 354 301.43 1.5 30436 27080.11 1.5 14641 14043.08 1.53 1322635 1402033.41 20.46 350 468.31 1.53 30206 44721.31 20.46 112 0 198 10080 0 17820 17.0 18.6 17.58 0.11
81900.0 310 300.66 1.5 30746 27380.76 1.5 14606 14048.08 1.53 1337241 1416081.49 20.46 310 468.25 1.53 30516 45189.56 20.46 112 0 198 10192 0 18018 17.0 18.6 17.58 0.11
82800.0 310 300.66 1.5 31056 27681.42 1.5 14607 14048.05 1.53 1351848 1430129.55 20.46 310 468.25 1.53 30826 45657.82 20.46 112 0 198 10304 0 18216 17.0 18.6 17.59 0.11
83700.0 376 300.8 1.5 31432 27982.22 1.5 14667 14048.23 1.53 1366515 1444177.78 20.46 370 468.41 1.53 31196 46126.22 20.46 112 0 198 10416 0 18414 17.0 18.6 17.59 0.11
84600.0 354 301.43 1.5 31786 28283.65 1.5 14638 14045.15 1.53 1381153 1458222.93 20.46 350 468.35 1.53 31546 46594.58 20.46 112 0 198 10528 0 18612 17.0 18.6 17.59 0.11
85500.0 310 300.65 1.5 32096 28584.3 1.5 14605 14047.5 1.53 1395758 1472270.43 20.46 310 468.21 1.53 31856 47062.79 20.46 112 0 198 10640 0 18810 17.0 18.6 17.59 0.1
86400.0 310 300.65 1.5 32406 28884.96 1.5 14603 14047.47 1.53 1410361 1486317.89 20.46 310 468.21 1.53 32166 47530.99 20.46 112 0 198 10752 0 19008 17.0 18.6 17.59 0.1
87300.0 376 300.8 1.5 32782 29185.75 1.5 14663 14047.65 1.53 1425024 1500365.54 20.46 370 468.36 1.53 32536 47999.35 20.46 112 0 198 10864 0 19206 17.0 18.6 17.59 0.1
88200.0 354 301.43 1.5 33136 29487.19 1.5 14632 14042.47 1.53 1439656 1514408.01 20.46 350 468.36 1.53 32886 48467.72 20.46 112 0 198 10976 0 19404 17.0 18.6 17.59 0.1
89100.0 310 300.66 1.5 33446 29787.85 1.5 14637 14063.97 1.53 1454293 1528471.98 20.46 310 468.31 1.53 33196 48936.02 20.46 112 0 198 11088 0 19602 17.0 18.6 17.62 0.07
90000.0 310 300.66 1.5 33756 30088.51 1.5 14679 14095.46 1.53 1468972 1542567.44 20.46 310 468.31 1.53 33506 49404.33 20.46 112 0 198 11200 0 19800 17.1 18.5 17.68 0.04
90900.0 376 300.8 1.5 34132 30389.31 1.5 14739 14095.63 1.53 1483711 1556663.07 20.46 370 468.46 1.53 33876 49872.79 20.46 112 0 198 11312 0 19998 17.1 18.5 17.68 0.04
91800.0 354 301.43 1.5 34486 30690.74 1.5 14699 14081.18 1.53 1498410 1570744.24 20.46 350 468.29 1.53 34226 50341.08 20.46 112 0 198 11424 0 20196 17.1 21.0 17.69 0.08
92700.0 310 300.65 1.5 34796 30991.39 1.5 14720 14106.76 1.53 1513130 1584851.01 20.46 310 468.09 1.53 34536 50809.17 20.46 112 0 198 11536 0 20394 17.1 23.8 19.34 1.99
93600.0 310 300.65 1.5 35106 31292.04 1.5 14724 14108.24 1.53 1527854 1598959.25 20.46 310 468.09 1.53 34846 51277.26 20.46 112 0 198 11648 0 20592 17.1 23.8 20.48 4.74
94500.0 376 300.79 1.5 35482 31592.83 1.5 14783 14108.41 1.53 1542637 1613067.65 20.46 370 468.24 1.53 35216 51745.51 20.46 112 0 198 11760 0 20790 17.1 23.8 20.52 4.79
95400.0 354 301.43 1.5 35836 31894.25 1.5 14760 14106.84 1.53 1557397 1627174.49 20.46 350 468.19 1.53 35566 52213.7 20.46 112 0 198 11872 0 20988 17.1 23.9 20.52 4.79
96300.0 310 300.65 1.5 36146 32194.9 1.5 14721 14106.76 1.53 1572118 1641281.25 20.46 310 468.09 1.53 35876 52681.79 20.46 112 0 198 11984 0 21186 17.1 24.0 20.84 4.7
97200.0 310 300.65 1.5 36456 32495.55 1.5 14716 14105.24 1.53 1586834 1655386.49 20.46 310 468.09 1.53 36186 53149.88 20.46 112 0 198 12096 0 21384 17.1 24.0 21.01 4.76
98100.0 376 300.79 1.5 36832 32796.34 1.5 14776 14105.41 1.53 1601610 1669491.9 20.46 370 468.24 1.53 36556 53618.13 20.46 112 0 198 12208 0 21582 17.4 24.0 21.02 4.75
99000.0 354 301.42 1.5 37186 33097.76 1.5 14754 14101.74 1.52 1616364 1683593.64 20.46 350 468.11 1.52 36906 54086.24 20.46 112 0 198 12320 0 21780 17.4 24.0 21.02 4.75
99900.0 310 300.64 1.5 37496 33398.4 1.5 14712 14103.17 1.52 1631076 1697696.81 20.46 310 468.01 1.52 37216 54554.25 20.46 112 0 198 12432 0 21978 17.4 24.0 21.24 4.12
100800.0 310 300.64 1.5 37806 33699.05 1.5 14713 14103.14 1.52 1645789 1711799.96 20.46 310 468.01 1.52 37526 55022.27 20.46 112 0 198 12544 0 22176 17.5 24.0 21.38 3.95
101700.0 376 300.79 1.5 38182 33999.83 1.5 14772 14101.82 1.52 1660561 1725901.78 20.46 370 468.16 1.52 37896 55490.43 20.46 112 0 198 12656 0 22374 17.8 24.0 21.38 3.92
102600.0 354 301.42 1.5 38536 34301.25 1.5 14746 14098.85 1.53 1675307 1740000.62 20.46 350 468.12 1.53 38246 55958.55 20.46 112 0 198 12768 0 22572 17.8 24.0 21.38 3.92
103500.0 310 300.64 1.5 38846 34601.9 1.5 14709 14098.77 1.53 1690016 1754099.39 20.46 310 468.02 1.53 38556 56426.56 20.46 112 0 198 12880 0 22770 17.8 24.0 21.54 3.35
104400.0 310 300.64 1.5 39156 34902.54 1.5 14710 14098.74 1.53 1704726 1768198.14 20.46 310 468.01 1.53 38866 56894.58 20.46 112 0 198 12992 0 22968 18.0 24.0 21.69 3.15
105300.0 376 300.79 1.5 39532 35203.33 1.5 14769 14098.92 1.53 1719495 1782297.06 20.46 370 468.17 1.53 39236 57362.74 20.46 112 0 198 13104 0 23166 18.5 24.0 21.7 3.12
106200.0 354 301.42 1.5 39886 35504.75 1.5 14743 14094.58 1.52 1734238 1796391.64 20.46 350 468.09 1.52 39586 57830.83 20.46 112 0 198 13216 0 23364 18.5 24.0 21.7 3.12
107100.0 310 300.64 1.5 40196 35805.38 1.5 14702 14092.74 1.52 1748940 1810484.38 20.46 310 467.91 1.52 39896 58298.74 20.46 112 0 198 13328 0 23562 18.5 24.0 21.69 2.96
108000.0 310 300.64 1.5 40506 36106.02 1.5 14700 14091.21 1.52 1763640 1824575.59 20.46 310 467.91 1.52 40206 58766.66 20.46 112 0 198 13440 0 23760 18.8 24.0 21.7 2.92
108900.0 376 300.78 1.5 40882 36406.8 1.5 14754 14085.39 1.52 1778394 1838660.98 20.46 370 468.07 1.52 40576 59234.72 20.46 112 0 198 13552 0 23958 18.9 24.0 21.71 2.91
109800.0 354 301.41 1.5 41236 36708.21 1.5 14734 14085.31 1.52 1793128 1852746.29 20.46 350 468.01 1.52 40926 59702.74 20.46 112 0 198 13664 0 24156 18.9 24.0 21.71 2.91
110700.0 310 300.64 1.5 41546 37008.85 1.5 14694 14083.74 1.52 1807822 1866830.03 20.46 310 467.91 1.52 41236 60170.65 20.46 112 0 198 13776 0 24354 18.9 24.0 21.6 2.86
111600.0 310 300.64 1.5 41856 37309.49 1.5 14690 14083.71 1.52 1822512 1880913.74 20.46 310 467.91 1.52 41546 60638.57 20.46 112 0 198 13888 0 24552 18.9 24.0 21.54 2.72
112500.0 376 300.78 1.5 42232 37610.27 1.5 14745 14080.89 1.52 1837257 1894994.63 20.46 370 468.07 1.52 41916 61106.63 20.46 112 0 198 14000 0 24750 18.9 23.9 21.54 2.72
113400.0 354 301.41 1.5 42586 37911.68 1.5 14723 14080.81 1.52 1851980 1909075.44 20.46 350 468.01 1.52 42266 61574.65 20.46 112 0 198 14112 0 24948 18.9 23.9 21.54 2.72
114300.0 310 300.64 1.5 42896 38212.32 1.5 14693 14083.74 1.52 1866673 1923159.18 20.46 310 467.91 1.52 42576 62042.56 20.46 112 0 198 14224 0 25146 18.9 23.8 22.87 0.88
115200.0 310 300.64 1.5 43206 38512.95 1.5 14694 14083.71 1.52 1881367 1937242.89 20.46 310 467.91 1.52 42886 62510.48 20.46 112 0 198 14336 0 25344 18.9 24.0 23.48 0.17
116100.0 376 300.78 1.5 43582 38813.73 1.5 14753 14083.89 1.52 1896120 1951326.78 20.46 370 468.07 1.52 43256 62978.54 20.46 112 0 198 14448 0 25542 22.6 24.0 23.51 0.03
117000.0 354 301.41 1.5 43936 39115.15 1.5 14728 14083.81 1.52 1910848 1965410.59 20.46 350 468.01 1.52 43606 63446.56 20.46 112 0 198 14560 0 25740 22.6 24.0 23.51 0.03
117900.0 310 300.64 1.5 44246 39415.78 1.5 14688 14083.74 1.52 1925536 1979494.33 20.46 310 467.91 1.52 43916 63914.47 20.46 112 0 198 14672 0 25938 22.6 24.0 23.55 0.02
118800.0 310 300.64 1.5 44556 39716.42 1.5 14686 14082.21 1.52 1940222 1993576.54 20.46 310 467.91 1.52 44226 64382.38 20.46 112 0 198 14784 0 26136 22.7 24.0 23.6 0.02
119700.0 376 300.78 1.5 44932 40017.2 1.5 14745 14082.39 1.52 1954967 2007658.93 20.46 370 468.07 1.52 44596 64850.45 20.46 112 0 198 14896 0 26334 22.7 24.0 23.6 0.02
120600.0 354 301.41 1.5 45286 40318.61 1.5 14725 14082.31 1.52 1969692 2021741.24 20.46 350 468.01 1.52 44946 65318.47 20.46 112 0 198 15008 0 26532 22.7 24.0 23.6 0.02
121500.0 310 300.64 1.5 45596 40619.25 1.5 14683 14080.74 1.52 1984375 2035821.98 20.46 310 467.91 1.52 45256 65786.38 20.46 112 0 198 15120 0 26730 22.7 24.0 23.64 0.01
122400.0 310 300.64 1.5 45906 40919.89 1.5 14678 14076.21 1.52 1999053 2049898.19 20.46 310 467.91 1.52 45566 66254.29 20.46 112 0 198 15232 0 26928 22.8 24.0 23.66 0.01
123300.0 376 300.78 1.5 46282 41220.67 1.5 14737 14076.39 1.52 2013790 2063974.58 20.46 370 468.07 1.52 45936 66722.36 20.46 112 0 198 15344 0 27126 22.8 24.0 23.67 0.01
124200.0 354 301.41 1.5 46636 41522.08 1.5 14717 14076.31 1.52 2028507 2078050.89 20.46 350 468.01 1.52 46286 67190.37 20.46 112 0 198 15456 0 27324 22.8 24.0 23.67 0.01
125100.0 310 300.64 1.5 46946 41822.72 1.5 14674 14073.24 1.52 2043181 2092124.13 20.46 310 467.91 1.52 46596 67658.29 20.46 112 0 198 15568 0 27522 22.8 24.0 23.69 0.01
126000.0 310 300.64 1.5 47256 42123.36 1.5 14674 14073.21 1.52 2057855 2106197.34 20.46 310 467.91 1.52 46906 68126.2 20.46 112 0 198 15680 0 27720 22.9 24.0 23.72 0.01
126900.0 376 300.78 1.5 47632 42424.14 1.5 14734 14073.39 1.52 2072589 2120270.73 20.46 370 468.07 1.52 47276 68594.27 20.46 112 0 198 15792 0 27918 22.9 24.0 23.72 0.01
127800.0 354 301.41 1.5 47986 42725.55 1.5 14710 14070.31 1.52 2087299 2134341.04 20.46 350 468.01 1.52 47626 69062.28 20.46 112 0 198 15904 0 28116 22.9 24.0 23.72 0.01
128700.0 310 300.64 1.5 48296 43026.19 1.5 14670 14070.24 1.52 2101969 2148411.28 20.46 310 467.91 1.52 47936 69530.2 20.46 112 0 198 16016 0 28314 22.9 24.0 23.75 0.01
129600.0 310 300.64 1.5 48606 43326.82 1.5 14669 14070.21 1.52 2116638 2162481.49 20.46 310 467.91 1.52 48246 69998.11 20.46 112 0 198 16128 0 28512 23.1 24.0 23.77 0.01
130500.0 376 300.78 1.5 48982 43627.6 1.5 14728 14070.39 1.52 2131366 2176551.88 20.46 370 468.07 1.52 48616 70466.18 20.46 112 0 198 16240 0 28710 23.1 24.0 23.77 0.01
131400.0 354 301.41 1.5 49336 43929.02 1.5 14708 14070.31 1.52 2146074 2190622.19 20.46 350 468.01 1.52 48966 70934.19 20.46 112 0 198 16352 0 28908 23.1 24.0 23.77 0.01
132300.0 310 300.64 1.5 49646 44229.65 1.5 14668 14070.24 1.52 2160742 2204692.43 20.46 310 467.91 1.52 49276 71402.11 20.46 112 0 198 16464 0 29106 23.1 24.0 23.79 0.01
133200.0 310 300.64 1.5 49956 44530.29 1.5 14667 14068.71 1.52 2175409 2218761.14 20.46 310 467.91 1.52 49586 71870.02 20.46 112 0 198 16576 0 29304 23.2 24.0 23.81 0.01
134100.0 376 300.78 1.5 50332 44831.07 1.5 14727 14068.89 1.52 2190136 2232830.03 20.46 370 468.07 1.52 49956 72338.09 20.46 112 0 198 16688 0 29502 23.2 24.0 23.81 0.01
135000.0 354 301.41 1.5 50686 45132.48 1.5 14706 14068.81 1.52 2204842 2246898.84 20.46 350 468.01 1.52 50306 72806.1 20.46 112 0 198 16800 0 29700 23.2 24.0 23.81 0.01
135900.0 310 300.64 1.5 50996 45433.12 1.5 14665 14067.24 1.52 2219507 2260966.08 20.46 310 467.91 1.52 50616 73274.02 20.46 112 0 198 16912 0 29898 23.2 24.0 23.84 0.01
136800.0 310 300.64 1.5 51306 45733.76 1.5 14665 14067.21 1.52 2234172 2275033.29 20.46 310 467.91 1.52 50926 73741.93 20.46 112 0 198 17024 0 30096 23.3 24.0 23.84 0.01
137700.0 376 300.78 1.5 51682 46034.54 1.5 14724 14067.39 1.52 2248896 2289100.68 20.46 370 468.07 1.52 51296 74210.0 20.46 112 0 198 17136 0 30294 23.3 24.0 23.85 0.01
138600.0 354 301.41 1.5 52036 46335.95 1.5 14703 14067.31 1.52 2263599 2303167.99 20.46 350 468.01 1.52 51646 74678.01 20.46 112 0 198 17248 0 30492 23.3 24.0 23.85 0.01
139500.0 310 300.64 1.5 52346 46636.59 1.5 14663 14067.24 1.52 2278262 2317235.23 20.46 310 467.91 1.52 51956 75145.92 20.46 112 0 198 17360 0 30690 23.3 24.0 23.86 0.01
140400.0 310 300.64 1.5 52656 46937.22 1.5 14663 14067.21 1.52 2292925 2331302.44 20.46 310 467.91 1.52 52266 75613.84 20.46 112 0 198 17472 0 30888 23.4 24.0 23.86 0.01
141300.0 376 300.78 1.5 53032 47238.0 1.5 14721 14065.89 1.52 2307646 2345368.33 20.46 370 468.07 1.52 52636 76081.9 20.46 112 0 198 17584 0 31086 23.4 24.0 23.86 0.01
142200.0 354 301.41 1.5 53386 47539.42 1.5 14701 14065.81 1.52 2322347 2359434.14 20.46 350 468.01 1.52 52986 76549.92 20.46 112 0 198 17696 0 31284 23.4 24.0 23.86 0.01
143100.0 310 300.64 1.5 53696 47840.05 1.5 14658 14062.74 1.52 2337005 2373496.88 20.46 310 467.91 1.52 53296 77017.83 20.46 112 0 198 17808 0 31482 23.4 24.0 23.88 0.01
144000.0 310 300.64 1.5 54006 48140.69 1.5 14653 14062.71 1.52 2351658 2387559.59 20.46 310 467.91 1.52 53606 77485.75 20.46 112 0 198 17920 0 31680 23.5 24.0 23.89 0.01
144900.0 376 300.78 1.5 54382 48441.47 1.5 14713 14062.89 1.52 2366371 2401622.48 20.46 370 468.07 1.52 53976 77953.81 20.46 112 0 198 18032 0 31878 23.5 24.0 23.89 0.01
145800.0 354 301.41 1.5 54736 48742.88 1.5 14693 14062.81 1.52 2381064 2415685.29 20.46 350 468.01 1.52 54326 78421.83 20.46 112 0 198 18144 0 32076 23.5 24.0 23.89 0.01
146700.0 310 300.64 1.5 55046 49043.52 1.5 14648 14061.24 1.52 2395712 2429746.53 20.46 310 467.91 1.52 54636 78889.74 20.46 112 0 198 18256 0 32274 23.5 24.0 23.89 0.01
147600.0 310 300.64 1.5 55356 49344.16 1.5 14647 14061.21 1.52 2410359 2443807.74 20.46 310 467.91 1.52 54946 79357.66 20.46 112 0 198 18368 0 32472 23.6 24.0 23.89 0.01
148500.0 376 300.78 1.5 55732 49644.94 1.5 14706 14061.39 1.52 2425065 2457869.13 20.46 370 468.07 1.52 55316 79825.72 20.46 112 0 198 18480 0 32670 23.6 24.0 23.89 0.01
149400.0 354 301.41 1.5 56086 49946.35 1.5 14685 14061.31 1.52 2439750 2471930.44 20.46 350 468.01 1.52 55666 80293.74 20.46 112 0 198 18592 0 32868 23.6 24.0 23.89 0.01
150300.0 310 300.64 1.5 56396 50246.99 1.5 14645 14061.24 1.52 2454395 2485991.67 20.46 310 467.91 1.52 55976 80761.65 20.46 112 0 198 18704 0 33066 23.6 24.0 23.9 0.01
151200.0 310 300.64 1.5 56706 50547.62 1.5 14644 14059.71 1.52 2469039 2500051.38 20.46 310 467.91 1.52 56286 81229.56 20.46 112 0 198 18816 0 33264 23.7 24.0 23.9 0.01
152100.0 376 300.78 1.5 57082 50848.4 1.5 14697 14056.89 1.52 2483736 2514108.27 20.46 370 468.07 1.52 56656 81697.63 20.46 112 0 198 18928 0 33462 23.7 24.0 23.9 0.01
153000.0 354 301.41 1.5 57436 51149.82 1.5 14677 14056.81 1.52 2498413 2528165.08 20.46 350 468.01 1.52 57006 82165.65 20.46 112 0 198 19040 0 33660 23.7 24.0 23.9 0.01
153900.0 310 300.64 1.5 57746 51450.45 1.5 14636 14056.74 1.52 2513049 2542221.82 20.46 310 467.91 1.52 57316 82633.56 20.46 112 0 198 19152 0 33858 23.7 24.0 23.89 0.01
154800.0 310 300.64 1.5 58056 51751.09 1.5 14632 14055.21 1.52 2527681 2556277.03 20.46 310 467.91 1.52 57626 83101.47 20.46 112 0 198 19264 0 34056 23.6 24.0 23.89 0.01
155700.0 376 300.78 1.5 58432 52051.87 1.5 14692 14055.39 1.52 2542373 2570332.42 20.46 370 468.07 1.52 57996 83569.54 20.46 112 0 198 19376 0 34254 23.6 24.0 23.89 0.01
156600.0 354 301.41 1.5 58786 52353.29 1.5 14672 14055.31 1.52 2557045 2584387.73 20.46 350 468.01 1.52 58346 84037.55 20.46 112 0 198 19488 0 34452 23.6 24.0 23.89 0.01
157500.0 310 300.64 1.5 59096 52653.92 1.5 14629 14050.74 1.52 2571674 2598438.47 20.46 310 467.91 1.52 58656 84505.47 20.46 112 0 198 19600 0 34650 23.6 24.0 23.89 0.01
158400.0 310 300.64 1.5 59406 52954.56 1.5 14629 14050.71 1.52 2586303 2612489.18 20.46 310 467.91 1.52 58966 84973.38 20.46 112 0 198 19712 0 34848 23.5 24.0 23.89 0.01
159300.0 376 300.78 1.5 59782 53255.34 1.5 14688 14049.39 1.52 2600991 2626538.57 20.46 370 468.07 1.52 59336 85441.45 20.46 112 0 198 19824 0 35046 23.5 24.0 23.89 0.01
160200.0 354 301.41 1.5 60136 53556.75 1.5 14665 14046.31 1.52 2615656 2640584.88 20.46 350 468.01 1.52 59686 85909.46 20.46 112 0 198 19936 0 35244 23.5 24.0 23.89 0.01
161100.0 310 300.64 1.5 60446 53857.39 1.5 14625 14046.24 1.52 2630281 2654631.12 20.46 310 467.91 1.52 59996 86377.38 20.46 112 0 198 20048 0 35442 23.5 24.0 23.86 0.01
162000.0 310 300.64 1.5 60756 54158.03 1.5 14625 14046.21 1.52 2644906 2668677.33 20.46 310 467.91 1.52 60306 86845.29 20.46 112 0 198 20160 0 35640 23.4 24.0 23.86 0.01
162900.0 376 300.71 1.5 61132 54458.73 1.5 14684 14046.79 1.52 2659590 2682724.12 20.46 370 468.09 1.52 60676 87313.38 20.46 112 0 198 20272 0 35838 23.4 24.0 23.86 0.01
163800.0 354 301.41 1.5 61486 54760.15 1.5 14664 14046.31 1.52 2674254 2696770.43 20.46 350 468.01 1.52 61026 87781.39 20.46 112 0 198 20384 0 36036 23.4 24.0 23.86 0.01
164700.0 310 300.64 1.5 61796 55060.78 1.5 14624 14046.24 1.52 2688878 2710816.67 20.46 310 467.91 1.52 61336 88249.31 20.46 112 0 198 20496 0 36234 23.4 24.0 23.84 0.02
165600.0 310 300.64 1.5 62106 55361.42 1.5 14623 14046.21 1.52 2703501 2724862.88 20.46 310 467.91 1.52 61646 88717.22 20.46 112 0 198 20608 0 36432 23.3 24.0 23.83 0.02
166500.0 376 300.78 1.5 62482 55662.2 1.5 14683 14046.39 1.52 2718184 2738909.27 20.46 370 468.07 1.52 62016 89185.29 20.46 112 0 198 20720 0 36630 23.3 24.0 23.83 0.02
167400.0 354 301.41 1.5 62836 55963.61 1.5 14662 14044.81 1.52 2732846 2752954.08 20.46 350 468.01 1.52 62366 89653.3 20.46 112 0 198 20832 0 36828 23.3 24.0 23.83 0.02
168300.0 310 300.64 1.5 63146 56264.25 1.5 14620 14041.74 1.52 2747466 2766995.81 20.46 310 467.91 1.52 62676 90121.21 20.46 112 0 198 20944 0 37026 23.3 24.0 23.81 0.02
169200.0 310 300.64 1.5 63456 56564.89 1.5 14620 14041.71 1.52 2762086 2781037.52 20.46 310 467.91 1.52 62986 90589.13 20.46 112 0 198 21056 0 37224 23.2 24.0 23.8 0.02
170100.0 376 300.71 1.5 63832 56865.6 1.5 14679 14042.29 1.52 2776765 2795079.82 20.46 370 468.09 1.52 63356 91057.21 20.46 112 0 198 21168 0 37422 23.2 24.0 23.8 0.02
171000.0 354 301.41 1.5 64186 57167.01 1.5 14656 14038.81 1.52 2791421 2809118.63 20.46 350 468.01 1.52 63706 91525.23 20.46 112 0 198 21280 0 37620 23.2 24.0 23.8 0.02
171900.0 310 300.64 1.5 64496 57467.65 1.5 14615 14037.24 1.52 2806036 2823155.86 20.46 310 467.91 1.52 64016 91993.14 20.46 112 0 198 21392 0 37818 23.2 24.0 23.77 0.03
172800.0 310 300.64 1.5 64806 57768.28 1.5 14614 14037.21 1.52 2820650 2837193.07 20.46 310 467.91 1.52 64326 92461.06 20.46 112 0 198 21504 0 38016 23.1 24.0 23.75 0.02
173700.0 376 300.78 1.5 65182 58069.06 1.5 14668 14034.39 1.52 2835318 2851227.46 20.46 370 468.07 1.52 64696 92929.12 20.46 112 0 198 21616 0 38214 23.1 24.0 23.75 0.02
174600.0 354 301.41 1.5 65536 58370.48 1.5 14646 14032.81 1.52 2849964 2865260.27 20.46 350 468.01 1.52 65046 93397.14 20.46 112 0 198 21728 0 38412 23.1 24.0 23.75 0.02
175500.0 310 300.64 1.5 65846 58671.11 1.5 14605 14032.74 1.52 2864569 2879293.01 20.46 310 467.91 1.52 65356 93865.05 20.46 112 0 198 21840 0 38610 23.1 24.0 23.72 0.03
176400.0 310 300.64 1.5 66156 58971.75 1.5 14604 14032.71 1.52 2879173 2893325.72 20.46 310 467.91 1.52 65666 94332.96 20.46 112 0 198 21952 0 38808 22.9 24.0 23.69 0.03
177300.0 376 300.78 1.5 66532 59272.53 1.5 14662 14031.39 1.52 2893835 2907357.11 20.46 370 468.07 1.52 66036 94801.03 20.46 112 0 198 22064 0 39006 22.9 23.9 23.69 0.03
178200.0 354 301.41 1.5 66886 59573.94 1.5 14641 14031.31 1.52 2908476 2921388.42 20.46 350 468.01 1.52 66386 95269.05 20.46 112 0 198 22176 0 39204 22.9 23.9 23.69 0.03
179100.0 310 300.64 1.5 67196 59874.58 1.5 14596 14026.74 1.52 2923072 2935415.16 20.46 310 467.91 1.52 66696 95736.96 20.46 112 0 198 22288 0 39402 22.9 23.9 23.63 0.03
180000.0 310 300.64 1.5 67506 60175.22 1.5 14596 14028.21 1.52 2937668 2949443.37 20.46 310 467.91 1.52 67006 96204.87 20.46 112 0 198 22400 0 39600 22.8 23.9 23.6 0.02
180900.0 376 300.78 1.5 67882 60476.0 1.5 14655 14026.89 1.52 2952323 2963470.26 20.46 370 468.07 1.52 67376 96672.94 20.46 112 0 198 22512 0 39798 22.8 23.9 23.6 0.02
181800.0 354 301.41 1.5 68236 60777.41 1.5 14627 14023.81 1.52 2966950 2977494.07 20.46 350 468.01 1.52 67726 97140.95 20.46 112 0 198 22624 0 39996 22.8 23.9 23.59 0.02
182700.0 310 300.64 1.5 68546 61078.05 1.5 14593 14025.24 1.52 2981543 2991519.3 20.46 310 467.91 1.52 68036 97608.87 20.46 112 0 198 22736 0 40194 22.8 23.8 23.53 0.03
183600.0 310 300.64 1.5 68856 61378.68 1.5 14595 14025.21 1.52 2996138 3005544.51 20.46 310 467.91 1.52 68346 98076.78 20.46 112 0 198 22848 0 40392 22.7 23.8 23.46 0.02
184500.0 376 300.78 1.5 69232 61679.46 1.5 14651 14023.89 1.52 3010789 3019568.4 20.46 370 468.07 1.52 68716 98544.85 20.46 112 0 198 22960 0 40590 22.7 23.8 23.46 0.02
185400.0 354 301.41 1.5 69586 61980.88 1.5 14629 14022.31 1.52 3025418 3033590.71 20.46 350 468.01 1.52 69066 99012.86 20.46 112 0 198 23072 0 40788 22.7 23.8 23.46 0.02
186300.0 310 300.64 1.5 69896 62281.51 1.5 14590 14025.24 1.52 3040008 3047615.95 20.46 310 467.91 1.52 69376 99480.78 20.46 112 0 198 23184 0 40986 22.7 23.7 23.36 0.03
187200.0 310 300.64 1.5 70206 62582.15 1.5 14590 14023.71 1.52 3054598 3061639.66 20.46 310 467.91 1.52 69686 99948.69 20.46 112 0 198 23296 0 41184 22.4 23.7 23.28 0.03
188100.0 376 300.78 1.5 70582 62882.93 1.5 14648 14022.39 1.52 3069246 3075662.05 20.46 370 468.07 1.52 70056 100416.76 20.46 112 0 198 23408 0 41382 22.4 23.7 23.28 0.02
189000.0 354 301.41 1.5 70936 63184.34 1.5 14624 14022.31 1.52 3083870 3089684.36 20.46 350 468.01 1.52 70406 100884.77 20.46 112 0 198 23520 0 41580 22.4 23.7 23.28 0.02
189900.0 310 300.64 1.5 71246 63484.98 1.5 14585 14019.24 1.52 3098455 3103703.6 20.46 310 467.91 1.52 70716 101352.69 20.46 112 0 198 23632 0 41778 22.4 23.6 23.15 0.03
190800.0 310 300.64 1.5 71556 63785.62 1.5 14588 14023.71 1.52 3113043 3117727.31 20.46 310 467.91 1.52 71026 101820.6 20.46 112 0 198 23744 0 41976 22.1 23.5 23.04 0.03
191700.0 376 300.78 1.5 71932 64086.4 1.5 14647 14023.89 1.52 3127690 3131751.2 20.46 370 468.07 1.52 71396 102288.67 20.46 112 0 198 23856 0 42174 22.1 23.5 23.03 0.03
192600.0 354 301.41 1.5 72286 64387.81 1.5 14615 14016.31 1.52 3142305 3145767.51 20.46 350 468.01 1.52 71746 102756.68 20.46 112 0 198 23968 0 42372 22.1 23.5 23.03 0.03
193500.0 310 300.64 1.5 72596 64688.45 1.5 14568 14013.24 1.52 3156873 3159780.74 20.46 310 467.91 1.52 72056 103224.6 20.46 112 0 198 24080 0 42570 22.1 23.4 22.89 0.03
194400.0 310 300.64 1.5 72906 64989.09 1.5 14575 14016.21 1.52 3171448 3173796.95 20.46 310 467.91 1.52 72366 103692.51 20.46 112 0 198 24192 0 42768 22.0 23.3 22.75 0.03
195300.0 376 300.78 1.5 73282 65289.87 1.5 14629 14013.39 1.52 3186077 3187810.34 20.46 370 468.07 1.52 72736 104160.58 20.46 112 0 198 24304 0 42966 22.0 23.3 22.74 0.03
196200.0 354 301.41 1.5 73636 65591.28 1.5 14606 14010.31 1.52 3200683 3201820.65 20.46 350 468.01 1.52 73086 104628.59 20.46 112 0 198 24416 0 43164 22.0 23.3 22.74 0.03
197100.0 310 300.64 1.5 73946 65891.92 1.5 14575 14016.24 1.52 3215258 3215836.89 20.46 310 467.91 1.52 73396 105096.5 20.46 112 0 198 24528 0 43362 22.0 23.1 22.59 0.02
198000.0 310 300.64 1.5 74256 66192.55 1.5 14552 14008.71 1.52 3229810 3229845.6 20.46 310 467.91 1.52 73706 105564.42 20.46 112 0 198 24640 0 43560 22.0 23.1 22.44 0.03
198900.0 376 300.78 1.5 74632 66493.33 1.5 14612 14008.89 1.52 3244422 3243854.49 20.46 370 468.07 1.52 74076 106032.48 20.46 112 0 198 24752 0 43758 22.0 23.1 22.43 0.03
199800.0 354 301.41 1.5 74986 66794.75 1.5 14592 14008.81 1.52 3259014 3257863.3 20.46 350 468.01 1.52 74426 106500.5 20.46 112 0 198 24864 0 43956 22.0 23.1 22.43 0.03
200700.0 310 300.64 1.5 75296 67095.38 1.5 14558 14010.24 1.52 3273572 3271873.53 20.46 310 467.91 1.52 74736 106968.41 20.46 112 0 198 24976 0 44154 22.0 22.8 22.28 0.02
201600.0 310 300.64 1.5 75606 67396.02 1.5 14562 14011.71 1.52 3288134 3285885.24 20.46 310 467.91 1.52 75046 107436.33 20.46 112 0 198 25088 0 44352 22.0 22.8 22.2 0.03
202500.0 376 300.78 1.5 75982 67696.8 1.5 14621 14011.89 1.52 3302755 3299897.13 20.46 370 468.07 1.52 75416 107904.39 20.46 112 0 198 25200 0 44550 22.0 22.8 22.2 0.03
203400.0 354 301.41 1.5 76336 67998.21 1.5 14595 14008.81 1.52 3317350 3313905.94 20.46 350 468.01 1.52 75766 108372.41 20.46 112 0 198 25312 0 44748 22.0 22.8 22.2 0.03
204300.0 310 300.64 1.5 76646 68298.85 1.5 14560 14011.74 1.52 3331910 3327917.68 20.46 310 467.91 1.52 76076 108840.32 20.46 112 0 198 25424 0 44946 22.0 22.6 22.08 0.01
205200.0 310 300.64 1.5 76956 68599.49 1.5 14559 14011.71 1.52 3346469 3341929.39 20.46 310 467.91 1.52 76386 109308.24 20.46 112 0 198 25536 0 45144 22.0 22.6 22.08 0.01
206100.0 376 300.71 1.5 77332 68900.19 1.5 14616 14012.29 1.52 3361085 3355941.68 20.46 370 468.09 1.52 76756 109776.32 20.46 112 0 198 25648 0 45342 22.0 22.6 22.07 0.01
207000.0 354 301.41 1.5 77686 69201.61 1.5 14590 14008.81 1.52 3375675 3369950.49 20.46 350 468.01 1.52 77106 110244.34 20.46 112 0 198 25760 0 45540 22.0 22.6 22.07 0.01
207900.0 310 300.64 1.5 77996 69502.25 1.5 14557 14008.74 1.52 3390232 3383959.23 20.46 310 467.91 1.52 77416 110712.25 20.46 112 0 198 25872 0 45738 22.0 22.2 22.03 0.0
208800.0 310 300.64 1.5 78306 69802.88 1.5 14553 14007.21 1.52 3404785 3397966.43 20.46 310 467.91 1.52 77726 111180.16 20.46 112 0 198 25984 0 45936 22.0 22.2 22.03 0.0
209700.0 376 300.78 1.5 78682 70103.66 1.5 14612 14007.39 1.52 3419397 3411973.82 20.46 370 468.07 1.52 78096 111648.23 20.46 112 0 198 26096 0 46134 22.0 22.2 22.03 0.0
210600.0 354 301.41 1.5 79036 70405.08 1.5 14583 14004.31 1.52 3433980 3425978.13 20.46 350 468.01 1.52 78446 112116.24 20.46 112 0 198 26208 0 46332 22.0 22.2 22.03 0.0
211500.0 310 300.64 1.5 79346 70705.71 1.5 14545 14002.74 1.52 3448525 3439980.87 20.46 310 467.91 1.52 78756 112584.16 20.46 112 0 198 26320 0 46530 22.0 22.0 22.0 0.0
212400.0 310 300.64 1.5 79656 71006.35 1.5 14545 14002.71 1.52 3463070 3453983.58 20.46 310 467.91 1.52 79066 113052.07 20.46 112 0 198 26432 0 46728 22.0 22.0 22.0 0.0
213300.0 376 300.71 1.5 80032 71307.06 1.5 14602 14003.29 1.52 3477672 3467986.87 20.46 370 468.09 1.52 79436 113520.16 20.46 112 0 198 26544 0 46926 22.0 22.0 22.0 0.0
214200.0 354 301.41 1.5 80386 71608.47 1.5 14573 13999.81 1.52 3492245 3481986.68 20.46 350 468.01 1.52 79786 113988.17 20.46 112 0 198 26656 0 47124 22.0 22.0 22.0 0.0
215100.0 310 300.64 1.5 80696 71909.11 1.5 14532 13999.74 1.52 3506777 3495986.42 20.46 310 467.91 1.52 80096 114456.09 20.46 112 0 198 26768 0 47322 22.0 22.0 22.0 0.0
216000.0 310 300.64 1.5 81006 72209.74 1.5 14526 13995.21 1.52 3521303 3509981.63 20.46 310 467.91 1.52 80406 114924.0 20.46 112 0 198 26880 0 47520 22.0 22.0 22.0 0.0
216900.0 376 300.78 1.5 81382 72510.52 1.5 14583 13993.89 1.52 3535886 3523975.51 20.46 370 468.07 1.52 80776 115392.07 20.46 112 0 198 26992 0 47718 22.0 22.0 22.0 0.0
217800.0 354 301.41 1.5 81736 72811.94 1.5 14558 13992.31 1.52 3550444 3537967.82 20.46 350 468.01 1.52 81126 115860.08 20.46 112 0 198 27104 0 47916 22.0 22.0 22.0 0.0
218700.0 310 300.64 1.5 82046 73112.57 1.5 14513 13987.74 1.52 3564957 3551955.56 20.46 310 467.91 1.52 81436 116328.0 20.46 112 0 198 27216 0 48114 22.0 22.0 22.0 0.0
219600.0 310 300.64 1.5 82356 73413.21 1.5 14512 13987.71 1.52 3579469 3565943.27 20.46 310 467.91 1.52 81746 116795.91 20.46 112 0 198 27328 0 48312 22.0 22.0 22.0 0.0
220500.0 376 300.78 1.5 82732 73713.99 1.5 14564 13981.89 1.52 3594033 3579925.16 20.46 370 468.07 1.52 82116 117263.97 20.46 112 0 198 27440 0 48510 22.0 22.0 22.0 0.0
221400.0 354 301.42 1.5 83086 74015.41 1.5 14538 13983.16 1.52 3608571 3593908.32 20.46 350 468.04 1.52 82466 117732.02 20.46 112 0 198 27552 0 48708 21.4 22.0 22.0 0.0
222300.0 310 300.64 1.5 83396 74316.05 1.5 14588 14024.39 1.52 3623159 3607932.71 20.46 310 467.96 1.52 82776 118199.98 20.46 112 0 198 27664 0 48906 20.4 22.0 21.33 0.07
223200.0 310 300.64 1.5 83706 74616.69 1.5 14615 14043.87 1.52 3637774 3621976.58 20.46 310 467.96 1.52 83086 118667.94 20.46 112 0 198 27776 0 49104 19.9 22.0 20.59 0.18
224100.0 376 300.78 1.5 84082 74917.47 1.5 14675 14044.04 1.52 3652449 3636020.62 20.46 370 468.11 1.52 83456 119136.06 20.46 112 0 198 27888 0 49302 19.8 21.8 20.57 0.16
225000.0 354 301.42 1.5 84436 75218.88 1.5 14655 14043.37 1.52 3667104 3650063.99 20.46 350 468.05 1.52 83806 119604.11 20.46 112 0 198 28000 0 49500 19.8 21.8 20.57 0.16
225900.0 310 300.64 1.5 84746 75519.52 1.5 14614 14043.61 1.52 3681718 3664107.6 20.46 310 467.96 1.52 84116 120072.06 20.46 112 0 198 28112 0 49698 19.8 21.7 20.51 0.15
226800.0 310 300.64 1.5 85056 75820.16 1.5 14618 14046.59 1.52 3696336 3678154.19 20.46 310 467.95 1.52 84426 120540.02 20.46 112 0 198 28224 0 49896 19.8 21.7 20.48 0.17
227700.0 376 300.78 1.5 85432 76120.95 1.5 14678 14046.76 1.52 3711014 3692200.95 20.46 370 468.11 1.52 84796 121008.12 20.46 112 0 198 28336 0 50094 19.8 21.7 20.48 0.17
228600.0 354 301.42 1.5 85786 76422.36 1.5 14654 14042.74 1.52 3725668 3706243.69 20.46 350 468.07 1.52 85146 121476.19 20.46 112 0 198 28448 0 50292 19.8 21.7 20.48 0.17
229500.0 310 300.64 1.5 86096 76723.0 1.5 14612 14040.63 1.52 3740280 3720284.32 20.46 310 467.96 1.52 85456 121944.15 20.46 112 0 198 28560 0 50490 19.8 21.6 20.45 0.16
230400.0 310 300.64 1.5 86406 77023.64 1.5 14614 14042.11 1.52 3754894 3734326.43 20.46 310 467.96 1.52 85766 122412.11 20.46 112 0 198 28672 0 50688 19.8 21.6 20.45 0.17
231300.0 376 300.71 1.5 86782 77324.35 1.5 14673 14041.21 1.52 3769567 3748367.65 20.46 370 468.13 1.52 86136 122880.23 20.46 112 0 198 28784 0 50886 19.8 21.6 20.45 0.17
232200.0 354 301.42 1.5 87136 77625.77 1.5 14651 14038.87 1.52 3784218 3762406.52 20.46 350 468.05 1.52 86486 123348.28 20.46 112 0 198 28896 0 51084 19.8 21.6 20.45 0.17
233100.0 310 300.64 1.5 87446 77926.41 1.5 14608 14037.81 1.52 3798826 3776444.33 20.46 310 467.96 1.52 86796 123816.24 20.46 112 0 198 29008 0 51282 19.8 21.5 20.48 0.18
234000.0 310 300.64 1.5 87756 78227.05 1.5 14606 14036.29 1.52 3813432 3790480.62 20.46 310 467.96 1.52 87106 124284.2 20.46 112 0 198 29120 0 51480 19.8 21.5 20.49 0.17
234900.0 376 300.78 1.5 88132 78527.83 1.5 14666 14036.46 1.52 3828098 3804517.08 20.46 370 468.11 1.52 87476 124752.31 20.46 112 0 198 29232 0 51678 19.8 21.5 20.49 0.17
235800.0 354 301.42 1.5 88486 78829.24 1.5 14641 14034.4 1.52 3842739 3818551.48 20.46 350 468.05 1.52 87826 125220.36 20.46 112 0 198 29344 0 51876 19.8 21.5 20.49 0.17
236700.0 310 300.64 1.5 88796 79129.88 1.5 14605 14037.99 1.52 3857344 3832589.47 20.46 310 467.93 1.52 88136 125688.3 20.46 112 0 198 29456 0 52074 19.8 21.4 20.5 0.18
237600.0 310 300.64 1.5 89106 79430.52 1.5 14606 14036.47 1.52 3871950 3846625.95 20.46 310 467.93 1.52 88446 126156.23 20.46 112 0 198 29568 0 52272 19.8 21.4 20.54 0.17
238500.0 376 300.71 1.5 89482 79731.23 1.5 14657 14032.55 1.52 3886607 3860658.5 20.46 370 468.1 1.52 88816 126624.33 20.46 112 0 198 29680 0 52470 19.7 21.4 20.55 0.17
239400.0 354 301.42 1.5 89836 80032.64 1.5 14634 14029.81 1.52 3901241 3874688.3 20.46 350 468.05 1.52 89166 127092.38 20.46 112 0 198 29792 0 52668 19.7 21.4 20.55 0.17
240300.0 310 300.64 1.5 90146 80333.28 1.5 14586 14025.22 1.52 3915827 3888713.52 20.46 310 467.95 1.52 89476 127560.32 20.46 112 0 198 29904 0 52866 19.7 21.5 20.56 0.18
241200.0 310 300.64 1.5 90456 80633.92 1.5 14584 14025.2 1.52 3930411 3902738.73 20.46 310 467.95 1.52 89786 128028.27 20.46 112 0 198 30016 0 53064 19.7 21.6 20.59 0.17
242100.0 376 300.78 1.5 90832 80934.7 1.5 14643 14025.37 1.52 3945054 3916764.1 20.46 370 468.1 1.52 90156 128496.37 20.46 112 0 198 30128 0 53262 19.7 21.6 20.59 0.17
243000.0 354 301.42 1.5 91186 81236.12 1.5 14620 14023.62 1.52 3959674 3930787.72 20.46 350 468.04 1.52 90506 128964.41 20.46 112 0 198 30240 0 53460 19.7 21.6 20.59 0.17
243900.0 310 300.64 1.5 91496 81536.76 1.5 14583 14025.52 1.52 3974257 3944813.24 20.46 310 467.95 1.52 90816 129432.37 20.46 112 0 198 30352 0 53658 19.7 21.6 20.6 0.18
244800.0 310 300.64 1.5 91806 81837.4 1.5 14588 14030.0 1.52 3988845 3958843.24 20.46 310 467.95 1.52 91126 129900.32 20.46 112 0 198 30464 0 53856 19.7 21.8 20.63 0.18
245700.0 376 300.78 1.5 92182 82138.18 1.5 14648 14030.17 1.52 4003493 3972873.41 20.46 370 468.11 1.52 91496 130368.43 20.46 112 0 198 30576 0 54054 19.6 21.8 20.63 0.18
246600.0 354 301.42 1.5 92536 82439.6 1.5 14610 14025.82 1.52 4018103 3986899.23 20.46 350 468.06 1.52 91846 130836.48 20.46 112 0 198 30688 0 54252 19.6 21.8 20.63 0.18
247500.0 310 300.64 1.5 92846 82740.24 1.5 14590 14035.94 1.52 4032693 4000935.17 20.46 310 467.95 1.52 92156 131304.44 20.46 112 0 198 30800 0 54450 19.6 21.8 20.59 0.18
248400.0 310 300.64 1.5 93156 83040.87 1.5 14589 14034.41 1.52 4047282 4014969.58 20.46 310 467.95 1.52 92466 131772.39 20.46 112 0 198 30912 0 54648 19.6 21.9 20.61 0.19
249300.0 376 300.78 1.5 93532 83341.66 1.5 14643 14031.59 1.52 4061925 4029001.17 20.46 370 468.1 1.52 92836 132240.49 20.46 112 0 198 31024 0 54846 19.5 21.9 20.61 0.19
250200.0 354 301.42 1.5 93886 83643.07 1.5 14593 14013.22 1.52 4076518 4043014.39 20.46 350 468.05 1.52 93186 132708.54 20.46 112 0 198 31136 0 55044 19.5 21.9 20.61 0.19
251100.0 310 300.64 1.5 94196 83943.71 1.5 14571 14019.24 1.52 4091089 4057033.63 20.46 310 467.95 1.52 93496 133176.49 20.46 112 0 198 31248 0 55242 19.5 21.9 20.57 0.2
252000.0 310 300.64 1.5 94506 84244.35 1.5 14582 14029.72 1.52 4105671 4071063.35 20.46 310 467.95 1.52 93806 133644.43 20.46 112 0 198 31360 0 55440 19.5 22.0 20.55 0.22
252900.0 376 300.78 1.5 94882 84545.13 1.5 14641 14028.39 1.52 4120312 4085091.75 20.46 370 468.1 1.52 94176 134112.53 20.46 112 0 198 31472 0 55638 19.5 22.0 20.55 0.22
253800.0 354 301.42 1.5 95236 84846.55 1.5 14604 14020.62 1.52 4134916 4099112.36 20.46 350 468.04 1.52 94526 134580.58 20.46 112 0 198 31584 0 55836 19.5 22.0 20.55 0.22
254700.0 310 300.64 1.5 95546 85147.19 1.5 14609 14040.18 1.52 4149525 4113152.54 20.46 310 467.95 1.52 94836 135048.52 20.46 112 0 198 31696 0 56034 19.5 22.0 20.43 0.21
255600.0 310 300.64 1.5 95856 85447.83 1.5 14617 14046.16 1.52 4164142 4127198.71 20.46 310 467.95 1.52 95146 135516.47 20.46 112 0 198 31808 0 56232 19.5 21.8 20.39 0.22
256500.0 376 300.78 1.5 96232 85748.61 1.5 14677 14046.33 1.52 4178819 4141245.04 20.46 370 468.1 1.52 95516 135984.57 20.46 112 0 198 31920 0 56430 19.3 21.8 20.39 0.23
257400.0 354 301.42 1.5 96586 86050.02 1.5 14632 14034.04 1.52 4193451 4155279.08 20.46 350 468.04 1.52 95866 136452.61 20.46 112 0 198 32032 0 56628 19.3 21.8 20.39 0.23
258300.0 310 300.64 1.5 96896 86350.66 1.5 14622 14049.4 1.52 4208073 4169328.47 20.46 310 467.95 1.52 96176 136920.56 20.46 112 0 198 32144 0 56826 19.3 21.8 20.24 0.22
259200.0 310 300.64 1.5 97206 86651.3 1.5 14625 14050.88 1.52 4222698 4183379.35 20.46 310 467.95 1.52 96486 137388.51 20.46 112 0 198 32256 0 57024 19.3 21.8 20.15 0.25
260100.0 376 300.78 1.5 97582 86952.08 1.5 14685 14051.05 1.52 4237383 4197430.4 20.46 370 468.1 1.52 96856 137856.61 20.46 112 0 198 32368 0 57222 19.2 21.6 20.14 0.25
261000.0 356 301.5 1.5 97938 87253.58 1.5 14972 137892.36 20.45 4252355 4335322.76 20.46 352 3027.38 20.45 97208 140883.99 20.46 112 0 198 32480 0 57420 19.2 21.6 20.14 0.25
261900.0 310 300.64 1.5 98248 87554.22 1.5 14632 14044.83 1.52 4266987 4349367.59 20.46 310 467.89 1.52 97518 141351.88 20.46 112 0 198 32592 0 57618 18.9 21.6 19.79 0.23
262800.0 310 300.64 1.5 98558 87854.86 1.5 14637 14047.8 1.52 4281624 4363415.39 20.46 310 467.89 1.52 97828 141819.76 20.46 112 0 198 32704 0 57816 18.9 21.6 19.64 0.25
263700.0 376 300.78 1.5 98934 88155.64 1.5 14697 14047.98 1.52 4296321 4377463.37 20.46 370 468.04 1.52 98198 142287.8 20.46 112 0 198 32816 0 58014 18.9 20.8 19.64 0.24
264600.0 356 301.51 1.5 99290 88457.15 1.5 14987 138603.48 20.5 4311308 4516066.86 20.5 352 3043.56 20.5 98550 145331.36 20.5 112 0 198 32928 0 58212 18.9 20.8 19.64 0.24
265500.0 310 300.66 1.5 99600 88757.81 1.5 14716 14111.88 1.53 4326024 4530178.74 20.5 310 468.29 1.53 98860 145799.65 20.5 112 0 198 33040 0 58410 17.3 20.8 18.35 0.26
266400.0 310 300.66 1.5 99910 89058.47 1.5 14742 14123.88 1.53 4340766 4544302.62 20.5 310 468.29 1.53 99170 146267.94 20.5 112 0 198 33152 0 58608 17.3 20.2 17.84 0.06
267300.0 376 300.8 1.5 100286 89359.27 1.5 14802 14124.05 1.53 4355568 4558426.67 20.5 370 468.44 1.53 99540 146736.38 20.5 112 0 198 33264 0 58806 17.3 18.8 17.82 0.02
268200.0 356 301.53 1.5 100642 89660.8 1.5 15093 138895.2 20.5 4370661 4697321.87 20.5 352 3045.01 20.5 99892 149781.39 20.5 112 0 198 33376 0 59004 17.3 18.8 17.82 0.02
269100.0 310 300.66 1.5 100952 89961.46 1.5 14743 14127.3 1.53 4385404 4711449.17 20.5 310 468.3 1.53 100202 150249.69 20.5 112 0 198 33488 0 59202 17.3 18.8 17.8 0.02
270000.0 310 300.66 1.5 101262 90262.12 1.5 14744 14127.28 1.53 4400148 4725576.45 20.5 310 468.3 1.53 100512 150718.0 20.5 112 0 198 33600 0 59400 17.3 18.7 17.78 0.02
270900.0 376 300.8 1.5 101638 90562.92 1.5 14804 14127.45 1.53 4414952 4739703.9 20.5 370 468.45 1.53 100882 151186.45 20.5 112 0 198 33712 0 59598 17.3 18.7 17.78 0.02
271800.0 354 301.44 1.5 101992 90864.36 1.5 14779 14125.71 1.53 4429731 4753829.61 20.5 350 468.4 1.53 101232 151654.85 20.5 112 0 198 33824 0 59796 17.3 18.7 17.78 0.02
272700.0 310 300.66 1.5 102302 91165.02 1.5 14740 14127.11 1.53 4444471 4767956.72 20.5 310 468.3 1.53 101542 152123.15 20.5 112 0 198 33936 0 59994 17.3 18.7 17.76 0.02
273600.0 310 300.66 1.5 102612 91465.68 1.5 14740 14127.11 1.53 4459211 4782083.83 20.5 310 468.3 1.53 101852 152591.44 20.5 112 0 198 34048 0 60192 17.3 18.6 17.75 0.02
274500.0 376 300.8 1.5 102988 91766.48 1.5 14797 14125.77 1.53 4474008 4796209.59 20.5 370 468.45 1.53 102222 153059.89 20.5 112 0 198 34160 0 60390 17.3 18.6 17.75 0.02
275400.0 354 301.44 1.5 103342 92067.92 1.5 14775 14125.66 1.53 4488783 4810335.26 20.5 350 468.43 1.53 102572 153528.32 20.5 112 0 198 34272 0 60588 17.3 18.6 17.75 0.02
276300.0 310 300.66 1.5 103652 92368.58 1.5 14736 14126.06 1.53 4503519 4824461.32 20.5 310 468.28 1.53 102882 153996.6 20.5 112 0 198 34384 0 60786 17.3 18.6 17.73 0.02
277200.0 310 300.66 1.5 103962 92669.24 1.5 14735 14124.54 1.53 4518254 4838585.86 20.5 310 468.27 1.53 103192 154464.87 20.5 112 0 198 34496 0 60984 17.3 18.5 17.72 0.02
278100.0 376 300.73 1.5 104338 92969.97 1.5 14796 14127.04 1.53 4533050 4852712.9 20.5 370 468.45 1.53 103562 154933.33 20.5 112 0 198 34608 0 61182 17.3 18.5 17.72 0.02
279000.0 354 301.43 1.5 104692 93271.4 1.5 14770 14117.36 1.53 4547820 4866830.26 20.5 350 468.35 1.53 103912 155401.67 20.5 112 0 198 34720 0 61380 17.3 18.5 17.72 0.02
279900.0 310 300.66 1.5 105002 93572.06 1.5 14728 14118.29 1.53 4562548 4880948.55 20.5 310 468.3 1.53 104222 155869.97 20.5 112 0 198 34832 0 61578 17.3 18.5 17.71 0.02
280800.0 310 300.66 1.5 105312 93872.72 1.5 14730 14116.78 1.53 4577278 4895065.33 20.5 310 468.3 1.53 104532 156338.28 20.5 112 0 198 34944 0 61776 17.3 18.4 17.7 0.02
281700.0 376 300.8 1.5 105688 94173.52 1.5 14790 14118.45 1.53 4592068 4909183.78 20.5 370 468.45 1.53 104902 156806.73 20.5 112 0 198 35056 0 61974 17.3 18.4 17.7 0.02
282600.0 354 301.44 1.5 106042 94474.96 1.5 14765 14115.95 1.53 4606833 4923299.73 20.5 350 468.38 1.53 105252 157275.11 20.5 112 0 198 35168 0 62172 17.3 18.4 17.7 0.02
283500.0 310 300.66 1.5 106352 94775.62 1.5 14725 14116.64 1.53 4621558 4937416.37 20.5 310 468.23 1.53 105562 157743.34 20.5 112 0 198 35280 0 62370 17.3 18.4 17.69 0.01
284400.0 310 300.66 1.5 106662 95076.28 1.5 14726 14116.63 1.53 4636284 4951533.0 20.5 310 468.23 1.53 105872 158211.57 20.5 112 0 198 35392 0 62568 17.3 18.3 17.69 0.01
285300.0 376 300.8 1.5 107038 95377.08 1.5 14786 14118.29 1.53 4651070 4965651.29 20.5 370 468.38 1.53 106242 158679.96 20.5 112 0 198 35504 0 62766 17.3 18.3 17.68 0.01
286200.0 354 301.43 1.5 107392 95678.51 1.5 14763 14116.04 1.53 4665833 4979767.34 20.5 350 468.35 1.53 106592 159148.31 20.5 112 0 198 35616 0 62964 17.3 18.3 17.68 0.01
287100.0 310 300.66 1.5 107702 95979.17 1.5 14721 14115.6 1.53 4680554 4993882.94 20.5 310 468.24 1.53 106902 159616.55 20.5 112 0 198 35728 0 63162 17.3 18.3 17.68 0.01
288000.0 310 300.66 1.5 108012 96279.82 1.5 14720 14112.58 1.53 4695274 5007995.52 20.5 310 468.24 1.53 107212 160084.79 20.5 112 0 198 35840 0 63360 17.3 18.2 17.68 0.01
288900.0 376 300.8 1.5 108388 96580.62 1.5 14781 14114.25 1.53 4710055 5022109.77 20.5 370 468.39 1.53 107582 160553.19 20.5 112 0 198 35952 0 63558 17.3 18.2 17.68 0.01
289800.0 354 301.44 1.5 108742 96882.06 1.5 14757 14112.64 1.53 4724812 5036222.42 20.5 350 468.38 1.53 107932 161021.56 20.5 112 0 198 36064 0 63756 17.3 18.2 17.68 0.01
290700.0 310 300.66 1.5 109052 97182.72 1.5 14715 14116.57 1.53 4739527 5050338.99 20.5 310 468.33 1.53 108242 161489.89 20.5 112 0 198 36176 0 63954 17.3 18.2 17.67 0.01
291600.0 310 300.66 1.5 109362 97483.38 1.5 14712 14115.07 1.53 4754239 5064454.05 20.5 310 468.33 1.53 108552 161958.22 20.5 112 0 198 36288 0 64152 17.3 18.1 17.67 0.01
292500.0 376 300.81 1.5 109738 97784.19 1.5 14773 14116.72 1.53 4769012 5078570.78 20.5 370 468.48 1.53 108922 162426.71 20.5 112 0 198 36400 0 64350 17.3 18.1 17.67 0.01
293400.0 354 301.44 1.5 110092 98085.63 1.5 14748 14112.17 1.53 4783760 5092682.94 20.5 350 468.43 1.53 109272 162895.14 20.5 112 0 198 36512 0 64548 17.3 18.1 17.67 0.01
294300.0 310 300.66 1.5 110402 98386.29 1.5 14713 14112.38 1.53 4798473 5106795.33 20.5 310 468.3 1.53 109582 163363.44 20.5 112 0 198 36624 0 64746 17.3 18.1 17.67 0.01
295200.0 310 300.66 1.5 110712 98686.95 1.5 14710 14110.87 1.53 4813183 5120906.2 20.5 310 468.3 1.53 109892 163831.74 20.5 112 0 198 36736 0 64944 17.4 18.0 17.67 0.01
296100.0 376 300.8 1.5 111088 98987.75 1.5 14771 14112.54 1.53 4827954 5135018.73 20.5 370 468.46 1.53 110262 164300.2 20.5 112 0 198 36848 0 65142 17.4 18.0 17.67 0.01
297000.0 354 301.44 1.5 111442 99289.19 1.5 14749 14110.97 1.53 4842703 5149129.71 20.5 350 468.4 1.53 110612 164768.6 20.5 112 0 198 36960 0 65340 17.4 18.0 17.67 0.01
297900.0 310 300.66 1.5 111752 99589.85 1.5 14712 14115.07 1.53 4857415 5163244.78 20.5 310 468.33 1.53 110922 165236.93 20.5 112 0 198 37072 0 65538 17.4 18.0 17.67 0.01
298800.0 310 300.66 1.5 112062 99890.51 1.5 14709 14113.57 1.53 4872124 5177358.34 20.5 310 468.33 1.53 111232 165705.26 20.5 112 0 198 37184 0 65736 17.4 18.0 17.67 0.01
299700.0 376 300.81 1.5 112438 100191.32 1.5 14770 14115.22 1.53 4886894 5191473.57 20.5 370 468.48 1.53 111602 166173.75 20.5 112 0 198 37296 0 65934 17.4 18.0 17.67 0.01
300600.0 354 301.44 1.5 112792 100492.76 1.5 14737 14106.17 1.53 4901631 5205579.73 20.5 350 468.43 1.53 111952 166642.18 20.5 112 0 198 37408 0 66132 17.4 18.0 17.67 0.01
301500.0 310 300.66 1.5 113102 100793.42 1.5 14700 14105.49 1.53 4916331 5219685.23 20.5 310 468.28 1.53 112262 167110.46 20.5 112 0 198 37520 0 66330 17.4 18.0 17.67 0.01
302400.0 310 300.66 1.5 113412 101094.08 1.5 14701 14105.49 1.53 4931032 5233790.72 20.5 310 468.28 1.53 112572 167578.75 20.5 112 0 198 37632 0 66528 17.4 17.9 17.67 0.01
303300.0 376 300.8 1.5 113788 101394.88 1.5 14760 14104.14 1.53 4945792 5247894.86 20.5 370 468.44 1.53 112942 168047.18 20.5 112 0 198 37744 0 66726 17.4 17.9 17.67 0.01
304200.0 354 301.43 1.5 114142 101696.31 1.5 14737 14101.31 1.53 4960529 5261996.17 20.5 350 468.36 1.53 113292 168515.54 20.5 112 0 198 37856 0 66924 17.4 17.9 17.67 0.01
305100.0 310 300.66 1.5 114452 101996.97 1.5 14697 14103.29 1.53 4975226 5276099.46 20.5 310 468.3 1.53 113602 168983.84 20.5 112 0 198 37968 0 67122 17.4 17.9 17.67 0.01
306000.0 310 300.66 1.5 114762 102297.63 1.5 14699 14104.78 1.53 4989925 5290204.24 20.5 310 468.3 1.53 113912 169452.14 20.5 112 0 198 38080 0 67320 17.4 17.8 17.67 0.01
306900.0 376 300.8 1.5 115138 102598.44 1.5 14760 14106.44 1.53 5004685 5304310.69 20.5 370 468.45 1.53 114282 169920.59 20.5 112 0 198 38192 0 67518 17.4 17.9 17.67 0.01
307800.0 354 301.44 1.5 115492 102899.88 1.5 14736 14104.67 1.53 5019421 5318415.35 20.5 350 468.43 1.53 114632 170389.02 20.5 112 0 198 38304 0 67716 17.4 17.9 17.67 0.01
308700.0 310 300.66 1.5 115802 103200.54 1.5 14693 14101.57 1.53 5034114 5332516.93 20.5 310 468.33 1.53 114942 170857.36 20.5 112 0 198 38416 0 67914 17.4 17.9 17.67 0.01
309600.0 310 300.66 1.5 116112 103501.2 1.5 14696 14103.07 1.53 5048810 5346619.99 20.5 310 468.33 1.53 115252 171325.68 20.5 112 0 198 38528 0 68112 17.4 17.9 17.68 0.01
310500.0 376 300.81 1.5 116488 103802.0 1.5 14756 14103.22 1.53 5063566 5360723.22 20.5 370 468.48 1.53 115622 171794.17 20.5 112 0 198 38640 0 68310 17.4 17.9 17.68 0.01
311400.0 354 301.44 1.5 116842 104103.44 1.5 14731 14100.17 1.53 5078297 5374823.38 20.5 350 468.43 1.53 115972 172262.6 20.5 112 0 198 38752 0 68508 17.4 17.9 17.68 0.01
312300.0 310 300.66 1.5 117152 104404.1 1.5 14684 14095.88 1.53 5092981 5388919.27 20.5 310 468.3 1.53 116282 172730.9 20.5 112 0 198 38864 0 68706 17.4 17.9 17.68 0.01
313200.0 310 300.66 1.5 117462 104704.76 1.5 14680 14094.37 1.53 5107661 5403013.64 20.5 310 468.3 1.53 116592 173199.2 20.5 112 0 198 38976 0 68904 17.4 18.0 17.69 0.01
314100.0 376 300.8 1.5 117838 105005.57 1.5 14738 14093.03 1.53 5122399 5417106.67 20.5 370 468.46 1.53 116962 173667.66 20.5 112 0 198 39088 0 69102 17.3 18.0 17.69 0.01
315000.0 354 301.44 1.5 118192 105307.0 1.5 14711 14086.97 1.53 5137110 5431193.64 20.5 350 468.4 1.53 117312 174136.06 20.5 112 0 198 39200 0 69300 17.3 18.0 17.69 0.01
315900.0 310 300.66 1.5 118502 105607.66 1.5 14671 14082.56 1.53 5151781 5445276.2 20.5 310 468.27 1.53 117622 174604.34 20.5 112 0 198 39312 0 69498 17.3 18.0 17.7 0.01
316800.0 310 300.66 1.5 118812 105908.32 1.5 14676 14085.54 1.53 5166457 5459361.74 20.5 310 468.27 1.53 117932 175072.61 20.5 112 0 198 39424 0 69696 17.3 18.1 17.7 0.01
317700.0 376 300.8 1.5 119188 106209.12 1.5 14734 14084.21 1.53 5181191 5473445.95 20.5 370 468.43 1.53 118302 175541.04 20.5 112 0 198 39536 0 69894 17.3 18.1 17.7 0.01
318600.0 354 301.44 1.5 119542 106510.56 1.5 14705 14079.64 1.53 5195896 5487525.6 20.5 350 468.38 1.53 118652 176009.42 20.5 112 0 198 39648 0 70092 17.3 18.1 17.7 0.01
319500.0 310 300.66 1.5 119852 106811.22 1.5 14662 14076.07 1.53 5210558 5501601.67 20.5 310 468.33 1.53 118962 176477.75 20.5 112 0 198 39760 0 70290 17.3 18.1 17.71 0.02
320400.0 310 300.66 1.5 120162 107111.88 1.5 14666 14076.06 1.53 5225224 5515677.73 20.5 310 468.33 1.53 119272 176946.08 20.5 112 0 198 39872 0 70488 17.3 18.2 17.71 0.02
321300.0 376 300.81 1.5 120538 107412.69 1.5 14726 14076.22 1.53 5239950 5529753.96 20.5 370 468.48 1.53 119642 177414.56 20.5 112 0 198 39984 0 70686 17.3 18.2 17.71 0.02
322200.0 354 301.43 1.5 120892 107714.12 1.5 14692 14066.35 1.53 5254642 5543820.3 20.5 350 468.31 1.53 119992 177882.87 20.5 112 0 198 40096 0 70884 17.3 18.2 17.71 0.02
323100.0 310 300.65 1.5 121202 108014.77 1.5 14645 14062.68 1.53 5269287 5557882.99 20.5 310 468.17 1.53 120302 178351.04 20.5 112 0 198 40208 0 71082 17.3 18.2 17.71 0.02
324000.0 310 300.65 1.5 121512 108315.43 1.5 14664 14080.67 1.53 5283951 5571963.65 20.5 310 468.17 1.53 120612 178819.2 20.5 112 0 198 40320 0 71280 17.3 18.2 17.72 0.02
324900.0 376 300.8 1.5 121888 108616.22 1.5 14721 14080.83 1.53 5298672 5586044.49 20.5 370 468.32 1.53 120982 179287.52 20.5 112 0 198 40432 0 71478 17.3 18.2 17.72 0.02
325800.0 354 301.44 1.5 122242 108917.66 1.5 14700 14086.09 1.53 5313372 5600130.57 20.5 350 468.39 1.53 121332 179755.91 20.5 112 0 198 40544 0 71676 17.3 18.2 17.72 0.02
326700.0 310 300.66 1.5 122552 109218.32 1.5 14645 14068.57 1.53 5328017 5614199.14 20.5 310 468.33 1.53 121642 180224.24 20.5 112 0 198 40656 0 71874 17.3 18.2 17.73 0.02
327600.0 310 300.66 1.5 122862 109518.98 1.5 14655 14071.56 1.53 5342672 5628270.71 20.5 310 468.33 1.53 121952 180692.57 20.5 112 0 198 40768 0 72072 17.3 18.3 17.74 0.03
328500.0 376 300.81 1.5 123238 109819.79 1.5 14714 14071.72 1.53 5357386 5642342.43 20.5 370 468.48 1.53 122322 181161.05 20.5 112 0 198 40880 0 72270 17.2 18.3 17.74 0.03
329400.0 354 301.44 1.5 123592 110121.23 1.5 14684 14068.67 1.53 5372070 5656411.1 20.5 350 468.43 1.53 122672 181629.48 20.5 112 0 198 40992 0 72468 17.2 18.3 17.74 0.03
330300.0 310 300.66 1.5 123902 110421.89 1.5 14630 14059.57 1.53 5386700 5670470.67 20.5 310 468.33 1.53 122982 182097.81 20.5 112 0 198 41104 0 72666 17.2 18.3 17.74 0.03
331200.0 310 300.66 1.5 124212 110722.55 1.5 14645 14071.56 1.53 5401345 5684542.24 20.5 310 468.33 1.53 123292 182566.14 20.5 112 0 198 41216 0 72864 17.2 18.4 17.75 0.03
332100.0 376 300.81 1.5 124588 111023.36 1.5 14698 14067.22 1.53 5416043 5698609.46 20.5 370 468.48 1.53 123662 183034.62 20.5 112 0 198 41328 0 73062 17.2 18.4 17.75 0.03
333000.0 354 301.44 1.5 124942 111324.79 1.5 14661 14050.88 1.53 5430704 5712660.34 20.5 350 468.4 1.53 124012 183503.02 20.5 112 0 198 41440 0 73260 17.2 18.4 17.75 0.03
333900.0 310 300.66 1.5 125252 111625.45 1.5 14610 14040.29 1.53 5445314 5726700.63 20.5 310 468.3 1.53 124322 183971.33 20.5 112 0 198 41552 0 73458 17.2 18.4 17.75 0.03
334800.0 310 300.66 1.5 125562 111926.11 1.5 14615 14043.28 1.53 5459929 5740743.91 20.5 310 468.3 1.53 124632 184439.63 20.5 112 0 198 41664 0 73656 17.2 18.5 17.76 0.04
335700.0 376 300.8 1.5 125938 112226.92 1.5 14668 14041.94 1.53 5474597 5754785.86 20.5 370 468.45 1.53 125002 184908.08 20.5 112 0 198 41776 0 73854 17.2 18.5 17.76 0.04
336600.0 354 301.44 1.5 126292 112528.36 1.5 14629 14037.17 1.53 5489226 5768823.02 20.5 350 468.43 1.53 125352 185376.51 20.5 112 0 198 41888 0 74052 17.2 18.5 17.76 0.04
337500.0 310 300.66 1.5 126602 112829.02 1.5 14597 14038.57 1.53 5503823 5782861.6 20.5 310 468.33 1.53 125662 185844.84 20.5 112 0 198 42000 0 74250 17.2 18.5 17.76 0.04
338400.0 310 300.66 1.5 126912 113129.68 1.5 14607 14050.56 1.53 5518430 5796912.16 20.5 310 468.33 1.53 125972 186313.17 20.5 112 0 198 42112 0 74448 17.2 18.5 17.77 0.04
339300.0 376 300.81 1.5 127288 113430.48 1.5 14660 14047.72 1.53 5533090 5810959.88 20.5 370 468.48 1.53 126342 186781.65 20.5 112 0 198 42224 0 74646 17.2 18.5 17.77 0.04
340200.0 354 301.44 1.5 127642 113731.92 1.5 14615 14035.71 1.53 5547705 5824995.59 20.5 350 468.4 1.53 126692 187250.05 20.5 112 0 198 42336 0 74844 17.2 18.5 17.77 0.04
341100.0 310 300.66 1.5 127952 114032.58 1.5 14552 14022.11 1.53 5562257 5839017.7 20.5 310 468.3 1.53 127002 187718.35 20.5 112 0 198 42448 0 75042 17.2 18.5 17.78 0.04
342000.0 310 300.66 1.5 128262 114333.24 1.5 14556 14025.1 1.53 5576813 5853042.81 20.5 310 468.3 1.53 127312 188186.65 20.5 112 0 198 42560 0 75240 17.2 18.5 17.78 0.05
342900.0 376 300.73 1.5 128638 114633.97 1.5 14609 14020.23 1.53 5591422 5867063.04 20.5 370 468.48 1.53 127682 188655.13 20.5 112 0 198 42672 0 75438 17.2 18.5 17.78 0.05
343800.0 354 301.44 1.5 128992 114935.41 1.5 14575 14015.02 1.53 5605997 5881078.06 20.5 350 468.37 1.53 128032 189123.5 20.5 112 0 198 42784 0 75636 17.2 18.5 17.78 0.05
344700.0 310 300.66 1.5 129302 115236.06 1.5 14525 14007.44 1.53 5620522 5895085.5 20.5 310 468.27 1.53 128342 189591.77 20.5 112 0 198 42896 0 75834 17.2 18.5 17.78 0.05
345600.0 310 300.66 1.5 129612 115536.72 1.5 14525 14011.92 1.53 5635047 5909097.42 20.5 310 468.27 1.53 128652 190060.04 20.5 112 0 198 43008 0 76032 17.2 18.6 17.78 0.05
