# seed = 5, gamma = 0.0, beta = 0.0, dee = 10.0, dcc = 100.0, dec = 1000.0, dsCnd = 150.0, dLocalhost = 0.02, hostBroker = CLOUD 
#
# The columns have the following meaning: 
# instant[SECONDS] commCountUploadPartial delaySumUploadPartial[SECONDS] delayMaxUploadPartial[SECONDS] commCountUploadTot delaySumUploadTot[SECONDS] delayMaxUploadTot[SECONDS] commCountDownloadPartial delaySumDownloadPartial[SECONDS] delayMaxDownloadPartial[SECONDS] commCountDownloadTot delaySumDownloadTot[SECONDS] delayMaxDownloadTot[SECONDS] commCountDownloadMaxPartial delaySumDownloadMaxPartial[SECONDS] delayMaxDownloadMaxPartial[SECONDS] commCountDownloadMaxTot delaySumDownloadMaxTot[SECONDS] delayMaxDownloadMaxTot[SECONDS] runOnCloudPartial runOnEdgePartial runOnSmartphonePartial runOnCloudTot runOnEdgeTot runOnSmartphoneTot minTemp maxTemp avgTemp varianceTemp
0.0 0 0.0 0.0 0 0.0 0.0 0 0.0 0.0 0 0.0 0.0 0 0.0 0.0 0 0.0 0.0 0 0 0 0 0 0 17.0 25.0 21.0 0.0
900.0 376 32.33 0.1 376 32.33 0.1 15873 2643.95 1.15 15873 2643.95 1.15 370 46.55 0.2 370 46.55 0.2 310 0 0 310 0 0 18.9 21.0 19.39 0.8
1800.0 356 33.15 0.36 732 65.47 0.36 16159 171318.71 20.42 32032 173962.66 20.42 352 3324.18 20.42 722 3370.73 20.42 310 0 0 620 0 0 18.9 18.9 18.9 0.0
2700.0 310 32.22 0.11 1042 97.7 0.36 15812 2694.73 1.15 47844 176657.39 20.42 310 46.99 0.21 1032 3417.72 20.42 310 0 0 930 0 0 18.0 18.9 18.42 0.03
3600.0 310 32.22 0.11 1352 129.92 0.36 15814 2697.07 1.15 63658 179354.46 20.42 310 46.99 0.21 1342 3464.71 20.42 310 0 0 1240 0 0 17.7 18.9 18.24 0.05
4500.0 376 32.36 0.11 1728 162.28 0.36 15869 2691.89 1.15 79527 182046.35 20.42 370 47.59 0.21 1712 3512.3 20.42 310 0 0 1550 0 0 17.6 18.7 18.23 0.05
5400.0 356 33.16 0.36 2084 195.44 0.36 16194 9059.46 20.52 95721 191105.81 20.52 352 67.99 20.52 2064 3580.29 20.52 310 0 0 1860 0 0 17.6 18.7 18.23 0.05
6300.0 310 32.23 0.11 2394 227.67 0.36 15880 2715.56 1.15 111601 193821.37 20.52 310 47.34 0.21 2374 3627.63 20.52 310 0 0 2170 0 0 17.6 18.7 18.23 0.05
7200.0 310 32.23 0.11 2704 259.9 0.36 15880 2715.62 1.15 127481 196537.0 20.52 310 47.35 0.21 2684 3674.98 20.52 310 0 0 2480 0 0 17.6 18.7 18.26 0.04
8100.0 376 32.37 0.11 3080 292.27 0.36 15939 2715.03 1.15 143420 199252.03 20.52 370 47.94 0.21 3054 3722.93 20.52 310 0 0 2790 0 0 17.6 18.7 18.26 0.04
9000.0 356 33.16 0.36 3436 325.43 0.36 16220 9056.25 20.5 159640 208308.28 20.52 352 68.05 20.5 3406 3790.97 20.52 310 0 0 3100 0 0 17.6 18.7 18.26 0.04
9900.0 310 32.22 0.11 3746 357.66 0.36 15856 2690.56 1.15 175496 210998.84 20.52 310 47.11 0.21 3716 3838.08 20.52 310 0 0 3410 0 0 17.6 18.7 18.24 0.04
10800.0 310 32.22 0.11 4056 389.88 0.36 15869 2705.52 1.15 191365 213704.36 20.52 310 47.11 0.21 4026 3885.19 20.52 310 0 0 3720 0 0 17.6 18.7 18.15 0.05
11700.0 376 32.37 0.11 4432 422.24 0.36 15929 2706.12 1.15 207294 216410.48 20.52 370 47.71 0.21 4396 3932.91 20.52 310 0 0 4030 0 0 17.6 18.7 18.15 0.05
12600.0 354 33.0 0.36 4786 455.25 0.36 15891 2690.92 1.15 223185 219101.4 20.52 350 47.63 0.21 4746 3980.53 20.52 310 0 0 4340 0 0 17.6 18.7 18.15 0.05
13500.0 310 32.23 0.11 5096 487.47 0.36 15825 2660.64 1.15 239010 221762.04 20.52 310 47.22 0.21 5056 4027.76 20.52 310 0 0 4650 0 0 17.6 18.7 18.14 0.04
14400.0 310 32.23 0.11 5406 519.7 0.36 15826 2661.78 1.15 254836 224423.81 20.52 310 47.23 0.21 5366 4074.98 20.52 310 0 0 4960 0 0 17.6 18.7 18.13 0.05
15300.0 376 32.37 0.11 5782 552.07 0.36 15885 2661.24 1.15 270721 227085.05 20.52 370 47.82 0.21 5736 4122.81 20.52 310 0 0 5270 0 0 17.6 18.7 18.13 0.04
16200.0 354 33.0 0.36 6136 585.07 0.36 15858 2652.47 1.15 286579 229737.52 20.52 350 47.62 0.21 6086 4170.42 20.52 310 0 0 5580 0 0 17.6 18.7 18.13 0.04
17100.0 310 32.22 0.11 6446 617.29 0.36 15819 2645.51 1.15 302398 232383.03 20.52 310 47.06 0.21 6396 4217.48 20.52 310 0 0 5890 0 0 17.6 18.7 18.11 0.04
18000.0 310 32.22 0.11 6756 649.51 0.36 15823 2650.15 1.15 318221 235033.19 20.52 310 47.07 0.21 6706 4264.55 20.52 310 0 0 6200 0 0 17.6 18.7 18.1 0.04
18900.0 376 32.36 0.11 7132 681.87 0.36 15883 2650.71 1.15 334104 237683.89 20.52 370 47.66 0.21 7076 4312.21 20.52 310 0 0 6510 0 0 17.6 18.6 18.1 0.04
19800.0 354 33.0 0.36 7486 714.87 0.36 15858 2644.54 1.15 349962 240328.43 20.52 350 47.46 0.21 7426 4359.67 20.52 310 0 0 6820 0 0 17.6 18.6 18.1 0.04
20700.0 310 32.22 0.11 7796 747.09 0.36 15818 2648.63 1.15 365780 242977.06 20.52 310 47.14 0.21 7736 4406.82 20.52 310 0 0 7130 0 0 17.6 18.6 18.08 0.03
21600.0 310 32.22 0.11 8106 779.31 0.36 15823 2654.37 1.15 381603 245631.43 20.52 310 47.15 0.21 8046 4453.97 20.52 310 0 0 7440 0 0 17.6 18.6 18.07 0.03
22500.0 376 32.37 0.11 8482 811.68 0.36 15882 2653.83 1.15 397485 248285.27 20.52 370 47.75 0.21 8416 4501.71 20.52 310 0 0 7750 0 0 17.6 18.6 18.07 0.03
23400.0 354 33.0 0.36 8836 844.69 0.36 15853 2647.87 1.15 413338 250933.14 20.52 350 47.64 0.21 8766 4549.35 20.52 310 0 0 8060 0 0 17.6 18.6 18.07 0.03
24300.0 310 32.23 0.11 9146 876.91 0.36 15809 2646.47 1.15 429147 253579.61 20.52 310 47.31 0.21 9076 4596.66 20.52 310 0 0 8370 0 0 17.6 18.6 18.05 0.03
25200.0 310 32.23 0.11 9456 909.14 0.36 15815 2653.36 1.15 444962 256232.97 20.52 310 47.31 0.21 9386 4643.97 20.52 310 0 0 8680 0 0 17.5 18.6 18.04 0.03
26100.0 376 32.37 0.11 9832 941.52 0.36 15874 2652.83 1.15 460836 258885.8 20.52 370 47.91 0.21 9756 4691.88 20.52 310 0 0 8990 0 0 17.5 18.6 18.04 0.03
27000.0 354 33.01 0.36 10186 974.52 0.36 15845 2642.26 1.15 476681 261528.06 20.52 350 47.71 0.21 10106 4739.59 20.52 310 0 0 9300 0 0 17.5 18.6 18.04 0.03
27900.0 310 32.23 0.11 10496 1006.75 0.36 15816 2649.41 1.15 492497 264177.47 20.52 310 47.21 0.21 10416 4786.79 20.52 310 0 0 9610 0 0 17.5 18.6 18.0 0.03
28800.0 310 32.23 0.11 10806 1038.97 0.36 15821 2655.14 1.15 508318 266832.61 20.52 310 47.21 0.21 10726 4834.0 20.52 310 0 0 9920 0 0 17.5 18.6 17.99 0.03
29700.0 376 32.37 0.11 11182 1071.34 0.36 15879 2653.46 1.15 524197 269486.07 20.52 370 47.81 0.21 11096 4881.81 20.52 310 0 0 10230 0 0 17.5 18.6 17.99 0.03
30600.0 354 33.0 0.36 11536 1104.35 0.36 15840 2631.39 1.15 540037 272117.46 20.52 350 47.61 0.21 11446 4929.42 20.52 310 0 0 10540 0 0 17.5 18.6 17.99 0.03
31500.0 310 32.23 0.11 11846 1136.58 0.36 15806 2643.02 1.15 555843 274760.48 20.52 310 47.31 0.21 11756 4976.73 20.52 310 0 0 10850 0 0 17.5 18.6 17.97 0.03
32400.0 310 32.23 0.11 12156 1168.8 0.36 15813 2651.06 1.15 571656 277411.54 20.52 310 47.31 0.21 12066 5024.04 20.52 310 0 0 11160 0 0 17.4 18.6 17.95 0.03
33300.0 376 32.37 0.11 12532 1201.18 0.36 15872 2650.53 1.15 587528 280062.07 20.52 370 47.91 0.21 12436 5071.94 20.52 310 0 0 11470 0 0 17.4 18.5 17.95 0.03
34200.0 354 33.01 0.36 12886 1234.18 0.36 15838 2634.21 1.15 603366 282696.28 20.52 350 47.71 0.21 12786 5119.66 20.52 310 0 0 11780 0 0 17.4 18.5 17.95 0.03
35100.0 310 32.23 0.11 13196 1266.41 0.36 15806 2643.03 1.15 619172 285339.3 20.52 310 47.31 0.21 13096 5166.96 20.52 310 0 0 12090 0 0 17.4 18.5 17.92 0.03
36000.0 310 32.23 0.11 13506 1298.64 0.36 15816 2654.51 1.15 634988 287993.81 20.52 310 47.31 0.21 13406 5214.27 20.52 310 0 0 12400 0 0 17.4 18.5 17.91 0.03
36900.0 376 32.37 0.11 13882 1331.01 0.36 15876 2655.13 1.15 650864 290648.94 20.52 370 47.91 0.21 13776 5262.18 20.52 310 0 0 12710 0 0 17.4 18.5 17.91 0.03
37800.0 354 33.0 0.36 14236 1364.01 0.36 15835 2621.78 1.15 666699 293270.73 20.52 350 47.53 0.21 14126 5309.72 20.52 310 0 0 13020 0 0 17.4 18.5 17.91 0.03
38700.0 310 32.22 0.11 14546 1396.24 0.36 15803 2630.59 1.15 682502 295901.31 20.52 310 47.13 0.21 14436 5356.84 20.52 310 0 0 13330 0 0 17.4 18.5 17.88 0.03
39600.0 310 32.22 0.11 14856 1428.46 0.36 15817 2646.68 1.15 698319 298547.99 20.52 310 47.13 0.21 14746 5403.98 20.52 310 0 0 13640 0 0 17.3 18.5 17.87 0.04
40500.0 376 32.37 0.11 15232 1460.82 0.36 15874 2643.84 1.15 714193 301191.83 20.52 370 47.73 0.21 15116 5451.71 20.52 310 0 0 13950 0 0 17.3 18.5 17.87 0.04
41400.0 354 33.01 0.36 15586 1493.83 0.36 15837 2633.06 1.15 730030 303824.89 20.52 350 47.71 0.21 15466 5499.42 20.52 310 0 0 14260 0 0 17.3 18.5 17.87 0.04
42300.0 310 32.23 0.11 15896 1526.06 0.36 15805 2638.29 1.15 745835 306463.18 20.52 310 47.24 0.21 15776 5546.65 20.52 310 0 0 14570 0 0 17.3 18.5 17.84 0.04
43200.0 310 32.23 0.11 16206 1558.28 0.36 15812 2646.32 1.15 761647 309109.5 20.52 310 47.24 0.21 16086 5593.89 20.52 310 0 0 14880 0 0 17.3 18.5 17.82 0.04
44100.0 376 32.37 0.11 16582 1590.65 0.36 15872 2646.94 1.15 777519 311756.44 20.52 370 47.84 0.21 16456 5641.73 20.52 310 0 0 15190 0 0 17.2 18.4 17.82 0.04
45000.0 354 33.0 0.36 16936 1623.66 0.36 15829 2620.27 1.15 793348 314376.71 20.52 350 47.64 0.21 16806 5689.37 20.52 310 0 0 15500 0 0 17.2 18.4 17.82 0.04
45900.0 310 32.23 0.11 17246 1655.88 0.36 15801 2631.18 1.15 809149 317007.89 20.52 310 47.19 0.21 17116 5736.55 20.52 310 0 0 15810 0 0 17.2 18.4 17.8 0.05
46800.0 310 32.23 0.11 17556 1688.11 0.36 15811 2642.67 1.15 824960 319650.56 20.52 310 47.19 0.21 17426 5783.74 20.52 310 0 0 16120 0 0 17.2 18.5 17.78 0.05
47700.0 376 32.37 0.11 17932 1720.48 0.36 15870 2642.13 1.15 840830 322292.7 20.52 370 47.79 0.21 17796 5831.53 20.52 310 0 0 16430 0 0 17.2 18.5 17.78 0.05
48600.0 354 33.0 0.36 18286 1753.48 0.36 15825 2613.17 1.15 856655 324905.87 20.52 350 47.59 0.21 18146 5879.12 20.52 310 0 0 16740 0 0 17.2 18.5 17.78 0.05
49500.0 310 32.23 0.11 18596 1785.71 0.36 15799 2634.97 1.15 872454 327540.84 20.52 310 47.31 0.21 18456 5926.43 20.52 310 0 0 17050 0 0 17.2 18.5 17.75 0.06
50400.0 310 32.23 0.11 18906 1817.94 0.36 15811 2648.76 1.15 888265 330189.6 20.52 310 47.31 0.21 18766 5973.74 20.52 310 0 0 17360 0 0 17.1 18.5 17.74 0.07
51300.0 376 32.37 0.11 19282 1850.31 0.36 15871 2649.38 1.15 904136 332838.98 20.52 370 47.91 0.21 19136 6021.65 20.52 310 0 0 17670 0 0 17.1 18.5 17.74 0.07
52200.0 354 33.01 0.36 19636 1883.32 0.36 15830 2625.01 1.15 919966 335463.99 20.52 350 47.71 0.21 19486 6069.36 20.52 310 0 0 17980 0 0 17.1 18.5 17.74 0.07
53100.0 310 32.23 0.11 19946 1915.55 0.36 15789 2623.48 1.15 935755 338087.47 20.52 310 47.31 0.21 19796 6116.67 20.52 310 0 0 18290 0 0 17.1 18.5 17.72 0.07
54000.0 310 32.23 0.11 20256 1947.78 0.36 15794 2629.21 1.15 951549 340716.68 20.52 310 47.31 0.21 20106 6163.98 20.52 310 0 0 18600 0 0 17.1 18.6 17.72 0.07
54900.0 376 32.37 0.11 20632 1980.15 0.36 15852 2627.53 1.15 967401 343344.2 20.52 370 47.91 0.21 20476 6211.89 20.52 310 0 0 18910 0 0 17.1 18.6 17.72 0.07
55800.0 354 33.01 0.36 20986 2013.16 0.36 15821 2614.66 1.15 983222 345958.87 20.52 350 47.71 0.21 20826 6259.6 20.52 310 0 0 19220 0 0 17.1 18.6 17.72 0.07
56700.0 310 32.23 0.11 21296 2045.38 0.36 15801 2637.28 1.15 999023 348596.14 20.52 310 47.31 0.21 21136 6306.9 20.52 310 0 0 19530 0 0 17.1 18.6 17.68 0.08
57600.0 310 32.23 0.11 21606 2077.61 0.36 15808 2645.31 1.15 1014831 351241.45 20.52 310 47.31 0.21 21446 6354.21 20.52 310 0 0 19840 0 0 17.1 18.6 17.67 0.08
58500.0 376 32.37 0.11 21982 2109.99 0.36 15868 2645.93 1.15 1030699 353887.38 20.52 370 47.91 0.21 21816 6402.12 20.52 310 0 0 20150 0 0 17.1 18.6 17.67 0.08
59400.0 354 33.0 0.36 22336 2142.99 0.36 15813 2601.23 1.15 1046512 356488.61 20.52 350 47.63 0.21 22166 6449.75 20.52 310 0 0 20460 0 0 17.1 18.6 17.67 0.08
60300.0 310 32.23 0.11 22646 2175.21 0.36 15787 2616.94 1.15 1062299 359105.54 20.52 310 47.22 0.21 22476 6496.97 20.52 310 0 0 20770 0 0 17.1 18.6 17.65 0.09
61200.0 310 32.23 0.11 22956 2207.44 0.36 15798 2629.58 1.15 1078097 361735.12 20.52 310 47.23 0.21 22786 6544.2 20.52 310 0 0 21080 0 0 17.0 18.6 17.64 0.1
62100.0 376 32.37 0.11 23332 2239.81 0.36 15857 2629.04 1.15 1093954 364364.16 20.52 370 47.82 0.21 23156 6592.02 20.52 310 0 0 21390 0 0 17.0 18.6 17.64 0.1
63000.0 354 33.0 0.36 23686 2272.81 0.36 15816 2595.49 1.15 1109770 366959.65 20.52 350 47.45 0.21 23506 6639.47 20.52 310 0 0 21700 0 0 17.0 18.6 17.64 0.1
63900.0 310 32.22 0.11 23996 2305.02 0.36 15774 2588.68 1.15 1125544 369548.33 20.52 310 46.96 0.21 23816 6686.43 20.52 310 0 0 22010 0 0 17.0 18.6 17.62 0.1
64800.0 310 32.22 0.11 24306 2337.24 0.36 15779 2594.45 1.15 1141323 372142.78 20.52 310 46.97 0.21 24126 6733.4 20.52 310 0 0 22320 0 0 17.0 18.6 17.62 0.11
65700.0 376 32.36 0.11 24682 2369.6 0.36 15838 2593.88 1.15 1157161 374736.66 20.52 370 47.56 0.21 24496 6780.96 20.52 310 0 0 22630 0 0 17.0 18.6 17.62 0.11
66600.0 354 32.99 0.36 25036 2402.59 0.36 15806 2579.42 1.15 1172967 377316.08 20.52 350 47.36 0.21 24846 6828.32 20.52 310 0 0 22940 0 0 17.0 18.6 17.62 0.11
67500.0 310 32.21 0.11 25346 2434.8 0.36 15771 2579.05 1.15 1188738 379895.13 20.52 310 46.84 0.21 25156 6875.16 20.52 310 0 0 23250 0 0 17.0 18.6 17.61 0.11
68400.0 310 32.21 0.11 25656 2467.01 0.36 15771 2579.09 1.15 1204509 382474.22 20.52 310 46.85 0.21 25466 6922.01 20.52 310 0 0 23560 0 0 17.0 18.7 17.6 0.11
69300.0 376 32.36 0.11 26032 2499.37 0.36 15830 2578.5 1.15 1220339 385052.72 20.52 370 47.44 0.21 25836 6969.45 20.52 310 0 0 23870 0 0 17.0 18.7 17.6 0.11
70200.0 354 32.99 0.36 26386 2532.36 0.36 15792 2562.29 1.15 1236131 387615.02 20.52 350 47.34 0.21 26186 7016.79 20.52 310 0 0 24180 0 0 17.0 18.7 17.6 0.11
71100.0 310 32.22 0.11 26696 2564.58 0.36 15766 2580.46 1.15 1251897 390195.48 20.52 310 46.98 0.21 26496 7063.77 20.52 310 0 0 24490 0 0 17.0 18.7 17.59 0.11
72000.0 310 32.22 0.11 27006 2596.79 0.36 15775 2590.82 1.15 1267672 392786.31 20.52 310 46.98 0.21 26806 7110.76 20.52 310 0 0 24800 0 0 17.0 18.7 17.59 0.12
72900.0 376 32.36 0.11 27382 2629.15 0.36 15833 2589.12 1.15 1283505 395375.42 20.52 370 47.58 0.21 27176 7158.34 20.52 310 0 0 25110 0 0 17.0 18.7 17.59 0.12
73800.0 354 32.99 0.36 27736 2662.14 0.36 15799 2572.82 1.15 1299304 397948.25 20.52 350 47.39 0.21 27526 7205.73 20.52 310 0 0 25420 0 0 17.0 18.7 17.59 0.12
74700.0 310 32.22 0.11 28046 2694.36 0.36 15759 2576.02 1.15 1315063 400524.27 20.52 310 47.05 0.21 27836 7252.78 20.52 310 0 0 25730 0 0 17.0 18.7 17.58 0.12
75600.0 310 32.22 0.11 28356 2726.58 0.36 15758 2574.89 1.15 1330821 403099.16 20.52 310 47.06 0.21 28146 7299.84 20.52 310 0 0 26040 0 0 17.0 18.7 17.58 0.12
76500.0 376 32.36 0.11 28732 2758.95 0.36 15818 2575.48 1.15 1346639 405674.64 20.52 370 47.66 0.21 28516 7347.49 20.52 310 0 0 26350 0 0 17.0 18.7 17.58 0.12
77400.0 354 32.99 0.36 29086 2791.94 0.36 15786 2556.9 1.15 1362425 408231.54 20.52 350 47.37 0.21 28866 7394.86 20.52 310 0 0 26660 0 0 17.0 18.7 17.58 0.12
78300.0 310 32.22 0.11 29396 2824.16 0.36 15747 2557.63 1.15 1378172 410789.17 20.52 310 46.96 0.21 29176 7441.82 20.52 310 0 0 26970 0 0 17.0 18.7 17.57 0.12
79200.0 310 32.22 0.11 29706 2856.37 0.36 15752 2563.4 1.15 1393924 413352.57 20.52 310 46.97 0.21 29486 7488.79 20.52 310 0 0 27280 0 0 17.0 18.6 17.56 0.12
80100.0 376 32.36 0.11 30082 2888.73 0.36 15812 2563.98 1.15 1409736 415916.55 20.52 370 47.56 0.21 29856 7536.35 20.52 310 0 0 27590 0 0 17.0 18.6 17.56 0.12
81000.0 354 33.0 0.36 30436 2921.72 0.36 15780 2551.35 1.15 1425516 418467.9 20.52 350 47.39 0.21 30206 7583.75 20.52 310 0 0 27900 0 0 17.0 18.6 17.56 0.12
81900.0 310 32.22 0.11 30746 2953.95 0.36 15744 2560.26 1.15 1441260 421028.16 20.52 310 47.08 0.21 30516 7630.83 20.52 310 0 0 28210 0 0 17.0 18.6 17.56 0.11
82800.0 310 32.22 0.11 31056 2986.17 0.36 15750 2567.2 1.15 1457010 423595.36 20.52 310 47.09 0.21 30826 7677.92 20.52 310 0 0 28520 0 0 17.0 18.6 17.56 0.11
83700.0 376 32.37 0.11 31432 3018.53 0.36 15807 2564.32 1.15 1472817 426159.68 20.52 370 47.68 0.21 31196 7725.6 20.52 310 0 0 28830 0 0 17.0 18.6 17.56 0.11
84600.0 354 33.0 0.36 31786 3051.53 0.36 15777 2552.65 1.15 1488594 428712.33 20.52 350 47.49 0.21 31546 7773.09 20.52 310 0 0 29140 0 0 17.0 18.6 17.56 0.11
85500.0 310 32.22 0.11 32096 3083.75 0.36 15743 2553.03 1.15 1504337 431265.36 20.52 310 46.96 0.21 31856 7820.05 20.52 310 0 0 29450 0 0 17.0 18.6 17.57 0.1
86400.0 310 32.22 0.11 32406 3115.97 0.36 15745 2555.36 1.15 1520082 433820.72 20.52 310 46.97 0.21 32166 7867.02 20.52 310 0 0 29760 0 0 17.0 18.6 17.57 0.1
87300.0 376 32.36 0.11 32782 3148.33 0.36 15805 2555.92 1.15 1535887 436376.64 20.52 370 47.56 0.21 32536 7914.58 20.52 310 0 0 30070 0 0 17.0 18.6 17.57 0.1
88200.0 354 33.0 0.36 33136 3181.33 0.36 15774 2554.51 1.15 1551661 438931.15 20.52 350 47.59 0.21 32886 7962.17 20.52 310 0 0 30380 0 0 17.0 18.6 17.57 0.1
89100.0 310 32.23 0.11 33446 3213.56 0.36 15780 2613.12 1.15 1567441 441544.28 20.52 310 47.31 0.21 33196 8009.48 20.52 310 0 0 30690 0 0 17.0 18.6 17.6 0.08
90000.0 310 32.23 0.11 33756 3245.79 0.36 15815 2653.36 1.15 1583256 444197.64 20.52 310 47.31 0.21 33506 8056.79 20.52 310 0 0 31000 0 0 17.1 18.5 17.67 0.05
90900.0 376 32.37 0.11 34132 3278.16 0.36 15874 2652.83 1.15 1599130 446850.46 20.52 370 47.91 0.21 33876 8104.7 20.52 310 0 0 31310 0 0 17.1 18.5 17.67 0.05
91800.0 354 33.0 0.36 34486 3311.16 0.36 15824 2603.63 1.15 1614954 449454.09 20.52 350 47.43 0.21 34226 8152.12 20.52 310 0 0 31620 0 0 17.1 18.5 17.67 0.05
92700.0 310 32.21 0.11 34796 3343.37 0.36 15854 2673.3 1.15 1630808 452127.39 20.52 310 46.82 0.21 34536 8198.94 20.52 310 0 0 31930 0 0 17.1 23.8 19.41 2.09
93600.0 310 32.21 0.11 35106 3375.58 0.36 15857 2676.78 1.15 1646665 454804.18 20.52 310 46.82 0.21 34846 8245.77 20.52 310 0 0 32240 0 0 17.1 23.8 20.63 4.77
94500.0 376 32.35 0.11 35482 3407.94 0.36 15914 2673.9 1.15 1662579 457478.08 20.52 370 47.42 0.21 35216 8293.19 20.52 310 0 0 32550 0 0 17.1 23.8 20.66 4.81
95400.0 354 32.99 0.36 35836 3440.92 0.36 15894 2673.73 1.15 1678473 460151.81 20.52 350 47.22 0.21 35566 8340.41 20.52 310 0 0 32860 0 0 17.1 23.8 20.66 4.81
96300.0 310 32.21 0.11 36146 3473.14 0.36 15853 2672.15 1.15 1694326 462823.96 20.52 310 46.82 0.21 35876 8387.23 20.52 310 0 0 33170 0 0 17.1 24.0 21.0 4.66
97200.0 310 32.21 0.11 36456 3505.35 0.36 15851 2669.88 1.15 1710177 465493.84 20.52 310 46.82 0.21 36186 8434.05 20.52 310 0 0 33480 0 0 17.1 24.0 21.17 4.69
98100.0 376 32.35 0.11 36832 3537.7 0.36 15908 2667.0 1.15 1726085 468160.84 20.52 370 47.42 0.21 36556 8481.48 20.52 310 0 0 33790 0 0 17.4 24.0 21.17 4.68
99000.0 354 32.98 0.36 37186 3570.68 0.36 15887 2658.01 1.15 1741972 470818.85 20.52 350 47.08 0.2 36906 8528.55 20.52 310 0 0 34100 0 0 17.4 24.0 21.17 4.68
99900.0 310 32.2 0.11 37496 3602.89 0.36 15850 2661.09 1.15 1757822 473479.94 20.52 310 46.68 0.2 37216 8575.23 20.52 310 0 0 34410 0 0 17.4 24.0 21.4 4.04
100800.0 310 32.2 0.11 37806 3635.09 0.36 15849 2659.91 1.15 1773671 476139.85 20.52 310 46.68 0.2 37526 8621.9 20.52 310 0 0 34720 0 0 17.5 24.0 21.53 3.85
101700.0 376 32.35 0.11 38182 3667.44 0.36 15909 2660.54 1.15 1789580 478800.39 20.52 370 47.28 0.2 37896 8669.18 20.52 310 0 0 35030 0 0 17.8 24.0 21.53 3.83
102600.0 354 32.98 0.36 38536 3700.42 0.36 15881 2647.97 1.15 1805461 481448.37 20.52 350 47.01 0.2 38246 8716.2 20.52 310 0 0 35340 0 0 17.8 24.0 21.53 3.83
103500.0 310 32.2 0.11 38846 3732.62 0.36 15846 2653.32 1.15 1821307 484101.69 20.52 310 46.61 0.2 38556 8762.81 20.52 310 0 0 35650 0 0 17.8 24.0 21.68 3.24
104400.0 310 32.2 0.11 39156 3764.83 0.36 15847 2654.47 1.15 1837154 486756.16 20.52 310 46.61 0.2 38866 8809.42 20.52 310 0 0 35960 0 0 18.0 24.0 21.82 3.04
105300.0 376 32.35 0.11 39532 3797.17 0.36 15904 2651.63 1.15 1853058 489407.79 20.52 370 47.21 0.2 39236 8856.64 20.52 310 0 0 36270 0 0 18.5 24.0 21.83 3.01
106200.0 354 32.98 0.36 39886 3830.15 0.36 15882 2645.98 1.15 1868940 492053.77 20.52 350 46.96 0.2 39586 8903.59 20.52 310 0 0 36580 0 0 18.5 24.0 21.83 3.01
107100.0 310 32.19 0.1 40196 3862.35 0.36 15842 2637.33 1.15 1884782 494691.1 20.52 310 46.4 0.2 39896 8949.99 20.52 310 0 0 36890 0 0 18.5 24.0 21.82 2.82
108000.0 310 32.19 0.1 40506 3894.54 0.36 15839 2633.9 1.15 1900621 497325.0 20.52 310 46.4 0.2 40206 8996.39 20.52 310 0 0 37200 0 0 18.8 24.0 21.83 2.79
108900.0 376 32.34 0.1 40882 3926.88 0.36 15893 2627.57 1.15 1916514 499952.58 20.52 370 47.0 0.2 40576 9043.38 20.52 310 0 0 37510 0 0 18.9 24.0 21.83 2.79
109800.0 354 32.97 0.36 41236 3959.85 0.36 15872 2626.25 1.15 1932386 502578.83 20.52 350 46.8 0.2 40926 9090.18 20.52 310 0 0 37820 0 0 18.9 24.0 21.83 2.79
110700.0 310 32.19 0.1 41546 3992.04 0.36 15837 2631.57 1.15 1948223 505210.4 20.52 310 46.39 0.2 41236 9136.58 20.52 310 0 0 38130 0 0 18.9 24.0 21.71 2.74
111600.0 310 32.19 0.1 41856 4024.23 0.36 15829 2622.4 1.15 1964052 507832.8 20.52 310 46.4 0.2 41546 9182.98 20.52 310 0 0 38440 0 0 18.9 24.0 21.65 2.61
112500.0 376 32.34 0.1 42232 4056.57 0.36 15886 2619.52 1.15 1979938 510452.33 20.52 370 47.0 0.2 41916 9229.97 20.52 310 0 0 38750 0 0 18.9 23.9 21.65 2.61
113400.0 354 32.97 0.36 42586 4089.54 0.36 15860 2612.45 1.15 1995798 513064.78 20.52 350 46.8 0.2 42266 9276.77 20.52 310 0 0 39060 0 0 18.9 23.9 21.65 2.61
114300.0 310 32.19 0.1 42896 4121.74 0.36 15832 2625.82 1.15 2011630 515690.6 20.52 310 46.39 0.2 42576 9323.17 20.52 310 0 0 39370 0 0 18.9 23.9 22.95 0.69
115200.0 310 32.19 0.1 43206 4153.93 0.36 15832 2625.85 1.15 2027462 518316.46 20.52 310 46.4 0.2 42886 9369.56 20.52 310 0 0 39680 0 0 18.9 24.0 23.48 0.17
116100.0 376 32.34 0.1 43582 4186.27 0.36 15892 2626.42 1.15 2043354 520942.88 20.52 370 47.0 0.2 43256 9416.56 20.52 310 0 0 39990 0 0 22.6 24.0 23.51 0.04
117000.0 354 32.97 0.36 43936 4219.24 0.36 15869 2622.8 1.15 2059223 523565.68 20.52 350 46.8 0.2 43606 9463.36 20.52 310 0 0 40300 0 0 22.6 24.0 23.51 0.04
117900.0 310 32.19 0.1 44246 4251.43 0.36 15829 2622.37 1.15 2075052 526188.06 20.52 310 46.39 0.2 43916 9509.75 20.52 310 0 0 40610 0 0 22.6 24.0 23.56 0.02
118800.0 310 32.19 0.1 44556 4283.63 0.36 15828 2621.25 1.15 2090880 528809.31 20.52 310 46.4 0.2 44226 9556.15 20.52 310 0 0 40920 0 0 22.7 24.0 23.6 0.02
119700.0 376 32.34 0.1 44932 4315.96 0.36 15886 2619.52 1.15 2106766 531428.83 20.52 370 47.0 0.2 44596 9603.15 20.52 310 0 0 41230 0 0 22.7 24.0 23.6 0.02
120600.0 354 32.97 0.36 45286 4348.93 0.36 15866 2619.35 1.15 2122632 534048.19 20.52 350 46.8 0.2 44946 9649.95 20.52 310 0 0 41540 0 0 22.7 24.0 23.6 0.02
121500.0 310 32.19 0.1 45596 4381.13 0.36 15824 2616.62 1.15 2138456 536664.81 20.52 310 46.39 0.2 45256 9696.34 20.52 310 0 0 41850 0 0 22.7 24.0 23.64 0.01
122400.0 310 32.19 0.1 45906 4413.32 0.36 15822 2614.35 1.15 2154278 539279.16 20.52 310 46.4 0.2 45566 9742.74 20.52 310 0 0 42160 0 0 22.8 24.0 23.66 0.01
123300.0 376 32.34 0.1 46282 4445.66 0.36 15882 2614.92 1.15 2170160 541894.09 20.52 370 47.0 0.2 45936 9789.74 20.52 310 0 0 42470 0 0 22.8 24.0 23.66 0.01
124200.0 354 32.97 0.36 46636 4478.63 0.36 15862 2614.75 1.15 2186022 544508.84 20.52 350 46.8 0.2 46286 9836.54 20.52 310 0 0 42780 0 0 22.8 24.0 23.66 0.01
125100.0 310 32.19 0.1 46946 4510.82 0.36 15818 2609.72 1.15 2201840 547118.56 20.52 310 46.39 0.2 46596 9882.93 20.52 310 0 0 43090 0 0 22.8 24.0 23.69 0.01
126000.0 310 32.19 0.1 47256 4543.02 0.36 15818 2609.75 1.15 2217658 549728.31 20.52 310 46.4 0.2 46906 9929.33 20.52 310 0 0 43400 0 0 22.9 24.0 23.72 0.01
126900.0 376 32.34 0.1 47632 4575.35 0.36 15877 2609.17 1.15 2233535 552337.49 20.52 370 47.0 0.2 47276 9976.33 20.52 310 0 0 43710 0 0 22.9 24.0 23.72 0.01
127800.0 354 32.97 0.36 47986 4608.33 0.36 15857 2609.0 1.15 2249392 554946.49 20.52 350 46.8 0.2 47626 10023.13 20.52 310 0 0 44020 0 0 22.9 24.0 23.72 0.01
128700.0 310 32.19 0.1 48296 4640.52 0.36 15817 2608.57 1.15 2265209 557555.06 20.52 310 46.39 0.2 47936 10069.52 20.52 310 0 0 44330 0 0 22.9 24.0 23.75 0.01
129600.0 310 32.19 0.1 48606 4672.71 0.36 15817 2608.6 1.15 2281026 560163.67 20.52 310 46.4 0.2 48246 10115.92 20.52 310 0 0 44640 0 0 23.1 24.0 23.77 0.01
130500.0 376 32.34 0.1 48982 4705.05 0.36 15873 2604.57 1.15 2296899 562768.24 20.52 370 47.0 0.2 48616 10162.92 20.52 310 0 0 44950 0 0 23.1 24.0 23.77 0.01
131400.0 354 32.97 0.36 49336 4738.02 0.36 15853 2604.4 1.15 2312752 565372.64 20.52 350 46.8 0.2 48966 10209.71 20.52 310 0 0 45260 0 0 23.1 24.0 23.77 0.01
132300.0 310 32.19 0.1 49646 4770.21 0.36 15813 2603.97 1.15 2328565 567976.62 20.52 310 46.39 0.2 49276 10256.11 20.52 310 0 0 45570 0 0 23.1 24.0 23.78 0.01
133200.0 310 32.19 0.1 49956 4802.41 0.36 15812 2602.85 1.15 2344377 570579.47 20.52 310 46.4 0.2 49586 10302.51 20.52 310 0 0 45880 0 0 23.2 24.0 23.8 0.01
134100.0 376 32.34 0.1 50332 4834.75 0.36 15872 2603.42 1.15 2360249 573182.89 20.52 370 47.0 0.2 49956 10349.5 20.52 310 0 0 46190 0 0 23.2 24.0 23.8 0.01
135000.0 354 32.97 0.36 50686 4867.72 0.36 15852 2603.25 1.15 2376101 575786.15 20.52 350 46.8 0.2 50306 10396.3 20.52 310 0 0 46500 0 0 23.2 24.0 23.8 0.01
135900.0 310 32.19 0.1 50996 4899.91 0.36 15807 2597.07 1.15 2391908 578383.22 20.52 310 46.39 0.2 50616 10442.7 20.52 310 0 0 46810 0 0 23.2 24.0 23.83 0.01
136800.0 310 32.19 0.1 51306 4932.1 0.36 15807 2597.1 1.15 2407715 580980.32 20.52 310 46.4 0.2 50926 10489.1 20.52 310 0 0 47120 0 0 23.3 24.0 23.84 0.01
137700.0 376 32.34 0.1 51682 4964.44 0.36 15867 2597.67 1.15 2423582 583577.99 20.52 370 47.0 0.2 51296 10536.09 20.52 310 0 0 47430 0 0 23.3 24.0 23.84 0.01
138600.0 354 32.97 0.36 52036 4997.41 0.36 15844 2594.05 1.15 2439426 586172.05 20.52 350 46.8 0.2 51646 10582.89 20.52 310 0 0 47740 0 0 23.3 24.0 23.84 0.01
139500.0 310 32.19 0.1 52346 5029.61 0.36 15804 2593.62 1.15 2455230 588765.67 20.52 310 46.39 0.2 51956 10629.29 20.52 310 0 0 48050 0 0 23.3 24.0 23.85 0.01
140400.0 310 32.19 0.1 52656 5061.8 0.36 15803 2592.5 1.15 2471033 591358.17 20.52 310 46.4 0.2 52266 10675.68 20.52 310 0 0 48360 0 0 23.4 24.0 23.86 0.01
141300.0 376 32.34 0.1 53032 5094.14 0.36 15860 2589.62 1.15 2486893 593947.8 20.52 370 47.0 0.2 52636 10722.68 20.52 310 0 0 48670 0 0 23.4 24.0 23.86 0.01
142200.0 354 32.97 0.36 53386 5127.11 0.36 15840 2589.45 1.15 2502733 596537.25 20.52 350 46.8 0.2 52986 10769.48 20.52 310 0 0 48980 0 0 23.4 24.0 23.86 0.01
143100.0 310 32.19 0.1 53696 5159.3 0.36 15799 2587.87 1.15 2518532 599125.12 20.52 310 46.39 0.2 53296 10815.88 20.52 310 0 0 49290 0 0 23.4 24.0 23.87 0.01
144000.0 310 32.19 0.1 54006 5191.5 0.36 15793 2581.0 1.15 2534325 601706.12 20.52 310 46.4 0.2 53606 10862.27 20.52 310 0 0 49600 0 0 23.5 24.0 23.88 0.01
144900.0 376 32.34 0.1 54382 5223.83 0.36 15853 2581.57 1.15 2550178 604287.7 20.52 370 47.0 0.2 53976 10909.27 20.52 310 0 0 49910 0 0 23.5 24.0 23.88 0.01
145800.0 354 32.97 0.36 54736 5256.8 0.36 15833 2581.4 1.15 2566011 606869.1 20.52 350 46.8 0.2 54326 10956.07 20.52 310 0 0 50220 0 0 23.5 24.0 23.88 0.01
146700.0 310 32.19 0.1 55046 5289.0 0.36 15791 2578.67 1.15 2581802 609447.78 20.52 310 46.39 0.2 54636 11002.46 20.52 310 0 0 50530 0 0 23.5 24.0 23.88 0.01
147600.0 310 32.19 0.1 55356 5321.19 0.36 15791 2578.7 1.15 2597593 612026.48 20.52 310 46.4 0.2 54946 11048.86 20.52 310 0 0 50840 0 0 23.6 24.0 23.88 0.01
148500.0 376 32.34 0.1 55732 5353.53 0.36 15849 2576.97 1.15 2613442 614603.45 20.52 370 47.0 0.2 55316 11095.86 20.52 310 0 0 51150 0 0 23.6 24.0 23.88 0.01
149400.0 354 32.97 0.36 56086 5386.5 0.36 15829 2576.8 1.15 2629271 617180.26 20.52 350 46.8 0.2 55666 11142.66 20.52 310 0 0 51460 0 0 23.6 24.0 23.88 0.01
150300.0 310 32.19 0.1 56396 5418.69 0.36 15789 2576.37 1.15 2645060 619756.63 20.52 310 46.39 0.2 55976 11189.05 20.52 310 0 0 51770 0 0 23.6 24.0 23.89 0.01
151200.0 310 32.19 0.1 56706 5450.89 0.36 15789 2576.4 1.15 2660849 622333.03 20.52 310 46.4 0.2 56286 11235.45 20.52 310 0 0 52080 0 0 23.7 24.0 23.9 0.01
152100.0 376 32.34 0.1 57082 5483.22 0.36 15847 2574.67 1.15 2676696 624907.7 20.52 370 47.0 0.2 56656 11282.45 20.52 310 0 0 52390 0 0 23.7 24.0 23.9 0.01
153000.0 354 32.97 0.36 57436 5516.19 0.36 15827 2574.5 1.15 2692523 627482.21 20.52 350 46.8 0.2 57006 11329.25 20.52 310 0 0 52700 0 0 23.7 24.0 23.9 0.01
153900.0 310 32.19 0.1 57746 5548.39 0.36 15786 2572.92 1.15 2708309 630055.13 20.52 310 46.39 0.2 57316 11375.64 20.52 310 0 0 53010 0 0 23.7 24.0 23.89 0.01
154800.0 310 32.19 0.1 58056 5580.58 0.36 15785 2571.8 1.15 2724094 632626.93 20.52 310 46.4 0.2 57626 11422.04 20.52 310 0 0 53320 0 0 23.6 24.0 23.89 0.01
155700.0 376 32.34 0.1 58432 5612.92 0.36 15845 2572.37 1.15 2739939 635199.31 20.52 370 47.0 0.2 57996 11469.04 20.52 310 0 0 53630 0 0 23.6 24.0 23.89 0.01
156600.0 354 32.97 0.36 58786 5645.89 0.36 15824 2571.05 1.15 2755763 637770.36 20.52 350 46.8 0.2 58346 11515.83 20.52 310 0 0 53940 0 0 23.6 24.0 23.89 0.01
157500.0 310 32.19 0.1 59096 5678.08 0.36 15781 2567.17 1.15 2771544 640337.53 20.52 310 46.39 0.2 58656 11562.23 20.52 310 0 0 54250 0 0 23.6 24.0 23.88 0.01
158400.0 310 32.19 0.1 59406 5710.28 0.36 15781 2567.2 1.15 2787325 642904.73 20.52 310 46.4 0.2 58966 11608.63 20.52 310 0 0 54560 0 0 23.5 24.0 23.88 0.01
159300.0 376 32.34 0.1 59782 5742.61 0.36 15841 2567.77 1.15 2803166 645472.51 20.52 370 47.0 0.2 59336 11655.62 20.52 310 0 0 54870 0 0 23.5 24.0 23.88 0.01
160200.0 354 32.97 0.36 60136 5775.59 0.36 15818 2564.15 1.15 2818984 648036.66 20.52 350 46.8 0.2 59686 11702.42 20.52 310 0 0 55180 0 0 23.5 24.0 23.88 0.01
161100.0 310 32.19 0.1 60446 5807.78 0.36 15778 2563.72 1.15 2834762 650600.38 20.52 310 46.39 0.2 59996 11748.82 20.52 310 0 0 55490 0 0 23.5 24.0 23.86 0.01
162000.0 310 32.19 0.1 60756 5839.97 0.36 15776 2561.45 1.15 2850538 653161.84 20.52 310 46.4 0.2 60306 11795.22 20.52 310 0 0 55800 0 0 23.4 24.0 23.86 0.01
162900.0 376 32.33 0.1 61132 5872.31 0.36 15835 2560.87 1.15 2866373 655722.71 20.52 370 47.0 0.2 60676 11842.21 20.52 310 0 0 56110 0 0 23.4 24.0 23.86 0.01
163800.0 354 32.97 0.36 61486 5905.28 0.36 15814 2559.55 1.15 2882187 658282.26 20.52 350 46.8 0.2 61026 11889.01 20.52 310 0 0 56420 0 0 23.4 24.0 23.86 0.01
164700.0 310 32.19 0.1 61796 5937.47 0.36 15773 2557.97 1.15 2897960 660840.24 20.52 310 46.39 0.2 61336 11935.41 20.52 310 0 0 56730 0 0 23.4 24.0 23.83 0.02
165600.0 310 32.19 0.1 62106 5969.66 0.36 15766 2549.95 1.15 2913726 663390.19 20.52 310 46.4 0.2 61646 11981.8 20.52 310 0 0 57040 0 0 23.3 24.0 23.82 0.02
166500.0 376 32.34 0.1 62482 6002.0 0.36 15826 2550.52 1.15 2929552 665940.71 20.52 370 47.0 0.2 62016 12028.8 20.52 310 0 0 57350 0 0 23.3 24.0 23.82 0.02
167400.0 354 32.97 0.36 62836 6034.97 0.36 15805 2549.2 1.15 2945357 668489.92 20.52 350 46.8 0.2 62366 12075.6 20.52 310 0 0 57660 0 0 23.3 24.0 23.82 0.02
168300.0 310 32.19 0.1 63146 6067.17 0.36 15765 2548.77 1.15 2961122 671038.69 20.52 310 46.39 0.2 62676 12122.0 20.52 310 0 0 57970 0 0 23.3 24.0 23.8 0.02
169200.0 310 32.19 0.1 63456 6099.36 0.36 15764 2547.65 1.15 2976886 673586.34 20.52 310 46.4 0.2 62986 12168.39 20.52 310 0 0 58280 0 0 23.2 24.0 23.79 0.02
170100.0 376 32.33 0.1 63832 6131.69 0.36 15821 2544.77 1.15 2992707 676131.12 20.52 370 47.0 0.2 63356 12215.39 20.52 310 0 0 58590 0 0 23.2 24.0 23.79 0.02
171000.0 354 32.97 0.36 64186 6164.66 0.36 15798 2541.15 1.15 3008505 678672.27 20.52 350 46.8 0.2 63706 12262.19 20.52 310 0 0 58900 0 0 23.2 24.0 23.79 0.02
171900.0 310 32.19 0.1 64496 6196.86 0.36 15758 2540.72 1.15 3024263 681212.99 20.52 310 46.39 0.2 64016 12308.58 20.52 310 0 0 59210 0 0 23.2 24.0 23.76 0.02
172800.0 310 32.19 0.1 64806 6229.05 0.36 15758 2540.75 1.15 3040021 683753.74 20.52 310 46.4 0.2 64326 12354.98 20.52 310 0 0 59520 0 0 23.1 24.0 23.74 0.02
173700.0 376 32.34 0.1 65182 6261.39 0.36 15811 2533.27 1.15 3055832 686287.02 20.52 370 47.0 0.2 64696 12401.98 20.52 310 0 0 59830 0 0 23.1 24.0 23.74 0.02
174600.0 354 32.97 0.36 65536 6294.36 0.36 15789 2530.8 1.15 3071621 688817.82 20.52 350 46.8 0.2 65046 12448.78 20.52 310 0 0 60140 0 0 23.1 24.0 23.74 0.02
175500.0 310 32.19 0.1 65846 6326.55 0.36 15747 2528.07 1.15 3087368 691345.89 20.52 310 46.39 0.2 65356 12495.17 20.52 310 0 0 60450 0 0 23.1 24.0 23.71 0.03
176400.0 310 32.19 0.1 66156 6358.75 0.36 15744 2524.65 1.15 3103112 693870.55 20.52 310 46.4 0.2 65666 12541.57 20.52 310 0 0 60760 0 0 22.9 24.0 23.68 0.03
177300.0 376 32.34 0.1 66532 6391.09 0.36 15803 2524.07 1.15 3118915 696394.62 20.52 370 47.0 0.2 66036 12588.57 20.52 310 0 0 61070 0 0 22.9 23.9 23.67 0.03
178200.0 354 32.97 0.36 66886 6424.06 0.36 15779 2519.3 1.15 3134694 698913.92 20.52 350 46.8 0.2 66386 12635.37 20.52 310 0 0 61380 0 0 22.9 23.9 23.67 0.03
179100.0 310 32.19 0.1 67196 6456.25 0.36 15735 2514.27 1.15 3150429 701428.2 20.52 310 46.39 0.2 66696 12681.76 20.52 310 0 0 61690 0 0 22.9 23.9 23.62 0.03
180000.0 310 32.19 0.1 67506 6488.44 0.36 15740 2520.05 1.15 3166169 703948.25 20.52 310 46.4 0.2 67006 12728.16 20.52 310 0 0 62000 0 0 22.8 23.9 23.58 0.02
180900.0 376 32.34 0.1 67882 6520.78 0.36 15797 2517.17 1.15 3181966 706465.42 20.52 370 47.0 0.2 67376 12775.16 20.52 310 0 0 62310 0 0 22.8 23.9 23.58 0.02
181800.0 354 32.97 0.36 68236 6553.75 0.36 15765 2503.2 1.15 3197731 708968.63 20.52 350 46.8 0.2 67726 12821.96 20.52 310 0 0 62620 0 0 22.8 23.9 23.58 0.02
182700.0 310 32.19 0.1 68546 6585.95 0.36 15730 2508.52 1.15 3213461 711477.15 20.52 310 46.39 0.2 68036 12868.35 20.52 310 0 0 62930 0 0 22.8 23.8 23.51 0.03
183600.0 310 32.19 0.1 68856 6618.14 0.36 15733 2512.0 1.15 3229194 713989.15 20.52 310 46.4 0.2 68346 12914.75 20.52 310 0 0 63240 0 0 22.7 23.8 23.44 0.02
184500.0 376 32.34 0.1 69232 6650.48 0.36 15787 2505.67 1.15 3244981 716494.83 20.52 370 47.0 0.2 68716 12961.74 20.52 310 0 0 63550 0 0 22.7 23.8 23.44 0.02
185400.0 354 32.97 0.36 69586 6683.45 0.36 15761 2498.6 1.15 3260742 718993.43 20.52 350 46.8 0.2 69066 13008.54 20.52 310 0 0 63860 0 0 22.7 23.8 23.44 0.02
186300.0 310 32.19 0.1 69896 6715.64 0.36 15728 2506.22 1.15 3276470 721499.65 20.52 310 46.39 0.2 69376 13054.94 20.52 310 0 0 64170 0 0 22.7 23.7 23.35 0.03
187200.0 310 32.19 0.1 70206 6747.83 0.36 15725 2502.8 1.15 3292195 724002.45 20.52 310 46.4 0.2 69686 13101.34 20.52 310 0 0 64480 0 0 22.4 23.7 23.27 0.02
188100.0 376 32.34 0.1 70582 6780.17 0.36 15784 2502.22 1.15 3307979 726504.68 20.52 370 47.0 0.2 70056 13148.33 20.52 310 0 0 64790 0 0 22.4 23.7 23.26 0.02
189000.0 354 32.97 0.36 70936 6813.14 0.36 15759 2496.3 1.15 3323738 729000.98 20.52 350 46.8 0.2 70406 13195.13 20.52 310 0 0 65100 0 0 22.4 23.7 23.26 0.02
189900.0 310 32.19 0.1 71246 6845.34 0.36 15720 2497.02 1.15 3339458 731498.0 20.52 310 46.39 0.2 70716 13241.53 20.52 310 0 0 65410 0 0 22.4 23.6 23.13 0.03
190800.0 310 32.19 0.1 71556 6877.53 0.36 15720 2497.05 1.15 3355178 733995.06 20.52 310 46.4 0.2 71026 13287.93 20.52 310 0 0 65720 0 0 22.1 23.5 23.02 0.03
191700.0 376 32.34 0.1 71932 6909.87 0.36 15778 2495.32 1.15 3370956 736490.38 20.52 370 47.0 0.2 71396 13334.92 20.52 310 0 0 66030 0 0 22.1 23.5 23.02 0.02
192600.0 354 32.97 0.36 72286 6942.84 0.36 15741 2475.6 1.15 3386697 738965.98 20.52 350 46.8 0.2 71746 13381.72 20.52 310 0 0 66340 0 0 22.1 23.5 23.02 0.02
193500.0 310 32.19 0.1 72596 6975.03 0.36 15708 2483.22 1.15 3402405 741449.21 20.52 310 46.39 0.2 72056 13428.12 20.52 310 0 0 66650 0 0 22.1 23.4 22.87 0.03
194400.0 310 32.19 0.1 72906 7007.23 0.36 15713 2489.0 1.15 3418118 743938.21 20.52 310 46.4 0.2 72366 13474.51 20.52 310 0 0 66960 0 0 22.0 23.3 22.74 0.03
195300.0 376 32.34 0.1 73282 7039.56 0.36 15765 2480.37 1.15 3433883 746418.58 20.52 370 47.0 0.2 72736 13521.51 20.52 310 0 0 67270 0 0 22.0 23.3 22.73 0.03
196200.0 354 32.97 0.36 73636 7072.53 0.36 15745 2480.2 1.15 3449628 748898.79 20.52 350 46.8 0.2 73086 13568.31 20.52 310 0 0 67580 0 0 22.0 23.3 22.73 0.03
197100.0 310 32.19 0.1 73946 7104.73 0.36 15709 2484.37 1.15 3465337 751383.16 20.52 310 46.39 0.2 73396 13614.7 20.52 310 0 0 67890 0 0 22.0 23.1 22.58 0.02
198000.0 310 32.19 0.1 74256 7136.92 0.36 15689 2461.4 1.15 3481026 753844.56 20.52 310 46.4 0.2 73706 13661.1 20.52 310 0 0 68200 0 0 22.0 23.1 22.42 0.03
198900.0 376 32.34 0.1 74632 7169.26 0.36 15749 2461.97 1.15 3496775 756306.53 20.52 370 47.0 0.2 74076 13708.1 20.52 310 0 0 68510 0 0 22.0 23.1 22.42 0.03
199800.0 354 32.97 0.36 74986 7202.23 0.36 15728 2460.65 1.15 3512503 758767.19 20.52 350 46.8 0.2 74426 13754.9 20.52 310 0 0 68820 0 0 22.0 23.1 22.42 0.03
200700.0 310 32.19 0.1 75296 7234.42 0.36 15692 2464.82 1.15 3528195 761232.01 20.52 310 46.39 0.2 74736 13801.29 20.52 310 0 0 69130 0 0 22.0 22.8 22.26 0.02
201600.0 310 32.19 0.1 75606 7266.62 0.36 15693 2466.0 1.15 3543888 763698.01 20.52 310 46.4 0.2 75046 13847.69 20.52 310 0 0 69440 0 0 22.0 22.8 22.19 0.02
202500.0 376 32.34 0.1 75982 7298.95 0.36 15751 2464.27 1.15 3559639 766162.29 20.52 370 47.0 0.2 75416 13894.69 20.52 310 0 0 69750 0 0 22.0 22.8 22.19 0.02
203400.0 354 32.97 0.36 76336 7331.93 0.36 15729 2461.8 1.15 3575368 768624.09 20.52 350 46.8 0.2 75766 13941.49 20.52 310 0 0 70060 0 0 22.0 22.8 22.19 0.02
204300.0 310 32.19 0.1 76646 7364.12 0.36 15692 2464.82 1.15 3591060 771088.91 20.52 310 46.39 0.2 76076 13987.88 20.52 310 0 0 70370 0 0 22.0 22.6 22.07 0.01
205200.0 310 32.19 0.1 76956 7396.31 0.36 15692 2464.85 1.15 3606752 773553.76 20.52 310 46.4 0.2 76386 14034.28 20.52 310 0 0 70680 0 0 22.0 22.6 22.06 0.01
206100.0 376 32.33 0.1 77332 7428.65 0.36 15752 2465.42 1.15 3622504 776019.19 20.52 370 47.0 0.2 76756 14081.28 20.52 310 0 0 70990 0 0 22.0 22.6 22.06 0.01
207000.0 354 32.97 0.36 77686 7461.62 0.36 15727 2459.5 1.15 3638231 778478.69 20.52 350 46.8 0.2 77106 14128.08 20.52 310 0 0 71300 0 0 22.0 22.6 22.06 0.01
207900.0 310 32.19 0.1 77996 7493.81 0.36 15689 2461.37 1.15 3653920 780940.07 20.52 310 46.39 0.2 77416 14174.47 20.52 310 0 0 71610 0 0 22.0 22.2 22.02 0.0
208800.0 310 32.19 0.1 78306 7526.0 0.36 15686 2457.95 1.15 3669606 783398.02 20.52 310 46.4 0.2 77726 14220.87 20.52 310 0 0 71920 0 0 22.0 22.2 22.02 0.0
209700.0 376 32.34 0.1 78682 7558.34 0.36 15745 2457.37 1.15 3685351 785855.39 20.52 370 47.0 0.2 78096 14267.87 20.52 310 0 0 72230 0 0 22.0 22.2 22.02 0.0
210600.0 354 32.97 0.36 79036 7591.31 0.36 15719 2450.3 1.15 3701070 788305.69 20.52 350 46.8 0.2 78446 14314.66 20.52 310 0 0 72540 0 0 22.0 22.2 22.02 0.0
211500.0 310 32.19 0.1 79346 7623.51 0.36 15675 2445.27 1.15 3716745 790750.97 20.52 310 46.39 0.2 78756 14361.06 20.52 310 0 0 72850 0 0 22.0 22.0 22.0 0.0
212400.0 310 32.19 0.1 79656 7655.7 0.36 15673 2443.0 1.15 3732418 793193.97 20.52 310 46.4 0.2 79066 14407.46 20.52 310 0 0 73160 0 0 22.0 22.0 22.0 0.0
213300.0 376 32.33 0.1 80032 7688.03 0.36 15730 2440.12 1.15 3748148 795634.09 20.52 370 47.0 0.2 79436 14454.45 20.52 310 0 0 73470 0 0 22.0 22.0 22.0 0.0
214200.0 354 32.97 0.36 80386 7721.0 0.36 15703 2431.9 1.15 3763851 798066.0 20.52 350 46.8 0.2 79786 14501.25 20.52 310 0 0 73780 0 0 22.0 22.0 22.0 0.0
215100.0 310 32.19 0.1 80696 7753.2 0.36 15661 2429.17 1.15 3779512 800495.17 20.52 310 46.39 0.2 80096 14547.65 20.52 310 0 0 74090 0 0 22.0 22.0 22.0 0.0
216000.0 310 32.19 0.1 81006 7785.39 0.36 15655 2422.3 1.15 3795167 802917.47 20.52 310 46.4 0.2 80406 14594.05 20.52 310 0 0 74400 0 0 22.0 22.0 22.0 0.0
216900.0 376 32.34 0.1 81382 7817.73 0.36 15711 2418.27 1.15 3810878 805335.75 20.52 370 47.0 0.2 80776 14641.04 20.52 310 0 0 74710 0 0 22.0 22.0 22.0 0.0
217800.0 354 32.97 0.36 81736 7850.7 0.36 15687 2413.5 1.15 3826565 807749.25 20.52 350 46.8 0.2 81126 14687.84 20.52 310 0 0 75020 0 0 22.0 22.0 22.0 0.0
218700.0 310 32.19 0.1 82046 7882.89 0.36 15641 2406.17 1.15 3842206 810155.42 20.52 310 46.39 0.2 81436 14734.24 20.52 310 0 0 75330 0 0 22.0 22.0 22.0 0.0
219600.0 310 32.19 0.1 82356 7915.09 0.36 15638 2402.75 1.15 3857844 812558.17 20.52 310 46.4 0.2 81746 14780.63 20.52 310 0 0 75640 0 0 22.0 22.0 22.0 0.0
220500.0 376 32.34 0.1 82732 7947.43 0.36 15692 2396.42 1.15 3873536 814954.6 20.52 370 47.0 0.2 82116 14827.63 20.52 310 0 0 75950 0 0 22.0 22.0 22.0 0.0
221400.0 354 32.97 0.36 83086 7980.4 0.36 15668 2393.7 1.15 3889204 817348.3 20.52 350 46.83 0.2 82466 14874.46 20.52 310 0 0 76260 0 0 22.0 22.0 22.0 0.0
222300.0 310 32.2 0.1 83396 8012.6 0.36 15720 2501.1 1.15 3904924 819849.39 20.52 310 46.46 0.2 82776 14920.92 20.52 310 0 0 76570 0 0 20.8 22.0 21.3 0.06
223200.0 310 32.2 0.1 83706 8044.79 0.36 15752 2537.95 1.15 3920676 822387.35 20.52 310 46.47 0.2 83086 14967.39 20.52 310 0 0 76880 0 0 19.9 22.0 20.59 0.15
224100.0 376 32.34 0.1 84082 8077.14 0.36 15812 2538.5 1.15 3936488 824925.85 20.52 370 47.06 0.2 83456 15014.45 20.52 310 0 0 77190 0 0 19.8 21.8 20.56 0.13
225000.0 354 32.97 0.36 84436 8110.11 0.36 15792 2538.39 1.15 3952280 827464.23 20.52 350 46.88 0.2 83806 15061.33 20.52 310 0 0 77500 0 0 19.8 21.8 20.56 0.13
225900.0 310 32.2 0.1 84746 8142.31 0.36 15755 2541.96 1.15 3968035 830006.19 20.52 310 46.48 0.2 84116 15107.81 20.52 310 0 0 77810 0 0 19.8 21.7 20.5 0.12
226800.0 310 32.2 0.1 85056 8174.51 0.36 15756 2543.09 1.15 3983791 832549.28 20.52 310 46.48 0.2 84426 15154.3 20.52 310 0 0 78120 0 0 19.8 21.7 20.46 0.14
227700.0 376 32.34 0.1 85432 8206.85 0.36 15816 2543.71 1.15 3999607 835092.99 20.52 370 47.09 0.2 84796 15201.38 20.52 310 0 0 78430 0 0 19.8 21.7 20.46 0.14
228600.0 354 32.98 0.36 85786 8239.82 0.36 15792 2539.99 1.15 4015399 837632.98 20.52 350 46.9 0.2 85146 15248.28 20.52 310 0 0 78740 0 0 19.8 21.7 20.46 0.14
229500.0 310 32.2 0.1 86096 8272.02 0.36 15755 2541.51 1.15 4031154 840174.49 20.52 310 46.47 0.2 85456 15294.75 20.52 310 0 0 79050 0 0 19.8 21.6 20.45 0.14
230400.0 310 32.2 0.1 86406 8304.22 0.36 15757 2543.83 1.15 4046911 842718.32 20.52 310 46.47 0.2 85766 15341.22 20.52 310 0 0 79360 0 0 19.8 21.6 20.45 0.14
231300.0 376 32.34 0.1 86782 8336.55 0.36 15813 2539.81 1.15 4062724 845258.14 20.52 370 47.07 0.2 86136 15388.29 20.52 310 0 0 79670 0 0 19.8 21.6 20.45 0.14
232200.0 354 32.97 0.36 87136 8369.53 0.36 15789 2534.89 1.15 4078513 847793.03 20.52 350 46.87 0.2 86486 15435.16 20.52 310 0 0 79980 0 0 19.8 21.6 20.45 0.14
233100.0 310 32.2 0.1 87446 8401.73 0.36 15753 2540.61 1.15 4094266 850333.64 20.52 310 46.5 0.2 86796 15481.66 20.52 310 0 0 80290 0 0 19.8 21.5 20.48 0.15
234000.0 310 32.2 0.1 87756 8433.93 0.36 15752 2539.45 1.15 4110018 852873.09 20.52 310 46.5 0.2 87106 15528.16 20.52 310 0 0 80600 0 0 19.8 21.5 20.48 0.15
234900.0 376 32.34 0.1 88132 8466.27 0.36 15812 2540.07 1.15 4125830 855413.16 20.52 370 47.1 0.2 87476 15575.27 20.52 310 0 0 80910 0 0 19.8 21.5 20.48 0.15
235800.0 354 32.97 0.36 88486 8499.24 0.36 15784 2528.43 1.15 4141614 857941.58 20.52 350 46.86 0.2 87826 15622.13 20.52 310 0 0 81220 0 0 19.8 21.5 20.48 0.15
236700.0 310 32.2 0.1 88796 8531.44 0.36 15740 2521.98 1.15 4157354 860463.56 20.52 310 46.43 0.2 88136 15668.56 20.52 310 0 0 81530 0 0 19.8 21.4 20.5 0.16
237600.0 310 32.2 0.1 89106 8563.63 0.36 15743 2525.46 1.15 4173097 862989.02 20.52 310 46.44 0.2 88446 15715.0 20.52 310 0 0 81840 0 0 19.8 21.4 20.54 0.15
238500.0 376 32.33 0.1 89482 8595.97 0.36 15801 2523.73 1.15 4188898 865512.75 20.52 370 47.04 0.2 88816 15762.03 20.52 310 0 0 82150 0 0 19.7 21.4 20.54 0.15
239400.0 354 32.97 0.36 89836 8628.94 0.36 15772 2514.17 1.15 4204670 868026.92 20.52 350 46.85 0.2 89166 15808.88 20.52 310 0 0 82460 0 0 19.7 21.4 20.54 0.15
240300.0 310 32.2 0.1 90146 8661.14 0.36 15730 2511.39 1.15 4220400 870538.3 20.52 310 46.44 0.2 89476 15855.32 20.52 310 0 0 82770 0 0 19.7 21.5 20.57 0.16
241200.0 310 32.2 0.1 90456 8693.33 0.36 15729 2510.32 1.15 4236129 873048.62 20.52 310 46.45 0.2 89786 15901.77 20.52 310 0 0 83080 0 0 19.7 21.6 20.59 0.16
242100.0 376 32.34 0.1 90832 8725.67 0.36 15789 2510.84 1.15 4251918 875559.46 20.52 370 47.04 0.2 90156 15948.81 20.52 310 0 0 83390 0 0 19.7 21.6 20.59 0.16
243000.0 354 32.97 0.36 91186 8758.65 0.36 15765 2506.1 1.15 4267683 878065.56 20.52 350 46.85 0.2 90506 15995.67 20.52 310 0 0 83700 0 0 19.7 21.6 20.59 0.16
243900.0 310 32.2 0.1 91496 8790.84 0.36 15718 2498.26 1.15 4283401 880563.82 20.52 310 46.45 0.2 90816 16042.12 20.52 310 0 0 84010 0 0 19.7 21.7 20.61 0.17
244800.0 310 32.2 0.1 91806 8823.04 0.36 15725 2506.33 1.15 4299126 883070.16 20.52 310 46.46 0.2 91126 16088.58 20.52 310 0 0 84320 0 0 19.7 21.8 20.64 0.17
245700.0 376 32.34 0.1 92182 8855.38 0.36 15785 2506.91 1.15 4314911 885577.07 20.52 370 47.05 0.2 91496 16135.63 20.52 310 0 0 84630 0 0 19.6 21.8 20.64 0.17
246600.0 354 32.98 0.36 92536 8888.36 0.36 15753 2493.8 1.15 4330664 888070.87 20.52 350 46.87 0.2 91846 16182.5 20.52 310 0 0 84940 0 0 19.6 21.8 20.64 0.17
247500.0 310 32.2 0.1 92846 8920.55 0.36 15726 2507.18 1.15 4346390 890578.05 20.52 310 46.45 0.2 92156 16228.95 20.52 310 0 0 85250 0 0 19.6 21.8 20.6 0.18
248400.0 310 32.2 0.1 93156 8952.75 0.36 15728 2509.53 1.15 4362118 893087.58 20.52 310 46.45 0.2 92466 16275.4 20.52 310 0 0 85560 0 0 19.6 21.9 20.62 0.18
249300.0 376 32.34 0.1 93532 8985.09 0.36 15783 2504.33 1.15 4377901 895591.91 20.52 370 47.05 0.2 92836 16322.45 20.52 310 0 0 85870 0 0 19.5 21.9 20.62 0.19
250200.0 354 32.97 0.36 93886 9018.07 0.36 15739 2475.94 1.15 4393640 898067.84 20.52 350 46.84 0.2 93186 16369.29 20.52 310 0 0 86180 0 0 19.5 21.9 20.62 0.19
251100.0 310 32.2 0.1 94196 9050.26 0.36 15722 2502.12 1.15 4409362 900569.97 20.52 310 46.44 0.2 93496 16415.73 20.52 310 0 0 86490 0 0 19.5 21.9 20.58 0.2
252000.0 310 32.2 0.1 94506 9082.46 0.36 15723 2503.29 1.15 4425085 903073.26 20.52 310 46.44 0.2 93806 16462.17 20.52 310 0 0 86800 0 0 19.5 22.0 20.56 0.22
252900.0 376 32.34 0.1 94882 9114.8 0.36 15779 2499.27 1.15 4440864 905572.53 20.52 370 47.04 0.2 94176 16509.21 20.52 310 0 0 87110 0 0 19.5 22.0 20.56 0.22
253800.0 354 32.97 0.36 95236 9147.77 0.36 15737 2473.97 1.15 4456601 908046.51 20.52 350 46.85 0.2 94526 16556.06 20.52 310 0 0 87420 0 0 19.5 22.0 20.56 0.22
254700.0 310 32.2 0.1 95546 9179.97 0.36 15756 2541.94 1.15 4472357 910588.45 20.52 310 46.45 0.2 94836 16602.51 20.52 310 0 0 87730 0 0 19.5 22.0 20.43 0.22
255600.0 310 32.2 0.1 95856 9212.17 0.36 15761 2547.71 1.15 4488118 913136.17 20.52 310 46.46 0.2 95146 16648.96 20.52 310 0 0 88040 0 0 19.5 21.8 20.4 0.23
256500.0 376 32.34 0.1 96232 9244.51 0.36 15821 2548.3 1.15 4503939 915684.46 20.52 370 47.05 0.2 95516 16696.02 20.52 310 0 0 88350 0 0 19.3 21.8 20.39 0.23
257400.0 354 32.97 0.36 96586 9277.48 0.36 15767 2508.14 1.15 4519706 918192.6 20.52 350 46.84 0.2 95866 16742.86 20.52 310 0 0 88660 0 0 19.3 21.8 20.39 0.23
258300.0 310 32.2 0.1 96896 9309.68 0.36 15767 2554.96 1.15 4535473 920747.56 20.52 310 46.47 0.2 96176 16789.33 20.52 310 0 0 88970 0 0 19.3 21.8 20.23 0.22
259200.0 310 32.2 0.1 97206 9341.88 0.36 15771 2559.55 1.15 4551244 923307.11 20.52 310 46.47 0.2 96486 16835.8 20.52 310 0 0 89280 0 0 19.3 21.8 20.14 0.26
260100.0 376 32.34 0.1 97582 9374.22 0.36 15831 2560.16 1.15 4567075 925867.27 20.52 370 47.07 0.2 96856 16882.86 20.52 310 0 0 89590 0 0 19.2 21.6 20.14 0.26
261000.0 356 33.14 0.36 97938 9407.36 0.36 16120 173455.03 20.55 4583195 1099322.3 20.55 352 3362.56 20.55 97208 20245.43 20.55 310 0 0 89900 0 0 19.2 21.6 20.14 0.26
261900.0 310 32.2 0.1 98248 9439.56 0.36 15822 2592.8 1.15 4599017 1101915.1 20.55 310 46.78 0.2 97518 20292.21 20.55 310 0 0 90210 0 0 18.9 21.6 19.8 0.23
262800.0 310 32.2 0.1 98558 9471.75 0.36 15826 2597.46 1.15 4614843 1104512.56 20.55 310 46.79 0.2 97828 20338.99 20.55 310 0 0 90520 0 0 18.9 21.6 19.63 0.25
263700.0 376 32.34 0.1 98934 9504.1 0.36 15886 2598.0 1.15 4630729 1107110.56 20.55 370 47.38 0.2 98198 20386.38 20.55 310 0 0 90830 0 0 18.9 20.8 19.62 0.24
264600.0 356 33.15 0.36 99290 9537.25 0.36 16177 173662.52 20.55 4646906 1280773.09 20.55 352 3362.06 20.55 98550 23748.43 20.55 310 0 0 91140 0 0 18.9 20.8 19.62 0.24
265500.0 310 32.23 0.11 99600 9569.48 0.36 15871 2690.23 1.15 4662777 1283463.32 20.55 310 47.45 0.21 98860 23795.89 20.55 310 0 0 91450 0 0 17.3 20.8 18.37 0.25
266400.0 310 32.23 0.11 99910 9601.71 0.36 15889 2710.93 1.15 4678666 1286174.25 20.55 310 47.45 0.21 99170 23843.34 20.55 310 0 0 91760 0 0 17.3 20.2 17.83 0.07
267300.0 376 32.37 0.11 100286 9634.09 0.36 15949 2711.54 1.15 4694615 1288885.8 20.55 370 48.05 0.21 99540 23891.39 20.55 310 0 0 92070 0 0 17.3 18.8 17.81 0.03
268200.0 356 33.18 0.36 100642 9667.27 0.36 16239 173632.56 20.54 4710854 1462518.36 20.55 352 3360.37 20.54 99892 27251.76 20.55 310 0 0 92380 0 0 17.3 18.8 17.81 0.03
269100.0 310 32.23 0.11 100952 9699.5 0.36 15877 2697.81 1.15 4726731 1465216.17 20.55 310 47.34 0.21 100202 27299.1 20.55 310 0 0 92690 0 0 17.3 18.8 17.78 0.02
270000.0 310 32.23 0.11 101262 9731.73 0.36 15877 2697.8 1.15 4742608 1467913.97 20.55 310 47.34 0.21 100512 27346.44 20.55 310 0 0 93000 0 0 17.3 18.7 17.77 0.03
270900.0 376 32.37 0.11 101638 9764.1 0.36 15937 2698.41 1.15 4758545 1470612.38 20.55 370 47.94 0.21 100882 27394.38 20.55 310 0 0 93310 0 0 17.3 18.7 17.76 0.03
271800.0 354 33.01 0.36 101992 9797.1 0.36 15916 2695.93 1.15 4774461 1473308.31 20.55 350 47.72 0.21 101232 27442.1 20.55 310 0 0 93620 0 0 17.3 18.7 17.76 0.03
272700.0 310 32.23 0.11 102302 9829.33 0.36 15876 2695.54 1.15 4790337 1476003.84 20.55 310 47.32 0.21 101542 27489.42 20.55 310 0 0 93930 0 0 17.3 18.7 17.75 0.03
273600.0 310 32.23 0.11 102612 9861.56 0.36 15879 2698.97 1.15 4806216 1478702.81 20.55 310 47.32 0.21 101852 27536.74 20.55 310 0 0 94240 0 0 17.3 18.6 17.74 0.02
274500.0 376 32.37 0.11 102988 9893.94 0.36 15939 2699.59 1.15 4822155 1481402.4 20.55 370 47.92 0.21 102222 27584.66 20.55 310 0 0 94550 0 0 17.3 18.6 17.74 0.02
275400.0 354 33.01 0.36 103342 9926.94 0.36 15919 2705.11 1.15 4838074 1484107.51 20.55 350 47.83 0.21 102572 27632.5 20.55 310 0 0 94860 0 0 17.3 18.6 17.74 0.02
276300.0 310 32.23 0.11 103652 9959.17 0.36 15876 2696.33 1.15 4853950 1486803.84 20.55 310 47.33 0.21 102882 27679.83 20.55 310 0 0 95170 0 0 17.3 18.6 17.72 0.02
277200.0 310 32.23 0.11 103962 9991.4 0.36 15873 2692.86 1.15 4869823 1489496.69 20.55 310 47.33 0.21 103192 27727.17 20.55 310 0 0 95480 0 0 17.3 18.5 17.71 0.02
278100.0 376 32.37 0.11 104338 10023.77 0.36 15933 2693.48 1.15 4885756 1492190.17 20.55 370 47.94 0.21 103562 27775.1 20.55 310 0 0 95790 0 0 17.3 18.5 17.71 0.02
279000.0 354 33.0 0.36 104692 10056.77 0.36 15910 2685.2 1.15 4901666 1494875.37 20.55 350 47.64 0.21 103912 27822.75 20.55 310 0 0 96100 0 0 17.3 18.5 17.71 0.02
279900.0 310 32.23 0.11 105002 10089.0 0.36 15872 2692.05 1.15 4917538 1497567.42 20.55 310 47.34 0.21 104222 27870.09 20.55 310 0 0 96410 0 0 17.3 18.5 17.69 0.02
280800.0 310 32.23 0.11 105312 10121.23 0.36 15873 2693.2 1.15 4933411 1500260.62 20.55 310 47.34 0.21 104532 27917.43 20.55 310 0 0 96720 0 0 17.3 18.4 17.69 0.02
281700.0 376 32.37 0.11 105688 10153.61 0.36 15930 2690.36 1.15 4949341 1502950.98 20.55 370 47.94 0.21 104902 27965.37 20.55 310 0 0 97030 0 0 17.3 18.4 17.69 0.02
282600.0 354 33.01 0.36 106042 10186.61 0.36 15903 2681.98 1.15 4965244 1505632.96 20.55 350 47.74 0.21 105252 28013.11 20.55 310 0 0 97340 0 0 17.3 18.4 17.69 0.02
283500.0 310 32.23 0.11 106352 10218.84 0.36 15864 2677.65 1.15 4981108 1508310.61 20.55 310 47.24 0.21 105562 28060.35 20.55 310 0 0 97650 0 0 17.3 18.4 17.68 0.02
284400.0 310 32.23 0.11 106662 10251.06 0.36 15866 2679.92 1.15 4996974 1510990.53 20.55 310 47.24 0.21 105872 28107.59 20.55 310 0 0 97960 0 0 17.3 18.3 17.67 0.02
285300.0 376 32.37 0.11 107038 10283.43 0.36 15925 2679.4 1.15 5012899 1513669.92 20.55 370 47.84 0.21 106242 28155.43 20.55 310 0 0 98270 0 0 17.3 18.3 17.67 0.02
286200.0 354 33.0 0.36 107392 10316.43 0.36 15903 2676.07 1.15 5028802 1516346.0 20.55 350 47.62 0.21 106592 28203.05 20.55 310 0 0 98580 0 0 17.3 18.3 17.67 0.02
287100.0 310 32.23 0.11 107702 10348.66 0.36 15861 2673.33 1.15 5044663 1519019.33 20.55 310 47.22 0.21 106902 28250.27 20.55 310 0 0 98890 0 0 17.3 18.3 17.67 0.01
288000.0 310 32.23 0.11 108012 10380.89 0.36 15855 2666.42 1.15 5060518 1521685.75 20.55 310 47.22 0.21 107212 28297.49 20.55 310 0 0 99200 0 0 17.3 18.2 17.66 0.01
288900.0 376 32.37 0.11 108388 10413.25 0.36 15915 2667.04 1.15 5076433 1524352.79 20.55 370 47.82 0.21 107582 28345.32 20.55 310 0 0 99510 0 0 17.3 18.2 17.66 0.01
289800.0 354 33.01 0.36 108742 10446.26 0.36 15892 2669.11 1.15 5092325 1527021.89 20.55 350 47.74 0.21 107932 28393.05 20.55 310 0 0 99820 0 0 17.3 18.2 17.66 0.01
290700.0 310 32.23 0.11 109052 10478.49 0.36 15856 2678.27 1.15 5108181 1529700.17 20.55 310 47.43 0.21 108242 28440.48 20.55 310 0 0 100130 0 0 17.3 18.2 17.66 0.01
291600.0 310 32.23 0.11 109362 10510.73 0.36 15855 2677.11 1.15 5124036 1532377.28 20.55 310 47.43 0.21 108552 28487.92 20.55 310 0 0 100440 0 0 17.3 18.1 17.66 0.01
292500.0 376 32.38 0.11 109738 10543.1 0.36 15910 2671.98 1.15 5139946 1535049.26 20.55 370 48.03 0.21 108922 28535.95 20.55 310 0 0 100750 0 0 17.3 18.1 17.66 0.01
293400.0 354 33.01 0.36 110092 10576.11 0.36 15887 2668.31 1.15 5155833 1537717.57 20.55 350 47.83 0.21 109272 28583.79 20.55 310 0 0 101060 0 0 17.3 18.1 17.66 0.01
294300.0 310 32.23 0.11 110402 10608.34 0.36 15853 2669.41 1.15 5171686 1540386.97 20.55 310 47.33 0.21 109582 28631.11 20.55 310 0 0 101370 0 0 17.3 18.1 17.66 0.01
295200.0 310 32.23 0.11 110712 10640.57 0.36 15855 2671.68 1.15 5187541 1543058.65 20.55 310 47.32 0.21 109892 28678.44 20.55 310 0 0 101680 0 0 17.4 18.0 17.66 0.01
296100.0 376 32.37 0.11 111088 10672.94 0.36 15915 2672.31 1.15 5203456 1545730.96 20.55 370 47.93 0.21 110262 28726.36 20.55 310 0 0 101990 0 0 17.4 18.0 17.66 0.01
297000.0 354 33.01 0.36 111442 10705.95 0.36 15889 2665.18 1.15 5219345 1548396.14 20.55 350 47.73 0.21 110612 28774.09 20.55 310 0 0 102300 0 0 17.4 18.0 17.66 0.01
297900.0 310 32.23 0.11 111752 10738.18 0.36 15845 2665.62 1.15 5235190 1551061.76 20.55 310 47.43 0.21 110922 28821.52 20.55 310 0 0 102610 0 0 17.4 18.0 17.66 0.01
298800.0 310 32.23 0.11 112062 10770.41 0.36 15848 2669.06 1.15 5251038 1553730.82 20.55 310 47.43 0.21 111232 28868.96 20.55 310 0 0 102920 0 0 17.4 18.0 17.66 0.01
299700.0 376 32.38 0.11 112438 10802.79 0.36 15908 2669.68 1.15 5266946 1556400.5 20.55 370 48.03 0.21 111602 28916.99 20.55 310 0 0 103230 0 0 17.4 18.0 17.66 0.01
300600.0 354 33.01 0.36 112792 10835.8 0.36 15887 2668.31 1.15 5282833 1559068.81 20.55 350 47.83 0.21 111952 28964.83 20.55 310 0 0 103540 0 0 17.4 18.0 17.66 0.01
301500.0 310 32.23 0.11 113102 10868.03 0.36 15847 2661.83 1.15 5298680 1561730.64 20.55 310 47.31 0.21 112262 29012.14 20.55 310 0 0 103850 0 0 17.4 18.0 17.66 0.01
302400.0 310 32.23 0.11 113412 10900.26 0.36 15848 2662.97 1.15 5314528 1564393.6 20.55 310 47.31 0.21 112572 29059.45 20.55 310 0 0 104160 0 0 17.4 17.9 17.66 0.01
303300.0 376 32.37 0.11 113788 10932.63 0.36 15904 2658.98 1.15 5330432 1567052.58 20.55 370 47.91 0.21 112942 29107.36 20.55 310 0 0 104470 0 0 17.4 17.9 17.66 0.01
304200.0 354 33.0 0.36 114142 10965.63 0.36 15880 2649.56 1.15 5346312 1569702.14 20.55 350 47.62 0.21 113292 29154.98 20.55 310 0 0 104780 0 0 17.4 17.9 17.66 0.01
305100.0 310 32.23 0.11 114452 10997.86 0.36 15844 2659.85 1.15 5362156 1572361.99 20.55 310 47.34 0.21 113602 29202.33 20.55 310 0 0 105090 0 0 17.4 17.9 17.66 0.01
306000.0 310 32.23 0.11 114762 11030.09 0.36 15845 2661.0 1.15 5378001 1575022.99 20.55 310 47.34 0.21 113912 29249.67 20.55 310 0 0 105400 0 0 17.4 17.8 17.66 0.01
306900.0 376 32.37 0.11 115138 11062.46 0.36 15905 2661.61 1.15 5393906 1577684.6 20.55 370 47.94 0.21 114282 29297.61 20.55 310 0 0 105710 0 0 17.4 17.9 17.66 0.01
307800.0 354 33.01 0.36 115492 11095.47 0.36 15881 2661.41 1.15 5409787 1580346.01 20.55 350 47.83 0.21 114632 29345.44 20.55 310 0 0 106020 0 0 17.4 17.9 17.66 0.01
308700.0 310 32.23 0.11 115802 11127.71 0.36 15843 2663.33 1.15 5425630 1583009.33 20.55 310 47.43 0.21 114942 29392.88 20.55 310 0 0 106330 0 0 17.4 17.9 17.67 0.01
309600.0 310 32.23 0.11 116112 11159.94 0.36 15841 2661.01 1.15 5441471 1585670.35 20.55 310 47.43 0.21 115252 29440.31 20.55 310 0 0 106640 0 0 17.4 17.9 17.68 0.01
310500.0 376 32.38 0.11 116488 11192.31 0.36 15901 2661.63 1.15 5457372 1588331.97 20.55 370 48.03 0.21 115622 29488.34 20.55 310 0 0 106950 0 0 17.4 17.9 17.68 0.01
311400.0 354 33.01 0.36 116842 11225.32 0.36 15872 2651.06 1.15 5473244 1590983.04 20.55 350 47.83 0.21 115972 29536.18 20.55 310 0 0 107260 0 0 17.4 17.9 17.68 0.01
312300.0 310 32.23 0.11 117152 11257.55 0.36 15832 2645.26 1.15 5489076 1593628.29 20.55 310 47.33 0.21 116282 29583.5 20.55 310 0 0 107570 0 0 17.4 17.9 17.68 0.01
313200.0 310 32.23 0.11 117462 11289.78 0.36 15832 2645.23 1.15 5504908 1596273.52 20.55 310 47.32 0.21 116592 29630.83 20.55 310 0 0 107880 0 0 17.4 18.0 17.69 0.01
314100.0 376 32.37 0.11 117838 11322.15 0.36 15887 2640.11 1.15 5520795 1598913.63 20.55 370 47.93 0.21 116962 29678.76 20.55 310 0 0 108190 0 0 17.3 18.0 17.69 0.01
315000.0 354 33.01 0.36 118192 11355.16 0.36 15862 2634.13 1.15 5536657 1601547.75 20.55 350 47.73 0.21 117312 29726.48 20.55 310 0 0 108500 0 0 17.3 18.0 17.69 0.01
315900.0 310 32.23 0.11 118502 11387.39 0.36 15825 2637.67 1.15 5552482 1604185.43 20.55 310 47.33 0.21 117622 29773.82 20.55 310 0 0 108810 0 0 17.3 18.0 17.69 0.01
316800.0 310 32.23 0.11 118812 11419.62 0.36 15823 2635.36 1.15 5568305 1606820.79 20.55 310 47.33 0.21 117932 29821.15 20.55 310 0 0 109120 0 0 17.3 18.1 17.7 0.01
317700.0 376 32.37 0.11 119188 11451.99 0.36 15883 2635.98 1.15 5584188 1609456.76 20.55 370 47.94 0.21 118302 29869.09 20.55 310 0 0 109430 0 0 17.3 18.1 17.7 0.01
318600.0 354 33.01 0.36 119542 11485.0 0.36 15852 2623.11 1.15 5600040 1612079.87 20.55 350 47.74 0.21 118652 29916.82 20.55 310 0 0 109740 0 0 17.3 18.1 17.7 0.01
319500.0 310 32.23 0.11 119852 11517.23 0.36 15811 2626.52 1.15 5615851 1614706.4 20.55 310 47.43 0.21 118962 29964.26 20.55 310 0 0 110050 0 0 17.3 18.1 17.71 0.01
320400.0 310 32.23 0.11 120162 11549.46 0.36 15812 2627.66 1.15 5631663 1617334.06 20.55 310 47.43 0.21 119272 30011.69 20.55 310 0 0 110360 0 0 17.3 18.2 17.71 0.02
321300.0 376 32.38 0.11 120538 11581.84 0.36 15869 2624.83 1.15 5647532 1619958.89 20.55 370 48.03 0.21 119642 30059.72 20.55 310 0 0 110670 0 0 17.3 18.2 17.71 0.02
322200.0 354 33.0 0.36 120892 11614.84 0.36 15840 2600.61 1.15 5663372 1622559.49 20.55 350 47.56 0.21 119992 30107.29 20.55 310 0 0 110980 0 0 17.3 18.2 17.71 0.02
323100.0 310 32.22 0.11 121202 11647.06 0.36 15795 2588.99 1.15 5679167 1625148.48 20.55 310 47.06 0.21 120302 30154.35 20.55 310 0 0 111290 0 0 17.3 18.2 17.72 0.02
324000.0 310 32.22 0.11 121512 11679.27 0.36 15801 2595.81 1.15 5694968 1627744.29 20.55 310 47.06 0.21 120612 30201.4 20.55 310 0 0 111600 0 0 17.3 18.2 17.72 0.02
324900.0 376 32.36 0.11 121888 11711.64 0.36 15859 2594.19 1.15 5710827 1630338.48 20.55 370 47.66 0.21 120982 30249.07 20.55 310 0 0 111910 0 0 17.3 18.2 17.72 0.02
325800.0 354 33.01 0.36 122242 11744.64 0.36 15831 2597.81 1.15 5726658 1632936.29 20.55 350 47.71 0.21 121332 30296.78 20.55 310 0 0 112220 0 0 17.3 18.2 17.72 0.02
326700.0 310 32.23 0.11 122552 11776.87 0.36 15782 2593.17 1.15 5742440 1635529.47 20.55 310 47.43 0.21 121642 30344.21 20.55 310 0 0 112530 0 0 17.3 18.2 17.73 0.02
327600.0 310 32.23 0.11 122862 11809.11 0.36 15786 2597.76 1.15 5758226 1638127.23 20.55 310 47.43 0.21 121952 30391.64 20.55 310 0 0 112840 0 0 17.3 18.3 17.73 0.02
328500.0 376 32.38 0.11 123238 11841.48 0.36 15843 2594.93 1.15 5774069 1640722.15 20.55 370 48.03 0.21 122322 30439.68 20.55 310 0 0 113150 0 0 17.2 18.3 17.73 0.02
329400.0 354 33.01 0.36 123592 11874.49 0.36 15815 2585.51 1.15 5789884 1643307.67 20.55 350 47.83 0.21 122672 30487.51 20.55 310 0 0 113460 0 0 17.2 18.3 17.73 0.02
330300.0 310 32.23 0.11 123902 11906.73 0.36 15774 2583.98 1.15 5805658 1645891.64 20.55 310 47.43 0.21 122982 30534.95 20.55 310 0 0 113770 0 0 17.2 18.3 17.74 0.02
331200.0 310 32.23 0.11 124212 11938.96 0.36 15783 2594.31 1.15 5821441 1648485.95 20.55 310 47.43 0.21 123292 30582.38 20.55 310 0 0 114080 0 0 17.2 18.4 17.75 0.03
332100.0 376 32.38 0.11 124588 11971.33 0.36 15839 2590.33 1.15 5837280 1651076.28 20.55 370 48.03 0.21 123662 30630.41 20.55 310 0 0 114390 0 0 17.2 18.4 17.75 0.03
333000.0 354 33.01 0.36 124942 12004.34 0.36 15798 2561.35 1.15 5853078 1653637.63 20.55 350 47.74 0.21 124012 30678.16 20.55 310 0 0 114700 0 0 17.2 18.4 17.75 0.03
333900.0 310 32.23 0.11 125252 12036.57 0.36 15754 2556.35 1.15 5868832 1656193.99 20.55 310 47.34 0.21 124322 30725.5 20.55 310 0 0 115010 0 0 17.2 18.4 17.75 0.03
334800.0 310 32.23 0.11 125562 12068.8 0.36 15756 2558.65 1.15 5884588 1658752.64 20.55 310 47.34 0.21 124632 30772.84 20.55 310 0 0 115320 0 0 17.2 18.5 17.76 0.03
335700.0 376 32.37 0.11 125938 12101.17 0.36 15800 2540.86 1.15 5900388 1661293.5 20.55 370 47.94 0.21 125002 30820.78 20.55 310 0 0 115630 0 0 17.2 18.5 17.76 0.03
336600.0 354 33.01 0.36 126292 12134.18 0.36 15765 2528.01 1.15 5916153 1663821.51 20.55 350 47.83 0.21 125352 30868.62 20.55 310 0 0 115940 0 0 17.2 18.5 17.76 0.03
337500.0 310 32.23 0.11 126602 12166.41 0.36 15723 2525.33 1.15 5931876 1666346.83 20.55 310 47.43 0.21 125662 30916.05 20.55 310 0 0 116250 0 0 17.2 18.5 17.77 0.03
338400.0 310 32.23 0.11 126912 12198.65 0.36 15726 2528.76 1.15 5947602 1668875.59 20.55 310 47.43 0.21 125972 30963.48 20.55 310 0 0 116560 0 0 17.2 18.5 17.77 0.04
339300.0 376 32.38 0.11 127288 12231.02 0.36 15774 2515.58 1.15 5963376 1671391.17 20.55 370 48.03 0.21 126342 31011.52 20.55 310 0 0 116870 0 0 17.2 18.5 17.77 0.04
340200.0 354 33.01 0.36 127642 12264.03 0.36 15728 2479.73 1.15 5979104 1673870.9 20.55 350 47.72 0.21 126692 31059.24 20.55 310 0 0 117180 0 0 17.2 18.5 17.77 0.04
341100.0 310 32.23 0.11 127952 12296.26 0.36 15675 2464.39 1.15 5994779 1676335.28 20.55 310 47.32 0.21 127002 31106.56 20.55 310 0 0 117490 0 0 17.2 18.5 17.78 0.04
342000.0 310 32.23 0.11 128262 12328.49 0.36 15671 2459.77 1.15 6010450 1678795.06 20.55 310 47.32 0.21 127312 31153.88 20.55 310 0 0 117800 0 0 17.2 18.5 17.78 0.04
342900.0 376 32.37 0.11 128638 12360.86 0.36 15724 2452.34 1.15 6026174 1681247.39 20.55 370 47.92 0.21 127682 31201.8 20.55 310 0 0 118110 0 0 17.2 18.5 17.78 0.04
343800.0 354 33.0 0.36 128992 12393.86 0.36 15695 2434.78 1.15 6041869 1683682.17 20.55 350 47.58 0.21 128032 31249.38 20.55 310 0 0 118420 0 0 17.2 18.5 17.78 0.04
344700.0 310 32.22 0.11 129302 12426.08 0.36 15651 2429.82 1.15 6057520 1686111.99 20.55 310 47.18 0.21 128342 31296.56 20.55 310 0 0 118730 0 0 17.2 18.5 17.78 0.04
345600.0 310 32.22 0.11 129612 12458.31 0.36 15651 2429.78 1.15 6073171 1688541.77 20.55 310 47.18 0.21 128652 31343.74 20.55 310 0 0 119040 0 0 17.2 18.6 17.78 0.04
