# seed = 3, gamma = 0.33, beta = 1.0, dee = 0.1, dcc = 5.0, dec = 300.0, dsCnd = 150.0, dLocalhost = 0.02, hostBroker = CLOUD 
#
# The columns have the following meaning: 
# instant[SECONDS] commCountUploadPartial delaySumUploadPartial[SECONDS] delayMaxUploadPartial[SECONDS] commCountUploadTot delaySumUploadTot[SECONDS] delayMaxUploadTot[SECONDS] commCountDownloadPartial delaySumDownloadPartial[SECONDS] delayMaxDownloadPartial[SECONDS] commCountDownloadTot delaySumDownloadTot[SECONDS] delayMaxDownloadTot[SECONDS] commCountDownloadMaxPartial delaySumDownloadMaxPartial[SECONDS] delayMaxDownloadMaxPartial[SECONDS] commCountDownloadMaxTot delaySumDownloadMaxTot[SECONDS] delayMaxDownloadMaxTot[SECONDS] runOnCloudPartial runOnEdgePartial runOnSmartphonePartial runOnCloudTot runOnEdgeTot runOnSmartphoneTot minTemp maxTemp avgTemp varianceTemp
0.0 0 0.0 0.0 0 0.0 0.0 0 0.0 0.0 0 0.0 0.0 0 0.0 0.0 0 0.0 0.0 0 0 0 0 0 0 17.0 25.0 21.0 0.0
900.0 376 136.37 0.45 376 136.37 0.45 15972 7483.3 0.55 15972 7483.3 0.55 370 153.82 0.55 370 153.82 0.55 7 3 300 7 3 300 18.9 21.0 19.31 0.69
1800.0 356 137.1 0.45 732 273.46 0.45 16258 170300.72 20.88 32230 177784.02 20.88 352 3300.85 20.88 722 3454.67 20.88 7 3 300 14 6 600 18.6 18.9 18.9 0.0
2700.0 310 136.27 0.46 1042 409.73 0.46 15912 7540.35 0.56 48142 185324.37 20.88 310 154.91 0.56 1032 3609.58 20.88 7 3 300 21 9 900 17.7 18.9 18.43 0.03
3600.0 310 136.27 0.46 1352 546.0 0.46 15915 7540.31 0.56 64057 192864.68 20.88 310 154.91 0.56 1342 3764.5 20.88 7 3 300 28 12 1200 17.6 18.9 18.24 0.05
4500.0 376 136.41 0.46 1728 682.4 0.46 15971 7540.37 0.56 80028 200405.05 20.88 370 154.93 0.56 1712 3919.43 20.88 7 3 300 35 15 1500 17.6 18.7 18.24 0.05
5400.0 356 137.11 0.46 2084 819.52 0.46 16285 14032.25 20.94 96313 214437.31 20.94 352 175.92 20.94 2064 4095.34 20.94 7 3 300 42 18 1800 17.6 18.7 18.24 0.05
6300.0 310 136.27 0.46 2394 955.79 0.46 15960 7563.32 0.56 112273 222000.62 20.94 310 155.1 0.56 2374 4250.44 20.94 7 3 300 49 21 2100 17.6 18.7 18.24 0.05
7200.0 310 136.27 0.46 2704 1092.06 0.46 15963 7563.37 0.56 128236 229563.99 20.94 310 155.1 0.56 2684 4405.54 20.94 7 3 300 56 24 2400 17.6 18.7 18.25 0.04
8100.0 376 136.41 0.46 3080 1228.47 0.46 16020 7563.34 0.56 144256 237127.33 20.94 370 155.11 0.56 3054 4560.65 20.94 7 3 300 63 27 2700 17.6 18.7 18.25 0.04
9000.0 356 137.11 0.46 3436 1365.59 0.46 16304 14039.0 20.94 160560 251166.34 20.94 352 175.87 20.94 3406 4736.53 20.94 7 3 300 70 30 3000 17.6 18.7 18.25 0.04
9900.0 310 136.27 0.46 3746 1501.85 0.46 15948 7558.93 0.56 176508 258725.27 20.94 310 155.07 0.56 3716 4891.59 20.94 7 3 300 77 33 3300 17.6 18.7 18.24 0.04
10800.0 310 136.27 0.46 4056 1638.12 0.46 15957 7558.96 0.56 192465 266284.22 20.94 310 155.07 0.56 4026 5046.66 20.94 7 3 300 84 36 3600 17.6 18.7 18.16 0.05
11700.0 376 136.41 0.46 4432 1774.53 0.46 16017 7558.95 0.56 208482 273843.18 20.94 370 155.08 0.56 4396 5201.74 20.94 7 3 300 91 39 3900 17.6 18.7 18.16 0.05
12600.0 354 137.05 0.46 4786 1911.57 0.46 15980 7564.81 0.56 224462 281407.99 20.94 350 155.21 0.56 4746 5356.95 20.94 7 3 300 98 42 4200 17.6 18.7 18.16 0.05
13500.0 310 136.27 0.46 5096 2047.84 0.46 15900 7564.76 0.56 240362 288972.75 20.94 310 155.18 0.56 5056 5512.13 20.94 7 3 300 105 45 4500 17.6 18.7 18.15 0.04
14400.0 310 136.27 0.46 5406 2184.11 0.46 15897 7564.79 0.56 256259 296537.55 20.94 310 155.18 0.56 5366 5667.31 20.94 7 3 300 112 48 4800 17.6 18.7 18.14 0.05
15300.0 376 136.41 0.46 5782 2320.52 0.46 15956 7564.78 0.56 272215 304102.33 20.94 370 155.2 0.56 5736 5822.51 20.94 7 3 300 119 51 5100 17.6 18.7 18.14 0.05
16200.0 354 137.05 0.46 6136 2457.57 0.46 15930 7564.15 0.56 288145 311666.48 20.94 350 155.19 0.56 6086 5977.7 20.94 7 3 300 126 54 5400 17.6 18.7 18.14 0.04
17100.0 310 136.26 0.46 6446 2593.83 0.46 15896 7553.91 0.56 304041 319220.39 20.94 310 154.97 0.56 6396 6132.67 20.94 7 3 300 133 57 5700 17.6 18.7 18.12 0.04
18000.0 310 136.26 0.46 6756 2730.09 0.46 15899 7553.9 0.56 319940 326774.29 20.94 310 154.97 0.56 6706 6287.65 20.94 7 3 300 140 60 6000 17.6 18.7 18.11 0.04
18900.0 376 136.4 0.46 7132 2866.5 0.46 15957 7553.92 0.56 335897 334328.22 20.94 370 154.99 0.56 7076 6442.63 20.94 7 3 300 147 63 6300 17.6 18.6 18.11 0.04
19800.0 354 137.04 0.46 7486 3003.54 0.46 15928 7553.57 0.56 351825 341881.78 20.94 350 154.99 0.56 7426 6597.62 20.94 7 3 300 154 66 6600 17.6 18.6 18.11 0.04
20700.0 310 136.27 0.46 7796 3139.8 0.46 15897 7558.79 0.56 367722 349440.57 20.94 310 155.06 0.56 7736 6752.68 20.94 7 3 300 161 69 6900 17.6 18.6 18.08 0.03
21600.0 310 136.27 0.46 8106 3276.07 0.46 15901 7558.82 0.56 383623 356999.39 20.94 310 155.07 0.56 8046 6907.75 20.94 7 3 300 168 72 7200 17.6 18.6 18.07 0.03
22500.0 376 136.41 0.46 8482 3412.48 0.46 15960 7558.81 0.56 399583 364558.19 20.94 370 155.08 0.56 8416 7062.83 20.94 7 3 300 175 75 7500 17.6 18.6 18.07 0.03
23400.0 354 137.05 0.46 8836 3549.52 0.46 15922 7563.53 0.56 415505 372121.72 20.94 350 155.18 0.56 8766 7218.01 20.94 7 3 300 182 78 7800 17.6 18.6 18.07 0.03
24300.0 310 136.27 0.46 9146 3685.79 0.46 15883 7569.03 0.56 431388 379690.76 20.94 310 155.26 0.56 9076 7373.27 20.94 7 3 300 189 81 8100 17.5 18.6 18.05 0.03
25200.0 310 136.27 0.46 9456 3822.07 0.46 15886 7569.06 0.56 447274 387259.82 20.94 310 155.27 0.56 9386 7528.54 20.94 7 3 300 196 84 8400 17.5 18.6 18.04 0.03
26100.0 376 136.42 0.46 9832 3958.48 0.46 15946 7569.05 0.56 463220 394828.87 20.94 370 155.28 0.56 9756 7683.82 20.94 7 3 300 203 87 8700 17.5 18.6 18.04 0.03
27000.0 354 137.05 0.46 10186 4095.53 0.46 15913 7569.08 0.56 479133 402397.95 20.94 350 155.29 0.56 10106 7839.11 20.94 7 3 300 210 90 9000 17.5 18.6 18.04 0.03
27900.0 310 136.27 0.46 10496 4231.8 0.46 15885 7563.74 0.56 495018 409961.69 20.94 310 155.16 0.56 10416 7994.27 20.94 7 3 300 217 93 9300 17.5 18.6 18.01 0.03
28800.0 310 136.27 0.46 10806 4368.07 0.46 15893 7563.76 0.56 510911 417525.45 20.94 310 155.16 0.56 10726 8149.43 20.94 7 3 300 224 96 9600 17.5 18.6 18.0 0.03
29700.0 376 136.41 0.46 11182 4504.48 0.46 15949 7563.75 0.56 526860 425089.2 20.94 370 155.18 0.56 11096 8304.61 20.94 7 3 300 231 99 9900 17.5 18.6 18.0 0.03
30600.0 354 137.05 0.46 11536 4641.53 0.46 15910 7563.78 0.56 542770 432652.98 20.94 350 155.18 0.56 11446 8459.79 20.94 7 3 300 238 102 10200 17.5 18.6 18.0 0.03
31500.0 310 136.27 0.46 11846 4777.8 0.46 15886 7569.03 0.56 558656 440222.01 20.94 310 155.26 0.56 11756 8615.06 20.94 7 3 300 245 105 10500 17.4 18.6 17.96 0.03
32400.0 310 136.27 0.46 12156 4914.08 0.46 15889 7569.06 0.56 574545 447791.07 20.94 310 155.27 0.56 12066 8770.32 20.94 7 3 300 252 108 10800 17.4 18.6 17.96 0.03
33300.0 376 136.42 0.46 12532 5050.49 0.46 15948 7569.05 0.56 590493 455360.12 20.94 370 155.28 0.56 12436 8925.6 20.94 7 3 300 259 111 11100 17.4 18.5 17.96 0.03
34200.0 354 137.05 0.46 12886 5187.54 0.46 15901 7569.08 0.56 606394 462929.2 20.94 350 155.29 0.56 12786 9080.89 20.94 7 3 300 266 114 11400 17.4 18.5 17.95 0.03
35100.0 310 136.27 0.46 13196 5323.81 0.46 15873 7569.03 0.56 622267 470498.23 20.94 310 155.26 0.56 13096 9236.16 20.94 7 3 300 273 117 11700 17.4 18.5 17.93 0.03
36000.0 310 136.27 0.46 13506 5460.09 0.46 15886 7569.06 0.56 638153 478067.29 20.94 310 155.27 0.56 13406 9391.42 20.94 7 3 300 280 120 12000 17.4 18.5 17.91 0.03
36900.0 376 136.42 0.46 13882 5596.5 0.46 15946 7569.05 0.56 654099 485636.34 20.94 370 155.28 0.56 13776 9546.7 20.94 7 3 300 287 123 12300 17.4 18.5 17.91 0.03
37800.0 354 137.04 0.46 14236 5733.55 0.46 15901 7559.88 0.56 670000 493196.23 20.94 350 155.11 0.56 14126 9701.81 20.94 7 3 300 294 126 12600 17.4 18.5 17.91 0.03
38700.0 310 136.27 0.46 14546 5869.81 0.46 15868 7559.83 0.56 685868 500756.06 20.94 310 155.08 0.56 14436 9856.9 20.94 7 3 300 301 129 12900 17.3 18.5 17.88 0.03
39600.0 310 136.27 0.46 14856 6006.08 0.46 15879 7559.86 0.56 701747 508315.92 20.94 310 155.09 0.56 14746 10011.98 20.94 7 3 300 308 132 13200 17.3 18.5 17.87 0.04
40500.0 376 136.41 0.46 15232 6142.49 0.46 15938 7559.85 0.56 717685 515875.77 20.94 370 155.1 0.56 15116 10167.08 20.94 7 3 300 315 135 13500 17.3 18.5 17.87 0.04
41400.0 354 137.05 0.46 15586 6279.54 0.46 15899 7569.08 0.56 733584 523444.85 20.94 350 155.29 0.56 15466 10322.37 20.94 7 3 300 322 138 13800 17.3 18.5 17.87 0.04
42300.0 310 136.27 0.46 15896 6415.81 0.46 15876 7563.49 0.56 749460 531008.33 20.94 310 155.15 0.56 15776 10477.53 20.94 7 3 300 329 141 14100 17.3 18.5 17.84 0.04
43200.0 310 136.27 0.46 16206 6552.08 0.46 15885 7563.51 0.56 765345 538571.84 20.94 310 155.16 0.56 16086 10632.69 20.94 7 3 300 336 144 14400 17.2 18.5 17.83 0.04
44100.0 376 136.41 0.46 16582 6688.49 0.46 15944 7563.5 0.56 781289 546135.35 20.94 370 155.17 0.56 16456 10787.86 20.94 7 3 300 343 147 14700 17.2 18.4 17.83 0.04
45000.0 354 137.05 0.46 16936 6825.53 0.46 15896 7563.53 0.56 797185 553698.88 20.94 350 155.18 0.56 16806 10943.04 20.94 7 3 300 350 150 15000 17.2 18.4 17.83 0.04
45900.0 310 136.27 0.46 17246 6961.8 0.46 15867 7563.14 0.56 813052 561262.01 20.94 310 155.15 0.56 17116 11098.18 20.94 7 3 300 357 153 15300 17.2 18.4 17.8 0.05
46800.0 310 136.27 0.46 17556 7098.07 0.46 15884 7563.17 0.56 828936 568825.18 20.94 310 155.15 0.56 17426 11253.34 20.94 7 3 300 364 156 15600 17.2 18.5 17.79 0.05
47700.0 376 136.41 0.46 17932 7234.49 0.46 15944 7563.16 0.56 844880 576388.34 20.94 370 155.16 0.56 17796 11408.5 20.94 7 3 300 371 159 15900 17.2 18.5 17.79 0.05
48600.0 354 137.05 0.46 18286 7371.53 0.46 15897 7563.19 0.56 860777 583951.53 20.94 350 155.17 0.56 18146 11563.67 20.94 7 3 300 378 162 16200 17.2 18.5 17.79 0.05
49500.0 310 136.27 0.46 18596 7507.8 0.46 15871 7569.03 0.56 876648 591520.56 20.94 310 155.26 0.56 18456 11718.94 20.94 7 3 300 385 165 16500 17.1 18.5 17.75 0.06
50400.0 310 136.27 0.46 18906 7644.08 0.46 15883 7569.06 0.56 892531 599089.62 20.94 310 155.27 0.56 18766 11874.2 20.94 7 3 300 392 168 16800 17.1 18.5 17.74 0.07
51300.0 376 136.42 0.46 19282 7780.49 0.46 15941 7569.05 0.56 908472 606658.67 20.94 370 155.28 0.56 19136 12029.49 20.94 7 3 300 399 171 17100 17.1 18.5 17.74 0.07
52200.0 354 137.05 0.46 19636 7917.54 0.46 15892 7569.08 0.56 924364 614227.75 20.94 350 155.29 0.56 19486 12184.77 20.94 7 3 300 406 174 17400 17.1 18.5 17.74 0.07
53100.0 310 136.27 0.46 19946 8053.82 0.46 15855 7569.03 0.56 940219 621796.79 20.94 310 155.26 0.56 19796 12340.04 20.94 7 3 300 413 177 17700 17.1 18.5 17.72 0.07
54000.0 310 136.27 0.46 20256 8190.09 0.46 15861 7569.06 0.56 956080 629365.84 20.94 310 155.27 0.56 20106 12495.3 20.94 7 3 300 420 180 18000 17.1 18.6 17.71 0.07
54900.0 376 136.42 0.46 20632 8326.51 0.46 15919 7569.05 0.56 971999 636934.89 20.94 370 155.28 0.56 20476 12650.58 20.94 7 3 300 427 183 18300 17.1 18.6 17.71 0.07
55800.0 354 137.05 0.46 20986 8463.56 0.46 15883 7569.08 0.56 987882 644503.97 20.94 350 155.29 0.56 20826 12805.87 20.94 7 3 300 434 186 18600 17.1 18.6 17.71 0.07
56700.0 310 136.27 0.46 21296 8599.83 0.46 15861 7569.03 0.56 1003743 652073.01 20.94 310 155.26 0.56 21136 12961.14 20.94 7 3 300 441 189 18900 17.1 18.6 17.68 0.08
57600.0 310 136.27 0.46 21606 8736.1 0.46 15871 7569.06 0.56 1019614 659642.06 20.94 310 155.27 0.56 21446 13116.4 20.94 7 3 300 448 192 19200 17.1 18.6 17.68 0.09
58500.0 376 136.42 0.46 21982 8872.52 0.46 15931 7569.05 0.56 1035545 667211.12 20.94 370 155.28 0.56 21816 13271.68 20.94 7 3 300 455 195 19500 17.1 18.6 17.68 0.09
59400.0 354 137.05 0.46 22336 9009.56 0.46 15880 7564.81 0.56 1051425 674775.93 20.94 350 155.21 0.56 22166 13426.89 20.94 7 3 300 462 198 19800 17.1 18.6 17.68 0.09
60300.0 310 136.27 0.46 22646 9145.83 0.46 15856 7564.76 0.56 1067281 682340.69 20.94 310 155.18 0.56 22476 13582.07 20.94 7 3 300 469 201 20100 17.0 18.6 17.65 0.1
61200.0 310 136.27 0.46 22956 9282.1 0.46 15870 7564.79 0.56 1083151 689905.49 20.94 310 155.18 0.56 22786 13737.25 20.94 7 3 300 476 204 20400 17.0 18.6 17.64 0.1
62100.0 376 136.41 0.46 23332 9418.52 0.46 15930 7564.78 0.56 1099081 697470.27 20.94 370 155.2 0.56 23156 13892.45 20.94 7 3 300 483 207 20700 17.0 18.6 17.64 0.1
63000.0 354 137.04 0.46 23686 9555.55 0.46 15884 7555.35 0.56 1114965 705025.62 20.94 350 155.02 0.56 23506 14047.47 20.94 7 3 300 490 210 21000 17.0 18.6 17.64 0.1
63900.0 310 136.26 0.46 23996 9691.81 0.46 15845 7551.12 0.56 1130810 712576.74 20.94 310 154.92 0.56 23816 14202.39 20.94 7 3 300 497 213 21300 17.0 18.6 17.63 0.11
64800.0 310 136.26 0.46 24306 9828.07 0.46 15850 7551.1 0.56 1146660 720127.84 20.94 310 154.92 0.56 24126 14357.32 20.94 7 3 300 504 216 21600 17.0 18.6 17.62 0.11
65700.0 376 136.4 0.46 24682 9964.47 0.46 15910 7551.13 0.56 1162570 727678.97 20.94 370 154.94 0.56 24496 14512.25 20.94 7 3 300 511 219 21900 17.0 18.6 17.62 0.11
66600.0 354 137.04 0.46 25036 10101.51 0.46 15873 7549.89 0.56 1178443 735228.86 20.94 350 154.92 0.56 24846 14667.18 20.94 7 3 300 518 222 22200 17.0 18.6 17.62 0.11
67500.0 310 136.25 0.46 25346 10237.76 0.46 15844 7544.59 0.56 1194287 742773.45 20.94 310 154.8 0.56 25156 14821.97 20.94 7 3 300 525 225 22500 17.0 18.6 17.61 0.11
68400.0 310 136.25 0.46 25656 10374.02 0.46 15845 7544.57 0.56 1210132 750318.02 20.94 310 154.8 0.56 25466 14976.77 20.94 7 3 300 532 228 22800 17.0 18.7 17.61 0.12
69300.0 376 136.4 0.46 26032 10510.41 0.46 15905 7544.61 0.56 1226037 757862.63 20.94 370 154.82 0.56 25836 15131.59 20.94 7 3 300 539 231 23100 17.0 18.7 17.61 0.12
70200.0 354 137.04 0.46 26386 10647.45 0.46 15861 7549.91 0.56 1241898 765412.54 20.94 350 154.92 0.56 26186 15286.51 20.94 7 3 300 546 234 23400 17.0 18.7 17.61 0.12
71100.0 310 136.26 0.46 26696 10783.71 0.46 15835 7550.22 0.56 1257733 772962.76 20.94 310 154.9 0.56 26496 15441.41 20.94 7 3 300 553 237 23700 17.0 18.7 17.59 0.12
72000.0 310 136.26 0.46 27006 10919.97 0.46 15846 7550.21 0.56 1273579 780512.96 20.94 310 154.91 0.56 26806 15596.31 20.94 7 3 300 560 240 24000 17.0 18.7 17.59 0.12
72900.0 376 136.4 0.46 27382 11056.37 0.46 15903 7550.23 0.56 1289482 788063.19 20.94 370 154.92 0.56 27176 15751.23 20.94 7 3 300 567 243 24300 17.0 18.7 17.59 0.12
73800.0 354 137.04 0.46 27736 11193.4 0.46 15867 7550.23 0.56 1305349 795613.42 20.94 350 154.93 0.56 27526 15906.16 20.94 7 3 300 574 246 24600 17.0 18.7 17.59 0.12
74700.0 310 136.26 0.46 28046 11329.66 0.46 15826 7555.8 0.56 1321175 803169.22 20.94 310 155.01 0.56 27836 16061.17 20.94 7 3 300 581 249 24900 17.0 18.7 17.58 0.12
75600.0 310 136.26 0.46 28356 11465.93 0.46 15830 7555.78 0.56 1337005 810725.0 20.94 310 155.01 0.56 28146 16216.19 20.94 7 3 300 588 252 25200 17.0 18.7 17.58 0.12
76500.0 376 136.41 0.46 28732 11602.33 0.46 15890 7555.81 0.56 1352895 818280.82 20.94 370 155.03 0.56 28516 16371.22 20.94 7 3 300 595 255 25500 17.0 18.7 17.58 0.12
77400.0 354 137.04 0.46 29086 11739.37 0.46 15856 7551.12 0.56 1368751 825831.94 20.94 350 154.94 0.56 28866 16526.16 20.94 7 3 300 602 258 25800 17.0 18.7 17.58 0.12
78300.0 310 136.26 0.46 29396 11875.63 0.46 15822 7551.11 0.56 1384573 833383.05 20.94 310 154.92 0.56 29176 16681.08 20.94 7 3 300 609 261 26100 17.0 18.7 17.56 0.12
79200.0 310 136.26 0.46 29706 12011.89 0.46 15826 7551.1 0.56 1400399 840934.15 20.94 310 154.92 0.56 29486 16836.0 20.94 7 3 300 616 264 26400 17.0 18.6 17.56 0.12
80100.0 376 136.4 0.46 30082 12148.29 0.46 15886 7551.13 0.56 1416285 848485.28 20.94 370 154.94 0.56 29856 16990.94 20.94 7 3 300 623 267 26700 17.0 18.6 17.56 0.12
81000.0 354 137.04 0.46 30436 12285.32 0.46 15852 7553.89 0.56 1432137 856039.18 20.94 350 155.0 0.56 30206 17145.94 20.94 7 3 300 630 270 27000 17.0 18.6 17.56 0.12
81900.0 310 136.27 0.46 30746 12421.59 0.46 15816 7558.77 0.56 1447953 863597.95 20.94 310 155.07 0.56 30516 17301.0 20.94 7 3 300 637 273 27300 17.0 18.6 17.56 0.12
82800.0 310 136.27 0.46 31056 12557.86 0.46 15816 7558.79 0.56 1463769 871156.73 20.94 310 155.07 0.56 30826 17456.08 20.94 7 3 300 644 276 27600 17.0 18.6 17.56 0.11
83700.0 376 136.41 0.46 31432 12694.26 0.46 15873 7558.79 0.56 1479642 878715.53 20.94 370 155.08 0.56 31196 17611.16 20.94 7 3 300 651 279 27900 17.0 18.6 17.56 0.11
84600.0 354 137.04 0.46 31786 12831.31 0.46 15846 7558.81 0.56 1495488 886274.33 20.94 350 155.09 0.56 31546 17766.25 20.94 7 3 300 658 282 28200 17.0 18.6 17.56 0.11
85500.0 310 136.26 0.46 32096 12967.57 0.46 15819 7552.88 0.56 1511307 893827.22 20.94 310 154.95 0.56 31856 17921.2 20.94 7 3 300 665 285 28500 17.0 18.6 17.57 0.11
86400.0 310 136.26 0.46 32406 13103.83 0.46 15816 7552.9 0.56 1527123 901380.12 20.94 310 154.96 0.56 32166 18076.16 20.94 7 3 300 672 288 28800 17.0 18.6 17.57 0.11
87300.0 376 136.4 0.46 32782 13240.23 0.46 15876 7552.9 0.56 1542999 908933.02 20.94 370 154.97 0.56 32536 18231.13 20.94 7 3 300 679 291 29100 17.0 18.6 17.57 0.11
88200.0 354 137.05 0.46 33136 13377.28 0.46 15840 7563.18 0.56 1558839 916496.2 20.94 350 155.17 0.56 32886 18386.3 20.94 7 3 300 686 294 29400 17.0 18.6 17.57 0.11
89100.0 310 136.27 0.46 33446 13513.55 0.46 15856 7569.03 0.56 1574695 924065.24 20.94 310 155.26 0.56 33196 18541.57 20.94 7 3 300 693 297 29700 17.1 18.6 17.61 0.08
90000.0 310 136.27 0.46 33756 13649.83 0.46 15895 7569.06 0.56 1590590 931634.3 20.94 310 155.27 0.56 33506 18696.83 20.94 7 3 300 700 300 30000 17.1 18.5 17.67 0.05
90900.0 376 136.42 0.46 34132 13786.24 0.46 15955 7569.05 0.56 1606545 939203.35 20.94 370 155.28 0.56 33876 18852.11 20.94 7 3 300 707 303 30300 17.1 18.5 17.67 0.05
91800.0 354 137.04 0.46 34486 13923.28 0.46 15907 7553.29 0.56 1622452 946756.64 20.94 350 154.98 0.56 34226 19007.1 20.94 7 3 300 714 306 30600 17.1 18.5 17.68 0.05
92700.0 310 136.25 0.46 34796 14059.53 0.46 15938 7543.35 0.56 1638390 954300.0 20.94 310 154.77 0.56 34536 19161.87 20.94 7 3 300 721 309 30900 17.3 23.8 19.53 2.46
93600.0 310 136.25 0.46 35106 14195.79 0.46 15938 7543.33 0.56 1654328 961843.33 20.94 310 154.77 0.56 34846 19316.65 20.94 7 3 300 728 312 31200 17.1 23.8 20.66 4.82
94500.0 376 136.4 0.46 35482 14332.19 0.46 15996 7543.37 0.56 1670324 969386.69 20.94 370 154.79 0.56 35216 19471.44 20.94 7 3 300 735 315 31500 17.1 23.8 20.66 4.85
95400.0 354 137.03 0.46 35836 14469.22 0.46 15974 7543.35 0.56 1686298 976930.04 20.94 350 154.8 0.56 35566 19626.23 20.94 7 3 300 742 318 31800 17.1 23.8 20.66 4.86
96300.0 310 136.25 0.46 36146 14605.47 0.46 15933 7543.35 0.56 1702231 984473.39 20.94 310 154.77 0.56 35876 19781.01 20.94 7 3 300 749 321 32100 17.1 24.0 21.01 4.74
97200.0 310 136.25 0.46 36456 14741.73 0.46 15931 7543.33 0.56 1718162 992016.72 20.94 310 154.77 0.56 36186 19935.78 20.94 7 3 300 756 324 32400 17.1 24.0 21.17 4.74
98100.0 376 136.4 0.46 36832 14878.12 0.46 15988 7543.37 0.56 1734150 999560.09 20.94 370 154.79 0.56 36556 20090.57 20.94 7 3 300 763 327 32700 17.4 24.0 21.18 4.73
99000.0 354 137.02 0.46 37186 15015.15 0.46 15965 7535.6 0.56 1750115 1007095.69 20.94 350 154.65 0.56 36906 20245.22 20.94 7 3 300 770 330 33000 17.4 24.0 21.18 4.73
99900.0 310 136.25 0.46 37496 15151.39 0.46 15926 7535.66 0.56 1766041 1014631.35 20.94 310 154.63 0.56 37216 20399.85 20.94 7 3 300 777 333 33300 17.4 24.0 21.4 4.09
100800.0 310 136.25 0.46 37806 15287.64 0.46 15926 7535.58 0.56 1781967 1022166.94 20.94 310 154.63 0.56 37526 20554.48 20.94 7 3 300 784 336 33600 17.5 24.0 21.53 3.9
101700.0 376 136.39 0.46 38182 15424.03 0.46 15986 7535.68 0.56 1797953 1029702.61 20.94 370 154.65 0.56 37896 20709.12 20.94 7 3 300 791 339 33900 17.8 24.0 21.53 3.88
102600.0 354 137.02 0.46 38536 15561.05 0.46 15956 7533.81 0.56 1813909 1037236.42 20.94 350 154.61 0.56 38246 20863.73 20.94 7 3 300 798 342 34200 17.8 24.0 21.53 3.87
103500.0 310 136.25 0.46 38846 15697.3 0.46 15923 7533.84 0.56 1829832 1044770.26 20.94 310 154.59 0.56 38556 21018.32 20.94 7 3 300 805 345 34500 17.8 24.0 21.68 3.31
104400.0 310 136.25 0.46 39156 15833.55 0.46 15924 7533.79 0.56 1845756 1052304.05 20.94 310 154.59 0.56 38866 21172.91 20.94 7 3 300 812 348 34800 18.0 24.0 21.83 3.11
105300.0 376 136.39 0.46 39532 15969.94 0.46 15983 7533.86 0.56 1861739 1059837.91 20.94 370 154.61 0.56 39236 21327.52 20.94 7 3 300 819 351 35100 18.5 24.0 21.83 3.07
106200.0 354 137.02 0.46 39886 16106.96 0.46 15960 7530.3 0.56 1877699 1067368.21 20.94 350 154.55 0.56 39586 21482.07 20.94 7 3 300 826 354 35400 18.5 24.0 21.83 3.07
107100.0 310 136.23 0.45 40196 16243.19 0.46 15922 7519.14 0.56 1893621 1074887.34 20.94 310 154.31 0.56 39896 21636.37 20.94 7 3 300 833 357 35700 18.5 24.0 21.82 2.87
108000.0 310 136.23 0.45 40506 16379.43 0.46 15919 7519.14 0.56 1909540 1082406.49 20.94 310 154.31 0.56 40206 21790.68 20.94 7 3 300 840 360 36000 18.8 24.0 21.83 2.85
108900.0 376 136.38 0.45 40882 16515.8 0.46 15979 7519.15 0.56 1925519 1089925.64 20.94 370 154.32 0.56 40576 21945.01 20.94 7 3 300 847 363 36300 18.9 24.0 21.83 2.84
109800.0 354 137.01 0.45 41236 16652.82 0.46 15957 7519.16 0.56 1941476 1097444.8 20.94 350 154.33 0.56 40926 22099.33 20.94 7 3 300 854 366 36600 18.9 24.0 21.83 2.84
110700.0 310 136.23 0.45 41546 16789.05 0.46 15918 7519.14 0.56 1957394 1104963.94 20.94 310 154.31 0.56 41236 22253.64 20.94 7 3 300 861 369 36900 18.9 24.0 21.72 2.76
111600.0 310 136.23 0.45 41856 16925.29 0.46 15907 7519.14 0.56 1973301 1112483.08 20.94 310 154.31 0.56 41546 22407.95 20.94 7 3 300 868 372 37200 18.9 23.9 21.65 2.65
112500.0 376 136.38 0.45 42232 17061.66 0.46 15967 7519.15 0.56 1989268 1120002.23 20.94 370 154.32 0.56 41916 22562.27 20.94 7 3 300 875 375 37500 18.9 23.9 21.65 2.65
113400.0 354 137.01 0.45 42586 17198.68 0.46 15942 7519.16 0.56 2005210 1127521.4 20.94 350 154.33 0.56 42266 22716.6 20.94 7 3 300 882 378 37800 18.9 23.9 21.65 2.65
114300.0 310 136.23 0.45 42896 17334.91 0.46 15911 7519.14 0.56 2021121 1135040.53 20.94 310 154.31 0.56 42576 22870.91 20.94 7 3 300 889 381 38100 18.9 23.8 22.92 0.86
115200.0 310 136.23 0.45 43206 17471.15 0.46 15911 7519.14 0.56 2037032 1142559.67 20.94 310 154.31 0.56 42886 23025.21 20.94 7 3 300 896 384 38400 18.9 24.0 23.48 0.17
116100.0 376 136.38 0.45 43582 17607.52 0.46 15970 7519.15 0.56 2053002 1150078.83 20.94 370 154.32 0.56 43256 23179.54 20.94 7 3 300 903 387 38700 22.6 24.0 23.51 0.03
117000.0 354 137.01 0.45 43936 17744.53 0.46 15945 7519.16 0.56 2068947 1157597.99 20.94 350 154.33 0.56 43606 23333.87 20.94 7 3 300 910 390 39000 22.6 24.0 23.51 0.03
117900.0 310 136.23 0.45 44246 17880.77 0.46 15905 7519.14 0.56 2084852 1165117.13 20.94 310 154.31 0.56 43916 23488.17 20.94 7 3 300 917 393 39300 22.6 24.0 23.55 0.02
118800.0 310 136.23 0.45 44556 18017.0 0.46 15903 7519.14 0.56 2100755 1172636.27 20.94 310 154.31 0.56 44226 23642.48 20.94 7 3 300 924 396 39600 22.7 24.0 23.59 0.02
119700.0 376 136.38 0.45 44932 18153.38 0.46 15963 7519.15 0.56 2116718 1180155.42 20.94 370 154.32 0.56 44596 23796.8 20.94 7 3 300 931 399 39900 22.7 24.0 23.6 0.02
120600.0 354 137.01 0.45 45286 18290.39 0.46 15943 7519.16 0.56 2132661 1187674.58 20.94 350 154.33 0.56 44946 23951.13 20.94 7 3 300 938 402 40200 22.7 24.0 23.6 0.02
121500.0 310 136.23 0.45 45596 18426.63 0.46 15903 7519.14 0.56 2148564 1195193.72 20.94 310 154.31 0.56 45256 24105.44 20.94 7 3 300 945 405 40500 22.8 24.0 23.64 0.01
122400.0 310 136.23 0.45 45906 18562.86 0.46 15900 7519.14 0.56 2164464 1202712.86 20.94 310 154.31 0.56 45566 24259.74 20.94 7 3 300 952 408 40800 22.8 24.0 23.66 0.01
123300.0 376 136.38 0.45 46282 18699.24 0.46 15960 7519.15 0.56 2180424 1210232.01 20.94 370 154.32 0.56 45936 24414.07 20.94 7 3 300 959 411 41100 22.8 24.0 23.66 0.01
124200.0 354 137.01 0.45 46636 18836.25 0.46 15940 7519.16 0.56 2196364 1217751.18 20.94 350 154.33 0.56 46286 24568.4 20.94 7 3 300 966 414 41400 22.8 24.0 23.66 0.01
125100.0 310 136.23 0.45 46946 18972.49 0.46 15896 7519.14 0.56 2212260 1225270.31 20.94 310 154.31 0.56 46596 24722.7 20.94 7 3 300 973 417 41700 22.9 24.0 23.69 0.01
126000.0 310 136.23 0.45 47256 19108.72 0.46 15896 7519.14 0.56 2228156 1232789.45 20.94 310 154.31 0.56 46906 24877.01 20.94 7 3 300 980 420 42000 22.9 24.0 23.72 0.01
126900.0 376 136.38 0.45 47632 19245.1 0.46 15954 7519.15 0.56 2244110 1240308.61 20.94 370 154.32 0.56 47276 25031.33 20.94 7 3 300 987 423 42300 22.9 24.0 23.72 0.01
127800.0 354 137.01 0.45 47986 19382.11 0.46 15931 7519.16 0.56 2260041 1247827.77 20.94 350 154.33 0.56 47626 25185.66 20.94 7 3 300 994 426 42600 22.9 24.0 23.72 0.01
128700.0 310 136.23 0.45 48296 19518.35 0.46 15891 7519.14 0.56 2275932 1255346.91 20.94 310 154.31 0.56 47936 25339.97 20.94 7 3 300 1001 429 42900 23.1 24.0 23.75 0.01
129600.0 310 136.23 0.45 48606 19654.58 0.46 15890 7519.14 0.56 2291822 1262866.05 20.94 310 154.31 0.56 48246 25494.27 20.94 7 3 300 1008 432 43200 23.1 24.0 23.76 0.01
130500.0 376 136.38 0.45 48982 19790.96 0.46 15948 7519.15 0.56 2307770 1270385.2 20.94 370 154.32 0.56 48616 25648.6 20.94 7 3 300 1015 435 43500 23.1 24.0 23.76 0.01
131400.0 354 137.01 0.45 49336 19927.97 0.46 15928 7519.16 0.56 2323698 1277904.36 20.94 350 154.33 0.56 48966 25802.93 20.94 7 3 300 1022 438 43800 23.1 24.0 23.76 0.01
132300.0 310 136.23 0.45 49646 20064.21 0.46 15886 7519.14 0.56 2339584 1285423.5 20.94 310 154.31 0.56 49276 25957.23 20.94 7 3 300 1029 441 44100 23.2 24.0 23.78 0.01
133200.0 310 136.23 0.45 49956 20200.44 0.46 15882 7519.14 0.56 2355466 1292942.64 20.94 310 154.31 0.56 49586 26111.54 20.94 7 3 300 1036 444 44400 23.2 24.0 23.79 0.01
134100.0 376 136.38 0.45 50332 20336.82 0.46 15942 7519.15 0.56 2371408 1300461.79 20.94 370 154.32 0.56 49956 26265.86 20.94 7 3 300 1043 447 44700 23.2 24.0 23.8 0.01
135000.0 354 137.01 0.45 50686 20473.83 0.46 15922 7519.16 0.56 2387330 1307980.96 20.94 350 154.33 0.56 50306 26420.19 20.94 7 3 300 1050 450 45000 23.2 24.0 23.8 0.01
135900.0 310 136.23 0.45 50996 20610.07 0.46 15880 7519.14 0.56 2403210 1315500.09 20.94 310 154.31 0.56 50616 26574.5 20.94 7 3 300 1057 453 45300 23.3 24.0 23.83 0.01
136800.0 310 136.23 0.45 51306 20746.3 0.46 15879 7519.14 0.56 2419089 1323019.23 20.94 310 154.31 0.56 50926 26728.81 20.94 7 3 300 1064 456 45600 23.3 24.0 23.84 0.01
137700.0 376 136.38 0.45 51682 20882.68 0.46 15938 7519.15 0.56 2435027 1330538.39 20.94 370 154.32 0.56 51296 26883.13 20.94 7 3 300 1071 459 45900 23.3 24.0 23.84 0.01
138600.0 354 137.01 0.45 52036 21019.69 0.46 15915 7519.16 0.56 2450942 1338057.55 20.94 350 154.33 0.56 51646 27037.46 20.94 7 3 300 1078 462 46200 23.3 24.0 23.84 0.01
139500.0 310 136.23 0.45 52346 21155.93 0.46 15874 7519.14 0.56 2466816 1345576.68 20.94 310 154.31 0.56 51956 27191.76 20.94 7 3 300 1085 465 46500 23.4 24.0 23.85 0.01
140400.0 310 136.23 0.45 52656 21292.16 0.46 15874 7519.14 0.56 2482690 1353095.82 20.94 310 154.31 0.56 52266 27346.07 20.94 7 3 300 1092 468 46800 23.4 24.0 23.85 0.01
141300.0 376 136.38 0.45 53032 21428.54 0.46 15930 7519.15 0.56 2498620 1360614.98 20.94 370 154.32 0.56 52636 27500.39 20.94 7 3 300 1099 471 47100 23.4 24.0 23.85 0.01
142200.0 354 137.01 0.45 53386 21565.55 0.46 15910 7519.16 0.56 2514530 1368134.14 20.94 350 154.33 0.56 52986 27654.72 20.94 7 3 300 1106 474 47400 23.4 24.0 23.85 0.01
143100.0 310 136.23 0.45 53696 21701.79 0.46 15870 7519.14 0.56 2530400 1375653.27 20.94 310 154.31 0.56 53296 27809.03 20.94 7 3 300 1113 477 47700 23.5 24.0 23.88 0.01
144000.0 310 136.23 0.45 54006 21838.02 0.46 15869 7519.14 0.56 2546269 1383172.42 20.94 310 154.31 0.56 53606 27963.34 20.94 7 3 300 1120 480 48000 23.5 24.0 23.88 0.01
144900.0 376 136.38 0.45 54382 21974.4 0.46 15929 7519.15 0.56 2562198 1390691.57 20.94 370 154.32 0.56 53976 28117.66 20.94 7 3 300 1127 483 48300 23.5 24.0 23.88 0.01
145800.0 354 137.01 0.45 54736 22111.41 0.46 15908 7519.16 0.56 2578106 1398210.73 20.94 350 154.33 0.56 54326 28271.99 20.94 7 3 300 1134 486 48600 23.5 24.0 23.88 0.01
146700.0 310 136.23 0.45 55046 22247.65 0.46 15863 7519.14 0.56 2593969 1405729.87 20.94 310 154.31 0.56 54636 28426.29 20.94 7 3 300 1141 489 48900 23.6 24.0 23.88 0.01
147600.0 310 136.23 0.45 55356 22383.88 0.46 15863 7519.14 0.56 2609832 1413249.01 20.94 310 154.31 0.56 54946 28580.6 20.94 7 3 300 1148 492 49200 23.6 24.0 23.88 0.01
148500.0 376 136.38 0.45 55732 22520.26 0.46 15922 7519.15 0.56 2625754 1420768.16 20.94 370 154.32 0.56 55316 28734.92 20.94 7 3 300 1155 495 49500 23.6 24.0 23.88 0.01
149400.0 354 137.01 0.45 56086 22657.27 0.46 15894 7519.16 0.56 2641648 1428287.32 20.94 350 154.33 0.56 55666 28889.25 20.94 7 3 300 1162 498 49800 23.6 24.0 23.88 0.01
150300.0 310 136.23 0.45 56396 22793.51 0.46 15854 7519.14 0.56 2657502 1435806.46 20.94 310 154.31 0.56 55976 29043.56 20.94 7 3 300 1169 501 50100 23.7 24.0 23.89 0.01
151200.0 310 136.23 0.45 56706 22929.74 0.46 15852 7519.14 0.56 2673354 1443325.6 20.94 310 154.31 0.56 56286 29197.87 20.94 7 3 300 1176 504 50400 23.7 24.0 23.9 0.01
152100.0 376 136.38 0.45 57082 23066.12 0.46 15911 7519.15 0.56 2689265 1450844.75 20.94 370 154.32 0.56 56656 29352.19 20.94 7 3 300 1183 507 50700 23.7 24.0 23.9 0.01
153000.0 354 137.01 0.45 57436 23203.13 0.46 15891 7519.16 0.56 2705156 1458363.91 20.94 350 154.33 0.56 57006 29506.52 20.94 7 3 300 1190 510 51000 23.7 24.0 23.9 0.01
153900.0 310 136.23 0.45 57746 23339.37 0.46 15851 7519.14 0.56 2721007 1465883.05 20.94 310 154.31 0.56 57316 29660.82 20.94 7 3 300 1197 513 51300 23.7 24.0 23.89 0.01
154800.0 310 136.23 0.45 58056 23475.6 0.46 15847 7519.14 0.56 2736854 1473402.19 20.94 310 154.31 0.56 57626 29815.13 20.94 7 3 300 1204 516 51600 23.6 24.0 23.89 0.01
155700.0 376 136.38 0.45 58432 23611.98 0.46 15907 7519.15 0.56 2752761 1480921.34 20.94 370 154.32 0.56 57996 29969.46 20.94 7 3 300 1211 519 51900 23.6 24.0 23.89 0.01
156600.0 354 137.01 0.45 58786 23748.99 0.46 15885 7519.16 0.56 2768646 1488440.5 20.94 350 154.33 0.56 58346 30123.78 20.94 7 3 300 1218 522 52200 23.6 24.0 23.89 0.01
157500.0 310 136.23 0.45 59096 23885.23 0.46 15844 7519.14 0.56 2784490 1495959.64 20.94 310 154.31 0.56 58656 30278.09 20.94 7 3 300 1225 525 52500 23.6 24.0 23.88 0.01
158400.0 310 136.23 0.45 59406 24021.46 0.46 15844 7519.14 0.56 2800334 1503478.78 20.94 310 154.31 0.56 58966 30432.4 20.94 7 3 300 1232 528 52800 23.5 24.0 23.88 0.01
159300.0 376 136.38 0.45 59782 24157.84 0.46 15900 7519.15 0.56 2816234 1510997.93 20.94 370 154.32 0.56 59336 30586.72 20.94 7 3 300 1239 531 53100 23.5 24.0 23.88 0.01
160200.0 354 137.01 0.45 60136 24294.85 0.46 15876 7519.16 0.56 2832110 1518517.09 20.94 350 154.33 0.56 59686 30741.05 20.94 7 3 300 1246 534 53400 23.5 24.0 23.88 0.01
161100.0 310 136.23 0.45 60446 24431.08 0.46 15836 7519.14 0.56 2847946 1526036.23 20.94 310 154.31 0.56 59996 30895.36 20.94 7 3 300 1253 537 53700 23.5 24.0 23.86 0.01
162000.0 310 136.23 0.45 60756 24567.32 0.46 15835 7519.14 0.56 2863781 1533555.37 20.94 310 154.31 0.56 60306 31049.66 20.94 7 3 300 1260 540 54000 23.4 24.0 23.86 0.01
162900.0 376 136.37 0.45 61132 24703.69 0.46 15894 7519.15 0.56 2879675 1541074.52 20.94 370 154.32 0.56 60676 31203.99 20.94 7 3 300 1267 543 54300 23.4 24.0 23.86 0.01
163800.0 354 137.01 0.45 61486 24840.71 0.46 15874 7519.16 0.56 2895549 1548593.68 20.94 350 154.33 0.56 61026 31358.31 20.94 7 3 300 1274 546 54600 23.4 24.0 23.86 0.01
164700.0 310 136.23 0.45 61796 24976.94 0.46 15833 7519.14 0.56 2911382 1556112.82 20.94 310 154.31 0.56 61336 31512.62 20.94 7 3 300 1281 549 54900 23.4 24.0 23.83 0.02
165600.0 310 136.23 0.45 62106 25113.18 0.46 15832 7519.14 0.56 2927214 1563631.96 20.94 310 154.31 0.56 61646 31666.93 20.94 7 3 300 1288 552 55200 23.3 24.0 23.82 0.02
166500.0 376 136.38 0.45 62482 25249.55 0.46 15892 7519.15 0.56 2943106 1571151.11 20.94 370 154.32 0.56 62016 31821.25 20.94 7 3 300 1295 555 55500 23.3 24.0 23.82 0.02
167400.0 354 137.01 0.45 62836 25386.57 0.46 15871 7519.16 0.56 2958977 1578670.27 20.94 350 154.33 0.56 62366 31975.58 20.94 7 3 300 1302 558 55800 23.3 24.0 23.82 0.02
168300.0 310 136.23 0.45 63146 25522.8 0.46 15831 7519.14 0.56 2974808 1586189.41 20.94 310 154.31 0.56 62676 32129.89 20.94 7 3 300 1309 561 56100 23.3 24.0 23.8 0.02
169200.0 310 136.23 0.45 63456 25659.04 0.46 15828 7519.14 0.56 2990636 1593708.55 20.94 310 154.31 0.56 62986 32284.19 20.94 7 3 300 1316 564 56400 23.2 24.0 23.79 0.02
170100.0 376 136.37 0.45 63832 25795.41 0.46 15888 7519.15 0.56 3006524 1601227.7 20.94 370 154.32 0.56 63356 32438.52 20.94 7 3 300 1323 567 56700 23.2 24.0 23.79 0.02
171000.0 354 137.01 0.45 64186 25932.42 0.46 15865 7519.16 0.56 3022389 1608746.86 20.94 350 154.33 0.56 63706 32592.85 20.94 7 3 300 1330 570 57000 23.2 24.0 23.79 0.02
171900.0 310 136.23 0.45 64496 26068.66 0.46 15822 7519.14 0.56 3038211 1616265.99 20.94 310 154.31 0.56 64016 32747.15 20.94 7 3 300 1337 573 57300 23.2 24.0 23.76 0.03
172800.0 310 136.23 0.45 64806 26204.89 0.46 15820 7519.14 0.56 3054031 1623785.13 20.94 310 154.31 0.56 64326 32901.46 20.94 7 3 300 1344 576 57600 23.1 24.0 23.74 0.02
173700.0 376 136.38 0.45 65182 26341.27 0.46 15876 7519.15 0.56 3069907 1631304.29 20.94 370 154.32 0.56 64696 33055.78 20.94 7 3 300 1351 579 57900 23.1 24.0 23.74 0.02
174600.0 354 137.01 0.45 65536 26478.28 0.46 15856 7519.16 0.56 3085763 1638823.45 20.94 350 154.33 0.56 65046 33210.11 20.94 7 3 300 1358 582 58200 23.1 24.0 23.74 0.02
175500.0 310 136.23 0.45 65846 26614.52 0.46 15817 7519.14 0.56 3101580 1646342.58 20.94 310 154.31 0.56 65356 33364.42 20.94 7 3 300 1365 585 58500 23.1 24.0 23.71 0.03
176400.0 310 136.23 0.45 66156 26750.75 0.46 15813 7519.14 0.56 3117393 1653861.72 20.94 310 154.31 0.56 65666 33518.72 20.94 7 3 300 1372 588 58800 22.9 24.0 23.68 0.03
177300.0 376 136.38 0.45 66532 26887.13 0.46 15872 7519.15 0.56 3133265 1661380.88 20.94 370 154.32 0.56 66036 33673.05 20.94 7 3 300 1379 591 59100 22.9 23.9 23.68 0.03
178200.0 354 137.01 0.45 66886 27024.14 0.46 15848 7519.16 0.56 3149113 1668900.04 20.94 350 154.33 0.56 66386 33827.38 20.94 7 3 300 1386 594 59400 22.9 23.9 23.68 0.03
179100.0 310 136.23 0.45 67196 27160.38 0.46 15810 7519.13 0.56 3164923 1676419.17 20.94 310 154.31 0.56 66696 33981.68 20.94 7 3 300 1393 597 59700 22.9 23.9 23.62 0.03
180000.0 310 136.23 0.45 67506 27296.61 0.46 15816 7519.14 0.56 3180739 1683938.31 20.94 310 154.31 0.56 67006 34135.99 20.94 7 3 300 1400 600 60000 22.8 23.9 23.58 0.02
180900.0 376 136.38 0.45 67882 27432.99 0.46 15875 7519.15 0.56 3196614 1691457.46 20.94 370 154.32 0.56 67376 34290.31 20.94 7 3 300 1407 603 60300 22.8 23.9 23.58 0.02
181800.0 354 137.01 0.45 68236 27570.0 0.46 15847 7519.16 0.56 3212461 1698976.62 20.94 350 154.33 0.56 67726 34444.64 20.94 7 3 300 1414 606 60600 22.8 23.9 23.58 0.02
182700.0 310 136.23 0.45 68546 27706.24 0.46 15812 7519.13 0.56 3228273 1706495.76 20.94 310 154.31 0.56 68036 34598.95 20.94 7 3 300 1421 609 60900 22.8 23.8 23.51 0.03
183600.0 310 136.23 0.45 68856 27842.47 0.46 15807 7519.14 0.56 3244080 1714014.9 20.94 310 154.31 0.56 68346 34753.26 20.94 7 3 300 1428 612 61200 22.7 23.8 23.45 0.02
184500.0 376 136.38 0.45 69232 27978.85 0.46 15862 7519.15 0.56 3259942 1721534.05 20.94 370 154.32 0.56 68716 34907.58 20.94 7 3 300 1435 615 61500 22.7 23.8 23.45 0.02
185400.0 354 137.01 0.45 69586 28115.86 0.46 15836 7519.16 0.56 3275778 1729053.21 20.94 350 154.33 0.56 69066 35061.91 20.94 7 3 300 1442 618 61800 22.7 23.8 23.45 0.02
186300.0 310 136.23 0.45 69896 28252.1 0.46 15801 7519.13 0.56 3291579 1736572.35 20.94 310 154.31 0.56 69376 35216.21 20.94 7 3 300 1449 621 62100 22.7 23.7 23.35 0.03
187200.0 310 136.23 0.45 70206 28388.33 0.46 15799 7519.14 0.56 3307378 1744091.49 20.94 310 154.31 0.56 69686 35370.52 20.94 7 3 300 1456 624 62400 22.4 23.7 23.27 0.02
188100.0 376 136.38 0.45 70582 28524.71 0.46 15858 7519.15 0.56 3323236 1751610.64 20.94 370 154.32 0.56 70056 35524.84 20.94 7 3 300 1463 627 62700 22.4 23.7 23.27 0.02
189000.0 354 137.01 0.45 70936 28661.72 0.46 15836 7519.16 0.56 3339072 1759129.8 20.94 350 154.33 0.56 70406 35679.17 20.94 7 3 300 1470 630 63000 22.4 23.7 23.27 0.02
189900.0 310 136.23 0.45 71246 28797.95 0.46 15791 7519.13 0.56 3354863 1766648.93 20.94 310 154.31 0.56 70716 35833.48 20.94 7 3 300 1477 633 63300 22.4 23.5 23.13 0.03
190800.0 310 136.23 0.45 71556 28934.19 0.46 15792 7519.14 0.56 3370655 1774168.07 20.94 310 154.31 0.56 71026 35987.79 20.94 7 3 300 1484 636 63600 22.1 23.5 23.02 0.02
191700.0 376 136.38 0.45 71932 29070.57 0.46 15849 7519.15 0.56 3386504 1781687.23 20.94 370 154.32 0.56 71396 36142.11 20.94 7 3 300 1491 639 63900 22.1 23.5 23.02 0.02
192600.0 354 137.01 0.45 72286 29207.58 0.46 15822 7519.16 0.56 3402326 1789206.39 20.94 350 154.33 0.56 71746 36296.44 20.94 7 3 300 1498 642 64200 22.1 23.5 23.02 0.02
193500.0 310 136.23 0.45 72596 29343.81 0.46 15785 7519.13 0.56 3418111 1796725.52 20.94 310 154.31 0.56 72056 36450.74 20.94 7 3 300 1505 645 64500 22.1 23.3 22.87 0.03
194400.0 310 136.23 0.45 72906 29480.05 0.46 15784 7519.14 0.56 3433895 1804244.66 20.94 310 154.31 0.56 72366 36605.05 20.94 7 3 300 1512 648 64800 22.0 23.3 22.73 0.02
195300.0 376 136.38 0.45 73282 29616.43 0.46 15836 7519.15 0.56 3449731 1811763.81 20.94 370 154.32 0.56 72736 36759.37 20.94 7 3 300 1519 651 65100 22.0 23.3 22.73 0.02
196200.0 354 137.01 0.45 73636 29753.44 0.46 15814 7519.16 0.56 3465545 1819282.97 20.94 350 154.33 0.56 73086 36913.7 20.94 7 3 300 1526 654 65400 22.0 23.3 22.73 0.02
197100.0 310 136.23 0.45 73946 29889.67 0.46 15785 7519.13 0.56 3481330 1826802.11 20.94 310 154.31 0.56 73396 37068.01 20.94 7 3 300 1533 657 65700 22.0 23.1 22.57 0.02
198000.0 310 136.23 0.45 74256 30025.91 0.46 15758 7519.14 0.56 3497088 1834321.25 20.94 310 154.31 0.56 73706 37222.32 20.94 7 3 300 1540 660 66000 22.0 23.1 22.42 0.02
198900.0 376 136.38 0.45 74632 30162.29 0.46 15818 7519.15 0.56 3512906 1841840.4 20.94 370 154.32 0.56 74076 37376.64 20.94 7 3 300 1547 663 66300 22.0 23.1 22.42 0.02
199800.0 354 137.01 0.45 74986 30299.3 0.46 15794 7519.16 0.56 3528700 1849359.56 20.94 350 154.33 0.56 74426 37530.97 20.94 7 3 300 1554 666 66600 22.0 23.1 22.42 0.02
200700.0 310 136.23 0.45 75296 30435.53 0.46 15762 7519.13 0.56 3544462 1856878.69 20.94 310 154.31 0.56 74736 37685.27 20.94 7 3 300 1561 669 66900 22.0 22.8 22.26 0.01
201600.0 310 136.23 0.45 75606 30571.77 0.46 15762 7519.14 0.56 3560224 1864397.83 20.94 310 154.31 0.56 75046 37839.58 20.94 7 3 300 1568 672 67200 22.0 22.8 22.19 0.02
202500.0 376 136.38 0.45 75982 30708.15 0.46 15822 7519.15 0.56 3576046 1871916.98 20.94 370 154.32 0.56 75416 37993.91 20.94 7 3 300 1575 675 67500 22.0 22.8 22.19 0.02
203400.0 354 137.01 0.45 76336 30845.16 0.46 15797 7519.16 0.56 3591843 1879436.14 20.94 350 154.33 0.56 75766 38148.23 20.94 7 3 300 1582 678 67800 22.0 22.8 22.19 0.02
204300.0 310 136.23 0.45 76646 30981.39 0.46 15765 7519.13 0.56 3607608 1886955.28 20.94 310 154.31 0.56 76076 38302.54 20.94 7 3 300 1589 681 68100 22.0 22.6 22.07 0.01
205200.0 310 136.23 0.45 76956 31117.63 0.46 15764 7519.14 0.56 3623372 1894474.42 20.94 310 154.31 0.56 76386 38456.85 20.94 7 3 300 1596 684 68400 22.0 22.6 22.06 0.01
206100.0 376 136.37 0.45 77332 31254.0 0.46 15824 7519.15 0.56 3639196 1901993.57 20.94 370 154.32 0.56 76756 38611.17 20.94 7 3 300 1603 687 68700 22.0 22.6 22.06 0.01
207000.0 354 137.01 0.45 77686 31391.01 0.46 15794 7519.16 0.56 3654990 1909512.73 20.94 350 154.33 0.56 77106 38765.5 20.94 7 3 300 1610 690 69000 22.0 22.6 22.06 0.01
207900.0 310 136.23 0.45 77996 31527.25 0.46 15759 7519.13 0.56 3670749 1917031.86 20.94 310 154.31 0.56 77416 38919.81 20.94 7 3 300 1617 693 69300 22.0 22.2 22.02 0.0
208800.0 310 136.23 0.45 78306 31663.48 0.46 15755 7519.14 0.56 3686504 1924551.0 20.94 310 154.31 0.56 77726 39074.11 20.94 7 3 300 1624 696 69600 22.0 22.2 22.02 0.0
209700.0 376 136.38 0.45 78682 31799.86 0.46 15814 7519.15 0.56 3702318 1932070.15 20.94 370 154.32 0.56 78096 39228.44 20.94 7 3 300 1631 699 69900 22.0 22.2 22.02 0.0
210600.0 354 137.01 0.45 79036 31936.87 0.46 15787 7519.16 0.56 3718105 1939589.31 20.94 350 154.33 0.56 78446 39382.76 20.94 7 3 300 1638 702 70200 22.0 22.2 22.02 0.0
211500.0 310 136.23 0.45 79346 32073.11 0.46 15747 7519.13 0.56 3733852 1947108.45 20.94 310 154.31 0.56 78756 39537.07 20.94 7 3 300 1645 705 70500 22.0 22.0 22.0 0.0
212400.0 310 136.23 0.45 79656 32209.34 0.46 15747 7519.14 0.56 3749599 1954627.58 20.94 310 154.31 0.56 79066 39691.38 20.94 7 3 300 1652 708 70800 22.0 22.0 22.0 0.0
213300.0 376 136.37 0.45 80032 32345.72 0.46 15805 7519.15 0.56 3765404 1962146.74 20.94 370 154.32 0.56 79436 39845.7 20.94 7 3 300 1659 711 71100 22.0 22.0 22.0 0.0
214200.0 354 137.01 0.45 80386 32482.73 0.46 15777 7519.16 0.56 3781181 1969665.9 20.94 350 154.33 0.56 79786 40000.03 20.94 7 3 300 1666 714 71400 22.0 22.0 22.0 0.0
215100.0 310 136.23 0.45 80696 32618.97 0.46 15736 7519.13 0.56 3796917 1977185.03 20.94 310 154.31 0.56 80096 40154.34 20.94 7 3 300 1673 717 71700 22.0 22.0 22.0 0.0
216000.0 310 136.23 0.45 81006 32755.2 0.46 15729 7519.14 0.56 3812646 1984704.17 20.94 310 154.31 0.56 80406 40308.64 20.94 7 3 300 1680 720 72000 22.0 22.0 22.0 0.0
216900.0 376 136.38 0.45 81382 32891.58 0.46 15788 7519.15 0.56 3828434 1992223.32 20.94 370 154.32 0.56 80776 40462.97 20.94 7 3 300 1687 723 72300 22.0 22.0 22.0 0.0
217800.0 354 137.01 0.45 81736 33028.59 0.46 15767 7519.16 0.56 3844201 1999742.48 20.94 350 154.33 0.56 81126 40617.3 20.94 7 3 300 1694 726 72600 22.0 22.0 22.0 0.0
218700.0 310 136.23 0.45 82046 33164.82 0.46 15718 7519.13 0.56 3859919 2007261.61 20.94 310 154.31 0.56 81436 40771.6 20.94 7 3 300 1701 729 72900 22.0 22.0 22.0 0.0
219600.0 310 136.23 0.45 82356 33301.06 0.46 15714 7519.14 0.56 3875633 2014780.75 20.94 310 154.31 0.56 81746 40925.91 20.94 7 3 300 1708 732 73200 22.0 22.0 22.0 0.0
220500.0 376 136.38 0.45 82732 33437.44 0.46 15773 7519.15 0.56 3891406 2022299.9 20.94 370 154.32 0.56 82116 41080.23 20.94 7 3 300 1715 735 73500 22.0 22.0 22.0 0.0
221400.0 354 137.01 0.45 83086 33574.45 0.46 15751 7521.01 0.56 3907157 2029820.91 20.94 350 154.36 0.56 82466 41234.59 20.94 7 3 300 1722 738 73800 21.7 22.0 22.0 0.0
222300.0 310 136.24 0.45 83396 33710.69 0.46 15794 7523.44 0.56 3922951 2037344.35 20.94 310 154.38 0.56 82776 41388.97 20.94 7 3 300 1729 741 74100 20.4 22.0 21.29 0.07
223200.0 310 136.24 0.45 83706 33846.93 0.46 15819 7523.47 0.56 3938770 2044867.82 20.94 310 154.39 0.56 83086 41543.36 20.94 7 3 300 1736 744 74400 19.8 22.0 20.57 0.14
224100.0 376 136.38 0.45 84082 33983.31 0.46 15879 7523.45 0.56 3954649 2052391.27 20.94 370 154.4 0.56 83456 41697.76 20.94 7 3 300 1743 747 74700 19.8 21.8 20.56 0.13
225000.0 354 137.02 0.45 84436 34120.33 0.46 15856 7523.77 0.56 3970505 2059915.04 20.94 350 154.42 0.56 83806 41852.18 20.94 7 3 300 1750 750 75000 19.8 21.8 20.56 0.13
225900.0 310 136.24 0.45 84746 34256.57 0.46 15822 7524.05 0.56 3986327 2067439.09 20.94 310 154.4 0.56 84116 42006.58 20.94 7 3 300 1757 753 75300 19.8 21.7 20.5 0.12
226800.0 310 136.24 0.45 85056 34392.81 0.46 15824 7524.04 0.56 4002151 2074963.13 20.94 310 154.4 0.56 84426 42160.98 20.94 7 3 300 1764 756 75600 19.8 21.7 20.46 0.14
227700.0 376 136.38 0.45 85432 34529.19 0.46 15883 7524.07 0.56 4018034 2082487.2 20.94 370 154.42 0.56 84796 42315.4 20.94 7 3 300 1771 759 75900 19.8 21.7 20.46 0.14
228600.0 354 137.02 0.45 85786 34666.21 0.46 15855 7525.33 0.56 4033889 2090012.54 20.94 350 154.45 0.56 85146 42469.85 20.94 7 3 300 1778 762 76200 19.8 21.7 20.46 0.14
229500.0 310 136.24 0.45 86096 34802.45 0.46 15819 7523.49 0.56 4049708 2097536.02 20.94 310 154.39 0.56 85456 42624.23 20.94 7 3 300 1785 765 76500 19.8 21.6 20.44 0.14
230400.0 310 136.24 0.45 86406 34938.68 0.46 15820 7523.49 0.56 4065528 2105059.52 20.94 310 154.39 0.56 85766 42778.62 20.94 7 3 300 1792 768 76800 19.8 21.6 20.45 0.14
231300.0 376 136.38 0.45 86782 35075.06 0.46 15879 7523.5 0.56 4081407 2112583.02 20.94 370 154.4 0.56 86136 42933.03 20.94 7 3 300 1799 771 77100 19.8 21.6 20.45 0.14
232200.0 354 137.02 0.45 87136 35212.08 0.46 15853 7523.1 0.56 4097260 2120106.12 20.94 350 154.41 0.56 86486 43087.43 20.94 7 3 300 1806 774 77400 19.8 21.6 20.45 0.14
233100.0 310 136.24 0.45 87446 35348.32 0.46 15814 7524.9 0.56 4113074 2127631.02 20.94 310 154.42 0.56 86796 43241.85 20.94 7 3 300 1813 777 77700 19.8 21.5 20.48 0.15
234000.0 310 136.24 0.45 87756 35484.56 0.46 15814 7524.89 0.56 4128888 2135155.92 20.94 310 154.42 0.56 87106 43396.27 20.94 7 3 300 1820 780 78000 19.8 21.5 20.49 0.15
234900.0 376 136.38 0.45 88132 35620.94 0.46 15874 7524.92 0.56 4144762 2142680.84 20.94 370 154.43 0.56 87476 43550.7 20.94 7 3 300 1827 783 78300 19.8 21.5 20.49 0.15
235800.0 354 137.01 0.45 88486 35757.96 0.46 15848 7522.88 0.56 4160610 2150203.72 20.94 350 154.4 0.56 87826 43705.11 20.94 7 3 300 1834 786 78600 19.8 21.5 20.49 0.15
236700.0 310 136.24 0.45 88796 35894.19 0.46 15810 7521.14 0.56 4176420 2157724.86 20.94 310 154.35 0.56 88136 43859.45 20.94 7 3 300 1841 789 78900 19.8 21.4 20.5 0.16
237600.0 310 136.24 0.45 89106 36030.43 0.46 15809 7521.13 0.56 4192229 2165245.99 20.94 310 154.35 0.56 88446 44013.8 20.94 7 3 300 1848 792 79200 19.8 21.4 20.55 0.14
238500.0 376 136.38 0.45 89482 36166.8 0.46 15868 7521.16 0.56 4208097 2172767.15 20.94 370 154.36 0.56 88816 44168.17 20.94 7 3 300 1855 795 79500 19.7 21.4 20.55 0.15
239400.0 354 137.01 0.45 89836 36303.82 0.46 15838 7521.99 0.56 4223935 2180289.13 20.94 350 154.38 0.56 89166 44322.55 20.94 7 3 300 1862 798 79800 19.7 21.4 20.55 0.15
240300.0 310 136.24 0.45 90146 36440.06 0.46 15797 7521.95 0.56 4239732 2187811.08 20.94 310 154.36 0.56 89476 44476.9 20.94 7 3 300 1869 801 80100 19.7 21.5 20.57 0.16
241200.0 310 136.24 0.45 90456 36576.3 0.46 15794 7521.97 0.56 4255526 2195333.05 20.94 310 154.36 0.56 89786 44631.26 20.94 7 3 300 1876 804 80400 19.7 21.6 20.6 0.16
242100.0 376 136.38 0.45 90832 36712.68 0.46 15853 7521.97 0.56 4271379 2202855.02 20.94 370 154.37 0.56 90156 44785.64 20.94 7 3 300 1883 807 80700 19.7 21.6 20.6 0.16
243000.0 354 137.01 0.45 91186 36849.69 0.46 15830 7522.16 0.56 4287209 2210377.18 20.94 350 154.39 0.56 90506 44940.03 20.94 7 3 300 1890 810 81000 19.7 21.6 20.6 0.16
243900.0 310 136.24 0.45 91496 36985.93 0.46 15793 7523.05 0.56 4303002 2217900.22 20.94 310 154.38 0.56 90816 45094.4 20.94 7 3 300 1897 813 81300 19.7 21.6 20.61 0.17
244800.0 310 136.24 0.45 91806 37122.17 0.46 15794 7523.05 0.56 4318796 2225423.28 20.94 310 154.38 0.56 91126 45248.79 20.94 7 3 300 1904 816 81600 19.7 21.8 20.64 0.17
245700.0 376 136.38 0.45 92182 37258.55 0.46 15853 7523.07 0.56 4334649 2232946.34 20.94 370 154.39 0.56 91496 45403.18 20.94 7 3 300 1911 819 81900 19.6 21.8 20.64 0.17
246600.0 354 137.02 0.45 92536 37395.57 0.46 15817 7523.71 0.56 4350466 2240470.06 20.94 350 154.41 0.56 91846 45557.59 20.94 7 3 300 1918 822 82200 19.6 21.8 20.64 0.17
247500.0 310 136.24 0.45 92846 37531.81 0.46 15790 7522.25 0.56 4366256 2247992.31 20.94 310 154.36 0.56 92156 45711.95 20.94 7 3 300 1925 825 82500 19.6 21.8 20.61 0.18
248400.0 310 136.24 0.45 93156 37668.04 0.46 15794 7522.28 0.56 4382050 2255514.59 20.94 310 154.36 0.56 92466 45866.32 20.94 7 3 300 1932 828 82800 19.6 21.9 20.62 0.18
249300.0 376 136.38 0.45 93532 37804.43 0.46 15849 7522.27 0.56 4397899 2263036.86 20.94 370 154.38 0.56 92836 46020.69 20.94 7 3 300 1939 831 83100 19.5 21.9 20.62 0.18
250200.0 354 137.01 0.45 93886 37941.44 0.46 15810 7521.89 0.56 4413709 2270558.76 20.94 350 154.38 0.56 93186 46175.07 20.94 7 3 300 1946 834 83400 19.5 21.9 20.62 0.18
251100.0 310 136.24 0.45 94196 38077.68 0.46 15786 7522.28 0.56 4429495 2278081.04 20.94 310 154.36 0.56 93496 46329.43 20.94 7 3 300 1953 837 83700 19.5 21.9 20.58 0.2
252000.0 310 136.24 0.45 94506 38213.92 0.46 15790 7522.29 0.56 4445285 2285603.33 20.94 310 154.37 0.56 93806 46483.8 20.94 7 3 300 1960 840 84000 19.5 22.0 20.56 0.22
252900.0 376 136.38 0.45 94882 38350.3 0.46 15850 7522.3 0.56 4461135 2293125.63 20.94 370 154.38 0.56 94176 46638.18 20.94 7 3 300 1967 843 84300 19.5 22.0 20.56 0.22
253800.0 354 137.02 0.45 95236 38487.31 0.46 15814 7522.49 0.56 4476949 2300648.12 20.94 350 154.39 0.56 94526 46792.57 20.94 7 3 300 1974 846 84600 19.5 22.0 20.56 0.22
254700.0 310 136.24 0.45 95546 38623.55 0.46 15818 7522.95 0.56 4492767 2308171.07 20.94 310 154.37 0.56 94836 46946.95 20.94 7 3 300 1981 849 84900 19.5 22.0 20.43 0.22
255600.0 310 136.24 0.45 95856 38759.79 0.46 15826 7522.96 0.56 4508593 2315694.03 20.94 310 154.38 0.56 95146 47101.33 20.94 7 3 300 1988 852 85200 19.5 21.8 20.4 0.23
256500.0 376 136.38 0.45 96232 38896.17 0.46 15886 7522.97 0.56 4524479 2323217.01 20.94 370 154.39 0.56 95516 47255.72 20.94 7 3 300 1995 855 85500 19.3 21.8 20.39 0.23
257400.0 354 137.01 0.45 96586 39033.19 0.46 15843 7521.94 0.56 4540322 2330738.95 20.94 350 154.38 0.56 95866 47410.1 20.94 7 3 300 2002 858 85800 19.3 21.8 20.39 0.23
258300.0 310 136.24 0.45 96896 39169.42 0.46 15831 7523.24 0.56 4556153 2338262.19 20.94 310 154.38 0.56 96176 47564.49 20.94 7 3 300 2009 861 86100 19.3 21.8 20.23 0.24
259200.0 310 136.24 0.45 97206 39305.66 0.46 15836 7523.23 0.56 4571989 2345785.42 20.94 310 154.39 0.56 96486 47718.87 20.94 7 3 300 2016 864 86400 19.3 21.8 20.15 0.26
260100.0 376 136.38 0.45 97582 39442.04 0.46 15896 7523.26 0.56 4587885 2353308.67 20.94 370 154.4 0.56 96856 47873.28 20.94 7 3 300 2023 867 86700 19.2 21.6 20.15 0.26
261000.0 356 137.09 0.45 97938 39579.13 0.46 16184 171249.13 20.92 4604069 2524557.8 20.94 352 3315.19 20.92 97208 51188.46 20.94 7 3 300 2030 870 87000 19.2 21.6 20.15 0.26
261900.0 310 136.24 0.46 98248 39715.37 0.46 15840 7517.03 0.56 4619909 2532074.83 20.94 310 154.32 0.56 97518 51342.78 20.94 7 3 300 2037 873 87300 18.9 21.6 19.79 0.26
262800.0 310 136.24 0.46 98558 39851.6 0.46 15851 7517.07 0.56 4635760 2539591.9 20.94 310 154.32 0.56 97828 51497.11 20.94 7 3 300 2044 876 87600 18.9 21.6 19.62 0.25
263700.0 376 136.38 0.46 98934 39987.98 0.46 15911 7517.05 0.56 4651671 2547108.95 20.94 370 154.34 0.56 98198 51651.45 20.94 7 3 300 2051 879 87900 18.9 20.8 19.62 0.24
264600.0 356 137.1 0.46 99290 40125.08 0.46 16201 171346.94 20.93 4667872 2718455.89 20.94 352 3318.39 20.93 98550 54969.84 20.94 7 3 300 2058 882 88200 18.4 20.8 19.61 0.25
265500.0 310 136.27 0.46 99600 40261.35 0.46 15905 7562.5 0.56 4683777 2726018.39 20.94 310 155.16 0.56 98860 55124.99 20.94 7 3 300 2065 885 88500 17.3 20.8 18.36 0.31
266400.0 310 136.27 0.46 99910 40397.62 0.46 15921 7562.47 0.56 4699698 2733580.86 20.94 310 155.15 0.56 99170 55280.15 20.94 7 3 300 2072 888 88800 17.3 18.8 17.8 0.02
267300.0 376 136.41 0.46 100286 40534.03 0.46 15981 7562.52 0.56 4715679 2741143.38 20.94 370 155.17 0.56 99540 55435.32 20.94 7 3 300 2079 891 89100 17.3 18.8 17.8 0.02
268200.0 356 137.12 0.46 100642 40671.15 0.46 16272 171363.98 20.93 4731951 2912507.36 20.94 352 3318.06 20.93 99892 58753.38 20.94 7 3 300 2086 894 89400 17.3 18.8 17.8 0.02
269100.0 310 136.27 0.46 100952 40807.42 0.46 15920 7560.02 0.56 4747871 2920067.38 20.94 310 155.12 0.56 100202 58908.49 20.94 7 3 300 2093 897 89700 17.3 18.8 17.78 0.02
270000.0 310 136.27 0.46 101262 40943.69 0.46 15921 7559.98 0.56 4763792 2927627.35 20.94 310 155.11 0.56 100512 59063.6 20.94 7 3 300 2100 900 90000 17.3 18.7 17.76 0.02
270900.0 376 136.41 0.46 101638 41080.1 0.46 15981 7560.03 0.56 4779773 2935187.38 20.94 370 155.13 0.56 100882 59218.74 20.94 7 3 300 2107 903 90300 17.3 18.7 17.76 0.02
271800.0 354 137.05 0.46 101992 41217.15 0.46 15958 7558.82 0.56 4795731 2942746.2 20.94 350 155.11 0.56 101232 59373.85 20.94 7 3 300 2114 906 90600 17.3 18.7 17.76 0.02
272700.0 310 136.27 0.46 102302 41353.42 0.46 15918 7558.84 0.56 4811649 2950305.05 20.94 310 155.09 0.56 101542 59528.94 20.94 7 3 300 2121 909 90900 17.3 18.7 17.74 0.02
273600.0 310 136.27 0.46 102612 41489.69 0.46 15918 7558.8 0.56 4827567 2957863.84 20.94 310 155.09 0.56 101852 59684.03 20.94 7 3 300 2128 912 91200 17.3 18.6 17.73 0.02
274500.0 376 136.41 0.46 102988 41626.1 0.46 15976 7558.86 0.56 4843543 2965422.71 20.94 370 155.11 0.56 102222 59839.14 20.94 7 3 300 2135 915 91500 17.3 18.6 17.73 0.02
275400.0 354 137.05 0.46 103342 41763.15 0.46 15955 7564.69 0.56 4859498 2972987.4 20.94 350 155.23 0.56 102572 59994.37 20.94 7 3 300 2142 918 91800 17.3 18.6 17.73 0.02
276300.0 310 136.27 0.46 103652 41899.41 0.46 15916 7559.88 0.56 4875414 2980547.28 20.94 310 155.11 0.56 102882 60149.48 20.94 7 3 300 2149 921 92100 17.3 18.6 17.72 0.02
277200.0 310 136.27 0.46 103962 42035.68 0.46 15915 7559.84 0.56 4891329 2988107.12 20.94 310 155.11 0.56 103192 60304.59 20.94 7 3 300 2156 924 92400 17.3 18.5 17.7 0.02
278100.0 376 136.41 0.46 104338 42172.09 0.46 15975 7559.9 0.56 4907304 2995667.01 20.94 370 155.13 0.56 103562 60459.72 20.94 7 3 300 2163 927 92700 17.3 18.5 17.7 0.02
279000.0 354 137.04 0.46 104692 42309.13 0.46 15953 7555.16 0.56 4923257 3003222.18 20.94 350 155.04 0.56 103912 60614.76 20.94 7 3 300 2170 930 93000 17.3 18.5 17.7 0.02
279900.0 310 136.27 0.46 105002 42445.4 0.46 15914 7560.02 0.56 4939171 3010782.19 20.94 310 155.12 0.56 104222 60769.88 20.94 7 3 300 2177 933 93300 17.3 18.5 17.69 0.02
280800.0 310 136.27 0.46 105312 42581.67 0.46 15915 7559.98 0.56 4955086 3018342.17 20.94 310 155.11 0.56 104532 60924.99 20.94 7 3 300 2184 936 93600 17.3 18.4 17.68 0.02
281700.0 376 136.41 0.46 105688 42718.08 0.46 15972 7560.03 0.56 4971058 3025902.2 20.94 370 155.13 0.56 104902 61080.12 20.94 7 3 300 2191 939 93900 17.3 18.4 17.68 0.02
282600.0 354 137.05 0.46 106042 42855.13 0.46 15949 7559.79 0.56 4987007 3033461.99 20.94 350 155.13 0.56 105252 61235.25 20.94 7 3 300 2198 942 94200 17.3 18.4 17.68 0.02
283500.0 310 136.26 0.46 106352 42991.39 0.46 15914 7554.61 0.56 5002921 3041016.6 20.94 310 155.01 0.56 105562 61390.26 20.94 7 3 300 2205 945 94500 17.3 18.4 17.67 0.01
284400.0 310 136.26 0.46 106662 43127.66 0.46 15912 7554.59 0.56 5018833 3048571.19 20.94 310 155.01 0.56 105872 61545.27 20.94 7 3 300 2212 948 94800 17.3 18.3 17.67 0.01
285300.0 376 136.41 0.46 107038 43264.07 0.46 15968 7554.63 0.56 5034801 3056125.81 20.94 370 155.03 0.56 106242 61700.3 20.94 7 3 300 2219 951 95100 17.3 18.3 17.67 0.01
286200.0 354 137.04 0.46 107392 43401.11 0.46 15943 7553.64 0.56 5050744 3063679.46 20.94 350 155.01 0.56 106592 61855.31 20.94 7 3 300 2226 954 95400 17.3 18.3 17.67 0.01
287100.0 310 136.26 0.46 107702 43537.37 0.46 15902 7554.01 0.56 5066646 3071233.46 20.94 310 155.0 0.56 106902 62010.3 20.94 7 3 300 2233 957 95700 17.3 18.3 17.66 0.01
288000.0 310 136.26 0.46 108012 43673.64 0.46 15900 7553.96 0.56 5082546 3078787.42 20.94 310 155.0 0.56 107212 62165.3 20.94 7 3 300 2240 960 96000 17.3 18.2 17.66 0.01
288900.0 376 136.41 0.46 108388 43810.05 0.46 15960 7554.03 0.56 5098506 3086341.45 20.94 370 155.02 0.56 107582 62320.32 20.94 7 3 300 2247 963 96300 17.3 18.2 17.66 0.01
289800.0 354 137.05 0.46 108742 43947.09 0.46 15937 7559.86 0.56 5114443 3093901.31 20.94 350 155.13 0.56 107932 62475.45 20.94 7 3 300 2254 966 96600 17.3 18.2 17.66 0.01
290700.0 310 136.27 0.46 109052 44083.36 0.46 15900 7564.71 0.56 5130343 3101466.02 20.94 310 155.21 0.56 108242 62630.65 20.94 7 3 300 2261 969 96900 17.3 18.2 17.66 0.01
291600.0 310 136.27 0.46 109362 44219.64 0.46 15899 7564.67 0.56 5146242 3109030.69 20.94 310 155.2 0.56 108552 62785.86 20.94 7 3 300 2268 972 97200 17.3 18.1 17.66 0.01
292500.0 376 136.42 0.46 109738 44356.05 0.46 15954 7564.73 0.56 5162196 3116595.43 20.94 370 155.22 0.56 108922 62941.08 20.94 7 3 300 2275 975 97500 17.3 18.1 17.66 0.01
293400.0 354 137.05 0.46 110092 44493.1 0.46 15933 7564.7 0.56 5178129 3124160.12 20.94 350 155.23 0.56 109272 63096.31 20.94 7 3 300 2282 978 97800 17.3 18.1 17.66 0.01
294300.0 310 136.27 0.46 110402 44629.37 0.46 15898 7558.41 0.56 5194027 3131718.53 20.94 310 155.08 0.56 109582 63251.39 20.94 7 3 300 2289 981 98100 17.4 18.0 17.65 0.01
295200.0 310 136.27 0.46 110712 44765.64 0.46 15898 7558.37 0.56 5209925 3139276.9 20.94 310 155.08 0.56 109892 63406.47 20.94 7 3 300 2296 984 98400 17.4 18.0 17.66 0.01
296100.0 376 136.41 0.46 111088 44902.05 0.46 15957 7558.42 0.56 5225882 3146835.32 20.94 370 155.1 0.56 110262 63561.58 20.94 7 3 300 2303 987 98700 17.4 18.0 17.66 0.01
297000.0 354 137.04 0.46 111442 45039.09 0.46 15931 7558.39 0.56 5241813 3154393.71 20.94 350 155.1 0.56 110612 63716.68 20.94 7 3 300 2310 990 99000 17.4 18.0 17.66 0.01
297900.0 310 136.27 0.46 111752 45175.36 0.46 15891 7564.71 0.56 5257704 3161958.42 20.94 310 155.21 0.56 110922 63871.89 20.94 7 3 300 2317 993 99300 17.4 18.0 17.65 0.01
298800.0 310 136.27 0.46 112062 45311.64 0.46 15888 7564.67 0.56 5273592 3169523.1 20.94 310 155.2 0.56 111232 64027.09 20.94 7 3 300 2324 996 99600 17.4 18.0 17.66 0.01
299700.0 376 136.42 0.46 112438 45448.05 0.46 15948 7564.73 0.56 5289540 3177087.83 20.94 370 155.22 0.56 111602 64182.31 20.94 7 3 300 2331 999 99900 17.4 18.0 17.66 0.01
300600.0 354 137.05 0.46 112792 45585.1 0.46 15919 7564.69 0.56 5305459 3184652.52 20.94 350 155.23 0.56 111952 64337.54 20.94 7 3 300 2338 1002 100200 17.4 18.0 17.66 0.01
301500.0 310 136.27 0.46 113102 45721.37 0.46 15883 7558.81 0.56 5321342 3192211.33 20.94 310 155.09 0.56 112262 64492.63 20.94 7 3 300 2345 1005 100500 17.4 17.9 17.66 0.01
302400.0 310 136.27 0.46 113412 45857.64 0.46 15885 7558.78 0.56 5337227 3199770.11 20.94 310 155.09 0.56 112572 64647.72 20.94 7 3 300 2352 1008 100800 17.4 17.9 17.66 0.01
303300.0 376 136.41 0.46 113788 45994.05 0.46 15941 7558.83 0.56 5353168 3207328.94 20.94 370 155.11 0.56 112942 64802.83 20.94 7 3 300 2359 1011 101100 17.4 17.9 17.66 0.01
304200.0 354 137.04 0.46 114142 46131.09 0.46 15918 7554.1 0.56 5369086 3214883.04 20.94 350 155.02 0.56 113292 64957.85 20.94 7 3 300 2366 1014 101400 17.4 17.9 17.66 0.01
305100.0 310 136.27 0.46 114452 46267.36 0.46 15882 7560.02 0.56 5384968 3222443.05 20.94 310 155.12 0.56 113602 65112.96 20.94 7 3 300 2373 1017 101700 17.4 17.8 17.66 0.01
306000.0 310 136.27 0.46 114762 46403.63 0.46 15877 7559.97 0.56 5400845 3230003.03 20.94 310 155.11 0.56 113912 65268.08 20.94 7 3 300 2380 1020 102000 17.4 17.9 17.66 0.01
306900.0 376 136.41 0.46 115138 46540.04 0.46 15936 7560.03 0.56 5416781 3237563.06 20.94 370 155.13 0.56 114282 65423.21 20.94 7 3 300 2387 1023 102300 17.4 17.9 17.66 0.01
307800.0 354 137.05 0.46 115492 46677.09 0.46 15910 7564.69 0.56 5432691 3245127.75 20.94 350 155.23 0.56 114632 65578.44 20.94 7 3 300 2394 1026 102600 17.4 17.9 17.66 0.01
308700.0 310 136.27 0.46 115802 46813.36 0.46 15871 7564.71 0.56 5448562 3252692.47 20.94 310 155.21 0.56 114942 65733.64 20.94 7 3 300 2401 1029 102900 17.4 17.9 17.67 0.01
309600.0 310 136.27 0.46 116112 46949.64 0.46 15879 7564.67 0.56 5464441 3260257.14 20.94 310 155.2 0.56 115252 65888.85 20.94 7 3 300 2408 1032 103200 17.4 17.9 17.68 0.01
310500.0 376 136.42 0.46 116488 47086.05 0.46 15938 7564.73 0.56 5480379 3267821.87 20.94 370 155.22 0.56 115622 66044.07 20.94 7 3 300 2415 1035 103500 17.4 17.9 17.68 0.01
311400.0 354 137.05 0.46 116842 47223.1 0.46 15908 7564.69 0.56 5496287 3275386.57 20.94 350 155.23 0.56 115972 66199.3 20.94 7 3 300 2422 1038 103800 17.4 17.9 17.68 0.01
312300.0 310 136.27 0.46 117152 47359.37 0.46 15862 7558.41 0.56 5512149 3282944.97 20.94 310 155.08 0.56 116282 66354.38 20.94 7 3 300 2429 1041 104100 17.4 17.9 17.68 0.01
313200.0 310 136.27 0.46 117462 47495.64 0.46 15863 7558.37 0.56 5528012 3290503.34 20.94 310 155.08 0.56 116592 66509.46 20.94 7 3 300 2436 1044 104400 17.3 18.0 17.68 0.01
314100.0 376 136.41 0.46 117838 47632.05 0.46 15920 7558.42 0.56 5543932 3298061.76 20.94 370 155.1 0.56 116962 66664.56 20.94 7 3 300 2443 1047 104700 17.3 18.0 17.68 0.01
315000.0 354 137.04 0.46 118192 47769.09 0.46 15896 7558.39 0.56 5559828 3305620.15 20.94 350 155.1 0.56 117312 66819.67 20.94 7 3 300 2450 1050 105000 17.3 18.0 17.68 0.01
315900.0 310 136.27 0.46 118502 47905.36 0.46 15854 7559.88 0.56 5575682 3313180.03 20.94 310 155.11 0.56 117622 66974.78 20.94 7 3 300 2457 1053 105300 17.3 18.0 17.69 0.01
316800.0 310 136.27 0.46 118812 48041.63 0.46 15861 7559.84 0.56 5591543 3320739.87 20.94 310 155.11 0.56 117932 67129.89 20.94 7 3 300 2464 1056 105600 17.3 18.1 17.7 0.01
317700.0 376 136.41 0.46 119188 48178.04 0.46 15918 7559.89 0.56 5607461 3328299.76 20.94 370 155.13 0.56 118302 67285.02 20.94 7 3 300 2471 1059 105900 17.3 18.1 17.7 0.01
318600.0 354 137.05 0.46 119542 48315.09 0.46 15886 7559.86 0.56 5623347 3335859.62 20.94 350 155.13 0.56 118652 67440.15 20.94 7 3 300 2478 1062 106200 17.3 18.1 17.7 0.01
319500.0 310 136.27 0.46 119852 48451.36 0.46 15836 7564.71 0.56 5639183 3343424.34 20.94 310 155.21 0.56 118962 67595.36 20.94 7 3 300 2485 1065 106500 17.3 18.1 17.71 0.02
320400.0 310 136.27 0.46 120162 48587.63 0.46 15839 7564.67 0.56 5655022 3350989.01 20.94 310 155.2 0.56 119272 67750.56 20.94 7 3 300 2492 1068 106800 17.3 18.2 17.71 0.02
321300.0 376 136.42 0.46 120538 48724.05 0.46 15899 7564.73 0.56 5670921 3358553.74 20.94 370 155.22 0.56 119642 67905.79 20.94 7 3 300 2499 1071 107100 17.3 18.2 17.71 0.02
322200.0 354 137.04 0.46 120892 48861.09 0.46 15873 7550.44 0.56 5686794 3366104.19 20.94 350 154.95 0.56 119992 68060.74 20.94 7 3 300 2506 1074 107400 17.3 18.2 17.71 0.02
323100.0 310 136.26 0.46 121202 48997.34 0.46 15830 7545.15 0.56 5702624 3373649.33 20.94 310 154.83 0.56 120302 68215.57 20.94 7 3 300 2513 1077 107700 17.3 18.2 17.72 0.02
324000.0 310 136.26 0.46 121512 49133.6 0.46 15837 7545.1 0.56 5718461 3381194.44 20.94 310 154.83 0.56 120612 68370.4 20.94 7 3 300 2520 1080 108000 17.3 18.2 17.72 0.02
324900.0 376 136.4 0.46 121888 49270.0 0.46 15892 7545.16 0.56 5734353 3388739.6 20.94 370 154.85 0.56 120982 68525.25 20.94 7 3 300 2527 1083 108300 17.3 18.2 17.72 0.02
325800.0 354 137.05 0.46 122242 49407.05 0.46 15861 7558.79 0.56 5750214 3396298.39 20.94 350 155.11 0.56 121332 68680.36 20.94 7 3 300 2534 1086 108600 17.3 18.2 17.72 0.02
326700.0 310 136.27 0.46 122552 49543.32 0.46 15816 7564.71 0.56 5766030 3403863.11 20.94 310 155.21 0.56 121642 68835.56 20.94 7 3 300 2541 1089 108900 17.3 18.2 17.73 0.02
327600.0 310 136.27 0.46 122862 49679.59 0.46 15818 7564.67 0.56 5781848 3411427.78 20.94 310 155.2 0.56 121952 68990.77 20.94 7 3 300 2548 1092 109200 17.2 18.3 17.73 0.03
328500.0 376 136.42 0.46 123238 49816.01 0.46 15876 7564.73 0.56 5797724 3418992.51 20.94 370 155.22 0.56 122322 69145.99 20.94 7 3 300 2555 1095 109500 17.2 18.3 17.73 0.03
329400.0 354 137.05 0.46 123592 49953.06 0.46 15851 7564.69 0.56 5813575 3426557.2 20.94 350 155.23 0.56 122672 69301.22 20.94 7 3 300 2562 1098 109800 17.2 18.3 17.73 0.03
330300.0 310 136.27 0.46 123902 50089.33 0.46 15804 7564.71 0.56 5829379 3434121.92 20.94 310 155.21 0.56 122982 69456.43 20.94 7 3 300 2569 1101 110100 17.2 18.3 17.74 0.03
331200.0 310 136.27 0.46 124212 50225.6 0.46 15820 7564.67 0.56 5845199 3441686.59 20.94 310 155.2 0.56 123292 69611.63 20.94 7 3 300 2576 1104 110400 17.2 18.4 17.75 0.03
332100.0 376 136.42 0.46 124588 50362.02 0.46 15877 7564.73 0.56 5861076 3449251.32 20.94 370 155.22 0.56 123662 69766.86 20.94 7 3 300 2583 1107 110700 17.2 18.4 17.75 0.03
333000.0 354 137.05 0.46 124942 50499.06 0.46 15836 7560.0 0.56 5876912 3456811.31 20.94 350 155.13 0.56 124012 69921.99 20.94 7 3 300 2590 1110 111000 17.2 18.4 17.75 0.03
333900.0 310 136.27 0.46 125252 50635.33 0.46 15778 7560.01 0.56 5892690 3464371.33 20.94 310 155.12 0.56 124322 70077.1 20.94 7 3 300 2597 1113 111300 17.2 18.4 17.75 0.03
334800.0 310 136.27 0.46 125562 50771.6 0.46 15787 7559.97 0.56 5908477 3471931.3 20.94 310 155.11 0.56 124632 70232.22 20.94 7 3 300 2604 1116 111600 17.2 18.5 17.76 0.04
335700.0 376 136.41 0.46 125938 50908.01 0.46 15838 7560.03 0.56 5924315 3479491.33 20.94 370 155.13 0.56 125002 70387.35 20.94 7 3 300 2611 1119 111900 17.2 18.5 17.76 0.04
336600.0 354 137.05 0.46 126292 51045.06 0.46 15804 7564.69 0.56 5940119 3487056.02 20.94 350 155.23 0.56 125352 70542.58 20.94 7 3 300 2618 1122 112200 17.2 18.5 17.76 0.04
337500.0 310 136.27 0.46 126602 51181.33 0.46 15758 7564.71 0.56 5955877 3494620.74 20.94 310 155.21 0.56 125662 70697.78 20.94 7 3 300 2625 1125 112500 17.2 18.5 17.77 0.04
338400.0 310 136.27 0.46 126912 51317.6 0.46 15767 7564.67 0.56 5971644 3502185.41 20.94 310 155.2 0.56 125972 70852.99 20.94 7 3 300 2632 1128 112800 17.2 18.5 17.78 0.04
339300.0 376 136.42 0.46 127288 51454.02 0.46 15822 7564.73 0.56 5987466 3509750.14 20.94 370 155.22 0.56 126342 71008.21 20.94 7 3 300 2639 1131 113100 17.2 18.5 17.78 0.04
340200.0 354 137.05 0.46 127642 51591.07 0.46 15774 7558.82 0.56 6003240 3517308.96 20.94 350 155.11 0.56 126692 71163.32 20.94 7 3 300 2646 1134 113400 17.2 18.5 17.78 0.04
341100.0 310 136.27 0.46 127952 51727.33 0.46 15716 7558.84 0.56 6018956 3524867.8 20.94 310 155.09 0.56 127002 71318.42 20.94 7 3 300 2653 1137 113700 17.2 18.5 17.78 0.04
342000.0 310 136.27 0.46 128262 51863.6 0.46 15712 7558.79 0.56 6034668 3532426.59 20.94 310 155.09 0.56 127312 71473.51 20.94 7 3 300 2660 1140 114000 17.2 18.5 17.78 0.04
342900.0 376 136.41 0.46 128638 52000.01 0.46 15770 7558.86 0.56 6050438 3539985.45 20.94 370 155.11 0.56 127682 71628.62 20.94 7 3 300 2667 1143 114300 17.2 18.5 17.78 0.04
343800.0 354 137.04 0.46 128992 52137.05 0.46 15741 7553.04 0.56 6066179 3547538.49 20.94 350 155.0 0.56 128032 71783.62 20.94 7 3 300 2674 1146 114600 17.2 18.5 17.78 0.04
344700.0 310 136.26 0.46 129302 52273.32 0.46 15700 7553.06 0.56 6081879 3555091.55 20.94 310 154.98 0.56 128342 71938.6 20.94 7 3 300 2681 1149 114900 17.2 18.5 17.78 0.04
345600.0 310 136.26 0.46 129612 52409.58 0.46 15700 7553.01 0.56 6097579 3562644.56 20.94 310 154.98 0.56 128652 72093.57 20.94 7 3 300 2688 1152 115200 17.2 18.6 17.78 0.04
