# seed = 1, gamma = 0.0, beta = 0.33, dee = 10.0, dcc = 25.0, dec = 50.0, dsCnd = 500.0, dLocalhost = 0.02, hostBroker = CLOUD 
#
# The columns have the following meaning: 
# instant[SECONDS] commCountUploadPartial delaySumUploadPartial[SECONDS] delayMaxUploadPartial[SECONDS] commCountUploadTot delaySumUploadTot[SECONDS] delayMaxUploadTot[SECONDS] commCountDownloadPartial delaySumDownloadPartial[SECONDS] delayMaxDownloadPartial[SECONDS] commCountDownloadTot delaySumDownloadTot[SECONDS] delayMaxDownloadTot[SECONDS] commCountDownloadMaxPartial delaySumDownloadMaxPartial[SECONDS] delayMaxDownloadMaxPartial[SECONDS] commCountDownloadMaxTot delaySumDownloadMaxTot[SECONDS] delayMaxDownloadMaxTot[SECONDS] runOnCloudPartial runOnEdgePartial runOnSmartphonePartial runOnCloudTot runOnEdgeTot runOnSmartphoneTot minTemp maxTemp avgTemp varianceTemp
0.0 0 0.0 0.0 0 0.0 0.0 0 0.0 0.0 0 0.0 0.0 0 0.0 0.0 0 0.0 0.0 0 0 0 0 0 0 17.0 25.0 21.0 0.0
900.0 376 60.43 0.55 376 60.43 0.55 16501 3509.83 0.59 16501 3509.83 0.59 370 174.1 0.59 370 174.1 0.59 211 0 99 211 0 99 18.9 21.0 19.25 0.62
1800.0 356 61.17 0.55 732 121.59 0.55 16786 187810.13 21.68 33287 191319.96 21.68 352 3634.89 21.68 722 3808.99 21.68 211 0 99 422 0 198 18.9 18.9 18.9 0.0
2700.0 310 60.3 0.55 1042 181.9 0.55 16438 3537.8 0.59 49725 194857.76 21.68 310 174.51 0.59 1032 3983.5 21.68 211 0 99 633 0 297 17.7 18.9 18.27 0.06
3600.0 310 60.3 0.55 1352 242.2 0.55 16440 3538.85 0.59 66165 198396.61 21.68 310 174.51 0.59 1342 4158.01 21.68 211 0 99 844 0 396 17.6 18.9 18.21 0.05
4500.0 376 60.44 0.55 1728 302.64 0.55 16496 3536.86 0.59 82661 201933.47 21.68 370 174.66 0.59 1712 4332.68 21.68 211 0 99 1055 0 495 17.6 18.7 18.21 0.05
5400.0 356 61.17 0.55 2084 363.82 0.55 16824 10180.79 21.78 99485 212114.26 21.78 352 196.43 21.78 2064 4529.1 21.78 211 0 99 1266 0 594 17.6 18.7 18.21 0.05
6300.0 310 60.31 0.55 2394 424.12 0.55 16514 3553.15 0.59 115999 215667.4 21.78 310 174.67 0.59 2374 4703.78 21.78 211 0 99 1477 0 693 17.6 18.7 18.21 0.04
7200.0 310 60.31 0.55 2704 484.43 0.55 16516 3553.65 0.59 132515 219221.05 21.78 310 174.67 0.59 2684 4878.45 21.78 211 0 99 1688 0 792 17.6 18.7 18.23 0.04
8100.0 376 60.45 0.55 3080 544.88 0.55 16574 3553.87 0.59 149089 222774.92 21.78 370 174.83 0.59 3054 5053.27 21.78 211 0 99 1899 0 891 17.6 18.7 18.23 0.04
9000.0 356 61.17 0.55 3436 606.05 0.55 16855 10182.7 21.77 165944 232957.62 21.78 352 196.41 21.77 3406 5249.68 21.78 211 0 99 2110 0 990 17.6 18.7 18.23 0.04
9900.0 310 60.3 0.55 3746 666.36 0.55 16498 3547.2 0.59 182442 236504.82 21.78 310 174.55 0.59 3716 5424.23 21.78 211 0 99 2321 0 1089 17.6 18.7 18.22 0.04
10800.0 310 60.3 0.55 4056 726.66 0.55 16502 3548.23 0.59 198944 240053.05 21.78 310 174.55 0.59 4026 5598.78 21.78 211 0 99 2532 0 1188 17.6 18.7 18.13 0.04
11700.0 376 60.45 0.55 4432 787.11 0.55 16561 3548.47 0.59 215505 243601.52 21.78 370 174.7 0.59 4396 5773.48 21.78 211 0 99 2743 0 1287 17.6 18.7 18.13 0.04
12600.0 354 61.08 0.55 4786 848.19 0.55 16522 3545.43 0.59 232027 247146.95 21.78 350 174.72 0.59 4746 5948.19 21.78 211 0 99 2954 0 1386 17.6 18.7 18.13 0.04
13500.0 310 60.31 0.55 5096 908.5 0.55 16437 3528.35 0.59 248464 250675.3 21.78 310 174.62 0.59 5056 6122.81 21.78 211 0 99 3165 0 1485 17.6 18.7 18.13 0.04
14400.0 310 60.31 0.55 5406 968.81 0.55 16435 3527.73 0.59 264899 254203.03 21.78 310 174.62 0.59 5366 6297.43 21.78 211 0 99 3376 0 1584 17.6 18.7 18.12 0.04
15300.0 376 60.45 0.55 5782 1029.26 0.55 16495 3527.96 0.59 281394 257730.99 21.78 370 174.77 0.59 5736 6472.2 21.78 211 0 99 3587 0 1683 17.6 18.7 18.12 0.04
16200.0 354 61.08 0.55 6136 1090.34 0.55 16470 3523.39 0.59 297864 261254.38 21.78 350 174.65 0.59 6086 6646.85 21.78 211 0 99 3798 0 1782 17.6 18.7 18.12 0.04
17100.0 310 60.3 0.55 6446 1150.64 0.55 16433 3523.05 0.59 314297 264777.43 21.78 310 174.51 0.59 6396 6821.35 21.78 211 0 99 4009 0 1881 17.6 18.7 18.1 0.03
18000.0 310 60.3 0.55 6756 1210.94 0.55 16437 3525.15 0.59 330734 268302.58 21.78 310 174.5 0.59 6706 6995.86 21.78 211 0 99 4220 0 1980 17.6 18.7 18.09 0.04
18900.0 376 60.45 0.55 7132 1271.39 0.55 16497 3525.4 0.59 347231 271827.98 21.78 370 174.66 0.59 7076 7170.51 21.78 211 0 99 4431 0 2079 17.6 18.6 18.09 0.04
19800.0 354 61.08 0.55 7486 1332.47 0.55 16471 3525.64 0.59 363702 275353.62 21.78 350 174.66 0.59 7426 7345.18 21.78 211 0 99 4642 0 2178 17.6 18.6 18.09 0.04
20700.0 310 60.3 0.55 7796 1392.77 0.55 16436 3526.74 0.59 380138 278880.36 21.78 310 174.57 0.59 7736 7519.74 21.78 211 0 99 4853 0 2277 17.6 18.6 18.07 0.03
21600.0 310 60.3 0.55 8106 1453.08 0.55 16438 3526.65 0.59 396576 282407.01 21.78 310 174.56 0.59 8046 7694.31 21.78 211 0 99 5064 0 2376 17.6 18.6 18.06 0.03
22500.0 376 60.45 0.55 8482 1513.53 0.55 16497 3526.35 0.59 413073 285933.35 21.78 370 174.72 0.59 8416 7869.03 21.78 211 0 99 5275 0 2475 17.6 18.6 18.06 0.03
23400.0 354 61.08 0.55 8836 1574.61 0.55 16463 3523.41 0.59 429536 289456.76 21.78 350 174.71 0.59 8766 8043.73 21.78 211 0 99 5486 0 2574 17.6 18.6 18.06 0.03
24300.0 310 60.31 0.55 9146 1634.92 0.55 16421 3524.74 0.59 445957 292981.5 21.78 310 174.65 0.59 9076 8218.39 21.78 211 0 99 5697 0 2673 17.5 18.6 18.05 0.03
25200.0 310 60.31 0.55 9456 1695.22 0.55 16428 3527.39 0.59 462385 296508.89 21.78 310 174.65 0.59 9386 8393.04 21.78 211 0 99 5908 0 2772 17.5 18.6 18.03 0.03
26100.0 376 60.45 0.55 9832 1755.68 0.55 16487 3527.1 0.59 478872 300035.99 21.78 370 174.81 0.59 9756 8567.84 21.78 211 0 99 6119 0 2871 17.5 18.6 18.02 0.03
27000.0 354 61.08 0.55 10186 1816.76 0.55 16459 3524.19 0.59 495331 303560.18 21.78 350 174.75 0.59 10106 8742.6 21.78 211 0 99 6330 0 2970 17.5 18.6 18.02 0.03
27900.0 310 60.31 0.55 10496 1877.07 0.55 16430 3525.68 0.59 511761 307085.86 21.78 310 174.61 0.59 10416 8917.21 21.78 211 0 99 6541 0 3069 17.5 18.6 18.0 0.03
28800.0 310 60.31 0.55 10806 1937.37 0.55 16436 3528.32 0.59 528197 310614.18 21.78 310 174.61 0.59 10726 9091.81 21.78 211 0 99 6752 0 3168 17.5 18.6 17.99 0.03
29700.0 376 60.45 0.55 11182 1997.82 0.55 16495 3528.03 0.59 544692 314142.21 21.78 370 174.76 0.59 11096 9266.57 21.78 211 0 99 6963 0 3267 17.5 18.6 17.99 0.03
30600.0 354 61.08 0.55 11536 2058.9 0.55 16458 3521.82 0.59 561150 317664.03 21.78 350 174.71 0.59 11446 9441.28 21.78 211 0 99 7174 0 3366 17.5 18.6 17.99 0.03
31500.0 310 60.31 0.55 11846 2119.21 0.55 16425 3526.39 0.59 577575 321190.42 21.78 310 174.65 0.59 11756 9615.94 21.78 211 0 99 7385 0 3465 17.4 18.6 17.96 0.03
32400.0 310 60.31 0.55 12156 2179.52 0.55 16431 3527.94 0.59 594006 324718.36 21.78 310 174.65 0.59 12066 9790.59 21.78 211 0 99 7596 0 3564 17.4 18.6 17.95 0.03
33300.0 376 60.45 0.55 12532 2239.97 0.55 16490 3527.65 0.59 610496 328246.01 21.78 370 174.81 0.59 12436 9965.4 21.78 211 0 99 7807 0 3663 17.4 18.5 17.95 0.03
34200.0 354 61.08 0.55 12886 2301.06 0.55 16456 3522.54 0.59 626952 331768.55 21.78 350 174.75 0.59 12786 10140.15 21.78 211 0 99 8018 0 3762 17.4 18.5 17.95 0.03
35100.0 310 60.31 0.55 13196 2361.36 0.55 16420 3523.64 0.59 643372 335292.19 21.78 310 174.65 0.59 13096 10314.8 21.78 211 0 99 8229 0 3861 17.4 18.5 17.93 0.03
36000.0 310 60.31 0.55 13506 2421.67 0.55 16434 3528.49 0.59 659806 338820.68 21.78 310 174.65 0.59 13406 10489.46 21.78 211 0 99 8440 0 3960 17.4 18.5 17.91 0.03
36900.0 376 60.45 0.55 13882 2482.12 0.55 16494 3528.75 0.59 676300 342349.43 21.78 370 174.81 0.59 13776 10664.26 21.78 211 0 99 8651 0 4059 17.4 18.5 17.91 0.03
37800.0 354 61.08 0.55 14236 2543.21 0.55 16457 3517.78 0.59 692757 345867.21 21.78 350 174.67 0.59 14126 10838.93 21.78 211 0 99 8862 0 4158 17.4 18.5 17.91 0.03
38700.0 310 60.3 0.55 14546 2603.51 0.55 16411 3516.1 0.59 709168 349383.31 21.78 310 174.57 0.59 14436 11013.51 21.78 211 0 99 9073 0 4257 17.3 18.5 17.89 0.03
39600.0 310 60.3 0.55 14856 2663.82 0.55 16426 3521.53 0.59 725594 352904.84 21.78 310 174.57 0.59 14746 11188.08 21.78 211 0 99 9284 0 4356 17.3 18.5 17.88 0.04
40500.0 376 60.45 0.55 15232 2724.26 0.55 16483 3520.1 0.59 742077 356424.94 21.78 370 174.72 0.59 15116 11362.8 21.78 211 0 99 9495 0 4455 17.3 18.5 17.87 0.04
41400.0 354 61.08 0.55 15586 2785.35 0.55 16456 3521.44 0.59 758533 359946.38 21.78 350 174.75 0.59 15466 11537.55 21.78 211 0 99 9706 0 4554 17.3 18.5 17.87 0.04
42300.0 310 60.31 0.55 15896 2845.65 0.55 16421 3520.11 0.59 774954 363466.49 21.78 310 174.61 0.59 15776 11712.16 21.78 211 0 99 9917 0 4653 17.3 18.5 17.85 0.04
43200.0 310 60.31 0.55 16206 2905.96 0.55 16430 3523.86 0.59 791384 366990.35 21.78 310 174.6 0.59 16086 11886.76 21.78 211 0 99 10128 0 4752 17.3 18.5 17.83 0.05
44100.0 376 60.45 0.55 16582 2966.41 0.55 16490 3524.11 0.59 807874 370514.46 21.78 370 174.76 0.59 16456 12061.52 21.78 211 0 99 10339 0 4851 17.2 18.4 17.83 0.05
45000.0 354 61.08 0.55 16936 3027.49 0.55 16450 3517.36 0.59 824324 374031.82 21.78 350 174.71 0.59 16806 12236.23 21.78 211 0 99 10550 0 4950 17.2 18.4 17.83 0.05
45900.0 310 60.31 0.55 17246 3087.8 0.55 16413 3518.19 0.59 840737 377550.01 21.78 310 174.6 0.59 17116 12410.83 21.78 211 0 99 10761 0 5049 17.2 18.4 17.81 0.05
46800.0 310 60.31 0.55 17556 3148.1 0.55 16424 3521.37 0.59 857161 381071.38 21.78 310 174.6 0.59 17426 12585.43 21.78 211 0 99 10972 0 5148 17.2 18.5 17.8 0.06
47700.0 376 60.45 0.55 17932 3208.55 0.55 16483 3521.09 0.59 873644 384592.47 21.78 370 174.75 0.59 17796 12760.18 21.78 211 0 99 11183 0 5247 17.2 18.5 17.8 0.06
48600.0 354 61.08 0.55 18286 3269.64 0.55 16444 3513.22 0.59 890088 388105.68 21.78 350 174.7 0.59 18146 12934.88 21.78 211 0 99 11394 0 5346 17.2 18.5 17.8 0.06
49500.0 310 60.31 0.55 18596 3329.95 0.55 16416 3520.34 0.59 906504 391626.02 21.78 310 174.65 0.59 18456 13109.54 21.78 211 0 99 11605 0 5445 17.1 18.5 17.77 0.06
50400.0 310 60.31 0.55 18906 3390.25 0.55 16435 3526.84 0.59 922939 395152.87 21.78 310 174.65 0.59 18766 13284.19 21.78 211 0 99 11816 0 5544 17.1 18.5 17.75 0.07
51300.0 376 60.45 0.55 19282 3450.7 0.55 16495 3527.1 0.59 939434 398679.96 21.78 370 174.81 0.59 19136 13459.0 21.78 211 0 99 12027 0 5643 17.1 18.5 17.75 0.07
52200.0 354 61.08 0.55 19636 3511.79 0.55 16451 3519.79 0.59 955885 402199.75 21.78 350 174.75 0.59 19486 13633.75 21.78 211 0 99 12238 0 5742 17.1 18.5 17.75 0.07
53100.0 310 60.31 0.55 19946 3572.1 0.55 16398 3515.94 0.59 972283 405715.7 21.78 310 174.65 0.59 19796 13808.4 21.78 211 0 99 12449 0 5841 17.1 18.5 17.74 0.07
54000.0 310 60.31 0.55 20256 3632.41 0.55 16404 3517.49 0.59 988687 409233.19 21.78 310 174.65 0.59 20106 13983.06 21.78 211 0 99 12660 0 5940 17.1 18.6 17.73 0.08
54900.0 376 60.45 0.55 20632 3692.86 0.55 16464 3517.75 0.59 1005151 412750.93 21.78 370 174.81 0.59 20476 14157.86 21.78 211 0 99 12871 0 6039 17.1 18.6 17.73 0.08
55800.0 354 61.08 0.55 20986 3753.94 0.55 16440 3515.94 0.59 1021591 416266.87 21.78 350 174.75 0.59 20826 14332.62 21.78 211 0 99 13082 0 6138 17.1 18.6 17.73 0.08
56700.0 310 60.31 0.55 21296 3814.25 0.55 16414 3520.89 0.59 1038005 419787.77 21.78 310 174.65 0.59 21136 14507.27 21.78 211 0 99 13293 0 6237 17.1 18.6 17.71 0.08
57600.0 310 60.31 0.55 21606 3874.56 0.55 16425 3524.09 0.59 1054430 423311.86 21.78 310 174.65 0.59 21446 14681.92 21.78 211 0 99 13504 0 6336 17.1 18.6 17.69 0.09
58500.0 376 60.45 0.55 21982 3935.01 0.55 16483 3523.25 0.59 1070913 426835.1 21.78 370 174.81 0.59 21816 14856.73 21.78 211 0 99 13715 0 6435 17.1 18.6 17.69 0.09
59400.0 354 61.08 0.55 22336 3996.09 0.55 16431 3509.68 0.59 1087344 430344.79 21.78 350 174.72 0.59 22166 15031.45 21.78 211 0 99 13926 0 6534 17.1 18.6 17.69 0.09
60300.0 310 60.31 0.55 22646 4056.4 0.55 16398 3513.5 0.59 1103742 433858.29 21.78 310 174.62 0.59 22476 15206.06 21.78 211 0 99 14137 0 6633 17.0 18.6 17.68 0.1
61200.0 310 60.31 0.55 22956 4116.71 0.55 16411 3516.73 0.59 1120153 437375.02 21.78 310 174.62 0.59 22786 15380.68 21.78 211 0 99 14348 0 6732 17.0 18.6 17.66 0.1
62100.0 376 60.45 0.55 23332 4177.16 0.55 16468 3516.41 0.59 1136621 440891.43 21.78 370 174.77 0.59 23156 15555.45 21.78 211 0 99 14559 0 6831 17.0 18.6 17.66 0.1
63000.0 354 61.08 0.55 23686 4238.23 0.55 16431 3503.76 0.59 1153052 444395.18 21.78 350 174.6 0.59 23506 15730.05 21.78 211 0 99 14770 0 6930 17.0 18.6 17.66 0.1
63900.0 310 60.3 0.55 23996 4298.53 0.55 16392 3503.14 0.59 1169444 447898.32 21.78 310 174.46 0.59 23816 15904.52 21.78 211 0 99 14981 0 7029 17.0 18.6 17.65 0.11
64800.0 310 60.3 0.55 24306 4358.84 0.55 16398 3505.78 0.59 1185842 451404.1 21.78 310 174.46 0.59 24126 16078.97 21.78 211 0 99 15192 0 7128 17.0 18.6 17.64 0.11
65700.0 376 60.44 0.55 24682 4419.28 0.55 16458 3506.04 0.59 1202300 454910.13 21.78 370 174.62 0.59 24496 16253.59 21.78 211 0 99 15403 0 7227 17.0 18.6 17.64 0.11
66600.0 354 61.08 0.55 25036 4480.35 0.55 16423 3499.79 0.59 1218723 458409.92 21.78 350 174.55 0.59 24846 16428.14 21.78 211 0 99 15614 0 7326 17.0 18.6 17.64 0.11
67500.0 310 60.3 0.55 25346 4540.65 0.55 16390 3499.76 0.59 1235113 461909.68 21.78 310 174.4 0.59 25156 16602.53 21.78 211 0 99 15825 0 7425 17.0 18.6 17.63 0.11
68400.0 310 60.3 0.55 25656 4600.95 0.55 16392 3500.2 0.59 1251505 465409.87 21.78 310 174.39 0.59 25466 16776.92 21.78 211 0 99 16036 0 7524 17.0 18.7 17.63 0.11
69300.0 376 60.44 0.55 26032 4661.39 0.55 16451 3499.91 0.59 1267956 468909.78 21.78 370 174.55 0.59 25836 16951.47 21.78 211 0 99 16247 0 7623 17.0 18.7 17.63 0.11
70200.0 354 61.08 0.55 26386 4722.47 0.55 16409 3494.71 0.59 1284365 472404.49 21.78 350 174.54 0.59 26186 17126.01 21.78 211 0 99 16458 0 7722 17.0 18.7 17.63 0.11
71100.0 310 60.3 0.55 26696 4782.77 0.55 16380 3498.31 0.59 1300745 475902.8 21.78 310 174.45 0.59 26496 17300.47 21.78 211 0 99 16669 0 7821 17.0 18.7 17.63 0.12
72000.0 310 60.3 0.55 27006 4843.07 0.55 16389 3499.33 0.59 1317134 479402.13 21.78 310 174.45 0.59 26806 17474.92 21.78 211 0 99 16880 0 7920 17.0 18.7 17.61 0.12
72900.0 376 60.44 0.55 27382 4903.51 0.55 16448 3499.56 0.59 1333582 482901.69 21.78 370 174.61 0.59 27176 17649.53 21.78 211 0 99 17091 0 8019 17.0 18.7 17.61 0.12
73800.0 354 61.08 0.55 27736 4964.59 0.55 16417 3496.68 0.59 1349999 486398.37 21.78 350 174.55 0.59 27526 17824.08 21.78 211 0 99 17302 0 8118 17.0 18.7 17.61 0.12
74700.0 310 60.3 0.55 28046 5024.89 0.55 16377 3500.23 0.59 1366376 489898.59 21.78 310 174.5 0.59 27836 17998.58 21.78 211 0 99 17513 0 8217 17.0 18.7 17.6 0.12
75600.0 310 60.3 0.55 28356 5085.19 0.55 16375 3499.58 0.59 1382751 493398.18 21.78 310 174.5 0.59 28146 18173.08 21.78 211 0 99 17724 0 8316 17.0 18.7 17.6 0.12
76500.0 376 60.45 0.55 28732 5145.64 0.55 16435 3499.83 0.59 1399186 496898.01 21.78 370 174.65 0.59 28516 18347.73 21.78 211 0 99 17935 0 8415 17.0 18.7 17.6 0.12
77400.0 354 61.08 0.55 29086 5206.71 0.55 16405 3493.78 0.59 1415591 500391.79 21.78 350 174.56 0.59 28866 18522.29 21.78 211 0 99 18146 0 8514 17.0 18.7 17.6 0.12
78300.0 310 60.3 0.55 29396 5267.01 0.55 16369 3496.53 0.59 1431960 503888.32 21.78 310 174.46 0.59 29176 18696.76 21.78 211 0 99 18357 0 8613 17.0 18.7 17.6 0.12
79200.0 310 60.3 0.55 29706 5327.31 0.55 16372 3496.43 0.59 1448332 507384.75 21.78 310 174.46 0.59 29486 18871.22 21.78 211 0 99 18568 0 8712 17.0 18.6 17.59 0.12
80100.0 376 60.44 0.55 30082 5387.75 0.55 16432 3496.69 0.59 1464764 510881.43 21.78 370 174.62 0.59 29856 19045.83 21.78 211 0 99 18779 0 8811 17.0 18.6 17.59 0.12
81000.0 354 61.08 0.55 30436 5448.83 0.55 16401 3492.73 0.59 1481165 514374.16 21.78 350 174.58 0.59 30206 19220.41 21.78 211 0 99 18990 0 8910 17.0 18.6 17.59 0.12
81900.0 310 60.3 0.55 30746 5509.14 0.55 16362 3496.61 0.59 1497527 517870.77 21.78 310 174.53 0.59 30516 19394.94 21.78 211 0 99 19201 0 9009 17.0 18.6 17.59 0.12
82800.0 310 60.3 0.55 31056 5569.44 0.55 16366 3497.6 0.59 1513893 521368.37 21.78 310 174.52 0.59 30826 19569.47 21.78 211 0 99 19412 0 9108 17.0 18.6 17.59 0.11
83700.0 376 60.45 0.55 31432 5629.89 0.55 16424 3497.32 0.59 1530317 524865.69 21.78 370 174.68 0.59 31196 19744.15 21.78 211 0 99 19623 0 9207 17.0 18.6 17.59 0.11
84600.0 354 61.08 0.55 31786 5690.97 0.55 16397 3494.4 0.59 1546714 528360.09 21.78 350 174.63 0.59 31546 19918.77 21.78 211 0 99 19834 0 9306 17.0 18.6 17.59 0.11
85500.0 310 60.3 0.55 32096 5751.27 0.55 16363 3493.85 0.59 1563077 531853.94 21.78 310 174.47 0.59 31856 20093.25 21.78 211 0 99 20045 0 9405 17.0 18.6 17.59 0.11
86400.0 310 60.3 0.55 32406 5811.57 0.55 16361 3493.72 0.59 1579438 535347.66 21.78 310 174.47 0.59 32166 20267.72 21.78 211 0 99 20256 0 9504 17.0 18.6 17.59 0.11
87300.0 376 60.44 0.55 32782 5872.01 0.55 16421 3494.0 0.59 1595859 538841.66 21.78 370 174.63 0.59 32536 20442.34 21.78 211 0 99 20467 0 9603 17.0 18.6 17.59 0.11
88200.0 354 61.08 0.55 33136 5933.1 0.55 16391 3497.26 0.59 1612250 542338.92 21.78 350 174.7 0.59 32886 20617.04 21.78 211 0 99 20678 0 9702 17.0 18.6 17.59 0.11
89100.0 310 60.31 0.55 33446 5993.41 0.55 16400 3518.14 0.59 1628650 545857.06 21.78 310 174.65 0.59 33196 20791.7 21.78 211 0 99 20889 0 9801 17.0 18.6 17.61 0.08
90000.0 310 60.31 0.55 33756 6053.71 0.55 16450 3535.09 0.59 1645100 549392.15 21.78 310 174.65 0.59 33506 20966.35 21.78 211 0 99 21100 0 9900 17.1 18.5 17.68 0.05
90900.0 376 60.45 0.55 34132 6114.17 0.55 16509 3534.8 0.59 1661609 552926.95 21.78 370 174.81 0.59 33876 21141.15 21.78 211 0 99 21311 0 9999 17.1 18.5 17.68 0.05
91800.0 354 61.08 0.55 34486 6175.24 0.55 16467 3518.12 0.59 1678076 556445.07 21.78 350 174.58 0.59 34226 21315.74 21.78 211 0 99 21522 0 10098 17.1 19.4 17.7 0.08
92700.0 310 60.3 0.55 34796 6235.54 0.55 16473 3526.58 0.59 1694549 559971.65 21.78 310 174.38 0.59 34536 21490.12 21.78 211 0 99 21733 0 10197 17.1 23.8 19.21 2.07
93600.0 310 60.3 0.55 35106 6295.84 0.55 16478 3528.67 0.59 1711027 563500.32 21.78 310 174.38 0.59 34846 21664.5 21.78 211 0 99 21944 0 10296 17.1 23.8 20.45 4.63
94500.0 376 60.44 0.55 35482 6356.28 0.55 16535 3528.38 0.59 1727562 567028.7 21.78 370 174.53 0.59 35216 21839.03 21.78 211 0 99 22155 0 10395 17.1 23.8 20.49 4.66
95400.0 354 61.07 0.55 35836 6417.36 0.55 16509 3526.57 0.59 1744071 570555.27 21.78 350 174.48 0.59 35566 22013.51 21.78 211 0 99 22366 0 10494 17.1 23.8 20.5 4.66
96300.0 310 60.3 0.55 36146 6477.65 0.55 16474 3527.68 0.59 1760545 574082.95 21.78 310 174.38 0.59 35876 22187.89 21.78 211 0 99 22577 0 10593 17.1 24.0 20.9 4.53
97200.0 310 60.3 0.55 36456 6537.95 0.55 16474 3527.57 0.59 1777019 577610.52 21.78 310 174.38 0.59 36186 22362.27 21.78 211 0 99 22788 0 10692 17.4 24.0 21.02 4.64
98100.0 376 60.44 0.55 36832 6598.39 0.55 16527 3526.18 0.59 1793546 581136.7 21.78 370 174.53 0.59 36556 22536.8 21.78 211 0 99 22999 0 10791 17.4 24.0 21.02 4.64
99000.0 354 61.07 0.55 37186 6659.46 0.55 16502 3519.91 0.59 1810048 584656.61 21.78 350 174.4 0.59 36906 22711.21 21.78 211 0 99 23210 0 10890 17.4 24.0 21.03 4.64
99900.0 310 60.29 0.55 37496 6719.76 0.55 16470 3523.2 0.59 1826518 588179.81 21.78 310 174.31 0.59 37216 22885.52 21.78 211 0 99 23421 0 10989 17.4 24.0 21.33 3.95
100800.0 310 60.29 0.55 37806 6780.05 0.55 16466 3522.01 0.59 1842984 591701.82 21.78 310 174.3 0.59 37526 23059.82 21.78 211 0 99 23632 0 11088 17.7 24.0 21.4 3.88
101700.0 376 60.44 0.55 38182 6840.49 0.55 16526 3522.25 0.59 1859510 595224.07 21.78 370 174.46 0.59 37896 23234.28 21.78 211 0 99 23843 0 11187 17.8 24.0 21.4 3.87
102600.0 354 61.07 0.55 38536 6901.56 0.55 16502 3519.43 0.59 1876012 598743.49 21.78 350 174.39 0.59 38246 23408.67 21.78 211 0 99 24054 0 11286 17.8 24.0 21.4 3.87
103500.0 310 60.29 0.55 38846 6961.86 0.55 16466 3522.16 0.59 1892478 602265.65 21.78 310 174.29 0.59 38556 23582.96 21.78 211 0 99 24265 0 11385 17.8 24.0 21.63 3.16
104400.0 310 60.29 0.55 39156 7022.15 0.55 16465 3521.52 0.59 1908943 605787.17 21.78 310 174.29 0.59 38866 23757.24 21.78 211 0 99 24476 0 11484 18.2 24.0 21.7 3.08
105300.0 376 60.44 0.55 39532 7082.59 0.55 16524 3521.21 0.59 1925467 609308.38 21.78 370 174.44 0.59 39236 23931.68 21.78 211 0 99 24687 0 11583 18.5 24.0 21.7 3.06
106200.0 354 61.07 0.55 39886 7143.66 0.55 16500 3514.46 0.59 1941967 612822.84 21.78 350 174.29 0.59 39586 24105.97 21.78 211 0 99 24898 0 11682 18.5 24.0 21.7 3.06
107100.0 310 60.29 0.55 40196 7203.94 0.55 16463 3513.26 0.59 1958430 616336.1 21.78 310 174.15 0.59 39896 24280.12 21.78 211 0 99 25109 0 11781 18.5 24.0 21.7 2.84
108000.0 310 60.29 0.55 40506 7264.23 0.55 16462 3513.21 0.59 1974892 619849.31 21.78 310 174.15 0.59 40206 24454.27 21.78 211 0 99 25320 0 11880 18.8 24.0 21.7 2.81
108900.0 376 60.43 0.55 40882 7324.66 0.55 16518 3512.31 0.59 1991410 623361.62 21.78 370 174.3 0.59 40576 24628.57 21.78 211 0 99 25531 0 11979 18.9 24.0 21.7 2.81
109800.0 354 61.07 0.55 41236 7385.73 0.55 16494 3511.11 0.59 2007904 626872.73 21.78 350 174.25 0.59 40926 24802.82 21.78 211 0 99 25742 0 12078 18.9 24.0 21.7 2.81
110700.0 310 60.29 0.55 41546 7446.02 0.55 16454 3511.06 0.59 2024358 630383.79 21.78 310 174.15 0.59 41236 24976.97 21.78 211 0 99 25953 0 12177 18.9 24.0 21.59 2.76
111600.0 310 60.29 0.55 41856 7506.31 0.55 16451 3509.36 0.59 2040809 633893.15 21.78 310 174.15 0.59 41546 25151.12 21.78 211 0 99 26164 0 12276 18.9 24.0 21.53 2.63
112500.0 376 60.43 0.55 42232 7566.74 0.55 16510 3509.56 0.59 2057319 637402.71 21.78 370 174.3 0.59 41916 25325.43 21.78 211 0 99 26375 0 12375 18.9 23.9 21.53 2.62
113400.0 354 61.07 0.55 42586 7627.8 0.55 16487 3507.81 0.59 2073806 640910.52 21.78 350 174.25 0.59 42266 25499.67 21.78 211 0 99 26586 0 12474 18.9 23.9 21.55 2.63
114300.0 310 60.29 0.55 42896 7688.09 0.55 16448 3508.86 0.59 2090254 644419.38 21.78 310 174.15 0.59 42576 25673.83 21.78 211 0 99 26797 0 12573 18.9 23.9 23.25 0.37
115200.0 310 60.29 0.55 43206 7748.38 0.55 16448 3508.81 0.59 2106702 647928.18 21.78 310 174.15 0.59 42886 25847.97 21.78 211 0 99 27008 0 12672 18.9 24.0 23.48 0.1
116100.0 376 60.43 0.55 43582 7808.81 0.55 16507 3509.01 0.59 2123209 651437.2 21.78 370 174.3 0.59 43256 26022.28 21.78 211 0 99 27219 0 12771 22.6 24.0 23.49 0.04
117000.0 354 61.07 0.55 43936 7869.88 0.55 16487 3508.91 0.59 2139696 654946.11 21.78 350 174.25 0.59 43606 26196.53 21.78 211 0 99 27430 0 12870 22.6 24.0 23.49 0.04
117900.0 310 60.29 0.55 44246 7930.17 0.55 16447 3508.86 0.59 2156143 658454.97 21.78 310 174.15 0.59 43916 26370.68 21.78 211 0 99 27641 0 12969 22.6 24.0 23.55 0.02
118800.0 310 60.29 0.55 44556 7990.46 0.55 16447 3508.81 0.59 2172590 661963.77 21.78 310 174.15 0.59 44226 26544.82 21.78 211 0 99 27852 0 13068 22.7 24.0 23.58 0.02
119700.0 376 60.43 0.55 44932 8050.89 0.55 16502 3507.36 0.59 2189092 665471.14 21.78 370 174.3 0.59 44596 26719.13 21.78 211 0 99 28063 0 13167 22.7 24.0 23.59 0.02
120600.0 354 61.07 0.55 45286 8111.95 0.55 16482 3507.26 0.59 2205574 668978.39 21.78 350 174.25 0.59 44946 26893.38 21.78 211 0 99 28274 0 13266 22.7 24.0 23.59 0.02
121500.0 310 60.29 0.55 45596 8172.24 0.55 16441 3506.66 0.59 2222015 672485.05 21.78 310 174.15 0.59 45256 27067.53 21.78 211 0 99 28485 0 13365 22.7 24.0 23.63 0.01
122400.0 310 60.29 0.55 45906 8232.53 0.55 16440 3506.06 0.59 2238455 675991.11 21.78 310 174.15 0.59 45566 27241.68 21.78 211 0 99 28696 0 13464 22.8 24.0 23.66 0.01
123300.0 376 60.43 0.55 46282 8292.96 0.55 16500 3506.26 0.59 2254955 679497.37 21.78 370 174.3 0.59 45936 27415.98 21.78 211 0 99 28907 0 13563 22.8 24.0 23.66 0.01
124200.0 354 61.07 0.55 46636 8354.03 0.55 16479 3505.61 0.59 2271434 683002.98 21.78 350 174.25 0.59 46286 27590.23 21.78 211 0 99 29118 0 13662 22.8 24.0 23.66 0.01
125100.0 310 60.29 0.55 46946 8414.32 0.55 16436 3505.01 0.59 2287870 686507.99 21.78 310 174.15 0.59 46596 27764.38 21.78 211 0 99 29329 0 13761 22.8 24.0 23.69 0.01
126000.0 310 60.29 0.55 47256 8474.6 0.55 16434 3503.86 0.59 2304304 690011.85 21.78 310 174.15 0.59 46906 27938.53 21.78 211 0 99 29540 0 13860 22.9 24.0 23.72 0.01
126900.0 376 60.43 0.55 47632 8535.04 0.55 16493 3503.51 0.59 2320797 693515.36 21.78 370 174.3 0.59 47276 28112.83 21.78 211 0 99 29751 0 13959 22.9 24.0 23.72 0.01
127800.0 354 61.07 0.55 47986 8596.1 0.55 16471 3502.86 0.59 2337268 697018.22 21.78 350 174.25 0.59 47626 28287.08 21.78 211 0 99 29962 0 14058 22.9 24.0 23.72 0.01
128700.0 310 60.29 0.55 48296 8656.39 0.55 16431 3502.81 0.59 2353699 700521.03 21.78 310 174.15 0.59 47936 28461.23 21.78 211 0 99 30173 0 14157 22.9 24.0 23.75 0.01
129600.0 310 60.29 0.55 48606 8716.68 0.55 16430 3502.21 0.59 2370129 704023.24 21.78 310 174.15 0.59 48246 28635.38 21.78 211 0 99 30384 0 14256 23.1 24.0 23.76 0.01
130500.0 376 60.43 0.55 48982 8777.11 0.55 16486 3501.31 0.59 2386615 707524.55 21.78 370 174.3 0.59 48616 28809.68 21.78 211 0 99 30595 0 14355 23.1 24.0 23.77 0.01
131400.0 354 61.07 0.55 49336 8838.18 0.55 16466 3501.21 0.59 2403081 711025.76 21.78 350 174.25 0.59 48966 28983.93 21.78 211 0 99 30806 0 14454 23.1 24.0 23.77 0.01
132300.0 310 60.29 0.55 49646 8898.46 0.55 16425 3500.61 0.59 2419506 714526.37 21.78 310 174.15 0.59 49276 29158.08 21.78 211 0 99 31017 0 14553 23.1 24.0 23.79 0.01
133200.0 310 60.29 0.55 49956 8958.75 0.55 16425 3500.56 0.59 2435931 718026.92 21.78 310 174.15 0.59 49586 29332.23 21.78 211 0 99 31228 0 14652 23.2 24.0 23.81 0.01
134100.0 376 60.43 0.55 50332 9019.19 0.55 16483 3500.21 0.59 2452414 721527.14 21.78 370 174.3 0.59 49956 29506.53 21.78 211 0 99 31439 0 14751 23.2 24.0 23.81 0.01
135000.0 354 61.07 0.55 50686 9080.25 0.55 16463 3500.11 0.59 2468877 725027.24 21.78 350 174.25 0.59 50306 29680.78 21.78 211 0 99 31650 0 14850 23.2 24.0 23.81 0.01
135900.0 310 60.29 0.55 50996 9140.54 0.55 16421 3499.51 0.59 2485298 728526.75 21.78 310 174.15 0.59 50616 29854.93 21.78 211 0 99 31861 0 14949 23.2 24.0 23.83 0.01
136800.0 310 60.29 0.55 51306 9200.83 0.55 16419 3498.36 0.59 2501717 732025.11 21.78 310 174.15 0.59 50926 30029.08 21.78 211 0 99 32072 0 15048 23.3 24.0 23.84 0.01
137700.0 376 60.43 0.55 51682 9261.26 0.55 16477 3498.01 0.59 2518194 735523.12 21.78 370 174.3 0.59 51296 30203.38 21.78 211 0 99 32283 0 15147 23.3 24.0 23.84 0.01
138600.0 354 61.07 0.55 52036 9322.32 0.55 16456 3497.36 0.59 2534650 739020.48 21.78 350 174.25 0.59 51646 30377.63 21.78 211 0 99 32494 0 15246 23.3 24.0 23.84 0.01
139500.0 310 60.29 0.55 52346 9382.61 0.55 16416 3497.31 0.59 2551066 742517.79 21.78 310 174.15 0.59 51956 30551.78 21.78 211 0 99 32705 0 15345 23.3 24.0 23.85 0.01
140400.0 310 60.29 0.55 52656 9442.9 0.55 16415 3496.71 0.59 2567481 746014.5 21.78 310 174.15 0.59 52266 30725.93 21.78 211 0 99 32916 0 15444 23.4 24.0 23.86 0.01
141300.0 376 60.43 0.55 53032 9503.33 0.55 16473 3495.81 0.59 2583954 749510.31 21.78 370 174.3 0.59 52636 30900.23 21.78 211 0 99 33127 0 15543 23.4 24.0 23.86 0.01
142200.0 354 61.07 0.55 53386 9564.4 0.55 16453 3495.71 0.59 2600407 753006.02 21.78 350 174.25 0.59 52986 31074.48 21.78 211 0 99 33338 0 15642 23.4 24.0 23.86 0.01
143100.0 310 60.29 0.55 53696 9624.69 0.55 16413 3495.66 0.59 2616820 756501.68 21.78 310 174.15 0.59 53296 31248.63 21.78 211 0 99 33549 0 15741 23.4 24.0 23.88 0.01
144000.0 310 60.29 0.55 54006 9684.98 0.55 16412 3495.06 0.59 2633232 759996.73 21.78 310 174.15 0.59 53606 31422.78 21.78 211 0 99 33760 0 15840 23.5 24.0 23.88 0.01
144900.0 376 60.43 0.55 54382 9745.41 0.55 16471 3495.26 0.59 2649703 763492.0 21.78 370 174.3 0.59 53976 31597.09 21.78 211 0 99 33971 0 15939 23.5 24.0 23.88 0.01
145800.0 354 61.07 0.55 54736 9806.47 0.55 16450 3494.61 0.59 2666153 766986.61 21.78 350 174.25 0.59 54326 31771.33 21.78 211 0 99 34182 0 16038 23.5 24.0 23.88 0.01
146700.0 310 60.29 0.55 55046 9866.76 0.55 16409 3494.01 0.59 2682562 770480.62 21.78 310 174.15 0.59 54636 31945.49 21.78 211 0 99 34393 0 16137 23.5 24.0 23.89 0.01
147600.0 310 60.29 0.55 55356 9927.05 0.55 16409 3493.96 0.59 2698971 773974.57 21.78 310 174.15 0.59 54946 32119.63 21.78 211 0 99 34604 0 16236 23.6 24.0 23.89 0.01
148500.0 376 60.43 0.55 55732 9987.48 0.55 16469 3494.16 0.59 2715440 777468.74 21.78 370 174.3 0.59 55316 32293.94 21.78 211 0 99 34815 0 16335 23.6 24.0 23.89 0.01
149400.0 354 61.07 0.55 56086 10048.55 0.55 16448 3493.51 0.59 2731888 780962.24 21.78 350 174.25 0.59 55666 32468.18 21.78 211 0 99 35026 0 16434 23.6 24.0 23.89 0.01
150300.0 310 60.29 0.55 56396 10108.84 0.55 16408 3493.46 0.59 2748296 784455.7 21.78 310 174.15 0.59 55976 32642.34 21.78 211 0 99 35237 0 16533 23.6 24.0 23.89 0.01
151200.0 310 60.29 0.55 56706 10169.12 0.55 16406 3492.31 0.59 2764702 787948.01 21.78 310 174.15 0.59 56286 32816.48 21.78 211 0 99 35448 0 16632 23.7 24.0 23.9 0.01
152100.0 376 60.43 0.55 57082 10229.56 0.55 16464 3491.41 0.59 2781166 791439.42 21.78 370 174.3 0.59 56656 32990.79 21.78 211 0 99 35659 0 16731 23.7 24.0 23.9 0.01
153000.0 354 61.07 0.55 57436 10290.62 0.55 16444 3491.31 0.59 2797610 794930.73 21.78 350 174.25 0.59 57006 33165.04 21.78 211 0 99 35870 0 16830 23.7 24.0 23.9 0.01
153900.0 310 60.29 0.55 57746 10350.91 0.55 16401 3489.61 0.59 2814011 798420.34 21.78 310 174.15 0.59 57316 33339.19 21.78 211 0 99 36081 0 16929 23.6 24.0 23.89 0.01
154800.0 310 60.29 0.55 58056 10411.2 0.55 16400 3489.56 0.59 2830411 801909.9 21.78 310 174.15 0.59 57626 33513.33 21.78 211 0 99 36292 0 17028 23.6 24.0 23.89 0.01
155700.0 376 60.43 0.55 58432 10471.63 0.55 16460 3489.76 0.59 2846871 805399.66 21.78 370 174.3 0.59 57996 33687.64 21.78 211 0 99 36503 0 17127 23.6 24.0 23.89 0.01
156600.0 354 61.07 0.55 58786 10532.7 0.55 16440 3489.66 0.59 2863311 808889.32 21.78 350 174.25 0.59 58346 33861.89 21.78 211 0 99 36714 0 17226 23.6 24.0 23.89 0.01
157500.0 310 60.29 0.55 59096 10592.98 0.55 16397 3489.06 0.59 2879708 812378.38 21.78 310 174.15 0.59 58656 34036.04 21.78 211 0 99 36925 0 17325 23.6 24.0 23.88 0.01
158400.0 310 60.29 0.55 59406 10653.27 0.55 16397 3489.01 0.59 2896105 815867.38 21.78 310 174.15 0.59 58966 34210.19 21.78 211 0 99 37136 0 17424 23.5 24.0 23.88 0.01
159300.0 376 60.43 0.55 59782 10713.71 0.55 16455 3488.11 0.59 2912560 819355.5 21.78 370 174.3 0.59 59336 34384.49 21.78 211 0 99 37347 0 17523 23.5 24.0 23.88 0.01
160200.0 354 61.07 0.55 60136 10774.77 0.55 16434 3487.46 0.59 2928994 822842.95 21.78 350 174.25 0.59 59686 34558.74 21.78 211 0 99 37558 0 17622 23.5 24.0 23.88 0.01
161100.0 310 60.29 0.55 60446 10835.06 0.55 16394 3487.41 0.59 2945388 826330.36 21.78 310 174.15 0.59 59996 34732.89 21.78 211 0 99 37769 0 17721 23.5 24.0 23.85 0.01
162000.0 310 60.29 0.55 60756 10895.35 0.55 16394 3487.36 0.59 2961782 829817.72 21.78 310 174.15 0.59 60306 34907.04 21.78 211 0 99 37980 0 17820 23.4 24.0 23.85 0.01
162900.0 376 60.43 0.55 61132 10955.78 0.55 16452 3486.46 0.59 2978234 833304.18 21.78 370 174.3 0.59 60676 35081.34 21.78 211 0 99 38191 0 17919 23.4 24.0 23.85 0.01
163800.0 354 61.07 0.55 61486 11016.84 0.55 16432 3486.36 0.59 2994666 836790.54 21.78 350 174.25 0.59 61026 35255.59 21.78 211 0 99 38402 0 18018 23.4 24.0 23.85 0.01
164700.0 310 60.29 0.55 61796 11077.13 0.55 16390 3485.76 0.59 3011056 840276.3 21.78 310 174.15 0.59 61336 35429.74 21.78 211 0 99 38613 0 18117 23.4 24.0 23.83 0.02
165600.0 310 60.29 0.55 62106 11137.42 0.55 16386 3484.61 0.59 3027442 843760.91 21.78 310 174.15 0.59 61646 35603.89 21.78 211 0 99 38824 0 18216 23.3 24.0 23.82 0.02
166500.0 376 60.43 0.55 62482 11197.85 0.55 16446 3484.81 0.59 3043888 847245.72 21.78 370 174.3 0.59 62016 35778.19 21.78 211 0 99 39035 0 18315 23.3 24.0 23.82 0.02
167400.0 354 61.07 0.55 62836 11258.92 0.55 16424 3484.16 0.59 3060312 850729.88 21.78 350 174.25 0.59 62366 35952.44 21.78 211 0 99 39246 0 18414 23.3 24.0 23.82 0.02
168300.0 310 60.29 0.55 63146 11319.2 0.55 16380 3481.91 0.59 3076692 854211.79 21.78 310 174.15 0.59 62676 36126.59 21.78 211 0 99 39457 0 18513 23.3 24.0 23.8 0.02
169200.0 310 60.29 0.55 63456 11379.49 0.55 16380 3481.86 0.59 3093072 857693.64 21.78 310 174.15 0.59 62986 36300.74 21.78 211 0 99 39668 0 18612 23.2 24.0 23.79 0.02
170100.0 376 60.43 0.55 63832 11439.92 0.55 16439 3481.51 0.59 3109511 861175.16 21.78 370 174.3 0.59 63356 36475.04 21.78 211 0 99 39879 0 18711 23.2 24.0 23.79 0.02
171000.0 354 61.07 0.55 64186 11500.99 0.55 16418 3480.86 0.59 3125929 864656.01 21.78 350 174.25 0.59 63706 36649.29 21.78 211 0 99 40090 0 18810 23.2 24.0 23.79 0.02
171900.0 310 60.29 0.55 64496 11561.28 0.55 16376 3480.26 0.59 3142305 868136.27 21.78 310 174.15 0.59 64016 36823.44 21.78 211 0 99 40301 0 18909 23.2 24.0 23.76 0.03
172800.0 310 60.29 0.55 64806 11621.56 0.55 16377 3480.76 0.59 3158682 871617.03 21.78 310 174.15 0.59 64326 36997.59 21.78 211 0 99 40512 0 19008 23.1 24.0 23.74 0.02
173700.0 376 60.43 0.55 65182 11682.0 0.55 16433 3478.76 0.59 3175115 875095.79 21.78 370 174.3 0.59 64696 37171.89 21.78 211 0 99 40723 0 19107 23.1 24.0 23.74 0.02
174600.0 354 61.07 0.55 65536 11743.06 0.55 16412 3478.66 0.59 3191527 878574.45 21.78 350 174.25 0.59 65046 37346.14 21.78 211 0 99 40934 0 19206 23.1 24.0 23.74 0.02
175500.0 310 60.29 0.55 65846 11803.35 0.55 16369 3477.51 0.59 3207896 882051.96 21.78 310 174.15 0.59 65356 37520.29 21.78 211 0 99 41145 0 19305 23.1 24.0 23.69 0.03
176400.0 310 60.29 0.55 66156 11863.64 0.55 16367 3477.46 0.59 3224263 885529.42 21.78 310 174.15 0.59 65666 37694.44 21.78 211 0 99 41356 0 19404 22.9 23.9 23.68 0.03
177300.0 376 60.43 0.55 66532 11924.07 0.55 16427 3477.66 0.59 3240690 889007.08 21.78 370 174.3 0.59 66036 37868.75 21.78 211 0 99 41567 0 19503 22.9 23.9 23.68 0.03
178200.0 354 61.07 0.55 66886 11985.14 0.55 16407 3477.56 0.59 3257097 892484.64 21.78 350 174.25 0.59 66386 38042.99 21.78 211 0 99 41778 0 19602 22.9 23.9 23.68 0.03
179100.0 310 60.29 0.55 67196 12045.42 0.55 16364 3476.96 0.59 3273461 895961.6 21.78 310 174.15 0.59 66696 38217.15 21.78 211 0 99 41989 0 19701 22.9 23.9 23.61 0.03
180000.0 310 60.29 0.55 67506 12105.71 0.55 16365 3476.91 0.59 3289826 899438.5 21.78 310 174.15 0.59 67006 38391.29 21.78 211 0 99 42200 0 19800 22.8 23.9 23.58 0.03
180900.0 376 60.43 0.55 67882 12166.14 0.55 16423 3476.56 0.59 3306249 902915.07 21.78 370 174.3 0.59 67376 38565.6 21.78 211 0 99 42411 0 19899 22.8 23.9 23.58 0.03
181800.0 354 61.07 0.55 68236 12227.21 0.55 16393 3474.26 0.59 3322642 906389.32 21.78 350 174.25 0.59 67726 38739.84 21.78 211 0 99 42622 0 19998 22.8 23.9 23.58 0.03
182700.0 310 60.29 0.55 68546 12287.5 0.55 16358 3475.31 0.59 3339000 909864.63 21.78 310 174.15 0.59 68036 38914.0 21.78 211 0 99 42833 0 20097 22.8 23.8 23.49 0.03
183600.0 310 60.29 0.55 68856 12347.79 0.55 16356 3475.26 0.59 3355356 913339.89 21.78 310 174.15 0.59 68346 39088.14 21.78 211 0 99 43044 0 20196 22.7 23.8 23.44 0.02
184500.0 376 60.43 0.55 69232 12408.22 0.55 16408 3472.71 0.59 3371764 916812.6 21.78 370 174.3 0.59 68716 39262.45 21.78 211 0 99 43255 0 20295 22.7 23.8 23.44 0.02
185400.0 354 61.07 0.55 69586 12469.28 0.55 16379 3469.86 0.59 3388143 920282.46 21.78 350 174.25 0.59 69066 39436.7 21.78 211 0 99 43466 0 20394 22.7 23.8 23.44 0.02
186300.0 310 60.29 0.55 69896 12529.57 0.55 16346 3470.36 0.59 3404489 923752.82 21.78 310 174.15 0.59 69376 39610.85 21.78 211 0 99 43677 0 20493 22.7 23.7 23.32 0.03
187200.0 310 60.29 0.55 70206 12589.86 0.55 16349 3471.41 0.59 3420838 927224.23 21.78 310 174.15 0.59 69686 39784.99 21.78 211 0 99 43888 0 20592 22.4 23.7 23.26 0.02
188100.0 376 60.43 0.55 70582 12650.29 0.55 16408 3471.61 0.59 3437246 930695.84 21.78 370 174.3 0.59 70056 39959.3 21.78 211 0 99 44099 0 20691 22.4 23.7 23.26 0.02
189000.0 354 61.07 0.55 70936 12711.36 0.55 16384 3469.86 0.59 3453630 934165.7 21.78 350 174.25 0.59 70406 40133.55 21.78 211 0 99 44310 0 20790 22.4 23.7 23.26 0.02
189900.0 310 60.29 0.55 71246 12771.65 0.55 16348 3470.91 0.59 3469978 937636.61 21.78 310 174.15 0.59 70716 40307.7 21.78 211 0 99 44521 0 20889 22.4 23.6 23.1 0.03
190800.0 310 60.29 0.55 71556 12831.94 0.55 16347 3470.86 0.59 3486325 941107.46 21.78 310 174.15 0.59 71026 40481.85 21.78 211 0 99 44732 0 20988 22.1 23.5 23.01 0.03
191700.0 376 60.43 0.55 71932 12892.37 0.55 16407 3471.06 0.59 3502732 944578.52 21.78 370 174.3 0.59 71396 40656.15 21.78 211 0 99 44943 0 21087 22.1 23.5 23.01 0.03
192600.0 354 61.07 0.55 72286 12953.43 0.55 16369 3464.36 0.59 3519101 948042.88 21.78 350 174.25 0.59 71746 40830.4 21.78 211 0 99 45154 0 21186 22.1 23.5 23.01 0.03
193500.0 310 60.29 0.55 72596 13013.72 0.55 16336 3467.61 0.59 3535437 951510.49 21.78 310 174.15 0.59 72056 41004.55 21.78 211 0 99 45365 0 21285 22.1 23.4 22.82 0.03
194400.0 310 60.29 0.55 72906 13074.01 0.55 16336 3469.21 0.59 3551773 954979.7 21.78 310 174.15 0.59 72366 41178.7 21.78 211 0 99 45576 0 21384 22.0 23.3 22.73 0.03
195300.0 376 60.43 0.55 73282 13134.44 0.55 16390 3466.66 0.59 3568163 958446.36 21.78 370 174.3 0.59 72736 41353.0 21.78 211 0 99 45787 0 21483 22.0 23.3 22.72 0.02
196200.0 354 61.07 0.55 73636 13195.51 0.55 16368 3465.46 0.59 3584531 961911.82 21.78 350 174.25 0.59 73086 41527.25 21.78 211 0 99 45998 0 21582 22.0 23.3 22.72 0.02
197100.0 310 60.29 0.55 73946 13255.8 0.55 16334 3467.61 0.59 3600865 965379.43 21.78 310 174.15 0.59 73396 41701.4 21.78 211 0 99 46209 0 21681 22.0 23.1 22.53 0.02
198000.0 310 60.29 0.55 74256 13316.08 0.55 16310 3458.21 0.59 3617175 968837.63 21.78 310 174.15 0.59 73706 41875.55 21.78 211 0 99 46420 0 21780 22.0 23.1 22.42 0.02
198900.0 376 60.43 0.55 74632 13376.52 0.55 16370 3458.41 0.59 3633545 972296.05 21.78 370 174.3 0.59 74076 42049.85 21.78 211 0 99 46631 0 21879 22.0 23.1 22.41 0.02
199800.0 354 61.07 0.55 74986 13437.58 0.55 16348 3457.76 0.59 3649893 975753.8 21.78 350 174.25 0.59 74426 42224.1 21.78 211 0 99 46842 0 21978 22.0 23.1 22.41 0.02
200700.0 310 60.29 0.55 75296 13497.87 0.55 16317 3461.01 0.59 3666210 979214.81 21.78 310 174.15 0.59 74736 42398.25 21.78 211 0 99 47053 0 22077 22.0 22.8 22.26 0.01
201600.0 310 60.29 0.55 75606 13558.16 0.55 16319 3460.96 0.59 3682529 982675.77 21.78 310 174.15 0.59 75046 42572.4 21.78 211 0 99 47264 0 22176 22.0 22.8 22.19 0.02
202500.0 376 60.43 0.55 75982 13618.59 0.55 16379 3461.16 0.59 3698908 986136.93 21.78 370 174.3 0.59 75416 42746.7 21.78 211 0 99 47475 0 22275 22.0 22.8 22.18 0.02
203400.0 354 61.07 0.55 76336 13679.66 0.55 16355 3459.96 0.59 3715263 989596.89 21.78 350 174.25 0.59 75766 42920.95 21.78 211 0 99 47686 0 22374 22.0 22.8 22.18 0.02
204300.0 310 60.29 0.55 76646 13739.94 0.55 16322 3463.76 0.59 3731585 993060.65 21.78 310 174.15 0.59 76076 43095.1 21.78 211 0 99 47897 0 22473 22.0 22.6 22.06 0.01
205200.0 310 60.29 0.55 76956 13800.23 0.55 16321 3463.16 0.59 3747906 996523.8 21.78 310 174.15 0.59 76386 43269.25 21.78 211 0 99 48108 0 22572 22.0 22.6 22.06 0.01
206100.0 376 60.43 0.55 77332 13860.66 0.55 16379 3462.26 0.59 3764285 999986.07 21.78 370 174.3 0.59 76756 43443.55 21.78 211 0 99 48319 0 22671 22.0 22.6 22.06 0.01
207000.0 354 61.07 0.55 77686 13921.73 0.55 16349 3457.76 0.59 3780634 1003443.82 21.78 350 174.25 0.59 77106 43617.8 21.78 211 0 99 48530 0 22770 22.0 22.6 22.06 0.01
207900.0 310 60.29 0.55 77996 13982.02 0.55 16318 3460.46 0.59 3796952 1006904.28 21.78 310 174.15 0.59 77416 43791.95 21.78 211 0 99 48741 0 22869 22.0 22.2 22.02 0.0
208800.0 310 60.29 0.55 78306 14042.3 0.55 16315 3459.31 0.59 3813267 1010363.59 21.78 310 174.15 0.59 77726 43966.1 21.78 211 0 99 48952 0 22968 22.0 22.2 22.02 0.0
209700.0 376 60.43 0.55 78682 14102.74 0.55 16373 3459.51 0.59 3829640 1013823.1 21.78 370 174.3 0.59 78096 44140.4 21.78 211 0 99 49163 0 23067 22.0 22.2 22.02 0.0
210600.0 354 61.07 0.55 79036 14163.8 0.55 16340 3456.11 0.59 3845980 1017279.21 21.78 350 174.25 0.59 78446 44314.65 21.78 211 0 99 49374 0 23166 22.0 22.2 22.02 0.0
211500.0 310 60.29 0.55 79346 14224.09 0.55 16300 3456.06 0.59 3862280 1020735.27 21.78 310 174.15 0.59 78756 44488.81 21.78 211 0 99 49585 0 23265 22.0 22.0 22.0 0.0
212400.0 310 60.29 0.55 79656 14284.38 0.55 16299 3455.46 0.59 3878579 1024190.72 21.78 310 174.15 0.59 79066 44662.95 21.78 211 0 99 49796 0 23364 22.0 22.0 22.0 0.0
213300.0 376 60.43 0.55 80032 14344.81 0.55 16358 3455.66 0.59 3894937 1027646.38 21.78 370 174.3 0.59 79436 44837.26 21.78 211 0 99 50007 0 23463 22.0 22.0 22.0 0.0
214200.0 354 61.07 0.55 80386 14405.87 0.55 16328 3451.71 0.59 3911265 1031098.09 21.78 350 174.25 0.59 79786 45011.5 21.78 211 0 99 50218 0 23562 22.0 22.0 22.0 0.0
215100.0 310 60.29 0.55 80696 14466.16 0.55 16285 3450.01 0.59 3927550 1034548.1 21.78 310 174.15 0.59 80096 45185.66 21.78 211 0 99 50429 0 23661 22.0 22.0 22.0 0.0
216000.0 310 60.29 0.55 81006 14526.45 0.55 16276 3445.56 0.59 3943826 1037993.66 21.78 310 174.15 0.59 80406 45359.8 21.78 211 0 99 50640 0 23760 22.0 22.0 22.0 0.0
216900.0 376 60.43 0.55 81382 14586.88 0.55 16335 3445.76 0.59 3960161 1041439.42 21.78 370 174.3 0.59 80776 45534.11 21.78 211 0 99 50851 0 23859 22.0 22.0 22.0 0.0
217800.0 354 61.07 0.55 81736 14647.95 0.55 16312 3444.01 0.59 3976473 1044883.43 21.78 350 174.25 0.59 81126 45708.36 21.78 211 0 99 51062 0 23958 22.0 22.0 22.0 0.0
218700.0 310 60.29 0.55 82046 14708.24 0.55 16264 3440.11 0.59 3992737 1048323.54 21.78 310 174.15 0.59 81436 45882.51 21.78 211 0 99 51273 0 24057 22.0 22.0 22.0 0.0
219600.0 310 60.29 0.55 82356 14768.52 0.55 16263 3439.51 0.59 4009000 1051763.04 21.78 310 174.15 0.59 81746 46056.65 21.78 211 0 99 51484 0 24156 22.0 22.0 22.0 0.0
220500.0 376 60.43 0.55 82732 14828.96 0.55 16312 3435.31 0.59 4025312 1055198.35 21.78 370 174.3 0.59 82116 46230.96 21.78 211 0 99 51695 0 24255 22.0 22.0 22.0 0.0
221400.0 354 61.07 0.55 83086 14890.02 0.55 16289 3436.47 0.59 4041601 1058634.83 21.78 350 174.3 0.59 82466 46405.25 21.78 211 0 99 51906 0 24354 21.1 22.0 21.99 0.0
222300.0 310 60.29 0.55 83396 14950.31 0.55 16353 3476.7 0.59 4057954 1062111.53 21.78 310 174.21 0.59 82776 46579.46 21.78 211 0 99 52117 0 24453 20.2 22.0 21.09 0.08
223200.0 310 60.29 0.55 83706 15010.6 0.55 16373 3481.03 0.59 4074327 1065592.56 21.78 310 174.2 0.59 83086 46753.67 21.78 211 0 99 52328 0 24552 19.8 22.0 20.55 0.13
224100.0 376 60.43 0.55 84082 15071.04 0.55 16433 3481.26 0.59 4090760 1069073.82 21.78 370 174.36 0.59 83456 46928.03 21.78 211 0 99 52539 0 24651 19.8 21.8 20.53 0.11
225000.0 354 61.07 0.55 84436 15132.11 0.55 16413 3480.4 0.59 4107173 1072554.22 21.78 350 174.29 0.59 83806 47102.32 21.78 211 0 99 52750 0 24750 19.8 21.8 20.53 0.11
225900.0 310 60.29 0.55 84746 15192.4 0.55 16372 3480.78 0.59 4123545 1076035.0 21.78 310 174.2 0.59 84116 47276.52 21.78 211 0 99 52961 0 24849 19.8 21.7 20.48 0.11
226800.0 310 60.29 0.55 85056 15252.69 0.55 16376 3481.81 0.59 4139921 1079516.82 21.78 310 174.2 0.59 84426 47450.72 21.78 211 0 99 53172 0 24948 19.8 21.7 20.44 0.12
227700.0 376 60.43 0.55 85432 15313.12 0.55 16435 3482.04 0.59 4156356 1082998.85 21.78 370 174.35 0.59 84796 47625.07 21.78 211 0 99 53383 0 25047 19.8 21.7 20.44 0.12
228600.0 354 61.07 0.55 85786 15374.19 0.55 16413 3481.89 0.59 4172769 1086480.74 21.78 350 174.31 0.59 85146 47799.38 21.78 211 0 99 53594 0 25146 19.8 21.7 20.44 0.12
229500.0 310 60.29 0.55 86096 15434.48 0.55 16372 3482.01 0.59 4189141 1089962.76 21.78 310 174.21 0.59 85456 47973.59 21.78 211 0 99 53805 0 25245 19.8 21.6 20.44 0.11
230400.0 310 60.29 0.55 86406 15494.77 0.55 16373 3482.5 0.59 4205514 1093445.25 21.78 310 174.2 0.59 85766 48147.79 21.78 211 0 99 54016 0 25344 19.9 21.6 20.43 0.12
231300.0 376 60.43 0.55 86782 15555.2 0.55 16432 3482.72 0.59 4221946 1096927.97 21.78 370 174.36 0.59 86136 48322.15 21.78 211 0 99 54227 0 25443 19.8 21.6 20.43 0.12
232200.0 354 61.07 0.55 87136 15616.27 0.55 16409 3480.93 0.59 4238355 1100408.9 21.78 350 174.3 0.59 86486 48496.45 21.78 211 0 99 54438 0 25542 19.8 21.6 20.43 0.12
233100.0 310 60.29 0.55 87446 15676.56 0.55 16371 3481.84 0.59 4254726 1103890.75 21.78 310 174.21 0.59 86796 48670.66 21.78 211 0 99 54649 0 25641 19.8 21.5 20.48 0.13
234000.0 310 60.29 0.55 87756 15736.85 0.55 16370 3480.67 0.59 4271096 1107371.42 21.78 310 174.21 0.59 87106 48844.87 21.78 211 0 99 54860 0 25740 19.8 21.5 20.47 0.13
234900.0 376 60.43 0.55 88132 15797.29 0.55 16430 3480.9 0.59 4287526 1110852.32 21.78 370 174.36 0.59 87476 49019.24 21.78 211 0 99 55071 0 25839 19.8 21.5 20.47 0.13
235800.0 354 61.07 0.55 88486 15858.35 0.55 16403 3478.69 0.59 4303929 1114331.01 21.78 350 174.28 0.59 87826 49193.52 21.78 211 0 99 55282 0 25938 19.8 21.5 20.47 0.13
236700.0 310 60.29 0.55 88796 15918.64 0.55 16366 3477.41 0.59 4320295 1117808.42 21.78 310 174.17 0.59 88136 49367.69 21.78 211 0 99 55493 0 26037 19.8 21.4 20.52 0.14
237600.0 310 60.29 0.55 89106 15978.93 0.55 16365 3477.35 0.59 4336660 1121285.77 21.78 310 174.17 0.59 88446 49541.85 21.78 211 0 99 55704 0 26136 19.8 21.4 20.53 0.14
238500.0 376 60.43 0.55 89482 16039.36 0.55 16422 3475.92 0.59 4353082 1124761.68 21.78 370 174.32 0.59 88816 49716.18 21.78 211 0 99 55915 0 26235 19.7 21.4 20.53 0.14
239400.0 354 61.07 0.55 89836 16100.43 0.55 16392 3475.29 0.59 4369474 1128236.97 21.78 350 174.29 0.59 89166 49890.47 21.78 211 0 99 56126 0 26334 19.7 21.4 20.53 0.14
240300.0 310 60.29 0.55 90146 16160.72 0.55 16359 3476.36 0.59 4385833 1131713.33 21.78 310 174.19 0.59 89476 50064.66 21.78 211 0 99 56337 0 26433 19.7 21.5 20.59 0.15
241200.0 310 60.29 0.55 90456 16221.01 0.55 16351 3474.09 0.59 4402184 1135187.41 21.78 310 174.19 0.59 89786 50238.85 21.78 211 0 99 56548 0 26532 19.7 21.6 20.59 0.15
242100.0 376 60.43 0.55 90832 16281.44 0.55 16409 3473.76 0.59 4418593 1138661.17 21.78 370 174.35 0.59 90156 50413.2 21.78 211 0 99 56759 0 26631 19.7 21.6 20.59 0.15
243000.0 354 61.07 0.55 91186 16342.51 0.55 16380 3472.01 0.59 4434973 1142133.18 21.78 350 174.29 0.59 90506 50587.49 21.78 211 0 99 56970 0 26730 19.7 21.6 20.59 0.15
243900.0 310 60.29 0.55 91496 16402.8 0.55 16353 3473.94 0.59 4451326 1145607.13 21.78 310 174.2 0.59 90816 50761.68 21.78 211 0 99 57181 0 26829 19.7 21.7 20.65 0.17
244800.0 310 60.29 0.55 91806 16463.09 0.55 16349 3473.32 0.59 4467675 1149080.45 21.78 310 174.19 0.59 91126 50935.88 21.78 211 0 99 57392 0 26928 19.7 21.8 20.64 0.17
245700.0 376 60.43 0.55 92182 16523.52 0.55 16408 3473.54 0.59 4484083 1152553.99 21.78 370 174.35 0.59 91496 51110.23 21.78 211 0 99 57603 0 27027 19.6 21.8 20.64 0.17
246600.0 354 61.07 0.55 92536 16584.59 0.55 16373 3467.92 0.59 4500456 1156021.91 21.78 350 174.31 0.59 91846 51284.53 21.78 211 0 99 57814 0 27126 19.6 21.8 20.64 0.17
247500.0 310 60.29 0.55 92846 16644.88 0.55 16342 3472.07 0.59 4516798 1159493.99 21.78 310 174.21 0.59 92156 51458.74 21.78 211 0 99 58025 0 27225 19.6 21.8 20.64 0.18
248400.0 310 60.29 0.55 93156 16705.17 0.55 16340 3471.47 0.59 4533138 1162965.45 21.78 310 174.2 0.59 92466 51632.94 21.78 211 0 99 58236 0 27324 19.6 21.9 20.63 0.19
249300.0 376 60.43 0.55 93532 16765.6 0.55 16391 3468.93 0.59 4549529 1166434.38 21.78 370 174.36 0.59 92836 51807.3 21.78 211 0 99 58447 0 27423 19.5 21.9 20.63 0.19
250200.0 354 61.07 0.55 93886 16826.67 0.55 16359 3463.33 0.59 4565888 1169897.71 21.78 350 174.29 0.59 93186 51981.59 21.78 211 0 99 58658 0 27522 19.5 21.9 20.63 0.19
251100.0 310 60.29 0.55 94196 16886.96 0.55 16339 3468.22 0.59 4582227 1173365.93 21.78 310 174.2 0.59 93496 52155.79 21.78 211 0 99 58869 0 27621 19.5 21.9 20.61 0.2
252000.0 310 60.29 0.55 94506 16947.25 0.55 16336 3467.05 0.59 4598563 1176832.98 21.78 310 174.19 0.59 93806 52329.98 21.78 211 0 99 59080 0 27720 19.5 22.0 20.57 0.22
252900.0 376 60.43 0.55 94882 17007.69 0.55 16396 3467.27 0.59 4614959 1180300.26 21.78 370 174.35 0.59 94176 52504.33 21.78 211 0 99 59291 0 27819 19.5 22.0 20.57 0.22
253800.0 354 61.07 0.55 95236 17068.75 0.55 16359 3463.52 0.59 4631318 1183763.78 21.78 350 174.3 0.59 94526 52678.62 21.78 211 0 99 59502 0 27918 19.5 22.0 20.57 0.22
254700.0 310 60.29 0.55 95546 17129.04 0.55 16371 3482.29 0.59 4647689 1187246.08 21.78 310 174.2 0.59 94836 52852.82 21.78 211 0 99 59713 0 28017 19.5 22.0 20.45 0.22
255600.0 310 60.29 0.55 95856 17189.33 0.55 16379 3484.98 0.59 4664068 1190731.05 21.78 310 174.2 0.59 95146 53027.02 21.78 211 0 99 59924 0 28116 19.5 21.8 20.41 0.24
256500.0 376 60.43 0.55 96232 17249.77 0.55 16439 3485.2 0.59 4680507 1194216.25 21.78 370 174.35 0.59 95516 53201.37 21.78 211 0 99 60135 0 28215 19.3 21.8 20.41 0.24
257400.0 354 61.07 0.55 96586 17310.83 0.55 16384 3471.17 0.59 4696891 1197687.42 21.78 350 174.28 0.59 95866 53375.66 21.78 211 0 99 60346 0 28314 19.3 21.8 20.41 0.24
258300.0 310 60.29 0.55 96896 17371.12 0.55 16389 3487.47 0.59 4713280 1201174.9 21.78 310 174.19 0.59 96176 53549.85 21.78 211 0 99 60557 0 28413 19.3 21.8 20.23 0.22
259200.0 310 60.29 0.55 97206 17431.41 0.55 16391 3487.95 0.59 4729671 1204662.85 21.78 310 174.19 0.59 96486 53724.04 21.78 211 0 99 60768 0 28512 19.3 21.6 20.17 0.26
260100.0 376 60.43 0.55 97582 17491.85 0.55 16451 3488.18 0.59 4746122 1208151.02 21.78 370 174.35 0.59 96856 53898.38 21.78 211 0 99 60979 0 28611 19.2 21.6 20.17 0.26
261000.0 356 61.16 0.55 97938 17553.01 0.55 16737 189880.92 21.79 4762859 1398031.94 21.79 352 3668.35 21.79 97208 57566.73 21.79 211 0 99 61190 0 28710 19.2 21.6 20.17 0.26
261900.0 310 60.29 0.55 98248 17613.3 0.55 16425 3498.47 0.59 4779284 1401530.41 21.79 310 174.24 0.59 97518 57740.97 21.79 211 0 99 61401 0 28809 18.9 21.6 19.69 0.2
262800.0 310 60.29 0.55 98558 17673.59 0.55 16423 3496.78 0.59 4795707 1405027.19 21.79 310 174.23 0.59 97828 57915.2 21.79 211 0 99 61612 0 28908 18.9 20.8 19.65 0.23
263700.0 376 60.43 0.55 98934 17734.02 0.55 16483 3496.98 0.59 4812190 1408524.17 21.79 370 174.39 0.59 98198 58089.58 21.79 211 0 99 61823 0 29007 18.9 20.8 19.65 0.24
264600.0 356 61.17 0.55 99290 17795.19 0.55 16774 189523.12 21.76 4828964 1598047.29 21.79 352 3659.18 21.76 98550 61748.76 21.79 211 0 99 62034 0 29106 18.9 20.8 19.65 0.24
265500.0 310 60.31 0.55 99600 17855.5 0.55 16450 3536.98 0.59 4845414 1601584.27 21.79 310 174.69 0.59 98860 61923.45 21.79 211 0 99 62245 0 29205 17.3 20.8 18.11 0.18
266400.0 310 60.31 0.55 99910 17915.81 0.55 16461 3540.77 0.59 4861875 1605125.04 21.79 310 174.68 0.59 99170 62098.13 21.79 211 0 99 62456 0 29304 17.3 18.9 17.81 0.03
267300.0 376 60.45 0.55 100286 17976.26 0.55 16521 3540.97 0.59 4878396 1608666.01 21.79 370 174.84 0.59 99540 62272.97 21.79 211 0 99 62667 0 29403 17.3 18.8 17.8 0.02
268200.0 356 61.18 0.55 100642 18037.43 0.55 16812 189327.69 21.76 4895208 1797993.7 21.79 352 3658.13 21.76 99892 65931.1 21.79 211 0 99 62878 0 29502 17.3 18.8 17.8 0.02
269100.0 310 60.31 0.55 100952 18097.74 0.55 16458 3535.76 0.59 4911666 1801529.47 21.79 310 174.6 0.59 100202 66105.71 21.79 211 0 99 63089 0 29601 17.3 18.8 17.77 0.02
270000.0 310 60.31 0.55 101262 18158.05 0.55 16460 3535.67 0.59 4928126 1805065.13 21.79 310 174.6 0.59 100512 66280.31 21.79 211 0 99 63300 0 29700 17.3 18.7 17.76 0.02
270900.0 376 60.45 0.55 101638 18218.49 0.55 16520 3535.91 0.59 4944646 1808601.04 21.79 370 174.76 0.59 100882 66455.06 21.79 211 0 99 63511 0 29799 17.3 18.7 17.76 0.02
271800.0 354 61.08 0.55 101992 18279.58 0.55 16496 3534.08 0.59 4961142 1812135.12 21.79 350 174.67 0.59 101232 66629.73 21.79 211 0 99 63722 0 29898 17.3 18.7 17.76 0.02
272700.0 310 60.31 0.55 102302 18339.88 0.55 16455 3534.62 0.59 4977597 1815669.74 21.79 310 174.57 0.59 101542 66804.3 21.79 211 0 99 63933 0 29997 17.3 18.7 17.74 0.02
273600.0 310 60.31 0.55 102612 18400.19 0.55 16454 3533.97 0.59 4994051 1819203.71 21.79 310 174.57 0.59 101852 66978.87 21.79 211 0 99 64144 0 30096 17.3 18.6 17.73 0.02
274500.0 376 60.45 0.55 102988 18460.63 0.55 16513 3533.67 0.59 5010564 1822737.38 21.79 370 174.72 0.59 102222 67153.59 21.79 211 0 99 64355 0 30195 17.3 18.6 17.73 0.02
275400.0 354 61.08 0.55 103342 18521.72 0.55 16492 3536.83 0.59 5027056 1826274.21 21.79 350 174.74 0.59 102572 67328.34 21.79 211 0 99 64566 0 30294 17.3 18.6 17.73 0.02
276300.0 310 60.31 0.55 103652 18582.02 0.55 16451 3534.41 0.59 5043507 1829808.61 21.79 310 174.6 0.59 102882 67502.93 21.79 211 0 99 64777 0 30393 17.3 18.6 17.71 0.02
277200.0 310 60.31 0.55 103962 18642.33 0.55 16451 3534.34 0.59 5059958 1833342.95 21.79 310 174.59 0.59 103192 67677.53 21.79 211 0 99 64988 0 30492 17.3 18.5 17.7 0.02
278100.0 376 60.45 0.55 104338 18702.78 0.55 16511 3534.56 0.59 5076469 1836877.51 21.79 370 174.75 0.59 103562 67852.28 21.79 211 0 99 65199 0 30591 17.3 18.5 17.7 0.02
279000.0 354 61.08 0.55 104692 18763.86 0.55 16491 3532.37 0.59 5092960 1840409.88 21.79 350 174.66 0.59 103912 68026.93 21.79 211 0 99 65410 0 30690 17.3 18.5 17.7 0.02
279900.0 310 60.31 0.55 105002 18824.16 0.55 16453 3535.76 0.59 5109413 1843945.64 21.79 310 174.6 0.59 104222 68201.54 21.79 211 0 99 65621 0 30789 17.3 18.5 17.69 0.02
280800.0 310 60.31 0.55 105312 18884.47 0.55 16453 3535.67 0.59 5125866 1847481.31 21.79 310 174.6 0.59 104532 68376.14 21.79 211 0 99 65832 0 30888 17.3 18.4 17.68 0.01
281700.0 376 60.45 0.55 105688 18944.92 0.55 16511 3535.91 0.59 5142377 1851017.22 21.79 370 174.76 0.59 104902 68550.89 21.79 211 0 99 66043 0 30987 17.3 18.4 17.68 0.01
282600.0 354 61.08 0.55 106042 19006.0 0.55 16483 3532.22 0.59 5158860 1854549.44 21.79 350 174.7 0.59 105252 68725.59 21.79 211 0 99 66254 0 31086 17.3 18.4 17.68 0.01
283500.0 310 60.3 0.55 106352 19066.3 0.55 16444 3529.72 0.59 5175304 1858079.16 21.79 310 174.55 0.59 105562 68900.14 21.79 211 0 99 66465 0 31185 17.3 18.4 17.68 0.01
284400.0 310 60.3 0.55 106662 19126.61 0.55 16441 3528.54 0.59 5191745 1861607.7 21.79 310 174.55 0.59 105872 69074.69 21.79 211 0 99 66676 0 31284 17.3 18.3 17.67 0.01
285300.0 376 60.45 0.55 107038 19187.05 0.55 16500 3528.22 0.59 5208245 1865135.92 21.79 370 174.7 0.59 106242 69249.39 21.79 211 0 99 66887 0 31383 17.3 18.3 17.67 0.01
286200.0 354 61.08 0.55 107392 19248.13 0.55 16480 3527.26 0.59 5224725 1868663.17 21.79 350 174.62 0.59 106592 69424.01 21.79 211 0 99 67098 0 31482 17.3 18.3 17.67 0.01
287100.0 310 60.3 0.55 107702 19308.44 0.55 16438 3526.77 0.59 5241163 1872189.94 21.79 310 174.52 0.59 106902 69598.54 21.79 211 0 99 67309 0 31581 17.3 18.3 17.67 0.01
288000.0 310 60.3 0.55 108012 19368.74 0.55 16440 3527.27 0.59 5257603 1875717.21 21.79 310 174.52 0.59 107212 69773.06 21.79 211 0 99 67520 0 31680 17.3 18.2 17.66 0.01
288900.0 376 60.45 0.55 108388 19429.19 0.55 16499 3526.93 0.59 5274102 1879244.14 21.79 370 174.68 0.59 107582 69947.73 21.79 211 0 99 67731 0 31779 17.3 18.2 17.66 0.01
289800.0 354 61.08 0.55 108742 19490.27 0.55 16474 3529.49 0.59 5290576 1882773.63 21.79 350 174.7 0.59 107932 70122.43 21.79 211 0 99 67942 0 31878 17.3 18.2 17.66 0.01
290700.0 310 60.31 0.55 109052 19550.58 0.55 16434 3532.42 0.59 5307010 1886306.05 21.79 310 174.65 0.59 108242 70297.08 21.79 211 0 99 68153 0 31977 17.3 18.2 17.66 0.01
291600.0 310 60.31 0.55 109362 19610.88 0.55 16433 3531.78 0.59 5323443 1889837.83 21.79 310 174.64 0.59 108552 70471.72 21.79 211 0 99 68364 0 32076 17.3 18.1 17.66 0.01
292500.0 376 60.45 0.55 109738 19671.33 0.55 16490 3530.38 0.59 5339933 1893368.21 21.79 370 174.8 0.59 108922 70646.51 21.79 211 0 99 68575 0 32175 17.3 18.1 17.66 0.01
293400.0 354 61.08 0.55 110092 19732.42 0.55 16469 3527.04 0.59 5356402 1896895.25 21.79 350 174.69 0.59 109272 70821.2 21.79 211 0 99 68786 0 32274 17.3 18.1 17.66 0.01
294300.0 310 60.31 0.55 110402 19792.72 0.55 16429 3527.04 0.59 5372831 1900422.3 21.79 310 174.59 0.59 109582 70995.8 21.79 211 0 99 68997 0 32373 17.3 18.0 17.66 0.01
295200.0 310 60.31 0.55 110712 19853.03 0.55 16427 3526.39 0.59 5389258 1903948.69 21.79 310 174.59 0.59 109892 71170.38 21.79 211 0 99 69208 0 32472 17.4 18.0 17.66 0.01
296100.0 376 60.45 0.55 111088 19913.48 0.55 16487 3526.65 0.59 5405745 1907475.33 21.79 370 174.75 0.59 110262 71345.13 21.79 211 0 99 69419 0 32571 17.4 18.0 17.66 0.01
297000.0 354 61.08 0.55 111442 19974.56 0.55 16467 3529.13 0.59 5422212 1911004.46 21.79 350 174.74 0.59 110612 71519.87 21.79 211 0 99 69630 0 32670 17.4 18.0 17.66 0.01
297900.0 310 60.31 0.55 111752 20034.87 0.55 16423 3528.02 0.59 5438635 1914532.48 21.79 310 174.65 0.59 110922 71694.52 21.79 211 0 99 69841 0 32769 17.4 18.0 17.66 0.01
298800.0 310 60.31 0.55 112062 20095.18 0.55 16424 3528.48 0.59 5455059 1918060.96 21.79 310 174.64 0.59 111232 71869.16 21.79 211 0 99 70052 0 32868 17.4 18.0 17.66 0.01
299700.0 376 60.45 0.55 112438 20155.63 0.55 16483 3528.18 0.59 5471542 1921589.14 21.79 370 174.8 0.59 111602 72043.96 21.79 211 0 99 70263 0 32967 17.4 18.0 17.66 0.01
300600.0 354 61.08 0.55 112792 20216.71 0.55 16460 3527.48 0.59 5488002 1925116.62 21.79 350 174.74 0.59 111952 72218.7 21.79 211 0 99 70474 0 33066 17.4 18.0 17.66 0.01
301500.0 310 60.31 0.55 113102 20277.02 0.55 16426 3525.8 0.59 5504428 1928642.42 21.79 310 174.59 0.59 112262 72393.29 21.79 211 0 99 70685 0 33165 17.4 17.9 17.67 0.01
302400.0 310 60.31 0.55 113412 20337.32 0.55 16427 3525.68 0.59 5520855 1932168.1 21.79 310 174.58 0.59 112572 72567.88 21.79 211 0 99 70896 0 33264 17.4 17.9 17.67 0.01
303300.0 376 60.45 0.55 113788 20397.77 0.55 16482 3523.75 0.59 5537337 1935691.86 21.79 370 174.74 0.59 112942 72742.62 21.79 211 0 99 71107 0 33363 17.4 17.9 17.67 0.01
304200.0 354 61.08 0.55 114142 20458.85 0.55 16456 3520.33 0.59 5553793 1939212.18 21.79 350 174.64 0.59 113292 72917.26 21.79 211 0 99 71318 0 33462 17.4 17.9 17.67 0.01
305100.0 310 60.31 0.55 114452 20519.16 0.55 16421 3524.21 0.59 5570214 1942736.39 21.79 310 174.6 0.59 113602 73091.87 21.79 211 0 99 71529 0 33561 17.4 17.8 17.67 0.01
306000.0 310 60.31 0.55 114762 20579.46 0.55 16418 3523.57 0.59 5586632 1946259.95 21.79 310 174.6 0.59 113912 73266.47 21.79 211 0 99 71740 0 33660 17.4 17.8 17.67 0.01
306900.0 376 60.45 0.55 115138 20639.91 0.55 16478 3523.81 0.59 5603110 1949783.76 21.79 370 174.76 0.59 114282 73441.22 21.79 211 0 99 71951 0 33759 17.4 17.9 17.67 0.01
307800.0 354 61.08 0.55 115492 20701.0 0.55 16451 3524.18 0.59 5619561 1953307.94 21.79 350 174.74 0.59 114632 73615.97 21.79 211 0 99 72162 0 33858 17.4 17.9 17.67 0.01
308700.0 310 60.31 0.55 115802 20761.3 0.55 16415 3524.72 0.59 5635976 1956832.67 21.79 310 174.65 0.59 114942 73790.61 21.79 211 0 99 72373 0 33957 17.4 17.9 17.68 0.01
309600.0 310 60.31 0.55 116112 20821.61 0.55 16415 3524.63 0.59 5652391 1960357.3 21.79 310 174.64 0.59 115252 73965.25 21.79 211 0 99 72584 0 34056 17.4 17.9 17.68 0.01
310500.0 376 60.45 0.55 116488 20882.06 0.55 16473 3523.78 0.59 5668864 1963881.07 21.79 370 174.8 0.59 115622 74140.05 21.79 211 0 99 72795 0 34155 17.4 17.9 17.68 0.01
311400.0 354 61.08 0.55 116842 20943.14 0.55 16441 3516.59 0.59 5685305 1967397.67 21.79 350 174.69 0.59 115972 74314.74 21.79 211 0 99 73006 0 34254 17.4 17.9 17.68 0.01
312300.0 310 60.31 0.55 117152 21003.45 0.55 16407 3517.69 0.59 5701712 1970915.36 21.79 310 174.59 0.59 116282 74489.33 21.79 211 0 99 73217 0 34353 17.4 18.0 17.69 0.01
313200.0 310 60.31 0.55 117462 21063.76 0.55 16408 3518.14 0.59 5718120 1974433.5 21.79 310 174.59 0.59 116592 74663.92 21.79 211 0 99 73428 0 34452 17.3 18.0 17.69 0.01
314100.0 376 60.45 0.55 117838 21124.2 0.55 16468 3518.4 0.59 5734588 1977951.9 21.79 370 174.75 0.59 116962 74838.67 21.79 211 0 99 73639 0 34551 17.3 18.0 17.69 0.01
315000.0 354 61.08 0.55 118192 21185.29 0.55 16439 3519.23 0.59 5751027 1981471.12 21.79 350 174.74 0.59 117312 75013.41 21.79 211 0 99 73850 0 34650 17.3 18.0 17.69 0.01
315900.0 310 60.31 0.55 118502 21245.59 0.55 16406 3520.1 0.59 5767433 1984991.23 21.79 310 174.6 0.59 117622 75188.01 21.79 211 0 99 74061 0 34749 17.3 18.1 17.71 0.01
316800.0 310 60.31 0.55 118812 21305.9 0.55 16405 3519.49 0.59 5783838 1988510.72 21.79 310 174.59 0.59 117932 75362.6 21.79 211 0 99 74272 0 34848 17.3 18.1 17.71 0.01
317700.0 376 60.45 0.55 119188 21366.35 0.55 16459 3517.51 0.59 5800297 1992028.23 21.79 370 174.75 0.59 118302 75537.35 21.79 211 0 99 74483 0 34947 17.3 18.1 17.71 0.01
318600.0 354 61.08 0.55 119542 21427.43 0.55 16424 3511.34 0.59 5816721 1995539.57 21.79 350 174.7 0.59 118652 75712.04 21.79 211 0 99 74694 0 35046 17.3 18.1 17.71 0.01
319500.0 310 60.31 0.55 119852 21487.74 0.55 16388 3513.72 0.59 5833109 1999053.29 21.79 310 174.65 0.59 118962 75886.69 21.79 211 0 99 74905 0 35145 17.3 18.2 17.72 0.02
320400.0 310 60.31 0.55 120162 21548.05 0.55 16389 3514.18 0.59 5849498 2002567.47 21.79 310 174.64 0.59 119272 76061.33 21.79 211 0 99 75116 0 35244 17.3 18.2 17.72 0.02
321300.0 376 60.45 0.55 120538 21608.5 0.55 16448 3513.88 0.59 5865946 2006081.35 21.79 370 174.8 0.59 119642 76236.13 21.79 211 0 99 75327 0 35343 17.3 18.2 17.72 0.02
322200.0 354 61.08 0.55 120892 21669.58 0.55 16414 3502.39 0.59 5882360 2009583.74 21.79 350 174.61 0.59 119992 76410.74 21.79 211 0 99 75538 0 35442 17.3 18.2 17.72 0.02
323100.0 310 60.3 0.55 121202 21729.88 0.55 16372 3498.59 0.59 5898732 2013082.32 21.79 310 174.46 0.59 120302 76585.2 21.79 211 0 99 75749 0 35541 17.3 18.2 17.73 0.02
324000.0 310 60.3 0.55 121512 21790.18 0.55 16373 3497.93 0.59 5915105 2016580.25 21.79 310 174.45 0.59 120612 76759.65 21.79 211 0 99 75960 0 35640 17.3 18.2 17.73 0.02
324900.0 376 60.44 0.55 121888 21850.62 0.55 16431 3497.09 0.59 5931536 2020077.34 21.79 370 174.61 0.59 120982 76934.27 21.79 211 0 99 76171 0 35739 17.3 18.2 17.73 0.02
325800.0 354 61.08 0.55 122242 21911.7 0.55 16399 3499.38 0.59 5947935 2023576.72 21.79 350 174.69 0.59 121332 77108.95 21.79 211 0 99 76382 0 35838 17.3 18.2 17.73 0.02
326700.0 310 60.31 0.55 122552 21972.01 0.55 16375 3508.22 0.59 5964310 2027084.94 21.79 310 174.65 0.59 121642 77283.6 21.79 211 0 99 76593 0 35937 17.3 18.3 17.75 0.02
327600.0 310 60.31 0.55 122862 22032.32 0.55 16371 3505.93 0.59 5980681 2030590.87 21.79 310 174.64 0.59 121952 77458.24 21.79 211 0 99 76804 0 36036 17.2 18.3 17.75 0.02
328500.0 376 60.45 0.55 123238 22092.77 0.55 16428 3505.08 0.59 5997109 2034095.95 21.79 370 174.8 0.59 122322 77633.04 21.79 211 0 99 77015 0 36135 17.2 18.3 17.75 0.02
329400.0 354 61.08 0.55 123592 22153.85 0.55 16391 3499.43 0.59 6013500 2037595.38 21.79 350 174.74 0.59 122672 77807.78 21.79 211 0 99 77226 0 36234 17.2 18.3 17.75 0.02
330300.0 310 60.31 0.55 123902 22214.16 0.55 16359 3503.82 0.59 6029859 2041099.2 21.79 310 174.65 0.59 122982 77982.42 21.79 211 0 99 77437 0 36333 17.2 18.4 17.76 0.03
331200.0 310 60.31 0.55 124212 22274.47 0.55 16358 3503.73 0.59 6046217 2044602.93 21.79 310 174.64 0.59 123292 78157.06 21.79 211 0 99 77648 0 36432 17.2 18.4 17.76 0.03
332100.0 376 60.45 0.55 124588 22334.92 0.55 16416 3502.88 0.59 6062633 2048105.81 21.79 370 174.8 0.59 123662 78331.86 21.79 211 0 99 77859 0 36531 17.2 18.4 17.76 0.03
333000.0 354 61.08 0.55 124942 22396.0 0.55 16364 3487.37 0.59 6078997 2051593.18 21.79 350 174.7 0.59 124012 78506.56 21.79 211 0 99 78070 0 36630 17.2 18.4 17.76 0.03
333900.0 310 60.31 0.55 125252 22456.31 0.55 16330 3490.66 0.59 6095327 2055083.83 21.79 310 174.6 0.59 124322 78681.17 21.79 211 0 99 78281 0 36729 17.2 18.5 17.77 0.03
334800.0 310 60.31 0.55 125562 22516.61 0.55 16333 3491.67 0.59 6111660 2058575.5 21.79 310 174.6 0.59 124632 78855.77 21.79 211 0 99 78492 0 36828 17.2 18.5 17.77 0.03
335700.0 376 60.45 0.55 125938 22577.06 0.55 16381 3486.96 0.59 6128041 2062062.46 21.79 370 174.76 0.59 125002 79030.52 21.79 211 0 99 78703 0 36927 17.2 18.5 17.77 0.03
336600.0 354 61.08 0.55 126292 22638.14 0.55 16339 3480.18 0.59 6144380 2065542.64 21.79 350 174.74 0.59 125352 79205.27 21.79 211 0 99 78914 0 37026 17.2 18.5 17.77 0.03
337500.0 310 60.31 0.55 126602 22698.45 0.55 16323 3487.87 0.59 6160703 2069030.51 21.79 310 174.65 0.59 125662 79379.91 21.79 211 0 99 79125 0 37125 17.2 18.5 17.79 0.03
338400.0 310 60.31 0.55 126912 22758.76 0.55 16316 3486.13 0.59 6177019 2072516.64 21.79 310 174.64 0.59 125972 79554.55 21.79 211 0 99 79336 0 37224 17.2 18.5 17.79 0.04
339300.0 376 60.45 0.55 127288 22819.21 0.55 16368 3483.63 0.59 6193387 2076000.27 21.79 370 174.8 0.59 126342 79729.35 21.79 211 0 99 79547 0 37323 17.2 18.5 17.79 0.04
340200.0 354 61.08 0.55 127642 22880.29 0.55 16306 3464.78 0.59 6209693 2079465.05 21.79 350 174.67 0.59 126692 79904.02 21.79 211 0 99 79758 0 37422 17.2 18.5 17.79 0.04
341100.0 310 60.31 0.55 127952 22940.6 0.55 16256 3460.36 0.59 6225949 2082925.41 21.79 310 174.57 0.59 127002 80078.59 21.79 211 0 99 79969 0 37521 17.2 18.5 17.79 0.04
342000.0 310 60.31 0.55 128262 23000.9 0.55 16255 3459.72 0.59 6242204 2086385.14 21.79 310 174.57 0.59 127312 80253.16 21.79 211 0 99 80180 0 37620 17.2 18.5 17.8 0.04
342900.0 376 60.44 0.55 128638 23061.35 0.55 16312 3459.97 0.59 6258516 2089845.1 21.79 370 174.72 0.59 127682 80427.88 21.79 211 0 99 80391 0 37719 17.2 18.5 17.8 0.04
343800.0 354 61.08 0.55 128992 23122.43 0.55 16280 3452.22 0.59 6274796 2093297.32 21.79 350 174.61 0.59 128032 80602.49 21.79 211 0 99 80602 0 37818 17.2 18.5 17.8 0.04
344700.0 310 60.3 0.55 129302 23182.73 0.55 16241 3451.66 0.59 6291037 2096748.98 21.79 310 174.51 0.59 128342 80777.0 21.79 211 0 99 80813 0 37917 17.2 18.6 17.8 0.04
345600.0 310 60.3 0.55 129612 23243.03 0.55 16238 3451.01 0.59 6307275 2100200.0 21.79 310 174.51 0.59 128652 80951.51 21.79 211 0 99 81024 0 38016 17.2 18.6 17.8 0.04
