# seed = 1, gamma = 1.0, beta = 1.0, dee = 1.0, dcc = 25.0, dec = 50.0, dsCnd = 50.0, dLocalhost = 0.02, hostBroker = EDGE 
#
# The columns have the following meaning: 
# instant[SECONDS] commCountUploadPartial delaySumUploadPartial[SECONDS] delayMaxUploadPartial[SECONDS] commCountUploadTot delaySumUploadTot[SECONDS] delayMaxUploadTot[SECONDS] commCountDownloadPartial delaySumDownloadPartial[SECONDS] delayMaxDownloadPartial[SECONDS] commCountDownloadTot delaySumDownloadTot[SECONDS] delayMaxDownloadTot[SECONDS] commCountDownloadMaxPartial delaySumDownloadMaxPartial[SECONDS] delayMaxDownloadMaxPartial[SECONDS] commCountDownloadMaxTot delaySumDownloadMaxTot[SECONDS] delayMaxDownloadMaxTot[SECONDS] runOnCloudPartial runOnEdgePartial runOnSmartphonePartial runOnCloudTot runOnEdgeTot runOnSmartphoneTot minTemp maxTemp avgTemp varianceTemp
0.0 0 0.0 0.0 0 0.0 0.0 0 0.0 0.0 0 0.0 0.0 0 0.0 0.0 0 0.0 0.0 0 0 0 0 0 0 17.0 25.0 21.0 0.0
900.0 376 16.11 0.05 376 16.11 0.05 16500 1625.3 0.16 16500 1625.3 0.16 370 31.62 0.16 370 31.62 0.16 0 10 300 0 10 300 18.9 21.0 19.37 0.77
1800.0 356 16.84 0.36 732 32.95 0.36 16788 186866.62 21.18 33288 188491.91 21.18 352 3509.02 21.18 722 3540.64 21.18 0 10 300 0 20 600 18.9 18.9 18.9 0.0
2700.0 310 16.0 0.05 1042 48.95 0.36 16438 1695.16 0.17 49726 190187.07 21.18 310 32.94 0.17 1032 3573.59 21.18 0 10 300 0 30 900 17.6 18.9 18.27 0.05
3600.0 310 16.0 0.05 1352 64.94 0.36 16440 1695.14 0.17 66166 191882.21 21.18 310 32.95 0.17 1342 3606.54 21.18 0 10 300 0 40 1200 17.6 18.7 18.21 0.05
4500.0 376 16.14 0.05 1728 81.08 0.36 16496 1695.16 0.17 82662 193577.37 21.18 370 32.95 0.17 1712 3639.48 21.18 0 10 300 0 50 1500 17.6 18.7 18.21 0.05
5400.0 356 16.84 0.36 2084 97.92 0.36 16824 8298.04 21.28 99486 201875.41 21.28 352 54.3 21.28 2064 3693.78 21.28 0 10 300 0 60 1800 17.6 18.7 18.21 0.05
6300.0 310 16.0 0.05 2394 113.92 0.36 16514 1717.31 0.17 116000 203592.72 21.28 310 33.27 0.17 2374 3727.05 21.28 0 10 300 0 70 2100 17.6 18.7 18.21 0.04
7200.0 310 16.0 0.05 2704 129.92 0.36 16516 1717.38 0.17 132516 205310.11 21.28 310 33.28 0.17 2684 3760.33 21.28 0 10 300 0 80 2400 17.6 18.7 18.23 0.04
8100.0 376 16.14 0.05 3080 146.07 0.36 16574 1717.32 0.17 149090 207027.43 21.28 370 33.28 0.17 3054 3793.61 21.28 0 10 300 0 90 2700 17.6 18.7 18.23 0.04
9000.0 356 16.84 0.36 3436 162.91 0.36 16856 8296.0 21.27 165946 215323.43 21.28 352 54.3 21.27 3406 3847.91 21.28 0 10 300 0 100 3000 17.6 18.7 18.23 0.04
9900.0 310 16.0 0.05 3746 178.91 0.36 16498 1704.75 0.17 182444 217028.18 21.28 310 33.05 0.17 3716 3880.96 21.28 0 10 300 0 110 3300 17.6 18.7 18.22 0.04
10800.0 310 16.0 0.05 4056 194.9 0.36 16502 1704.91 0.17 198946 218733.09 21.28 310 33.06 0.17 4026 3914.03 21.28 0 10 300 0 120 3600 17.6 18.7 18.13 0.04
11700.0 376 16.14 0.05 4432 211.04 0.36 16561 1704.76 0.17 215507 220437.86 21.28 370 33.05 0.17 4396 3947.08 21.28 0 10 300 0 130 3900 17.6 18.7 18.13 0.04
12600.0 354 16.78 0.36 4786 227.82 0.36 16523 1713.4 0.17 232030 222151.25 21.28 350 33.22 0.17 4746 3980.3 21.28 0 10 300 0 140 4200 17.6 18.7 18.13 0.04
13500.0 310 16.0 0.05 5096 243.82 0.36 16438 1713.23 0.17 248468 223864.48 21.28 310 33.21 0.17 5056 4013.51 21.28 0 10 300 0 150 4500 17.6 18.7 18.13 0.04
14400.0 310 16.0 0.05 5406 259.82 0.36 16436 1713.4 0.17 264904 225577.88 21.28 310 33.22 0.17 5366 4046.73 21.28 0 10 300 0 160 4800 17.6 18.7 18.12 0.04
15300.0 376 16.14 0.05 5782 275.97 0.36 16496 1713.24 0.17 281400 227291.12 21.28 370 33.21 0.17 5736 4079.94 21.28 0 10 300 0 170 5100 17.6 18.7 18.12 0.04
16200.0 354 16.77 0.36 6136 292.74 0.36 16470 1706.34 0.17 297870 228997.46 21.28 350 33.1 0.17 6086 4113.03 21.28 0 10 300 0 180 5400 17.6 18.7 18.12 0.04
17100.0 310 16.0 0.05 6446 308.73 0.36 16433 1700.45 0.17 314303 230697.91 21.28 310 32.97 0.17 6396 4146.01 21.28 0 10 300 0 190 5700 17.6 18.7 18.1 0.03
18000.0 310 16.0 0.05 6756 324.73 0.36 16437 1700.44 0.17 330740 232398.34 21.28 310 32.98 0.17 6706 4178.99 21.28 0 10 300 0 200 6000 17.6 18.6 18.09 0.04
18900.0 376 16.14 0.05 7132 340.87 0.36 16497 1700.45 0.17 347237 234098.79 21.28 370 32.98 0.17 7076 4211.97 21.28 0 10 300 0 210 6300 17.6 18.6 18.09 0.04
19800.0 354 16.77 0.36 7486 357.64 0.36 16471 1706.48 0.17 363708 235805.27 21.28 350 33.1 0.17 7426 4245.06 21.28 0 10 300 0 220 6600 17.6 18.6 18.09 0.04
20700.0 310 16.0 0.05 7796 373.64 0.36 16435 1706.32 0.17 380143 237511.59 21.28 310 33.08 0.17 7736 4278.14 21.28 0 10 300 0 230 6900 17.6 18.6 18.07 0.03
21600.0 310 16.0 0.05 8106 389.64 0.36 16438 1706.48 0.17 396581 239218.08 21.28 310 33.09 0.17 8046 4311.24 21.28 0 10 300 0 240 7200 17.6 18.6 18.06 0.03
22500.0 376 16.14 0.05 8482 405.78 0.36 16497 1706.33 0.17 413078 240924.4 21.28 370 33.08 0.17 8416 4344.32 21.28 0 10 300 0 250 7500 17.6 18.6 18.06 0.03
23400.0 354 16.78 0.36 8836 422.55 0.36 16464 1712.03 0.17 429542 242636.43 21.28 350 33.2 0.17 8766 4377.52 21.28 0 10 300 0 260 7800 17.6 18.6 18.06 0.03
24300.0 310 16.0 0.05 9146 438.56 0.36 16421 1717.56 0.17 445963 244353.99 21.28 310 33.29 0.17 9076 4410.81 21.28 0 10 300 0 270 8100 17.5 18.6 18.05 0.03
25200.0 310 16.0 0.05 9456 454.56 0.36 16428 1717.72 0.17 462391 246071.71 21.28 310 33.3 0.17 9386 4444.11 21.28 0 10 300 0 280 8400 17.5 18.6 18.02 0.03
26100.0 376 16.15 0.05 9832 470.7 0.36 16487 1717.56 0.17 478878 247789.26 21.28 370 33.29 0.17 9756 4477.4 21.28 0 10 300 0 290 8700 17.5 18.6 18.02 0.03
27000.0 354 16.78 0.36 10186 487.48 0.36 16460 1717.72 0.17 495338 249506.99 21.28 350 33.31 0.17 10106 4510.71 21.28 0 10 300 0 300 9000 17.5 18.6 18.02 0.03
27900.0 310 16.0 0.05 10496 503.48 0.36 16430 1711.58 0.17 511768 251218.56 21.28 310 33.18 0.17 10416 4543.89 21.28 0 10 300 0 310 9300 17.5 18.6 18.0 0.03
28800.0 310 16.0 0.05 10806 519.48 0.36 16437 1711.73 0.17 528205 252930.29 21.28 310 33.19 0.17 10726 4577.08 21.28 0 10 300 0 320 9600 17.5 18.6 17.99 0.03
29700.0 376 16.14 0.05 11182 535.62 0.36 16495 1711.58 0.17 544700 254641.87 21.28 370 33.18 0.17 11096 4610.26 21.28 0 10 300 0 330 9900 17.5 18.6 17.99 0.03
30600.0 354 16.78 0.36 11536 552.4 0.36 16458 1711.73 0.17 561158 256353.6 21.28 350 33.2 0.17 11446 4643.46 21.28 0 10 300 0 340 10200 17.5 18.6 17.99 0.03
31500.0 310 16.0 0.05 11846 568.4 0.36 16425 1717.55 0.17 577583 258071.15 21.28 310 33.29 0.17 11756 4676.75 21.28 0 10 300 0 350 10500 17.4 18.6 17.96 0.03
32400.0 310 16.0 0.05 12156 584.4 0.36 16431 1717.72 0.17 594014 259788.87 21.28 310 33.3 0.17 12066 4710.05 21.28 0 10 300 0 360 10800 17.4 18.5 17.95 0.03
33300.0 376 16.15 0.05 12532 600.55 0.36 16491 1717.56 0.17 610505 261506.43 21.28 370 33.29 0.17 12436 4743.34 21.28 0 10 300 0 370 11100 17.4 18.5 17.95 0.03
34200.0 354 16.78 0.36 12886 617.33 0.36 16456 1717.72 0.17 626961 263224.15 21.28 350 33.31 0.17 12786 4776.64 21.28 0 10 300 0 380 11400 17.4 18.5 17.95 0.03
35100.0 310 16.0 0.05 13196 633.33 0.36 16420 1717.56 0.17 643381 264941.71 21.28 310 33.29 0.17 13096 4809.93 21.28 0 10 300 0 390 11700 17.4 18.5 17.93 0.03
36000.0 310 16.0 0.05 13506 649.33 0.36 16434 1717.72 0.17 659815 266659.43 21.28 310 33.3 0.17 13406 4843.24 21.28 0 10 300 0 400 12000 17.4 18.5 17.91 0.03
36900.0 376 16.15 0.05 13882 665.48 0.36 16494 1717.56 0.17 676309 268376.99 21.28 370 33.29 0.17 13776 4876.53 21.28 0 10 300 0 410 12300 17.4 18.5 17.91 0.03
37800.0 354 16.77 0.36 14236 682.25 0.36 16457 1707.44 0.17 692766 270084.43 21.28 350 33.11 0.17 14126 4909.64 21.28 0 10 300 0 420 12600 17.4 18.5 17.91 0.03
38700.0 310 16.0 0.05 14546 698.25 0.36 16410 1707.27 0.17 709176 271791.7 21.28 310 33.1 0.17 14436 4942.74 21.28 0 10 300 0 430 12900 17.3 18.5 17.89 0.03
39600.0 310 16.0 0.05 14856 714.25 0.36 16426 1707.43 0.17 725602 273499.13 21.28 310 33.11 0.17 14746 4975.85 21.28 0 10 300 0 440 13200 17.3 18.5 17.87 0.04
40500.0 376 16.14 0.05 15232 730.39 0.36 16483 1707.27 0.17 742085 275206.4 21.28 370 33.1 0.17 15116 5008.95 21.28 0 10 300 0 450 13500 17.3 18.5 17.87 0.04
41400.0 354 16.78 0.36 15586 747.17 0.36 16456 1717.72 0.17 758541 276924.12 21.28 350 33.31 0.17 15466 5042.25 21.28 0 10 300 0 460 13800 17.3 18.5 17.87 0.04
42300.0 310 16.0 0.05 15896 763.17 0.36 16421 1711.87 0.17 774962 278635.99 21.28 310 33.18 0.17 15776 5075.44 21.28 0 10 300 0 470 14100 17.3 18.5 17.85 0.04
43200.0 310 16.0 0.05 16206 779.17 0.36 16431 1712.03 0.17 791393 280348.02 21.28 310 33.2 0.17 16086 5108.64 21.28 0 10 300 0 480 14400 17.2 18.4 17.83 0.05
44100.0 376 16.14 0.05 16582 795.31 0.36 16491 1711.87 0.17 807884 282059.89 21.28 370 33.19 0.17 16456 5141.82 21.28 0 10 300 0 490 14700 17.2 18.4 17.83 0.05
45000.0 354 16.78 0.36 16936 812.08 0.36 16450 1712.03 0.17 824334 283771.92 21.28 350 33.2 0.17 16806 5175.03 21.28 0 10 300 0 500 15000 17.2 18.4 17.83 0.05
45900.0 310 16.0 0.05 17246 828.08 0.36 16414 1711.0 0.17 840748 285482.92 21.28 310 33.17 0.17 17116 5208.19 21.28 0 10 300 0 510 15300 17.2 18.5 17.81 0.05
46800.0 310 16.0 0.05 17556 844.08 0.36 16425 1711.16 0.17 857173 287194.08 21.28 310 33.18 0.17 17426 5241.38 21.28 0 10 300 0 520 15600 17.2 18.5 17.8 0.06
47700.0 376 16.14 0.05 17932 860.23 0.36 16485 1711.0 0.17 873658 288905.08 21.28 370 33.17 0.17 17796 5274.55 21.28 0 10 300 0 530 15900 17.2 18.5 17.8 0.06
48600.0 354 16.78 0.36 18286 877.0 0.36 16444 1711.16 0.17 890102 290616.24 21.28 350 33.19 0.17 18146 5307.73 21.28 0 10 300 0 540 16200 17.2 18.5 17.8 0.06
49500.0 310 16.0 0.05 18596 893.0 0.36 16415 1717.56 0.17 906517 292333.8 21.28 310 33.29 0.17 18456 5341.02 21.28 0 10 300 0 550 16500 17.1 18.5 17.77 0.06
50400.0 310 16.0 0.05 18906 909.01 0.36 16435 1717.72 0.17 922952 294051.52 21.28 310 33.3 0.17 18766 5374.32 21.28 0 10 300 0 560 16800 17.1 18.5 17.75 0.07
51300.0 376 16.15 0.05 19282 925.15 0.36 16495 1717.56 0.17 939447 295769.08 21.28 370 33.29 0.17 19136 5407.61 21.28 0 10 300 0 570 17100 17.1 18.5 17.75 0.07
52200.0 354 16.78 0.36 19636 941.93 0.36 16452 1717.72 0.17 955899 297486.8 21.28 350 33.31 0.17 19486 5440.92 21.28 0 10 300 0 580 17400 17.1 18.5 17.75 0.07
53100.0 310 16.0 0.05 19946 957.93 0.36 16398 1717.56 0.17 972297 299204.35 21.28 310 33.29 0.17 19796 5474.21 21.28 0 10 300 0 590 17700 17.1 18.6 17.74 0.07
54000.0 310 16.0 0.05 20256 973.93 0.36 16404 1717.72 0.17 988701 300922.07 21.28 310 33.3 0.17 20106 5507.51 21.28 0 10 300 0 600 18000 17.1 18.6 17.73 0.08
54900.0 376 16.15 0.05 20632 990.08 0.36 16464 1717.56 0.17 1005165 302639.63 21.28 370 33.29 0.17 20476 5540.8 21.28 0 10 300 0 610 18300 17.1 18.6 17.73 0.08
55800.0 354 16.78 0.36 20986 1006.86 0.36 16439 1717.72 0.17 1021604 304357.35 21.28 350 33.31 0.17 20826 5574.1 21.28 0 10 300 0 620 18600 17.1 18.6 17.73 0.08
56700.0 310 16.0 0.05 21296 1022.86 0.36 16414 1717.56 0.17 1038018 306074.91 21.28 310 33.29 0.17 21136 5607.39 21.28 0 10 300 0 630 18900 17.1 18.6 17.71 0.08
57600.0 310 16.0 0.05 21606 1038.86 0.36 16425 1717.72 0.17 1054443 307792.63 21.28 310 33.3 0.17 21446 5640.69 21.28 0 10 300 0 640 19200 17.1 18.6 17.69 0.09
58500.0 376 16.15 0.05 21982 1055.01 0.36 16484 1717.56 0.17 1070927 309510.19 21.28 370 33.29 0.17 21816 5673.98 21.28 0 10 300 0 650 19500 17.1 18.6 17.69 0.09
59400.0 354 16.78 0.36 22336 1071.78 0.36 16433 1713.4 0.17 1087360 311223.59 21.28 350 33.22 0.17 22166 5707.21 21.28 0 10 300 0 660 19800 17.1 18.6 17.69 0.09
60300.0 310 16.0 0.05 22646 1087.78 0.36 16400 1713.23 0.17 1103760 312936.82 21.28 310 33.21 0.17 22476 5740.41 21.28 0 10 300 0 670 20100 17.0 18.6 17.68 0.1
61200.0 310 16.0 0.05 22956 1103.78 0.36 16413 1713.4 0.17 1120173 314650.22 21.28 310 33.22 0.17 22786 5773.64 21.28 0 10 300 0 680 20400 17.0 18.6 17.66 0.1
62100.0 376 16.14 0.05 23332 1119.93 0.36 16470 1713.24 0.17 1136643 316363.45 21.28 370 33.21 0.17 23156 5806.84 21.28 0 10 300 0 690 20700 17.0 18.6 17.66 0.1
63000.0 354 16.77 0.36 23686 1136.7 0.36 16433 1699.52 0.17 1153076 318062.97 21.28 350 32.97 0.17 23506 5839.81 21.28 0 10 300 0 700 21000 17.0 18.6 17.66 0.1
63900.0 310 15.99 0.05 23996 1152.69 0.36 16393 1693.79 0.17 1169469 319756.76 21.28 310 32.85 0.17 23816 5872.66 21.28 0 10 300 0 710 21300 17.0 18.6 17.65 0.11
64800.0 310 15.99 0.05 24306 1168.69 0.36 16398 1693.79 0.17 1185867 321450.55 21.28 310 32.86 0.17 24126 5905.51 21.28 0 10 300 0 720 21600 17.0 18.6 17.64 0.11
65700.0 376 16.13 0.05 24682 1184.82 0.36 16458 1693.79 0.17 1202325 323144.34 21.28 370 32.85 0.17 24496 5938.37 21.28 0 10 300 0 730 21900 17.0 18.6 17.64 0.11
66600.0 354 16.77 0.36 25036 1201.59 0.36 16424 1692.31 0.17 1218749 324836.65 21.28 350 32.83 0.17 24846 5971.2 21.28 0 10 300 0 740 22200 17.0 18.6 17.64 0.11
67500.0 310 15.99 0.05 25346 1217.58 0.36 16390 1685.53 0.17 1235139 326522.19 21.28 310 32.69 0.17 25156 6003.89 21.28 0 10 300 0 750 22500 17.0 18.7 17.63 0.11
68400.0 310 15.99 0.05 25656 1233.57 0.36 16392 1685.55 0.17 1251531 328207.73 21.28 310 32.7 0.17 25466 6036.59 21.28 0 10 300 0 760 22800 17.0 18.7 17.63 0.11
69300.0 376 16.13 0.05 26032 1249.7 0.36 16451 1685.54 0.17 1267982 329893.27 21.28 370 32.69 0.17 25836 6069.28 21.28 0 10 300 0 770 23100 17.0 18.7 17.63 0.11
70200.0 354 16.77 0.36 26386 1266.47 0.36 16409 1692.57 0.17 1284391 331585.84 21.28 350 32.84 0.17 26186 6102.12 21.28 0 10 300 0 780 23400 17.0 18.7 17.63 0.11
71100.0 310 15.99 0.05 26696 1282.46 0.36 16380 1693.43 0.17 1300771 333279.27 21.28 310 32.84 0.17 26496 6134.96 21.28 0 10 300 0 790 23700 17.0 18.7 17.63 0.12
72000.0 310 15.99 0.05 27006 1298.46 0.36 16389 1693.43 0.17 1317160 334972.7 21.28 310 32.85 0.17 26806 6167.81 21.28 0 10 300 0 800 24000 17.0 18.7 17.61 0.12
72900.0 376 16.13 0.05 27382 1314.59 0.36 16448 1693.44 0.17 1333608 336666.14 21.28 370 32.84 0.17 27176 6200.65 21.28 0 10 300 0 810 24300 17.0 18.7 17.61 0.12
73800.0 354 16.77 0.36 27736 1331.36 0.36 16416 1693.43 0.17 1350024 338359.57 21.28 350 32.85 0.17 27526 6233.51 21.28 0 10 300 0 820 24600 17.0 18.7 17.61 0.12
74700.0 310 15.99 0.05 28046 1347.35 0.36 16377 1699.33 0.17 1366401 340058.9 21.28 310 32.95 0.17 27836 6266.46 21.28 0 10 300 0 830 24900 17.0 18.7 17.6 0.12
75600.0 310 15.99 0.05 28356 1363.35 0.36 16375 1699.33 0.17 1382776 341758.23 21.28 310 32.96 0.17 28146 6299.42 21.28 0 10 300 0 840 25200 17.0 18.7 17.6 0.12
76500.0 376 16.14 0.05 28732 1379.49 0.36 16435 1699.33 0.17 1399211 343457.56 21.28 370 32.96 0.17 28516 6332.38 21.28 0 10 300 0 850 25500 17.0 18.7 17.6 0.12
77400.0 354 16.77 0.36 29086 1396.26 0.36 16405 1693.79 0.17 1415616 345151.35 21.28 350 32.86 0.17 28866 6365.23 21.28 0 10 300 0 860 25800 17.0 18.7 17.6 0.12
78300.0 310 15.99 0.05 29396 1412.25 0.36 16369 1693.79 0.17 1431985 346845.14 21.28 310 32.85 0.17 29176 6398.08 21.28 0 10 300 0 870 26100 17.0 18.6 17.6 0.12
79200.0 310 15.99 0.05 29706 1428.24 0.36 16372 1693.79 0.17 1448357 348538.93 21.28 310 32.86 0.17 29486 6430.94 21.28 0 10 300 0 880 26400 17.0 18.6 17.59 0.12
80100.0 376 16.13 0.05 30082 1444.38 0.36 16432 1693.79 0.17 1464789 350232.73 21.28 370 32.85 0.17 29856 6463.79 21.28 0 10 300 0 890 26700 17.0 18.6 17.59 0.12
81000.0 354 16.77 0.36 30436 1461.15 0.36 16401 1697.29 0.17 1481190 351930.02 21.28 350 32.92 0.17 30206 6496.71 21.28 0 10 300 0 900 27000 17.0 18.6 17.59 0.12
81900.0 310 16.0 0.05 30746 1477.14 0.36 16362 1703.02 0.17 1497552 353633.04 21.28 310 33.02 0.17 30516 6529.74 21.28 0 10 300 0 910 27300 17.0 18.6 17.59 0.12
82800.0 310 16.0 0.05 31056 1493.14 0.36 16366 1703.01 0.17 1513918 355336.05 21.28 310 33.03 0.17 30826 6562.77 21.28 0 10 300 0 920 27600 17.0 18.6 17.59 0.11
83700.0 376 16.14 0.05 31432 1509.28 0.36 16424 1703.02 0.17 1530342 357039.08 21.28 370 33.03 0.17 31196 6595.79 21.28 0 10 300 0 930 27900 17.0 18.6 17.59 0.11
84600.0 354 16.77 0.36 31786 1526.05 0.36 16397 1703.01 0.17 1546739 358742.09 21.28 350 33.03 0.17 31546 6628.83 21.28 0 10 300 0 940 28200 17.0 18.6 17.59 0.11
85500.0 310 15.99 0.05 32096 1542.05 0.36 16363 1696.25 0.17 1563102 360438.34 21.28 310 32.9 0.17 31856 6661.72 21.28 0 10 300 0 950 28500 17.0 18.6 17.59 0.11
86400.0 310 15.99 0.05 32406 1558.04 0.36 16361 1696.25 0.17 1579463 362134.59 21.28 310 32.9 0.17 32166 6694.63 21.28 0 10 300 0 960 28800 17.0 18.6 17.59 0.11
87300.0 376 16.14 0.05 32782 1574.18 0.36 16421 1696.25 0.17 1595884 363830.85 21.28 370 32.9 0.17 32536 6727.52 21.28 0 10 300 0 970 29100 17.0 18.6 17.59 0.11
88200.0 354 16.78 0.36 33136 1590.96 0.36 16391 1711.16 0.17 1612275 365542.0 21.28 350 33.19 0.17 32886 6760.71 21.28 0 10 300 0 980 29400 17.0 18.6 17.59 0.11
89100.0 310 16.0 0.05 33446 1606.96 0.36 16399 1717.56 0.17 1628674 367259.56 21.28 310 33.29 0.17 33196 6794.0 21.28 0 10 300 0 990 29700 17.1 18.5 17.6 0.07
90000.0 310 16.0 0.05 33756 1622.96 0.36 16450 1717.72 0.17 1645124 368977.28 21.28 310 33.3 0.17 33506 6827.3 21.28 0 10 300 0 1000 30000 17.1 18.5 17.68 0.05
90900.0 376 16.15 0.05 34132 1639.11 0.36 16509 1717.56 0.17 1661633 370694.84 21.28 370 33.29 0.17 33876 6860.59 21.28 0 10 300 0 1010 30300 17.1 18.5 17.68 0.05
91800.0 354 16.77 0.36 34486 1655.88 0.36 16466 1696.89 0.17 1678099 372391.73 21.28 350 32.92 0.17 34226 6893.51 21.28 0 10 300 0 1020 30600 17.1 18.5 17.68 0.05
92700.0 310 15.99 0.05 34796 1671.87 0.36 16472 1683.92 0.17 1694571 374075.65 21.28 310 32.66 0.17 34536 6926.17 21.28 0 10 300 0 1030 30900 17.1 23.8 19.25 2.19
93600.0 310 15.99 0.05 35106 1687.86 0.36 16477 1683.93 0.17 1711048 375759.58 21.28 310 32.67 0.17 34846 6958.84 21.28 0 10 300 0 1040 31200 17.1 23.8 20.49 4.66
94500.0 376 16.13 0.05 35482 1703.99 0.36 16534 1683.92 0.17 1727582 377443.5 21.28 370 32.66 0.17 35216 6991.5 21.28 0 10 300 0 1050 31500 17.1 23.8 20.49 4.66
95400.0 354 16.77 0.36 35836 1720.76 0.36 16509 1683.93 0.17 1744091 379127.43 21.28 350 32.67 0.17 35566 7024.17 21.28 0 10 300 0 1060 31800 17.1 23.8 20.49 4.66
96300.0 310 15.99 0.05 36146 1736.75 0.36 16474 1683.92 0.17 1760565 380811.35 21.28 310 32.66 0.17 35876 7056.83 21.28 0 10 300 0 1070 32100 17.4 24.0 20.9 4.53
97200.0 310 15.99 0.05 36456 1752.74 0.36 16474 1683.93 0.17 1777039 382495.28 21.28 310 32.67 0.17 36186 7089.5 21.28 0 10 300 0 1080 32400 17.4 24.0 21.02 4.64
98100.0 376 16.13 0.05 36832 1768.87 0.36 16527 1683.92 0.17 1793566 384179.19 21.28 370 32.66 0.17 36556 7122.17 21.28 0 10 300 0 1090 32700 17.4 24.0 21.02 4.64
99000.0 354 16.76 0.36 37186 1785.63 0.36 16502 1674.08 0.17 1810068 385853.27 21.28 350 32.48 0.17 36906 7154.65 21.28 0 10 300 0 1100 33000 17.4 24.0 21.02 4.64
99900.0 310 15.99 0.05 37496 1801.62 0.36 16470 1674.06 0.17 1826538 387527.33 21.28 310 32.48 0.17 37216 7187.13 21.28 0 10 300 0 1110 33300 17.7 24.0 21.33 3.92
100800.0 310 15.99 0.05 37806 1817.6 0.36 16466 1674.07 0.17 1843004 389201.41 21.28 310 32.48 0.17 37526 7219.61 21.28 0 10 300 0 1120 33600 17.8 24.0 21.4 3.87
101700.0 376 16.13 0.05 38182 1833.73 0.36 16526 1674.06 0.17 1859530 390875.47 21.28 370 32.48 0.17 37896 7252.09 21.28 0 10 300 0 1130 33900 17.8 24.0 21.4 3.87
102600.0 354 16.76 0.36 38536 1850.5 0.36 16502 1672.05 0.17 1876032 392547.51 21.28 350 32.45 0.17 38246 7284.54 21.28 0 10 300 0 1140 34200 17.8 24.0 21.4 3.87
103500.0 310 15.99 0.05 38846 1866.48 0.36 16466 1672.13 0.17 1892498 394219.64 21.28 310 32.44 0.17 38556 7316.98 21.28 0 10 300 0 1150 34500 18.2 24.0 21.64 3.12
104400.0 310 15.99 0.05 39156 1882.47 0.36 16465 1672.04 0.17 1908963 395891.69 21.28 310 32.45 0.17 38866 7349.42 21.28 0 10 300 0 1160 34800 18.5 24.0 21.7 3.06
105300.0 376 16.13 0.05 39532 1898.6 0.36 16524 1672.13 0.17 1925487 397563.82 21.28 370 32.44 0.17 39236 7381.87 21.28 0 10 300 0 1170 35100 18.5 24.0 21.7 3.06
106200.0 354 16.76 0.36 39886 1915.35 0.36 16500 1660.27 0.17 1941987 399224.09 21.28 350 32.22 0.17 39586 7414.09 21.28 0 10 300 0 1180 35400 18.5 24.0 21.7 3.06
107100.0 310 15.98 0.05 40196 1931.33 0.36 16463 1654.44 0.16 1958450 400878.52 21.28 310 32.11 0.16 39896 7446.2 21.28 0 10 300 0 1190 35700 18.8 24.0 21.7 2.83
108000.0 310 15.98 0.05 40506 1947.31 0.36 16462 1654.36 0.16 1974912 402532.88 21.28 310 32.11 0.16 40206 7478.31 21.28 0 10 300 0 1200 36000 18.9 24.0 21.7 2.81
108900.0 376 16.12 0.05 40882 1963.44 0.36 16518 1654.44 0.16 1991430 404187.32 21.28 370 32.11 0.16 40576 7510.42 21.28 0 10 300 0 1210 36300 18.9 24.0 21.7 2.81
109800.0 354 16.76 0.36 41236 1980.19 0.36 16494 1654.36 0.16 2007924 405841.68 21.28 350 32.11 0.16 40926 7542.53 21.28 0 10 300 0 1220 36600 18.9 24.0 21.7 2.81
110700.0 310 15.98 0.05 41546 1996.17 0.36 16454 1654.44 0.16 2024378 407496.12 21.28 310 32.11 0.16 41236 7574.64 21.28 0 10 300 0 1230 36900 18.9 24.0 21.59 2.75
111600.0 310 15.98 0.05 41856 2012.15 0.36 16451 1654.36 0.16 2040829 409150.48 21.28 310 32.11 0.16 41546 7606.75 21.28 0 10 300 0 1240 37200 18.9 23.9 21.53 2.62
112500.0 376 16.12 0.05 42232 2028.27 0.36 16510 1654.44 0.16 2057339 410804.92 21.28 370 32.11 0.16 41916 7638.86 21.28 0 10 300 0 1250 37500 18.9 23.9 21.53 2.62
113400.0 354 16.76 0.36 42586 2045.03 0.36 16487 1654.36 0.16 2073826 412459.28 21.28 350 32.11 0.16 42266 7670.98 21.28 0 10 300 0 1260 37800 18.9 23.9 21.53 2.62
114300.0 310 15.98 0.05 42896 2061.01 0.36 16448 1654.44 0.16 2090274 414113.72 21.28 310 32.11 0.16 42576 7703.08 21.28 0 10 300 0 1270 38100 18.9 24.0 23.29 0.19
115200.0 310 15.98 0.05 43206 2076.99 0.36 16448 1654.36 0.16 2106722 415768.08 21.28 310 32.11 0.16 42886 7735.19 21.28 0 10 300 0 1280 38400 22.6 24.0 23.49 0.04
116100.0 376 16.12 0.05 43582 2093.11 0.36 16507 1654.44 0.16 2123229 417422.52 21.28 370 32.11 0.16 43256 7767.3 21.28 0 10 300 0 1290 38700 22.6 24.0 23.49 0.04
117000.0 354 16.76 0.36 43936 2109.87 0.36 16487 1654.36 0.16 2139716 419076.88 21.28 350 32.11 0.16 43606 7799.42 21.28 0 10 300 0 1300 39000 22.6 24.0 23.49 0.04
117900.0 310 15.98 0.05 44246 2125.84 0.36 16447 1654.44 0.16 2156163 420731.32 21.28 310 32.11 0.16 43916 7831.53 21.28 0 10 300 0 1310 39300 22.7 24.0 23.55 0.02
118800.0 310 15.98 0.05 44556 2141.82 0.36 16447 1654.36 0.16 2172610 422385.68 21.28 310 32.11 0.16 44226 7863.64 21.28 0 10 300 0 1320 39600 22.7 24.0 23.59 0.02
119700.0 376 16.12 0.05 44932 2157.95 0.36 16502 1654.44 0.16 2189112 424040.12 21.28 370 32.11 0.16 44596 7895.75 21.28 0 10 300 0 1330 39900 22.7 24.0 23.59 0.02
120600.0 354 16.76 0.36 45286 2174.7 0.36 16482 1654.36 0.16 2205594 425694.48 21.28 350 32.11 0.16 44946 7927.86 21.28 0 10 300 0 1340 40200 22.7 24.0 23.59 0.02
121500.0 310 15.98 0.05 45596 2190.68 0.36 16441 1654.44 0.16 2222035 427348.92 21.28 310 32.11 0.16 45256 7959.97 21.28 0 10 300 0 1350 40500 22.8 24.0 23.63 0.01
122400.0 310 15.98 0.05 45906 2206.66 0.36 16440 1654.36 0.16 2238475 429003.27 21.28 310 32.11 0.16 45566 7992.08 21.28 0 10 300 0 1360 40800 22.8 24.0 23.66 0.01
123300.0 376 16.12 0.05 46282 2222.78 0.36 16500 1654.44 0.16 2254975 430657.72 21.28 370 32.11 0.16 45936 8024.19 21.28 0 10 300 0 1370 41100 22.8 24.0 23.66 0.01
124200.0 354 16.76 0.36 46636 2239.54 0.36 16479 1654.36 0.16 2271454 432312.08 21.28 350 32.11 0.16 46286 8056.3 21.28 0 10 300 0 1380 41400 22.8 24.0 23.66 0.01
125100.0 310 15.98 0.05 46946 2255.52 0.36 16436 1654.44 0.16 2287890 433966.51 21.28 310 32.11 0.16 46596 8088.41 21.28 0 10 300 0 1390 41700 22.9 24.0 23.69 0.01
126000.0 310 15.98 0.05 47256 2271.5 0.36 16434 1654.36 0.16 2304324 435620.87 21.28 310 32.11 0.16 46906 8120.52 21.28 0 10 300 0 1400 42000 22.9 24.0 23.72 0.01
126900.0 376 16.12 0.05 47632 2287.62 0.36 16493 1654.44 0.16 2320817 437275.31 21.28 370 32.11 0.16 47276 8152.63 21.28 0 10 300 0 1410 42300 22.9 24.0 23.72 0.01
127800.0 354 16.76 0.36 47986 2304.38 0.36 16471 1654.36 0.16 2337288 438929.67 21.28 350 32.11 0.16 47626 8184.74 21.28 0 10 300 0 1420 42600 22.9 24.0 23.72 0.01
128700.0 310 15.98 0.05 48296 2320.36 0.36 16431 1654.44 0.16 2353719 440584.11 21.28 310 32.11 0.16 47936 8216.85 21.28 0 10 300 0 1430 42900 23.1 24.0 23.75 0.01
129600.0 310 15.98 0.05 48606 2336.33 0.36 16430 1654.36 0.16 2370149 442238.47 21.28 310 32.11 0.16 48246 8248.96 21.28 0 10 300 0 1440 43200 23.1 24.0 23.77 0.01
130500.0 376 16.12 0.05 48982 2352.46 0.36 16486 1654.44 0.16 2386635 443892.91 21.28 370 32.11 0.16 48616 8281.07 21.28 0 10 300 0 1450 43500 23.1 24.0 23.77 0.01
131400.0 354 16.76 0.36 49336 2369.21 0.36 16466 1654.36 0.16 2403101 445547.27 21.28 350 32.11 0.16 48966 8313.18 21.28 0 10 300 0 1460 43800 23.1 24.0 23.77 0.01
132300.0 310 15.98 0.05 49646 2385.19 0.36 16426 1654.44 0.16 2419527 447201.71 21.28 310 32.11 0.16 49276 8345.29 21.28 0 10 300 0 1470 44100 23.2 24.0 23.79 0.01
133200.0 310 15.98 0.05 49956 2401.17 0.36 16425 1654.36 0.16 2435952 448856.07 21.28 310 32.11 0.16 49586 8377.4 21.28 0 10 300 0 1480 44400 23.2 24.0 23.81 0.01
134100.0 376 16.12 0.05 50332 2417.29 0.36 16483 1654.44 0.16 2452435 450510.51 21.28 370 32.11 0.16 49956 8409.51 21.28 0 10 300 0 1490 44700 23.2 24.0 23.81 0.01
135000.0 354 16.76 0.36 50686 2434.05 0.36 16463 1654.36 0.16 2468898 452164.87 21.28 350 32.11 0.16 50306 8441.62 21.28 0 10 300 0 1500 45000 23.2 24.0 23.81 0.01
135900.0 310 15.98 0.05 50996 2450.03 0.36 16421 1654.44 0.16 2485319 453819.3 21.28 310 32.11 0.16 50616 8473.73 21.28 0 10 300 0 1510 45300 23.3 24.0 23.83 0.01
136800.0 310 15.98 0.05 51306 2466.01 0.36 16419 1654.36 0.16 2501738 455473.66 21.28 310 32.11 0.16 50926 8505.84 21.28 0 10 300 0 1520 45600 23.3 24.0 23.84 0.01
137700.0 376 16.12 0.05 51682 2482.13 0.36 16478 1654.44 0.16 2518216 457128.1 21.28 370 32.11 0.16 51296 8537.95 21.28 0 10 300 0 1530 45900 23.3 24.0 23.84 0.01
138600.0 354 16.76 0.36 52036 2498.89 0.36 16456 1654.36 0.16 2534672 458782.46 21.28 350 32.11 0.16 51646 8570.06 21.28 0 10 300 0 1540 46200 23.3 24.0 23.84 0.01
139500.0 310 15.98 0.05 52346 2514.87 0.36 16416 1654.44 0.16 2551088 460436.9 21.28 310 32.11 0.16 51956 8602.17 21.28 0 10 300 0 1550 46500 23.4 24.0 23.85 0.01
140400.0 310 15.98 0.05 52656 2530.85 0.36 16415 1654.36 0.16 2567503 462091.26 21.28 310 32.11 0.16 52266 8634.28 21.28 0 10 300 0 1560 46800 23.4 24.0 23.86 0.01
141300.0 376 16.12 0.05 53032 2546.97 0.36 16473 1654.44 0.16 2583976 463745.7 21.28 370 32.11 0.16 52636 8666.39 21.28 0 10 300 0 1570 47100 23.4 24.0 23.86 0.01
142200.0 354 16.76 0.36 53386 2563.72 0.36 16453 1654.36 0.16 2600429 465400.06 21.28 350 32.11 0.16 52986 8698.51 21.28 0 10 300 0 1580 47400 23.4 24.0 23.86 0.01
143100.0 310 15.98 0.05 53696 2579.7 0.36 16413 1654.44 0.16 2616842 467054.5 21.28 310 32.11 0.16 53296 8730.61 21.28 0 10 300 0 1590 47700 23.5 24.0 23.88 0.01
144000.0 310 15.98 0.05 54006 2595.68 0.36 16412 1654.36 0.16 2633254 468708.85 21.28 310 32.11 0.16 53606 8762.72 21.28 0 10 300 0 1600 48000 23.5 24.0 23.88 0.01
144900.0 376 16.12 0.05 54382 2611.81 0.36 16471 1654.44 0.16 2649725 470363.3 21.28 370 32.11 0.16 53976 8794.83 21.28 0 10 300 0 1610 48300 23.5 24.0 23.88 0.01
145800.0 354 16.76 0.36 54736 2628.56 0.36 16450 1654.36 0.16 2666175 472017.66 21.28 350 32.11 0.16 54326 8826.95 21.28 0 10 300 0 1620 48600 23.5 24.0 23.88 0.01
146700.0 310 15.98 0.05 55046 2644.54 0.36 16409 1654.44 0.16 2682584 473672.09 21.28 310 32.11 0.16 54636 8859.06 21.28 0 10 300 0 1630 48900 23.6 24.0 23.89 0.01
147600.0 310 15.98 0.05 55356 2660.52 0.36 16409 1654.36 0.16 2698993 475326.45 21.28 310 32.11 0.16 54946 8891.17 21.28 0 10 300 0 1640 49200 23.6 24.0 23.89 0.01
148500.0 376 16.12 0.05 55732 2676.64 0.36 16469 1654.44 0.16 2715462 476980.89 21.28 370 32.11 0.16 55316 8923.28 21.28 0 10 300 0 1650 49500 23.6 24.0 23.89 0.01
149400.0 354 16.76 0.36 56086 2693.4 0.36 16448 1654.36 0.16 2731910 478635.25 21.28 350 32.11 0.16 55666 8955.39 21.28 0 10 300 0 1660 49800 23.6 24.0 23.89 0.01
150300.0 310 15.98 0.05 56396 2709.38 0.36 16408 1654.44 0.16 2748318 480289.69 21.28 310 32.11 0.16 55976 8987.5 21.28 0 10 300 0 1670 50100 23.7 24.0 23.89 0.01
151200.0 310 15.98 0.05 56706 2725.36 0.36 16406 1654.36 0.16 2764724 481944.05 21.28 310 32.11 0.16 56286 9019.61 21.28 0 10 300 0 1680 50400 23.7 24.0 23.9 0.01
152100.0 376 16.12 0.05 57082 2741.48 0.36 16464 1654.44 0.16 2781188 483598.49 21.28 370 32.11 0.16 56656 9051.72 21.28 0 10 300 0 1690 50700 23.7 24.0 23.9 0.01
153000.0 354 16.76 0.36 57436 2758.24 0.36 16444 1654.36 0.16 2797632 485252.85 21.28 350 32.11 0.16 57006 9083.83 21.28 0 10 300 0 1700 51000 23.7 24.0 23.9 0.01
153900.0 310 15.98 0.05 57746 2774.21 0.36 16401 1654.44 0.16 2814033 486907.28 21.28 310 32.11 0.16 57316 9115.94 21.28 0 10 300 0 1710 51300 23.6 24.0 23.89 0.01
154800.0 310 15.98 0.05 58056 2790.19 0.36 16400 1654.36 0.16 2830433 488561.64 21.28 310 32.11 0.16 57626 9148.05 21.28 0 10 300 0 1720 51600 23.6 24.0 23.89 0.01
155700.0 376 16.12 0.05 58432 2806.32 0.36 16460 1654.44 0.16 2846893 490216.08 21.28 370 32.11 0.16 57996 9180.16 21.28 0 10 300 0 1730 51900 23.6 24.0 23.89 0.01
156600.0 354 16.76 0.36 58786 2823.07 0.36 16440 1654.36 0.16 2863333 491870.44 21.28 350 32.11 0.16 58346 9212.27 21.28 0 10 300 0 1740 52200 23.6 24.0 23.89 0.01
157500.0 310 15.98 0.05 59096 2839.05 0.36 16397 1654.44 0.16 2879730 493524.88 21.28 310 32.11 0.16 58656 9244.38 21.28 0 10 300 0 1750 52500 23.5 24.0 23.88 0.01
158400.0 310 15.98 0.05 59406 2855.03 0.36 16397 1654.36 0.16 2896127 495179.24 21.28 310 32.11 0.16 58966 9276.49 21.28 0 10 300 0 1760 52800 23.5 24.0 23.88 0.01
159300.0 376 16.12 0.05 59782 2871.15 0.36 16455 1654.44 0.16 2912582 496833.68 21.28 370 32.11 0.16 59336 9308.6 21.28 0 10 300 0 1770 53100 23.5 24.0 23.88 0.01
160200.0 354 16.76 0.36 60136 2887.91 0.36 16434 1654.36 0.16 2929016 498488.04 21.28 350 32.11 0.16 59686 9340.71 21.28 0 10 300 0 1780 53400 23.5 24.0 23.88 0.01
161100.0 310 15.98 0.05 60446 2903.89 0.36 16394 1654.44 0.16 2945410 500142.47 21.28 310 32.11 0.16 59996 9372.82 21.28 0 10 300 0 1790 53700 23.4 24.0 23.85 0.01
162000.0 310 15.98 0.05 60756 2919.87 0.36 16394 1654.36 0.16 2961804 501796.83 21.28 310 32.11 0.16 60306 9404.93 21.28 0 10 300 0 1800 54000 23.4 24.0 23.85 0.01
162900.0 376 16.12 0.05 61132 2935.99 0.36 16452 1654.44 0.16 2978256 503451.27 21.28 370 32.11 0.16 60676 9437.04 21.28 0 10 300 0 1810 54300 23.4 24.0 23.85 0.01
163800.0 354 16.76 0.36 61486 2952.74 0.36 16432 1654.36 0.16 2994688 505105.63 21.28 350 32.11 0.16 61026 9469.15 21.28 0 10 300 0 1820 54600 23.4 24.0 23.85 0.01
164700.0 310 15.98 0.05 61796 2968.72 0.36 16390 1654.44 0.16 3011078 506760.07 21.28 310 32.11 0.16 61336 9501.26 21.28 0 10 300 0 1830 54900 23.3 24.0 23.83 0.02
165600.0 310 15.98 0.05 62106 2984.7 0.36 16386 1654.36 0.16 3027464 508414.43 21.28 310 32.11 0.16 61646 9533.37 21.28 0 10 300 0 1840 55200 23.3 24.0 23.82 0.02
166500.0 376 16.12 0.05 62482 3000.82 0.36 16446 1654.44 0.16 3043910 510068.87 21.28 370 32.11 0.16 62016 9565.48 21.28 0 10 300 0 1850 55500 23.3 24.0 23.82 0.02
167400.0 354 16.76 0.36 62836 3017.58 0.36 16424 1654.36 0.16 3060334 511723.23 21.28 350 32.11 0.16 62366 9597.6 21.28 0 10 300 0 1860 55800 23.3 24.0 23.82 0.02
168300.0 310 15.98 0.05 63146 3033.56 0.36 16380 1654.44 0.16 3076714 513377.66 21.28 310 32.11 0.16 62676 9629.7 21.28 0 10 300 0 1870 56100 23.2 24.0 23.8 0.03
169200.0 310 15.98 0.05 63456 3049.54 0.36 16380 1654.36 0.16 3093094 515032.02 21.28 310 32.11 0.16 62986 9661.81 21.28 0 10 300 0 1880 56400 23.2 24.0 23.79 0.02
170100.0 376 16.12 0.05 63832 3065.66 0.36 16439 1654.44 0.16 3109533 516686.46 21.28 370 32.11 0.16 63356 9693.92 21.28 0 10 300 0 1890 56700 23.2 24.0 23.79 0.02
171000.0 354 16.76 0.36 64186 3082.41 0.36 16418 1654.36 0.16 3125951 518340.82 21.28 350 32.11 0.16 63706 9726.04 21.28 0 10 300 0 1900 57000 23.2 24.0 23.79 0.02
171900.0 310 15.98 0.05 64496 3098.39 0.36 16376 1654.44 0.16 3142327 519995.26 21.28 310 32.11 0.16 64016 9758.14 21.28 0 10 300 0 1910 57300 23.1 24.0 23.76 0.03
172800.0 310 15.98 0.05 64806 3114.37 0.36 16377 1654.36 0.16 3158704 521649.61 21.28 310 32.11 0.16 64326 9790.25 21.28 0 10 300 0 1920 57600 23.1 24.0 23.74 0.02
173700.0 376 16.12 0.05 65182 3130.49 0.36 16433 1654.44 0.16 3175137 523304.05 21.28 370 32.11 0.16 64696 9822.36 21.28 0 10 300 0 1930 57900 23.1 24.0 23.74 0.02
174600.0 354 16.76 0.36 65536 3147.25 0.36 16412 1654.36 0.16 3191549 524958.41 21.28 350 32.11 0.16 65046 9854.48 21.28 0 10 300 0 1940 58200 23.1 24.0 23.74 0.02
175500.0 310 15.98 0.05 65846 3163.23 0.36 16369 1654.44 0.16 3207918 526612.85 21.28 310 32.11 0.16 65356 9886.59 21.28 0 10 300 0 1950 58500 22.9 23.9 23.69 0.03
176400.0 310 15.98 0.05 66156 3179.21 0.36 16367 1654.36 0.16 3224285 528267.21 21.28 310 32.11 0.16 65666 9918.7 21.28 0 10 300 0 1960 58800 22.9 23.9 23.68 0.03
177300.0 376 16.12 0.05 66532 3195.33 0.36 16427 1654.44 0.16 3240712 529921.65 21.28 370 32.11 0.16 66036 9950.81 21.28 0 10 300 0 1970 59100 22.9 23.9 23.68 0.03
178200.0 354 16.76 0.36 66886 3212.09 0.36 16407 1654.36 0.16 3257119 531576.01 21.28 350 32.11 0.16 66386 9982.92 21.28 0 10 300 0 1980 59400 22.9 23.9 23.68 0.03
179100.0 310 15.98 0.05 67196 3228.07 0.36 16363 1654.44 0.16 3273482 533230.44 21.28 310 32.11 0.16 66696 10015.03 21.28 0 10 300 0 1990 59700 22.8 23.9 23.61 0.03
180000.0 310 15.98 0.05 67506 3244.05 0.36 16365 1654.36 0.16 3289847 534884.8 21.28 310 32.11 0.16 67006 10047.14 21.28 0 10 300 0 2000 60000 22.8 23.9 23.58 0.03
180900.0 376 16.12 0.05 67882 3260.17 0.36 16423 1654.44 0.16 3306270 536539.24 21.28 370 32.11 0.16 67376 10079.25 21.28 0 10 300 0 2010 60300 22.8 23.9 23.58 0.03
181800.0 354 16.76 0.36 68236 3276.92 0.36 16393 1654.36 0.16 3322663 538193.6 21.28 350 32.11 0.16 67726 10111.36 21.28 0 10 300 0 2020 60600 22.8 23.9 23.58 0.03
182700.0 310 15.98 0.05 68546 3292.9 0.36 16357 1654.44 0.16 3339020 539848.04 21.28 310 32.11 0.16 68036 10143.47 21.28 0 10 300 0 2030 60900 22.7 23.8 23.49 0.03
183600.0 310 15.98 0.05 68856 3308.88 0.36 16356 1654.36 0.16 3355376 541502.4 21.28 310 32.11 0.16 68346 10175.58 21.28 0 10 300 0 2040 61200 22.7 23.8 23.44 0.02
184500.0 376 16.12 0.05 69232 3325.01 0.36 16408 1654.44 0.16 3371784 543156.83 21.28 370 32.11 0.16 68716 10207.69 21.28 0 10 300 0 2050 61500 22.7 23.8 23.44 0.02
185400.0 354 16.76 0.36 69586 3341.76 0.36 16379 1654.36 0.16 3388163 544811.19 21.28 350 32.11 0.16 69066 10239.8 21.28 0 10 300 0 2060 61800 22.7 23.8 23.44 0.02
186300.0 310 15.98 0.05 69896 3357.74 0.36 16346 1654.44 0.16 3404509 546465.63 21.28 310 32.11 0.16 69376 10271.91 21.28 0 10 300 0 2070 62100 22.4 23.7 23.31 0.03
187200.0 310 15.98 0.05 70206 3373.72 0.36 16349 1654.36 0.16 3420858 548119.99 21.28 310 32.11 0.16 69686 10304.02 21.28 0 10 300 0 2080 62400 22.4 23.7 23.26 0.02
188100.0 376 16.12 0.05 70582 3389.84 0.36 16408 1654.44 0.16 3437266 549774.43 21.28 370 32.11 0.16 70056 10336.13 21.28 0 10 300 0 2090 62700 22.4 23.7 23.26 0.02
189000.0 354 16.76 0.36 70936 3406.6 0.36 16384 1654.36 0.16 3453650 551428.79 21.28 350 32.11 0.16 70406 10368.24 21.28 0 10 300 0 2100 63000 22.4 23.7 23.26 0.02
189900.0 310 15.98 0.05 71246 3422.58 0.36 16348 1654.44 0.16 3469998 553083.22 21.28 310 32.11 0.16 70716 10400.35 21.28 0 10 300 0 2110 63300 22.1 23.5 23.09 0.04
190800.0 310 15.98 0.05 71556 3438.56 0.36 16347 1654.36 0.16 3486345 554737.58 21.28 310 32.11 0.16 71026 10432.46 21.28 0 10 300 0 2120 63600 22.1 23.5 23.01 0.03
191700.0 376 16.12 0.05 71932 3454.68 0.36 16407 1654.44 0.16 3502752 556392.02 21.28 370 32.11 0.16 71396 10464.57 21.28 0 10 300 0 2130 63900 22.1 23.5 23.01 0.03
192600.0 354 16.76 0.36 72286 3471.44 0.36 16369 1654.36 0.16 3519121 558046.38 21.28 350 32.11 0.16 71746 10496.69 21.28 0 10 300 0 2140 64200 22.1 23.5 23.01 0.03
193500.0 310 15.98 0.05 72596 3487.41 0.36 16336 1654.44 0.16 3535457 559700.82 21.28 310 32.11 0.16 72056 10528.79 21.28 0 10 300 0 2150 64500 22.0 23.3 22.82 0.03
194400.0 310 15.98 0.05 72906 3503.39 0.36 16336 1654.36 0.16 3551793 561355.17 21.28 310 32.11 0.16 72366 10560.91 21.28 0 10 300 0 2160 64800 22.0 23.3 22.72 0.02
195300.0 376 16.12 0.05 73282 3519.52 0.36 16388 1654.44 0.16 3568181 563009.61 21.28 370 32.11 0.16 72736 10593.02 21.28 0 10 300 0 2170 65100 22.0 23.3 22.72 0.02
196200.0 354 16.76 0.36 73636 3536.27 0.36 16366 1654.36 0.16 3584547 564663.97 21.28 350 32.11 0.16 73086 10625.13 21.28 0 10 300 0 2180 65400 22.0 23.3 22.72 0.02
197100.0 310 15.98 0.05 73946 3552.25 0.36 16332 1654.44 0.16 3600879 566318.41 21.28 310 32.11 0.16 73396 10657.24 21.28 0 10 300 0 2190 65700 22.0 23.1 22.53 0.02
198000.0 310 15.98 0.05 74256 3568.23 0.36 16310 1654.36 0.16 3617189 567972.76 21.28 310 32.11 0.16 73706 10689.35 21.28 0 10 300 0 2200 66000 22.0 23.1 22.41 0.02
198900.0 376 16.12 0.05 74632 3584.35 0.36 16370 1654.44 0.16 3633559 569627.2 21.28 370 32.11 0.16 74076 10721.46 21.28 0 10 300 0 2210 66300 22.0 23.1 22.41 0.02
199800.0 354 16.76 0.36 74986 3601.11 0.36 16348 1654.36 0.16 3649907 571281.56 21.28 350 32.11 0.16 74426 10753.57 21.28 0 10 300 0 2220 66600 22.0 23.1 22.41 0.02
200700.0 310 15.98 0.05 75296 3617.09 0.36 16317 1654.44 0.16 3666224 572936.0 21.28 310 32.11 0.16 74736 10785.68 21.28 0 10 300 0 2230 66900 22.0 22.8 22.26 0.01
201600.0 310 15.98 0.05 75606 3633.07 0.36 16319 1654.36 0.16 3682543 574590.35 21.28 310 32.11 0.16 75046 10817.79 21.28 0 10 300 0 2240 67200 22.0 22.8 22.18 0.02
202500.0 376 16.12 0.05 75982 3649.19 0.36 16379 1654.44 0.16 3698922 576244.79 21.28 370 32.11 0.16 75416 10849.9 21.28 0 10 300 0 2250 67500 22.0 22.8 22.18 0.02
203400.0 354 16.76 0.36 76336 3665.95 0.36 16355 1654.36 0.16 3715277 577899.15 21.28 350 32.11 0.16 75766 10882.01 21.28 0 10 300 0 2260 67800 22.0 22.8 22.18 0.02
204300.0 310 15.98 0.05 76646 3681.93 0.36 16322 1654.44 0.16 3731599 579553.59 21.28 310 32.11 0.16 76076 10914.12 21.28 0 10 300 0 2270 68100 22.0 22.6 22.06 0.01
205200.0 310 15.98 0.05 76956 3697.9 0.36 16321 1654.36 0.16 3747920 581207.94 21.28 310 32.11 0.16 76386 10946.23 21.28 0 10 300 0 2280 68400 22.0 22.6 22.06 0.01
206100.0 376 16.12 0.05 77332 3714.02 0.36 16379 1654.44 0.16 3764299 582862.38 21.28 370 32.11 0.16 76756 10978.34 21.28 0 10 300 0 2290 68700 22.0 22.6 22.06 0.01
207000.0 354 16.76 0.36 77686 3730.78 0.36 16349 1654.36 0.16 3780648 584516.74 21.28 350 32.11 0.16 77106 11010.45 21.28 0 10 300 0 2300 69000 22.0 22.6 22.06 0.01
207900.0 310 15.98 0.05 77996 3746.76 0.36 16318 1654.44 0.16 3796966 586171.18 21.28 310 32.11 0.16 77416 11042.56 21.28 0 10 300 0 2310 69300 22.0 22.2 22.02 0.0
208800.0 310 15.98 0.05 78306 3762.74 0.36 16315 1654.36 0.16 3813281 587825.53 21.28 310 32.11 0.16 77726 11074.67 21.28 0 10 300 0 2320 69600 22.0 22.2 22.02 0.0
209700.0 376 16.12 0.05 78682 3778.86 0.36 16373 1654.44 0.16 3829654 589479.97 21.28 370 32.11 0.16 78096 11106.78 21.28 0 10 300 0 2330 69900 22.0 22.2 22.02 0.0
210600.0 354 16.76 0.36 79036 3795.62 0.36 16340 1654.36 0.16 3845994 591134.33 21.28 350 32.11 0.16 78446 11138.89 21.28 0 10 300 0 2340 70200 22.0 22.2 22.02 0.0
211500.0 310 15.98 0.05 79346 3811.6 0.36 16300 1654.44 0.16 3862294 592788.77 21.28 310 32.11 0.16 78756 11171.0 21.28 0 10 300 0 2350 70500 22.0 22.0 22.0 0.0
212400.0 310 15.98 0.05 79656 3827.58 0.36 16299 1654.36 0.16 3878593 594443.12 21.28 310 32.11 0.16 79066 11203.11 21.28 0 10 300 0 2360 70800 22.0 22.0 22.0 0.0
213300.0 376 16.12 0.05 80032 3843.69 0.36 16358 1654.44 0.16 3894951 596097.56 21.28 370 32.11 0.16 79436 11235.22 21.28 0 10 300 0 2370 71100 22.0 22.0 22.0 0.0
214200.0 354 16.76 0.36 80386 3860.45 0.36 16328 1654.36 0.16 3911279 597751.92 21.28 350 32.11 0.16 79786 11267.33 21.28 0 10 300 0 2380 71400 22.0 22.0 22.0 0.0
215100.0 310 15.98 0.05 80696 3876.43 0.36 16285 1654.44 0.16 3927564 599406.36 21.28 310 32.11 0.16 80096 11299.44 21.28 0 10 300 0 2390 71700 22.0 22.0 22.0 0.0
216000.0 310 15.98 0.05 81006 3892.41 0.36 16276 1654.36 0.16 3943840 601060.71 21.28 310 32.11 0.16 80406 11331.55 21.28 0 10 300 0 2400 72000 22.0 22.0 22.0 0.0
216900.0 376 16.12 0.05 81382 3908.53 0.36 16335 1654.44 0.16 3960175 602715.15 21.28 370 32.11 0.16 80776 11363.66 21.28 0 10 300 0 2410 72300 22.0 22.0 22.0 0.0
217800.0 354 16.76 0.36 81736 3925.29 0.36 16312 1654.36 0.16 3976487 604369.51 21.28 350 32.11 0.16 81126 11395.78 21.28 0 10 300 0 2420 72600 22.0 22.0 22.0 0.0
218700.0 310 15.98 0.05 82046 3941.27 0.36 16264 1654.44 0.16 3992751 606023.94 21.28 310 32.11 0.16 81436 11427.88 21.28 0 10 300 0 2430 72900 22.0 22.0 22.0 0.0
219600.0 310 15.98 0.05 82356 3957.25 0.36 16263 1654.36 0.16 4009014 607678.3 21.28 310 32.11 0.16 81746 11459.99 21.28 0 10 300 0 2440 73200 22.0 22.0 22.0 0.0
220500.0 376 16.12 0.05 82732 3973.37 0.36 16312 1654.44 0.16 4025326 609332.74 21.28 370 32.11 0.16 82116 11492.1 21.28 0 10 300 0 2450 73500 22.0 22.0 22.0 0.0
221400.0 354 16.76 0.36 83086 3990.13 0.36 16289 1660.05 0.16 4041615 610992.79 21.28 350 32.22 0.16 82466 11524.33 21.28 0 10 300 0 2460 73800 22.0 22.0 22.0 0.0
222300.0 310 15.98 0.05 83396 4006.11 0.36 16353 1662.0 0.17 4057968 612654.79 21.28 310 32.25 0.17 82776 11556.58 21.28 0 10 300 0 2470 74100 19.8 22.0 21.07 0.07
223200.0 310 15.98 0.05 83706 4022.09 0.36 16373 1661.91 0.17 4074341 614316.7 21.28 310 32.25 0.17 83086 11588.83 21.28 0 10 300 0 2480 74400 19.8 21.8 20.53 0.11
224100.0 376 16.13 0.05 84082 4038.22 0.36 16433 1662.0 0.17 4090774 615978.7 21.28 370 32.25 0.17 83456 11621.08 21.28 0 10 300 0 2490 74700 19.8 21.8 20.53 0.11
225000.0 354 16.76 0.36 84436 4054.97 0.36 16413 1660.24 0.17 4107187 617638.94 21.28 350 32.22 0.17 83806 11653.31 21.28 0 10 300 0 2500 75000 19.8 21.8 20.53 0.11
225900.0 310 15.98 0.05 84746 4070.96 0.36 16372 1661.37 0.17 4123559 619300.31 21.28 310 32.24 0.17 84116 11685.55 21.28 0 10 300 0 2510 75300 19.8 21.7 20.47 0.11
226800.0 310 15.98 0.05 85056 4086.94 0.36 16376 1661.28 0.17 4139935 620961.6 21.28 310 32.24 0.17 84426 11717.79 21.28 0 10 300 0 2520 75600 19.8 21.7 20.44 0.12
227700.0 376 16.12 0.05 85432 4103.06 0.36 16435 1661.37 0.17 4156370 622622.97 21.28 370 32.24 0.17 84796 11750.03 21.28 0 10 300 0 2530 75900 19.8 21.7 20.44 0.12
228600.0 354 16.76 0.36 85786 4119.82 0.36 16413 1662.43 0.17 4172783 624285.4 21.28 350 32.27 0.17 85146 11782.29 21.28 0 10 300 0 2540 76200 19.8 21.7 20.44 0.12
229500.0 310 15.98 0.05 86096 4135.8 0.36 16372 1661.58 0.17 4189155 625946.98 21.28 310 32.24 0.17 85456 11814.54 21.28 0 10 300 0 2550 76500 19.9 21.6 20.44 0.11
230400.0 310 15.98 0.05 86406 4151.78 0.36 16373 1661.5 0.17 4205528 627608.48 21.28 310 32.25 0.17 85766 11846.78 21.28 0 10 300 0 2560 76800 19.8 21.6 20.43 0.12
231300.0 376 16.12 0.05 86782 4167.91 0.36 16432 1661.58 0.17 4221960 629270.06 21.28 370 32.25 0.17 86136 11879.03 21.28 0 10 300 0 2570 77100 19.8 21.6 20.43 0.12
232200.0 354 16.76 0.36 87136 4184.66 0.36 16409 1661.47 0.17 4238369 630931.54 21.28 350 32.25 0.17 86486 11911.28 21.28 0 10 300 0 2580 77400 19.8 21.6 20.43 0.12
233100.0 310 15.98 0.05 87446 4200.65 0.36 16371 1662.49 0.17 4254740 632594.02 21.28 310 32.26 0.17 86796 11943.54 21.28 0 10 300 0 2590 77700 19.8 21.5 20.48 0.13
234000.0 310 15.98 0.05 87756 4216.63 0.36 16370 1662.4 0.17 4271110 634256.43 21.28 310 32.26 0.17 87106 11975.8 21.28 0 10 300 0 2600 78000 19.8 21.5 20.47 0.13
234900.0 376 16.13 0.05 88132 4232.75 0.36 16430 1662.49 0.17 4287540 635918.92 21.28 370 32.26 0.17 87476 12008.06 21.28 0 10 300 0 2610 78300 19.8 21.5 20.47 0.13
235800.0 354 16.76 0.36 88486 4249.51 0.36 16403 1658.88 0.16 4303943 637577.8 21.28 350 32.2 0.16 87826 12040.26 21.28 0 10 300 0 2620 78600 19.8 21.5 20.47 0.13
236700.0 310 15.98 0.05 88796 4265.49 0.36 16366 1657.01 0.16 4320309 639234.81 21.28 310 32.16 0.16 88136 12072.42 21.28 0 10 300 0 2630 78900 19.8 21.4 20.53 0.14
237600.0 310 15.98 0.05 89106 4281.47 0.36 16365 1656.93 0.16 4336674 640891.73 21.28 310 32.16 0.16 88446 12104.58 21.28 0 10 300 0 2640 79200 19.7 21.4 20.53 0.14
238500.0 376 16.12 0.05 89482 4297.59 0.36 16422 1657.01 0.16 4353096 642548.74 21.28 370 32.16 0.16 88816 12136.73 21.28 0 10 300 0 2650 79500 19.7 21.4 20.53 0.14
239400.0 354 16.76 0.36 89836 4314.35 0.36 16392 1659.63 0.16 4369488 644208.38 21.28 350 32.21 0.16 89166 12168.95 21.28 0 10 300 0 2660 79800 19.7 21.4 20.53 0.14
240300.0 310 15.98 0.05 90146 4330.33 0.36 16359 1659.71 0.16 4385847 645868.09 21.28 310 32.21 0.16 89476 12201.16 21.28 0 10 300 0 2670 80100 19.7 21.6 20.59 0.15
241200.0 310 15.98 0.05 90456 4346.31 0.36 16351 1659.63 0.16 4402198 647527.73 21.28 310 32.21 0.16 89786 12233.37 21.28 0 10 300 0 2680 80400 19.7 21.6 20.59 0.15
242100.0 376 16.12 0.05 90832 4362.44 0.36 16409 1659.72 0.16 4418607 649187.44 21.28 370 32.21 0.16 90156 12265.58 21.28 0 10 300 0 2690 80700 19.7 21.6 20.59 0.15
243000.0 354 16.76 0.36 91186 4379.19 0.36 16380 1659.58 0.16 4434987 650847.02 21.28 350 32.21 0.16 90506 12297.79 21.28 0 10 300 0 2700 81000 19.7 21.6 20.59 0.15
243900.0 310 15.98 0.05 91496 4395.18 0.36 16353 1660.65 0.17 4451340 652507.67 21.28 310 32.23 0.17 90816 12330.01 21.28 0 10 300 0 2710 81300 19.7 21.8 20.65 0.17
244800.0 310 15.98 0.05 91806 4411.16 0.36 16349 1660.57 0.17 4467689 654168.24 21.28 310 32.23 0.17 91126 12362.24 21.28 0 10 300 0 2720 81600 19.6 21.8 20.64 0.17
245700.0 376 16.12 0.05 92182 4427.28 0.36 16408 1660.65 0.17 4484097 655828.89 21.28 370 32.23 0.17 91496 12394.47 21.28 0 10 300 0 2730 81900 19.6 21.8 20.64 0.17
246600.0 354 16.76 0.36 92536 4444.04 0.36 16373 1661.43 0.17 4500470 657490.32 21.28 350 32.25 0.17 91846 12426.72 21.28 0 10 300 0 2740 82200 19.6 21.8 20.64 0.17
247500.0 310 15.98 0.05 92846 4460.02 0.36 16342 1661.06 0.17 4516812 659151.37 21.28 310 32.23 0.17 92156 12458.95 21.28 0 10 300 0 2750 82500 19.6 21.9 20.64 0.18
248400.0 310 15.98 0.05 93156 4476.0 0.36 16340 1660.97 0.17 4533152 660812.35 21.28 310 32.24 0.17 92466 12491.18 21.28 0 10 300 0 2760 82800 19.5 21.9 20.63 0.19
249300.0 376 16.12 0.05 93532 4492.13 0.36 16391 1661.06 0.17 4549543 662473.41 21.28 370 32.24 0.17 92836 12523.42 21.28 0 10 300 0 2770 83100 19.5 21.9 20.63 0.19
250200.0 354 16.76 0.36 93886 4508.89 0.36 16359 1659.89 0.16 4565902 664133.29 21.28 350 32.22 0.16 93186 12555.64 21.28 0 10 300 0 2780 83400 19.5 21.9 20.63 0.19
251100.0 310 15.98 0.05 94196 4524.87 0.36 16339 1659.86 0.16 4582241 665793.15 21.28 310 32.21 0.16 93496 12587.85 21.28 0 10 300 0 2790 83700 19.5 22.0 20.61 0.2
252000.0 310 15.98 0.05 94506 4540.85 0.36 16336 1659.77 0.16 4598577 667452.92 21.28 310 32.21 0.16 93806 12620.06 21.28 0 10 300 0 2800 84000 19.5 22.0 20.57 0.22
252900.0 376 16.12 0.05 94882 4556.97 0.36 16396 1659.86 0.16 4614973 669112.78 21.28 370 32.21 0.16 94176 12652.27 21.28 0 10 300 0 2810 84300 19.5 22.0 20.57 0.22
253800.0 354 16.76 0.36 95236 4573.73 0.36 16359 1660.25 0.17 4631332 670773.03 21.28 350 32.22 0.17 94526 12684.5 21.28 0 10 300 0 2820 84600 19.5 22.0 20.57 0.22
254700.0 310 15.98 0.05 95546 4589.71 0.36 16371 1660.9 0.17 4647703 672433.93 21.28 310 32.23 0.17 94836 12716.73 21.28 0 10 300 0 2830 84900 19.5 21.8 20.45 0.22
255600.0 310 15.98 0.05 95856 4605.69 0.36 16379 1660.82 0.17 4664082 674094.75 21.28 310 32.23 0.17 95146 12748.96 21.28 0 10 300 0 2840 85200 19.3 21.8 20.41 0.24
256500.0 376 16.12 0.05 96232 4621.82 0.36 16439 1660.9 0.17 4680521 675755.65 21.28 370 32.23 0.17 95516 12781.19 21.28 0 10 300 0 2850 85500 19.3 21.8 20.41 0.24
257400.0 354 16.76 0.36 96586 4638.58 0.36 16385 1659.24 0.16 4696906 677414.89 21.28 350 32.21 0.16 95866 12813.4 21.28 0 10 300 0 2860 85800 19.3 21.8 20.41 0.24
258300.0 310 15.98 0.05 96896 4654.56 0.36 16389 1660.27 0.17 4713295 679075.17 21.28 310 32.22 0.17 96176 12845.62 21.28 0 10 300 0 2870 86100 19.3 21.6 20.23 0.22
259200.0 310 15.98 0.05 97206 4670.54 0.36 16391 1660.19 0.17 4729686 680735.36 21.28 310 32.22 0.17 96486 12877.84 21.28 0 10 300 0 2880 86400 19.2 21.6 20.17 0.26
260100.0 376 16.12 0.05 97582 4686.66 0.36 16451 1660.28 0.17 4746137 682395.63 21.28 370 32.22 0.17 96856 12910.06 21.28 0 10 300 0 2890 86700 19.2 21.6 20.17 0.26
261000.0 356 16.83 0.36 97938 4703.49 0.36 16737 188975.3 21.29 4762874 871370.93 21.29 352 3542.44 21.29 97208 16452.49 21.29 0 10 300 0 2900 87000 19.2 21.6 20.17 0.26
261900.0 310 15.98 0.05 98248 4719.47 0.36 16425 1665.88 0.17 4779299 873036.81 21.29 310 32.31 0.17 97518 16484.8 21.29 0 10 300 0 2910 87300 18.9 20.8 19.69 0.18
262800.0 310 15.98 0.05 98558 4735.45 0.36 16423 1665.83 0.17 4795722 874702.65 21.29 310 32.31 0.17 97828 16517.11 21.29 0 10 300 0 2920 87600 18.9 20.8 19.65 0.24
263700.0 376 16.12 0.05 98934 4751.58 0.36 16483 1665.89 0.17 4812205 876368.54 21.29 370 32.31 0.17 98198 16549.42 21.29 0 10 300 0 2930 87900 18.9 20.8 19.65 0.24
264600.0 356 16.84 0.36 99290 4768.41 0.36 16774 188612.79 21.26 4828979 1064981.32 21.29 352 3533.33 21.26 98550 20082.75 21.29 0 10 300 0 2940 88200 18.9 20.8 19.65 0.24
265500.0 310 16.0 0.05 99600 4784.41 0.36 16449 1717.47 0.17 4845428 1066698.8 21.29 310 33.31 0.17 98860 20116.06 21.29 0 10 300 0 2950 88500 17.3 20.2 18.12 0.13
266400.0 310 16.0 0.05 99910 4800.41 0.36 16461 1717.5 0.17 4861889 1068416.3 21.29 310 33.32 0.17 99170 20149.37 21.29 0 10 300 0 2960 88800 17.3 18.8 17.8 0.02
267300.0 376 16.14 0.05 100286 4816.56 0.36 16521 1717.47 0.17 4878410 1070133.77 21.29 370 33.31 0.17 99540 20182.69 21.29 0 10 300 0 2970 89100 17.3 18.8 17.8 0.02
268200.0 356 16.85 0.36 100642 4833.4 0.36 16812 188394.2 21.26 4895222 1258527.96 21.29 352 3532.28 21.26 99892 23714.97 21.29 0 10 300 0 2980 89400 17.3 18.8 17.8 0.02
269100.0 310 16.0 0.05 100952 4849.4 0.36 16458 1709.9 0.17 4911680 1260237.87 21.29 310 33.17 0.17 100202 23748.14 21.29 0 10 300 0 2990 89700 17.3 18.7 17.78 0.02
270000.0 310 16.0 0.05 101262 4865.4 0.36 16460 1709.91 0.17 4928140 1261947.78 21.29 310 33.17 0.17 100512 23781.31 21.29 0 10 300 0 3000 90000 17.3 18.7 17.76 0.02
270900.0 376 16.14 0.05 101638 4881.54 0.36 16520 1709.9 0.17 4944660 1263657.68 21.29 370 33.17 0.17 100882 23814.48 21.29 0 10 300 0 3010 90300 17.3 18.7 17.76 0.02
271800.0 354 16.78 0.36 101992 4898.32 0.36 16496 1706.79 0.17 4961156 1265364.47 21.29 350 33.12 0.17 101232 23847.6 21.29 0 10 300 0 3020 90600 17.3 18.7 17.76 0.02
272700.0 310 16.0 0.05 102302 4914.32 0.36 16455 1706.78 0.17 4977611 1267071.26 21.29 310 33.11 0.17 101542 23880.71 21.29 0 10 300 0 3030 90900 17.3 18.6 17.74 0.02
273600.0 310 16.0 0.05 102612 4930.32 0.36 16454 1706.78 0.17 4994065 1268778.04 21.29 310 33.12 0.17 101852 23913.83 21.29 0 10 300 0 3040 91200 17.3 18.6 17.73 0.02
274500.0 376 16.14 0.05 102988 4946.46 0.36 16513 1706.78 0.17 5010578 1270484.83 21.29 370 33.11 0.17 102222 23946.94 21.29 0 10 300 0 3050 91500 17.3 18.6 17.73 0.02
275400.0 354 16.78 0.36 103342 4963.24 0.36 16492 1715.45 0.17 5027070 1272200.27 21.29 350 33.28 0.17 102572 23980.22 21.29 0 10 300 0 3060 91800 17.3 18.6 17.73 0.02
276300.0 310 16.0 0.05 103652 4979.24 0.36 16451 1710.03 0.17 5043521 1273910.3 21.29 310 33.17 0.17 102882 24013.39 21.29 0 10 300 0 3070 92100 17.3 18.5 17.71 0.02
277200.0 310 16.0 0.05 103962 4995.23 0.36 16451 1710.03 0.17 5059972 1275620.34 21.29 310 33.18 0.17 103192 24046.57 21.29 0 10 300 0 3080 92400 17.3 18.5 17.7 0.02
278100.0 376 16.14 0.05 104338 5011.37 0.36 16511 1710.03 0.17 5076483 1277330.37 21.29 370 33.17 0.17 103562 24079.74 21.29 0 10 300 0 3090 92700 17.3 18.5 17.7 0.02
279000.0 354 16.77 0.36 104692 5028.15 0.36 16491 1704.5 0.17 5092974 1279034.87 21.29 350 33.07 0.17 103912 24112.81 21.29 0 10 300 0 3100 93000 17.3 18.5 17.7 0.02
279900.0 310 16.0 0.05 105002 5044.15 0.36 16453 1709.9 0.17 5109427 1280744.77 21.29 310 33.17 0.17 104222 24145.98 21.29 0 10 300 0 3110 93300 17.3 18.4 17.69 0.01
280800.0 310 16.0 0.05 105312 5060.14 0.36 16453 1709.91 0.17 5125880 1282454.68 21.29 310 33.17 0.17 104532 24179.16 21.29 0 10 300 0 3120 93600 17.3 18.4 17.68 0.01
281700.0 376 16.14 0.05 105688 5076.29 0.36 16511 1709.9 0.17 5142391 1284164.59 21.29 370 33.17 0.17 104902 24212.33 21.29 0 10 300 0 3130 93900 17.3 18.4 17.68 0.01
282600.0 354 16.78 0.36 106042 5093.06 0.36 16483 1709.37 0.17 5158874 1285873.95 21.29 350 33.17 0.17 105252 24245.49 21.29 0 10 300 0 3140 94200 17.3 18.4 17.68 0.01
283500.0 310 16.0 0.05 106352 5109.06 0.36 16444 1703.48 0.17 5175318 1287577.43 21.29 310 33.05 0.17 105562 24278.54 21.29 0 10 300 0 3150 94500 17.3 18.3 17.68 0.01
284400.0 310 16.0 0.05 106662 5125.06 0.36 16441 1703.41 0.17 5191759 1289280.84 21.29 310 33.05 0.17 105872 24311.59 21.29 0 10 300 0 3160 94800 17.3 18.3 17.67 0.01
285300.0 376 16.14 0.05 107038 5141.2 0.36 16500 1703.47 0.17 5208259 1290984.31 21.29 370 33.05 0.17 106242 24344.65 21.29 0 10 300 0 3170 95100 17.3 18.3 17.67 0.01
286200.0 354 16.77 0.36 107392 5157.97 0.36 16479 1700.84 0.17 5224738 1292685.15 21.29 350 33.01 0.17 106592 24377.65 21.29 0 10 300 0 3180 95400 17.3 18.3 17.67 0.01
287100.0 310 16.0 0.05 107702 5173.96 0.36 16439 1701.37 0.17 5241177 1294386.51 21.29 310 33.01 0.17 106902 24410.66 21.29 0 10 300 0 3190 95700 17.3 18.2 17.67 0.01
288000.0 310 16.0 0.05 108012 5189.96 0.36 16440 1701.37 0.17 5257617 1296087.88 21.29 310 33.01 0.17 107212 24443.67 21.29 0 10 300 0 3200 96000 17.3 18.2 17.66 0.01
288900.0 376 16.14 0.05 108388 5206.1 0.36 16500 1701.37 0.17 5274117 1297789.25 21.29 370 33.01 0.17 107582 24476.68 21.29 0 10 300 0 3210 96300 17.3 18.2 17.66 0.01
289800.0 354 16.78 0.36 108742 5222.88 0.36 16474 1710.03 0.17 5290591 1299499.28 21.29 350 33.18 0.17 107932 24509.86 21.29 0 10 300 0 3220 96600 17.3 18.2 17.66 0.01
290700.0 310 16.0 0.05 109052 5238.88 0.36 16434 1715.44 0.17 5307025 1301214.73 21.29 310 33.27 0.17 108242 24543.13 21.29 0 10 300 0 3230 96900 17.3 18.1 17.66 0.01
291600.0 310 16.0 0.05 109362 5254.88 0.36 16433 1715.45 0.17 5323458 1302930.18 21.29 310 33.28 0.17 108552 24576.41 21.29 0 10 300 0 3240 97200 17.3 18.1 17.66 0.01
292500.0 376 16.14 0.05 109738 5271.02 0.36 16490 1715.45 0.17 5339948 1304645.63 21.29 370 33.27 0.17 108922 24609.69 21.29 0 10 300 0 3250 97500 17.3 18.1 17.66 0.01
293400.0 354 16.78 0.36 110092 5287.8 0.36 16469 1709.28 0.17 5356417 1306354.91 21.29 350 33.16 0.17 109272 24642.85 21.29 0 10 300 0 3260 97800 17.3 18.1 17.66 0.01
294300.0 310 16.0 0.05 110402 5303.8 0.36 16429 1709.28 0.17 5372846 1308064.18 21.29 310 33.16 0.17 109582 24676.01 21.29 0 10 300 0 3270 98100 17.4 18.0 17.66 0.01
295200.0 310 16.0 0.05 110712 5319.8 0.36 16427 1709.28 0.17 5389273 1309773.46 21.29 310 33.16 0.17 109892 24709.17 21.29 0 10 300 0 3280 98400 17.4 18.0 17.66 0.01
296100.0 376 16.14 0.05 111088 5335.94 0.36 16487 1709.28 0.17 5405760 1311482.74 21.29 370 33.16 0.17 110262 24742.33 21.29 0 10 300 0 3290 98700 17.4 18.0 17.66 0.01
297000.0 354 16.78 0.36 111442 5352.72 0.36 16466 1715.45 0.17 5422226 1313198.19 21.29 350 33.28 0.17 110612 24775.61 21.29 0 10 300 0 3300 99000 17.4 18.0 17.66 0.01
297900.0 310 16.0 0.05 111752 5368.72 0.36 16423 1715.44 0.17 5438649 1314913.63 21.29 310 33.27 0.17 110922 24808.88 21.29 0 10 300 0 3310 99300 17.4 18.0 17.66 0.01
298800.0 310 16.0 0.05 112062 5384.72 0.36 16424 1715.45 0.17 5455073 1316629.08 21.29 310 33.28 0.17 111232 24842.16 21.29 0 10 300 0 3320 99600 17.4 18.0 17.66 0.01
299700.0 376 16.14 0.05 112438 5400.86 0.36 16484 1715.45 0.17 5471557 1318344.53 21.29 370 33.27 0.17 111602 24875.44 21.29 0 10 300 0 3330 99900 17.4 18.0 17.66 0.01
300600.0 354 16.78 0.36 112792 5417.64 0.36 16460 1715.45 0.17 5488017 1320059.98 21.29 350 33.28 0.17 111952 24908.72 21.29 0 10 300 0 3340 100200 17.4 18.0 17.66 0.01
301500.0 310 16.0 0.05 113102 5433.64 0.36 16426 1708.69 0.17 5504443 1321768.67 21.29 310 33.14 0.17 112262 24941.86 21.29 0 10 300 0 3350 100500 17.4 17.9 17.67 0.01
302400.0 310 16.0 0.05 113412 5449.64 0.36 16427 1708.71 0.17 5520870 1323477.38 21.29 310 33.15 0.17 112572 24975.02 21.29 0 10 300 0 3360 100800 17.4 17.9 17.67 0.01
303300.0 376 16.14 0.05 113788 5465.78 0.36 16482 1708.69 0.17 5537352 1325186.08 21.29 370 33.15 0.17 112942 25008.16 21.29 0 10 300 0 3370 101100 17.4 17.9 17.67 0.01
304200.0 354 16.77 0.36 114142 5482.56 0.36 16455 1703.17 0.17 5553807 1326889.25 21.29 350 33.05 0.17 113292 25041.21 21.29 0 10 300 0 3380 101400 17.4 17.9 17.67 0.01
305100.0 310 16.0 0.05 114452 5498.55 0.36 16421 1709.9 0.17 5570228 1328599.15 21.29 310 33.17 0.17 113602 25074.38 21.29 0 10 300 0 3390 101700 17.4 17.8 17.67 0.01
306000.0 310 16.0 0.05 114762 5514.55 0.36 16418 1709.91 0.17 5586646 1330309.06 21.29 310 33.17 0.17 113912 25107.56 21.29 0 10 300 0 3400 102000 17.4 17.9 17.67 0.01
306900.0 376 16.14 0.05 115138 5530.7 0.36 16478 1709.9 0.17 5603124 1332018.96 21.29 370 33.17 0.17 114282 25140.73 21.29 0 10 300 0 3410 102300 17.4 17.9 17.67 0.01
307800.0 354 16.78 0.36 115492 5547.47 0.36 16451 1715.45 0.17 5619575 1333734.42 21.29 350 33.28 0.17 114632 25174.01 21.29 0 10 300 0 3420 102600 17.4 17.9 17.67 0.01
308700.0 310 16.0 0.05 115802 5563.47 0.36 16414 1715.44 0.17 5635989 1335449.86 21.29 310 33.27 0.17 114942 25207.28 21.29 0 10 300 0 3430 102900 17.4 17.9 17.68 0.01
309600.0 310 16.0 0.05 116112 5579.48 0.36 16415 1715.45 0.17 5652404 1337165.31 21.29 310 33.28 0.17 115252 25240.56 21.29 0 10 300 0 3440 103200 17.4 17.9 17.68 0.01
310500.0 376 16.14 0.05 116488 5595.62 0.36 16473 1715.45 0.17 5668877 1338880.76 21.29 370 33.27 0.17 115622 25273.83 21.29 0 10 300 0 3450 103500 17.4 17.9 17.68 0.01
311400.0 354 16.78 0.36 116842 5612.4 0.36 16442 1709.28 0.17 5685319 1340590.04 21.29 350 33.16 0.17 115972 25307.0 21.29 0 10 300 0 3460 103800 17.4 17.9 17.68 0.01
312300.0 310 16.0 0.05 117152 5628.39 0.36 16407 1709.28 0.17 5701726 1342299.31 21.29 310 33.16 0.17 116282 25340.16 21.29 0 10 300 0 3470 104100 17.4 18.0 17.69 0.01
313200.0 310 16.0 0.05 117462 5644.39 0.36 16408 1709.28 0.17 5718134 1344008.59 21.29 310 33.16 0.17 116592 25373.32 21.29 0 10 300 0 3480 104400 17.3 18.0 17.69 0.01
314100.0 376 16.14 0.05 117838 5660.54 0.36 16468 1709.28 0.17 5734602 1345717.87 21.29 370 33.16 0.17 116962 25406.48 21.29 0 10 300 0 3490 104700 17.3 18.0 17.69 0.01
315000.0 354 16.78 0.36 118192 5677.31 0.36 16439 1715.45 0.17 5751041 1347433.32 21.29 350 33.28 0.17 117312 25439.76 21.29 0 10 300 0 3500 105000 17.3 18.0 17.69 0.01
315900.0 310 16.0 0.05 118502 5693.31 0.36 16406 1710.03 0.17 5767447 1349143.35 21.29 310 33.17 0.17 117622 25472.93 21.29 0 10 300 0 3510 105300 17.3 18.1 17.71 0.01
316800.0 310 16.0 0.05 118812 5709.31 0.36 16405 1710.03 0.17 5783852 1350853.38 21.29 310 33.18 0.17 117932 25506.11 21.29 0 10 300 0 3520 105600 17.3 18.1 17.71 0.01
317700.0 376 16.14 0.05 119188 5725.45 0.36 16459 1710.03 0.17 5800311 1352563.41 21.29 370 33.17 0.17 118302 25539.28 21.29 0 10 300 0 3530 105900 17.3 18.1 17.71 0.01
318600.0 354 16.78 0.36 119542 5742.23 0.36 16423 1710.04 0.17 5816734 1354273.45 21.29 350 33.18 0.17 118652 25572.46 21.29 0 10 300 0 3540 106200 17.3 18.1 17.71 0.01
319500.0 310 16.0 0.05 119852 5758.23 0.36 16388 1715.44 0.17 5833122 1355988.89 21.29 310 33.27 0.17 118962 25605.73 21.29 0 10 300 0 3550 106500 17.3 18.2 17.72 0.02
320400.0 310 16.0 0.05 120162 5774.23 0.36 16389 1715.45 0.17 5849511 1357704.34 21.29 310 33.28 0.17 119272 25639.01 21.29 0 10 300 0 3560 106800 17.3 18.2 17.72 0.02
321300.0 376 16.14 0.05 120538 5790.38 0.36 16449 1715.45 0.17 5865960 1359419.79 21.29 370 33.27 0.17 119642 25672.28 21.29 0 10 300 0 3570 107100 17.3 18.2 17.72 0.02
322200.0 354 16.77 0.36 120892 5807.15 0.36 16414 1698.47 0.17 5882374 1361118.26 21.29 350 32.96 0.17 119992 25705.24 21.29 0 10 300 0 3580 107400 17.3 18.2 17.72 0.02
323100.0 310 15.99 0.05 121202 5823.14 0.36 16372 1691.93 0.17 5898746 1362810.19 21.29 310 32.83 0.17 120302 25738.07 21.29 0 10 300 0 3590 107700 17.3 18.2 17.73 0.02
324000.0 310 15.99 0.05 121512 5839.13 0.36 16373 1691.87 0.17 5915119 1364502.06 21.29 310 32.83 0.17 120612 25770.91 21.29 0 10 300 0 3600 108000 17.3 18.2 17.73 0.02
324900.0 376 16.14 0.05 121888 5855.27 0.36 16431 1691.93 0.17 5931550 1366194.0 21.29 370 32.83 0.17 120982 25803.74 21.29 0 10 300 0 3610 108300 17.3 18.2 17.73 0.02
325800.0 354 16.78 0.36 122242 5872.05 0.36 16400 1708.71 0.17 5947950 1367902.7 21.29 350 33.15 0.17 121332 25836.9 21.29 0 10 300 0 3620 108600 17.3 18.2 17.73 0.02
326700.0 310 16.0 0.05 122552 5888.05 0.36 16374 1715.44 0.17 5964324 1369618.15 21.29 310 33.27 0.17 121642 25870.17 21.29 0 10 300 0 3630 108900 17.3 18.3 17.75 0.02
327600.0 310 16.0 0.05 122862 5904.05 0.36 16370 1715.45 0.17 5980694 1371333.6 21.29 310 33.28 0.17 121952 25903.45 21.29 0 10 300 0 3640 109200 17.2 18.3 17.75 0.02
328500.0 376 16.14 0.05 123238 5920.19 0.36 16427 1715.45 0.17 5997121 1373049.04 21.29 370 33.27 0.17 122322 25936.72 21.29 0 10 300 0 3650 109500 17.2 18.3 17.75 0.02
329400.0 354 16.78 0.36 123592 5936.97 0.36 16389 1715.45 0.17 6013510 1374764.49 21.29 350 33.28 0.17 122672 25970.0 21.29 0 10 300 0 3660 109800 17.2 18.3 17.75 0.02
330300.0 310 16.0 0.05 123902 5952.97 0.36 16359 1715.44 0.17 6029869 1376479.94 21.29 310 33.27 0.17 122982 26003.28 21.29 0 10 300 0 3670 110100 17.2 18.4 17.76 0.03
331200.0 310 16.0 0.05 124212 5968.97 0.36 16358 1715.45 0.17 6046227 1378195.38 21.29 310 33.28 0.17 123292 26036.56 21.29 0 10 300 0 3680 110400 17.2 18.4 17.76 0.03
332100.0 376 16.14 0.05 124588 5985.12 0.36 16418 1715.45 0.17 6062645 1379910.83 21.29 370 33.27 0.17 123662 26069.83 21.29 0 10 300 0 3690 110700 17.2 18.4 17.76 0.03
333000.0 354 16.78 0.36 124942 6001.89 0.36 16363 1709.91 0.17 6079008 1381620.74 21.29 350 33.18 0.17 124012 26103.01 21.29 0 10 300 0 3700 111000 17.2 18.4 17.76 0.03
333900.0 310 16.0 0.05 125252 6017.89 0.36 16330 1709.9 0.17 6095338 1383330.64 21.29 310 33.17 0.17 124322 26136.18 21.29 0 10 300 0 3710 111300 17.2 18.5 17.77 0.03
334800.0 310 16.0 0.05 125562 6033.89 0.36 16333 1709.91 0.17 6111671 1385040.55 21.29 310 33.17 0.17 124632 26169.35 21.29 0 10 300 0 3720 111600 17.2 18.5 17.77 0.03
335700.0 376 16.14 0.05 125938 6050.03 0.36 16380 1709.9 0.17 6128051 1386750.45 21.29 370 33.17 0.17 125002 26202.52 21.29 0 10 300 0 3730 111900 17.2 18.5 17.77 0.03
336600.0 354 16.78 0.36 126292 6066.81 0.36 16338 1715.45 0.17 6144389 1388465.9 21.29 350 33.28 0.17 125352 26235.8 21.29 0 10 300 0 3740 112200 17.2 18.5 17.77 0.03
337500.0 310 16.0 0.05 126602 6082.81 0.36 16323 1715.44 0.17 6160712 1390181.35 21.29 310 33.27 0.17 125662 26269.08 21.29 0 10 300 0 3750 112500 17.2 18.5 17.79 0.03
338400.0 310 16.0 0.05 126912 6098.81 0.36 16316 1715.45 0.17 6177028 1391896.79 21.29 310 33.28 0.17 125972 26302.35 21.29 0 10 300 0 3760 112800 17.2 18.5 17.79 0.04
339300.0 376 16.14 0.05 127288 6114.96 0.36 16369 1715.44 0.17 6193397 1393612.24 21.29 370 33.27 0.17 126342 26335.63 21.29 0 10 300 0 3770 113100 17.2 18.5 17.79 0.04
340200.0 354 16.78 0.36 127642 6131.73 0.36 16305 1706.79 0.17 6209702 1395319.03 21.29 350 33.12 0.17 126692 26368.75 21.29 0 10 300 0 3780 113400 17.2 18.5 17.79 0.04
341100.0 310 16.0 0.05 127952 6147.73 0.36 16256 1706.78 0.17 6225958 1397025.81 21.29 310 33.11 0.17 127002 26401.86 21.29 0 10 300 0 3790 113700 17.2 18.5 17.8 0.04
342000.0 310 16.0 0.05 128262 6163.73 0.36 16255 1706.78 0.17 6242213 1398732.59 21.29 310 33.12 0.17 127312 26434.97 21.29 0 10 300 0 3800 114000 17.2 18.5 17.8 0.04
342900.0 376 16.14 0.05 128638 6179.87 0.36 16312 1706.78 0.17 6258525 1400439.37 21.29 370 33.11 0.17 127682 26468.08 21.29 0 10 300 0 3810 114300 17.2 18.5 17.8 0.04
343800.0 354 16.77 0.36 128992 6196.64 0.36 16280 1699.22 0.17 6274805 1402138.6 21.29 350 32.98 0.17 128032 26501.06 21.29 0 10 300 0 3820 114600 17.2 18.5 17.8 0.04
344700.0 310 16.0 0.05 129302 6212.64 0.36 16241 1699.3 0.17 6291046 1403837.9 21.29 310 32.97 0.17 128342 26534.03 21.29 0 10 300 0 3830 114900 17.2 18.6 17.8 0.04
345600.0 310 16.0 0.05 129612 6228.63 0.36 16238 1699.22 0.17 6307284 1405537.12 21.29 310 32.97 0.17 128652 26567.01 21.29 0 10 300 0 3840 115200 17.2 18.6 17.8 0.04
