# seed = 3, gamma = 0.33, beta = 0.33, dee = 1.0, dcc = 25.0, dec = 300.0, dsCnd = 500.0, dLocalhost = 0.02, hostBroker = EDGE 
#
# The columns have the following meaning: 
# instant[SECONDS] commCountUploadPartial delaySumUploadPartial[SECONDS] delayMaxUploadPartial[SECONDS] commCountUploadTot delaySumUploadTot[SECONDS] delayMaxUploadTot[SECONDS] commCountDownloadPartial delaySumDownloadPartial[SECONDS] delayMaxDownloadPartial[SECONDS] commCountDownloadTot delaySumDownloadTot[SECONDS] delayMaxDownloadTot[SECONDS] commCountDownloadMaxPartial delaySumDownloadMaxPartial[SECONDS] delayMaxDownloadMaxPartial[SECONDS] commCountDownloadMaxTot delaySumDownloadMaxTot[SECONDS] delayMaxDownloadMaxTot[SECONDS] runOnCloudPartial runOnEdgePartial runOnSmartphonePartial runOnCloudTot runOnEdgeTot runOnSmartphoneTot minTemp maxTemp avgTemp varianceTemp
0.0 0 0.0 0.0 0 0.0 0.0 0 0.0 0.0 0 0.0 0.0 0 0.0 0.0 0 0.0 0.0 0 0 0 0 0 0 17.0 25.0 21.0 0.0
900.0 376 113.33 0.51 376 113.33 0.51 15972 5992.86 0.8 15972 5992.86 0.8 370 160.13 0.54 370 160.13 0.54 208 3 99 208 3 99 18.9 21.0 19.31 0.69
1800.0 356 114.36 0.51 732 227.69 0.51 16258 179412.57 20.93 32230 185405.43 20.93 352 3520.12 20.93 722 3680.25 20.93 208 3 99 416 6 198 18.6 18.9 18.9 0.0
2700.0 310 113.23 0.51 1042 340.92 0.51 15912 6016.71 0.8 48142 191422.14 20.93 310 159.72 0.54 1032 3839.97 20.93 208 3 99 624 9 297 17.8 18.9 18.44 0.03
3600.0 310 113.23 0.51 1352 454.15 0.51 15915 6019.16 0.8 64057 197441.31 20.93 310 159.72 0.54 1342 3999.69 20.93 208 3 99 832 12 396 17.6 18.9 18.24 0.05
4500.0 376 113.37 0.51 1728 567.52 0.51 15971 6018.43 0.8 80028 203459.73 20.93 370 160.62 0.54 1712 4160.31 20.93 208 3 99 1040 15 495 17.6 18.7 18.24 0.05
5400.0 356 114.37 0.51 2084 681.89 0.51 16285 12492.18 20.99 96313 215951.91 20.99 352 181.94 20.99 2064 4342.25 20.99 208 3 99 1248 18 594 17.6 18.7 18.24 0.05
6300.0 310 113.24 0.51 2394 795.13 0.51 15960 6037.54 0.8 112273 221989.45 20.99 310 159.83 0.55 2374 4502.08 20.99 208 3 99 1456 21 693 17.6 18.7 18.24 0.05
7200.0 310 113.24 0.51 2704 908.37 0.51 15963 6039.25 0.8 128236 228028.7 20.99 310 159.84 0.55 2684 4661.92 20.99 208 3 99 1664 24 792 17.6 18.7 18.25 0.04
8100.0 376 113.38 0.51 3080 1021.75 0.51 16020 6038.45 0.8 144256 234067.15 20.99 370 160.73 0.55 3054 4822.65 20.99 208 3 99 1872 27 891 17.6 18.7 18.25 0.04
9000.0 356 114.37 0.51 3436 1136.12 0.51 16304 12494.86 20.99 160560 246562.01 20.99 352 181.94 20.99 3406 5004.59 20.99 208 3 99 2080 30 990 17.6 18.7 18.25 0.04
9900.0 310 113.23 0.51 3746 1249.35 0.51 15948 6026.84 0.8 176508 252588.86 20.99 310 159.71 0.54 3716 5164.3 20.99 208 3 99 2288 33 1089 17.6 18.7 18.24 0.04
10800.0 310 113.23 0.51 4056 1362.58 0.51 15957 6031.69 0.8 192465 258620.54 20.99 310 159.71 0.54 4026 5324.01 20.99 208 3 99 2496 36 1188 17.6 18.7 18.16 0.05
11700.0 376 113.37 0.51 4432 1475.95 0.51 16017 6032.56 0.8 208482 264653.1 20.99 370 160.61 0.54 4396 5484.62 20.99 208 3 99 2704 39 1287 17.6 18.7 18.16 0.05
12600.0 354 114.01 0.51 4786 1589.96 0.51 15980 6025.12 0.8 224462 270678.22 20.99 350 160.96 0.54 4746 5645.58 20.99 208 3 99 2912 42 1386 17.6 18.7 18.16 0.05
13500.0 310 113.23 0.51 5096 1703.2 0.51 15900 6000.68 0.8 240362 276678.91 20.99 310 159.76 0.54 5056 5805.34 20.99 208 3 99 3120 45 1485 17.6 18.7 18.15 0.04
14400.0 310 113.23 0.51 5406 1816.43 0.51 15897 5999.92 0.8 256259 282678.83 20.99 310 159.76 0.54 5366 5965.1 20.99 208 3 99 3328 48 1584 17.6 18.7 18.14 0.05
15300.0 376 113.38 0.51 5782 1929.81 0.51 15956 6000.79 0.8 272215 288679.62 20.99 370 160.66 0.54 5736 6125.76 20.99 208 3 99 3536 51 1683 17.6 18.7 18.14 0.05
16200.0 354 114.01 0.51 6136 2043.82 0.51 15930 5997.51 0.8 288145 294677.13 20.99 350 160.95 0.54 6086 6286.71 20.99 208 3 99 3744 54 1782 17.6 18.7 18.14 0.04
17100.0 310 113.23 0.51 6446 2157.05 0.51 15896 5994.5 0.8 304041 300671.63 20.99 310 159.67 0.54 6396 6446.38 20.99 208 3 99 3952 57 1881 17.6 18.7 18.12 0.04
18000.0 310 113.23 0.51 6756 2270.27 0.51 15899 5996.16 0.8 319940 306667.79 20.99 310 159.67 0.54 6706 6606.05 20.99 208 3 99 4160 60 1980 17.6 18.7 18.11 0.04
18900.0 376 113.37 0.51 7132 2383.64 0.51 15957 5996.2 0.8 335897 312663.98 20.99 370 160.57 0.54 7076 6766.61 20.99 208 3 99 4368 63 2079 17.6 18.6 18.11 0.04
19800.0 354 114.0 0.51 7486 2497.65 0.51 15928 5991.46 0.8 351825 318655.44 20.99 350 160.87 0.54 7426 6927.48 20.99 208 3 99 4576 66 2178 17.6 18.6 18.11 0.04
20700.0 310 113.23 0.51 7796 2610.88 0.51 15897 5995.58 0.8 367722 324651.02 20.99 310 159.7 0.54 7736 7087.19 20.99 208 3 99 4784 69 2277 17.6 18.6 18.08 0.03
21600.0 310 113.23 0.51 8106 2724.11 0.51 15901 5998.02 0.8 383623 330649.03 20.99 310 159.71 0.54 8046 7246.89 20.99 208 3 99 4992 72 2376 17.6 18.6 18.07 0.03
22500.0 376 113.37 0.51 8482 2837.48 0.51 15960 5998.88 0.8 399583 336647.92 20.99 370 160.61 0.54 8416 7407.5 20.99 208 3 99 5200 75 2475 17.6 18.6 18.07 0.03
23400.0 354 114.01 0.51 8836 2951.49 0.51 15922 5993.09 0.8 415505 342641.0 20.99 350 160.95 0.54 8766 7568.45 20.99 208 3 99 5408 78 2574 17.6 18.6 18.07 0.03
24300.0 310 113.24 0.51 9146 3064.73 0.51 15883 5993.55 0.8 431388 348634.56 20.99 310 159.79 0.54 9076 7728.24 20.99 208 3 99 5616 81 2673 17.6 18.6 18.05 0.03
25200.0 310 113.24 0.51 9456 3177.97 0.51 15886 5995.99 0.8 447274 354630.55 20.99 310 159.79 0.54 9386 7888.03 20.99 208 3 99 5824 84 2772 17.5 18.6 18.04 0.03
26100.0 376 113.38 0.51 9832 3291.35 0.51 15946 5996.86 0.8 463220 360627.41 20.99 370 160.69 0.54 9756 8048.72 20.99 208 3 99 6032 87 2871 17.5 18.6 18.04 0.03
27000.0 354 114.01 0.51 10186 3405.36 0.51 15913 5990.79 0.8 479133 366618.2 20.99 350 161.0 0.54 10106 8209.72 20.99 208 3 99 6240 90 2970 17.5 18.6 18.04 0.03
27900.0 310 113.23 0.51 10496 3518.6 0.51 15885 5991.97 0.8 495018 372610.17 20.99 310 159.74 0.54 10416 8369.46 20.99 208 3 99 6448 93 3069 17.5 18.6 18.01 0.03
28800.0 310 113.23 0.51 10806 3631.83 0.51 15893 5996.0 0.8 510911 378606.17 20.99 310 159.75 0.54 10726 8529.21 20.99 208 3 99 6656 96 3168 17.5 18.6 18.0 0.03
29700.0 376 113.38 0.51 11182 3745.21 0.51 15949 5993.67 0.8 526860 384599.84 20.99 370 160.64 0.54 11096 8689.85 20.99 208 3 99 6864 99 3267 17.5 18.6 18.0 0.03
30600.0 354 114.01 0.51 11536 3859.22 0.51 15910 5984.4 0.8 542770 390584.24 20.99 350 160.95 0.54 11446 8850.8 20.99 208 3 99 7072 102 3366 17.5 18.6 18.0 0.03
31500.0 310 113.24 0.51 11846 3972.46 0.51 15885 5993.55 0.8 558655 396577.79 20.99 310 159.79 0.54 11756 9010.59 20.99 208 3 99 7280 105 3465 17.5 18.6 17.96 0.03
32400.0 310 113.24 0.51 12156 4085.7 0.51 15889 5996.79 0.8 574544 402574.58 20.99 310 159.79 0.54 12066 9170.38 20.99 208 3 99 7488 108 3564 17.4 18.6 17.96 0.03
33300.0 376 113.38 0.51 12532 4199.08 0.51 15948 5996.86 0.8 590492 408571.44 20.99 370 160.69 0.54 12436 9331.08 20.99 208 3 99 7696 111 3663 17.4 18.5 17.96 0.03
34200.0 354 114.01 0.51 12886 4313.09 0.51 15902 5983.59 0.8 606394 414555.03 20.99 350 161.0 0.54 12786 9492.07 20.99 208 3 99 7904 114 3762 17.4 18.5 17.95 0.03
35100.0 310 113.24 0.51 13196 4426.33 0.51 15873 5984.76 0.8 622267 420539.79 20.99 310 159.79 0.54 13096 9651.86 20.99 208 3 99 8112 117 3861 17.4 18.5 17.93 0.03
36000.0 310 113.24 0.51 13506 4539.57 0.51 15886 5992.79 0.8 638153 426532.58 20.99 310 159.79 0.54 13406 9811.66 20.99 208 3 99 8320 120 3960 17.4 18.5 17.91 0.03
36900.0 376 113.38 0.51 13882 4652.95 0.51 15946 5993.66 0.8 654099 432526.24 20.99 370 160.69 0.54 13776 9972.35 20.99 208 3 99 8528 123 4059 17.4 18.5 17.91 0.03
37800.0 354 114.01 0.51 14236 4766.96 0.51 15901 5977.44 0.8 670000 438503.68 20.99 350 160.92 0.54 14126 10133.27 20.99 208 3 99 8736 126 4158 17.4 18.5 17.91 0.03
38700.0 310 113.23 0.51 14546 4880.19 0.51 15868 5980.2 0.8 685868 444483.88 20.99 310 159.72 0.54 14436 10292.99 20.99 208 3 99 8944 129 4257 17.4 18.5 17.89 0.03
39600.0 310 113.23 0.51 14856 4993.42 0.51 15879 5986.64 0.8 701747 450470.52 20.99 310 159.72 0.54 14746 10452.71 20.99 208 3 99 9152 132 4356 17.3 18.5 17.87 0.04
40500.0 376 113.37 0.51 15232 5106.79 0.51 15938 5987.5 0.8 717685 456458.02 20.99 370 160.62 0.54 15116 10613.32 20.99 208 3 99 9360 135 4455 17.3 18.5 17.87 0.04
41400.0 354 114.01 0.51 15586 5220.81 0.51 15899 5980.39 0.8 733584 462438.41 20.99 350 161.0 0.54 15466 10774.32 20.99 208 3 99 9568 138 4554 17.3 18.5 17.87 0.04
42300.0 310 113.23 0.51 15896 5334.04 0.51 15875 5984.66 0.8 749459 468423.07 20.99 310 159.74 0.54 15776 10934.06 20.99 208 3 99 9776 141 4653 17.3 18.5 17.84 0.04
43200.0 310 113.23 0.51 16206 5447.27 0.51 15885 5990.29 0.8 765344 474413.36 20.99 310 159.74 0.54 16086 11093.8 20.99 208 3 99 9984 144 4752 17.3 18.5 17.83 0.04
44100.0 376 113.38 0.51 16582 5560.65 0.51 15944 5990.36 0.8 781288 480403.71 20.99 370 160.64 0.54 16456 11254.45 20.99 208 3 99 10192 147 4851 17.2 18.4 17.83 0.04
45000.0 354 114.01 0.51 16936 5674.66 0.51 15897 5976.29 0.8 797185 486380.0 20.99 350 160.95 0.54 16806 11415.39 20.99 208 3 99 10400 150 4950 17.2 18.4 17.83 0.04
45900.0 310 113.23 0.51 17246 5787.9 0.51 15867 5982.61 0.8 813052 492362.61 20.99 310 159.75 0.54 17116 11575.14 20.99 208 3 99 10608 153 5049 17.2 18.4 17.8 0.05
46800.0 310 113.23 0.51 17556 5901.13 0.51 15884 5990.65 0.8 828936 498353.27 20.99 310 159.75 0.54 17426 11734.89 20.99 208 3 99 10816 156 5148 17.2 18.5 17.79 0.05
47700.0 376 113.38 0.51 17932 6014.51 0.51 15944 5991.51 0.8 844880 504344.78 20.99 370 160.65 0.54 17796 11895.54 20.99 208 3 99 11024 159 5247 17.2 18.5 17.79 0.05
48600.0 354 114.01 0.51 18286 6128.52 0.51 15897 5975.86 0.8 860777 510320.63 20.99 350 160.95 0.54 18146 12056.5 20.99 208 3 99 11232 162 5346 17.2 18.5 17.79 0.05
49500.0 310 113.24 0.51 18596 6241.76 0.51 15871 5987.95 0.8 876648 516308.59 20.99 310 159.79 0.54 18456 12216.29 20.99 208 3 99 11440 165 5445 17.2 18.5 17.75 0.06
50400.0 310 113.24 0.51 18906 6354.99 0.51 15883 5995.19 0.8 892531 522303.78 20.99 310 159.79 0.54 18766 12376.08 20.99 208 3 99 11648 168 5544 17.1 18.5 17.74 0.07
51300.0 376 113.38 0.51 19282 6468.37 0.51 15941 5994.46 0.8 908472 528298.24 20.99 370 160.69 0.54 19136 12536.77 20.99 208 3 99 11856 171 5643 17.1 18.5 17.74 0.07
52200.0 354 114.01 0.51 19636 6582.39 0.51 15892 5977.19 0.8 924364 534275.43 20.99 350 161.0 0.54 19486 12697.77 20.99 208 3 99 12064 174 5742 17.1 18.5 17.74 0.07
53100.0 310 113.24 0.51 19946 6695.63 0.51 15854 5975.16 0.8 940218 540250.59 20.99 310 159.79 0.54 19796 12857.56 20.99 208 3 99 12272 177 5841 17.1 18.5 17.72 0.07
54000.0 310 113.24 0.51 20256 6808.87 0.51 15861 5979.99 0.8 956079 546230.58 20.99 310 159.79 0.54 20106 13017.35 20.99 208 3 99 12480 180 5940 17.1 18.6 17.71 0.07
54900.0 376 113.38 0.51 20632 6922.25 0.51 15919 5979.26 0.8 971998 552209.84 20.99 370 160.69 0.54 20476 13178.04 20.99 208 3 99 12688 183 6039 17.1 18.6 17.71 0.07
55800.0 354 114.01 0.51 20986 7036.26 0.51 15884 5973.19 0.8 987882 558183.03 20.99 350 161.0 0.54 20826 13339.04 20.99 208 3 99 12896 186 6138 17.1 18.6 17.71 0.07
56700.0 310 113.24 0.51 21296 7149.5 0.51 15861 5982.36 0.8 1003743 564165.38 20.99 310 159.79 0.54 21136 13498.83 20.99 208 3 99 13104 189 6237 17.1 18.6 17.68 0.08
57600.0 310 113.24 0.51 21606 7262.74 0.51 15871 5987.19 0.8 1019614 570152.58 20.99 310 159.79 0.54 21446 13658.62 20.99 208 3 99 13312 192 6336 17.1 18.6 17.68 0.09
58500.0 376 113.38 0.51 21982 7376.12 0.51 15931 5988.06 0.8 1035545 576140.63 20.99 370 160.69 0.54 21816 13819.31 20.99 208 3 99 13520 195 6435 17.1 18.6 17.68 0.09
59400.0 354 114.01 0.51 22336 7490.13 0.51 15880 5969.13 0.8 1051425 582109.76 20.99 350 160.96 0.54 22166 13980.28 20.99 208 3 99 13728 198 6534 17.1 18.6 17.68 0.09
60300.0 310 113.23 0.51 22646 7603.36 0.51 15856 5980.68 0.8 1067281 588090.44 20.99 310 159.76 0.54 22476 14140.03 20.99 208 3 99 13936 201 6633 17.0 18.6 17.65 0.09
61200.0 310 113.23 0.51 22956 7716.6 0.51 15870 5987.12 0.8 1083151 594077.57 20.99 310 159.76 0.54 22786 14299.8 20.99 208 3 99 14144 204 6732 17.0 18.6 17.64 0.1
62100.0 376 113.38 0.51 23332 7829.98 0.51 15930 5987.99 0.8 1099081 600065.56 20.99 370 160.66 0.54 23156 14460.46 20.99 208 3 99 14352 207 6831 17.0 18.6 17.64 0.1
63000.0 354 114.0 0.51 23686 7943.98 0.51 15884 5966.89 0.8 1114965 606032.45 20.99 350 160.89 0.54 23506 14621.34 20.99 208 3 99 14560 210 6930 17.0 18.6 17.64 0.1
63900.0 310 113.22 0.51 23996 8057.2 0.51 15845 5964.78 0.8 1130810 611997.22 20.99 310 159.65 0.54 23816 14780.99 20.99 208 3 99 14768 213 7029 17.0 18.6 17.63 0.1
64800.0 310 113.22 0.51 24306 8170.43 0.51 15850 5968.05 0.8 1146660 617965.27 20.99 310 159.66 0.54 24126 14940.65 20.99 208 3 99 14976 216 7128 17.0 18.6 17.62 0.11
65700.0 376 113.36 0.51 24682 8283.79 0.51 15910 5968.88 0.8 1162570 623934.14 20.99 370 160.55 0.54 24496 15101.2 20.99 208 3 99 15184 219 7227 17.0 18.6 17.62 0.11
66600.0 354 114.0 0.51 25036 8397.79 0.51 15873 5961.12 0.8 1178443 629895.26 20.99 350 160.85 0.54 24846 15262.05 20.99 208 3 99 15392 222 7326 17.0 18.6 17.62 0.11
67500.0 310 113.22 0.51 25346 8511.01 0.51 15844 5966.31 0.8 1194287 635861.57 20.99 310 159.62 0.54 25156 15421.67 20.99 208 3 99 15600 225 7425 17.0 18.6 17.61 0.11
68400.0 310 113.22 0.51 25656 8624.23 0.51 15845 5966.36 0.8 1210132 641827.93 20.99 310 159.62 0.54 25466 15581.3 20.99 208 3 99 15808 228 7524 17.0 18.7 17.61 0.12
69300.0 376 113.36 0.51 26032 8737.59 0.51 15905 5967.21 0.8 1226037 647795.14 20.99 370 160.52 0.54 25836 15741.82 20.99 208 3 99 16016 231 7623 17.0 18.7 17.61 0.12
70200.0 354 114.0 0.51 26386 8851.59 0.51 15861 5953.77 0.8 1241898 653748.91 20.99 350 160.85 0.54 26186 15902.67 20.99 208 3 99 16224 234 7722 17.0 18.7 17.61 0.12
71100.0 310 113.22 0.51 26696 8964.82 0.51 15835 5959.33 0.8 1257733 659708.24 20.99 310 159.64 0.54 26496 16062.31 20.99 208 3 99 16432 237 7821 17.0 18.7 17.59 0.12
72000.0 310 113.22 0.51 27006 9078.04 0.51 15846 5965.8 0.8 1273579 665674.04 20.99 310 159.64 0.54 26806 16221.95 20.99 208 3 99 16640 240 7920 17.0 18.7 17.59 0.12
72900.0 376 113.36 0.51 27382 9191.4 0.51 15903 5965.83 0.8 1289482 671639.87 20.99 370 160.54 0.54 27176 16382.49 20.99 208 3 99 16848 243 8019 17.0 18.7 17.59 0.12
73800.0 354 114.0 0.51 27736 9305.41 0.51 15867 5958.2 0.8 1305349 677598.07 20.99 350 160.84 0.54 27526 16543.33 20.99 208 3 99 17056 246 8118 17.0 18.7 17.59 0.12
74700.0 310 113.23 0.51 28046 9418.63 0.51 15826 5958.64 0.8 1321175 683556.71 20.99 310 159.69 0.54 27836 16703.02 20.99 208 3 99 17264 249 8217 17.0 18.7 17.58 0.12
75600.0 310 113.23 0.51 28356 9531.86 0.51 15830 5960.31 0.8 1337005 689517.02 20.99 310 159.69 0.54 28146 16862.71 20.99 208 3 99 17472 252 8316 17.0 18.7 17.58 0.12
76500.0 376 113.37 0.51 28732 9645.23 0.51 15890 5961.15 0.8 1352895 695478.17 20.99 370 160.59 0.54 28516 17023.29 20.99 208 3 99 17680 255 8415 17.0 18.7 17.58 0.12
77400.0 354 114.0 0.51 29086 9759.23 0.51 15856 5951.65 0.8 1368751 701429.82 20.99 350 160.86 0.54 28866 17184.15 20.99 208 3 99 17888 258 8514 17.0 18.7 17.58 0.12
78300.0 310 113.22 0.51 29396 9872.46 0.51 15822 5953.57 0.8 1384573 707383.39 20.99 310 159.65 0.54 29176 17343.8 20.99 208 3 99 18096 261 8613 17.0 18.7 17.56 0.12
79200.0 310 113.22 0.51 29706 9985.68 0.51 15826 5956.05 0.8 1400399 713339.44 20.99 310 159.66 0.54 29486 17503.46 20.99 208 3 99 18304 264 8712 17.0 18.6 17.56 0.12
80100.0 376 113.36 0.51 30082 10099.04 0.51 15886 5956.87 0.8 1416285 719296.32 20.99 370 160.55 0.54 29856 17664.01 20.99 208 3 99 18512 267 8811 17.0 18.6 17.56 0.12
81000.0 354 114.0 0.51 30436 10213.05 0.51 15852 5951.3 0.8 1432137 725247.61 20.99 350 160.87 0.54 30206 17824.87 20.99 208 3 99 18720 270 8910 17.0 18.6 17.56 0.12
81900.0 310 113.23 0.51 30746 10326.28 0.51 15816 5952.27 0.8 1447953 731199.88 20.99 310 159.7 0.54 30516 17984.57 20.99 208 3 99 18928 273 9009 17.0 18.6 17.56 0.12
82800.0 310 113.23 0.51 31056 10439.51 0.51 15816 5951.51 0.8 1463769 737151.39 20.99 310 159.71 0.54 30826 18144.28 20.99 208 3 99 19136 276 9108 17.0 18.6 17.56 0.11
83700.0 376 113.37 0.51 31432 10552.88 0.51 15873 5950.77 0.8 1479642 743102.17 20.99 370 160.6 0.54 31196 18304.88 20.99 208 3 99 19344 279 9207 17.0 18.6 17.56 0.11
84600.0 354 114.01 0.51 31786 10666.89 0.51 15846 5949.51 0.8 1495488 749051.68 20.99 350 160.91 0.54 31546 18465.79 20.99 208 3 99 19552 282 9306 17.0 18.6 17.56 0.11
85500.0 310 113.23 0.51 32096 10780.11 0.51 15818 5950.93 0.8 1511306 755002.62 20.99 310 159.66 0.54 31856 18625.45 20.99 208 3 99 19760 285 9405 17.0 18.6 17.57 0.11
86400.0 310 113.23 0.51 32406 10893.34 0.51 15816 5949.38 0.8 1527122 760952.0 20.99 310 159.67 0.54 32166 18785.12 20.99 208 3 99 19968 288 9504 17.0 18.6 17.57 0.11
87300.0 376 113.37 0.51 32782 11006.71 0.51 15876 5950.23 0.8 1542998 766902.23 20.99 370 160.56 0.54 32536 18945.68 20.99 208 3 99 20176 291 9603 17.0 18.6 17.57 0.11
88200.0 354 114.01 0.51 33136 11120.72 0.51 15840 5947.85 0.8 1558838 772850.08 20.99 350 160.95 0.54 32886 19106.63 20.99 208 3 99 20384 294 9702 17.0 18.6 17.57 0.11
89100.0 310 113.24 0.51 33446 11233.96 0.51 15856 5980.75 0.8 1574694 778830.83 20.99 310 159.79 0.54 33196 19266.42 20.99 208 3 99 20592 297 9801 17.1 18.6 17.61 0.08
90000.0 310 113.24 0.51 33756 11347.2 0.51 15895 6000.79 0.8 1590589 784831.62 20.99 310 159.79 0.54 33506 19426.22 20.99 208 3 99 20800 300 9900 17.1 18.5 17.67 0.05
90900.0 376 113.38 0.51 34132 11460.58 0.51 15955 6001.66 0.8 1606544 790833.28 20.99 370 160.69 0.54 33876 19586.91 20.99 208 3 99 21008 303 9999 17.1 18.5 17.67 0.05
91800.0 354 114.0 0.51 34486 11574.58 0.51 15907 5980.79 0.8 1622451 796814.07 20.99 350 160.88 0.54 34226 19747.79 20.99 208 3 99 21216 306 10098 17.1 18.5 17.68 0.05
92700.0 310 113.22 0.51 34796 11687.8 0.51 15938 6013.77 0.8 1638389 802827.84 20.99 310 159.61 0.54 34536 19907.4 20.99 208 3 99 21424 309 10197 17.2 23.8 19.49 2.38
93600.0 310 113.22 0.51 35106 11801.02 0.51 15938 6013.81 0.8 1654327 808841.65 20.99 310 159.61 0.54 34846 20067.01 20.99 208 3 99 21632 312 10296 17.1 23.8 20.63 4.81
94500.0 376 113.36 0.51 35482 11914.38 0.51 15996 6013.86 0.8 1670323 814855.51 20.99 370 160.51 0.54 35216 20227.52 20.99 208 3 99 21840 315 10395 17.1 23.8 20.66 4.85
95400.0 354 114.0 0.51 35836 12028.38 0.51 15974 6013.41 0.8 1686297 820868.92 20.99 350 160.81 0.54 35566 20388.33 20.99 208 3 99 22048 318 10494 17.1 23.8 20.66 4.86
96300.0 310 113.22 0.51 36146 12141.6 0.51 15933 6011.36 0.8 1702230 826880.28 20.99 310 159.61 0.54 35876 20547.94 20.99 208 3 99 22256 321 10593 17.1 24.0 21.0 4.73
97200.0 310 113.22 0.51 36456 12254.81 0.51 15931 6009.81 0.8 1718161 832890.09 20.99 310 159.61 0.54 36186 20707.56 20.99 208 3 99 22464 324 10692 17.1 24.0 21.17 4.74
98100.0 376 113.36 0.51 36832 12368.18 0.51 15988 6009.06 0.8 1734149 838899.15 20.99 370 160.51 0.54 36556 20868.07 20.99 208 3 99 22672 327 10791 17.4 24.0 21.18 4.73
99000.0 354 113.99 0.51 37186 12482.16 0.51 15965 6003.29 0.8 1750114 844902.44 20.99 350 160.73 0.54 36906 21028.79 20.99 208 3 99 22880 330 10890 17.4 24.0 21.18 4.73
99900.0 310 113.21 0.51 37496 12595.38 0.51 15926 6002.07 0.8 1766040 850904.51 20.99 310 159.52 0.54 37216 21188.31 20.99 208 3 99 23088 333 10989 17.4 24.0 21.4 4.09
100800.0 310 113.21 0.51 37806 12708.59 0.51 15926 6002.09 0.8 1781966 856906.6 20.99 310 159.52 0.54 37526 21347.84 20.99 208 3 99 23296 336 11088 17.5 24.0 21.53 3.9
101700.0 376 113.35 0.51 38182 12821.94 0.51 15986 6002.97 0.8 1797952 862909.57 20.99 370 160.42 0.54 37896 21508.26 20.99 208 3 99 23504 339 11187 17.8 24.0 21.53 3.88
102600.0 354 113.99 0.51 38536 12935.93 0.51 15956 5998.2 0.8 1813908 868907.76 20.99 350 160.73 0.54 38246 21669.0 20.99 208 3 99 23712 342 11286 17.8 24.0 21.53 3.87
103500.0 310 113.21 0.51 38846 13049.14 0.51 15923 6001.76 0.8 1829831 874909.52 20.99 310 159.53 0.54 38556 21828.53 20.99 208 3 99 23920 345 11385 17.8 24.0 21.68 3.31
104400.0 310 113.21 0.51 39156 13162.35 0.51 15924 6001.8 0.8 1845755 880911.32 20.99 310 159.53 0.54 38866 21988.06 20.99 208 3 99 24128 348 11484 18.0 24.0 21.83 3.11
105300.0 376 113.35 0.51 39532 13275.71 0.51 15983 6002.66 0.8 1861738 886913.98 20.99 370 160.43 0.54 39236 22148.49 20.99 208 3 99 24336 351 11583 18.5 24.0 21.83 3.07
106200.0 354 113.98 0.51 39886 13389.69 0.51 15960 5997.55 0.8 1877698 892911.53 20.99 350 160.68 0.54 39586 22309.17 20.99 208 3 99 24544 354 11682 18.5 24.0 21.83 3.07
107100.0 310 113.2 0.51 40196 13502.89 0.51 15922 5990.23 0.8 1893620 898901.76 20.99 310 159.32 0.54 39896 22468.49 20.99 208 3 99 24752 357 11781 18.5 24.0 21.82 2.87
108000.0 310 113.2 0.51 40506 13616.09 0.51 15919 5988.64 0.8 1909539 904890.4 20.99 310 159.32 0.54 40206 22627.81 20.99 208 3 99 24960 360 11880 18.8 24.0 21.83 2.85
108900.0 376 113.34 0.51 40882 13729.44 0.51 15979 5989.52 0.8 1925518 910879.92 20.99 370 160.22 0.54 40576 22788.04 20.99 208 3 99 25168 363 11979 18.9 24.0 21.83 2.84
109800.0 354 113.98 0.51 41236 13843.41 0.51 15957 5988.24 0.8 1941475 916868.16 20.99 350 160.52 0.54 40926 22948.56 20.99 208 3 99 25376 366 12078 18.9 24.0 21.83 2.84
110700.0 310 113.2 0.51 41546 13956.61 0.51 15918 5987.02 0.8 1957393 922855.18 20.99 310 159.32 0.54 41236 23107.88 20.99 208 3 99 25584 369 12177 18.9 24.0 21.72 2.77
111600.0 310 113.2 0.51 41856 14069.81 0.51 15907 5982.24 0.8 1973300 928837.42 20.99 310 159.32 0.54 41546 23267.2 20.99 208 3 99 25792 372 12276 18.9 24.0 21.65 2.66
112500.0 376 113.34 0.51 42232 14183.15 0.51 15967 5983.12 0.8 1989267 934820.54 20.99 370 160.22 0.54 41916 23427.43 20.99 208 3 99 26000 375 12375 18.9 23.9 21.65 2.65
113400.0 354 113.98 0.51 42586 14297.13 0.51 15942 5981.04 0.8 2005209 940801.58 20.99 350 160.52 0.54 42266 23587.95 20.99 208 3 99 26208 378 12474 18.9 23.9 21.65 2.65
114300.0 310 113.2 0.51 42896 14410.33 0.51 15911 5985.42 0.8 2021120 946787.0 20.99 310 159.32 0.54 42576 23747.27 20.99 208 3 99 26416 381 12573 18.9 23.9 22.92 0.87
115200.0 310 113.2 0.51 43206 14523.53 0.51 15911 5985.44 0.8 2037031 952772.44 20.99 310 159.32 0.54 42886 23906.6 20.99 208 3 99 26624 384 12672 18.9 24.0 23.48 0.17
116100.0 376 113.34 0.51 43582 14636.87 0.51 15970 5985.52 0.8 2053001 958757.96 20.99 370 160.22 0.54 43256 24066.82 20.99 208 3 99 26832 387 12771 22.6 24.0 23.51 0.03
117000.0 354 113.98 0.51 43936 14750.85 0.51 15945 5982.64 0.8 2068946 964740.6 20.99 350 160.52 0.54 43606 24227.34 20.99 208 3 99 27040 390 12870 22.6 24.0 23.51 0.03
117900.0 310 113.2 0.51 44246 14864.05 0.51 15905 5981.42 0.8 2084851 970722.02 20.99 310 159.32 0.54 43916 24386.66 20.99 208 3 99 27248 393 12969 22.6 24.0 23.55 0.02
118800.0 310 113.2 0.51 44556 14977.25 0.51 15903 5980.64 0.8 2100754 976702.66 20.99 310 159.32 0.54 44226 24545.99 20.99 208 3 99 27456 396 13068 22.7 24.0 23.59 0.02
119700.0 376 113.34 0.51 44932 15090.59 0.51 15963 5981.52 0.8 2116717 982684.18 20.99 370 160.22 0.54 44596 24706.21 20.99 208 3 99 27664 399 13167 22.7 24.0 23.6 0.02
120600.0 354 113.98 0.51 45286 15204.57 0.51 15943 5981.84 0.8 2132660 988666.02 20.99 350 160.52 0.54 44946 24866.73 20.99 208 3 99 27872 402 13266 22.7 24.0 23.6 0.02
121500.0 310 113.2 0.51 45596 15317.77 0.51 15903 5980.62 0.8 2148563 994646.64 20.99 310 159.32 0.54 45256 25026.06 20.99 208 3 99 28080 405 13365 22.8 24.0 23.64 0.01
122400.0 310 113.2 0.51 45906 15430.97 0.51 15900 5979.04 0.8 2164463 1000625.68 20.99 310 159.32 0.54 45566 25185.38 20.99 208 3 99 28288 408 13464 22.8 24.0 23.66 0.01
123300.0 376 113.34 0.51 46282 15544.31 0.51 15960 5979.92 0.8 2180423 1006605.6 20.99 370 160.22 0.54 45936 25345.6 20.99 208 3 99 28496 411 13563 22.8 24.0 23.66 0.01
124200.0 354 113.98 0.51 46636 15658.29 0.51 15940 5980.24 0.8 2196363 1012585.84 20.99 350 160.52 0.54 46286 25506.12 20.99 208 3 99 28704 414 13662 22.8 24.0 23.66 0.01
125100.0 310 113.2 0.51 46946 15771.49 0.51 15896 5976.62 0.8 2212259 1018562.46 20.99 310 159.32 0.54 46596 25665.45 20.99 208 3 99 28912 417 13761 22.9 24.0 23.69 0.01
126000.0 310 113.2 0.51 47256 15884.69 0.51 15896 5976.64 0.8 2228155 1024539.1 20.99 310 159.32 0.54 46906 25824.77 20.99 208 3 99 29120 420 13860 22.9 24.0 23.72 0.01
126900.0 376 113.34 0.51 47632 15998.03 0.51 15954 5976.72 0.8 2244109 1030515.82 20.99 370 160.22 0.54 47276 25984.99 20.99 208 3 99 29328 423 13959 22.9 24.0 23.72 0.01
127800.0 354 113.98 0.51 47986 16112.01 0.51 15931 5975.44 0.8 2260040 1036491.26 20.99 350 160.52 0.54 47626 26145.52 20.99 208 3 99 29536 426 14058 22.9 24.0 23.72 0.01
128700.0 310 113.2 0.51 48296 16225.21 0.51 15891 5974.22 0.8 2275931 1042465.48 20.99 310 159.32 0.54 47936 26304.84 20.99 208 3 99 29744 429 14157 23.1 24.0 23.74 0.01
129600.0 310 113.2 0.51 48606 16338.41 0.51 15890 5973.44 0.8 2291821 1048438.92 20.99 310 159.32 0.54 48246 26464.16 20.99 208 3 99 29952 432 14256 23.1 24.0 23.76 0.01
130500.0 376 113.34 0.51 48982 16451.75 0.51 15948 5973.52 0.8 2307769 1054412.44 20.99 370 160.22 0.54 48616 26624.38 20.99 208 3 99 30160 435 14355 23.1 24.0 23.76 0.01
131400.0 354 113.98 0.51 49336 16565.73 0.51 15928 5973.84 0.8 2323697 1060386.28 20.99 350 160.52 0.54 48966 26784.91 20.99 208 3 99 30368 438 14454 23.1 24.0 23.76 0.01
132300.0 310 113.2 0.51 49646 16678.93 0.51 15886 5971.02 0.8 2339583 1066357.3 20.99 310 159.32 0.54 49276 26944.23 20.99 208 3 99 30576 441 14553 23.2 24.0 23.78 0.01
133200.0 310 113.2 0.51 49956 16792.12 0.51 15882 5969.44 0.8 2355465 1072326.74 20.99 310 159.32 0.54 49586 27103.55 20.99 208 3 99 30784 444 14652 23.2 24.0 23.79 0.01
134100.0 376 113.34 0.51 50332 16905.47 0.51 15942 5970.32 0.8 2371407 1078297.07 20.99 370 160.22 0.54 49956 27263.77 20.99 208 3 99 30992 447 14751 23.2 24.0 23.8 0.01
135000.0 354 113.98 0.51 50686 17019.44 0.51 15922 5970.64 0.8 2387329 1084267.7 20.99 350 160.52 0.54 50306 27424.3 20.99 208 3 99 31200 450 14850 23.2 24.0 23.8 0.01
135900.0 310 113.2 0.51 50996 17132.64 0.51 15880 5968.62 0.8 2403209 1090236.33 20.99 310 159.32 0.54 50616 27583.62 20.99 208 3 99 31408 453 14949 23.3 24.0 23.83 0.01
136800.0 310 113.2 0.51 51306 17245.84 0.51 15879 5967.84 0.8 2419088 1096204.16 20.99 310 159.32 0.54 50926 27742.94 20.99 208 3 99 31616 456 15048 23.3 24.0 23.84 0.01
137700.0 376 113.34 0.51 51682 17359.19 0.51 15938 5967.92 0.8 2435026 1102172.09 20.99 370 160.22 0.54 51296 27903.17 20.99 208 3 99 31824 459 15147 23.3 24.0 23.84 0.01
138600.0 354 113.98 0.51 52036 17473.16 0.51 15915 5966.64 0.8 2450941 1108138.72 20.99 350 160.52 0.54 51646 28063.69 20.99 208 3 99 32032 462 15246 23.3 24.0 23.84 0.01
139500.0 310 113.2 0.51 52346 17586.36 0.51 15874 5965.42 0.8 2466815 1114104.15 20.99 310 159.32 0.54 51956 28223.01 20.99 208 3 99 32240 465 15345 23.4 24.0 23.85 0.01
140400.0 310 113.2 0.51 52656 17699.56 0.51 15874 5965.44 0.8 2482689 1120069.58 20.99 310 159.32 0.54 52266 28382.33 20.99 208 3 99 32448 468 15444 23.4 24.0 23.85 0.01
141300.0 376 113.34 0.51 53032 17812.91 0.51 15930 5964.72 0.8 2498619 1126034.31 20.99 370 160.22 0.54 52636 28542.56 20.99 208 3 99 32656 471 15543 23.4 24.0 23.85 0.01
142200.0 354 113.98 0.51 53386 17926.88 0.51 15910 5965.04 0.8 2514529 1131999.34 20.99 350 160.52 0.54 52986 28703.08 20.99 208 3 99 32864 474 15642 23.4 24.0 23.85 0.01
143100.0 310 113.2 0.51 53696 18040.08 0.51 15870 5963.82 0.8 2530399 1137963.17 20.99 310 159.32 0.54 53296 28862.4 20.99 208 3 99 33072 477 15741 23.5 24.0 23.88 0.01
144000.0 310 113.2 0.51 54006 18153.28 0.51 15869 5963.04 0.8 2546268 1143926.2 20.99 310 159.32 0.54 53606 29021.72 20.99 208 3 99 33280 480 15840 23.5 24.0 23.88 0.01
144900.0 376 113.34 0.51 54382 18266.62 0.51 15929 5963.92 0.8 2562197 1149890.13 20.99 370 160.22 0.54 53976 29181.95 20.99 208 3 99 33488 483 15939 23.5 24.0 23.88 0.01
145800.0 354 113.98 0.51 54736 18380.6 0.51 15908 5963.44 0.8 2578105 1155853.56 20.99 350 160.52 0.54 54326 29342.47 20.99 208 3 99 33696 486 16038 23.5 24.0 23.88 0.01
146700.0 310 113.2 0.51 55046 18493.8 0.51 15863 5958.22 0.8 2593968 1161811.79 20.99 310 159.32 0.54 54636 29501.79 20.99 208 3 99 33904 489 16137 23.6 24.0 23.88 0.01
147600.0 310 113.2 0.51 55356 18607.0 0.51 15863 5958.24 0.8 2609831 1167770.02 20.99 310 159.32 0.54 54946 29661.12 20.99 208 3 99 34112 492 16236 23.6 24.0 23.88 0.01
148500.0 376 113.34 0.51 55732 18720.34 0.51 15922 5958.32 0.8 2625753 1173728.35 20.99 370 160.22 0.54 55316 29821.34 20.99 208 3 99 34320 495 16335 23.6 24.0 23.88 0.01
149400.0 354 113.98 0.51 56086 18834.32 0.51 15894 5953.04 0.8 2641647 1179681.38 20.99 350 160.52 0.54 55666 29981.86 20.99 208 3 99 34528 498 16434 23.6 24.0 23.88 0.01
150300.0 310 113.2 0.51 56396 18947.52 0.51 15854 5951.82 0.8 2657501 1185633.21 20.99 310 159.32 0.54 55976 30141.18 20.99 208 3 99 34736 501 16533 23.7 24.0 23.89 0.01
151200.0 310 113.2 0.51 56706 19060.72 0.51 15852 5951.84 0.8 2673353 1191585.04 20.99 310 159.32 0.54 56286 30300.51 20.99 208 3 99 34944 504 16632 23.7 24.0 23.9 0.01
152100.0 376 113.34 0.51 57082 19174.06 0.51 15911 5952.72 0.8 2689264 1197537.77 20.99 370 160.22 0.54 56656 30460.73 20.99 208 3 99 35152 507 16731 23.7 24.0 23.9 0.01
153000.0 354 113.98 0.51 57436 19288.04 0.51 15891 5953.04 0.8 2705155 1203490.8 20.99 350 160.52 0.54 57006 30621.25 20.99 208 3 99 35360 510 16830 23.7 24.0 23.9 0.01
153900.0 310 113.2 0.51 57746 19401.24 0.51 15851 5951.82 0.8 2721006 1209442.63 20.99 310 159.32 0.54 57316 30780.57 20.99 208 3 99 35568 513 16929 23.7 24.0 23.89 0.01
154800.0 310 113.2 0.51 58056 19514.44 0.51 15847 5949.44 0.8 2736853 1215392.06 20.99 310 159.32 0.54 57626 30939.9 20.99 208 3 99 35776 516 17028 23.6 24.0 23.89 0.01
155700.0 376 113.34 0.51 58432 19627.78 0.51 15907 5950.32 0.8 2752760 1221342.39 20.99 370 160.22 0.54 57996 31100.12 20.99 208 3 99 35984 519 17127 23.6 24.0 23.89 0.01
156600.0 354 113.98 0.51 58786 19741.76 0.51 15885 5949.04 0.8 2768645 1227291.42 20.99 350 160.52 0.54 58346 31260.64 20.99 208 3 99 36192 522 17226 23.6 24.0 23.89 0.01
157500.0 310 113.2 0.51 59096 19854.96 0.51 15844 5947.02 0.8 2784489 1233238.45 20.99 310 159.32 0.54 58656 31419.97 20.99 208 3 99 36400 525 17325 23.6 24.0 23.88 0.01
158400.0 310 113.2 0.51 59406 19968.16 0.51 15844 5947.04 0.8 2800333 1239185.48 20.99 310 159.32 0.54 58966 31579.29 20.99 208 3 99 36608 528 17424 23.5 24.0 23.88 0.01
159300.0 376 113.34 0.51 59782 20081.5 0.51 15900 5946.32 0.8 2816233 1245131.81 20.99 370 160.22 0.54 59336 31739.51 20.99 208 3 99 36816 531 17523 23.5 24.0 23.88 0.01
160200.0 354 113.98 0.51 60136 20195.48 0.51 15876 5944.24 0.8 2832109 1251076.04 20.99 350 160.52 0.54 59686 31900.04 20.99 208 3 99 37024 534 17622 23.5 24.0 23.88 0.01
161100.0 310 113.2 0.51 60446 20308.68 0.51 15836 5943.02 0.8 2847945 1257019.07 20.99 310 159.32 0.54 59996 32059.36 20.99 208 3 99 37232 537 17721 23.5 24.0 23.86 0.01
162000.0 310 113.2 0.51 60756 20421.88 0.51 15835 5942.24 0.8 2863780 1262961.3 20.99 310 159.32 0.54 60306 32218.68 20.99 208 3 99 37440 540 17820 23.4 24.0 23.86 0.01
162900.0 376 113.34 0.51 61132 20535.22 0.51 15894 5943.12 0.8 2879674 1268904.43 20.99 370 160.22 0.54 60676 32378.9 20.99 208 3 99 37648 543 17919 23.4 24.0 23.86 0.01
163800.0 354 113.98 0.51 61486 20649.19 0.51 15874 5943.44 0.8 2895548 1274847.86 20.99 350 160.52 0.54 61026 32539.43 20.99 208 3 99 37856 546 18018 23.4 24.0 23.86 0.01
164700.0 310 113.2 0.51 61796 20762.39 0.51 15833 5941.42 0.8 2911381 1280789.29 20.99 310 159.32 0.54 61336 32698.75 20.99 208 3 99 38064 549 18117 23.4 24.0 23.83 0.02
165600.0 310 113.2 0.51 62106 20875.59 0.51 15832 5940.64 0.8 2927213 1286729.92 20.99 310 159.32 0.54 61646 32858.07 20.99 208 3 99 38272 552 18216 23.3 24.0 23.82 0.02
166500.0 376 113.34 0.51 62482 20988.93 0.51 15892 5941.52 0.8 2943105 1292671.45 20.99 370 160.22 0.54 62016 33018.29 20.99 208 3 99 38480 555 18315 23.3 24.0 23.82 0.02
167400.0 354 113.98 0.51 62836 21102.91 0.51 15871 5941.04 0.8 2958976 1298612.48 20.99 350 160.52 0.54 62366 33178.82 20.99 208 3 99 38688 558 18414 23.3 24.0 23.82 0.02
168300.0 310 113.2 0.51 63146 21216.11 0.51 15831 5939.82 0.8 2974807 1304552.3 20.99 310 159.32 0.54 62676 33338.14 20.99 208 3 99 38896 561 18513 23.3 24.0 23.8 0.02
169200.0 310 113.2 0.51 63456 21329.31 0.51 15828 5937.44 0.8 2990635 1310489.74 20.99 310 159.32 0.54 62986 33497.46 20.99 208 3 99 39104 564 18612 23.2 24.0 23.79 0.02
170100.0 376 113.34 0.51 63832 21442.65 0.51 15888 5938.32 0.8 3006523 1316428.06 20.99 370 160.22 0.54 63356 33657.68 20.99 208 3 99 39312 567 18711 23.2 24.0 23.79 0.02
171000.0 354 113.98 0.51 64186 21556.63 0.51 15865 5937.04 0.8 3022388 1322365.1 20.99 350 160.52 0.54 63706 33818.21 20.99 208 3 99 39520 570 18810 23.2 24.0 23.79 0.02
171900.0 310 113.2 0.51 64496 21669.83 0.51 15822 5934.22 0.8 3038210 1328299.32 20.99 310 159.32 0.54 64016 33977.53 20.99 208 3 99 39728 573 18909 23.2 24.0 23.76 0.03
172800.0 310 113.2 0.51 64806 21783.03 0.51 15820 5932.64 0.8 3054030 1334231.96 20.99 310 159.32 0.54 64326 34136.85 20.99 208 3 99 39936 576 19008 23.1 24.0 23.74 0.02
173700.0 376 113.34 0.51 65182 21896.37 0.51 15876 5930.32 0.8 3069906 1340162.28 20.99 370 160.22 0.54 64696 34297.08 20.99 208 3 99 40144 579 19107 23.1 24.0 23.74 0.02
174600.0 354 113.98 0.51 65536 22010.34 0.51 15856 5930.64 0.8 3085762 1346092.92 20.99 350 160.52 0.54 65046 34457.6 20.99 208 3 99 40352 582 19206 23.1 24.0 23.74 0.02
175500.0 310 113.2 0.51 65846 22123.54 0.51 15817 5931.82 0.8 3101579 1352024.74 20.99 310 159.32 0.54 65356 34616.92 20.99 208 3 99 40560 585 19305 23.1 24.0 23.71 0.03
176400.0 310 113.2 0.51 66156 22236.74 0.51 15813 5931.04 0.8 3117392 1357955.78 20.99 310 159.32 0.54 65666 34776.24 20.99 208 3 99 40768 588 19404 22.9 24.0 23.68 0.03
177300.0 376 113.34 0.51 66532 22350.09 0.51 15872 5931.92 0.8 3133264 1363887.7 20.99 370 160.22 0.54 66036 34936.47 20.99 208 3 99 40976 591 19503 22.9 23.9 23.68 0.03
178200.0 354 113.98 0.51 66886 22464.06 0.51 15848 5929.04 0.8 3149112 1369816.74 20.99 350 160.52 0.54 66386 35096.99 20.99 208 3 99 41184 594 19602 22.9 23.9 23.68 0.03
179100.0 310 113.2 0.51 67196 22577.26 0.51 15810 5930.22 0.8 3164922 1375746.96 20.99 310 159.32 0.54 66696 35256.31 20.99 208 3 99 41392 597 19701 22.9 23.9 23.63 0.03
180000.0 310 113.2 0.51 67506 22690.46 0.51 15816 5934.24 0.8 3180738 1381681.2 20.99 310 159.32 0.54 67006 35415.63 20.99 208 3 99 41600 600 19800 22.8 23.9 23.59 0.02
180900.0 376 113.34 0.51 67882 22803.81 0.51 15875 5934.32 0.8 3196613 1387615.52 20.99 370 160.22 0.54 67376 35575.86 20.99 208 3 99 41808 603 19899 22.8 23.9 23.58 0.02
181800.0 354 113.98 0.51 68236 22917.78 0.51 15847 5929.84 0.8 3212460 1393545.36 20.99 350 160.52 0.54 67726 35736.38 20.99 208 3 99 42016 606 19998 22.8 23.9 23.58 0.02
182700.0 310 113.2 0.51 68546 23030.98 0.51 15812 5930.22 0.8 3228272 1399475.58 20.99 310 159.32 0.54 68036 35895.7 20.99 208 3 99 42224 609 20097 22.8 23.8 23.51 0.03
183600.0 310 113.2 0.51 68856 23144.18 0.51 15807 5929.44 0.8 3244079 1405405.02 20.99 310 159.32 0.54 68346 36055.03 20.99 208 3 99 42432 612 20196 22.7 23.8 23.45 0.02
184500.0 376 113.34 0.51 69232 23257.53 0.51 15862 5927.12 0.8 3259941 1411332.14 20.99 370 160.22 0.54 68716 36215.25 20.99 208 3 99 42640 615 20295 22.7 23.8 23.45 0.02
185400.0 354 113.98 0.51 69586 23371.5 0.51 15836 5925.04 0.8 3275777 1417257.18 20.99 350 160.52 0.54 69066 36375.77 20.99 208 3 99 42848 618 20394 22.7 23.8 23.45 0.02
186300.0 310 113.2 0.51 69896 23484.7 0.51 15801 5928.62 0.8 3291578 1423185.8 20.99 310 159.32 0.54 69376 36535.09 20.99 208 3 99 43056 621 20493 22.7 23.7 23.35 0.03
187200.0 310 113.2 0.51 70206 23597.9 0.51 15799 5923.84 0.8 3307377 1429109.64 20.99 310 159.32 0.54 69686 36694.42 20.99 208 3 99 43264 624 20592 22.4 23.7 23.27 0.02
188100.0 376 113.34 0.51 70582 23711.24 0.51 15858 5924.72 0.8 3323235 1435034.36 20.99 370 160.22 0.54 70056 36854.64 20.99 208 3 99 43472 627 20691 22.4 23.7 23.27 0.02
189000.0 354 113.98 0.51 70936 23825.22 0.51 15836 5924.24 0.8 3339071 1440958.6 20.99 350 160.52 0.54 70406 37015.16 20.99 208 3 99 43680 630 20790 22.4 23.7 23.27 0.02
189900.0 310 113.2 0.51 71246 23938.42 0.51 15791 5919.82 0.8 3354862 1446878.42 20.99 310 159.32 0.54 70716 37174.49 20.99 208 3 99 43888 633 20889 22.4 23.5 23.14 0.03
190800.0 310 113.2 0.51 71556 24051.62 0.51 15792 5920.64 0.8 3370654 1452799.06 20.99 310 159.32 0.54 71026 37333.81 20.99 208 3 99 44096 636 20988 22.1 23.5 23.03 0.02
191700.0 376 113.34 0.51 71932 24164.96 0.51 15849 5919.12 0.8 3386503 1458718.18 20.99 370 160.22 0.54 71396 37494.03 20.99 208 3 99 44304 639 21087 22.1 23.5 23.02 0.02
192600.0 354 113.98 0.51 72286 24278.94 0.51 15822 5917.84 0.8 3402325 1464636.02 20.99 350 160.52 0.54 71746 37654.56 20.99 208 3 99 44512 642 21186 22.1 23.5 23.02 0.02
193500.0 310 113.2 0.51 72596 24392.14 0.51 15785 5917.42 0.8 3418110 1470553.44 20.99 310 159.32 0.54 72056 37813.88 20.99 208 3 99 44720 645 21285 22.1 23.3 22.87 0.03
194400.0 310 113.2 0.51 72906 24505.34 0.51 15784 5919.04 0.8 3433894 1476472.47 20.99 310 159.32 0.54 72366 37973.2 20.99 208 3 99 44928 648 21384 22.0 23.3 22.74 0.02
195300.0 376 113.34 0.51 73282 24618.68 0.51 15836 5915.12 0.8 3449730 1482387.6 20.99 370 160.22 0.54 72736 38133.42 20.99 208 3 99 45136 651 21483 22.0 23.3 22.73 0.02
196200.0 354 113.98 0.51 73636 24732.66 0.51 15814 5914.64 0.8 3465544 1488302.24 20.99 350 160.52 0.54 73086 38293.95 20.99 208 3 99 45344 654 21582 22.0 23.3 22.73 0.02
197100.0 310 113.2 0.51 73946 24845.86 0.51 15785 5917.42 0.8 3481329 1494219.66 20.99 310 159.32 0.54 73396 38453.27 20.99 208 3 99 45552 657 21681 22.0 23.1 22.58 0.02
198000.0 310 113.2 0.51 74256 24959.06 0.51 15758 5904.64 0.8 3497087 1500124.29 20.99 310 159.32 0.54 73706 38612.59 20.99 208 3 99 45760 660 21780 22.0 23.1 22.43 0.02
198900.0 376 113.34 0.51 74632 25072.4 0.51 15818 5905.52 0.8 3512905 1506029.82 20.99 370 160.22 0.54 74076 38772.81 20.99 208 3 99 45968 663 21879 22.0 23.1 22.42 0.02
199800.0 354 113.98 0.51 74986 25186.38 0.51 15794 5902.64 0.8 3528699 1511932.45 20.99 350 160.52 0.54 74426 38933.34 20.99 208 3 99 46176 666 21978 22.0 23.1 22.42 0.02
200700.0 310 113.2 0.51 75296 25299.58 0.51 15762 5907.02 0.8 3544461 1517839.47 20.99 310 159.32 0.54 74736 39092.66 20.99 208 3 99 46384 669 22077 22.0 22.8 22.26 0.01
201600.0 310 113.2 0.51 75606 25412.78 0.51 15762 5907.04 0.8 3560223 1523746.51 20.99 310 159.32 0.54 75046 39251.98 20.99 208 3 99 46592 672 22176 22.0 22.8 22.19 0.02
202500.0 376 113.34 0.51 75982 25526.12 0.51 15822 5907.92 0.8 3576045 1529654.43 20.99 370 160.22 0.54 75416 39412.2 20.99 208 3 99 46800 675 22275 22.0 22.8 22.19 0.02
203400.0 354 113.98 0.51 76336 25640.1 0.51 15797 5904.24 0.8 3591842 1535558.67 20.99 350 160.52 0.54 75766 39572.73 20.99 208 3 99 47008 678 22374 22.0 22.8 22.19 0.02
204300.0 310 113.2 0.51 76646 25753.3 0.51 15765 5907.02 0.8 3607607 1541465.69 20.99 310 159.32 0.54 76076 39732.05 20.99 208 3 99 47216 681 22473 22.0 22.6 22.07 0.01
205200.0 310 113.2 0.51 76956 25866.5 0.51 15764 5906.24 0.8 3623371 1547371.93 20.99 310 159.32 0.54 76386 39891.37 20.99 208 3 99 47424 684 22572 22.0 22.6 22.06 0.01
206100.0 376 113.34 0.51 77332 25979.83 0.51 15824 5907.12 0.8 3639195 1553279.05 20.99 370 160.22 0.54 76756 40051.6 20.99 208 3 99 47632 687 22671 22.0 22.6 22.06 0.01
207000.0 354 113.98 0.51 77686 26093.81 0.51 15794 5902.64 0.8 3654989 1559181.69 20.99 350 160.52 0.54 77106 40212.12 20.99 208 3 99 47840 690 22770 22.0 22.6 22.06 0.01
207900.0 310 113.2 0.51 77996 26207.01 0.51 15759 5905.42 0.8 3670748 1565087.11 20.99 310 159.32 0.54 77416 40371.44 20.99 208 3 99 48048 693 22869 22.0 22.2 22.02 0.0
208800.0 310 113.2 0.51 78306 26320.21 0.51 15755 5903.04 0.8 3686503 1570990.15 20.99 310 159.32 0.54 77726 40530.76 20.99 208 3 99 48256 696 22968 22.0 22.2 22.02 0.0
209700.0 376 113.34 0.51 78682 26433.55 0.51 15814 5903.12 0.8 3702317 1576893.27 20.99 370 160.22 0.54 78096 40690.99 20.99 208 3 99 48464 699 23067 22.0 22.2 22.02 0.0
210600.0 354 113.98 0.51 79036 26547.53 0.51 15787 5899.44 0.8 3718104 1582792.71 20.99 350 160.52 0.54 78446 40851.51 20.99 208 3 99 48672 702 23166 22.0 22.2 22.02 0.0
211500.0 310 113.2 0.51 79346 26660.73 0.51 15747 5899.82 0.8 3733851 1588692.53 20.99 310 159.32 0.54 78756 41010.83 20.99 208 3 99 48880 705 23265 22.0 22.0 22.0 0.0
212400.0 310 113.2 0.51 79656 26773.93 0.51 15747 5899.84 0.8 3749598 1594592.36 20.99 310 159.32 0.54 79066 41170.15 20.99 208 3 99 49088 708 23364 22.0 22.0 22.0 0.0
213300.0 376 113.34 0.51 80032 26887.27 0.51 15805 5900.72 0.8 3765403 1600493.09 20.99 370 160.22 0.54 79436 41330.38 20.99 208 3 99 49296 711 23463 22.0 22.0 22.0 0.0
214200.0 354 113.98 0.51 80386 27001.25 0.51 15777 5897.04 0.8 3781180 1606390.12 20.99 350 160.52 0.54 79786 41490.9 20.99 208 3 99 49504 714 23562 22.0 22.0 22.0 0.0
215100.0 310 113.2 0.51 80696 27114.45 0.51 15736 5895.82 0.8 3796916 1612285.95 20.99 310 159.32 0.54 80096 41650.22 20.99 208 3 99 49712 717 23661 22.0 22.0 22.0 0.0
216000.0 310 113.2 0.51 81006 27227.65 0.51 15729 5891.84 0.8 3812645 1618177.78 20.99 310 159.32 0.54 80406 41809.55 20.99 208 3 99 49920 720 23760 22.0 22.0 22.0 0.0
216900.0 376 113.34 0.51 81382 27340.99 0.51 15788 5892.72 0.8 3828433 1624070.5 20.99 370 160.22 0.54 80776 41969.77 20.99 208 3 99 50128 723 23859 22.0 22.0 22.0 0.0
217800.0 354 113.98 0.51 81736 27454.96 0.51 15767 5892.24 0.8 3844200 1629962.74 20.99 350 160.52 0.54 81126 42130.29 20.99 208 3 99 50336 726 23958 22.0 22.0 22.0 0.0
218700.0 310 113.2 0.51 82046 27568.16 0.51 15718 5886.22 0.8 3859918 1635848.96 20.99 310 159.32 0.54 81436 42289.61 20.99 208 3 99 50544 729 24057 22.0 22.0 22.0 0.0
219600.0 310 113.2 0.51 82356 27681.36 0.51 15714 5883.04 0.8 3875632 1641732.0 20.99 310 159.32 0.54 81746 42448.94 20.99 208 3 99 50752 732 24156 22.0 22.0 22.0 0.0
220500.0 376 113.34 0.51 82732 27794.71 0.51 15773 5883.12 0.8 3891405 1647615.12 20.99 370 160.22 0.54 82116 42609.16 20.99 208 3 99 50960 735 24255 22.0 22.0 22.0 0.0
221400.0 354 113.98 0.51 83086 27908.69 0.51 15751 5886.4 0.8 3907156 1653501.52 20.99 350 160.62 0.54 82466 42769.78 20.99 208 3 99 51168 738 24354 21.7 22.0 22.0 0.0
222300.0 310 113.2 0.51 83396 28021.89 0.51 15794 5925.49 0.8 3922950 1659427.01 20.99 310 159.43 0.54 82776 42929.21 20.99 208 3 99 51376 741 24453 20.7 22.0 21.3 0.07
223200.0 310 113.2 0.51 83706 28135.1 0.51 15819 5940.76 0.8 3938769 1665367.77 20.99 310 159.44 0.54 83086 43088.64 20.99 208 3 99 51584 744 24552 19.8 22.0 20.59 0.15
224100.0 376 113.35 0.51 84082 28248.44 0.51 15879 5941.6 0.8 3954648 1671309.37 20.99 370 160.33 0.54 83456 43248.98 20.99 208 3 99 51792 747 24651 19.8 21.8 20.56 0.13
225000.0 354 113.98 0.51 84436 28362.42 0.51 15856 5939.97 0.8 3970504 1677249.33 20.99 350 160.62 0.54 83806 43409.59 20.99 208 3 99 52000 750 24750 19.8 21.8 20.56 0.13
225900.0 310 113.2 0.51 84746 28475.63 0.51 15822 5940.93 0.8 3986326 1683190.27 20.99 310 159.4 0.54 84116 43569.0 20.99 208 3 99 52208 753 24849 19.8 21.7 20.5 0.12
226800.0 310 113.2 0.51 85056 28588.83 0.51 15824 5941.77 0.8 4002150 1689132.04 20.99 310 159.41 0.54 84426 43728.41 20.99 208 3 99 52416 756 24948 19.8 21.7 20.46 0.14
227700.0 376 113.35 0.51 85432 28702.18 0.51 15883 5941.84 0.8 4018033 1695073.88 20.99 370 160.31 0.54 84796 43888.71 20.99 208 3 99 52624 759 25047 19.8 21.7 20.46 0.14
228600.0 354 113.98 0.51 85786 28816.16 0.51 15855 5939.31 0.8 4033888 1701013.19 20.99 350 160.62 0.54 85146 44049.33 20.99 208 3 99 52832 762 25146 19.8 21.7 20.46 0.14
229500.0 310 113.2 0.51 86096 28929.36 0.51 15819 5938.8 0.8 4049707 1706951.99 20.99 310 159.39 0.54 85456 44208.72 20.99 208 3 99 53040 765 25245 19.8 21.6 20.44 0.14
230400.0 310 113.2 0.51 86406 29042.57 0.51 15820 5939.64 0.8 4065527 1712891.63 20.99 310 159.4 0.54 85766 44368.12 20.99 208 3 99 53248 768 25344 19.8 21.6 20.45 0.14
231300.0 376 113.34 0.51 86782 29155.91 0.51 15879 5939.7 0.8 4081406 1718831.32 20.99 370 160.3 0.54 86136 44528.42 20.99 208 3 99 53456 771 25443 19.8 21.6 20.45 0.14
232200.0 354 113.98 0.51 87136 29269.89 0.51 15853 5937.7 0.8 4097259 1724769.02 20.99 350 160.6 0.54 86486 44689.02 20.99 208 3 99 53664 774 25542 19.8 21.6 20.45 0.14
233100.0 310 113.2 0.51 87446 29383.09 0.51 15814 5938.13 0.8 4113073 1730707.15 20.99 310 159.41 0.54 86796 44848.43 20.99 208 3 99 53872 777 25641 19.8 21.5 20.48 0.15
234000.0 310 113.2 0.51 87756 29496.3 0.51 15814 5938.97 0.8 4128887 1736646.12 20.99 310 159.42 0.54 87106 45007.85 20.99 208 3 99 54080 780 25740 19.8 21.5 20.49 0.15
234900.0 376 113.35 0.51 88132 29609.65 0.51 15874 5939.83 0.8 4144761 1742585.96 20.99 370 160.31 0.54 87476 45168.17 20.99 208 3 99 54288 783 25839 19.8 21.5 20.49 0.15
235800.0 354 113.98 0.51 88486 29723.63 0.51 15848 5936.05 0.8 4160609 1748522.01 20.99 350 160.6 0.54 87826 45328.77 20.99 208 3 99 54496 786 25938 19.8 21.5 20.49 0.15
236700.0 310 113.2 0.51 88796 29836.83 0.51 15810 5931.89 0.8 4176419 1754453.9 20.99 310 159.34 0.54 88136 45488.11 20.99 208 3 99 54704 789 26037 19.8 21.4 20.5 0.16
237600.0 310 113.2 0.51 89106 29950.03 0.51 15809 5931.9 0.8 4192228 1760385.81 20.99 310 159.34 0.54 88446 45647.45 20.99 208 3 99 54912 792 26136 19.8 21.4 20.55 0.15
238500.0 376 113.34 0.51 89482 30063.37 0.51 15868 5931.99 0.8 4208096 1766317.8 20.99 370 160.24 0.54 88816 45807.69 20.99 208 3 99 55120 795 26235 19.7 21.4 20.55 0.15
239400.0 354 113.98 0.51 89836 30177.35 0.51 15838 5932.86 0.8 4223934 1772250.66 20.99 350 160.63 0.54 89166 45968.32 20.99 208 3 99 55328 798 26334 19.7 21.4 20.55 0.15
240300.0 310 113.2 0.51 90146 30290.55 0.51 15797 5928.41 0.8 4239731 1778179.06 20.99 310 159.43 0.54 89476 46127.75 20.99 208 3 99 55536 801 26433 19.7 21.5 20.57 0.16
241200.0 310 113.2 0.51 90456 30403.76 0.51 15794 5926.86 0.8 4255525 1784105.92 20.99 310 159.43 0.54 89786 46287.18 20.99 208 3 99 55744 804 26532 19.7 21.6 20.6 0.16
242100.0 376 113.35 0.51 90832 30517.1 0.51 15853 5926.91 0.8 4271378 1790032.83 20.99 370 160.33 0.54 90156 46447.51 20.99 208 3 99 55952 807 26631 19.7 21.6 20.6 0.16
243000.0 354 113.98 0.51 91186 30631.08 0.51 15830 5922.19 0.8 4287208 1795955.02 20.99 350 160.55 0.54 90506 46608.06 20.99 208 3 99 56160 810 26730 19.7 21.6 20.6 0.16
243900.0 310 113.2 0.51 91496 30744.28 0.51 15793 5926.68 0.8 4303001 1801881.7 20.99 310 159.39 0.54 90816 46767.45 20.99 208 3 99 56368 813 26829 19.7 21.6 20.61 0.17
244800.0 310 113.2 0.51 91806 30857.49 0.51 15794 5926.72 0.8 4318795 1807808.43 20.99 310 159.4 0.54 91126 46926.85 20.99 208 3 99 56576 816 26928 19.7 21.8 20.64 0.17
245700.0 376 113.35 0.51 92182 30970.83 0.51 15853 5927.59 0.8 4334648 1813736.02 20.99 370 160.29 0.54 91496 47087.14 20.99 208 3 99 56784 819 27027 19.6 21.8 20.64 0.17
246600.0 354 113.98 0.51 92536 31084.82 0.51 15817 5919.6 0.8 4350465 1819655.62 20.99 350 160.64 0.54 91846 47247.78 20.99 208 3 99 56992 822 27126 19.6 21.8 20.64 0.17
247500.0 310 113.2 0.51 92846 31198.02 0.51 15790 5924.07 0.8 4366255 1825579.69 20.99 310 159.42 0.54 92156 47407.2 20.99 208 3 99 57200 825 27225 19.6 21.8 20.61 0.18
248400.0 310 113.2 0.51 93156 31311.22 0.51 15794 5925.74 0.8 4382049 1831505.43 20.99 310 159.43 0.54 92466 47566.62 20.99 208 3 99 57408 828 27324 19.6 21.9 20.62 0.18
249300.0 376 113.35 0.51 93532 31424.57 0.51 15849 5924.17 0.8 4397898 1837429.6 20.99 370 160.32 0.54 92836 47726.94 20.99 208 3 99 57616 831 27423 19.5 21.9 20.62 0.18
250200.0 354 113.98 0.51 93886 31538.55 0.51 15810 5912.11 0.8 4413708 1843341.71 20.99 350 160.59 0.54 93186 47887.53 20.99 208 3 99 57824 834 27522 19.5 21.9 20.62 0.18
251100.0 310 113.2 0.51 94196 31651.75 0.51 15786 5920.75 0.8 4429494 1849262.46 20.99 310 159.39 0.54 93496 48046.92 20.99 208 3 99 58032 837 27621 19.5 21.9 20.58 0.2
252000.0 310 113.2 0.51 94506 31764.95 0.51 15790 5923.99 0.8 4445284 1855186.45 20.99 310 159.39 0.54 93806 48206.31 20.99 208 3 99 58240 840 27720 19.5 22.0 20.56 0.22
252900.0 376 113.35 0.51 94882 31878.3 0.51 15850 5924.85 0.8 4461134 1861111.31 20.99 370 160.29 0.54 94176 48366.59 20.99 208 3 99 58448 843 27819 19.5 22.0 20.56 0.22
253800.0 354 113.98 0.51 95236 31992.28 0.51 15814 5914.92 0.8 4476948 1867026.23 20.99 350 160.6 0.54 94526 48527.19 20.99 208 3 99 58656 846 27918 19.5 22.0 20.56 0.22
254700.0 310 113.2 0.51 95546 32105.48 0.51 15818 5939.44 0.8 4492766 1872965.67 20.99 310 159.39 0.54 94836 48686.58 20.99 208 3 99 58864 849 28017 19.5 22.0 20.44 0.22
255600.0 310 113.2 0.51 95856 32218.69 0.51 15826 5941.88 0.8 4508592 1878907.55 20.99 310 159.4 0.54 95146 48845.98 20.99 208 3 99 59072 852 28116 19.5 21.8 20.4 0.23
256500.0 376 113.35 0.51 96232 32332.03 0.51 15886 5942.74 0.8 4524478 1884850.29 20.99 370 160.29 0.54 95516 49006.27 20.99 208 3 99 59280 855 28215 19.3 21.8 20.39 0.23
257400.0 354 113.98 0.51 96586 32446.01 0.51 15843 5929.2 0.8 4540321 1890779.49 20.99 350 160.59 0.54 95866 49166.86 20.99 208 3 99 59488 858 28314 19.3 21.8 20.39 0.23
258300.0 310 113.2 0.51 96896 32559.22 0.51 15831 5945.37 0.8 4556152 1896724.86 20.99 310 159.4 0.54 96176 49326.26 20.99 208 3 99 59696 861 28413 19.3 21.8 20.24 0.24
259200.0 310 113.2 0.51 97206 32672.42 0.51 15836 5948.61 0.8 4571988 1902673.46 20.99 310 159.4 0.54 96486 49485.66 20.99 208 3 99 59904 864 28512 19.3 21.8 20.15 0.26
260100.0 376 113.35 0.51 97582 32785.77 0.51 15896 5949.47 0.8 4587884 1908622.94 20.99 370 160.3 0.54 96856 49645.96 20.99 208 3 99 60112 867 28611 19.2 21.6 20.15 0.26
261000.0 356 114.35 0.51 97938 32900.11 0.51 16184 180312.57 20.97 4604068 2088935.51 20.99 352 3534.44 20.97 97208 53180.4 20.99 208 3 99 60320 870 28710 19.2 21.6 20.15 0.26
261900.0 310 113.2 0.51 98248 33013.31 0.51 15840 5946.27 0.8 4619908 2094881.78 20.99 310 159.34 0.54 97518 53339.74 20.99 208 3 99 60528 873 28809 18.9 21.6 19.8 0.25
262800.0 310 113.2 0.51 98558 33126.51 0.51 15851 5955.1 0.8 4635759 2100836.88 20.99 310 159.34 0.54 97828 53499.08 20.99 208 3 99 60736 876 28908 18.9 21.6 19.62 0.25
263700.0 376 113.34 0.51 98934 33239.86 0.51 15911 5955.97 0.8 4651670 2106792.85 20.99 370 160.24 0.54 98198 53659.33 20.99 208 3 99 60944 879 29007 18.9 20.8 19.62 0.24
264600.0 356 114.36 0.51 99290 33354.21 0.51 16201 180421.61 20.98 4667871 2287214.46 20.99 352 3537.69 20.98 98550 57197.01 20.99 208 3 99 61152 882 29106 18.4 20.8 19.61 0.25
265500.0 310 113.23 0.51 99600 33467.45 0.51 15906 6004.52 0.8 4683777 2293218.98 20.99 310 159.7 0.54 98860 57356.72 20.99 208 3 99 61360 885 29205 17.3 20.8 18.37 0.31
266400.0 310 113.23 0.51 99910 33580.68 0.51 15921 6010.98 0.8 4699698 2299229.96 20.99 310 159.7 0.54 99170 57516.42 20.99 208 3 99 61568 888 29304 17.3 20.2 17.82 0.06
267300.0 376 113.38 0.51 100286 33694.06 0.51 15981 6011.83 0.8 4715679 2305241.79 20.99 370 160.6 0.54 99540 57677.02 20.99 208 3 99 61776 891 29403 17.3 18.8 17.8 0.02
268200.0 356 114.38 0.51 100642 33808.44 0.51 16272 180473.33 20.98 4731951 2485715.12 20.99 352 3537.32 20.98 99892 61214.35 20.99 208 3 99 61984 894 29502 17.3 18.8 17.8 0.02
269100.0 310 113.23 0.51 100952 33921.68 0.51 15920 6009.46 0.8 4747871 2491724.58 20.99 310 159.68 0.54 100202 61374.02 20.99 208 3 99 62192 897 29601 17.3 18.8 17.78 0.02
270000.0 310 113.23 0.51 101262 34034.91 0.51 15921 6010.3 0.8 4763792 2497734.87 20.99 310 159.68 0.54 100512 61533.7 20.99 208 3 99 62400 900 29700 17.3 18.7 17.76 0.02
270900.0 376 113.38 0.51 101638 34148.29 0.51 15981 6011.15 0.8 4779773 2503746.03 20.99 370 160.58 0.54 100882 61694.28 20.99 208 3 99 62608 903 29799 17.3 18.7 17.76 0.02
271800.0 354 114.01 0.51 101992 34262.3 0.51 15958 6010.71 0.8 4795731 2509756.74 20.99 350 160.86 0.54 101232 61855.15 20.99 208 3 99 62816 906 29898 17.3 18.7 17.76 0.02
272700.0 310 113.23 0.51 102302 34375.53 0.51 15918 6009.48 0.8 4811649 2515766.22 20.99 310 159.66 0.54 101542 62014.81 20.99 208 3 99 63024 909 29997 17.3 18.7 17.74 0.02
273600.0 310 113.23 0.51 102612 34488.76 0.51 15918 6009.51 0.8 4827567 2521775.73 20.99 310 159.66 0.54 101852 62174.47 20.99 208 3 99 63232 912 30096 17.3 18.6 17.73 0.02
274500.0 376 113.38 0.51 102988 34602.14 0.51 15976 6008.78 0.8 4843543 2527784.51 20.99 370 160.56 0.54 102222 62335.03 20.99 208 3 99 63440 915 30195 17.3 18.6 17.73 0.02
275400.0 354 114.01 0.51 103342 34716.15 0.51 15955 6010.97 0.8 4859498 2533795.48 20.99 350 160.92 0.54 102572 62495.95 20.99 208 3 99 63648 918 30294 17.3 18.6 17.73 0.02
276300.0 310 113.23 0.51 103652 34829.39 0.51 15915 6007.35 0.8 4875413 2539802.83 20.99 310 159.68 0.54 102882 62655.63 20.99 208 3 99 63856 921 30393 17.3 18.6 17.72 0.02
277200.0 310 113.23 0.51 103962 34942.62 0.51 15915 6007.39 0.8 4891328 2545810.22 20.99 310 159.68 0.54 103192 62815.32 20.99 208 3 99 64064 924 30492 17.3 18.5 17.71 0.02
278100.0 376 113.37 0.51 104338 35055.99 0.51 15975 6008.25 0.8 4907303 2551818.47 20.99 370 160.58 0.54 103562 62975.9 20.99 208 3 99 64272 927 30591 17.3 18.5 17.7 0.02
279000.0 354 114.01 0.51 104692 35170.0 0.51 15953 6005.92 0.8 4923256 2557824.39 20.99 350 160.85 0.54 103912 63136.75 20.99 208 3 99 64480 930 30690 17.3 18.5 17.7 0.02
279900.0 310 113.23 0.51 105002 35283.24 0.51 15914 6007.05 0.8 4939170 2563831.44 20.99 310 159.68 0.54 104222 63296.42 20.99 208 3 99 64688 933 30789 17.3 18.5 17.69 0.02
280800.0 310 113.23 0.51 105312 35396.47 0.51 15915 6007.1 0.8 4955085 2569838.54 20.99 310 159.68 0.54 104532 63456.1 20.99 208 3 99 64896 936 30888 17.3 18.4 17.68 0.02
281700.0 376 113.38 0.51 105688 35509.85 0.51 15972 6007.15 0.8 4971057 2575845.69 20.99 370 160.58 0.54 104902 63616.68 20.99 208 3 99 65104 939 30987 17.3 18.4 17.68 0.02
282600.0 354 114.01 0.51 106042 35623.86 0.51 15949 6005.69 0.8 4987006 2581851.38 20.99 350 160.88 0.54 105252 63777.56 20.99 208 3 99 65312 942 31086 17.3 18.4 17.68 0.02
283500.0 310 113.23 0.51 106352 35737.09 0.51 15914 6005.35 0.8 5002920 2587856.72 20.99 310 159.63 0.54 105562 63937.18 20.99 208 3 99 65520 945 31185 17.3 18.4 17.67 0.01
284400.0 310 113.23 0.51 106662 35850.32 0.51 15912 6004.59 0.8 5018832 2593861.32 20.99 310 159.63 0.54 105872 64096.81 20.99 208 3 99 65728 948 31284 17.3 18.3 17.67 0.01
285300.0 376 113.37 0.51 107038 35963.69 0.51 15968 6003.85 0.8 5034800 2599865.16 20.99 370 160.53 0.54 106242 64257.34 20.99 208 3 99 65936 951 31383 17.3 18.3 17.67 0.01
286200.0 354 114.01 0.51 107392 36077.69 0.51 15943 6000.42 0.8 5050743 2605865.58 20.99 350 160.82 0.54 106592 64418.16 20.99 208 3 99 66144 954 31482 17.3 18.3 17.67 0.01
287100.0 310 113.23 0.51 107702 36190.92 0.51 15902 5999.11 0.8 5066645 2611864.68 20.99 310 159.63 0.54 106902 64577.79 20.99 208 3 99 66352 957 31581 17.3 18.3 17.66 0.01
288000.0 310 113.23 0.51 108012 36304.15 0.51 15900 5998.33 0.8 5082545 2617863.02 20.99 310 159.63 0.54 107212 64737.42 20.99 208 3 99 66560 960 31680 17.3 18.2 17.66 0.01
288900.0 376 113.37 0.51 108388 36417.53 0.51 15960 5999.21 0.8 5098505 2623862.23 20.99 370 160.53 0.54 107582 64897.96 20.99 208 3 99 66768 963 31779 17.3 18.2 17.66 0.01
289800.0 354 114.01 0.51 108742 36531.54 0.51 15937 6000.59 0.8 5114442 2629862.81 20.99 350 160.89 0.54 107932 65058.84 20.99 208 3 99 66976 966 31878 17.3 18.2 17.66 0.01
290700.0 310 113.24 0.51 109052 36644.77 0.51 15900 6000.92 0.8 5130342 2635863.74 20.99 310 159.71 0.54 108242 65218.56 20.99 208 3 99 67184 969 31977 17.3 18.2 17.66 0.01
291600.0 310 113.24 0.51 109362 36758.01 0.51 15899 6000.97 0.8 5146241 2641864.7 20.99 310 159.71 0.54 108552 65378.27 20.99 208 3 99 67392 972 32076 17.3 18.1 17.66 0.01
292500.0 376 113.38 0.51 109738 36871.39 0.51 15954 5999.43 0.8 5162195 2647864.13 20.99 370 160.62 0.54 108922 65538.89 20.99 208 3 99 67600 975 32175 17.3 18.1 17.66 0.01
293400.0 354 114.01 0.51 110092 36985.41 0.51 15933 5999.77 0.8 5178128 2653863.9 20.99 350 160.92 0.54 109272 65699.8 20.99 208 3 99 67808 978 32274 17.3 18.1 17.66 0.01
294300.0 310 113.23 0.51 110402 37098.64 0.51 15898 5998.69 0.8 5194026 2659862.59 20.99 310 159.65 0.54 109582 65859.46 20.99 208 3 99 68016 981 32373 17.4 18.1 17.65 0.01
295200.0 310 113.23 0.51 110712 37211.87 0.51 15898 5997.13 0.8 5209924 2665859.72 20.99 310 159.65 0.54 109892 66019.11 20.99 208 3 99 68224 984 32472 17.4 18.0 17.66 0.01
296100.0 376 113.38 0.51 111088 37325.25 0.51 15957 5997.19 0.8 5225881 2671856.9 20.99 370 160.56 0.54 110262 66179.67 20.99 208 3 99 68432 987 32571 17.4 18.0 17.66 0.01
297000.0 354 114.01 0.51 111442 37439.26 0.51 15931 5994.33 0.8 5241812 2677851.23 20.99 350 160.86 0.54 110612 66340.52 20.99 208 3 99 68640 990 32670 17.4 18.0 17.66 0.01
297900.0 310 113.24 0.51 111752 37552.49 0.51 15891 5995.32 0.8 5257703 2683846.55 20.99 310 159.71 0.54 110922 66500.23 20.99 208 3 99 68848 993 32769 17.4 18.0 17.65 0.01
298800.0 310 113.24 0.51 112062 37665.73 0.51 15888 5993.77 0.8 5273591 2689840.32 20.99 310 159.71 0.54 111232 66659.95 20.99 208 3 99 69056 996 32868 17.4 18.0 17.66 0.01
299700.0 376 113.38 0.51 112438 37779.11 0.51 15948 5994.63 0.8 5289539 2695834.95 20.99 370 160.62 0.54 111602 66820.56 20.99 208 3 99 69264 999 32967 17.4 18.0 17.66 0.01
300600.0 354 114.01 0.51 112792 37893.13 0.51 15919 5991.77 0.8 5305458 2701826.72 20.99 350 160.92 0.54 111952 66981.48 20.99 208 3 99 69472 1002 33066 17.4 18.0 17.66 0.01
301500.0 310 113.23 0.51 113102 38006.36 0.51 15883 5989.98 0.8 5321341 2707816.7 20.99 310 159.67 0.54 112262 67141.15 20.99 208 3 99 69680 1005 33165 17.4 18.0 17.66 0.01
302400.0 310 113.23 0.51 113412 38119.59 0.51 15885 5991.63 0.8 5337226 2713808.33 20.99 310 159.67 0.54 112572 67300.82 20.99 208 3 99 69888 1008 33264 17.4 17.9 17.66 0.01
303300.0 376 113.38 0.51 113788 38232.97 0.51 15941 5990.08 0.8 5353167 2719798.41 20.99 370 160.57 0.54 112942 67461.4 20.99 208 3 99 70096 1011 33363 17.4 17.9 17.66 0.01
304200.0 354 114.01 0.51 114142 38346.98 0.51 15918 5986.96 0.8 5369085 2725785.36 20.99 350 160.84 0.54 113292 67622.23 20.99 208 3 99 70304 1014 33462 17.4 17.9 17.66 0.01
305100.0 310 113.23 0.51 114452 38460.21 0.51 15882 5989.45 0.8 5384967 2731774.81 20.99 310 159.68 0.54 113602 67781.91 20.99 208 3 99 70512 1017 33561 17.4 17.9 17.66 0.01
306000.0 310 113.23 0.51 114762 38573.44 0.51 15877 5987.9 0.8 5400844 2737762.7 20.99 310 159.68 0.54 113912 67941.59 20.99 208 3 99 70720 1020 33660 17.4 17.8 17.66 0.01
306900.0 376 113.38 0.51 115138 38686.82 0.51 15936 5988.75 0.8 5416780 2743751.45 20.99 370 160.58 0.54 114282 68102.17 20.99 208 3 99 70928 1023 33759 17.4 17.9 17.66 0.01
307800.0 354 114.01 0.51 115492 38800.83 0.51 15910 5987.77 0.8 5432690 2749739.22 20.99 350 160.92 0.54 114632 68263.08 20.99 208 3 99 71136 1026 33858 17.4 17.9 17.66 0.01
308700.0 310 113.24 0.51 115802 38914.07 0.51 15871 5987.33 0.8 5448561 2755726.55 20.99 310 159.71 0.54 114942 68422.8 20.99 208 3 99 71344 1029 33957 17.4 17.9 17.67 0.01
309600.0 310 113.24 0.51 116112 39027.31 0.51 15879 5991.37 0.8 5464440 2761717.91 20.99 310 159.71 0.54 115252 68582.51 20.99 208 3 99 71552 1032 34056 17.4 17.9 17.67 0.01
310500.0 376 113.38 0.51 116488 39140.69 0.51 15938 5991.43 0.8 5480378 2767709.34 20.99 370 160.62 0.54 115622 68743.13 20.99 208 3 99 71760 1035 34155 17.4 17.9 17.68 0.01
311400.0 354 114.01 0.51 116842 39254.7 0.51 15908 5985.37 0.8 5496286 2773694.71 20.99 350 160.92 0.54 115972 68904.04 20.99 208 3 99 71968 1038 34254 17.4 17.9 17.68 0.01
312300.0 310 113.23 0.51 117152 39367.94 0.51 15862 5977.89 0.8 5512148 2779672.6 20.99 310 159.65 0.54 116282 69063.7 20.99 208 3 99 72176 1041 34353 17.4 17.9 17.67 0.01
313200.0 310 113.23 0.51 117462 39481.17 0.51 15863 5978.73 0.8 5528011 2785651.33 20.99 310 159.65 0.54 116592 69223.35 20.99 208 3 99 72384 1044 34452 17.4 18.0 17.68 0.01
314100.0 376 113.38 0.51 117838 39594.54 0.51 15920 5977.99 0.8 5543931 2791629.31 20.99 370 160.56 0.54 116962 69383.91 20.99 208 3 99 72592 1047 34551 17.3 18.0 17.68 0.01
315000.0 354 114.01 0.51 118192 39708.55 0.51 15896 5975.93 0.8 5559827 2797605.24 20.99 350 160.86 0.54 117312 69544.76 20.99 208 3 99 72800 1050 34650 17.3 18.0 17.68 0.01
315900.0 310 113.23 0.51 118502 39821.79 0.51 15854 5974.55 0.8 5575681 2803579.79 20.99 310 159.68 0.54 117622 69704.44 20.99 208 3 99 73008 1053 34749 17.3 18.0 17.69 0.01
316800.0 310 113.23 0.51 118812 39935.02 0.51 15861 5980.19 0.8 5591542 2809559.98 20.99 310 159.68 0.54 117932 69864.13 20.99 208 3 99 73216 1056 34848 17.3 18.1 17.7 0.01
317700.0 376 113.38 0.51 119188 40048.4 0.51 15918 5980.25 0.8 5607460 2815540.23 20.99 370 160.58 0.54 118302 70024.71 20.99 208 3 99 73424 1059 34947 17.3 18.1 17.7 0.01
318600.0 354 114.01 0.51 119542 40162.41 0.51 15886 5974.19 0.8 5623346 2821514.42 20.99 350 160.89 0.54 118652 70185.6 20.99 208 3 99 73632 1062 35046 17.3 18.1 17.7 0.01
319500.0 310 113.24 0.51 119852 40275.65 0.51 15836 5966.52 0.8 5639182 2827480.95 20.99 310 159.71 0.54 118962 70345.31 20.99 208 3 99 73840 1065 35145 17.3 18.1 17.71 0.02
320400.0 310 113.24 0.51 120162 40388.88 0.51 15839 5966.57 0.8 5655021 2833447.51 20.99 310 159.71 0.54 119272 70505.03 20.99 208 3 99 74048 1068 35244 17.3 18.2 17.71 0.02
321300.0 376 113.38 0.51 120538 40502.26 0.51 15899 5967.43 0.8 5670920 2839414.94 20.99 370 160.62 0.54 119642 70665.64 20.99 208 3 99 74256 1071 35343 17.3 18.2 17.71 0.02
322200.0 354 114.0 0.51 120892 40616.27 0.51 15873 5957.68 0.8 5686793 2845372.63 20.99 350 160.8 0.54 119992 70826.44 20.99 208 3 99 74464 1074 35442 17.3 18.2 17.71 0.02
323100.0 310 113.22 0.51 121202 40729.49 0.51 15830 5954.64 0.8 5702623 2851327.27 20.99 310 159.56 0.54 120302 70986.0 20.99 208 3 99 74672 1077 35541 17.3 18.2 17.72 0.02
324000.0 310 113.22 0.51 121512 40842.71 0.51 15837 5958.66 0.8 5718460 2857285.93 20.99 310 159.56 0.54 120612 71145.56 20.99 208 3 99 74880 1080 35640 17.3 18.2 17.72 0.02
324900.0 376 113.37 0.51 121888 40956.08 0.51 15892 5957.14 0.8 5734352 2863243.07 20.99 370 160.46 0.54 120982 71306.03 20.99 208 3 99 75088 1083 35739 17.3 18.2 17.72 0.02
325800.0 354 114.01 0.51 122242 41070.09 0.51 15861 5956.82 0.8 5750213 2869199.89 20.99 350 160.87 0.54 121332 71466.9 20.99 208 3 99 75296 1086 35838 17.3 18.2 17.72 0.02
326700.0 310 113.24 0.51 122552 41183.32 0.51 15816 5954.52 0.8 5766029 2875154.42 20.99 310 159.71 0.54 121642 71626.61 20.99 208 3 99 75504 1089 35937 17.3 18.2 17.73 0.02
327600.0 310 113.24 0.51 122862 41296.56 0.51 15818 5952.17 0.8 5781847 2881106.58 20.99 310 159.71 0.54 121952 71786.33 20.99 208 3 99 75712 1092 36036 17.3 18.3 17.73 0.02
328500.0 376 113.38 0.51 123238 41409.94 0.51 15876 5952.23 0.8 5797723 2887058.81 20.99 370 160.62 0.54 122322 71946.94 20.99 208 3 99 75920 1095 36135 17.2 18.3 17.73 0.03
329400.0 354 114.01 0.51 123592 41523.96 0.51 15851 5950.17 0.8 5813574 2893008.98 20.99 350 160.92 0.54 122672 72107.86 20.99 208 3 99 76128 1098 36234 17.2 18.3 17.73 0.03
330300.0 310 113.24 0.51 123902 41637.19 0.51 15804 5951.33 0.8 5829378 2898960.3 20.99 310 159.71 0.54 122982 72267.57 20.99 208 3 99 76336 1101 36333 17.2 18.3 17.74 0.03
331200.0 310 113.24 0.51 124212 41750.43 0.51 15820 5958.57 0.8 5845198 2904918.87 20.99 310 159.71 0.54 123292 72427.29 20.99 208 3 99 76544 1104 36432 17.2 18.4 17.75 0.03
332100.0 376 113.38 0.51 124588 41863.81 0.51 15877 5957.03 0.8 5861075 2910875.9 20.99 370 160.62 0.54 123662 72587.9 20.99 208 3 99 76752 1107 36531 17.2 18.4 17.75 0.03
333000.0 354 114.01 0.51 124942 41977.82 0.51 15836 5941.9 0.8 5876911 2916817.79 20.99 350 160.88 0.54 124012 72748.78 20.99 208 3 99 76960 1110 36630 17.2 18.4 17.75 0.03
333900.0 310 113.23 0.51 125252 42091.05 0.51 15778 5933.45 0.8 5892689 2922751.24 20.99 310 159.68 0.54 124322 72908.46 20.99 208 3 99 77168 1113 36729 17.2 18.4 17.75 0.03
334800.0 310 113.23 0.51 125562 42204.29 0.51 15787 5939.09 0.8 5908476 2928690.34 20.99 310 159.68 0.54 124632 73068.14 20.99 208 3 99 77376 1116 36828 17.2 18.5 17.76 0.04
335700.0 376 113.38 0.51 125938 42317.66 0.51 15838 5935.95 0.8 5924314 2934626.29 20.99 370 160.58 0.54 125002 73228.71 20.99 208 3 99 77584 1119 36927 17.2 18.5 17.76 0.04
336600.0 354 114.01 0.51 126292 42431.68 0.51 15804 5929.37 0.8 5940118 2940555.66 20.99 350 160.92 0.54 125352 73389.63 20.99 208 3 99 77792 1122 37026 17.2 18.5 17.76 0.04
337500.0 310 113.24 0.51 126602 42544.92 0.51 15758 5921.73 0.8 5955876 2946477.38 20.99 310 159.71 0.54 125662 73549.34 20.99 208 3 99 78000 1125 37125 17.2 18.5 17.77 0.04
338400.0 310 113.24 0.51 126912 42658.15 0.51 15767 5928.97 0.8 5971643 2952406.35 20.99 310 159.71 0.54 125972 73709.06 20.99 208 3 99 78208 1128 37224 17.2 18.5 17.78 0.04
339300.0 376 113.38 0.51 127288 42771.53 0.51 15822 5928.23 0.8 5987465 2958334.57 20.99 370 160.62 0.54 126342 73869.67 20.99 208 3 99 78416 1131 37323 17.2 18.5 17.78 0.04
340200.0 354 114.01 0.51 127642 42885.54 0.51 15774 5910.71 0.8 6003239 2964245.29 20.99 350 160.86 0.54 126692 74030.54 20.99 208 3 99 78624 1134 37422 17.2 18.5 17.78 0.04
341100.0 310 113.23 0.51 127952 42998.78 0.51 15716 5903.08 0.8 6018955 2970148.37 20.99 310 159.66 0.54 127002 74190.2 20.99 208 3 99 78832 1137 37521 17.2 18.5 17.78 0.04
342000.0 310 113.23 0.51 128262 43112.01 0.51 15712 5900.71 0.8 6034667 2976049.08 20.99 310 159.66 0.54 127312 74349.86 20.99 208 3 99 79040 1140 37620 17.2 18.5 17.78 0.04
342900.0 376 113.37 0.51 128638 43225.38 0.51 15770 5901.58 0.8 6050437 2981950.66 20.99 370 160.56 0.54 127682 74510.42 20.99 208 3 99 79248 1143 37719 17.2 18.5 17.78 0.04
343800.0 354 114.01 0.51 128992 43339.39 0.51 15741 5894.37 0.8 6066178 2987845.03 20.99 350 160.81 0.54 128032 74671.24 20.99 208 3 99 79456 1146 37818 17.2 18.5 17.78 0.04
344700.0 310 113.23 0.51 129302 43452.62 0.51 15700 5891.54 0.8 6081878 2993736.57 20.99 310 159.61 0.54 128342 74830.84 20.99 208 3 99 79664 1149 37917 17.2 18.5 17.78 0.04
345600.0 310 113.23 0.51 129612 43565.85 0.51 15700 5891.57 0.8 6097578 2999628.13 20.99 310 159.61 0.54 128652 74990.45 20.99 208 3 99 79872 1152 38016 17.2 18.6 17.78 0.04
