# seed = 8, gamma = 0.0, beta = 0.0, dee = 0.1, dcc = 5.0, dec = 1000.0, dsCnd = 50.0, dLocalhost = 0.02, hostBroker = CLOUD 
#
# The columns have the following meaning: 
# instant[SECONDS] commCountUploadPartial delaySumUploadPartial[SECONDS] delayMaxUploadPartial[SECONDS] commCountUploadTot delaySumUploadTot[SECONDS] delayMaxUploadTot[SECONDS] commCountDownloadPartial delaySumDownloadPartial[SECONDS] delayMaxDownloadPartial[SECONDS] commCountDownloadTot delaySumDownloadTot[SECONDS] delayMaxDownloadTot[SECONDS] commCountDownloadMaxPartial delaySumDownloadMaxPartial[SECONDS] delayMaxDownloadMaxPartial[SECONDS] commCountDownloadMaxTot delaySumDownloadMaxTot[SECONDS] delayMaxDownloadMaxTot[SECONDS] runOnCloudPartial runOnEdgePartial runOnSmartphonePartial runOnCloudTot runOnEdgeTot runOnSmartphoneTot minTemp maxTemp avgTemp varianceTemp
0.0 0 0.0 0.0 0 0.0 0.0 0 0.0 0.0 0 0.0 0.0 0 0.0 0.0 0 0.0 0.0 0 0 0 0 0 0 17.0 25.0 21.0 0.0
900.0 376 1.76 0.02 376 1.76 0.02 15771 1111.57 1.05 15771 1111.57 1.05 370 16.42 0.1 370 16.42 0.1 310 0 0 310 0 0 18.9 21.0 19.0 0.2
1800.0 356 2.47 0.36 732 4.24 0.36 16060 165417.11 20.19 31831 166528.68 20.19 352 3225.4 20.19 722 3241.82 20.19 310 0 0 620 0 0 18.9 18.9 18.9 0.0
2700.0 310 1.63 0.01 1042 5.86 0.36 15712 1165.2 1.05 47543 167693.88 20.19 310 17.22 0.11 1032 3259.04 20.19 310 0 0 930 0 0 17.6 18.9 18.27 0.06
3600.0 310 1.63 0.01 1352 7.49 0.36 15712 1165.21 1.05 63255 168859.09 20.19 310 17.22 0.11 1342 3276.26 20.19 310 0 0 1240 0 0 17.6 18.9 18.24 0.06
4500.0 376 1.77 0.02 1728 9.26 0.36 15768 1161.03 1.05 79023 170020.12 20.19 370 17.26 0.11 1712 3293.52 20.19 310 0 0 1550 0 0 17.6 18.7 18.24 0.05
5400.0 356 2.47 0.36 2084 11.73 0.36 16084 7445.75 20.26 95107 177465.87 20.26 352 37.56 20.26 2064 3331.08 20.26 310 0 0 1860 0 0 17.6 18.7 18.24 0.05
6300.0 310 1.63 0.01 2394 13.36 0.36 15761 1175.52 1.05 110868 178641.4 20.26 310 17.51 0.11 2374 3348.59 20.26 310 0 0 2170 0 0 17.6 18.7 18.24 0.05
7200.0 310 1.63 0.01 2704 14.98 0.36 15759 1173.4 1.05 126627 179814.8 20.26 310 17.51 0.11 2684 3366.1 20.26 310 0 0 2480 0 0 17.6 18.7 18.25 0.04
8100.0 376 1.77 0.02 3080 16.75 0.36 15814 1169.0 1.05 142441 180983.8 20.26 370 17.81 0.11 3054 3383.91 20.26 310 0 0 2790 0 0 17.6 18.7 18.25 0.04
9000.0 356 2.47 0.36 3436 19.22 0.36 16113 7450.11 20.28 158554 188433.91 20.28 352 37.67 20.28 3406 3421.58 20.28 310 0 0 3100 0 0 17.6 18.7 18.25 0.04
9900.0 310 1.63 0.01 3746 20.85 0.36 15775 1175.55 1.05 174329 189609.46 20.28 310 17.58 0.11 3716 3439.16 20.28 310 0 0 3410 0 0 17.6 18.7 18.22 0.04
10800.0 310 1.63 0.01 4056 22.48 0.36 15776 1176.59 1.05 190105 190786.05 20.28 310 17.57 0.11 4026 3456.74 20.28 310 0 0 3720 0 0 17.6 18.7 18.15 0.05
11700.0 376 1.77 0.02 4432 24.24 0.36 15836 1177.44 1.05 205941 191963.49 20.28 370 17.88 0.11 4396 3474.62 20.28 310 0 0 4030 0 0 17.6 18.7 18.15 0.05
12600.0 354 2.4 0.36 4786 26.65 0.36 15793 1156.59 1.05 221734 193120.08 20.28 350 17.68 0.11 4746 3492.3 20.28 310 0 0 4340 0 0 17.6 18.7 18.15 0.05
13500.0 310 1.63 0.01 5096 28.27 0.36 15724 1126.15 1.05 237458 194246.23 20.28 310 17.66 0.11 5056 3509.96 20.28 310 0 0 4650 0 0 17.6 18.7 18.14 0.05
14400.0 310 1.63 0.01 5406 29.9 0.36 15726 1128.22 1.05 253184 195374.45 20.28 310 17.66 0.11 5366 3527.62 20.28 310 0 0 4960 0 0 17.6 18.7 18.13 0.05
15300.0 376 1.77 0.02 5782 31.67 0.36 15785 1128.03 1.05 268969 196502.48 20.28 370 17.96 0.11 5736 3545.58 20.28 310 0 0 5270 0 0 17.6 18.7 18.13 0.05
16200.0 354 2.4 0.36 6136 34.07 0.36 15757 1109.16 1.05 284726 197611.64 20.28 350 17.48 0.11 6086 3563.07 20.28 310 0 0 5580 0 0 17.6 18.7 18.13 0.05
17100.0 310 1.63 0.01 6446 35.7 0.36 15718 1104.59 1.05 300444 198716.23 20.28 310 17.36 0.11 6396 3580.42 20.28 310 0 0 5890 0 0 17.6 18.7 18.11 0.04
18000.0 310 1.63 0.01 6756 37.32 0.36 15720 1106.65 1.05 316164 199822.88 20.28 310 17.35 0.11 6706 3597.77 20.28 310 0 0 6200 0 0 17.6 18.7 18.1 0.04
18900.0 376 1.77 0.02 7132 39.09 0.36 15778 1105.42 1.05 331942 200928.3 20.28 370 17.65 0.11 7076 3615.42 20.28 310 0 0 6510 0 0 17.6 18.6 18.1 0.04
19800.0 354 2.4 0.36 7486 41.49 0.36 15754 1110.01 1.05 347696 202038.32 20.28 350 17.57 0.11 7426 3632.99 20.28 310 0 0 6820 0 0 17.6 18.6 18.1 0.04
20700.0 310 1.63 0.01 7796 43.12 0.36 15721 1117.39 1.05 363417 203155.7 20.28 310 17.55 0.11 7736 3650.54 20.28 310 0 0 7130 0 0 17.6 18.6 18.08 0.03
21600.0 310 1.63 0.01 8106 44.74 0.36 15723 1119.45 1.05 379140 204275.15 20.28 310 17.54 0.11 8046 3668.08 20.28 310 0 0 7440 0 0 17.6 18.6 18.07 0.03
22500.0 376 1.77 0.02 8482 46.51 0.36 15783 1120.32 1.05 394923 205395.47 20.28 370 17.85 0.11 8416 3685.93 20.28 310 0 0 7750 0 0 17.6 18.6 18.07 0.03
23400.0 354 2.4 0.36 8836 48.92 0.36 15752 1111.01 1.05 410675 206506.48 20.28 350 17.63 0.11 8766 3703.56 20.28 310 0 0 8060 0 0 17.6 18.6 18.07 0.03
24300.0 310 1.63 0.01 9146 50.54 0.36 15717 1121.89 1.05 426392 207628.37 20.28 310 17.73 0.11 9076 3721.29 20.28 310 0 0 8370 0 0 17.5 18.6 18.05 0.03
25200.0 310 1.63 0.01 9456 52.17 0.36 15723 1128.16 1.05 442115 208756.54 20.28 310 17.72 0.11 9386 3739.01 20.28 310 0 0 8680 0 0 17.5 18.6 18.04 0.03
26100.0 376 1.77 0.02 9832 53.94 0.36 15780 1125.88 1.05 457895 209882.42 20.28 370 18.03 0.11 9756 3757.04 20.28 310 0 0 8990 0 0 17.5 18.6 18.03 0.03
27000.0 354 2.4 0.36 10186 56.34 0.36 15751 1115.59 1.05 473646 210998.0 20.28 350 17.74 0.11 10106 3774.78 20.28 310 0 0 9300 0 0 17.5 18.6 18.03 0.03
27900.0 310 1.63 0.01 10496 57.97 0.36 15721 1119.51 1.05 489367 212117.51 20.28 310 17.59 0.11 10416 3792.37 20.28 310 0 0 9610 0 0 17.5 18.6 18.0 0.03
28800.0 310 1.63 0.01 10806 59.59 0.36 15727 1125.78 1.05 505094 213243.28 20.28 310 17.59 0.11 10726 3809.96 20.28 310 0 0 9920 0 0 17.5 18.6 17.99 0.03
29700.0 376 1.77 0.02 11182 61.36 0.36 15786 1125.58 1.05 520880 214368.87 20.28 370 17.89 0.11 11096 3827.85 20.28 310 0 0 10230 0 0 17.5 18.6 17.99 0.03
30600.0 354 2.4 0.36 11536 63.76 0.36 15747 1104.8 1.05 536627 215473.66 20.28 350 17.61 0.11 11446 3845.46 20.28 310 0 0 10540 0 0 17.5 18.6 17.99 0.03
31500.0 310 1.63 0.01 11846 65.39 0.36 15716 1120.84 1.05 552343 216594.51 20.28 310 17.73 0.11 11756 3863.19 20.28 310 0 0 10850 0 0 17.4 18.6 17.96 0.03
32400.0 310 1.63 0.01 12156 67.02 0.36 15722 1127.11 1.05 568065 217721.62 20.28 310 17.72 0.11 12066 3880.91 20.28 310 0 0 11160 0 0 17.4 18.6 17.95 0.03
33300.0 376 1.77 0.02 12532 68.79 0.36 15781 1126.93 1.05 583846 218848.55 20.28 370 18.03 0.11 12436 3898.93 20.28 310 0 0 11470 0 0 17.4 18.5 17.95 0.03
34200.0 354 2.4 0.36 12886 71.19 0.36 15743 1107.19 1.05 599589 219955.74 20.28 350 17.74 0.11 12786 3916.67 20.28 310 0 0 11780 0 0 17.4 18.5 17.95 0.03
35100.0 310 1.63 0.01 13196 72.82 0.36 15709 1113.5 1.05 615298 221069.24 20.28 310 17.73 0.11 13096 3934.4 20.28 310 0 0 12090 0 0 17.4 18.5 17.93 0.03
36000.0 310 1.63 0.01 13506 74.44 0.36 15722 1127.11 1.05 631020 222196.35 20.28 310 17.72 0.11 13406 3952.12 20.28 310 0 0 12400 0 0 17.4 18.5 17.91 0.03
36900.0 376 1.77 0.02 13882 76.21 0.36 15780 1125.88 1.05 646800 223322.23 20.28 370 18.03 0.11 13776 3970.15 20.28 310 0 0 12710 0 0 17.4 18.5 17.91 0.03
37800.0 354 2.4 0.36 14236 78.61 0.36 15742 1096.86 1.05 662542 224419.09 20.28 350 17.55 0.11 14126 3987.7 20.28 310 0 0 13020 0 0 17.4 18.5 17.91 0.03
38700.0 310 1.63 0.01 14546 80.24 0.36 15711 1106.31 1.05 678253 225525.4 20.28 310 17.54 0.11 14436 4005.24 20.28 310 0 0 13330 0 0 17.3 18.5 17.88 0.03
39600.0 310 1.63 0.01 14856 81.87 0.36 15722 1117.83 1.05 693975 226643.23 20.28 310 17.53 0.11 14746 4022.77 20.28 310 0 0 13640 0 0 17.3 18.5 17.87 0.04
40500.0 376 1.77 0.02 15232 83.63 0.36 15777 1113.44 1.05 709752 227756.67 20.28 370 17.84 0.11 15116 4040.61 20.28 310 0 0 13950 0 0 17.3 18.5 17.87 0.04
41400.0 354 2.4 0.36 15586 86.04 0.36 15735 1098.78 1.05 725487 228855.46 20.28 350 17.74 0.11 15466 4058.35 20.28 310 0 0 14260 0 0 17.3 18.5 17.87 0.04
42300.0 310 1.63 0.01 15896 87.66 0.36 15700 1098.43 1.05 741187 229953.89 20.28 310 17.61 0.11 15776 4075.97 20.28 310 0 0 14570 0 0 17.3 18.5 17.84 0.04
43200.0 310 1.63 0.01 16206 89.29 0.36 15714 1113.09 1.05 756901 231066.97 20.28 310 17.61 0.11 16086 4093.57 20.28 310 0 0 14880 0 0 17.3 18.5 17.83 0.04
44100.0 376 1.77 0.02 16582 91.06 0.36 15773 1112.91 1.05 772674 232179.88 20.28 370 17.91 0.11 16456 4111.49 20.28 310 0 0 15190 0 0 17.2 18.4 17.82 0.04
45000.0 354 2.4 0.36 16936 93.46 0.36 15737 1095.26 1.05 788411 233275.14 20.28 350 17.63 0.11 16806 4129.11 20.28 310 0 0 15500 0 0 17.2 18.4 17.82 0.04
45900.0 310 1.63 0.01 17246 95.09 0.36 15704 1101.96 1.05 804115 234377.1 20.28 310 17.6 0.11 17116 4146.71 20.28 310 0 0 15810 0 0 17.2 18.4 17.8 0.05
46800.0 310 1.63 0.01 17556 96.71 0.36 15714 1112.43 1.05 819829 235489.52 20.28 310 17.59 0.11 17426 4164.31 20.28 310 0 0 16120 0 0 17.2 18.5 17.79 0.06
47700.0 376 1.77 0.02 17932 98.48 0.36 15772 1111.19 1.05 835601 236600.71 20.28 370 17.9 0.11 17796 4182.21 20.28 310 0 0 16430 0 0 17.2 18.5 17.78 0.06
48600.0 354 2.4 0.36 18286 100.88 0.36 15729 1086.2 1.05 851330 237686.91 20.28 350 17.61 0.11 18146 4199.82 20.28 310 0 0 16740 0 0 17.2 18.5 17.79 0.06
49500.0 310 1.63 0.01 18596 102.51 0.36 15704 1108.25 1.05 867034 238795.16 20.28 310 17.73 0.11 18456 4217.55 20.28 310 0 0 17050 0 0 17.1 18.5 17.75 0.06
50400.0 310 1.63 0.01 18906 104.14 0.36 15719 1123.96 1.05 882753 239919.12 20.28 310 17.72 0.11 18766 4235.27 20.28 310 0 0 17360 0 0 17.1 18.5 17.74 0.07
51300.0 376 1.77 0.02 19282 105.91 0.36 15778 1123.78 1.05 898531 241042.9 20.28 370 18.03 0.11 19136 4253.29 20.28 310 0 0 17670 0 0 17.1 18.5 17.74 0.07
52200.0 354 2.4 0.36 19636 108.31 0.36 15734 1097.74 1.05 914265 242140.64 20.28 350 17.74 0.11 19486 4271.03 20.28 310 0 0 17980 0 0 17.1 18.5 17.74 0.07
53100.0 310 1.63 0.01 19946 109.94 0.36 15692 1095.65 1.05 929957 243236.28 20.28 310 17.73 0.11 19796 4288.76 20.28 310 0 0 18290 0 0 17.1 18.5 17.72 0.07
54000.0 310 1.63 0.01 20256 111.56 0.36 15702 1106.11 1.05 945659 244342.4 20.28 310 17.72 0.11 20106 4306.48 20.28 310 0 0 18600 0 0 17.1 18.6 17.71 0.08
54900.0 376 1.77 0.02 20632 113.33 0.36 15759 1103.83 1.05 961418 245446.23 20.28 370 18.03 0.11 20476 4324.51 20.28 310 0 0 18910 0 0 17.1 18.6 17.71 0.08
55800.0 354 2.4 0.36 20986 115.73 0.36 15726 1089.34 1.05 977144 246535.56 20.28 350 17.74 0.11 20826 4342.25 20.28 310 0 0 19220 0 0 17.1 18.6 17.71 0.08
56700.0 310 1.63 0.01 21296 117.36 0.36 15698 1101.95 1.05 992842 247637.51 20.28 310 17.73 0.11 21136 4359.98 20.28 310 0 0 19530 0 0 17.1 18.6 17.69 0.09
57600.0 310 1.63 0.01 21606 118.99 0.36 15712 1116.61 1.05 1008554 248754.13 20.28 310 17.72 0.11 21446 4377.7 20.28 310 0 0 19840 0 0 17.1 18.6 17.67 0.09
58500.0 376 1.77 0.02 21982 120.76 0.36 15772 1117.48 1.05 1024326 249871.6 20.28 370 18.03 0.11 21816 4395.72 20.28 310 0 0 20150 0 0 17.1 18.6 17.67 0.09
59400.0 354 2.4 0.36 22336 123.16 0.36 15725 1085.19 1.05 1040051 250956.8 20.28 350 17.68 0.11 22166 4413.4 20.28 310 0 0 20460 0 0 17.1 18.6 17.67 0.09
60300.0 310 1.63 0.01 22646 124.79 0.36 15692 1092.55 1.05 1055743 252049.35 20.28 310 17.66 0.11 22476 4431.07 20.28 310 0 0 20770 0 0 17.0 18.6 17.65 0.1
61200.0 310 1.63 0.01 22956 126.41 0.36 15700 1100.92 1.05 1071443 253150.27 20.28 310 17.66 0.11 22786 4448.72 20.28 310 0 0 21080 0 0 17.0 18.6 17.64 0.1
62100.0 376 1.77 0.02 23332 128.18 0.36 15758 1099.68 1.05 1087201 254249.94 20.28 370 17.96 0.11 23156 4466.69 20.28 310 0 0 21390 0 0 17.0 18.6 17.64 0.11
63000.0 354 2.4 0.36 23686 130.58 0.36 15715 1065.18 1.05 1102916 255315.12 20.28 350 17.49 0.11 23506 4484.17 20.28 310 0 0 21700 0 0 17.0 18.6 17.64 0.1
63900.0 310 1.63 0.01 23996 132.21 0.36 15688 1072.74 1.05 1118604 256387.87 20.28 310 17.35 0.11 23816 4501.52 20.28 310 0 0 22010 0 0 17.0 18.6 17.63 0.12
64800.0 310 1.63 0.01 24306 133.83 0.36 15694 1079.02 1.05 1134298 257466.89 20.28 310 17.34 0.11 24126 4518.87 20.28 310 0 0 22320 0 0 17.0 18.6 17.62 0.12
65700.0 376 1.77 0.02 24682 135.6 0.36 15754 1079.07 1.05 1150052 258545.96 20.28 370 17.38 0.11 24496 4536.25 20.28 310 0 0 22630 0 0 17.0 18.6 17.62 0.12
66600.0 354 2.4 0.36 25036 138.0 0.36 15715 1057.06 1.05 1165767 259603.03 20.28 350 17.32 0.11 24846 4553.57 20.28 310 0 0 22940 0 0 17.0 18.6 17.62 0.12
67500.0 310 1.63 0.01 25346 139.63 0.36 15674 1049.72 1.05 1181441 260652.74 20.28 310 17.18 0.11 25156 4570.75 20.28 310 0 0 23250 0 0 17.0 18.6 17.61 0.12
68400.0 310 1.63 0.01 25656 141.25 0.36 15676 1051.8 1.05 1197117 261704.54 20.28 310 17.18 0.11 25466 4587.93 20.28 310 0 0 23560 0 0 17.0 18.7 17.6 0.12
69300.0 376 1.77 0.02 26032 143.02 0.36 15735 1051.59 1.05 1212852 262756.13 20.28 370 17.47 0.11 25836 4605.4 20.28 310 0 0 23870 0 0 17.0 18.7 17.6 0.12
70200.0 354 2.4 0.36 26386 145.42 0.36 15701 1041.19 1.05 1228553 263797.32 20.28 350 17.3 0.11 26186 4622.7 20.28 310 0 0 24180 0 0 17.0 18.7 17.6 0.12
71100.0 310 1.63 0.01 26696 147.05 0.36 15668 1049.21 1.05 1244221 264846.53 20.28 310 17.3 0.11 26496 4640.0 20.28 310 0 0 24490 0 0 17.0 18.7 17.6 0.13
72000.0 310 1.63 0.01 27006 148.68 0.36 15673 1054.43 1.05 1259894 265900.97 20.28 310 17.29 0.11 26806 4657.29 20.28 310 0 0 24800 0 0 17.0 18.7 17.59 0.13
72900.0 376 1.77 0.02 27382 150.44 0.36 15730 1051.34 1.05 1275624 266952.31 20.28 370 17.33 0.11 27176 4674.62 20.28 310 0 0 25110 0 0 17.0 18.7 17.58 0.13
73800.0 354 2.4 0.36 27736 152.84 0.36 15704 1045.01 1.05 1291328 267997.31 20.28 350 17.31 0.11 27526 4691.94 20.28 310 0 0 25420 0 0 17.0 18.7 17.58 0.13
74700.0 310 1.63 0.01 28046 154.47 0.36 15665 1051.68 1.05 1306993 269048.99 20.28 310 17.41 0.11 27836 4709.35 20.28 310 0 0 25730 0 0 17.0 18.7 17.58 0.14
75600.0 310 1.63 0.01 28356 156.1 0.36 15660 1046.41 1.05 1322653 270095.4 20.28 310 17.41 0.11 28146 4726.75 20.28 310 0 0 26040 0 0 17.0 18.7 17.57 0.13
76500.0 376 1.77 0.02 28732 157.86 0.36 15718 1045.16 1.05 1338371 271140.56 20.28 370 17.71 0.11 28516 4744.46 20.28 310 0 0 26350 0 0 17.0 18.7 17.57 0.13
77400.0 354 2.4 0.36 29086 160.27 0.36 15686 1028.64 1.05 1354057 272169.2 20.28 350 17.36 0.11 28866 4761.83 20.28 310 0 0 26660 0 0 17.0 18.7 17.57 0.13
78300.0 310 1.63 0.01 29396 161.89 0.36 15650 1032.84 1.05 1369707 273202.04 20.28 310 17.35 0.11 29176 4779.18 20.28 310 0 0 26970 0 0 17.0 18.7 17.57 0.13
79200.0 310 1.63 0.01 29706 163.52 0.36 15653 1035.97 1.05 1385360 274238.01 20.28 310 17.34 0.11 29486 4796.52 20.28 310 0 0 27280 0 0 17.0 18.6 17.56 0.13
80100.0 376 1.77 0.02 30082 165.28 0.36 15713 1036.02 1.05 1401073 275274.04 20.28 370 17.38 0.11 29856 4813.9 20.28 310 0 0 27590 0 0 17.0 18.6 17.56 0.13
81000.0 354 2.4 0.36 30436 167.69 0.36 15682 1028.72 1.05 1416755 276302.75 20.28 350 17.45 0.11 30206 4831.35 20.28 310 0 0 27900 0 0 17.0 18.6 17.56 0.13
81900.0 310 1.63 0.01 30746 169.31 0.36 15649 1042.16 1.05 1432404 277344.91 20.28 310 17.56 0.11 30516 4848.91 20.28 310 0 0 28210 0 0 17.0 18.6 17.56 0.13
82800.0 310 1.63 0.01 31056 170.94 0.36 15650 1043.18 1.05 1448054 278388.09 20.28 310 17.55 0.11 30826 4866.46 20.28 310 0 0 28520 0 0 17.0 18.6 17.56 0.12
83700.0 376 1.77 0.02 31432 172.71 0.36 15707 1040.89 1.05 1463761 279428.99 20.28 370 17.86 0.11 31196 4884.32 20.28 310 0 0 28830 0 0 17.0 18.6 17.56 0.12
84600.0 354 2.4 0.36 31786 175.11 0.36 15678 1030.6 1.05 1479439 280459.59 20.28 350 17.57 0.11 31546 4901.89 20.28 310 0 0 29140 0 0 17.0 18.6 17.56 0.12
85500.0 310 1.63 0.01 32096 176.74 0.36 15646 1032.73 1.05 1495085 281492.31 20.28 310 17.43 0.11 31856 4919.32 20.28 310 0 0 29450 0 0 17.0 18.6 17.57 0.12
86400.0 310 1.63 0.01 32406 178.36 0.36 15650 1036.89 1.05 1510735 282529.21 20.28 310 17.43 0.11 32166 4936.75 20.28 310 0 0 29760 0 0 17.0 18.6 17.57 0.11
87300.0 376 1.77 0.02 32782 180.13 0.36 15709 1036.7 1.05 1526444 283565.91 20.28 370 17.73 0.11 32536 4954.48 20.28 310 0 0 30070 0 0 17.0 18.6 17.57 0.11
88200.0 354 2.4 0.36 33136 182.53 0.36 15680 1034.75 1.05 1542124 284600.65 20.28 350 17.61 0.11 32886 4972.09 20.28 310 0 0 30380 0 0 17.0 18.6 17.57 0.11
89100.0 310 1.63 0.01 33446 184.16 0.36 15699 1103.0 1.05 1557823 285703.65 20.28 310 17.73 0.11 33196 4989.82 20.28 310 0 0 30690 0 0 17.0 18.6 17.6 0.08
90000.0 310 1.63 0.01 33756 185.79 0.36 15730 1135.51 1.05 1573553 286839.16 20.28 310 17.72 0.11 33506 5007.54 20.28 310 0 0 31000 0 0 17.1 18.5 17.67 0.05
90900.0 376 1.77 0.02 34132 187.55 0.36 15787 1133.23 1.05 1589340 287972.39 20.28 370 18.03 0.11 33876 5025.57 20.28 310 0 0 31310 0 0 17.1 18.5 17.67 0.05
91800.0 354 2.4 0.36 34486 189.96 0.36 15750 1099.11 1.05 1605090 289071.5 20.28 350 17.43 0.11 34226 5043.0 20.28 310 0 0 31620 0 0 17.1 21.1 17.74 0.17
92700.0 310 1.63 0.01 34796 191.58 0.36 15757 1135.57 1.05 1620847 290207.06 20.28 310 17.16 0.11 34536 5060.15 20.28 310 0 0 31930 0 0 17.1 23.8 19.58 3.21
93600.0 310 1.63 0.01 35106 193.21 0.36 15757 1135.55 1.05 1636604 291342.62 20.28 310 17.15 0.11 34846 5077.3 20.28 310 0 0 32240 0 0 17.1 23.8 20.69 5.01
94500.0 376 1.77 0.02 35482 194.98 0.36 15811 1130.08 1.05 1652415 292472.7 20.28 370 17.45 0.11 35216 5094.75 20.28 310 0 0 32550 0 0 17.1 23.8 20.72 5.03
95400.0 354 2.4 0.36 35836 197.38 0.36 15789 1127.17 1.05 1668204 293599.87 20.28 350 17.17 0.11 35566 5111.92 20.28 310 0 0 32860 0 0 17.1 23.9 20.75 5.0
96300.0 310 1.63 0.01 36146 199.0 0.36 15760 1138.71 1.05 1683964 294738.59 20.28 310 17.16 0.11 35876 5129.07 20.28 310 0 0 33170 0 0 17.1 24.0 21.11 4.87
97200.0 310 1.63 0.01 36456 200.63 0.36 15760 1138.7 1.05 1699724 295877.29 20.28 310 17.15 0.11 36186 5146.22 20.28 310 0 0 33480 0 0 17.4 24.0 21.22 4.92
98100.0 376 1.77 0.02 36832 202.4 0.36 15819 1138.48 1.05 1715543 297015.77 20.28 370 17.45 0.11 36556 5163.67 20.28 310 0 0 33790 0 0 17.4 24.0 21.22 4.92
99000.0 354 2.4 0.36 37186 204.8 0.36 15795 1127.29 1.05 1731338 298143.06 20.28 350 17.05 0.11 36906 5180.72 20.28 310 0 0 34100 0 0 17.4 24.0 21.24 4.85
99900.0 310 1.63 0.01 37496 206.42 0.36 15757 1129.38 1.05 1747095 299272.44 20.28 310 17.03 0.11 37216 5197.75 20.28 310 0 0 34410 0 0 17.4 24.0 21.51 4.16
100800.0 310 1.63 0.01 37806 208.05 0.36 15753 1125.17 1.05 1762848 300397.61 20.28 310 17.02 0.11 37526 5214.77 20.28 310 0 0 34720 0 0 17.7 24.0 21.56 4.07
101700.0 376 1.77 0.02 38182 209.81 0.36 15813 1126.0 1.05 1778661 301523.6 20.28 370 17.32 0.11 37896 5232.09 20.28 310 0 0 35030 0 0 17.8 24.0 21.56 4.06
102600.0 354 2.4 0.36 38536 212.22 0.36 15786 1116.41 1.05 1794447 302640.01 20.28 350 17.02 0.11 38246 5249.11 20.28 310 0 0 35340 0 0 17.8 24.0 21.58 4.0
103500.0 310 1.63 0.01 38846 213.84 0.36 15752 1122.7 1.05 1810199 303762.71 20.28 310 17.0 0.11 38556 5266.11 20.28 310 0 0 35650 0 0 17.8 24.0 21.8 3.3
104400.0 310 1.63 0.01 39156 215.47 0.36 15753 1123.73 1.05 1825952 304886.44 20.28 310 17.0 0.11 38866 5283.11 20.28 310 0 0 35960 0 0 18.2 24.0 21.86 3.18
105300.0 376 1.77 0.02 39532 217.23 0.36 15810 1121.42 1.05 1841762 306007.85 20.28 370 17.29 0.11 39236 5300.4 20.28 310 0 0 36270 0 0 18.5 24.0 21.86 3.17
106200.0 354 2.4 0.36 39886 219.63 0.36 15788 1108.87 1.05 1857550 307116.72 20.28 350 16.82 0.11 39586 5317.22 20.28 310 0 0 36580 0 0 18.5 24.0 21.86 3.15
107100.0 310 1.62 0.01 40196 221.26 0.36 15748 1103.25 1.05 1873298 308219.97 20.28 310 16.69 0.11 39896 5333.92 20.28 310 0 0 36890 0 0 18.5 24.0 21.86 2.97
108000.0 310 1.62 0.01 40506 222.88 0.36 15746 1101.12 1.05 1889044 309321.09 20.28 310 16.69 0.11 40206 5350.61 20.28 310 0 0 37200 0 0 18.8 24.0 21.86 2.95
108900.0 376 1.77 0.02 40882 224.65 0.36 15803 1098.81 1.05 1904847 310419.89 20.28 370 16.98 0.11 40576 5367.59 20.28 310 0 0 37510 0 0 18.9 24.0 21.86 2.95
109800.0 354 2.4 0.36 41236 227.05 0.36 15781 1095.89 1.05 1920628 311515.78 20.28 350 16.71 0.11 40926 5384.3 20.28 310 0 0 37820 0 0 18.9 24.0 21.86 2.94
110700.0 310 1.62 0.01 41546 228.68 0.36 15745 1100.09 1.05 1936373 312615.87 20.28 310 16.69 0.11 41236 5400.99 20.28 310 0 0 38130 0 0 18.9 24.0 21.75 2.85
111600.0 310 1.62 0.01 41856 230.3 0.36 15737 1091.67 1.05 1952110 313707.54 20.28 310 16.69 0.11 41546 5417.68 20.28 310 0 0 38440 0 0 18.9 24.0 21.69 2.75
112500.0 376 1.77 0.02 42232 232.07 0.36 15794 1089.36 1.05 1967904 314796.9 20.28 370 16.98 0.11 41916 5434.66 20.28 310 0 0 38750 0 0 18.9 23.9 21.69 2.75
113400.0 354 2.4 0.36 42586 234.47 0.36 15772 1086.44 1.05 1983676 315883.34 20.28 350 16.71 0.11 42266 5451.37 20.28 310 0 0 39060 0 0 18.9 23.9 21.85 2.58
114300.0 310 1.62 0.01 42896 236.09 0.36 15738 1092.74 1.05 1999414 316976.08 20.28 310 16.69 0.11 42576 5468.06 20.28 310 0 0 39370 0 0 18.9 23.9 23.29 0.39
115200.0 310 1.62 0.01 43206 237.72 0.36 15737 1091.67 1.05 2015151 318067.75 20.28 310 16.69 0.11 42886 5484.75 20.28 310 0 0 39680 0 0 18.9 24.0 23.5 0.1
116100.0 376 1.77 0.02 43582 239.48 0.36 15797 1092.51 1.05 2030948 319160.25 20.28 370 16.98 0.11 43256 5501.73 20.28 310 0 0 39990 0 0 22.6 24.0 23.52 0.04
117000.0 354 2.4 0.36 43936 241.88 0.36 15776 1090.64 1.05 2046724 320250.89 20.28 350 16.71 0.11 43606 5518.44 20.28 310 0 0 40300 0 0 22.6 24.0 23.52 0.04
117900.0 310 1.62 0.01 44246 243.51 0.36 15736 1090.64 1.05 2062460 321341.53 20.28 310 16.69 0.11 43916 5535.13 20.28 310 0 0 40610 0 0 22.6 24.0 23.57 0.02
118800.0 310 1.62 0.01 44556 245.13 0.36 15735 1089.57 1.05 2078195 322431.1 20.28 310 16.69 0.11 44226 5551.82 20.28 310 0 0 40920 0 0 22.7 24.0 23.6 0.02
119700.0 376 1.77 0.02 44932 246.9 0.36 15791 1086.21 1.05 2093986 323517.31 20.28 370 16.98 0.11 44596 5568.8 20.28 310 0 0 41230 0 0 22.7 24.0 23.6 0.02
120600.0 354 2.4 0.36 45286 249.3 0.36 15771 1085.39 1.05 2109757 324602.7 20.28 350 16.71 0.11 44946 5585.51 20.28 310 0 0 41540 0 0 22.7 24.0 23.61 0.02
121500.0 310 1.62 0.01 45596 250.92 0.36 15728 1082.24 1.05 2125485 325684.94 20.28 310 16.69 0.11 45256 5602.2 20.28 310 0 0 41850 0 0 22.7 24.0 23.64 0.01
122400.0 310 1.62 0.01 45906 252.55 0.36 15727 1081.17 1.05 2141212 326766.11 20.28 310 16.69 0.11 45566 5618.89 20.28 310 0 0 42160 0 0 22.8 24.0 23.67 0.01
123300.0 376 1.77 0.02 46282 254.31 0.36 15786 1080.96 1.05 2156998 327847.06 20.28 370 16.98 0.11 45936 5635.87 20.28 310 0 0 42470 0 0 22.8 24.0 23.67 0.01
124200.0 354 2.4 0.36 46636 256.72 0.36 15766 1080.14 1.05 2172764 328927.2 20.28 350 16.71 0.11 46286 5652.58 20.28 310 0 0 42780 0 0 22.8 24.0 23.67 0.01
125100.0 310 1.62 0.01 46946 258.34 0.36 15720 1073.84 1.05 2188484 330001.04 20.28 310 16.69 0.11 46596 5669.28 20.28 310 0 0 43090 0 0 22.8 24.0 23.7 0.01
126000.0 310 1.62 0.01 47256 259.96 0.36 15720 1073.82 1.05 2204204 331074.86 20.28 310 16.69 0.11 46906 5685.96 20.28 310 0 0 43400 0 0 22.9 24.0 23.73 0.01
126900.0 376 1.77 0.02 47632 261.73 0.36 15778 1072.56 1.05 2219982 332147.42 20.28 370 16.98 0.11 47276 5702.94 20.28 310 0 0 43710 0 0 22.9 24.0 23.73 0.01
127800.0 354 2.4 0.36 47986 264.13 0.36 15755 1068.59 1.05 2235737 333216.0 20.28 350 16.71 0.11 47626 5719.65 20.28 310 0 0 44020 0 0 22.9 24.0 23.73 0.01
128700.0 310 1.62 0.01 48296 265.76 0.36 15715 1068.59 1.05 2251452 334284.6 20.28 310 16.69 0.11 47936 5736.35 20.28 310 0 0 44330 0 0 22.9 24.0 23.75 0.01
129600.0 310 1.62 0.01 48606 267.38 0.36 15713 1066.47 1.05 2267165 335351.06 20.28 310 16.69 0.11 48246 5753.04 20.28 310 0 0 44640 0 0 23.1 24.0 23.77 0.01
130500.0 376 1.77 0.02 48982 269.15 0.36 15772 1066.26 1.05 2282937 336417.32 20.28 370 16.98 0.11 48616 5770.02 20.28 310 0 0 44950 0 0 23.1 24.0 23.77 0.01
131400.0 354 2.4 0.36 49336 271.55 0.36 15752 1065.44 1.05 2298689 337482.76 20.28 350 16.71 0.11 48966 5786.72 20.28 310 0 0 45260 0 0 23.1 24.0 23.77 0.01
132300.0 310 1.62 0.01 49646 273.17 0.36 15711 1064.39 1.05 2314400 338547.15 20.28 310 16.69 0.11 49276 5803.42 20.28 310 0 0 45570 0 0 23.1 24.0 23.79 0.01
133200.0 310 1.62 0.01 49956 274.8 0.36 15710 1063.32 1.05 2330110 339610.47 20.28 310 16.69 0.11 49586 5820.11 20.28 310 0 0 45880 0 0 23.2 24.0 23.81 0.01
134100.0 376 1.77 0.02 50332 276.56 0.36 15770 1064.16 1.05 2345880 340674.63 20.28 370 16.98 0.11 49956 5837.09 20.28 310 0 0 46190 0 0 23.2 24.0 23.81 0.01
135000.0 354 2.4 0.36 50686 278.96 0.36 15749 1062.29 1.05 2361629 341736.91 20.28 350 16.71 0.11 50306 5853.8 20.28 310 0 0 46500 0 0 23.2 24.0 23.81 0.01
135900.0 310 1.62 0.01 50996 280.59 0.36 15708 1061.24 1.05 2377337 342798.16 20.28 310 16.69 0.11 50616 5870.49 20.28 310 0 0 46810 0 0 23.2 24.0 23.83 0.01
136800.0 310 1.62 0.01 51306 282.21 0.36 15708 1061.22 1.05 2393045 343859.37 20.28 310 16.69 0.11 50926 5887.18 20.28 310 0 0 47120 0 0 23.3 24.0 23.84 0.01
137700.0 376 1.77 0.02 51682 283.98 0.36 15768 1062.06 1.05 2408813 344921.43 20.28 370 16.98 0.11 51296 5904.16 20.28 310 0 0 47430 0 0 23.3 24.0 23.84 0.01
138600.0 354 2.4 0.36 52036 286.38 0.36 15747 1060.19 1.05 2424560 345981.62 20.28 350 16.71 0.11 51646 5920.87 20.28 310 0 0 47740 0 0 23.3 24.0 23.84 0.01
139500.0 310 1.62 0.01 52346 288.0 0.36 15707 1060.19 1.05 2440267 347041.81 20.28 310 16.69 0.11 51956 5937.56 20.28 310 0 0 48050 0 0 23.3 24.0 23.85 0.01
140400.0 310 1.62 0.01 52656 289.63 0.36 15706 1059.12 1.05 2455973 348100.93 20.28 310 16.69 0.11 52266 5954.25 20.28 310 0 0 48360 0 0 23.4 24.0 23.86 0.01
141300.0 376 1.77 0.02 53032 291.39 0.36 15764 1057.86 1.05 2471737 349158.78 20.28 370 16.98 0.11 52636 5971.23 20.28 310 0 0 48670 0 0 23.4 24.0 23.86 0.01
142200.0 354 2.4 0.36 53386 293.8 0.36 15744 1057.04 1.05 2487481 350215.82 20.28 350 16.71 0.11 52986 5987.94 20.28 310 0 0 48980 0 0 23.4 24.0 23.86 0.01
143100.0 310 1.62 0.01 53696 295.42 0.36 15703 1055.99 1.05 2503184 351271.81 20.28 310 16.69 0.11 53296 6004.63 20.28 310 0 0 49290 0 0 23.4 24.0 23.88 0.01
144000.0 310 1.62 0.01 54006 297.04 0.36 15700 1052.82 1.05 2518884 352324.63 20.28 310 16.69 0.11 53606 6021.32 20.28 310 0 0 49600 0 0 23.5 24.0 23.89 0.01
144900.0 376 1.77 0.02 54382 298.81 0.36 15760 1053.66 1.05 2534644 353378.29 20.28 370 16.98 0.11 53976 6038.3 20.28 310 0 0 49910 0 0 23.5 24.0 23.89 0.01
145800.0 354 2.4 0.36 54736 301.21 0.36 15740 1052.84 1.05 2550384 354431.13 20.28 350 16.71 0.11 54326 6055.01 20.28 310 0 0 50220 0 0 23.5 24.0 23.89 0.01
146700.0 310 1.62 0.01 55046 302.84 0.36 15697 1049.69 1.05 2566081 355480.82 20.28 310 16.69 0.11 54636 6071.7 20.28 310 0 0 50530 0 0 23.5 24.0 23.89 0.01
147600.0 310 1.62 0.01 55356 304.46 0.36 15697 1049.67 1.05 2581778 356530.49 20.28 310 16.69 0.11 54946 6088.39 20.28 310 0 0 50840 0 0 23.6 24.0 23.89 0.01
148500.0 376 1.77 0.02 55732 306.23 0.36 15754 1047.36 1.05 2597532 357577.84 20.28 370 16.98 0.11 55316 6105.37 20.28 310 0 0 51150 0 0 23.6 24.0 23.89 0.01
149400.0 354 2.4 0.36 56086 308.63 0.36 15734 1046.54 1.05 2613266 358624.38 20.28 350 16.71 0.11 55666 6122.08 20.28 310 0 0 51460 0 0 23.6 24.0 23.89 0.01
150300.0 310 1.62 0.01 56396 310.25 0.36 15694 1046.54 1.05 2628960 359670.92 20.28 310 16.69 0.11 55976 6138.78 20.28 310 0 0 51770 0 0 23.6 24.0 23.9 0.01
151200.0 310 1.62 0.01 56706 311.88 0.36 15693 1045.47 1.05 2644653 360716.39 20.28 310 16.69 0.11 56286 6155.46 20.28 310 0 0 52080 0 0 23.7 24.0 23.9 0.01
152100.0 376 1.77 0.02 57082 313.64 0.36 15750 1043.16 1.05 2660403 361759.55 20.28 370 16.98 0.11 56656 6172.44 20.28 310 0 0 52390 0 0 23.7 24.0 23.9 0.01
153000.0 354 2.4 0.36 57436 316.04 0.36 15730 1042.34 1.05 2676133 362801.89 20.28 350 16.71 0.11 57006 6189.15 20.28 310 0 0 52700 0 0 23.7 24.0 23.9 0.01
153900.0 310 1.62 0.01 57746 317.67 0.36 15689 1041.29 1.05 2691822 363843.18 20.28 310 16.69 0.11 57316 6205.85 20.28 310 0 0 53010 0 0 23.7 24.0 23.9 0.01
154800.0 310 1.62 0.01 58056 319.29 0.36 15684 1036.02 1.05 2707506 364879.19 20.28 310 16.69 0.11 57626 6222.54 20.28 310 0 0 53320 0 0 23.6 24.0 23.9 0.01
155700.0 376 1.77 0.02 58432 321.06 0.36 15744 1036.86 1.05 2723250 365916.05 20.28 370 16.98 0.11 57996 6239.52 20.28 310 0 0 53630 0 0 23.6 24.0 23.9 0.01
156600.0 354 2.4 0.36 58786 323.46 0.36 15724 1036.04 1.05 2738974 366952.09 20.28 350 16.71 0.11 58346 6256.23 20.28 310 0 0 53940 0 0 23.6 24.0 23.89 0.01
157500.0 310 1.62 0.01 59096 325.08 0.36 15684 1036.04 1.05 2754658 367988.13 20.28 310 16.69 0.11 58656 6272.92 20.28 310 0 0 54250 0 0 23.6 24.0 23.89 0.01
158400.0 310 1.62 0.01 59406 326.71 0.36 15684 1036.02 1.05 2770342 369024.15 20.28 310 16.69 0.11 58966 6289.61 20.28 310 0 0 54560 0 0 23.5 24.0 23.89 0.01
159300.0 376 1.77 0.02 59782 328.47 0.36 15743 1035.81 1.05 2786085 370059.96 20.28 370 16.98 0.11 59336 6306.59 20.28 310 0 0 54870 0 0 23.5 24.0 23.89 0.01
160200.0 354 2.4 0.36 60136 330.88 0.36 15721 1032.89 1.05 2801806 371092.84 20.28 350 16.71 0.11 59686 6323.3 20.28 310 0 0 55180 0 0 23.5 24.0 23.89 0.01
161100.0 310 1.62 0.01 60446 332.5 0.36 15681 1032.89 1.05 2817487 372125.74 20.28 310 16.69 0.11 59996 6339.99 20.28 310 0 0 55490 0 0 23.5 24.0 23.87 0.02
162000.0 310 1.62 0.01 60756 334.13 0.36 15677 1028.67 1.05 2833164 373154.4 20.28 310 16.69 0.11 60306 6356.68 20.28 310 0 0 55800 0 0 23.4 24.0 23.87 0.02
162900.0 376 1.76 0.02 61132 335.89 0.36 15735 1026.62 1.05 2848899 374181.03 20.28 370 16.73 0.11 60676 6373.4 20.28 310 0 0 56110 0 0 23.4 24.0 23.87 0.02
163800.0 354 2.4 0.36 61486 338.29 0.36 15715 1026.59 1.05 2864614 375207.62 20.28 350 16.71 0.11 61026 6390.11 20.28 310 0 0 56420 0 0 23.4 24.0 23.87 0.02
164700.0 310 1.62 0.01 61796 339.92 0.36 15675 1026.59 1.05 2880289 376234.21 20.28 310 16.69 0.11 61336 6406.81 20.28 310 0 0 56730 0 0 23.4 24.0 23.85 0.02
165600.0 310 1.62 0.01 62106 341.54 0.36 15674 1025.52 1.05 2895963 377259.73 20.28 310 16.69 0.11 61646 6423.5 20.28 310 0 0 57040 0 0 23.3 24.0 23.84 0.02
166500.0 376 1.77 0.02 62482 343.31 0.36 15733 1025.31 1.05 2911696 378285.03 20.28 370 16.98 0.11 62016 6440.48 20.28 310 0 0 57350 0 0 23.3 24.0 23.83 0.02
167400.0 354 2.4 0.36 62836 345.71 0.36 15711 1022.39 1.05 2927407 379307.42 20.28 350 16.71 0.11 62366 6457.19 20.28 310 0 0 57660 0 0 23.3 24.0 23.83 0.02
168300.0 310 1.62 0.01 63146 347.33 0.36 15668 1019.24 1.05 2943075 380326.66 20.28 310 16.69 0.11 62676 6473.88 20.28 310 0 0 57970 0 0 23.3 24.0 23.81 0.02
169200.0 310 1.62 0.01 63456 348.96 0.36 15668 1019.22 1.05 2958743 381345.88 20.28 310 16.69 0.11 62986 6490.57 20.28 310 0 0 58280 0 0 23.2 24.0 23.8 0.02
170100.0 376 1.76 0.02 63832 350.72 0.36 15728 1019.27 1.05 2974471 382365.16 20.28 370 16.73 0.11 63356 6507.29 20.28 310 0 0 58590 0 0 23.2 24.0 23.8 0.02
171000.0 354 2.4 0.36 64186 353.12 0.36 15706 1017.14 1.05 2990177 383382.29 20.28 350 16.71 0.11 63706 6524.0 20.28 310 0 0 58900 0 0 23.2 24.0 23.8 0.02
171900.0 310 1.62 0.01 64496 354.75 0.36 15664 1015.04 1.05 3005841 384397.34 20.28 310 16.69 0.11 64016 6540.7 20.28 310 0 0 59210 0 0 23.2 24.0 23.78 0.03
172800.0 310 1.62 0.01 64806 356.37 0.36 15663 1013.97 1.05 3021504 385411.3 20.28 310 16.69 0.11 64326 6557.39 20.28 310 0 0 59520 0 0 23.1 24.0 23.76 0.03
173700.0 376 1.77 0.02 65182 358.14 0.36 15717 1008.51 1.05 3037221 386419.81 20.28 370 16.98 0.11 64696 6574.37 20.28 310 0 0 59830 0 0 23.1 24.0 23.76 0.03
174600.0 354 2.4 0.36 65536 360.54 0.36 15694 1004.54 1.05 3052915 387424.35 20.28 350 16.71 0.11 65046 6591.07 20.28 310 0 0 60140 0 0 23.1 24.0 23.76 0.03
175500.0 310 1.62 0.01 65846 362.16 0.36 15652 1002.44 1.05 3068567 388426.79 20.28 310 16.69 0.11 65356 6607.77 20.28 310 0 0 60450 0 0 23.1 24.0 23.71 0.03
176400.0 310 1.62 0.01 66156 363.79 0.36 15646 996.12 1.05 3084213 389422.91 20.28 310 16.69 0.11 65666 6624.46 20.28 310 0 0 60760 0 0 22.9 23.9 23.7 0.03
177300.0 376 1.77 0.02 66532 365.55 0.36 15704 994.86 1.05 3099917 390417.76 20.28 370 16.98 0.11 66036 6641.44 20.28 310 0 0 61070 0 0 22.9 23.9 23.7 0.03
178200.0 354 2.4 0.36 66886 367.95 0.36 15681 990.89 1.05 3115598 391408.65 20.28 350 16.71 0.11 66386 6658.15 20.28 310 0 0 61380 0 0 22.9 23.9 23.69 0.03
179100.0 310 1.62 0.01 67196 369.58 0.36 15644 994.04 1.05 3131242 392402.69 20.28 310 16.69 0.11 66696 6674.84 20.28 310 0 0 61690 0 0 22.9 23.9 23.63 0.03
180000.0 310 1.62 0.01 67506 371.2 0.36 15650 1000.32 1.05 3146892 393403.01 20.28 310 16.69 0.11 67006 6691.53 20.28 310 0 0 62000 0 0 22.8 23.9 23.6 0.03
180900.0 376 1.77 0.02 67882 372.97 0.36 15709 1000.11 1.05 3162601 394403.12 20.28 370 16.98 0.11 67376 6708.51 20.28 310 0 0 62310 0 0 22.8 23.9 23.6 0.03
181800.0 354 2.4 0.36 68236 375.37 0.36 15676 985.64 1.05 3178277 395388.76 20.28 350 16.71 0.11 67726 6725.22 20.28 310 0 0 62620 0 0 22.8 23.9 23.59 0.03
182700.0 310 1.62 0.01 68546 377.0 0.36 15645 995.09 1.05 3193922 396383.85 20.28 310 16.69 0.11 68036 6741.91 20.28 310 0 0 62930 0 0 22.8 23.8 23.51 0.03
183600.0 310 1.62 0.01 68856 378.62 0.36 15646 996.12 1.05 3209568 397379.97 20.28 310 16.69 0.11 68346 6758.6 20.28 310 0 0 63240 0 0 22.7 23.8 23.47 0.02
184500.0 376 1.77 0.02 69232 380.39 0.36 15701 991.71 1.05 3225269 398371.67 20.28 370 16.98 0.11 68716 6775.58 20.28 310 0 0 63550 0 0 22.7 23.8 23.47 0.02
185400.0 354 2.4 0.36 69586 382.79 0.36 15676 985.64 1.05 3240945 399357.31 20.28 350 16.71 0.11 69066 6792.29 20.28 310 0 0 63860 0 0 22.7 23.8 23.46 0.03
186300.0 310 1.62 0.01 69896 384.41 0.36 15638 987.74 1.05 3256583 400345.05 20.28 310 16.69 0.11 69376 6808.98 20.28 310 0 0 64170 0 0 22.7 23.7 23.34 0.03
187200.0 310 1.62 0.01 70206 386.04 0.36 15634 983.52 1.05 3272217 401328.57 20.28 310 16.69 0.11 69686 6825.67 20.28 310 0 0 64480 0 0 22.4 23.7 23.29 0.03
188100.0 376 1.77 0.02 70582 387.8 0.36 15692 982.26 1.05 3287909 402310.83 20.28 370 16.98 0.11 70056 6842.65 20.28 310 0 0 64790 0 0 22.4 23.7 23.29 0.03
189000.0 354 2.4 0.36 70936 390.2 0.36 15669 978.29 1.05 3303578 403289.12 20.28 350 16.71 0.11 70406 6859.36 20.28 310 0 0 65100 0 0 22.4 23.7 23.27 0.03
189900.0 310 1.62 0.01 71246 391.83 0.36 15627 976.19 1.05 3319205 404265.31 20.28 310 16.69 0.11 70716 6876.05 20.28 310 0 0 65410 0 0 22.4 23.6 23.11 0.03
190800.0 310 1.62 0.01 71556 393.45 0.36 15628 977.22 1.05 3334833 405242.53 20.28 310 16.69 0.11 71026 6892.74 20.28 310 0 0 65720 0 0 22.1 23.5 23.04 0.03
191700.0 376 1.77 0.02 71932 395.22 0.36 15685 974.91 1.05 3350518 406217.43 20.28 370 16.98 0.11 71396 6909.72 20.28 310 0 0 66030 0 0 22.1 23.5 23.03 0.03
192600.0 354 2.4 0.36 72286 397.62 0.36 15659 967.79 1.05 3366177 407185.22 20.28 350 16.71 0.11 71746 6926.43 20.28 310 0 0 66340 0 0 22.1 23.5 23.02 0.03
193500.0 310 1.62 0.01 72596 399.24 0.36 15619 967.79 1.05 3381796 408153.01 20.28 310 16.69 0.11 72056 6943.13 20.28 310 0 0 66650 0 0 22.1 23.4 22.83 0.04
194400.0 310 1.62 0.01 72906 400.87 0.36 15623 971.97 1.05 3397419 409124.98 20.28 310 16.69 0.11 72366 6959.81 20.28 310 0 0 66960 0 0 22.0 23.3 22.74 0.03
195300.0 376 1.77 0.02 73282 402.63 0.36 15680 969.66 1.05 3413099 410094.64 20.28 370 16.98 0.11 72736 6976.79 20.28 310 0 0 67270 0 0 22.0 23.3 22.74 0.03
196200.0 354 2.4 0.36 73636 405.03 0.36 15660 968.84 1.05 3428759 411063.47 20.28 350 16.71 0.11 73086 6993.5 20.28 310 0 0 67580 0 0 22.0 23.3 22.72 0.03
197100.0 310 1.62 0.01 73946 406.66 0.36 15611 959.39 1.05 3444370 412022.87 20.28 310 16.69 0.11 73396 7010.2 20.28 310 0 0 67890 0 0 22.0 23.1 22.53 0.03
198000.0 310 1.62 0.01 74256 408.28 0.36 15588 935.22 1.05 3459958 412958.08 20.28 310 16.69 0.11 73706 7026.89 20.28 310 0 0 68200 0 0 22.0 23.1 22.43 0.03
198900.0 376 1.77 0.02 74632 410.05 0.36 15647 935.01 1.05 3475605 413893.09 20.28 370 16.98 0.11 74076 7043.87 20.28 310 0 0 68510 0 0 22.0 23.1 22.42 0.03
199800.0 354 2.4 0.36 74986 412.45 0.36 15624 931.04 1.05 3491229 414824.13 20.28 350 16.71 0.11 74426 7060.58 20.28 310 0 0 68820 0 0 22.0 23.1 22.41 0.03
200700.0 310 1.62 0.01 75296 414.08 0.36 15604 952.04 1.05 3506833 415776.17 20.28 310 16.69 0.11 74736 7077.27 20.28 310 0 0 69130 0 0 22.0 22.8 22.25 0.02
201600.0 310 1.62 0.01 75606 415.7 0.36 15603 950.97 1.05 3522436 416727.14 20.28 310 16.69 0.11 75046 7093.96 20.28 310 0 0 69440 0 0 22.0 22.8 22.18 0.02
202500.0 376 1.77 0.02 75982 417.47 0.36 15661 949.71 1.05 3538097 417676.85 20.28 370 16.98 0.11 75416 7110.94 20.28 310 0 0 69750 0 0 22.0 22.8 22.18 0.02
203400.0 354 2.4 0.36 76336 419.87 0.36 15632 939.44 1.05 3553729 418616.28 20.28 350 16.71 0.11 75766 7127.65 20.28 310 0 0 70060 0 0 22.0 22.8 22.17 0.02
204300.0 310 1.62 0.01 76646 421.49 0.36 15601 948.89 1.05 3569330 419565.18 20.28 310 16.69 0.11 76076 7144.34 20.28 310 0 0 70370 0 0 22.0 22.6 22.07 0.01
205200.0 310 1.62 0.01 76956 423.12 0.36 15600 947.82 1.05 3584930 420512.99 20.28 310 16.69 0.11 76386 7161.03 20.28 310 0 0 70680 0 0 22.0 22.6 22.06 0.01
206100.0 376 1.76 0.02 77332 424.88 0.36 15658 945.77 1.05 3600588 421458.77 20.28 370 16.73 0.11 76756 7177.75 20.28 310 0 0 70990 0 0 22.0 22.6 22.06 0.01
207000.0 354 2.4 0.36 77686 427.28 0.36 15626 933.14 1.05 3616214 422391.91 20.28 350 16.71 0.11 77106 7194.46 20.28 310 0 0 71300 0 0 22.0 22.6 22.06 0.01
207900.0 310 1.62 0.01 77996 428.91 0.36 15598 945.74 1.05 3631812 423337.65 20.28 310 16.69 0.11 77416 7211.16 20.28 310 0 0 71610 0 0 22.0 22.2 22.02 0.0
208800.0 310 1.62 0.01 78306 430.53 0.36 15592 939.42 1.05 3647404 424277.07 20.28 310 16.69 0.11 77726 7227.85 20.28 310 0 0 71920 0 0 22.0 22.2 22.02 0.0
209700.0 376 1.77 0.02 78682 432.3 0.36 15652 940.26 1.05 3663056 425217.32 20.28 370 16.98 0.11 78096 7244.83 20.28 310 0 0 72230 0 0 22.0 22.2 22.02 0.0
210600.0 354 2.4 0.36 79036 434.7 0.36 15618 924.74 1.05 3678674 426142.06 20.28 350 16.71 0.11 78446 7261.54 20.28 310 0 0 72540 0 0 22.0 22.2 22.02 0.0
211500.0 310 1.62 0.01 79346 436.32 0.36 15575 921.59 1.05 3694249 427063.65 20.28 310 16.69 0.11 78756 7278.23 20.28 310 0 0 72850 0 0 22.0 22.0 22.0 0.0
212400.0 310 1.62 0.01 79656 437.95 0.36 15575 921.57 1.05 3709824 427985.22 20.28 310 16.69 0.11 79066 7294.92 20.28 310 0 0 73160 0 0 22.0 22.0 22.0 0.0
213300.0 376 1.76 0.02 80032 439.71 0.36 15630 916.37 1.05 3725454 428901.59 20.28 370 16.73 0.11 79436 7311.64 20.28 310 0 0 73470 0 0 22.0 22.0 22.0 0.0
214200.0 354 2.4 0.36 80386 442.11 0.36 15604 910.04 1.05 3741058 429811.63 20.28 350 16.71 0.11 79786 7328.35 20.28 310 0 0 73780 0 0 22.0 22.0 22.0 0.0
215100.0 310 1.62 0.01 80696 443.74 0.36 15563 908.99 1.05 3756621 430720.63 20.28 310 16.69 0.11 80096 7345.05 20.28 310 0 0 74090 0 0 22.0 22.0 22.0 0.0
216000.0 310 1.62 0.01 81006 445.36 0.36 15557 902.67 1.05 3772178 431623.29 20.28 310 16.69 0.11 80406 7361.73 20.28 310 0 0 74400 0 0 22.0 22.0 22.0 0.0
216900.0 376 1.77 0.02 81382 447.13 0.36 15614 900.36 1.05 3787792 432523.65 20.28 370 16.98 0.11 80776 7378.72 20.28 310 0 0 74710 0 0 22.0 22.0 22.0 0.0
217800.0 354 2.4 0.36 81736 449.53 0.36 15592 897.44 1.05 3803384 433421.09 20.28 350 16.71 0.11 81126 7395.42 20.28 310 0 0 75020 0 0 22.0 22.0 22.0 0.0
218700.0 310 1.62 0.01 82046 451.15 0.36 15548 893.24 1.05 3818932 434314.33 20.28 310 16.69 0.11 81436 7412.12 20.28 310 0 0 75330 0 0 22.0 22.0 22.0 0.0
219600.0 310 1.62 0.01 82356 452.78 0.36 15544 889.02 1.05 3834476 435203.35 20.28 310 16.69 0.11 81746 7428.81 20.28 310 0 0 75640 0 0 22.0 22.0 22.0 0.0
220500.0 376 1.77 0.02 82732 454.54 0.36 15599 884.61 1.05 3850075 436087.95 20.28 370 16.98 0.11 82116 7445.79 20.28 310 0 0 75950 0 0 22.0 22.0 22.0 0.0
221400.0 354 2.4 0.36 83086 456.95 0.36 15588 897.63 1.05 3865663 436985.58 20.28 350 16.8 0.11 82466 7462.58 20.28 310 0 0 76260 0 0 21.0 22.0 21.95 0.03
222300.0 310 1.62 0.01 83396 458.57 0.36 15643 999.27 1.05 3881306 437984.85 20.28 310 16.82 0.11 82776 7479.4 20.28 310 0 0 76570 0 0 19.8 22.0 21.05 0.12
223200.0 310 1.62 0.01 83706 460.2 0.36 15665 1022.34 1.05 3896971 439007.19 20.28 310 16.81 0.11 83086 7496.22 20.28 310 0 0 76880 0 0 19.8 22.0 20.55 0.16
224100.0 376 1.77 0.02 84082 461.96 0.36 15725 1023.18 1.05 3912696 440030.37 20.28 370 17.11 0.11 83456 7513.33 20.28 310 0 0 77190 0 0 19.8 21.8 20.53 0.15
225000.0 354 2.4 0.36 84436 464.36 0.36 15705 1021.07 1.05 3928401 441051.44 20.28 350 16.81 0.11 83806 7530.14 20.28 310 0 0 77500 0 0 19.8 21.8 20.53 0.15
225900.0 310 1.62 0.01 84746 465.99 0.36 15666 1023.09 1.05 3944067 442074.53 20.28 310 16.81 0.11 84116 7546.95 20.28 310 0 0 77810 0 0 19.8 21.7 20.47 0.14
226800.0 310 1.62 0.01 85056 467.61 0.36 15667 1024.11 1.05 3959734 443098.64 20.28 310 16.81 0.11 84426 7563.76 20.28 310 0 0 78120 0 0 19.8 21.7 20.44 0.15
227700.0 376 1.77 0.02 85432 469.38 0.36 15727 1024.96 1.05 3975461 444123.6 20.28 370 17.1 0.11 84796 7580.86 20.28 310 0 0 78430 0 0 19.8 21.7 20.44 0.15
228600.0 354 2.4 0.36 85786 471.78 0.36 15701 1018.04 1.05 3991162 445141.64 20.28 350 16.83 0.11 85146 7597.69 20.28 310 0 0 78740 0 0 19.8 21.7 20.44 0.15
229500.0 310 1.62 0.01 86096 473.4 0.36 15662 1018.16 1.05 4006824 446159.8 20.28 310 16.8 0.11 85456 7614.49 20.28 310 0 0 79050 0 0 19.8 21.6 20.43 0.14
230400.0 310 1.62 0.01 86406 475.03 0.36 15662 1018.13 1.05 4022486 447177.94 20.28 310 16.79 0.11 85766 7631.29 20.28 310 0 0 79360 0 0 19.9 21.6 20.42 0.14
231300.0 376 1.76 0.02 86782 476.79 0.36 15721 1017.14 1.05 4038207 448195.08 20.28 370 16.83 0.11 86136 7648.12 20.28 310 0 0 79670 0 0 19.8 21.6 20.42 0.14
232200.0 354 2.4 0.36 87136 479.2 0.36 15699 1015.22 1.05 4053906 449210.3 20.28 350 16.82 0.11 86486 7664.94 20.28 310 0 0 79980 0 0 19.8 21.6 20.43 0.14
233100.0 310 1.62 0.01 87446 480.82 0.36 15661 1018.27 1.05 4069567 450228.57 20.28 310 16.82 0.11 86796 7681.76 20.28 310 0 0 80290 0 0 19.8 21.5 20.47 0.15
234000.0 310 1.62 0.01 87756 482.45 0.36 15659 1016.14 1.05 4085226 451244.71 20.28 310 16.82 0.11 87106 7698.58 20.28 310 0 0 80600 0 0 19.8 21.5 20.46 0.15
234900.0 376 1.77 0.02 88132 484.21 0.36 15719 1016.98 1.05 4100945 452261.69 20.28 370 17.11 0.11 87476 7715.69 20.28 310 0 0 80910 0 0 19.8 21.5 20.46 0.15
235800.0 354 2.4 0.36 88486 486.61 0.36 15693 1007.6 1.05 4116638 453269.3 20.28 350 16.79 0.11 87826 7732.48 20.28 310 0 0 81220 0 0 19.8 21.5 20.46 0.15
236700.0 310 1.62 0.01 88796 488.24 0.36 15659 1012.08 1.05 4132297 454281.37 20.28 310 16.74 0.11 88136 7749.22 20.28 310 0 0 81530 0 0 19.8 21.4 20.51 0.15
237600.0 310 1.62 0.01 89106 489.86 0.36 15659 1012.05 1.05 4147956 455293.42 20.28 310 16.73 0.11 88446 7765.95 20.28 310 0 0 81840 0 0 19.8 21.4 20.52 0.15
238500.0 376 1.76 0.02 89482 491.63 0.36 15711 1003.71 1.05 4163667 456297.13 20.28 370 16.77 0.11 88816 7782.72 20.28 310 0 0 82150 0 0 19.7 21.4 20.52 0.15
239400.0 354 2.4 0.36 89836 494.03 0.36 15682 995.87 1.05 4179349 457293.0 20.28 350 16.79 0.11 89166 7799.51 20.28 310 0 0 82460 0 0 19.7 21.4 20.52 0.15
240300.0 310 1.62 0.01 90146 495.65 0.36 15644 997.97 1.05 4194993 458290.98 20.28 310 16.77 0.11 89476 7816.29 20.28 310 0 0 82770 0 0 19.7 21.5 20.56 0.16
241200.0 310 1.62 0.01 90456 497.28 0.36 15637 990.6 1.05 4210630 459281.57 20.28 310 16.77 0.11 89786 7833.05 20.28 310 0 0 83080 0 0 19.7 21.6 20.56 0.16
242100.0 376 1.77 0.02 90832 499.04 0.36 15695 989.34 1.05 4226325 460270.91 20.28 370 17.06 0.11 90156 7850.11 20.28 310 0 0 83390 0 0 19.7 21.6 20.56 0.16
243000.0 354 2.4 0.36 91186 501.45 0.36 15663 976.34 1.05 4241988 461247.25 20.28 350 16.8 0.11 90506 7866.91 20.28 310 0 0 83700 0 0 19.7 21.7 20.57 0.17
243900.0 310 1.62 0.01 91496 503.07 0.36 15645 1000.26 1.05 4257633 462247.52 20.28 310 16.8 0.11 90816 7883.71 20.28 310 0 0 84010 0 0 19.7 21.7 20.61 0.18
244800.0 310 1.62 0.01 91806 504.7 0.36 15640 994.99 1.05 4273273 463242.5 20.28 310 16.79 0.11 91126 7900.5 20.28 310 0 0 84320 0 0 19.7 21.8 20.61 0.18
245700.0 376 1.77 0.02 92182 506.46 0.36 15697 992.68 1.05 4288970 464235.18 20.28 370 17.09 0.11 91496 7917.59 20.28 310 0 0 84630 0 0 19.6 21.8 20.61 0.18
246600.0 354 2.4 0.36 92536 508.86 0.36 15655 968.49 1.05 4304625 465203.68 20.28 350 16.81 0.11 91846 7934.4 20.28 310 0 0 84940 0 0 19.6 21.8 20.62 0.18
247500.0 310 1.62 0.01 92846 510.49 0.36 15629 982.76 1.05 4320254 466186.44 20.28 310 16.78 0.11 92156 7951.18 20.28 310 0 0 85250 0 0 19.6 21.8 20.6 0.19
248400.0 310 1.62 0.01 93156 512.11 0.36 15630 983.79 1.05 4335884 467170.23 20.28 310 16.78 0.11 92466 7967.96 20.28 310 0 0 85560 0 0 19.6 21.9 20.6 0.2
249300.0 376 1.77 0.02 93532 513.88 0.36 15682 976.23 1.05 4351566 468146.46 20.28 370 17.07 0.11 92836 7985.03 20.28 310 0 0 85870 0 0 19.5 21.9 20.6 0.2
250200.0 354 2.4 0.36 93886 516.28 0.36 15643 955.57 1.05 4367209 469102.02 20.28 350 16.8 0.11 93186 8001.83 20.28 310 0 0 86180 0 0 19.5 21.9 20.6 0.2
251100.0 310 1.62 0.01 94196 517.9 0.36 15626 979.69 1.05 4382835 470081.71 20.28 310 16.79 0.11 93496 8018.62 20.28 310 0 0 86490 0 0 19.5 21.9 20.57 0.22
252000.0 310 1.62 0.01 94506 519.53 0.36 15634 988.07 1.05 4398469 471069.78 20.28 310 16.78 0.11 93806 8035.4 20.28 310 0 0 86800 0 0 19.5 22.0 20.54 0.23
252900.0 376 1.77 0.02 94882 521.29 0.36 15694 988.91 1.05 4414163 472058.69 20.28 370 17.07 0.11 94176 8052.47 20.28 310 0 0 87110 0 0 19.5 22.0 20.53 0.24
253800.0 354 2.4 0.36 95236 523.7 0.36 15655 967.82 1.05 4429818 473026.51 20.28 350 16.79 0.11 94526 8069.27 20.28 310 0 0 87420 0 0 19.5 22.0 20.53 0.24
254700.0 310 1.62 0.01 95546 525.32 0.36 15659 1014.49 1.05 4445477 474040.99 20.28 310 16.79 0.11 94836 8086.05 20.28 310 0 0 87730 0 0 19.5 22.0 20.41 0.24
255600.0 310 1.62 0.01 95856 526.95 0.36 15665 1020.76 1.05 4461142 475061.75 20.28 310 16.78 0.11 95146 8102.84 20.28 310 0 0 88040 0 0 19.5 21.8 20.37 0.25
256500.0 376 1.77 0.02 96232 528.71 0.36 15725 1021.6 1.05 4476867 476083.35 20.28 370 17.08 0.11 95516 8119.91 20.28 310 0 0 88350 0 0 19.3 21.8 20.37 0.26
257400.0 354 2.4 0.36 96586 531.11 0.36 15672 985.82 1.05 4492539 477069.17 20.28 350 16.8 0.11 95866 8136.71 20.28 310 0 0 88660 0 0 19.3 21.8 20.36 0.25
258300.0 310 1.62 0.01 96896 532.74 0.36 15673 1029.88 1.05 4508212 478099.05 20.28 310 16.8 0.11 96176 8153.51 20.28 310 0 0 88970 0 0 19.3 21.8 20.18 0.25
259200.0 310 1.62 0.01 97206 534.36 0.36 15675 1031.96 1.05 4523887 479131.01 20.28 310 16.8 0.11 96486 8170.31 20.28 310 0 0 89280 0 0 19.3 21.6 20.12 0.28
260100.0 376 1.77 0.02 97582 536.13 0.36 15735 1032.8 1.05 4539622 480163.81 20.28 370 17.09 0.11 96856 8187.4 20.28 310 0 0 89590 0 0 19.2 21.6 20.12 0.28
261000.0 356 2.47 0.36 97938 538.6 0.36 16022 166977.74 20.28 4555644 647141.55 20.28 352 3251.58 20.28 97208 11438.98 20.28 310 0 0 89900 0 0 19.2 21.6 20.12 0.28
261900.0 310 1.62 0.01 98248 540.22 0.36 15691 1048.96 1.05 4571335 648190.51 20.28 310 16.73 0.11 97518 11455.71 20.28 310 0 0 90210 0 0 18.9 21.6 19.6 0.25
262800.0 310 1.62 0.01 98558 541.85 0.36 15690 1047.86 1.05 4587025 649238.37 20.28 310 16.72 0.11 97828 11472.43 20.28 310 0 0 90520 0 0 18.9 20.8 19.59 0.24
263700.0 376 1.77 0.02 98934 543.62 0.36 15750 1048.72 1.05 4602775 650287.09 20.28 370 17.01 0.11 98198 11489.44 20.28 310 0 0 90830 0 0 18.9 20.8 19.59 0.24
264600.0 356 2.47 0.36 99290 546.09 0.36 16038 166828.44 20.27 4618813 817115.53 20.28 352 3248.86 20.27 98550 14738.3 20.28 310 0 0 91140 0 0 18.9 20.8 19.59 0.24
265500.0 310 1.63 0.01 99600 547.71 0.36 15730 1143.45 1.05 4634543 818258.97 20.28 310 17.56 0.11 98860 14755.86 20.28 310 0 0 91450 0 0 17.3 20.8 17.98 0.14
266400.0 310 1.63 0.01 99910 549.34 0.36 15745 1159.1 1.05 4650288 819418.07 20.28 310 17.55 0.11 99170 14773.41 20.28 310 0 0 91760 0 0 17.3 18.9 17.8 0.03
267300.0 376 1.77 0.02 100286 551.11 0.36 15805 1160.03 1.05 4666093 820578.1 20.28 370 17.86 0.11 99540 14791.27 20.28 310 0 0 92070 0 0 17.3 18.8 17.8 0.02
268200.0 356 2.47 0.36 100642 553.58 0.36 16095 166750.62 20.26 4682188 987328.72 20.28 352 3246.96 20.26 99892 18038.23 20.28 310 0 0 92380 0 0 17.3 18.8 17.8 0.02
269100.0 310 1.63 0.01 100952 555.21 0.36 15733 1150.14 1.05 4697921 988478.85 20.28 310 17.51 0.11 100202 18055.74 20.28 310 0 0 92690 0 0 17.3 18.8 17.76 0.02
270000.0 310 1.63 0.01 101262 556.84 0.36 15734 1151.11 1.05 4713655 989629.96 20.28 310 17.5 0.11 100512 18073.24 20.28 310 0 0 93000 0 0 17.3 18.7 17.75 0.02
270900.0 376 1.77 0.02 101638 558.6 0.36 15794 1152.01 1.05 4729449 990781.98 20.28 370 17.81 0.11 100882 18091.05 20.28 310 0 0 93310 0 0 17.3 18.7 17.75 0.02
271800.0 354 2.4 0.36 101992 561.01 0.36 15772 1147.99 1.05 4745221 991929.97 20.28 350 17.5 0.11 101232 18108.55 20.28 310 0 0 93620 0 0 17.3 18.7 17.75 0.02
272700.0 310 1.63 0.01 102302 562.63 0.36 15732 1148.04 1.05 4760953 993078.02 20.28 310 17.49 0.11 101542 18126.03 20.28 310 0 0 93930 0 0 17.3 18.7 17.74 0.02
273600.0 310 1.63 0.01 102612 564.26 0.36 15731 1146.92 1.05 4776684 994224.94 20.28 310 17.48 0.11 101852 18143.51 20.28 310 0 0 94240 0 0 17.3 18.6 17.73 0.02
274500.0 376 1.77 0.02 102988 566.03 0.36 15787 1143.62 1.05 4792471 995368.56 20.28 370 17.79 0.11 102222 18161.3 20.28 310 0 0 94550 0 0 17.3 18.6 17.73 0.02
275400.0 354 2.4 0.36 103342 568.43 0.36 15767 1146.87 1.05 4808238 996515.43 20.28 350 17.58 0.11 102572 18178.88 20.28 310 0 0 94860 0 0 17.3 18.6 17.72 0.02
276300.0 310 1.63 0.01 103652 570.06 0.36 15726 1142.05 1.05 4823964 997657.48 20.28 310 17.49 0.11 102882 18196.37 20.28 310 0 0 95170 0 0 17.3 18.6 17.71 0.02
277200.0 310 1.63 0.01 103962 571.68 0.36 15726 1141.98 1.05 4839690 998799.46 20.28 310 17.49 0.11 103192 18213.86 20.28 310 0 0 95480 0 0 17.3 18.5 17.7 0.02
278100.0 376 1.77 0.02 104338 573.45 0.36 15785 1141.03 1.05 4855475 999940.49 20.28 370 17.52 0.11 103562 18231.38 20.28 310 0 0 95790 0 0 17.3 18.5 17.7 0.02
279000.0 354 2.4 0.36 104692 575.85 0.36 15763 1135.76 1.05 4871238 1001076.25 20.28 350 17.44 0.11 103912 18248.83 20.28 310 0 0 96100 0 0 17.3 18.5 17.7 0.02
279900.0 310 1.63 0.01 105002 577.48 0.36 15722 1138.59 1.05 4886960 1002214.84 20.28 310 17.51 0.11 104222 18266.34 20.28 310 0 0 96410 0 0 17.3 18.5 17.69 0.02
280800.0 310 1.63 0.01 105312 579.1 0.36 15725 1141.66 1.05 4902685 1003356.5 20.28 310 17.5 0.11 104532 18283.84 20.28 310 0 0 96720 0 0 17.3 18.4 17.68 0.02
281700.0 376 1.77 0.02 105688 580.87 0.36 15782 1139.42 1.05 4918467 1004495.91 20.28 370 17.81 0.11 104902 18301.64 20.28 310 0 0 97030 0 0 17.3 18.4 17.68 0.02
282600.0 354 2.4 0.36 106042 583.28 0.36 15759 1132.37 1.05 4934226 1005628.28 20.28 350 17.46 0.11 105252 18319.1 20.28 310 0 0 97340 0 0 17.3 18.4 17.68 0.02
283500.0 310 1.63 0.01 106352 584.9 0.36 15718 1124.86 1.05 4949944 1006753.13 20.28 310 17.32 0.11 105562 18336.42 20.28 310 0 0 97650 0 0 17.3 18.4 17.67 0.01
284400.0 310 1.63 0.01 106662 586.53 0.36 15719 1125.84 1.05 4965663 1007878.97 20.28 310 17.31 0.11 105872 18353.73 20.28 310 0 0 97960 0 0 17.3 18.3 17.67 0.01
285300.0 376 1.77 0.02 107038 588.29 0.36 15779 1126.73 1.05 4981442 1009005.7 20.28 370 17.61 0.11 106242 18371.34 20.28 310 0 0 98270 0 0 17.3 18.3 17.66 0.01
286200.0 354 2.4 0.36 107392 590.7 0.36 15757 1125.74 1.05 4997199 1010131.44 20.28 350 17.37 0.11 106592 18388.71 20.28 310 0 0 98580 0 0 17.3 18.3 17.67 0.01
287100.0 310 1.63 0.01 107702 592.32 0.36 15710 1121.12 1.05 5012909 1011252.56 20.28 310 17.41 0.11 106902 18406.12 20.28 310 0 0 98890 0 0 17.3 18.3 17.66 0.01
288000.0 310 1.63 0.01 108012 593.95 0.36 15710 1121.05 1.05 5028619 1012373.61 20.28 310 17.4 0.11 107212 18423.52 20.28 310 0 0 99200 0 0 17.3 18.2 17.66 0.01
288900.0 376 1.77 0.02 108388 595.72 0.36 15770 1121.95 1.05 5044389 1013495.56 20.28 370 17.71 0.11 107582 18441.23 20.28 310 0 0 99510 0 0 17.3 18.2 17.66 0.01
289800.0 354 2.4 0.36 108742 598.12 0.36 15746 1121.0 1.05 5060135 1014616.56 20.28 350 17.51 0.11 107932 18458.74 20.28 310 0 0 99820 0 0 17.3 18.2 17.66 0.01
290700.0 310 1.63 0.01 109052 599.75 0.36 15712 1131.17 1.05 5075847 1015747.73 20.28 310 17.57 0.11 108242 18476.31 20.28 310 0 0 100130 0 0 17.3 18.2 17.66 0.01
291600.0 310 1.63 0.01 109362 601.37 0.36 15716 1135.3 1.05 5091563 1016883.03 20.28 310 17.56 0.11 108552 18493.87 20.28 310 0 0 100440 0 0 17.3 18.1 17.65 0.01
292500.0 376 1.77 0.02 109738 603.14 0.36 15772 1132.0 1.05 5107335 1018015.03 20.28 370 17.87 0.11 108922 18511.74 20.28 310 0 0 100750 0 0 17.3 18.1 17.65 0.01
293400.0 354 2.4 0.36 110092 605.54 0.36 15745 1117.3 1.05 5123080 1019132.33 20.28 350 17.45 0.11 109272 18529.19 20.28 310 0 0 101060 0 0 17.3 18.1 17.66 0.01
294300.0 310 1.63 0.01 110402 607.17 0.36 15706 1118.4 1.05 5138786 1020250.74 20.28 310 17.44 0.11 109582 18546.63 20.28 310 0 0 101370 0 0 17.3 18.1 17.66 0.01
295200.0 310 1.63 0.01 110712 608.8 0.36 15704 1116.23 1.05 5154490 1021366.97 20.28 310 17.43 0.11 109892 18564.06 20.28 310 0 0 101680 0 0 17.4 18.0 17.66 0.01
296100.0 376 1.77 0.02 111088 610.56 0.36 15764 1117.13 1.05 5170254 1022484.1 20.28 370 17.74 0.11 110262 18581.8 20.28 310 0 0 101990 0 0 17.4 18.0 17.66 0.01
297000.0 354 2.4 0.36 111442 612.97 0.36 15738 1116.42 1.05 5185992 1023600.51 20.28 350 17.58 0.11 110612 18599.39 20.28 310 0 0 102300 0 0 17.4 18.0 17.66 0.01
297900.0 310 1.63 0.01 111752 614.59 0.36 15696 1114.37 1.05 5201688 1024714.89 20.28 310 17.57 0.11 110922 18616.96 20.28 310 0 0 102610 0 0 17.4 18.0 17.66 0.01
298800.0 310 1.63 0.01 112062 616.22 0.36 15697 1115.35 1.05 5217385 1025830.24 20.28 310 17.56 0.11 111232 18634.52 20.28 310 0 0 102920 0 0 17.4 18.0 17.66 0.01
299700.0 376 1.77 0.02 112438 617.99 0.36 15757 1116.25 1.05 5233142 1026946.49 20.28 370 17.87 0.11 111602 18652.39 20.28 310 0 0 103230 0 0 17.4 18.0 17.66 0.01
300600.0 354 2.4 0.36 112792 620.39 0.36 15733 1111.17 1.05 5248875 1028057.66 20.28 350 17.58 0.11 111952 18669.97 20.28 310 0 0 103540 0 0 17.4 18.0 17.66 0.01
301500.0 310 1.63 0.01 113102 622.02 0.36 15698 1110.18 1.05 5264573 1029167.84 20.28 310 17.44 0.11 112262 18687.42 20.28 310 0 0 103850 0 0 17.4 18.0 17.67 0.01
302400.0 310 1.63 0.01 113412 623.65 0.36 15700 1112.21 1.05 5280273 1030280.05 20.28 310 17.44 0.11 112572 18704.85 20.28 310 0 0 104160 0 0 17.4 17.9 17.67 0.01
303300.0 376 1.77 0.02 113788 625.41 0.36 15755 1107.86 1.05 5296028 1031387.92 20.28 370 17.74 0.11 112942 18722.59 20.28 310 0 0 104470 0 0 17.4 17.9 17.67 0.01
304200.0 354 2.4 0.36 114142 627.82 0.36 15729 1097.59 1.05 5311757 1032485.51 20.28 350 17.39 0.11 113292 18739.99 20.28 310 0 0 104780 0 0 17.4 17.9 17.67 0.01
305100.0 310 1.63 0.01 114452 629.44 0.36 15690 1104.99 1.05 5327447 1033590.5 20.28 310 17.51 0.11 113602 18757.5 20.28 310 0 0 105090 0 0 17.4 17.9 17.67 0.01
306000.0 310 1.63 0.01 114762 631.07 0.36 15691 1105.96 1.05 5343138 1034696.46 20.28 310 17.5 0.11 113912 18775.0 20.28 310 0 0 105400 0 0 17.4 17.8 17.67 0.01
306900.0 376 1.77 0.02 115138 632.84 0.36 15751 1106.87 1.05 5358889 1035803.32 20.28 370 17.81 0.11 114282 18792.8 20.28 310 0 0 105710 0 0 17.4 17.9 17.67 0.01
307800.0 354 2.4 0.36 115492 635.24 0.36 15729 1106.97 1.05 5374618 1036910.29 20.28 350 17.58 0.11 114632 18810.39 20.28 310 0 0 106020 0 0 17.4 17.9 17.67 0.01
308700.0 310 1.63 0.01 115802 636.87 0.36 15698 1116.47 1.05 5390316 1038026.76 20.28 310 17.57 0.11 114942 18827.96 20.28 310 0 0 106330 0 0 17.4 17.9 17.69 0.01
309600.0 310 1.63 0.01 116112 638.49 0.36 15703 1121.65 1.05 5406019 1039148.41 20.28 310 17.56 0.11 115252 18845.52 20.28 310 0 0 106640 0 0 17.4 17.9 17.69 0.01
310500.0 376 1.77 0.02 116488 640.26 0.36 15760 1119.4 1.05 5421779 1040267.82 20.28 370 17.87 0.11 115622 18863.39 20.28 310 0 0 106950 0 0 17.4 17.9 17.69 0.01
311400.0 354 2.4 0.36 116842 642.66 0.36 15724 1095.25 1.05 5437503 1041363.07 20.28 350 17.45 0.11 115972 18880.84 20.28 310 0 0 107260 0 0 17.4 17.9 17.69 0.01
312300.0 310 1.63 0.01 117152 644.29 0.36 15687 1098.45 1.05 5453190 1042461.52 20.28 310 17.44 0.11 116282 18898.28 20.28 310 0 0 107570 0 0 17.4 18.0 17.7 0.01
313200.0 310 1.63 0.01 117462 645.92 0.36 15685 1096.28 1.05 5468875 1043557.8 20.28 310 17.43 0.11 116592 18915.72 20.28 310 0 0 107880 0 0 17.4 18.0 17.7 0.01
314100.0 376 1.77 0.02 117838 647.68 0.36 15742 1094.03 1.05 5484617 1044651.84 20.28 370 17.74 0.11 116962 18933.46 20.28 310 0 0 108190 0 0 17.3 18.0 17.7 0.01
315000.0 354 2.4 0.36 118192 650.09 0.36 15712 1089.12 1.05 5500329 1045740.95 20.28 350 17.58 0.11 117312 18951.04 20.28 310 0 0 108500 0 0 17.3 18.0 17.7 0.01
315900.0 310 1.63 0.01 118502 651.71 0.36 15677 1090.6 1.05 5516006 1046831.55 20.28 310 17.49 0.11 117622 18968.53 20.28 310 0 0 108810 0 0 17.3 18.1 17.72 0.02
316800.0 310 1.63 0.01 118812 653.34 0.36 15673 1086.33 1.05 5531679 1047917.88 20.28 310 17.49 0.11 117932 18986.02 20.28 310 0 0 109120 0 0 17.3 18.1 17.72 0.02
317700.0 376 1.77 0.02 119188 655.11 0.36 15730 1084.08 1.05 5547409 1049001.96 20.28 370 17.79 0.11 118302 19003.81 20.28 310 0 0 109430 0 0 17.3 18.1 17.72 0.02
318600.0 354 2.4 0.36 119542 657.51 0.36 15697 1069.55 1.05 5563106 1050071.52 20.28 350 17.51 0.11 118652 19021.32 20.28 310 0 0 109740 0 0 17.3 18.1 17.72 0.02
319500.0 310 1.63 0.01 119852 659.14 0.36 15661 1077.62 1.05 5578767 1051149.14 20.28 310 17.57 0.11 118962 19038.89 20.28 310 0 0 110050 0 0 17.3 18.2 17.73 0.02
320400.0 310 1.63 0.01 120162 660.76 0.36 15661 1077.55 1.05 5594428 1052226.69 20.28 310 17.56 0.11 119272 19056.45 20.28 310 0 0 110360 0 0 17.3 18.2 17.73 0.02
321300.0 376 1.77 0.02 120538 662.53 0.36 15716 1073.21 1.05 5610144 1053299.89 20.28 370 17.87 0.11 119642 19074.32 20.28 310 0 0 110670 0 0 17.3 18.2 17.73 0.02
322200.0 354 2.4 0.36 120892 664.93 0.36 15687 1051.48 1.05 5625831 1054351.38 20.28 350 17.35 0.11 119992 19091.67 20.28 310 0 0 110980 0 0 17.3 18.2 17.73 0.02
323100.0 310 1.63 0.01 121202 666.56 0.36 15657 1055.74 1.05 5641488 1055407.11 20.28 310 17.21 0.11 120302 19108.89 20.28 310 0 0 111290 0 0 17.3 18.2 17.74 0.02
324000.0 310 1.63 0.01 121512 668.19 0.36 15656 1054.62 1.05 5657144 1056461.73 20.28 310 17.21 0.11 120612 19126.09 20.28 310 0 0 111600 0 0 17.3 18.2 17.74 0.02
324900.0 376 1.77 0.02 121888 669.95 0.36 15712 1051.32 1.05 5672856 1057513.05 20.28 370 17.51 0.11 120982 19143.6 20.28 310 0 0 111910 0 0 17.3 18.2 17.74 0.02
325800.0 354 2.4 0.36 122242 672.36 0.36 15685 1054.48 1.05 5688541 1058567.53 20.28 350 17.46 0.11 121332 19161.06 20.28 310 0 0 112220 0 0 17.3 18.2 17.74 0.02
326700.0 310 1.63 0.01 122552 673.98 0.36 15650 1066.07 1.05 5704191 1059633.6 20.28 310 17.57 0.11 121642 19178.63 20.28 310 0 0 112530 0 0 17.3 18.3 17.76 0.03
327600.0 310 1.63 0.01 122862 675.61 0.36 15652 1068.1 1.05 5719843 1060701.7 20.28 310 17.56 0.11 121952 19196.19 20.28 310 0 0 112840 0 0 17.3 18.3 17.76 0.03
328500.0 376 1.77 0.02 123238 677.38 0.36 15706 1062.71 1.05 5735549 1061764.4 20.28 370 17.87 0.11 122322 19214.06 20.28 310 0 0 113150 0 0 17.2 18.3 17.76 0.03
329400.0 354 2.4 0.36 123592 679.78 0.36 15675 1050.27 1.05 5751224 1062814.67 20.28 350 17.58 0.11 122672 19231.64 20.28 310 0 0 113460 0 0 17.2 18.3 17.76 0.03
330300.0 310 1.63 0.01 123902 681.41 0.36 15636 1051.37 1.05 5766860 1063866.05 20.28 310 17.57 0.11 122982 19249.21 20.28 310 0 0 113770 0 0 17.2 18.4 17.77 0.03
331200.0 310 1.63 0.01 124212 683.03 0.36 15633 1048.15 1.05 5782493 1064914.19 20.28 310 17.56 0.11 123292 19266.78 20.28 310 0 0 114080 0 0 17.2 18.4 17.77 0.04
332100.0 376 1.77 0.02 124588 684.8 0.36 15685 1040.66 1.05 5798178 1065954.85 20.28 370 17.87 0.11 123662 19284.65 20.28 310 0 0 114390 0 0 17.2 18.4 17.77 0.04
333000.0 354 2.4 0.36 124942 687.2 0.36 15637 1007.28 1.05 5813815 1066962.13 20.28 350 17.52 0.11 124012 19302.17 20.28 310 0 0 114700 0 0 17.2 18.4 17.77 0.04
333900.0 310 1.63 0.01 125252 688.83 0.36 15596 1006.29 1.05 5829411 1067968.42 20.28 310 17.51 0.11 124322 19319.68 20.28 310 0 0 115010 0 0 17.2 18.5 17.78 0.04
334800.0 310 1.63 0.01 125562 690.46 0.36 15595 1005.16 1.05 5845006 1068973.58 20.28 310 17.5 0.11 124632 19337.18 20.28 310 0 0 115320 0 0 17.2 18.5 17.78 0.04
335700.0 376 1.77 0.02 125938 692.22 0.36 15649 999.77 1.05 5860655 1069973.35 20.28 370 17.81 0.11 125002 19354.98 20.28 310 0 0 115630 0 0 17.2 18.5 17.78 0.04
336600.0 354 2.4 0.36 126292 694.63 0.36 15611 983.07 1.05 5876266 1070956.41 20.28 350 17.58 0.11 125352 19372.57 20.28 310 0 0 115940 0 0 17.2 18.5 17.78 0.04
337500.0 310 1.63 0.01 126602 696.25 0.36 15579 991.52 1.05 5891845 1071947.94 20.28 310 17.57 0.11 125662 19390.14 20.28 310 0 0 116250 0 0 17.2 18.5 17.79 0.05
338400.0 310 1.63 0.01 126912 697.88 0.36 15577 989.35 1.05 5907422 1072937.29 20.28 310 17.56 0.11 125972 19407.7 20.28 310 0 0 116560 0 0 17.2 18.5 17.8 0.05
339300.0 376 1.77 0.02 127288 699.65 0.36 15627 979.76 1.05 5923049 1073917.04 20.28 370 17.87 0.11 126342 19425.57 20.28 310 0 0 116870 0 0 17.2 18.5 17.8 0.05
340200.0 354 2.4 0.36 127642 702.05 0.36 15580 946.4 1.05 5938629 1074863.44 20.28 350 17.5 0.11 126692 19443.07 20.28 310 0 0 117180 0 0 17.2 18.5 17.8 0.05
341100.0 310 1.63 0.01 127952 703.68 0.36 15537 943.29 1.05 5954166 1075806.73 20.28 310 17.49 0.11 127002 19460.56 20.28 310 0 0 117490 0 0 17.2 18.5 17.81 0.05
342000.0 310 1.63 0.01 128262 705.3 0.36 15533 939.02 1.05 5969699 1076745.75 20.28 310 17.48 0.11 127312 19478.04 20.28 310 0 0 117800 0 0 17.2 18.5 17.8 0.05
342900.0 376 1.77 0.02 128638 707.07 0.36 15585 930.72 1.05 5985284 1077676.47 20.28 370 17.52 0.11 127682 19495.56 20.28 310 0 0 118110 0 0 17.2 18.5 17.81 0.05
343800.0 354 2.4 0.36 128992 709.47 0.36 15548 908.29 1.05 6000832 1078584.76 20.28 350 17.41 0.11 128032 19512.96 20.28 310 0 0 118420 0 0 17.2 18.5 17.8 0.05
344700.0 310 1.63 0.01 129302 711.1 0.36 15512 912.54 1.05 6016344 1079497.3 20.28 310 17.4 0.11 128342 19530.36 20.28 310 0 0 118730 0 0 17.2 18.6 17.81 0.05
345600.0 310 1.63 0.01 129612 712.73 0.36 15510 910.37 1.05 6031854 1080407.67 20.28 310 17.39 0.11 128652 19547.75 20.28 310 0 0 119040 0 0 17.2 18.6 17.81 0.05
