# seed = 7, gamma = 0.33, beta = 0.66, dee = 0.1, dcc = 100.0, dec = 50.0, dsCnd = 150.0, dLocalhost = 0.02, hostBroker = EDGE 
#
# The columns have the following meaning: 
# instant[SECONDS] commCountUploadPartial delaySumUploadPartial[SECONDS] delayMaxUploadPartial[SECONDS] commCountUploadTot delaySumUploadTot[SECONDS] delayMaxUploadTot[SECONDS] commCountDownloadPartial delaySumDownloadPartial[SECONDS] delayMaxDownloadPartial[SECONDS] commCountDownloadTot delaySumDownloadTot[SECONDS] delayMaxDownloadTot[SECONDS] commCountDownloadMaxPartial delaySumDownloadMaxPartial[SECONDS] delayMaxDownloadMaxPartial[SECONDS] commCountDownloadMaxTot delaySumDownloadMaxTot[SECONDS] delayMaxDownloadMaxTot[SECONDS] runOnCloudPartial runOnEdgePartial runOnSmartphonePartial runOnCloudTot runOnEdgeTot runOnSmartphoneTot minTemp maxTemp avgTemp varianceTemp
0.0 0 0.0 0.0 0 0.0 0.0 0 0.0 0.0 0 0.0 0.0 0 0.0 0.0 0 0.0 0.0 0 0 0 0 0 0 17.0 25.0 21.0 0.0
900.0 376 36.29 0.15 376 36.29 0.15 14730 1765.54 0.2 14730 1765.54 0.2 370 49.39 0.17 370 49.39 0.17 109 3 198 109 3 198 18.9 21.0 19.44 0.85
1800.0 356 37.05 0.36 732 73.33 0.36 15019 136776.16 19.02 29749 138541.7 19.02 352 2862.79 19.02 722 2912.18 19.02 109 3 198 218 6 396 18.9 18.9 18.9 0.0
2700.0 310 36.17 0.15 1042 109.51 0.36 14671 1783.61 0.2 44420 140325.31 19.02 310 49.64 0.18 1032 2961.83 19.02 109 3 198 327 9 594 17.7 18.9 18.43 0.03
3600.0 310 36.17 0.15 1352 145.68 0.36 14671 1783.86 0.2 59091 142109.17 19.02 310 49.65 0.18 1342 3011.48 19.02 109 3 198 436 12 792 17.7 18.9 18.24 0.05
4500.0 376 36.31 0.15 1728 181.99 0.36 14725 1783.56 0.2 73816 143892.73 19.02 370 49.8 0.18 1712 3061.27 19.02 109 3 198 545 15 990 17.6 18.7 18.23 0.05
5400.0 356 37.06 0.36 2084 219.05 0.36 15046 7696.89 19.1 88862 151589.62 19.1 352 68.98 19.1 2064 3130.25 19.1 109 3 198 654 18 1188 17.6 18.7 18.23 0.05
6300.0 310 36.18 0.15 2394 255.23 0.36 14728 1792.74 0.2 103590 153382.36 19.1 310 49.73 0.18 2374 3179.98 19.1 109 3 198 763 21 1386 17.6 18.7 18.23 0.05
7200.0 310 36.18 0.15 2704 291.41 0.36 14728 1793.22 0.2 118318 155175.58 19.1 310 49.74 0.18 2684 3229.72 19.1 109 3 198 872 24 1584 17.6 18.7 18.25 0.04
8100.0 376 36.32 0.15 3080 327.73 0.36 14788 1793.3 0.2 133106 156968.88 19.1 370 49.88 0.18 3054 3279.6 19.1 109 3 198 981 27 1782 17.6 18.7 18.25 0.04
9000.0 356 37.06 0.36 3436 364.79 0.36 15077 7703.2 19.11 148183 164672.08 19.11 352 68.99 19.11 3406 3348.59 19.11 109 3 198 1090 30 1980 17.6 18.7 18.25 0.04
9900.0 310 36.17 0.15 3746 400.96 0.36 14732 1793.98 0.2 162915 166466.06 19.11 310 49.76 0.18 3716 3398.35 19.11 109 3 198 1199 33 2178 17.6 18.7 18.23 0.04
10800.0 310 36.17 0.15 4056 437.13 0.36 14737 1793.82 0.2 177652 168259.87 19.11 310 49.77 0.18 4026 3448.12 19.11 109 3 198 1308 36 2376 17.6 18.7 18.15 0.05
11700.0 376 36.32 0.15 4432 473.45 0.36 14796 1793.94 0.2 192448 170053.81 19.11 370 49.91 0.18 4396 3498.03 19.11 109 3 198 1417 39 2574 17.6 18.7 18.15 0.05
12600.0 354 36.95 0.36 4786 510.41 0.36 14744 1792.69 0.2 207192 171846.5 19.11 350 50.0 0.18 4746 3548.03 19.11 109 3 198 1526 42 2772 17.6 18.7 18.15 0.05
13500.0 310 36.18 0.15 5096 546.58 0.36 14677 1791.05 0.2 221869 173637.56 19.11 310 49.8 0.18 5056 3597.83 19.11 109 3 198 1635 45 2970 17.6 18.7 18.15 0.04
14400.0 310 36.18 0.15 5406 582.76 0.36 14676 1790.89 0.2 236545 175428.45 19.11 310 49.8 0.18 5366 3647.63 19.11 109 3 198 1744 48 3168 17.6 18.7 18.14 0.04
15300.0 376 36.32 0.15 5782 619.08 0.36 14736 1791.01 0.2 251281 177219.45 19.11 370 49.95 0.18 5736 3697.58 19.11 109 3 198 1853 51 3366 17.6 18.7 18.14 0.04
16200.0 354 36.95 0.36 6136 656.03 0.36 14706 1790.59 0.2 265987 179010.04 19.11 350 50.0 0.18 6086 3747.58 19.11 109 3 198 1962 54 3564 17.6 18.7 18.14 0.04
17100.0 310 36.17 0.15 6446 692.2 0.36 14676 1788.62 0.2 280663 180798.66 19.11 310 49.74 0.18 6396 3797.32 19.11 109 3 198 2071 57 3762 17.6 18.7 18.12 0.04
18000.0 310 36.17 0.15 6756 728.38 0.36 14682 1789.25 0.2 295345 182587.91 19.11 310 49.74 0.18 6706 3847.06 19.11 109 3 198 2180 60 3960 17.6 18.7 18.11 0.04
18900.0 376 36.31 0.15 7132 764.69 0.36 14741 1789.36 0.2 310086 184377.27 19.11 370 49.89 0.18 7076 3896.96 19.11 109 3 198 2289 63 4158 17.6 18.6 18.11 0.04
19800.0 354 36.95 0.36 7486 801.64 0.36 14707 1789.1 0.2 324793 186166.37 19.11 350 49.96 0.18 7426 3946.92 19.11 109 3 198 2398 66 4356 17.6 18.6 18.11 0.04
20700.0 310 36.17 0.15 7796 837.81 0.36 14676 1790.27 0.2 339469 187956.64 19.11 310 49.77 0.18 7736 3996.69 19.11 109 3 198 2507 69 4554 17.6 18.6 18.08 0.03
21600.0 310 36.17 0.15 8106 873.99 0.36 14677 1790.71 0.2 354146 189747.36 19.11 310 49.78 0.18 8046 4046.47 19.11 109 3 198 2616 72 4752 17.6 18.6 18.08 0.03
22500.0 376 36.32 0.15 8482 910.31 0.36 14737 1790.83 0.2 368883 191538.18 19.11 370 49.93 0.18 8416 4096.4 19.11 109 3 198 2725 75 4950 17.6 18.6 18.08 0.03
23400.0 354 36.95 0.36 8836 947.26 0.36 14703 1791.03 0.2 383586 193329.21 19.11 350 50.01 0.18 8766 4146.41 19.11 109 3 198 2834 78 5148 17.6 18.6 18.08 0.03
24300.0 310 36.18 0.15 9146 983.44 0.36 14668 1793.26 0.2 398254 195122.46 19.11 310 49.85 0.18 9076 4196.25 19.11 109 3 198 2943 81 5346 17.5 18.6 18.06 0.03
25200.0 310 36.18 0.15 9456 1019.62 0.36 14681 1794.5 0.2 412935 196916.96 19.11 310 49.85 0.18 9386 4246.11 19.11 109 3 198 3052 84 5544 17.5 18.6 18.04 0.03
26100.0 376 36.32 0.15 9832 1055.94 0.36 14741 1794.61 0.2 427676 198711.57 19.11 370 50.0 0.18 9756 4296.11 19.11 109 3 198 3161 87 5742 17.5 18.6 18.04 0.03
27000.0 354 36.96 0.36 10186 1092.9 0.36 14708 1793.7 0.2 442384 200505.27 19.11 350 50.06 0.18 10106 4346.17 19.11 109 3 198 3270 90 5940 17.5 18.6 18.04 0.03
27900.0 310 36.18 0.15 10496 1129.08 0.36 14666 1790.6 0.2 457050 202295.87 19.11 310 49.8 0.18 10416 4395.96 19.11 109 3 198 3379 93 6138 17.5 18.6 18.02 0.03
28800.0 310 36.18 0.15 10806 1165.25 0.36 14677 1791.84 0.2 471727 204087.71 19.11 310 49.8 0.18 10726 4445.77 19.11 109 3 198 3488 96 6336 17.5 18.6 18.0 0.03
29700.0 376 36.32 0.15 11182 1201.57 0.36 14735 1791.95 0.2 486462 205879.67 19.11 370 49.95 0.18 11096 4495.72 19.11 109 3 198 3597 99 6534 17.5 18.6 18.0 0.03
30600.0 354 36.95 0.36 11536 1238.53 0.36 14703 1791.44 0.2 501165 207671.11 19.11 350 50.01 0.18 11446 4545.72 19.11 109 3 198 3706 102 6732 17.5 18.6 18.0 0.03
31500.0 310 36.18 0.15 11846 1274.71 0.36 14670 1793.86 0.2 515835 209464.97 19.11 310 49.85 0.18 11756 4595.57 19.11 109 3 198 3815 105 6930 17.4 18.6 17.97 0.03
32400.0 310 36.18 0.15 12156 1310.89 0.36 14678 1794.5 0.2 530513 211259.46 19.11 310 49.85 0.18 12066 4645.43 19.11 109 3 198 3924 108 7128 17.4 18.6 17.96 0.03
33300.0 376 36.32 0.15 12532 1347.21 0.36 14737 1794.41 0.2 545250 213053.87 19.11 370 50.0 0.18 12436 4695.43 19.11 109 3 198 4033 111 7326 17.4 18.5 17.96 0.03
34200.0 354 36.96 0.36 12886 1384.17 0.36 14698 1792.9 0.2 559948 214846.77 19.11 350 50.06 0.18 12786 4745.48 19.11 109 3 198 4142 114 7524 17.4 18.5 17.96 0.03
35100.0 310 36.18 0.15 13196 1420.35 0.36 14666 1793.66 0.2 574614 216640.43 19.11 310 49.85 0.18 13096 4795.33 19.11 109 3 198 4251 117 7722 17.4 18.5 17.94 0.03
36000.0 310 36.18 0.15 13506 1456.53 0.36 14679 1793.9 0.2 589293 218434.32 19.11 310 49.85 0.18 13406 4845.19 19.11 109 3 198 4360 120 7920 17.4 18.5 17.92 0.03
36900.0 376 36.32 0.15 13882 1492.85 0.36 14739 1794.01 0.2 604032 220228.33 19.11 370 50.0 0.18 13776 4895.19 19.11 109 3 198 4469 123 8118 17.4 18.5 17.92 0.03
37800.0 354 36.95 0.36 14236 1529.8 0.36 14693 1787.18 0.2 618725 222015.52 19.11 350 49.95 0.18 14126 4945.14 19.11 109 3 198 4578 126 8316 17.4 18.5 17.92 0.03
38700.0 310 36.17 0.15 14546 1565.97 0.36 14658 1788.75 0.2 633383 223804.26 19.11 310 49.74 0.18 14436 4994.88 19.11 109 3 198 4687 129 8514 17.3 18.5 17.9 0.03
39600.0 310 36.17 0.15 14856 1602.15 0.36 14669 1789.58 0.2 648052 225593.84 19.11 310 49.75 0.18 14746 5044.63 19.11 109 3 198 4796 132 8712 17.3 18.5 17.88 0.04
40500.0 376 36.32 0.15 15232 1638.46 0.36 14726 1789.7 0.2 662778 227383.54 19.11 370 49.9 0.18 15116 5094.53 19.11 109 3 198 4905 135 8910 17.3 18.5 17.88 0.04
41400.0 354 36.96 0.36 15586 1675.42 0.36 14688 1792.49 0.2 677466 229176.03 19.11 350 50.06 0.18 15466 5144.58 19.11 109 3 198 5014 138 9108 17.3 18.5 17.88 0.04
42300.0 310 36.18 0.15 15896 1711.6 0.36 14668 1791.78 0.2 692134 230967.82 19.11 310 49.8 0.18 15776 5194.38 19.11 109 3 198 5123 141 9306 17.3 18.5 17.85 0.04
43200.0 310 36.18 0.15 16206 1747.77 0.36 14672 1792.02 0.2 706806 232759.84 19.11 310 49.81 0.18 16086 5244.19 19.11 109 3 198 5232 144 9504 17.3 18.5 17.84 0.05
44100.0 376 36.32 0.15 16582 1784.09 0.36 14732 1792.13 0.2 721538 234551.98 19.11 370 49.95 0.18 16456 5294.15 19.11 109 3 198 5341 147 9702 17.2 18.4 17.84 0.05
45000.0 354 36.95 0.36 16936 1821.05 0.36 14680 1789.83 0.2 736218 236341.8 19.11 350 50.01 0.18 16806 5344.16 19.11 109 3 198 5450 150 9900 17.2 18.4 17.84 0.05
45900.0 310 36.18 0.15 17246 1857.22 0.36 14654 1790.56 0.2 750872 238132.36 19.11 310 49.8 0.18 17116 5393.96 19.11 109 3 198 5559 153 10098 17.2 18.4 17.81 0.05
46800.0 310 36.18 0.15 17556 1893.4 0.36 14670 1791.99 0.2 765542 239924.35 19.11 310 49.81 0.18 17426 5443.77 19.11 109 3 198 5668 156 10296 17.2 18.5 17.8 0.06
47700.0 376 36.32 0.15 17932 1929.72 0.36 14729 1791.91 0.2 780271 241716.26 19.11 370 49.95 0.18 17796 5493.72 19.11 109 3 198 5777 159 10494 17.2 18.5 17.8 0.06
48600.0 354 36.95 0.36 18286 1966.68 0.36 14684 1789.79 0.2 794955 243506.05 19.11 350 50.01 0.18 18146 5543.73 19.11 109 3 198 5886 162 10692 17.2 18.5 17.8 0.06
49500.0 310 36.18 0.15 18596 2002.86 0.36 14653 1792.26 0.2 809608 245298.31 19.11 310 49.85 0.18 18456 5593.58 19.11 109 3 198 5995 165 10890 17.1 18.5 17.77 0.06
50400.0 310 36.18 0.15 18906 2039.04 0.36 14671 1793.7 0.2 824279 247092.01 19.11 310 49.85 0.18 18766 5643.43 19.11 109 3 198 6104 168 11088 17.1 18.5 17.75 0.07
51300.0 376 36.32 0.15 19282 2075.36 0.36 14731 1793.81 0.2 839010 248885.82 19.11 370 50.0 0.18 19136 5693.43 19.11 109 3 198 6213 171 11286 17.1 18.5 17.75 0.07
52200.0 354 36.96 0.36 19636 2112.32 0.36 14686 1791.9 0.2 853696 250677.71 19.11 350 50.06 0.18 19486 5743.49 19.11 109 3 198 6322 174 11484 17.1 18.5 17.75 0.07
53100.0 310 36.18 0.15 19946 2148.49 0.36 14643 1791.46 0.2 868339 252469.17 19.11 310 49.85 0.18 19796 5793.34 19.11 109 3 198 6431 177 11682 17.1 18.5 17.74 0.07
54000.0 310 36.18 0.15 20256 2184.67 0.36 14652 1792.1 0.2 882991 254261.27 19.11 310 49.85 0.18 20106 5843.19 19.11 109 3 198 6540 180 11880 17.1 18.6 17.73 0.07
54900.0 376 36.32 0.15 20632 2221.0 0.36 14710 1792.21 0.2 897701 256053.47 19.11 370 50.0 0.18 20476 5893.19 19.11 109 3 198 6649 183 12078 17.1 18.6 17.73 0.07
55800.0 354 36.96 0.36 20986 2257.95 0.36 14674 1791.1 0.2 912375 257844.57 19.11 350 50.06 0.18 20826 5943.25 19.11 109 3 198 6758 186 12276 17.1 18.6 17.73 0.07
56700.0 310 36.18 0.15 21296 2294.13 0.36 14653 1792.26 0.2 927028 259636.83 19.11 310 49.85 0.18 21136 5993.1 19.11 109 3 198 6867 189 12474 17.1 18.6 17.7 0.08
57600.0 310 36.18 0.15 21606 2330.31 0.36 14665 1793.1 0.2 941693 261429.92 19.11 310 49.85 0.18 21446 6042.95 19.11 109 3 198 6976 192 12672 17.1 18.6 17.69 0.09
58500.0 376 36.32 0.15 21982 2366.64 0.36 14725 1793.21 0.2 956418 263223.13 19.11 370 50.0 0.18 21816 6092.95 19.11 109 3 198 7085 195 12870 17.1 18.6 17.69 0.09
59400.0 354 36.95 0.36 22336 2403.59 0.36 14674 1788.69 0.2 971092 265011.82 19.11 350 50.0 0.18 22166 6142.95 19.11 109 3 198 7194 198 13068 17.1 18.6 17.69 0.09
60300.0 310 36.18 0.15 22646 2439.77 0.36 14643 1789.45 0.2 985735 266801.28 19.11 310 49.8 0.18 22476 6192.75 19.11 109 3 198 7303 201 13266 17.0 18.6 17.67 0.09
61200.0 310 36.18 0.15 22956 2475.94 0.36 14653 1790.29 0.2 1000388 268591.57 19.11 310 49.8 0.18 22786 6242.55 19.11 109 3 198 7412 204 13464 17.0 18.6 17.66 0.09
62100.0 376 36.32 0.15 23332 2512.26 0.36 14712 1790.41 0.2 1015100 270381.97 19.11 370 49.95 0.18 23156 6292.5 19.11 109 3 198 7521 207 13662 17.0 18.6 17.66 0.1
63000.0 354 36.95 0.36 23686 2549.21 0.36 14669 1786.1 0.2 1029769 272168.07 19.11 350 49.95 0.18 23506 6342.44 19.11 109 3 198 7630 210 13860 17.0 18.6 17.66 0.1
63900.0 310 36.17 0.15 23996 2585.38 0.36 14633 1784.94 0.2 1044402 273953.02 19.11 310 49.72 0.18 23816 6392.16 19.11 109 3 198 7739 213 14058 17.0 18.6 17.65 0.1
64800.0 310 36.17 0.15 24306 2621.55 0.36 14643 1785.56 0.2 1059045 275738.57 19.11 310 49.72 0.18 24126 6441.88 19.11 109 3 198 7848 216 14256 17.0 18.6 17.64 0.11
65700.0 376 36.31 0.15 24682 2657.86 0.36 14703 1785.69 0.2 1073748 277524.27 19.11 370 49.87 0.18 24496 6491.75 19.11 109 3 198 7957 219 14454 17.0 18.6 17.64 0.11
66600.0 354 36.95 0.36 25036 2694.81 0.36 14668 1783.98 0.2 1088416 279308.25 19.11 350 49.91 0.18 24846 6541.66 19.11 109 3 198 8066 222 14652 17.0 18.6 17.64 0.11
67500.0 310 36.17 0.15 25346 2730.97 0.36 14626 1781.45 0.2 1103042 281089.7 19.11 310 49.66 0.18 25156 6591.32 19.11 109 3 198 8175 225 14850 17.0 18.6 17.63 0.1
68400.0 310 36.17 0.15 25656 2767.14 0.36 14628 1781.68 0.2 1117670 282871.38 19.11 310 49.66 0.18 25466 6640.99 19.11 109 3 198 8284 228 15048 17.0 18.7 17.62 0.11
69300.0 376 36.31 0.15 26032 2803.45 0.36 14688 1781.8 0.2 1132358 284653.18 19.11 370 49.81 0.18 25836 6690.8 19.11 109 3 198 8393 231 15246 17.0 18.7 17.62 0.11
70200.0 354 36.95 0.36 26386 2840.4 0.36 14650 1782.04 0.2 1147008 286435.21 19.11 350 49.91 0.18 26186 6740.7 19.11 109 3 198 8502 234 15444 17.0 18.7 17.62 0.11
71100.0 310 36.17 0.15 26696 2876.57 0.36 14623 1783.02 0.2 1161631 288218.23 19.11 310 49.7 0.18 26496 6790.4 19.11 109 3 198 8611 237 15642 17.0 18.7 17.61 0.11
72000.0 310 36.17 0.15 27006 2912.74 0.36 14636 1783.65 0.2 1176267 290001.88 19.11 310 49.7 0.18 26806 6840.1 19.11 109 3 198 8720 240 15840 17.0 18.7 17.6 0.11
72900.0 376 36.31 0.15 27382 2949.04 0.36 14689 1783.57 0.2 1190956 291785.46 19.11 370 49.85 0.18 27176 6889.95 19.11 109 3 198 8829 243 16038 17.0 18.7 17.6 0.11
73800.0 354 36.95 0.36 27736 2985.99 0.36 14654 1782.05 0.2 1205610 293567.51 19.11 350 49.9 0.18 27526 6939.85 19.11 109 3 198 8938 246 16236 17.0 18.7 17.6 0.11
74700.0 310 36.17 0.15 28046 3022.16 0.36 14608 1784.25 0.2 1220218 295351.75 19.11 310 49.75 0.18 27836 6989.59 19.11 109 3 198 9047 249 16434 17.0 18.7 17.59 0.11
75600.0 310 36.17 0.15 28356 3058.33 0.36 14608 1784.27 0.2 1234826 297136.02 19.11 310 49.75 0.18 28146 7039.34 19.11 109 3 198 9156 252 16632 17.0 18.7 17.59 0.11
76500.0 376 36.32 0.15 28732 3094.65 0.36 14668 1784.4 0.2 1249494 298920.42 19.11 370 49.9 0.18 28516 7089.24 19.11 109 3 198 9265 255 16830 17.0 18.7 17.59 0.11
77400.0 354 36.95 0.36 29086 3131.6 0.36 14641 1782.36 0.2 1264135 300702.78 19.11 350 49.92 0.18 28866 7139.16 19.11 109 3 198 9374 258 17028 17.0 18.7 17.59 0.11
78300.0 310 36.17 0.15 29396 3167.77 0.36 14601 1781.74 0.2 1278736 302484.52 19.11 310 49.72 0.18 29176 7188.88 19.11 109 3 198 9483 261 17226 17.0 18.7 17.59 0.11
79200.0 310 36.17 0.15 29706 3203.94 0.36 14606 1781.96 0.2 1293342 304266.48 19.11 310 49.72 0.18 29486 7238.6 19.11 109 3 198 9592 264 17424 17.0 18.6 17.58 0.11
80100.0 376 36.31 0.15 30082 3240.24 0.36 14666 1782.09 0.2 1308008 306048.57 19.11 370 49.87 0.18 29856 7288.46 19.11 109 3 198 9701 267 17622 17.0 18.6 17.58 0.11
81000.0 354 36.95 0.36 30436 3277.19 0.36 14641 1783.46 0.2 1322649 307832.03 19.11 350 49.95 0.18 30206 7338.42 19.11 109 3 198 9810 270 17820 17.0 18.6 17.58 0.11
81900.0 310 36.18 0.15 30746 3313.37 0.36 14606 1785.71 0.2 1337255 309617.74 19.11 310 49.79 0.18 30516 7388.21 19.11 109 3 198 9919 273 18018 17.0 18.6 17.58 0.11
82800.0 310 36.18 0.15 31056 3349.54 0.36 14607 1785.74 0.2 1351862 311403.48 19.11 310 49.8 0.18 30826 7438.01 19.11 109 3 198 10028 276 18216 17.0 18.6 17.59 0.11
83700.0 376 36.32 0.15 31432 3385.86 0.36 14667 1785.87 0.2 1366529 313189.35 19.11 370 49.94 0.18 31196 7487.95 19.11 109 3 198 10137 279 18414 17.0 18.6 17.59 0.11
84600.0 354 36.95 0.36 31786 3422.81 0.36 14638 1785.54 0.2 1381167 314974.89 19.11 350 50.0 0.18 31546 7537.95 19.11 109 3 198 10246 282 18612 17.0 18.6 17.59 0.11
85500.0 310 36.17 0.15 32096 3458.99 0.36 14605 1783.82 0.2 1395772 316758.71 19.11 310 49.75 0.18 31856 7587.7 19.11 109 3 198 10355 285 18810 17.0 18.6 17.59 0.1
86400.0 310 36.17 0.15 32406 3495.16 0.36 14603 1783.84 0.2 1410375 318542.54 19.11 310 49.75 0.18 32166 7637.45 19.11 109 3 198 10464 288 19008 17.0 18.6 17.59 0.1
87300.0 376 36.32 0.15 32782 3531.48 0.36 14663 1783.97 0.2 1425038 320326.51 19.11 370 49.9 0.18 32536 7687.35 19.11 109 3 198 10573 291 19206 17.0 18.6 17.59 0.1
88200.0 354 36.95 0.36 33136 3568.43 0.36 14632 1785.59 0.2 1439670 322112.1 19.11 350 50.01 0.18 32886 7737.35 19.11 109 3 198 10682 294 19404 17.0 18.6 17.59 0.1
89100.0 310 36.18 0.15 33446 3604.61 0.36 14638 1790.26 0.2 1454308 323902.35 19.11 310 49.85 0.18 33196 7787.2 19.11 109 3 198 10791 297 19602 17.0 18.6 17.62 0.07
90000.0 310 36.18 0.15 33756 3640.79 0.36 14680 1794.5 0.2 1468988 325696.85 19.11 310 49.85 0.18 33506 7837.06 19.11 109 3 198 10900 300 19800 17.1 18.5 17.68 0.05
90900.0 376 36.32 0.15 34132 3677.11 0.36 14740 1794.61 0.2 1483728 327491.46 19.11 370 50.0 0.18 33876 7887.06 19.11 109 3 198 11009 303 19998 17.1 18.5 17.68 0.04
91800.0 354 36.95 0.36 34486 3714.06 0.36 14698 1787.56 0.2 1498426 329279.02 19.11 350 49.93 0.18 34226 7936.99 19.11 109 3 198 11118 306 20196 17.1 18.5 17.68 0.04
92700.0 310 36.17 0.15 34796 3750.23 0.36 14720 1787.84 0.2 1513146 331066.86 19.11 310 49.65 0.18 34536 7986.64 19.11 109 3 198 11227 309 20394 17.1 23.8 19.34 1.97
93600.0 310 36.17 0.15 35106 3786.39 0.36 14724 1788.07 0.2 1527870 332854.93 19.11 310 49.65 0.18 34846 8036.29 19.11 109 3 198 11336 312 20592 17.1 23.8 20.49 4.75
94500.0 376 36.31 0.15 35482 3822.7 0.36 14783 1788.19 0.2 1542653 334643.12 19.11 370 49.8 0.18 35216 8086.09 19.11 109 3 198 11445 315 20790 17.1 23.8 20.52 4.79
95400.0 354 36.94 0.36 35836 3859.64 0.36 14760 1788.07 0.2 1557413 336431.2 19.11 350 49.85 0.18 35566 8135.94 19.11 109 3 198 11554 318 20988 17.1 23.8 20.52 4.79
96300.0 310 36.17 0.15 36146 3895.81 0.36 14721 1787.84 0.2 1572134 338219.03 19.11 310 49.65 0.18 35876 8185.59 19.11 109 3 198 11663 321 21186 17.1 24.0 20.84 4.7
97200.0 310 36.17 0.15 36456 3931.98 0.36 14716 1787.67 0.2 1586850 340006.71 19.11 310 49.65 0.18 36186 8235.24 19.11 109 3 198 11772 324 21384 17.1 24.0 21.01 4.76
98100.0 376 36.31 0.15 36832 3968.29 0.36 14776 1787.79 0.2 1601626 341794.5 19.11 370 49.8 0.18 36556 8285.04 19.11 109 3 198 11881 327 21582 17.4 24.0 21.02 4.75
99000.0 354 36.94 0.36 37186 4005.22 0.36 14754 1784.16 0.2 1616380 343578.66 19.11 350 49.77 0.17 36906 8334.81 19.11 109 3 198 11990 330 21780 17.4 24.0 21.02 4.75
99900.0 310 36.16 0.15 37496 4041.38 0.36 14712 1784.13 0.2 1631092 345362.79 19.11 310 49.57 0.17 37216 8384.38 19.11 109 3 198 12099 333 21978 17.4 24.0 21.24 4.12
100800.0 310 36.16 0.15 37806 4077.54 0.36 14713 1784.16 0.2 1645805 347146.95 19.11 310 49.57 0.17 37526 8433.95 19.11 109 3 198 12208 336 22176 17.5 24.0 21.38 3.95
101700.0 376 36.3 0.15 38182 4113.85 0.36 14772 1784.09 0.2 1660577 348931.04 19.11 370 49.72 0.17 37896 8483.66 19.11 109 3 198 12317 339 22374 17.8 24.0 21.38 3.92
102600.0 354 36.94 0.36 38536 4150.78 0.36 14746 1783.88 0.2 1675323 350714.91 19.11 350 49.77 0.17 38246 8533.44 19.11 109 3 198 12426 342 22572 17.8 24.0 21.38 3.92
103500.0 310 36.16 0.15 38846 4186.94 0.36 14709 1783.65 0.2 1690032 352498.56 19.11 310 49.57 0.17 38556 8583.0 19.11 109 3 198 12535 345 22770 17.8 24.0 21.54 3.35
104400.0 310 36.16 0.15 39156 4223.11 0.36 14710 1783.67 0.2 1704742 354282.23 19.11 310 49.57 0.17 38866 8632.58 19.11 109 3 198 12644 348 22968 18.0 24.0 21.69 3.15
105300.0 376 36.3 0.15 39532 4259.41 0.36 14769 1783.8 0.2 1719511 356066.03 19.11 370 49.72 0.17 39236 8682.3 19.11 109 3 198 12753 351 23166 18.5 24.0 21.7 3.12
106200.0 354 36.93 0.36 39886 4296.34 0.36 14743 1782.2 0.2 1734254 357848.23 19.11 350 49.74 0.17 39586 8732.04 19.11 109 3 198 12862 354 23364 18.5 24.0 21.7 3.12
107100.0 310 36.15 0.15 40196 4332.5 0.36 14702 1778.96 0.2 1748956 359627.19 19.11 310 49.47 0.17 39896 8781.51 19.11 109 3 198 12971 357 23562 18.5 24.0 21.69 2.96
108000.0 310 36.15 0.15 40506 4368.65 0.36 14700 1778.79 0.2 1763656 361405.98 19.11 310 49.47 0.17 40206 8830.98 19.11 109 3 198 13080 360 23760 18.8 24.0 21.71 2.92
108900.0 376 36.3 0.15 40882 4404.95 0.36 14754 1778.11 0.2 1778410 363184.09 19.11 370 49.62 0.17 40576 8880.6 19.11 109 3 198 13189 363 23958 18.9 24.0 21.71 2.91
109800.0 354 36.93 0.36 41236 4441.88 0.36 14734 1778.19 0.2 1793144 364962.28 19.11 350 49.67 0.17 40926 8930.28 19.11 109 3 198 13298 366 24156 18.9 24.0 21.71 2.91
110700.0 310 36.15 0.15 41546 4478.03 0.36 14695 1777.96 0.2 1807839 366740.24 19.11 310 49.47 0.17 41236 8979.74 19.11 109 3 198 13407 369 24354 18.9 24.0 21.6 2.86
111600.0 310 36.15 0.15 41856 4514.18 0.36 14690 1777.79 0.2 1822529 368518.03 19.11 310 49.47 0.17 41546 9029.22 19.11 109 3 198 13516 372 24552 18.9 24.0 21.54 2.72
112500.0 376 36.3 0.15 42232 4550.48 0.36 14745 1777.51 0.2 1837274 370295.54 19.11 370 49.62 0.17 41916 9078.84 19.11 109 3 198 13625 375 24750 18.9 23.9 21.54 2.72
113400.0 354 36.93 0.36 42586 4587.41 0.36 14723 1777.59 0.2 1851997 372073.12 19.11 350 49.67 0.17 42266 9128.51 19.11 109 3 198 13734 378 24948 18.9 23.9 21.54 2.72
114300.0 310 36.15 0.15 42896 4623.56 0.36 14693 1777.76 0.2 1866690 373850.88 19.11 310 49.47 0.17 42576 9177.98 19.11 109 3 198 13843 381 25146 18.9 23.8 22.87 0.88
115200.0 310 36.15 0.15 43206 4659.71 0.36 14694 1777.79 0.2 1881384 375628.67 19.11 310 49.47 0.17 42886 9227.45 19.11 109 3 198 13952 384 25344 18.9 24.0 23.48 0.17
116100.0 376 36.3 0.15 43582 4696.01 0.36 14753 1777.91 0.2 1896137 377406.58 19.11 370 49.62 0.17 43256 9277.07 19.11 109 3 198 14061 387 25542 22.6 24.0 23.51 0.03
117000.0 354 36.93 0.36 43936 4732.94 0.36 14728 1777.99 0.2 1910865 379184.57 19.11 350 49.67 0.17 43606 9326.74 19.11 109 3 198 14170 390 25740 22.6 24.0 23.51 0.03
117900.0 310 36.15 0.15 44246 4769.09 0.36 14688 1777.76 0.2 1925553 380962.33 19.11 310 49.47 0.17 43916 9376.21 19.11 109 3 198 14279 393 25938 22.6 24.0 23.55 0.02
118800.0 310 36.15 0.15 44556 4805.24 0.36 14686 1777.59 0.2 1940239 382739.91 19.11 310 49.47 0.17 44226 9425.69 19.11 109 3 198 14388 396 26136 22.7 24.0 23.6 0.02
119700.0 376 36.3 0.15 44932 4841.54 0.36 14745 1777.71 0.2 1954984 384517.63 19.11 370 49.62 0.17 44596 9475.31 19.11 109 3 198 14497 399 26334 22.7 24.0 23.6 0.02
120600.0 354 36.93 0.36 45286 4878.47 0.36 14725 1777.79 0.2 1969709 386295.41 19.11 350 49.67 0.17 44946 9524.98 19.11 109 3 198 14606 402 26532 22.7 24.0 23.6 0.02
121500.0 310 36.15 0.15 45596 4914.62 0.36 14683 1777.36 0.2 1984392 388072.77 19.11 310 49.47 0.17 45256 9574.45 19.11 109 3 198 14715 405 26730 22.7 24.0 23.64 0.01
122400.0 310 36.15 0.15 45906 4950.77 0.36 14678 1776.79 0.2 1999070 389849.56 19.11 310 49.47 0.17 45566 9623.92 19.11 109 3 198 14824 408 26928 22.8 24.0 23.66 0.01
123300.0 376 36.3 0.15 46282 4987.07 0.36 14737 1776.91 0.2 2013807 391626.47 19.11 370 49.62 0.17 45936 9673.54 19.11 109 3 198 14933 411 27126 22.8 24.0 23.67 0.01
124200.0 354 36.93 0.36 46636 5024.0 0.36 14717 1776.99 0.2 2028524 393403.46 19.11 350 49.67 0.17 46286 9723.21 19.11 109 3 198 15042 414 27324 22.8 24.0 23.67 0.01
125100.0 310 36.15 0.15 46946 5060.15 0.36 14674 1776.36 0.2 2043198 395179.82 19.11 310 49.47 0.17 46596 9772.68 19.11 109 3 198 15151 417 27522 22.8 24.0 23.69 0.01
126000.0 310 36.15 0.15 47256 5096.31 0.36 14674 1776.39 0.2 2057872 396956.2 19.11 310 49.47 0.17 46906 9822.15 19.11 109 3 198 15260 420 27720 22.9 24.0 23.72 0.01
126900.0 376 36.3 0.15 47632 5132.6 0.36 14734 1776.51 0.2 2072606 398732.71 19.11 370 49.62 0.17 47276 9871.77 19.11 109 3 198 15369 423 27918 22.9 24.0 23.72 0.01
127800.0 354 36.93 0.36 47986 5169.53 0.36 14710 1776.19 0.2 2087316 400508.9 19.11 350 49.67 0.17 47626 9921.45 19.11 109 3 198 15478 426 28116 22.9 24.0 23.72 0.01
128700.0 310 36.15 0.15 48296 5205.68 0.36 14670 1775.96 0.2 2101986 402284.86 19.11 310 49.47 0.17 47936 9970.92 19.11 109 3 198 15587 429 28314 22.9 24.0 23.75 0.01
129600.0 310 36.15 0.15 48606 5241.84 0.36 14669 1775.99 0.2 2116655 404060.85 19.11 310 49.47 0.17 48246 10020.39 19.11 109 3 198 15696 432 28512 23.1 24.0 23.77 0.01
130500.0 376 36.3 0.15 48982 5278.13 0.36 14728 1776.11 0.2 2131383 405836.96 19.11 370 49.62 0.17 48616 10070.01 19.11 109 3 198 15805 435 28710 23.1 24.0 23.77 0.01
131400.0 354 36.93 0.36 49336 5315.06 0.36 14708 1776.19 0.2 2146091 407613.14 19.11 350 49.67 0.17 48966 10119.68 19.11 109 3 198 15914 438 28908 23.1 24.0 23.77 0.01
132300.0 310 36.15 0.15 49646 5351.22 0.36 14668 1775.96 0.2 2160759 409389.1 19.11 310 49.47 0.17 49276 10169.15 19.11 109 3 198 16023 441 29106 23.1 24.0 23.79 0.01
133200.0 310 36.15 0.15 49956 5387.37 0.36 14667 1775.79 0.2 2175426 411164.89 19.11 310 49.47 0.17 49586 10218.62 19.11 109 3 198 16132 444 29304 23.2 24.0 23.81 0.01
134100.0 376 36.3 0.15 50332 5423.66 0.36 14727 1775.91 0.2 2190153 412940.8 19.11 370 49.62 0.17 49956 10268.24 19.11 109 3 198 16241 447 29502 23.2 24.0 23.81 0.01
135000.0 354 36.93 0.36 50686 5460.59 0.36 14706 1775.99 0.2 2204859 414716.79 19.11 350 49.67 0.17 50306 10317.92 19.11 109 3 198 16350 450 29700 23.2 24.0 23.81 0.01
135900.0 310 36.15 0.15 50996 5496.75 0.36 14665 1775.56 0.2 2219524 416492.35 19.11 310 49.47 0.17 50616 10367.38 19.11 109 3 198 16459 453 29898 23.2 24.0 23.84 0.01
136800.0 310 36.15 0.15 51306 5532.9 0.36 14665 1775.59 0.2 2234189 418267.93 19.11 310 49.47 0.17 50926 10416.86 19.11 109 3 198 16568 456 30096 23.3 24.0 23.84 0.01
137700.0 376 36.3 0.15 51682 5569.19 0.36 14724 1775.71 0.2 2248913 420043.64 19.11 370 49.62 0.17 51296 10466.48 19.11 109 3 198 16677 459 30294 23.3 24.0 23.85 0.01
138600.0 354 36.93 0.36 52036 5606.12 0.36 14703 1775.79 0.2 2263616 421819.43 19.11 350 49.67 0.17 51646 10516.15 19.11 109 3 198 16786 462 30492 23.3 24.0 23.85 0.01
139500.0 310 36.15 0.15 52346 5642.28 0.36 14663 1775.56 0.2 2278279 423594.99 19.11 310 49.47 0.17 51956 10565.62 19.11 109 3 198 16895 465 30690 23.3 24.0 23.86 0.01
140400.0 310 36.15 0.15 52656 5678.43 0.36 14663 1775.59 0.2 2292942 425370.58 19.11 310 49.47 0.17 52266 10615.09 19.11 109 3 198 17004 468 30888 23.4 24.0 23.86 0.01
141300.0 376 36.3 0.15 53032 5714.73 0.36 14721 1775.51 0.2 2307663 427146.09 19.11 370 49.62 0.17 52636 10664.71 19.11 109 3 198 17113 471 31086 23.4 24.0 23.86 0.01
142200.0 354 36.93 0.36 53386 5751.66 0.36 14701 1775.59 0.2 2322364 428921.68 19.11 350 49.67 0.17 52986 10714.39 19.11 109 3 198 17222 474 31284 23.4 24.0 23.86 0.01
143100.0 310 36.15 0.15 53696 5787.81 0.36 14658 1774.96 0.2 2337022 430696.63 19.11 310 49.47 0.17 53296 10763.85 19.11 109 3 198 17331 477 31482 23.4 24.0 23.88 0.01
144000.0 310 36.15 0.15 54006 5823.96 0.36 14653 1774.99 0.2 2351675 432471.62 19.11 310 49.47 0.17 53606 10813.33 19.11 109 3 198 17440 480 31680 23.5 24.0 23.89 0.01
144900.0 376 36.3 0.15 54382 5860.26 0.36 14713 1775.11 0.2 2366388 434246.73 19.11 370 49.62 0.17 53976 10862.95 19.11 109 3 198 17549 483 31878 23.5 24.0 23.89 0.01
145800.0 354 36.93 0.36 54736 5897.19 0.36 14693 1775.19 0.2 2381081 436021.92 19.11 350 49.67 0.17 54326 10912.62 19.11 109 3 198 17658 486 32076 23.5 24.0 23.89 0.01
146700.0 310 36.15 0.15 55046 5933.34 0.36 14648 1774.76 0.2 2395729 437796.68 19.11 310 49.47 0.17 54636 10962.09 19.11 109 3 198 17767 489 32274 23.5 24.0 23.89 0.01
147600.0 310 36.15 0.15 55356 5969.49 0.36 14647 1774.79 0.2 2410376 439571.46 19.11 310 49.47 0.17 54946 11011.56 19.11 109 3 198 17876 492 32472 23.6 24.0 23.89 0.01
148500.0 376 36.3 0.15 55732 6005.79 0.36 14706 1774.91 0.2 2425082 441346.37 19.11 370 49.62 0.17 55316 11061.18 19.11 109 3 198 17985 495 32670 23.6 24.0 23.89 0.01
149400.0 354 36.93 0.36 56086 6042.72 0.36 14685 1774.99 0.2 2439767 443121.36 19.11 350 49.67 0.17 55666 11110.85 19.11 109 3 198 18094 498 32868 23.6 24.0 23.89 0.01
150300.0 310 36.15 0.15 56396 6078.87 0.36 14645 1774.76 0.2 2454412 444896.12 19.11 310 49.47 0.17 55976 11160.32 19.11 109 3 198 18203 501 33066 23.6 24.0 23.9 0.01
151200.0 310 36.15 0.15 56706 6115.02 0.36 14644 1774.59 0.2 2469056 446670.71 19.11 310 49.47 0.17 56286 11209.79 19.11 109 3 198 18312 504 33264 23.7 24.0 23.9 0.01
152100.0 376 36.3 0.15 57082 6151.32 0.36 14697 1774.31 0.2 2483753 448445.02 19.11 370 49.62 0.17 56656 11259.41 19.11 109 3 198 18421 507 33462 23.7 24.0 23.9 0.01
153000.0 354 36.93 0.36 57436 6188.25 0.36 14677 1774.39 0.2 2498430 450219.4 19.11 350 49.67 0.17 57006 11309.09 19.11 109 3 198 18530 510 33660 23.7 24.0 23.9 0.01
153900.0 310 36.15 0.15 57746 6224.4 0.36 14636 1774.16 0.2 2513066 451993.56 19.11 310 49.47 0.17 57316 11358.56 19.11 109 3 198 18639 513 33858 23.7 24.0 23.89 0.01
154800.0 310 36.15 0.15 58056 6260.55 0.36 14632 1773.99 0.2 2527698 453767.55 19.11 310 49.47 0.17 57626 11408.03 19.11 109 3 198 18748 516 34056 23.6 24.0 23.89 0.01
155700.0 376 36.3 0.15 58432 6296.85 0.36 14692 1774.11 0.2 2542390 455541.66 19.11 370 49.62 0.17 57996 11457.65 19.11 109 3 198 18857 519 34254 23.6 24.0 23.89 0.01
156600.0 354 36.93 0.36 58786 6333.78 0.36 14672 1774.19 0.2 2557062 457315.85 19.11 350 49.67 0.17 58346 11507.32 19.11 109 3 198 18966 522 34452 23.6 24.0 23.89 0.01
157500.0 310 36.15 0.15 59096 6369.93 0.36 14629 1773.36 0.2 2571691 459089.2 19.11 310 49.47 0.17 58656 11556.79 19.11 109 3 198 19075 525 34650 23.6 24.0 23.89 0.01
158400.0 310 36.15 0.15 59406 6406.09 0.36 14629 1773.39 0.2 2586320 460862.59 19.11 310 49.47 0.17 58966 11606.26 19.11 109 3 198 19184 528 34848 23.5 24.0 23.89 0.01
159300.0 376 36.3 0.15 59782 6442.38 0.36 14688 1773.31 0.2 2601008 462635.9 19.11 370 49.62 0.17 59336 11655.88 19.11 109 3 198 19293 531 35046 23.5 24.0 23.89 0.01
160200.0 354 36.93 0.36 60136 6479.31 0.36 14665 1772.99 0.2 2615673 464408.89 19.11 350 49.67 0.17 59686 11705.56 19.11 109 3 198 19402 534 35244 23.5 24.0 23.89 0.01
161100.0 310 36.15 0.15 60446 6515.46 0.36 14625 1772.76 0.2 2630298 466181.65 19.11 310 49.47 0.17 59996 11755.03 19.11 109 3 198 19511 537 35442 23.5 24.0 23.86 0.01
162000.0 310 36.15 0.15 60756 6551.62 0.36 14625 1772.79 0.2 2644923 467954.43 19.11 310 49.47 0.17 60306 11804.5 19.11 109 3 198 19620 540 35640 23.4 24.0 23.86 0.01
162900.0 376 36.29 0.15 61132 6587.91 0.36 14684 1772.91 0.2 2659607 469727.34 19.11 370 49.62 0.17 60676 11854.12 19.11 109 3 198 19729 543 35838 23.4 24.0 23.86 0.01
163800.0 354 36.93 0.36 61486 6624.84 0.36 14664 1772.99 0.2 2674271 471500.33 19.11 350 49.67 0.17 61026 11903.79 19.11 109 3 198 19838 546 36036 23.4 24.0 23.86 0.01
164700.0 310 36.15 0.15 61796 6660.99 0.36 14624 1772.76 0.2 2688895 473273.09 19.11 310 49.47 0.17 61336 11953.26 19.11 109 3 198 19947 549 36234 23.4 24.0 23.84 0.02
165600.0 310 36.15 0.15 62106 6697.14 0.36 14623 1772.79 0.2 2703518 475045.87 19.11 310 49.47 0.17 61646 12002.73 19.11 109 3 198 20056 552 36432 23.3 24.0 23.83 0.02
166500.0 376 36.3 0.15 62482 6733.44 0.36 14683 1772.91 0.2 2718201 476818.79 19.11 370 49.62 0.17 62016 12052.35 19.11 109 3 198 20165 555 36630 23.3 24.0 23.83 0.02
167400.0 354 36.93 0.36 62836 6770.37 0.36 14662 1772.79 0.2 2732863 478591.57 19.11 350 49.67 0.17 62366 12102.03 19.11 109 3 198 20274 558 36828 23.3 24.0 23.83 0.02
168300.0 310 36.15 0.15 63146 6806.52 0.36 14620 1772.16 0.2 2747483 480363.73 19.11 310 49.47 0.17 62676 12151.49 19.11 109 3 198 20383 561 37026 23.3 24.0 23.81 0.02
169200.0 310 36.15 0.15 63456 6842.68 0.36 14620 1772.19 0.2 2762103 482135.92 19.11 310 49.47 0.17 62986 12200.97 19.11 109 3 198 20492 564 37224 23.2 24.0 23.8 0.02
170100.0 376 36.29 0.15 63832 6878.97 0.36 14679 1772.31 0.2 2776782 483908.23 19.11 370 49.62 0.17 63356 12250.59 19.11 109 3 198 20601 567 37422 23.2 24.0 23.8 0.02
171000.0 354 36.93 0.36 64186 6915.9 0.36 14656 1771.99 0.2 2791438 485680.21 19.11 350 49.67 0.17 63706 12300.26 19.11 109 3 198 20710 570 37620 23.2 24.0 23.8 0.02
171900.0 310 36.15 0.15 64496 6952.05 0.36 14615 1771.56 0.2 2806053 487451.77 19.11 310 49.47 0.17 64016 12349.73 19.11 109 3 198 20819 573 37818 23.2 24.0 23.77 0.03
172800.0 310 36.15 0.15 64806 6988.2 0.36 14614 1771.59 0.2 2820667 489223.36 19.11 310 49.47 0.17 64326 12399.2 19.11 109 3 198 20928 576 38016 23.1 24.0 23.75 0.02
173700.0 376 36.3 0.15 65182 7024.5 0.36 14668 1771.31 0.2 2835335 490994.67 19.11 370 49.62 0.17 64696 12448.82 19.11 109 3 198 21037 579 38214 23.1 24.0 23.75 0.02
174600.0 354 36.93 0.36 65536 7061.43 0.36 14646 1771.19 0.2 2849981 492765.86 19.11 350 49.67 0.17 65046 12498.49 19.11 109 3 198 21146 582 38412 23.1 24.0 23.75 0.02
175500.0 310 36.15 0.15 65846 7097.58 0.36 14605 1770.96 0.2 2864586 494536.81 19.11 310 49.47 0.17 65356 12547.96 19.11 109 3 198 21255 585 38610 23.1 24.0 23.72 0.03
176400.0 310 36.15 0.15 66156 7133.74 0.36 14604 1770.98 0.2 2879190 496307.8 19.11 310 49.47 0.17 65666 12597.44 19.11 109 3 198 21364 588 38808 22.9 24.0 23.69 0.03
177300.0 376 36.3 0.15 66532 7170.03 0.36 14662 1770.91 0.2 2893852 498078.71 19.11 370 49.62 0.17 66036 12647.06 19.11 109 3 198 21473 591 39006 22.9 23.9 23.69 0.03
178200.0 354 36.93 0.36 66886 7206.96 0.36 14641 1770.99 0.2 2908493 499849.7 19.11 350 49.67 0.17 66386 12696.73 19.11 109 3 198 21582 594 39204 22.9 23.9 23.69 0.03
179100.0 310 36.15 0.15 67196 7243.11 0.36 14596 1770.16 0.2 2923089 501619.86 19.11 310 49.47 0.17 66696 12746.2 19.11 109 3 198 21691 597 39402 22.9 23.9 23.64 0.03
180000.0 310 36.15 0.15 67506 7279.27 0.36 14596 1770.38 0.2 2937685 503390.24 19.11 310 49.47 0.17 67006 12795.67 19.11 109 3 198 21800 600 39600 22.8 23.9 23.6 0.02
180900.0 376 36.3 0.15 67882 7315.56 0.36 14655 1770.31 0.2 2952340 505160.55 19.11 370 49.62 0.17 67376 12845.29 19.11 109 3 198 21909 603 39798 22.8 23.9 23.6 0.02
181800.0 354 36.93 0.36 68236 7352.49 0.36 14627 1769.99 0.2 2966967 506930.54 19.11 350 49.67 0.17 67726 12894.96 19.11 109 3 198 22018 606 39996 22.8 23.9 23.6 0.02
182700.0 310 36.15 0.15 68546 7388.64 0.36 14593 1769.96 0.2 2981560 508700.5 19.11 310 49.47 0.17 68036 12944.43 19.11 109 3 198 22127 609 40194 22.8 23.8 23.53 0.03
183600.0 310 36.15 0.15 68856 7424.8 0.36 14595 1769.98 0.2 2996155 510470.48 19.11 310 49.47 0.17 68346 12993.9 19.11 109 3 198 22236 612 40392 22.7 23.8 23.46 0.02
184500.0 376 36.3 0.15 69232 7461.09 0.36 14651 1769.91 0.2 3010806 512240.39 19.11 370 49.62 0.17 68716 13043.52 19.11 109 3 198 22345 615 40590 22.7 23.8 23.46 0.02
185400.0 354 36.93 0.36 69586 7498.02 0.36 14629 1769.79 0.2 3025435 514010.18 19.11 350 49.67 0.17 69066 13093.2 19.11 109 3 198 22454 618 40788 22.7 23.8 23.46 0.02
186300.0 310 36.15 0.15 69896 7534.18 0.36 14590 1769.96 0.2 3040025 515780.14 19.11 310 49.47 0.17 69376 13142.67 19.11 109 3 198 22563 621 40986 22.7 23.7 23.36 0.03
187200.0 310 36.15 0.15 70206 7570.33 0.36 14590 1769.78 0.2 3054615 517549.92 19.11 310 49.47 0.17 69686 13192.14 19.11 109 3 198 22672 624 41184 22.4 23.7 23.28 0.03
188100.0 376 36.3 0.15 70582 7606.62 0.36 14648 1769.71 0.2 3069263 519319.63 19.11 370 49.62 0.17 70056 13241.76 19.11 109 3 198 22781 627 41382 22.4 23.7 23.28 0.02
189000.0 354 36.93 0.36 70936 7643.55 0.36 14624 1769.79 0.2 3083887 521089.42 19.11 350 49.67 0.17 70406 13291.43 19.11 109 3 198 22890 630 41580 22.4 23.7 23.28 0.02
189900.0 310 36.15 0.15 71246 7679.71 0.36 14585 1769.16 0.2 3098472 522858.58 19.11 310 49.47 0.17 70716 13340.9 19.11 109 3 198 22999 633 41778 22.4 23.6 23.15 0.03
190800.0 310 36.15 0.15 71556 7715.86 0.36 14588 1769.78 0.2 3113060 524628.36 19.11 310 49.47 0.17 71026 13390.37 19.11 109 3 198 23108 636 41976 22.1 23.5 23.04 0.03
191700.0 376 36.3 0.15 71932 7752.16 0.36 14647 1769.91 0.2 3127707 526398.27 19.11 370 49.62 0.17 71396 13439.99 19.11 109 3 198 23217 639 42174 22.1 23.5 23.03 0.03
192600.0 354 36.93 0.36 72286 7789.09 0.36 14614 1768.79 0.2 3142321 528167.06 19.11 350 49.67 0.17 71746 13489.67 19.11 109 3 198 23326 642 42372 22.1 23.5 23.03 0.03
193500.0 310 36.15 0.15 72596 7825.24 0.36 14567 1768.16 0.2 3156888 529935.22 19.11 310 49.47 0.17 72056 13539.14 19.11 109 3 198 23435 645 42570 22.1 23.4 22.89 0.03
194400.0 310 36.15 0.15 72906 7861.39 0.36 14574 1768.58 0.2 3171462 531703.8 19.11 310 49.47 0.17 72366 13588.61 19.11 109 3 198 23544 648 42768 22.0 23.3 22.75 0.03
195300.0 376 36.3 0.15 73282 7897.69 0.36 14629 1768.51 0.2 3186091 533472.31 19.11 370 49.62 0.17 72736 13638.23 19.11 109 3 198 23653 651 42966 22.0 23.3 22.74 0.03
196200.0 354 36.93 0.36 73636 7934.62 0.36 14606 1768.19 0.2 3200697 535240.5 19.11 350 49.67 0.17 73086 13687.9 19.11 109 3 198 23762 654 43164 22.0 23.3 22.74 0.03
197100.0 310 36.15 0.15 73946 7970.77 0.36 14575 1768.76 0.2 3215272 537009.26 19.11 310 49.47 0.17 73396 13737.37 19.11 109 3 198 23871 657 43362 22.0 23.1 22.59 0.02
198000.0 310 36.15 0.15 74256 8006.92 0.36 14553 1767.98 0.2 3229825 538777.24 19.11 310 49.47 0.17 73706 13786.84 19.11 109 3 198 23980 660 43560 22.0 23.1 22.44 0.03
198900.0 376 36.3 0.15 74632 8043.22 0.36 14612 1767.91 0.2 3244437 540545.15 19.11 370 49.62 0.17 74076 13836.46 19.11 109 3 198 24089 663 43758 22.0 23.1 22.43 0.03
199800.0 354 36.93 0.36 74986 8080.15 0.36 14591 1767.79 0.2 3259028 542312.94 19.11 350 49.67 0.17 74426 13886.14 19.11 109 3 198 24198 666 43956 22.0 23.1 22.43 0.03
200700.0 310 36.15 0.15 75296 8116.3 0.36 14558 1767.96 0.2 3273586 544080.9 19.11 310 49.47 0.17 74736 13935.6 19.11 109 3 198 24307 669 44154 22.0 22.8 22.28 0.02
201600.0 310 36.15 0.15 75606 8152.45 0.36 14562 1768.18 0.2 3288148 545849.08 19.11 310 49.47 0.17 75046 13985.08 19.11 109 3 198 24416 672 44352 22.0 22.8 22.2 0.03
202500.0 376 36.3 0.15 75982 8188.75 0.36 14621 1768.31 0.2 3302769 547617.39 19.11 370 49.62 0.17 75416 14034.7 19.11 109 3 198 24525 675 44550 22.0 22.8 22.2 0.03
203400.0 354 36.93 0.36 76336 8225.68 0.36 14595 1767.99 0.2 3317364 549385.38 19.11 350 49.67 0.17 75766 14084.37 19.11 109 3 198 24634 678 44748 22.0 22.8 22.2 0.03
204300.0 310 36.15 0.15 76646 8261.83 0.36 14560 1768.16 0.2 3331924 551153.54 19.11 310 49.47 0.17 76076 14133.84 19.11 109 3 198 24743 681 44946 22.0 22.6 22.08 0.01
205200.0 310 36.15 0.15 76956 8297.98 0.36 14559 1768.18 0.2 3346483 552921.72 19.11 310 49.47 0.17 76386 14183.31 19.11 109 3 198 24852 684 45144 22.0 22.6 22.08 0.01
206100.0 376 36.29 0.15 77332 8334.28 0.36 14616 1768.31 0.2 3361099 554690.03 19.11 370 49.62 0.17 76756 14232.93 19.11 109 3 198 24961 687 45342 22.0 22.6 22.07 0.01
207000.0 354 36.93 0.36 77686 8371.21 0.36 14590 1767.99 0.2 3375689 556458.02 19.11 350 49.67 0.17 77106 14282.6 19.11 109 3 198 25070 690 45540 22.0 22.6 22.07 0.01
207900.0 310 36.15 0.15 77996 8407.36 0.36 14557 1767.76 0.2 3390246 558225.78 19.11 310 49.47 0.17 77416 14332.07 19.11 109 3 198 25179 693 45738 22.0 22.2 22.03 0.0
208800.0 310 36.15 0.15 78306 8443.51 0.36 14553 1767.58 0.2 3404799 559993.36 19.11 310 49.47 0.17 77726 14381.54 19.11 109 3 198 25288 696 45936 22.0 22.2 22.03 0.0
209700.0 376 36.3 0.15 78682 8479.81 0.36 14612 1767.71 0.2 3419411 561761.07 19.11 370 49.62 0.17 78096 14431.17 19.11 109 3 198 25397 699 46134 22.0 22.2 22.03 0.0
210600.0 354 36.93 0.36 79036 8516.74 0.36 14583 1767.39 0.2 3433994 563528.46 19.11 350 49.67 0.17 78446 14480.84 19.11 109 3 198 25506 702 46332 22.0 22.2 22.03 0.0
211500.0 310 36.15 0.15 79346 8552.89 0.36 14545 1766.96 0.2 3448539 565295.42 19.11 310 49.47 0.17 78756 14530.31 19.11 109 3 198 25615 705 46530 22.0 22.0 22.0 0.0
212400.0 310 36.15 0.15 79656 8589.04 0.36 14545 1766.98 0.2 3463084 567062.4 19.11 310 49.47 0.17 79066 14579.78 19.11 109 3 198 25724 708 46728 22.0 22.0 22.0 0.0
213300.0 376 36.29 0.15 80032 8625.34 0.36 14602 1767.11 0.2 3477686 568829.51 19.11 370 49.62 0.17 79436 14629.4 19.11 109 3 198 25833 711 46926 22.0 22.0 22.0 0.0
214200.0 354 36.93 0.36 80386 8662.27 0.36 14573 1766.79 0.2 3492259 570596.3 19.11 350 49.67 0.17 79786 14679.07 19.11 109 3 198 25942 714 47124 22.0 22.0 22.0 0.0
215100.0 310 36.15 0.15 80696 8698.42 0.36 14532 1766.56 0.2 3506791 572362.85 19.11 310 49.47 0.17 80096 14728.54 19.11 109 3 198 26051 717 47322 22.0 22.0 22.0 0.0
216000.0 310 36.15 0.15 81006 8734.57 0.36 14526 1765.98 0.2 3521317 574128.84 19.11 310 49.47 0.17 80406 14778.01 19.11 109 3 198 26160 720 47520 22.0 22.0 22.0 0.0
216900.0 376 36.3 0.15 81382 8770.87 0.36 14583 1765.91 0.2 3535900 575894.75 19.11 370 49.62 0.17 80776 14827.63 19.11 109 3 198 26269 723 47718 22.0 22.0 22.0 0.0
217800.0 354 36.93 0.36 81736 8807.8 0.36 14558 1765.79 0.2 3550458 577660.53 19.11 350 49.67 0.17 81126 14877.31 19.11 109 3 198 26378 726 47916 22.0 22.0 22.0 0.0
218700.0 310 36.15 0.15 82046 8843.95 0.36 14514 1765.16 0.2 3564972 579425.69 19.11 310 49.47 0.17 81436 14926.78 19.11 109 3 198 26487 729 48114 22.0 22.0 22.0 0.0
219600.0 310 36.15 0.15 82356 8880.1 0.36 14512 1764.98 0.2 3579484 581190.68 19.11 310 49.47 0.17 81746 14976.25 19.11 109 3 198 26596 732 48312 22.0 22.0 22.0 0.0
220500.0 376 36.3 0.15 82732 8916.4 0.36 14564 1764.31 0.2 3594048 582954.99 19.11 370 49.62 0.17 82116 15025.87 19.11 109 3 198 26705 735 48510 22.0 22.0 22.0 0.0
221400.0 354 36.93 0.36 83086 8953.33 0.36 14537 1765.57 0.2 3608585 584720.55 19.11 350 49.7 0.17 82466 15075.57 19.11 109 3 198 26814 738 48708 22.0 22.0 22.0 0.0
222300.0 310 36.16 0.15 83396 8989.49 0.36 14587 1771.47 0.2 3623172 586492.02 19.11 310 49.51 0.17 82776 15125.09 19.11 109 3 198 26923 741 48906 20.4 22.0 21.33 0.06
223200.0 310 36.16 0.15 83706 9025.64 0.36 14615 1774.3 0.2 3637787 588266.32 19.11 310 49.52 0.17 83086 15174.61 19.11 109 3 198 27032 744 49104 19.9 22.0 20.59 0.18
224100.0 376 36.3 0.15 84082 9061.94 0.36 14675 1774.42 0.2 3652462 590040.74 19.11 370 49.67 0.17 83456 15224.27 19.11 109 3 198 27141 747 49302 19.8 21.8 20.57 0.16
225000.0 354 36.93 0.36 84436 9098.87 0.36 14655 1773.88 0.2 3667117 591814.62 19.11 350 49.71 0.17 83806 15273.98 19.11 109 3 198 27250 750 49500 19.8 21.8 20.57 0.16
225900.0 310 36.16 0.15 84746 9135.03 0.36 14614 1773.97 0.2 3681731 593588.6 19.11 310 49.51 0.17 84116 15323.49 19.11 109 3 198 27359 753 49698 19.8 21.7 20.51 0.15
226800.0 310 36.16 0.15 85056 9171.19 0.36 14618 1774.4 0.2 3696349 595363.0 19.11 310 49.51 0.17 84426 15373.0 19.11 109 3 198 27468 756 49896 19.8 21.7 20.48 0.17
227700.0 376 36.3 0.15 85432 9207.48 0.36 14678 1774.52 0.2 3711027 597137.53 19.11 370 49.66 0.17 84796 15422.66 19.11 109 3 198 27577 759 50094 19.8 21.7 20.48 0.17
228600.0 354 36.93 0.36 85786 9244.42 0.36 14654 1774.57 0.2 3725681 598912.1 19.11 350 49.73 0.17 85146 15472.39 19.11 109 3 198 27686 762 50292 19.8 21.7 20.48 0.17
229500.0 310 36.16 0.15 86096 9280.57 0.36 14612 1773.61 0.2 3740293 600685.71 19.11 310 49.51 0.17 85456 15521.9 19.11 109 3 198 27795 765 50490 19.8 21.6 20.45 0.16
230400.0 310 36.16 0.15 86406 9316.73 0.36 14614 1773.84 0.2 3754907 602459.55 19.11 310 49.51 0.17 85766 15571.41 19.11 109 3 198 27904 768 50688 19.8 21.6 20.45 0.17
231300.0 376 36.3 0.15 86782 9353.02 0.36 14673 1773.76 0.2 3769580 604233.31 19.11 370 49.66 0.17 86136 15621.07 19.11 109 3 198 28013 771 50886 19.8 21.6 20.45 0.17
232200.0 354 36.93 0.36 87136 9389.96 0.36 14651 1773.29 0.2 3784231 606006.6 19.11 350 49.71 0.17 86486 15670.78 19.11 109 3 198 28122 774 51084 19.8 21.6 20.45 0.17
233100.0 310 36.16 0.15 87446 9426.11 0.36 14608 1773.38 0.2 3798839 607779.98 19.11 310 49.51 0.17 86796 15720.29 19.11 109 3 198 28231 777 51282 19.8 21.5 20.48 0.18
234000.0 310 36.16 0.15 87756 9462.27 0.36 14606 1773.22 0.2 3813445 609553.2 19.11 310 49.52 0.17 87106 15769.81 19.11 109 3 198 28340 780 51480 19.8 21.5 20.49 0.17
234900.0 376 36.3 0.15 88132 9498.57 0.36 14666 1773.33 0.2 3828111 611326.53 19.11 370 49.66 0.17 87476 15819.47 19.11 109 3 198 28449 783 51678 19.8 21.5 20.49 0.17
235800.0 354 36.93 0.36 88486 9535.5 0.36 14641 1772.71 0.2 3842752 613099.24 19.11 350 49.71 0.17 87826 15869.18 19.11 109 3 198 28558 786 51876 19.8 21.5 20.49 0.17
236700.0 310 36.15 0.15 88796 9571.65 0.36 14605 1772.24 0.2 3857357 614871.49 19.11 310 49.48 0.17 88136 15918.66 19.11 109 3 198 28667 789 52074 19.8 21.4 20.5 0.18
237600.0 310 36.15 0.15 89106 9607.81 0.36 14606 1772.07 0.2 3871963 616643.56 19.11 310 49.49 0.17 88446 15968.15 19.11 109 3 198 28776 792 52272 19.8 21.4 20.54 0.17
238500.0 376 36.29 0.15 89482 9644.1 0.36 14657 1771.59 0.2 3886620 618415.15 19.11 370 49.64 0.17 88816 16017.78 19.11 109 3 198 28885 795 52470 19.7 21.4 20.55 0.17
239400.0 354 36.93 0.36 89836 9681.03 0.36 14634 1772.03 0.2 3901254 620187.18 19.11 350 49.71 0.17 89166 16067.49 19.11 109 3 198 28994 798 52668 19.7 21.4 20.55 0.17
240300.0 310 36.16 0.15 90146 9717.19 0.36 14586 1771.19 0.2 3915840 621958.38 19.11 310 49.5 0.17 89476 16116.99 19.11 109 3 198 29103 801 52866 19.7 21.5 20.56 0.18
241200.0 310 36.16 0.15 90456 9753.34 0.36 14584 1771.23 0.2 3930424 623729.61 19.11 310 49.5 0.17 89786 16166.49 19.11 109 3 198 29212 804 53064 19.7 21.6 20.59 0.17
242100.0 376 36.3 0.15 90832 9789.64 0.36 14643 1771.35 0.2 3945067 625500.96 19.11 370 49.65 0.17 90156 16216.15 19.11 109 3 198 29321 807 53262 19.7 21.6 20.59 0.17
243000.0 354 36.93 0.36 91186 9826.57 0.36 14620 1771.04 0.2 3959687 627271.99 19.11 350 49.7 0.17 90506 16265.85 19.11 109 3 198 29430 810 53460 19.7 21.6 20.59 0.17
243900.0 310 36.16 0.15 91496 9862.73 0.36 14583 1771.49 0.2 3974270 629043.49 19.11 310 49.51 0.17 90816 16315.35 19.11 109 3 198 29539 813 53658 19.7 21.6 20.6 0.18
244800.0 310 36.16 0.15 91806 9898.88 0.36 14588 1772.12 0.2 3988858 630815.61 19.11 310 49.51 0.17 91126 16364.86 19.11 109 3 198 29648 816 53856 19.7 21.8 20.63 0.18
245700.0 376 36.3 0.15 92182 9935.18 0.36 14648 1772.25 0.2 4003506 632587.85 19.11 370 49.66 0.17 91496 16414.52 19.11 109 3 198 29757 819 54054 19.6 21.8 20.63 0.18
246600.0 354 36.93 0.36 92536 9972.12 0.36 14610 1771.95 0.2 4018116 634359.8 19.11 350 49.72 0.17 91846 16464.24 19.11 109 3 198 29866 822 54252 19.6 21.8 20.63 0.18
247500.0 310 36.16 0.15 92846 10008.27 0.36 14590 1772.76 0.2 4032706 636132.56 19.11 310 49.5 0.17 92156 16513.74 19.11 109 3 198 29975 825 54450 19.6 21.8 20.59 0.18
248400.0 310 36.16 0.15 93156 10044.43 0.36 14589 1772.59 0.2 4047295 637905.15 19.11 310 49.51 0.17 92466 16563.25 19.11 109 3 198 30084 828 54648 19.6 21.9 20.61 0.19
249300.0 376 36.3 0.15 93532 10080.73 0.36 14643 1772.31 0.2 4061938 639677.46 19.11 370 49.66 0.17 92836 16612.91 19.11 109 3 198 30193 831 54846 19.5 21.9 20.61 0.19
250200.0 354 36.93 0.36 93886 10117.66 0.36 14593 1769.74 0.2 4076531 641447.19 19.11 350 49.7 0.17 93186 16662.61 19.11 109 3 198 30302 834 55044 19.5 21.9 20.61 0.19
251100.0 310 36.16 0.15 94196 10153.81 0.36 14572 1770.61 0.2 4091103 643217.81 19.11 310 49.5 0.17 93496 16712.11 19.11 109 3 198 30411 837 55242 19.5 21.9 20.57 0.2
252000.0 310 36.16 0.15 94506 10189.97 0.36 14582 1771.84 0.2 4105685 644989.65 19.11 310 49.5 0.17 93806 16761.61 19.11 109 3 198 30520 840 55440 19.5 22.0 20.55 0.22
252900.0 376 36.3 0.15 94882 10226.27 0.36 14641 1771.76 0.2 4120326 646761.41 19.11 370 49.65 0.17 94176 16811.27 19.11 109 3 198 30629 843 55638 19.5 22.0 20.55 0.22
253800.0 354 36.93 0.36 95236 10263.2 0.36 14603 1770.43 0.2 4134929 648531.84 19.11 350 49.7 0.17 94526 16860.97 19.11 109 3 198 30738 846 55836 19.5 22.0 20.55 0.22
254700.0 310 36.16 0.15 95546 10299.35 0.36 14609 1773.14 0.2 4149538 650304.98 19.11 310 49.5 0.17 94836 16910.47 19.11 109 3 198 30847 849 56034 19.5 22.0 20.43 0.21
255600.0 310 36.16 0.15 95856 10335.51 0.36 14617 1773.98 0.2 4164155 652078.96 19.11 310 49.5 0.17 95146 16959.97 19.11 109 3 198 30956 852 56232 19.5 21.8 20.39 0.22
256500.0 376 36.3 0.15 96232 10371.81 0.36 14677 1774.1 0.2 4178832 653853.06 19.11 370 49.65 0.17 95516 17009.62 19.11 109 3 198 31065 855 56430 19.3 21.8 20.39 0.23
257400.0 354 36.93 0.36 96586 10408.74 0.36 14632 1772.35 0.2 4193464 655625.41 19.11 350 49.7 0.17 95866 17059.32 19.11 109 3 198 31174 858 56628 19.3 21.8 20.39 0.23
258300.0 310 36.16 0.15 96896 10444.89 0.36 14622 1774.56 0.2 4208086 657399.97 19.11 310 49.5 0.17 96176 17108.82 19.11 109 3 198 31283 861 56826 19.3 21.8 20.24 0.22
259200.0 310 36.16 0.15 97206 10481.05 0.36 14625 1774.79 0.2 4222711 659174.76 19.11 310 49.51 0.17 96486 17158.33 19.11 109 3 198 31392 864 57024 19.3 21.8 20.15 0.25
260100.0 376 36.3 0.15 97582 10517.35 0.36 14685 1774.91 0.2 4237396 660949.67 19.11 370 49.66 0.17 96856 17207.99 19.11 109 3 198 31501 867 57222 19.2 21.6 20.14 0.25
261000.0 356 37.04 0.36 97938 10554.39 0.36 14972 138244.33 19.1 4252368 799194.0 19.11 352 2887.25 19.1 97208 20095.23 19.11 109 3 198 31610 870 57420 19.2 21.6 20.14 0.25
261900.0 310 36.15 0.15 98248 10590.54 0.36 14631 1771.36 0.2 4266999 800965.36 19.11 310 49.44 0.17 97518 20144.67 19.11 109 3 198 31719 873 57618 18.9 21.6 19.81 0.22
262800.0 310 36.15 0.15 98558 10626.7 0.36 14637 1771.99 0.2 4281636 802737.34 19.11 310 49.44 0.17 97828 20194.11 19.11 109 3 198 31828 876 57816 18.9 21.6 19.64 0.25
263700.0 376 36.3 0.15 98934 10662.99 0.36 14697 1772.11 0.2 4296333 804509.46 19.11 370 49.59 0.17 98198 20243.7 19.11 109 3 198 31937 879 58014 18.9 20.8 19.64 0.24
264600.0 356 37.05 0.36 99290 10700.04 0.36 14988 138941.67 19.15 4311321 943451.13 19.15 352 2903.42 19.15 98550 23147.12 19.15 109 3 198 32046 882 58212 18.9 20.8 19.64 0.24
265500.0 310 36.18 0.15 99600 10736.23 0.36 14715 1797.08 0.2 4326036 945248.21 19.15 310 49.85 0.18 98860 23196.97 19.15 109 3 198 32155 885 58410 17.3 20.8 18.41 0.27
266400.0 310 36.18 0.15 99910 10772.41 0.36 14742 1798.88 0.2 4340778 947047.1 19.15 310 49.85 0.18 99170 23246.82 19.15 109 3 198 32264 888 58608 17.3 20.2 17.84 0.06
267300.0 376 36.32 0.15 100286 10808.73 0.36 14802 1799.04 0.2 4355580 948846.14 19.15 370 50.0 0.18 99540 23296.83 19.15 109 3 198 32373 891 58806 17.3 18.8 17.82 0.02
268200.0 356 37.07 0.36 100642 10845.8 0.36 15093 139205.8 19.15 4370673 1088051.93 19.15 352 2904.87 19.15 99892 26201.69 19.15 109 3 198 32482 894 59004 17.3 18.8 17.82 0.02
269100.0 310 36.18 0.15 100952 10881.98 0.36 14743 1800.33 0.2 4385416 1089852.27 19.15 310 49.88 0.18 100202 26251.57 19.15 109 3 198 32591 897 59202 17.3 18.8 17.8 0.02
270000.0 310 36.18 0.15 101262 10918.16 0.36 14744 1800.32 0.2 4400160 1091652.58 19.15 310 49.88 0.18 100512 26301.45 19.15 109 3 198 32700 900 59400 17.3 18.7 17.78 0.02
270900.0 376 36.32 0.15 101638 10954.49 0.36 14804 1800.48 0.2 4414964 1093453.06 19.15 370 50.03 0.18 100882 26351.48 19.15 109 3 198 32809 903 59598 17.3 18.7 17.78 0.02
271800.0 354 36.96 0.36 101992 10991.45 0.36 14780 1800.37 0.2 4429744 1095253.42 19.15 350 50.08 0.18 101232 26401.56 19.15 109 3 198 32918 906 59796 17.3 18.7 17.78 0.02
272700.0 310 36.18 0.15 102302 11027.63 0.36 14740 1800.17 0.2 4444484 1097053.59 19.15 310 49.88 0.18 101542 26451.44 19.15 109 3 198 33027 909 59994 17.3 18.7 17.76 0.02
273600.0 310 36.18 0.15 102612 11063.81 0.36 14740 1800.16 0.2 4459224 1098853.75 19.15 310 49.88 0.18 101852 26501.32 19.15 109 3 198 33136 912 60192 17.3 18.6 17.75 0.02
274500.0 376 36.32 0.15 102988 11100.13 0.36 14797 1800.12 0.2 4474021 1100653.87 19.15 370 50.03 0.18 102222 26551.34 19.15 109 3 198 33245 915 60390 17.3 18.6 17.75 0.02
275400.0 354 36.96 0.36 103342 11137.09 0.36 14776 1801.63 0.2 4488797 1102455.51 19.15 350 50.11 0.18 102572 26601.45 19.15 109 3 198 33354 918 60588 17.3 18.6 17.75 0.02
276300.0 310 36.18 0.15 103652 11173.27 0.36 14736 1798.98 0.2 4503533 1104254.48 19.15 310 49.85 0.18 102882 26651.3 19.15 109 3 198 33463 921 60786 17.3 18.6 17.73 0.02
277200.0 310 36.18 0.15 103962 11209.45 0.36 14735 1798.77 0.2 4518268 1106053.25 19.15 310 49.85 0.18 103192 26701.15 19.15 109 3 198 33572 924 60984 17.3 18.5 17.72 0.02
278100.0 376 36.32 0.15 104338 11245.77 0.36 14795 1798.93 0.2 4533063 1107852.18 19.15 370 50.0 0.18 103562 26751.16 19.15 109 3 198 33681 927 61182 17.3 18.5 17.72 0.02
279000.0 354 36.95 0.36 104692 11282.72 0.36 14771 1797.09 0.2 4547834 1109649.27 19.15 350 50.02 0.18 103912 26801.18 19.15 109 3 198 33790 930 61380 17.3 18.5 17.72 0.02
279900.0 310 36.18 0.15 105002 11318.9 0.36 14727 1798.92 0.2 4562561 1111448.19 19.15 310 49.88 0.18 104222 26851.06 19.15 109 3 198 33899 933 61578 17.3 18.5 17.71 0.02
280800.0 310 36.18 0.15 105312 11355.08 0.36 14730 1798.92 0.2 4577291 1113247.1 19.15 310 49.88 0.18 104532 26900.94 19.15 109 3 198 34008 936 61776 17.3 18.4 17.7 0.02
281700.0 376 36.32 0.15 105688 11391.4 0.36 14789 1799.08 0.2 4592080 1115046.18 19.15 370 50.03 0.18 104902 26950.97 19.15 109 3 198 34117 939 61974 17.3 18.4 17.7 0.02
282600.0 354 36.96 0.36 106042 11428.36 0.36 14765 1798.14 0.2 4606845 1116844.32 19.15 350 50.06 0.18 105252 27001.03 19.15 109 3 198 34226 942 62172 17.3 18.4 17.7 0.02
283500.0 310 36.18 0.15 106352 11464.54 0.36 14724 1796.03 0.2 4621569 1118640.35 19.15 310 49.81 0.18 105562 27050.84 19.15 109 3 198 34335 945 62370 17.3 18.4 17.69 0.01
284400.0 310 36.18 0.15 106662 11500.72 0.36 14726 1796.23 0.2 4636295 1120436.58 19.15 310 49.81 0.18 105872 27100.65 19.15 109 3 198 34444 948 62568 17.3 18.3 17.68 0.01
285300.0 376 36.32 0.15 107038 11537.04 0.36 14785 1796.38 0.2 4651080 1122232.96 19.15 370 49.96 0.18 106242 27150.62 19.15 109 3 198 34553 951 62766 17.3 18.3 17.68 0.01
286200.0 354 36.95 0.36 107392 11573.99 0.36 14763 1797.05 0.2 4665843 1124030.02 19.15 350 50.03 0.18 106592 27200.65 19.15 109 3 198 34662 954 62964 17.3 18.3 17.68 0.01
287100.0 310 36.18 0.15 107702 11610.17 0.36 14720 1795.98 0.2 4680563 1125826.0 19.15 310 49.81 0.18 106902 27250.46 19.15 109 3 198 34771 957 63162 17.3 18.3 17.68 0.01
288000.0 310 36.18 0.15 108012 11646.34 0.36 14720 1795.78 0.2 4695283 1127621.78 19.15 310 49.82 0.18 107212 27300.28 19.15 109 3 198 34880 960 63360 17.3 18.2 17.68 0.01
288900.0 376 36.32 0.15 108388 11682.66 0.36 14780 1795.93 0.2 4710063 1129417.72 19.15 370 49.97 0.18 107582 27350.25 19.15 109 3 198 34989 963 63558 17.3 18.2 17.68 0.01
289800.0 354 36.96 0.36 108742 11719.62 0.36 14757 1797.37 0.2 4724820 1131215.08 19.15 350 50.05 0.18 107932 27400.3 19.15 109 3 198 35098 966 63756 17.3 18.2 17.68 0.01
290700.0 310 36.18 0.15 109052 11755.8 0.36 14714 1799.83 0.2 4739534 1133014.92 19.15 310 49.91 0.18 108242 27450.21 19.15 109 3 198 35207 969 63954 17.3 18.2 17.67 0.01
291600.0 310 36.18 0.15 109362 11791.99 0.36 14712 1799.83 0.2 4754246 1134814.75 19.15 310 49.91 0.18 108552 27500.12 19.15 109 3 198 35316 972 64152 17.3 18.1 17.67 0.01
292500.0 376 36.33 0.15 109738 11828.31 0.36 14772 1799.99 0.2 4769018 1136614.74 19.15 370 50.06 0.18 108922 27550.18 19.15 109 3 198 35425 975 64350 17.3 18.1 17.67 0.01
293400.0 354 36.96 0.36 110092 11865.27 0.36 14748 1799.63 0.2 4783766 1138414.37 19.15 350 50.11 0.18 109272 27600.29 19.15 109 3 198 35534 978 64548 17.3 18.1 17.67 0.01
294300.0 310 36.18 0.15 110402 11901.45 0.36 14712 1798.18 0.2 4798478 1140212.56 19.15 310 49.88 0.18 109582 27650.17 19.15 109 3 198 35643 981 64746 17.3 18.1 17.67 0.01
295200.0 310 36.18 0.15 110712 11937.63 0.36 14710 1798.19 0.2 4813188 1142010.74 19.15 310 49.88 0.18 109892 27700.05 19.15 109 3 198 35752 984 64944 17.4 18.0 17.67 0.01
296100.0 376 36.32 0.15 111088 11973.96 0.36 14770 1798.33 0.2 4827958 1143809.08 19.15 370 50.03 0.18 110262 27750.08 19.15 109 3 198 35861 987 65142 17.4 18.0 17.67 0.01
297000.0 354 36.96 0.36 111442 12010.91 0.36 14749 1798.39 0.2 4842707 1145607.46 19.15 350 50.08 0.18 110612 27800.16 19.15 109 3 198 35970 990 65340 17.4 18.0 17.67 0.01
297900.0 310 36.18 0.15 111752 12047.1 0.36 14711 1799.63 0.2 4857418 1147407.1 19.15 310 49.91 0.18 110922 27850.07 19.15 109 3 198 36079 993 65538 17.4 18.0 17.67 0.01
298800.0 310 36.18 0.15 112062 12083.28 0.36 14709 1799.63 0.2 4872127 1149206.73 19.15 310 49.91 0.18 111232 27899.98 19.15 109 3 198 36188 996 65736 17.4 18.0 17.67 0.01
299700.0 376 36.33 0.15 112438 12119.61 0.36 14769 1799.79 0.2 4886896 1151006.52 19.15 370 50.06 0.18 111602 27950.04 19.15 109 3 198 36297 999 65934 17.4 18.0 17.67 0.01
300600.0 354 36.96 0.36 112792 12156.56 0.36 14737 1798.83 0.2 4901633 1152805.35 19.15 350 50.11 0.18 111952 28000.15 19.15 109 3 198 36406 1002 66132 17.4 18.0 17.67 0.01
301500.0 310 36.18 0.15 113102 12192.75 0.36 14699 1796.54 0.2 4916332 1154601.89 19.15 310 49.86 0.18 112262 28050.02 19.15 109 3 198 36515 1005 66330 17.4 18.0 17.67 0.01
302400.0 310 36.18 0.15 113412 12228.93 0.36 14701 1796.73 0.2 4931033 1156398.62 19.15 310 49.86 0.18 112572 28099.88 19.15 109 3 198 36624 1008 66528 17.4 17.9 17.67 0.01
303300.0 376 36.32 0.15 113788 12265.25 0.36 14759 1796.49 0.2 4945792 1158195.11 19.15 370 50.01 0.18 112942 28149.89 19.15 109 3 198 36733 1011 66726 17.4 17.9 17.67 0.01
304200.0 354 36.95 0.36 114142 12302.2 0.36 14737 1795.22 0.2 4960529 1159990.33 19.15 350 50.04 0.18 113292 28199.93 19.15 109 3 198 36842 1014 66924 17.4 17.9 17.67 0.01
305100.0 310 36.18 0.15 114452 12338.38 0.36 14696 1796.92 0.2 4975225 1161787.25 19.15 310 49.88 0.18 113602 28249.81 19.15 109 3 198 36951 1017 67122 17.4 17.9 17.67 0.01
306000.0 310 36.18 0.15 114762 12374.56 0.36 14699 1797.32 0.2 4989924 1163584.57 19.15 310 49.88 0.18 113912 28299.69 19.15 109 3 198 37060 1020 67320 17.4 17.8 17.67 0.01
306900.0 376 36.32 0.15 115138 12410.89 0.36 14759 1797.48 0.2 5004683 1165382.04 19.15 370 50.03 0.18 114282 28349.72 19.15 109 3 198 37169 1023 67518 17.4 17.9 17.67 0.01
307800.0 354 36.96 0.36 115492 12447.85 0.36 14736 1798.63 0.2 5019419 1167180.68 19.15 350 50.11 0.18 114632 28399.83 19.15 109 3 198 37278 1026 67716 17.4 17.9 17.67 0.01
308700.0 310 36.18 0.15 115802 12484.03 0.36 14694 1798.24 0.2 5034113 1168978.91 19.15 310 49.91 0.18 114942 28449.74 19.15 109 3 198 37387 1029 67914 17.4 17.9 17.67 0.01
309600.0 310 36.18 0.15 116112 12520.21 0.36 14697 1798.43 0.2 5048810 1170777.35 19.15 310 49.91 0.18 115252 28499.65 19.15 109 3 198 37496 1032 68112 17.4 17.9 17.68 0.01
310500.0 376 36.33 0.15 116488 12556.54 0.36 14757 1798.59 0.2 5063567 1172575.93 19.15 370 50.06 0.18 115622 28549.71 19.15 109 3 198 37605 1035 68310 17.4 17.9 17.68 0.01
311400.0 354 36.96 0.36 116842 12593.5 0.36 14731 1798.03 0.2 5078298 1174373.97 19.15 350 50.11 0.18 115972 28599.82 19.15 109 3 198 37714 1038 68508 17.4 17.9 17.68 0.01
312300.0 310 36.18 0.15 117152 12629.68 0.36 14684 1796.18 0.2 5092982 1176170.15 19.15 310 49.88 0.18 116282 28649.7 19.15 109 3 198 37823 1041 68706 17.4 17.9 17.68 0.01
313200.0 310 36.18 0.15 117462 12665.86 0.36 14680 1795.99 0.2 5107662 1177966.14 19.15 310 49.88 0.18 116592 28699.58 19.15 109 3 198 37932 1044 68904 17.4 18.0 17.69 0.01
314100.0 376 36.32 0.15 117838 12702.18 0.36 14738 1795.93 0.2 5122400 1179762.07 19.15 370 50.03 0.18 116962 28749.61 19.15 109 3 198 38041 1047 69102 17.3 18.0 17.69 0.01
315000.0 354 36.96 0.36 118192 12739.14 0.36 14711 1795.19 0.2 5137111 1181557.26 19.15 350 50.08 0.18 117312 28799.7 19.15 109 3 198 38150 1050 69300 17.3 18.0 17.69 0.01
315900.0 310 36.18 0.15 118502 12775.32 0.36 14671 1793.18 0.2 5151782 1183350.43 19.15 310 49.85 0.18 117622 28849.54 19.15 109 3 198 38259 1053 69498 17.3 18.0 17.7 0.01
316800.0 310 36.18 0.15 118812 12811.5 0.36 14676 1793.57 0.2 5166458 1185144.0 19.15 310 49.85 0.18 117932 28899.4 19.15 109 3 198 38368 1056 69696 17.3 18.1 17.7 0.01
317700.0 376 36.32 0.15 119188 12847.82 0.36 14734 1793.53 0.2 5181192 1186937.53 19.15 370 50.0 0.18 118302 28949.4 19.15 109 3 198 38477 1059 69894 17.3 18.1 17.7 0.01
318600.0 354 36.96 0.36 119542 12884.78 0.36 14705 1792.97 0.2 5195897 1188730.49 19.15 350 50.05 0.18 118652 28999.45 19.15 109 3 198 38586 1062 70092 17.3 18.1 17.7 0.01
319500.0 310 36.18 0.15 119852 12920.96 0.36 14662 1794.63 0.2 5210559 1190525.13 19.15 310 49.91 0.18 118962 29049.36 19.15 109 3 198 38695 1065 70290 17.3 18.1 17.71 0.02
320400.0 310 36.18 0.15 120162 12957.14 0.36 14666 1794.63 0.2 5225225 1192319.76 19.15 310 49.91 0.18 119272 29099.27 19.15 109 3 198 38804 1068 70488 17.3 18.2 17.71 0.02
321300.0 376 36.33 0.15 120538 12993.47 0.36 14726 1794.79 0.2 5239951 1194114.55 19.15 370 50.06 0.18 119642 29149.33 19.15 109 3 198 38913 1071 70686 17.3 18.2 17.71 0.02
322200.0 354 36.95 0.36 120892 13030.42 0.36 14693 1788.78 0.2 5254644 1195903.32 19.15 350 49.99 0.18 119992 29199.31 19.15 109 3 198 39022 1074 70884 17.3 18.2 17.71 0.02
323100.0 310 36.17 0.15 121202 13066.59 0.36 14645 1786.08 0.2 5269289 1197689.4 19.15 310 49.74 0.18 120302 29249.05 19.15 109 3 198 39131 1077 71082 17.3 18.2 17.71 0.02
324000.0 310 36.17 0.15 121512 13102.76 0.36 14664 1788.48 0.2 5283953 1199477.88 19.15 310 49.74 0.18 120612 29298.79 19.15 109 3 198 39240 1080 71280 17.3 18.2 17.72 0.02
324900.0 376 36.31 0.15 121888 13139.08 0.36 14721 1788.63 0.2 5298674 1201266.5 19.15 370 49.89 0.18 120982 29348.68 19.15 109 3 198 39349 1083 71478 17.3 18.2 17.72 0.02
325800.0 354 36.96 0.36 122242 13176.04 0.36 14699 1794.13 0.2 5313373 1203060.63 19.15 350 50.06 0.18 121332 29398.74 19.15 109 3 198 39458 1086 71676 17.3 18.2 17.72 0.02
326700.0 310 36.18 0.15 122552 13212.22 0.36 14644 1793.43 0.2 5328017 1204854.07 19.15 310 49.91 0.18 121642 29448.65 19.15 109 3 198 39567 1089 71874 17.3 18.2 17.73 0.02
327600.0 310 36.18 0.15 122862 13248.4 0.36 14656 1794.23 0.2 5342673 1206648.3 19.15 310 49.91 0.18 121952 29498.56 19.15 109 3 198 39676 1092 72072 17.3 18.3 17.74 0.03
328500.0 376 36.33 0.15 123238 13284.73 0.36 14715 1794.39 0.2 5357388 1208442.69 19.15 370 50.06 0.18 122322 29548.62 19.15 109 3 198 39785 1095 72270 17.2 18.3 17.74 0.03
329400.0 354 36.96 0.36 123592 13321.69 0.36 14685 1794.03 0.2 5372073 1210236.72 19.15 350 50.11 0.18 122672 29598.73 19.15 109 3 198 39894 1098 72468 17.2 18.3 17.74 0.03
330300.0 310 36.18 0.15 123902 13357.87 0.36 14629 1792.23 0.2 5386702 1212028.95 19.15 310 49.91 0.18 122982 29648.64 19.15 109 3 198 40003 1101 72666 17.2 18.3 17.74 0.03
331200.0 310 36.18 0.15 124212 13394.05 0.36 14644 1793.83 0.2 5401346 1213822.79 19.15 310 49.91 0.18 123292 29698.55 19.15 109 3 198 40112 1104 72864 17.2 18.4 17.75 0.03
332100.0 376 36.33 0.15 124588 13430.38 0.36 14697 1793.39 0.2 5416043 1215616.17 19.15 370 50.06 0.18 123662 29748.61 19.15 109 3 198 40221 1107 73062 17.2 18.4 17.75 0.03
333000.0 354 36.96 0.36 124942 13467.34 0.36 14661 1790.32 0.2 5430704 1217406.49 19.15 350 50.08 0.18 124012 29798.69 19.15 109 3 198 40330 1110 73260 17.2 18.4 17.75 0.03
333900.0 310 36.18 0.15 125252 13503.52 0.36 14610 1788.72 0.2 5445314 1219195.21 19.15 310 49.88 0.18 124322 29848.57 19.15 109 3 198 40439 1113 73458 17.2 18.4 17.75 0.03
334800.0 310 36.18 0.15 125562 13539.7 0.36 14615 1789.11 0.2 5459929 1220984.33 19.15 310 49.88 0.18 124632 29898.45 19.15 109 3 198 40548 1116 73656 17.2 18.5 17.76 0.04
335700.0 376 36.32 0.15 125938 13576.02 0.36 14668 1789.07 0.2 5474597 1222773.4 19.15 370 50.03 0.18 125002 29948.48 19.15 109 3 198 40657 1119 73854 17.2 18.5 17.76 0.04
336600.0 354 36.96 0.36 126292 13612.98 0.36 14629 1789.63 0.2 5489226 1224563.03 19.15 350 50.11 0.18 125352 29998.59 19.15 109 3 198 40766 1122 74052 17.2 18.5 17.76 0.04
337500.0 310 36.18 0.15 126602 13649.16 0.36 14597 1789.63 0.2 5503823 1226352.67 19.15 310 49.91 0.18 125662 30048.5 19.15 109 3 198 40875 1125 74250 17.2 18.5 17.76 0.04
338400.0 310 36.18 0.15 126912 13685.35 0.36 14607 1791.23 0.2 5518430 1228143.9 19.15 310 49.91 0.18 125972 30098.41 19.15 109 3 198 40984 1128 74448 17.2 18.5 17.77 0.04
339300.0 376 36.33 0.15 127288 13721.67 0.36 14660 1790.99 0.2 5533090 1229934.89 19.15 370 50.06 0.18 126342 30148.47 19.15 109 3 198 41093 1131 74646 17.2 18.5 17.77 0.04
340200.0 354 36.96 0.36 127642 13758.63 0.36 14615 1788.16 0.2 5547705 1231723.05 19.15 350 50.08 0.18 126692 30198.55 19.15 109 3 198 41202 1134 74844 17.2 18.5 17.77 0.04
341100.0 310 36.18 0.15 127952 13794.81 0.36 14552 1786.17 0.2 5562257 1233509.22 19.15 310 49.88 0.18 127002 30248.42 19.15 109 3 198 41311 1137 75042 17.2 18.5 17.78 0.04
342000.0 310 36.18 0.15 128262 13830.99 0.36 14556 1786.56 0.2 5576813 1235295.78 19.15 310 49.88 0.18 127312 30298.3 19.15 109 3 198 41420 1140 75240 17.2 18.5 17.78 0.05
342900.0 376 36.32 0.15 128638 13867.31 0.36 14609 1785.92 0.2 5591422 1237081.7 19.15 370 50.03 0.18 127682 30348.33 19.15 109 3 198 41529 1143 75438 17.2 18.5 17.78 0.05
343800.0 354 36.96 0.36 128992 13904.26 0.36 14575 1784.25 0.2 5605997 1238865.95 19.15 350 50.05 0.18 128032 30398.38 19.15 109 3 198 41638 1146 75636 17.2 18.5 17.78 0.05
344700.0 310 36.18 0.15 129302 13940.44 0.36 14525 1783.04 0.2 5620522 1240648.99 19.15 310 49.85 0.18 128342 30448.23 19.15 109 3 198 41747 1149 75834 17.2 18.5 17.78 0.05
345600.0 310 36.18 0.15 129612 13976.62 0.36 14526 1783.85 0.2 5635048 1242432.84 19.15 310 49.85 0.18 128652 30498.08 19.15 109 3 198 41856 1152 76032 17.2 18.6 17.78 0.05
