# seed = 6, gamma = 1.0, beta = 0.33, dee = 10.0, dcc = 100.0, dec = 300.0, dsCnd = 50.0, dLocalhost = 0.02, hostBroker = EDGE 
#
# The columns have the following meaning: 
# instant[SECONDS] commCountUploadPartial delaySumUploadPartial[SECONDS] delayMaxUploadPartial[SECONDS] commCountUploadTot delaySumUploadTot[SECONDS] delayMaxUploadTot[SECONDS] commCountDownloadPartial delaySumDownloadPartial[SECONDS] delayMaxDownloadPartial[SECONDS] commCountDownloadTot delaySumDownloadTot[SECONDS] delayMaxDownloadTot[SECONDS] commCountDownloadMaxPartial delaySumDownloadMaxPartial[SECONDS] delayMaxDownloadMaxPartial[SECONDS] commCountDownloadMaxTot delaySumDownloadMaxTot[SECONDS] delayMaxDownloadMaxTot[SECONDS] runOnCloudPartial runOnEdgePartial runOnSmartphonePartial runOnCloudTot runOnEdgeTot runOnSmartphoneTot minTemp maxTemp avgTemp varianceTemp
0.0 0 0.0 0.0 0 0.0 0.0 0 0.0 0.0 0 0.0 0.0 0 0.0 0.0 0 0.0 0.0 0 0 0 0 0 0 17.0 25.0 21.0 0.0
900.0 376 67.42 0.3 376 67.42 0.3 15589 3531.81 0.35 15589 3531.81 0.35 370 97.01 0.34 370 97.01 0.34 201 10 99 201 10 99 18.9 21.0 19.45 0.85
1800.0 356 68.14 0.36 732 135.56 0.36 15876 160030.95 20.29 31465 163562.77 20.29 352 3189.28 20.29 722 3286.29 20.29 201 10 99 402 20 198 18.8 18.9 18.9 0.0
2700.0 310 67.31 0.3 1042 202.87 0.36 15534 3554.26 0.35 46999 167117.02 20.29 310 97.43 0.34 1032 3383.72 20.29 201 10 99 603 30 297 17.7 18.9 18.42 0.03
3600.0 310 67.31 0.3 1352 270.18 0.36 15534 3554.15 0.35 62533 170671.18 20.29 310 97.42 0.34 1342 3481.14 20.29 201 10 99 804 40 396 17.7 18.9 18.23 0.06
4500.0 376 67.45 0.3 1728 337.63 0.36 15589 3553.22 0.35 78122 174224.39 20.29 370 97.43 0.34 1712 3578.57 20.29 201 10 99 1005 50 495 17.6 18.7 18.23 0.06
5400.0 356 68.15 0.36 2084 405.78 0.36 15904 9839.31 20.36 94026 184063.7 20.36 352 117.81 20.36 2064 3696.38 20.36 201 10 99 1206 60 594 17.6 18.7 18.23 0.06
6300.0 310 67.32 0.3 2394 473.09 0.36 15581 3565.76 0.35 109607 187629.47 20.36 310 97.53 0.34 2374 3793.92 20.36 201 10 99 1407 70 693 17.6 18.7 18.24 0.05
7200.0 310 67.32 0.3 2704 540.41 0.36 15584 3566.36 0.35 125191 191195.82 20.36 310 97.53 0.34 2684 3891.45 20.36 201 10 99 1608 80 792 17.6 18.7 18.25 0.04
8100.0 376 67.46 0.3 3080 607.87 0.36 15641 3566.47 0.35 140832 194762.3 20.36 370 97.54 0.34 3054 3988.99 20.36 201 10 99 1809 90 891 17.6 18.7 18.25 0.04
9000.0 356 68.15 0.36 3436 676.02 0.36 15933 9851.37 20.38 156765 204613.66 20.38 352 117.84 20.38 3406 4106.83 20.38 201 10 99 2010 100 990 17.6 18.7 18.25 0.04
9900.0 310 67.31 0.3 3746 743.33 0.36 15589 3562.96 0.35 172354 208176.62 20.38 310 97.49 0.34 3716 4204.32 20.38 201 10 99 2211 110 1089 17.6 18.7 18.23 0.04
10800.0 310 67.31 0.3 4056 810.64 0.36 15590 3563.26 0.35 187944 211739.88 20.38 310 97.49 0.34 4026 4301.81 20.38 201 10 99 2412 120 1188 17.6 18.7 18.16 0.05
11700.0 376 67.45 0.3 4432 878.1 0.36 15649 3562.97 0.35 203593 215302.86 20.38 370 97.49 0.34 4396 4399.3 20.38 201 10 99 2613 130 1287 17.6 18.7 18.16 0.05
12600.0 354 68.09 0.36 4786 946.19 0.36 15620 3562.5 0.35 219213 218865.36 20.38 350 97.52 0.34 4746 4496.83 20.38 201 10 99 2814 140 1386 17.6 18.7 18.16 0.05
13500.0 310 67.32 0.3 5096 1013.5 0.36 15547 3553.8 0.35 234760 222419.16 20.38 310 97.52 0.34 5056 4594.35 20.38 201 10 99 3015 150 1485 17.6 18.7 18.14 0.05
14400.0 310 67.32 0.3 5406 1080.82 0.36 15544 3553.4 0.35 250304 225972.55 20.38 310 97.52 0.34 5366 4691.87 20.38 201 10 99 3216 160 1584 17.6 18.7 18.14 0.05
15300.0 376 67.46 0.3 5782 1148.28 0.36 15602 3553.1 0.35 265906 229525.66 20.38 370 97.52 0.34 5736 4789.39 20.38 201 10 99 3417 170 1683 17.6 18.7 18.14 0.05
16200.0 354 68.09 0.36 6136 1216.37 0.36 15577 3552.25 0.35 281483 233077.91 20.38 350 97.52 0.34 6086 4886.91 20.38 201 10 99 3618 180 1782 17.6 18.7 18.14 0.05
17100.0 310 67.31 0.3 6446 1283.67 0.36 15541 3549.02 0.35 297024 236626.93 20.38 310 97.45 0.34 6396 4984.36 20.38 201 10 99 3819 190 1881 17.6 18.7 18.12 0.04
18000.0 310 67.31 0.3 6756 1350.98 0.36 15543 3548.87 0.35 312567 240175.8 20.38 310 97.45 0.34 6706 5081.81 20.38 201 10 99 4020 200 1980 17.6 18.7 18.11 0.04
18900.0 376 67.45 0.3 7132 1418.43 0.36 15598 3547.27 0.35 328165 243723.07 20.38 370 97.45 0.34 7076 5179.26 20.38 201 10 99 4221 210 2079 17.6 18.6 18.11 0.04
19800.0 354 68.09 0.36 7486 1486.52 0.36 15574 3546.51 0.35 343739 247269.57 20.38 350 97.44 0.34 7426 5276.71 20.38 201 10 99 4422 220 2178 17.6 18.6 18.11 0.04
20700.0 310 67.31 0.3 7796 1553.83 0.36 15540 3551.67 0.35 359279 250821.25 20.38 310 97.49 0.34 7736 5374.2 20.38 201 10 99 4623 230 2277 17.6 18.6 18.08 0.03
21600.0 310 67.31 0.3 8106 1621.14 0.36 15540 3551.26 0.35 374819 254372.51 20.38 310 97.49 0.34 8046 5471.69 20.38 201 10 99 4824 240 2376 17.6 18.6 18.08 0.03
22500.0 376 67.46 0.3 8482 1688.6 0.36 15600 3551.33 0.35 390419 257923.83 20.38 370 97.5 0.34 8416 5569.19 20.38 201 10 99 5025 250 2475 17.6 18.6 18.08 0.03
23400.0 354 68.09 0.36 8836 1756.69 0.36 15570 3549.4 0.35 405989 261473.23 20.38 350 97.52 0.34 8766 5666.71 20.38 201 10 99 5226 260 2574 17.6 18.6 18.08 0.03
24300.0 310 67.32 0.3 9146 1824.01 0.36 15533 3551.76 0.35 421522 265024.99 20.38 310 97.56 0.34 9076 5764.27 20.38 201 10 99 5427 270 2673 17.5 18.6 18.05 0.03
25200.0 310 67.32 0.3 9456 1891.33 0.36 15536 3552.4 0.35 437058 268577.39 20.38 310 97.56 0.34 9386 5861.82 20.38 201 10 99 5628 280 2772 17.5 18.6 18.04 0.03
26100.0 376 67.46 0.3 9832 1958.79 0.36 15595 3552.11 0.35 452653 272129.5 20.38 370 97.56 0.34 9756 5959.38 20.38 201 10 99 5829 290 2871 17.5 18.6 18.04 0.03
27000.0 354 68.09 0.36 10186 2026.88 0.36 15566 3550.3 0.35 468219 275679.8 20.38 350 97.56 0.34 10106 6056.94 20.38 201 10 99 6030 300 2970 17.5 18.6 18.04 0.03
27900.0 310 67.31 0.3 10496 2094.2 0.36 15532 3549.82 0.35 483751 279229.62 20.38 310 97.52 0.34 10416 6154.46 20.38 201 10 99 6231 310 3069 17.5 18.6 18.01 0.03
28800.0 310 67.31 0.3 10806 2161.51 0.36 15537 3550.81 0.35 499288 282780.42 20.38 310 97.52 0.34 10726 6251.97 20.38 201 10 99 6432 320 3168 17.5 18.6 18.0 0.03
29700.0 376 67.46 0.3 11182 2228.97 0.36 15595 3550.16 0.35 514883 286330.59 20.38 370 97.52 0.34 11096 6349.49 20.38 201 10 99 6633 330 3267 17.5 18.6 18.0 0.03
30600.0 354 68.09 0.36 11536 2297.06 0.36 15565 3547.66 0.35 530448 289878.25 20.38 350 97.52 0.34 11446 6447.01 20.38 201 10 99 6834 340 3366 17.5 18.6 18.0 0.03
31500.0 310 67.32 0.3 11846 2364.38 0.36 15538 3553.5 0.35 545986 293431.75 20.38 310 97.56 0.34 11756 6544.57 20.38 201 10 99 7035 350 3465 17.4 18.6 17.97 0.03
32400.0 310 67.32 0.3 12156 2431.7 0.36 15538 3553.1 0.35 561524 296984.85 20.38 310 97.56 0.34 12066 6642.13 20.38 201 10 99 7236 360 3564 17.4 18.6 17.96 0.03
33300.0 376 67.46 0.3 12532 2499.16 0.36 15598 3553.16 0.35 577122 300538.01 20.38 370 97.56 0.34 12436 6739.68 20.38 201 10 99 7437 370 3663 17.4 18.5 17.96 0.03
34200.0 354 68.09 0.36 12886 2567.25 0.36 15558 3548.2 0.35 592680 304086.21 20.38 350 97.56 0.34 12786 6837.24 20.38 201 10 99 7638 380 3762 17.4 18.5 17.96 0.03
35100.0 310 67.32 0.3 13196 2634.57 0.36 15534 3552.11 0.35 608214 307638.32 20.38 310 97.56 0.34 13096 6934.8 20.38 201 10 99 7839 390 3861 17.4 18.5 17.93 0.03
36000.0 310 67.32 0.3 13506 2701.89 0.36 15538 3552.75 0.35 623752 311191.07 20.38 310 97.56 0.34 13406 7032.35 20.38 201 10 99 8040 400 3960 17.4 18.5 17.92 0.03
36900.0 376 67.46 0.3 13882 2769.35 0.36 15597 3552.81 0.35 639349 314743.88 20.38 370 97.56 0.34 13776 7129.91 20.38 201 10 99 8241 410 4059 17.4 18.5 17.92 0.03
37800.0 354 68.09 0.36 14236 2837.44 0.36 15554 3542.75 0.35 654903 318286.63 20.38 350 97.49 0.34 14126 7227.4 20.38 201 10 99 8442 420 4158 17.4 18.5 17.92 0.03
38700.0 310 67.31 0.3 14546 2904.75 0.36 15528 3546.65 0.35 670431 321833.29 20.38 310 97.48 0.34 14436 7324.88 20.38 201 10 99 8643 430 4257 17.3 18.5 17.89 0.03
39600.0 310 67.31 0.3 14856 2972.06 0.36 15538 3549.75 0.35 685969 325383.04 20.38 310 97.48 0.34 14746 7422.37 20.38 201 10 99 8844 440 4356 17.3 18.5 17.88 0.03
40500.0 376 67.45 0.3 15232 3039.52 0.36 15596 3549.1 0.35 701565 328932.14 20.38 370 97.49 0.34 15116 7519.85 20.38 201 10 99 9045 450 4455 17.3 18.5 17.88 0.03
41400.0 354 68.09 0.36 15586 3107.61 0.36 15557 3547.85 0.35 717122 332479.99 20.38 350 97.56 0.34 15466 7617.41 20.38 201 10 99 9246 460 4554 17.3 18.5 17.88 0.03
42300.0 310 67.31 0.3 15896 3174.93 0.36 15527 3548.76 0.35 732649 336028.76 20.38 310 97.52 0.34 15776 7714.93 20.38 201 10 99 9447 470 4653 17.3 18.5 17.85 0.04
43200.0 310 67.31 0.3 16206 3242.24 0.36 15531 3548.7 0.35 748180 339577.45 20.38 310 97.52 0.34 16086 7812.44 20.38 201 10 99 9648 480 4752 17.2 18.5 17.84 0.04
44100.0 376 67.46 0.3 16582 3309.7 0.36 15591 3548.76 0.35 763771 343126.22 20.38 370 97.52 0.34 16456 7909.96 20.38 201 10 99 9849 490 4851 17.2 18.4 17.83 0.04
45000.0 354 68.09 0.36 16936 3377.79 0.36 15550 3542.75 0.35 779321 346668.96 20.38 350 97.52 0.34 16806 8007.48 20.38 201 10 99 10050 500 4950 17.2 18.4 17.83 0.04
45900.0 310 67.32 0.3 17246 3445.11 0.36 15525 3548.75 0.35 794846 350217.71 20.38 310 97.52 0.34 17116 8105.01 20.38 201 10 99 10251 510 5049 17.2 18.5 17.81 0.05
46800.0 310 67.32 0.3 17556 3512.42 0.36 15534 3551.14 0.35 810380 353768.86 20.38 310 97.52 0.34 17426 8202.53 20.38 201 10 99 10452 520 5148 17.2 18.5 17.8 0.05
47700.0 376 67.46 0.3 17932 3579.88 0.36 15593 3551.2 0.35 825973 357320.06 20.38 370 97.53 0.34 17796 8300.05 20.38 201 10 99 10653 530 5247 17.2 18.5 17.8 0.05
48600.0 354 68.09 0.36 18286 3647.97 0.36 15548 3544.14 0.35 841521 360864.2 20.38 350 97.53 0.34 18146 8397.58 20.38 201 10 99 10854 540 5346 17.2 18.5 17.8 0.05
49500.0 310 67.32 0.3 18596 3715.29 0.36 15525 3549.65 0.35 857046 364413.86 20.38 310 97.56 0.34 18456 8495.14 20.38 201 10 99 11055 550 5445 17.1 18.5 17.76 0.06
50400.0 310 67.32 0.3 18906 3782.61 0.36 15534 3552.4 0.35 872580 367966.26 20.38 310 97.56 0.34 18766 8592.69 20.38 201 10 99 11256 560 5544 17.1 18.5 17.75 0.06
51300.0 376 67.46 0.3 19282 3850.07 0.36 15592 3551.76 0.35 888172 371518.02 20.38 370 97.56 0.34 19136 8690.25 20.38 201 10 99 11457 570 5643 17.1 18.5 17.75 0.06
52200.0 354 68.09 0.36 19636 3918.16 0.36 15547 3546.1 0.35 903719 375064.12 20.38 350 97.56 0.34 19486 8787.81 20.38 201 10 99 11658 580 5742 17.1 18.5 17.75 0.06
53100.0 310 67.32 0.3 19946 3985.48 0.36 15508 3545.81 0.35 919227 378609.93 20.38 310 97.56 0.34 19796 8885.37 20.38 201 10 99 11859 590 5841 17.1 18.6 17.73 0.07
54000.0 310 67.32 0.3 20256 4052.8 0.36 15517 3547.85 0.35 934744 382157.78 20.38 310 97.56 0.34 20106 8982.92 20.38 201 10 99 12060 600 5940 17.1 18.6 17.72 0.07
54900.0 376 67.46 0.3 20632 4120.26 0.36 15575 3547.21 0.35 950319 385704.99 20.38 370 97.56 0.34 20476 9080.48 20.38 201 10 99 12261 610 6039 17.1 18.6 17.72 0.07
55800.0 354 68.09 0.36 20986 4188.36 0.36 15545 3544.7 0.35 965864 389249.69 20.38 350 97.56 0.34 20826 9178.04 20.38 201 10 99 12462 620 6138 17.1 18.6 17.72 0.07
56700.0 310 67.32 0.3 21296 4255.67 0.36 15521 3549.66 0.35 981385 392799.35 20.38 310 97.56 0.34 21136 9275.6 20.38 201 10 99 12663 630 6237 17.1 18.6 17.69 0.08
57600.0 310 67.32 0.3 21606 4322.99 0.36 15529 3551.7 0.35 996914 396351.05 20.38 310 97.56 0.34 21446 9373.15 20.38 201 10 99 12864 640 6336 17.1 18.6 17.69 0.08
58500.0 376 67.46 0.3 21982 4390.45 0.36 15589 3551.76 0.35 1012503 399902.81 20.38 370 97.56 0.34 21816 9470.71 20.38 201 10 99 13065 650 6435 17.1 18.6 17.69 0.08
59400.0 354 68.09 0.36 22336 4458.55 0.36 15536 3542.55 0.35 1028039 403445.36 20.38 350 97.52 0.34 22166 9568.23 20.38 201 10 99 13266 660 6534 17.1 18.6 17.69 0.08
60300.0 310 67.32 0.3 22646 4525.86 0.36 15517 3547.15 0.35 1043556 406992.51 20.38 310 97.52 0.34 22476 9665.76 20.38 201 10 99 13467 670 6633 17.0 18.6 17.66 0.09
61200.0 310 67.32 0.3 22956 4593.18 0.36 15529 3550.6 0.35 1059085 410543.11 20.38 310 97.52 0.34 22786 9763.28 20.38 201 10 99 13668 680 6732 17.0 18.6 17.65 0.09
62100.0 376 67.46 0.3 23332 4660.63 0.36 15586 3549.6 0.35 1074671 414092.71 20.38 370 97.52 0.34 23156 9860.8 20.38 201 10 99 13869 690 6831 17.0 18.6 17.65 0.09
63000.0 354 68.09 0.36 23686 4728.72 0.36 15536 3539.45 0.35 1090207 417632.16 20.38 350 97.46 0.34 23506 9958.26 20.38 201 10 99 14070 700 6930 17.0 18.6 17.65 0.09
63900.0 310 67.31 0.3 23996 4796.03 0.36 15496 3536.65 0.35 1105703 421168.81 20.38 310 97.42 0.34 23816 10055.69 20.38 201 10 99 14271 710 7029 17.0 18.6 17.63 0.1
64800.0 310 67.31 0.3 24306 4863.33 0.36 15504 3538.7 0.35 1121207 424707.51 20.38 310 97.42 0.34 24126 10153.11 20.38 201 10 99 14472 720 7128 17.0 18.6 17.63 0.1
65700.0 376 67.45 0.3 24682 4930.78 0.36 15564 3538.75 0.35 1136771 428246.26 20.38 370 97.43 0.34 24496 10250.54 20.38 201 10 99 14673 730 7227 17.0 18.6 17.63 0.1
66600.0 354 68.08 0.36 25036 4998.86 0.36 15530 3535.09 0.35 1152301 431781.35 20.38 350 97.42 0.34 24846 10347.96 20.38 201 10 99 14874 740 7326 17.0 18.6 17.63 0.1
67500.0 310 67.3 0.3 25346 5066.17 0.36 15490 3532.23 0.35 1167791 435313.58 20.38 310 97.37 0.34 25156 10445.33 20.38 201 10 99 15075 750 7425 17.0 18.7 17.62 0.1
68400.0 310 67.3 0.3 25656 5133.47 0.36 15495 3533.54 0.35 1183286 438847.12 20.38 310 97.37 0.34 25466 10542.71 20.38 201 10 99 15276 760 7524 17.0 18.7 17.61 0.11
69300.0 376 67.45 0.3 26032 5200.91 0.36 15555 3533.63 0.35 1198841 442380.75 20.38 370 97.38 0.34 25836 10640.08 20.38 201 10 99 15477 770 7623 17.0 18.7 17.61 0.11
70200.0 354 68.08 0.36 26386 5269.0 0.36 15520 3532.88 0.35 1214361 445913.62 20.38 350 97.41 0.34 26186 10737.5 20.38 201 10 99 15678 780 7722 17.0 18.7 17.61 0.11
71100.0 310 67.31 0.3 26696 5336.3 0.36 15487 3535.13 0.35 1229848 449448.76 20.38 310 97.42 0.34 26496 10834.92 20.38 201 10 99 15879 790 7821 17.0 18.7 17.6 0.11
72000.0 310 67.31 0.3 27006 5403.61 0.36 15497 3537.1 0.35 1245345 452985.85 20.38 310 97.42 0.34 26806 10932.34 20.38 201 10 99 16080 800 7920 17.0 18.7 17.59 0.11
72900.0 376 67.45 0.3 27382 5471.05 0.36 15555 3536.53 0.35 1260900 456522.39 20.38 370 97.43 0.34 27176 11029.77 20.38 201 10 99 16281 810 8019 17.0 18.7 17.59 0.11
73800.0 354 68.08 0.36 27736 5539.14 0.36 15523 3533.25 0.35 1276423 460055.63 20.38 350 97.42 0.34 27526 11127.19 20.38 201 10 99 16482 820 8118 17.0 18.7 17.59 0.11
74700.0 310 67.31 0.3 28046 5606.45 0.36 15485 3536.09 0.35 1291908 463591.73 20.38 310 97.46 0.34 27836 11224.65 20.38 201 10 99 16683 830 8217 17.0 18.7 17.58 0.11
75600.0 310 67.31 0.3 28356 5673.76 0.36 15484 3535.69 0.35 1307392 467127.41 20.38 310 97.46 0.34 28146 11322.11 20.38 201 10 99 16884 840 8316 17.0 18.7 17.58 0.11
76500.0 376 67.45 0.3 28732 5741.21 0.36 15544 3535.75 0.35 1322936 470663.16 20.38 370 97.46 0.34 28516 11419.56 20.38 201 10 99 17085 850 8415 17.0 18.7 17.58 0.11
77400.0 354 68.08 0.36 29086 5809.29 0.36 15511 3531.0 0.35 1338447 474194.17 20.38 350 97.43 0.34 28866 11516.99 20.38 201 10 99 17286 860 8514 17.0 18.7 17.58 0.11
78300.0 310 67.31 0.3 29396 5876.6 0.36 15471 3531.05 0.35 1353918 477725.21 20.38 310 97.42 0.34 29176 11614.42 20.38 201 10 99 17487 870 8613 17.0 18.6 17.58 0.11
79200.0 310 67.31 0.3 29706 5943.9 0.36 15478 3531.7 0.35 1369396 481256.92 20.38 310 97.42 0.34 29486 11711.84 20.38 201 10 99 17688 880 8712 17.0 18.6 17.57 0.11
80100.0 376 67.45 0.3 30082 6011.35 0.36 15538 3531.75 0.35 1384934 484788.67 20.38 370 97.43 0.34 29856 11809.27 20.38 201 10 99 17889 890 8811 17.0 18.6 17.57 0.11
81000.0 354 68.09 0.36 30436 6079.43 0.36 15510 3531.75 0.35 1400444 488320.42 20.38 350 97.46 0.34 30206 11906.73 20.38 201 10 99 18090 900 8910 17.0 18.6 17.57 0.11
81900.0 310 67.31 0.3 30746 6146.75 0.36 15470 3533.89 0.35 1415914 491854.31 20.38 310 97.49 0.34 30516 12004.22 20.38 201 10 99 18291 910 9009 17.0 18.6 17.57 0.11
82800.0 310 67.31 0.3 31056 6214.06 0.36 15473 3534.52 0.35 1431387 495388.83 20.38 310 97.49 0.34 30826 12101.71 20.38 201 10 99 18492 920 9108 17.0 18.6 17.57 0.11
83700.0 376 67.46 0.3 31432 6281.51 0.36 15528 3532.85 0.35 1446915 498921.68 20.38 370 97.49 0.34 31196 12199.2 20.38 201 10 99 18693 930 9207 17.0 18.6 17.57 0.11
84600.0 354 68.09 0.36 31786 6349.6 0.36 15501 3531.73 0.35 1462416 502453.41 20.38 350 97.49 0.34 31546 12296.7 20.38 201 10 99 18894 940 9306 17.0 18.6 17.57 0.11
85500.0 310 67.31 0.3 32096 6416.91 0.36 15462 3530.6 0.35 1477878 505984.01 20.38 310 97.46 0.34 31856 12394.16 20.38 201 10 99 19095 950 9405 17.0 18.6 17.58 0.1
86400.0 310 67.31 0.3 32406 6484.22 0.36 15462 3530.88 0.35 1493340 509514.88 20.38 310 97.46 0.34 32166 12491.62 20.38 201 10 99 19296 960 9504 17.0 18.6 17.58 0.1
87300.0 376 67.45 0.3 32782 6551.67 0.36 15522 3530.94 0.35 1508862 513045.83 20.38 370 97.46 0.34 32536 12589.08 20.38 201 10 99 19497 970 9603 17.0 18.6 17.58 0.1
88200.0 354 68.09 0.36 33136 6619.77 0.36 15495 3532.59 0.35 1524357 516578.42 20.38 350 97.53 0.34 32886 12686.61 20.38 201 10 99 19698 980 9702 17.0 18.6 17.58 0.1
89100.0 310 67.32 0.3 33446 6687.08 0.36 15498 3543.35 0.35 1539855 520121.77 20.38 310 97.56 0.34 33196 12784.16 20.38 201 10 99 19899 990 9801 17.1 18.5 17.61 0.07
90000.0 310 67.32 0.3 33756 6754.4 0.36 15537 3552.4 0.35 1555392 523674.17 20.38 310 97.56 0.34 33506 12881.72 20.38 201 10 99 20100 1000 9900 17.1 18.5 17.67 0.05
90900.0 376 67.46 0.3 34132 6821.86 0.36 15597 3552.46 0.35 1570989 527226.63 20.38 370 97.56 0.34 33876 12979.28 20.38 201 10 99 20301 1010 9999 17.1 18.5 17.67 0.05
91800.0 354 68.09 0.36 34486 6889.95 0.36 15554 3542.58 0.35 1586543 530769.22 20.38 350 97.45 0.34 34226 13076.73 20.38 201 10 99 20502 1020 10098 17.1 18.5 17.67 0.05
92700.0 310 67.3 0.3 34796 6957.25 0.36 15579 3553.82 0.35 1602122 534323.04 20.38 310 97.36 0.34 34536 13174.09 20.38 201 10 99 20703 1030 10197 17.1 23.8 19.53 2.38
93600.0 310 67.3 0.3 35106 7024.55 0.36 15580 3554.08 0.35 1617702 537877.12 20.38 310 97.36 0.34 34846 13271.45 20.38 201 10 99 20904 1040 10296 17.1 23.8 20.53 4.52
94500.0 376 67.45 0.3 35482 7092.0 0.36 15640 3554.16 0.35 1633342 541431.28 20.38 370 97.37 0.34 35216 13368.82 20.38 201 10 99 21105 1050 10395 17.1 23.8 20.53 4.54
95400.0 354 68.08 0.36 35836 7160.08 0.36 15615 3553.04 0.35 1648957 544984.32 20.38 350 97.37 0.34 35566 13466.19 20.38 201 10 99 21306 1060 10494 17.1 23.8 20.53 4.54
96300.0 310 67.3 0.3 36146 7227.38 0.36 15576 3554.16 0.35 1664533 548538.48 20.38 310 97.36 0.34 35876 13563.55 20.38 201 10 99 21507 1070 10593 17.1 24.0 20.88 4.51
97200.0 310 67.3 0.3 36456 7294.68 0.36 15575 3553.73 0.35 1680108 552092.22 20.38 310 97.36 0.34 36186 13660.91 20.38 201 10 99 21708 1080 10692 17.1 24.0 21.05 4.48
98100.0 376 67.45 0.3 36832 7362.13 0.36 15632 3553.11 0.35 1695740 555645.33 20.38 370 97.37 0.34 36556 13758.28 20.38 201 10 99 21909 1090 10791 17.4 24.0 21.05 4.47
99000.0 354 68.07 0.36 37186 7430.2 0.36 15611 3549.62 0.35 1711351 559194.95 20.38 350 97.3 0.34 36906 13855.58 20.38 201 10 99 22110 1100 10890 17.4 24.0 21.05 4.47
99900.0 310 67.3 0.3 37496 7497.5 0.36 15568 3548.98 0.35 1726919 562743.93 20.38 310 97.3 0.34 37216 13952.87 20.38 201 10 99 22311 1110 10989 17.5 24.0 21.28 3.93
100800.0 310 67.3 0.3 37806 7564.8 0.36 15567 3548.22 0.35 1742486 566292.15 20.38 310 97.29 0.34 37526 14050.17 20.38 201 10 99 22512 1120 11088 17.5 24.0 21.43 3.72
101700.0 376 67.44 0.3 38182 7632.24 0.36 15626 3548.29 0.35 1758112 569840.44 20.38 370 97.3 0.34 37896 14147.46 20.38 201 10 99 22713 1130 11187 17.8 24.0 21.43 3.7
102600.0 354 68.07 0.36 38536 7700.31 0.36 15600 3546.09 0.35 1773712 573386.52 20.38 350 97.28 0.34 38246 14244.74 20.38 201 10 99 22914 1140 11286 17.8 24.0 21.43 3.7
103500.0 310 67.3 0.3 38846 7767.61 0.36 15565 3546.85 0.35 1789277 576933.37 20.38 310 97.28 0.34 38556 14342.03 20.38 201 10 99 23115 1150 11385 18.0 24.0 21.57 3.16
104400.0 310 67.3 0.3 39156 7834.9 0.36 15565 3546.78 0.35 1804842 580480.15 20.38 310 97.28 0.34 38866 14439.31 20.38 201 10 99 23316 1160 11484 18.0 24.0 21.73 2.95
105300.0 376 67.44 0.3 39532 7902.34 0.36 15622 3546.15 0.35 1820464 584026.31 20.38 370 97.28 0.34 39236 14536.59 20.38 201 10 99 23517 1170 11583 18.5 24.0 21.74 2.92
106200.0 354 68.07 0.36 39886 7970.41 0.36 15599 3543.5 0.35 1836063 587569.8 20.38 350 97.25 0.34 39586 14633.84 20.38 201 10 99 23718 1180 11682 18.5 24.0 21.74 2.92
107100.0 310 67.29 0.3 40196 8037.7 0.36 15559 3539.33 0.35 1851622 591109.14 20.38 310 97.18 0.34 39896 14731.02 20.38 201 10 99 23919 1190 11781 18.8 24.0 21.72 2.72
108000.0 310 67.29 0.3 40506 8104.99 0.36 15556 3538.85 0.35 1867178 594647.99 20.38 310 97.17 0.34 40206 14828.19 20.38 201 10 99 24120 1200 11880 18.8 24.0 21.74 2.7
108900.0 376 67.43 0.3 40882 8172.42 0.36 15614 3538.28 0.35 1882792 598186.27 20.38 370 97.18 0.34 40576 14925.36 20.38 201 10 99 24321 1210 11979 18.9 24.0 21.74 2.7
109800.0 354 68.06 0.36 41236 8240.48 0.36 15591 3537.8 0.35 1898383 601724.06 20.38 350 97.17 0.34 40926 15022.54 20.38 201 10 99 24522 1220 12078 18.9 24.0 21.74 2.7
110700.0 310 67.29 0.3 41546 8307.77 0.36 15552 3537.93 0.35 1913935 605261.99 20.38 310 97.18 0.34 41236 15119.71 20.38 201 10 99 24723 1230 12177 18.9 24.0 21.62 2.6
111600.0 310 67.29 0.3 41856 8375.05 0.36 15551 3537.8 0.35 1929486 608799.79 20.38 310 97.17 0.34 41546 15216.89 20.38 201 10 99 24924 1240 12276 18.9 23.9 21.56 2.51
112500.0 376 67.43 0.3 42232 8442.48 0.36 15610 3537.58 0.35 1945096 612337.37 20.38 370 97.18 0.34 41916 15314.06 20.38 201 10 99 25125 1250 12375 18.9 23.9 21.56 2.51
113400.0 354 68.06 0.36 42586 8510.55 0.36 15585 3536.05 0.35 1960681 615873.42 20.38 350 97.17 0.34 42266 15411.24 20.38 201 10 99 25326 1260 12474 18.9 23.9 21.56 2.51
114300.0 310 67.29 0.3 42896 8577.83 0.36 15554 3538.28 0.35 1976235 619411.7 20.38 310 97.18 0.34 42576 15508.41 20.38 201 10 99 25527 1270 12573 18.9 24.0 22.87 0.85
115200.0 310 67.29 0.3 43206 8645.12 0.36 15554 3538.15 0.35 1991789 622949.85 20.38 310 97.17 0.34 42886 15605.58 20.38 201 10 99 25728 1280 12672 18.9 24.0 23.49 0.16
116100.0 376 67.43 0.3 43582 8712.55 0.36 15612 3537.58 0.35 2007401 626487.43 20.38 370 97.18 0.34 43256 15702.76 20.38 201 10 99 25929 1290 12771 22.6 24.0 23.52 0.03
117000.0 354 68.06 0.36 43936 8780.61 0.36 15592 3537.45 0.35 2022993 630024.88 20.38 350 97.17 0.34 43606 15799.94 20.38 201 10 99 26130 1300 12870 22.6 24.0 23.52 0.03
117900.0 310 67.29 0.3 44246 8847.9 0.36 15552 3537.58 0.35 2038545 633562.46 20.38 310 97.18 0.34 43916 15897.11 20.38 201 10 99 26331 1310 12969 22.7 24.0 23.55 0.02
118800.0 310 67.29 0.3 44556 8915.19 0.36 15551 3537.1 0.35 2054096 637099.55 20.38 310 97.17 0.34 44226 15994.28 20.38 201 10 99 26532 1320 13068 22.7 24.0 23.6 0.02
119700.0 376 67.43 0.3 44932 8982.62 0.36 15611 3537.23 0.35 2069707 640636.79 20.38 370 97.18 0.34 44596 16091.46 20.38 201 10 99 26733 1330 13167 22.7 24.0 23.6 0.02
120600.0 354 68.06 0.36 45286 9050.68 0.36 15590 3537.1 0.35 2085297 644173.88 20.38 350 97.17 0.34 44946 16188.63 20.38 201 10 99 26934 1340 13266 22.7 24.0 23.6 0.02
121500.0 310 67.29 0.3 45596 9117.97 0.36 15549 3537.23 0.35 2100846 647711.11 20.38 310 97.18 0.34 45256 16285.81 20.38 201 10 99 27135 1350 13365 22.8 24.0 23.64 0.01
122400.0 310 67.29 0.3 45906 9185.26 0.36 15548 3536.75 0.35 2116394 651247.86 20.38 310 97.17 0.34 45566 16382.98 20.38 201 10 99 27336 1360 13464 22.8 24.0 23.66 0.01
123300.0 376 67.43 0.3 46282 9252.69 0.36 15607 3536.53 0.35 2132001 654784.39 20.38 370 97.18 0.34 45936 16480.16 20.38 201 10 99 27537 1370 13563 22.8 24.0 23.66 0.01
124200.0 354 68.06 0.36 46636 9320.75 0.36 15587 3536.4 0.35 2147588 658320.79 20.38 350 97.17 0.34 46286 16577.33 20.38 201 10 99 27738 1380 13662 22.8 24.0 23.66 0.01
125100.0 310 67.29 0.3 46946 9388.04 0.36 15542 3535.13 0.35 2163130 661855.92 20.38 310 97.18 0.34 46596 16674.51 20.38 201 10 99 27939 1390 13761 22.9 24.0 23.69 0.01
126000.0 310 67.29 0.3 47256 9455.32 0.36 15542 3535.0 0.35 2178672 665390.92 20.38 310 97.17 0.34 46906 16771.68 20.38 201 10 99 28140 1400 13860 22.9 24.0 23.72 0.01
126900.0 376 67.43 0.3 47632 9522.75 0.36 15602 3535.13 0.35 2194274 668926.05 20.38 370 97.18 0.34 47276 16868.86 20.38 201 10 99 28341 1410 13959 22.9 24.0 23.72 0.01
127800.0 354 68.06 0.36 47986 9590.82 0.36 15579 3534.3 0.35 2209853 672460.35 20.38 350 97.17 0.34 47626 16966.03 20.38 201 10 99 28542 1420 14058 22.9 24.0 23.72 0.01
128700.0 310 67.29 0.3 48296 9658.1 0.36 15539 3534.43 0.35 2225392 675994.78 20.38 310 97.18 0.34 47936 17063.21 20.38 201 10 99 28743 1430 14157 23.1 24.0 23.75 0.01
129600.0 310 67.29 0.3 48606 9725.39 0.36 15537 3533.95 0.35 2240929 679528.72 20.38 310 97.17 0.34 48246 17160.38 20.38 201 10 99 28944 1440 14256 23.1 24.0 23.76 0.01
130500.0 376 67.43 0.3 48982 9792.82 0.36 15595 3533.38 0.35 2256524 683062.1 20.38 370 97.18 0.34 48616 17257.56 20.38 201 10 99 29145 1450 14355 23.1 24.0 23.76 0.01
131400.0 354 68.06 0.36 49336 9860.89 0.36 15575 3533.25 0.35 2272099 686595.35 20.38 350 97.17 0.34 48966 17354.73 20.38 201 10 99 29346 1460 14454 23.1 24.0 23.76 0.01
132300.0 310 67.29 0.3 49646 9928.17 0.36 15534 3533.03 0.35 2287633 690128.38 20.38 310 97.18 0.34 49276 17451.9 20.38 201 10 99 29547 1470 14553 23.2 24.0 23.78 0.01
133200.0 310 67.29 0.3 49956 9995.46 0.36 15532 3532.55 0.35 2303165 693660.93 20.38 310 97.17 0.34 49586 17549.08 20.38 201 10 99 29748 1480 14652 23.2 24.0 23.8 0.01
134100.0 376 67.43 0.3 50332 10062.89 0.36 15592 3532.68 0.35 2318757 697193.61 20.38 370 97.18 0.34 49956 17646.25 20.38 201 10 99 29949 1490 14751 23.2 24.0 23.8 0.01
135000.0 354 68.06 0.36 50686 10130.95 0.36 15572 3532.55 0.35 2334329 700726.16 20.38 350 97.17 0.34 50306 17743.43 20.38 201 10 99 30150 1500 14850 23.2 24.0 23.8 0.01
135900.0 310 67.29 0.3 50996 10198.24 0.36 15528 3531.63 0.35 2349857 704257.79 20.38 310 97.18 0.34 50616 17840.6 20.38 201 10 99 30351 1510 14949 23.3 24.0 23.83 0.01
136800.0 310 67.29 0.3 51306 10265.53 0.36 15528 3531.5 0.35 2365385 707789.28 20.38 310 97.17 0.34 50926 17937.77 20.38 201 10 99 30552 1520 15048 23.3 24.0 23.84 0.01
137700.0 376 67.43 0.3 51682 10332.96 0.36 15587 3531.28 0.35 2380972 711320.57 20.38 370 97.18 0.34 51296 18034.95 20.38 201 10 99 30753 1530 15147 23.3 24.0 23.84 0.01
138600.0 354 68.06 0.36 52036 10401.02 0.36 15564 3530.1 0.35 2396536 714850.66 20.38 350 97.17 0.34 51646 18132.13 20.38 201 10 99 30954 1540 15246 23.3 24.0 23.84 0.01
139500.0 310 67.29 0.3 52346 10468.31 0.36 15524 3530.23 0.35 2412060 718380.89 20.38 310 97.18 0.34 51956 18229.3 20.38 201 10 99 31155 1550 15345 23.4 24.0 23.85 0.01
140400.0 310 67.29 0.3 52656 10535.59 0.36 15524 3530.1 0.35 2427584 721910.99 20.38 310 97.17 0.34 52266 18326.47 20.38 201 10 99 31356 1560 15444 23.4 24.0 23.86 0.01
141300.0 376 67.43 0.3 53032 10603.02 0.36 15583 3529.88 0.35 2443167 725440.87 20.38 370 97.18 0.34 52636 18423.65 20.38 201 10 99 31557 1570 15543 23.4 24.0 23.86 0.01
142200.0 354 68.06 0.36 53386 10671.09 0.36 15563 3529.75 0.35 2458730 728970.62 20.38 350 97.17 0.34 52986 18520.82 20.38 201 10 99 31758 1580 15642 23.4 24.0 23.86 0.01
143100.0 310 67.29 0.3 53696 10738.38 0.36 15522 3529.53 0.35 2474252 732500.15 20.38 310 97.18 0.34 53296 18618.0 20.38 201 10 99 31959 1590 15741 23.5 24.0 23.88 0.01
144000.0 310 67.29 0.3 54006 10805.66 0.36 15517 3528.35 0.35 2489769 736028.5 20.38 310 97.17 0.34 53606 18715.17 20.38 201 10 99 32160 1600 15840 23.5 24.0 23.88 0.01
144900.0 376 67.43 0.3 54382 10873.09 0.36 15577 3528.48 0.35 2505346 739556.98 20.38 370 97.18 0.34 53976 18812.35 20.38 201 10 99 32361 1610 15939 23.5 24.0 23.88 0.01
145800.0 354 68.06 0.36 54736 10941.16 0.36 15556 3528.0 0.35 2520902 743084.98 20.38 350 97.17 0.34 54326 18909.52 20.38 201 10 99 32562 1620 16038 23.5 24.0 23.88 0.01
146700.0 310 67.29 0.3 55046 11008.44 0.36 15514 3527.43 0.35 2536416 746612.41 20.38 310 97.18 0.34 54636 19006.7 20.38 201 10 99 32763 1630 16137 23.6 24.0 23.89 0.01
147600.0 310 67.29 0.3 55356 11075.73 0.36 15514 3527.3 0.35 2551930 750139.7 20.38 310 97.17 0.34 54946 19103.87 20.38 201 10 99 32964 1640 16236 23.6 24.0 23.89 0.01
148500.0 376 67.43 0.3 55732 11143.16 0.36 15574 3527.43 0.35 2567504 753667.13 20.38 370 97.18 0.34 55316 19201.05 20.38 201 10 99 33165 1650 16335 23.6 24.0 23.89 0.01
149400.0 354 68.06 0.36 56086 11211.22 0.36 15552 3526.95 0.35 2583056 757194.08 20.38 350 97.17 0.34 55666 19298.22 20.38 201 10 99 33366 1660 16434 23.6 24.0 23.89 0.01
150300.0 310 67.29 0.3 56396 11278.51 0.36 15512 3527.08 0.35 2598568 760721.16 20.38 310 97.18 0.34 55976 19395.4 20.38 201 10 99 33567 1670 16533 23.7 24.0 23.89 0.01
151200.0 310 67.29 0.3 56706 11345.8 0.36 15512 3526.95 0.35 2614080 764248.11 20.38 310 97.17 0.34 56286 19492.57 20.38 201 10 99 33768 1680 16632 23.7 24.0 23.89 0.01
152100.0 376 67.43 0.3 57082 11413.23 0.36 15567 3525.68 0.35 2629647 767773.79 20.38 370 97.18 0.34 56656 19589.75 20.38 201 10 99 33969 1690 16731 23.7 24.0 23.89 0.01
153000.0 354 68.06 0.36 57436 11481.29 0.36 15547 3525.55 0.35 2645194 771299.34 20.38 350 97.17 0.34 57006 19686.92 20.38 201 10 99 34170 1700 16830 23.7 24.0 23.89 0.01
153900.0 310 67.29 0.3 57746 11548.58 0.36 15507 3525.68 0.35 2660701 774825.02 20.38 310 97.18 0.34 57316 19784.1 20.38 201 10 99 34371 1710 16929 23.6 24.0 23.89 0.01
154800.0 310 67.29 0.3 58056 11615.87 0.36 15504 3524.85 0.35 2676205 778349.86 20.38 310 97.17 0.34 57626 19881.27 20.38 201 10 99 34572 1720 17028 23.6 24.0 23.89 0.01
155700.0 376 67.43 0.3 58432 11683.3 0.36 15564 3524.98 0.35 2691769 781874.85 20.38 370 97.18 0.34 57996 19978.44 20.38 201 10 99 34773 1730 17127 23.6 24.0 23.89 0.01
156600.0 354 68.06 0.36 58786 11751.36 0.36 15544 3524.85 0.35 2707313 785399.69 20.38 350 97.17 0.34 58346 20075.62 20.38 201 10 99 34974 1740 17226 23.6 24.0 23.89 0.01
157500.0 310 67.29 0.3 59096 11818.65 0.36 15503 3524.98 0.35 2722816 788924.67 20.38 310 97.18 0.34 58656 20172.79 20.38 201 10 99 35175 1750 17325 23.5 24.0 23.88 0.01
158400.0 310 67.29 0.3 59406 11885.93 0.36 15503 3524.85 0.35 2738319 792449.52 20.38 310 97.17 0.34 58966 20269.97 20.38 201 10 99 35376 1760 17424 23.5 24.0 23.88 0.01
159300.0 376 67.43 0.3 59782 11953.36 0.36 15561 3524.63 0.35 2753880 795974.15 20.38 370 97.18 0.34 59336 20367.14 20.38 201 10 99 35577 1770 17523 23.5 24.0 23.88 0.01
160200.0 354 68.06 0.36 60136 12021.43 0.36 15539 3524.15 0.35 2769419 799498.3 20.38 350 97.17 0.34 59686 20464.32 20.38 201 10 99 35778 1780 17622 23.5 24.0 23.88 0.01
161100.0 310 67.29 0.3 60446 12088.71 0.36 15498 3523.93 0.35 2784917 803022.23 20.38 310 97.18 0.34 59996 20561.49 20.38 201 10 99 35979 1790 17721 23.4 24.0 23.86 0.01
162000.0 310 67.29 0.3 60756 12156.0 0.36 15497 3523.45 0.35 2800414 806545.67 20.38 310 97.17 0.34 60306 20658.66 20.38 201 10 99 36180 1800 17820 23.4 24.0 23.86 0.01
162900.0 376 67.43 0.3 61132 12223.43 0.36 15552 3522.53 0.35 2815966 810068.21 20.38 370 97.18 0.34 60676 20755.84 20.38 201 10 99 36381 1810 17919 23.4 24.0 23.86 0.01
163800.0 354 68.06 0.36 61486 12291.49 0.36 15532 3522.4 0.35 2831498 813590.6 20.38 350 97.17 0.34 61026 20853.01 20.38 201 10 99 36582 1820 18018 23.4 24.0 23.86 0.01
164700.0 310 67.29 0.3 61796 12358.78 0.36 15491 3522.18 0.35 2846989 817112.78 20.38 310 97.18 0.34 61336 20950.19 20.38 201 10 99 36783 1830 18117 23.3 24.0 23.83 0.02
165600.0 310 67.29 0.3 62106 12426.07 0.36 15488 3521.35 0.35 2862477 820634.13 20.38 310 97.17 0.34 61646 21047.36 20.38 201 10 99 36984 1840 18216 23.3 24.0 23.83 0.02
166500.0 376 67.43 0.3 62482 12493.5 0.36 15548 3521.48 0.35 2878025 824155.61 20.38 370 97.18 0.34 62016 21144.54 20.38 201 10 99 37185 1850 18315 23.3 24.0 23.83 0.02
167400.0 354 68.06 0.36 62836 12561.56 0.36 15527 3521.0 0.35 2893552 827676.61 20.38 350 97.17 0.34 62366 21241.71 20.38 201 10 99 37386 1860 18414 23.3 24.0 23.83 0.02
168300.0 310 67.29 0.3 63146 12628.85 0.36 15483 3520.43 0.35 2909035 831197.04 20.38 310 97.18 0.34 62676 21338.89 20.38 201 10 99 37587 1870 18513 23.2 24.0 23.81 0.02
169200.0 310 67.29 0.3 63456 12696.13 0.36 15482 3519.95 0.35 2924517 834716.98 20.38 310 97.17 0.34 62986 21436.06 20.38 201 10 99 37788 1880 18612 23.2 24.0 23.8 0.02
170100.0 376 67.43 0.3 63832 12763.56 0.36 15541 3519.73 0.35 2940058 838236.72 20.38 370 97.18 0.34 63356 21533.24 20.38 201 10 99 37989 1890 18711 23.2 24.0 23.8 0.02
171000.0 354 68.06 0.36 64186 12831.62 0.36 15520 3519.25 0.35 2955578 841755.96 20.38 350 97.17 0.34 63706 21630.41 20.38 201 10 99 38190 1900 18810 23.2 24.0 23.8 0.02
171900.0 310 67.29 0.3 64496 12898.91 0.36 15480 3519.38 0.35 2971058 845275.34 20.38 310 97.18 0.34 64016 21727.59 20.38 201 10 99 38391 1910 18909 23.1 24.0 23.77 0.02
172800.0 310 67.29 0.3 64806 12966.2 0.36 15479 3519.25 0.35 2986537 848794.59 20.38 310 97.17 0.34 64326 21824.76 20.38 201 10 99 38592 1920 19008 23.1 24.0 23.75 0.02
173700.0 376 67.43 0.3 65182 13033.63 0.36 15536 3518.68 0.35 3002073 852313.27 20.38 370 97.18 0.34 64696 21921.94 20.38 201 10 99 38793 1930 19107 23.1 24.0 23.75 0.02
174600.0 354 68.06 0.36 65536 13101.69 0.36 15513 3518.2 0.35 3017586 855831.47 20.38 350 97.17 0.34 65046 22019.11 20.38 201 10 99 38994 1940 19206 23.1 24.0 23.75 0.02
175500.0 310 67.29 0.3 65846 13168.98 0.36 15473 3517.63 0.35 3033059 859349.1 20.38 310 97.18 0.34 65356 22116.29 20.38 201 10 99 39195 1950 19305 22.9 24.0 23.72 0.03
176400.0 310 67.29 0.3 66156 13236.27 0.36 15468 3516.8 0.35 3048527 862865.89 20.38 310 97.17 0.34 65666 22213.46 20.38 201 10 99 39396 1960 19404 22.9 24.0 23.69 0.03
177300.0 376 67.43 0.3 66532 13303.7 0.36 15525 3515.88 0.35 3064052 866381.78 20.38 370 97.18 0.34 66036 22310.63 20.38 201 10 99 39597 1970 19503 22.9 23.9 23.69 0.03
178200.0 354 68.06 0.36 66886 13371.76 0.36 15501 3515.4 0.35 3079553 869897.17 20.38 350 97.17 0.34 66386 22407.81 20.38 201 10 99 39798 1980 19602 22.9 23.9 23.69 0.03
179100.0 310 67.29 0.3 67196 13439.05 0.36 15464 3516.58 0.35 3095017 873413.75 20.38 310 97.18 0.34 66696 22504.98 20.38 201 10 99 39999 1990 19701 22.8 23.9 23.63 0.03
180000.0 310 67.29 0.3 67506 13506.33 0.36 15468 3517.5 0.35 3110485 876931.25 20.38 310 97.17 0.34 67006 22602.16 20.38 201 10 99 40200 2000 19800 22.8 23.9 23.6 0.02
180900.0 376 67.43 0.3 67882 13573.76 0.36 15526 3516.93 0.35 3126011 880448.18 20.38 370 97.18 0.34 67376 22699.33 20.38 201 10 99 40401 2010 19899 22.8 23.9 23.6 0.02
181800.0 354 68.06 0.36 68236 13641.83 0.36 15490 3513.65 0.35 3141501 883961.83 20.38 350 97.17 0.34 67726 22796.51 20.38 201 10 99 40602 2020 19998 22.8 23.9 23.6 0.02
182700.0 310 67.29 0.3 68546 13709.11 0.36 15454 3513.78 0.35 3156955 887475.61 20.38 310 97.18 0.34 68036 22893.68 20.38 201 10 99 40803 2030 20097 22.7 23.8 23.52 0.03
183600.0 310 67.29 0.3 68856 13776.4 0.36 15462 3516.1 0.35 3172417 890991.7 20.38 310 97.17 0.34 68346 22990.86 20.38 201 10 99 41004 2040 20196 22.7 23.8 23.46 0.02
184500.0 376 67.43 0.3 69232 13843.83 0.36 15519 3515.88 0.35 3187936 894507.59 20.38 370 97.18 0.34 68716 23088.03 20.38 201 10 99 41205 2050 20295 22.7 23.8 23.46 0.02
185400.0 354 68.06 0.36 69586 13911.9 0.36 15488 3512.95 0.35 3203424 898020.53 20.38 350 97.17 0.34 69066 23185.21 20.38 201 10 99 41406 2060 20394 22.7 23.8 23.46 0.02
186300.0 310 67.29 0.3 69896 13979.18 0.36 15453 3514.83 0.35 3218877 901535.36 20.38 310 97.18 0.34 69376 23282.38 20.38 201 10 99 41607 2070 20493 22.4 23.7 23.36 0.03
187200.0 310 67.29 0.3 70206 14046.47 0.36 15448 3512.95 0.35 3234325 905048.31 20.38 310 97.17 0.34 69686 23379.55 20.38 201 10 99 41808 2080 20592 22.4 23.7 23.28 0.02
188100.0 376 67.43 0.3 70582 14113.9 0.36 15508 3513.08 0.35 3249833 908561.39 20.38 370 97.18 0.34 70056 23476.73 20.38 201 10 99 42009 2090 20691 22.4 23.7 23.28 0.02
189000.0 354 68.06 0.36 70936 14181.96 0.36 15482 3512.25 0.35 3265315 912073.64 20.38 350 97.17 0.34 70406 23573.91 20.38 201 10 99 42210 2100 20790 22.4 23.7 23.28 0.02
189900.0 310 67.29 0.3 71246 14249.25 0.36 15445 3513.08 0.35 3280760 915586.72 20.38 310 97.18 0.34 70716 23671.08 20.38 201 10 99 42411 2110 20889 22.1 23.5 23.15 0.03
190800.0 310 67.29 0.3 71556 14316.54 0.36 15446 3513.65 0.35 3296206 919100.36 20.38 310 97.17 0.34 71026 23768.25 20.38 201 10 99 42612 2120 20988 22.1 23.5 23.03 0.03
191700.0 376 67.43 0.3 71932 14383.97 0.36 15506 3513.78 0.35 3311712 922614.15 20.38 370 97.18 0.34 71396 23865.43 20.38 201 10 99 42813 2130 21087 22.1 23.5 23.03 0.03
192600.0 354 68.06 0.36 72286 14452.03 0.36 15478 3511.55 0.35 3327190 926125.69 20.38 350 97.17 0.34 71746 23962.6 20.38 201 10 99 43014 2140 21186 22.1 23.5 23.03 0.03
193500.0 310 67.29 0.3 72596 14519.32 0.36 15444 3512.03 0.35 3342634 929637.72 20.38 310 97.18 0.34 72056 24059.78 20.38 201 10 99 43215 2150 21285 22.0 23.3 22.88 0.03
194400.0 310 67.29 0.3 72906 14586.6 0.36 15443 3511.55 0.35 3358077 933149.27 20.38 310 97.17 0.34 72366 24156.95 20.38 201 10 99 43416 2160 21384 22.0 23.3 22.75 0.03
195300.0 376 67.43 0.3 73282 14654.03 0.36 15494 3509.58 0.35 3373571 936658.85 20.38 370 97.18 0.34 72736 24254.13 20.38 201 10 99 43617 2170 21483 22.0 23.3 22.75 0.03
196200.0 354 68.06 0.36 73636 14722.1 0.36 15470 3508.4 0.35 3389041 940167.25 20.38 350 97.17 0.34 73086 24351.3 20.38 201 10 99 43818 2180 21582 22.0 23.3 22.75 0.03
197100.0 310 67.29 0.3 73946 14789.39 0.36 15438 3510.28 0.35 3404479 943677.53 20.38 310 97.18 0.34 73396 24448.48 20.38 201 10 99 44019 2190 21681 22.0 23.1 22.58 0.02
198000.0 310 67.29 0.3 74256 14856.67 0.36 15396 3499.65 0.35 3419875 947177.17 20.38 310 97.17 0.34 73706 24545.65 20.38 201 10 99 44220 2200 21780 22.0 23.1 22.44 0.03
198900.0 376 67.43 0.3 74632 14924.1 0.36 15456 3499.78 0.35 3435331 950676.95 20.38 370 97.18 0.34 74076 24642.83 20.38 201 10 99 44421 2210 21879 22.0 23.1 22.44 0.03
199800.0 354 68.06 0.36 74986 14992.17 0.36 15435 3499.3 0.35 3450766 954176.25 20.38 350 97.17 0.34 74426 24740.0 20.38 201 10 99 44622 2220 21978 22.0 23.1 22.44 0.03
200700.0 310 67.29 0.3 75296 15059.45 0.36 15399 3500.48 0.35 3466165 957676.73 20.38 310 97.18 0.34 74736 24837.18 20.38 201 10 99 44823 2230 22077 22.0 22.8 22.27 0.02
201600.0 310 67.29 0.3 75606 15126.74 0.36 15408 3502.8 0.35 3481573 961179.53 20.38 310 97.17 0.34 75046 24934.35 20.38 201 10 99 45024 2240 22176 22.0 22.8 22.2 0.02
202500.0 376 67.43 0.3 75982 15194.17 0.36 15467 3502.93 0.35 3497040 964682.46 20.38 370 97.18 0.34 75416 25031.53 20.38 201 10 99 45225 2250 22275 22.0 22.8 22.2 0.02
203400.0 354 68.06 0.36 76336 15262.23 0.36 15442 3501.75 0.35 3512482 968184.2 20.38 350 97.17 0.34 75766 25128.7 20.38 201 10 99 45426 2260 22374 22.0 22.8 22.2 0.02
204300.0 310 67.29 0.3 76646 15329.52 0.36 15407 3502.58 0.35 3527889 971686.78 20.38 310 97.18 0.34 76076 25225.88 20.38 201 10 99 45627 2270 22473 22.0 22.6 22.07 0.01
205200.0 310 67.29 0.3 76956 15396.81 0.36 15405 3501.75 0.35 3543294 975188.53 20.38 310 97.17 0.34 76386 25323.05 20.38 201 10 99 45828 2280 22572 22.0 22.6 22.07 0.01
206100.0 376 67.43 0.3 77332 15464.24 0.36 15464 3501.53 0.35 3558758 978690.06 20.38 370 97.18 0.34 76756 25420.23 20.38 201 10 99 46029 2290 22671 22.0 22.6 22.07 0.01
207000.0 354 68.06 0.36 77686 15532.3 0.36 15431 3498.6 0.35 3574189 982188.66 20.38 350 97.17 0.34 77106 25517.4 20.38 201 10 99 46230 2300 22770 22.0 22.6 22.07 0.01
207900.0 310 67.29 0.3 77996 15599.59 0.36 15398 3500.48 0.35 3589587 985689.14 20.38 310 97.18 0.34 77416 25614.57 20.38 201 10 99 46431 2310 22869 22.0 22.2 22.03 0.0
208800.0 310 67.29 0.3 78306 15666.87 0.36 15395 3500.35 0.35 3604982 989189.48 20.38 310 97.17 0.34 77726 25711.75 20.38 201 10 99 46632 2320 22968 22.0 22.2 22.03 0.0
209700.0 376 67.43 0.3 78682 15734.3 0.36 15452 3499.78 0.35 3620434 992689.26 20.38 370 97.18 0.34 78096 25808.92 20.38 201 10 99 46833 2330 23067 22.0 22.2 22.03 0.0
210600.0 354 68.06 0.36 79036 15802.37 0.36 15421 3496.5 0.35 3635855 996185.76 20.38 350 97.17 0.34 78446 25906.1 20.38 201 10 99 47034 2340 23166 22.0 22.2 22.03 0.0
211500.0 310 67.29 0.3 79346 15869.65 0.36 15386 3497.33 0.35 3651241 999683.09 20.38 310 97.18 0.34 78756 26003.27 20.38 201 10 99 47235 2350 23265 22.0 22.0 22.0 0.0
212400.0 310 67.29 0.3 79656 15936.94 0.36 15386 3497.2 0.35 3666627 1003180.29 20.38 310 97.17 0.34 79066 26100.44 20.38 201 10 99 47436 2360 23364 22.0 22.0 22.0 0.0
213300.0 376 67.43 0.3 80032 16004.37 0.36 15443 3496.63 0.35 3682070 1006676.92 20.38 370 97.18 0.34 79436 26197.62 20.38 201 10 99 47637 2370 23463 22.0 22.0 22.0 0.0
214200.0 354 68.06 0.36 80386 16072.43 0.36 15409 3494.05 0.35 3697479 1010170.96 20.38 350 97.17 0.34 79786 26294.8 20.38 201 10 99 47838 2380 23562 22.0 22.0 22.0 0.0
215100.0 310 67.29 0.3 80696 16139.72 0.36 15367 3493.83 0.35 3712846 1013664.79 20.38 310 97.18 0.34 80096 26391.97 20.38 201 10 99 48039 2390 23661 22.0 22.0 22.0 0.0
216000.0 310 67.29 0.3 81006 16207.01 0.36 15363 3492.65 0.35 3728209 1017157.44 20.38 310 97.17 0.34 80406 26489.14 20.38 201 10 99 48240 2400 23760 22.0 22.0 22.0 0.0
216900.0 376 67.43 0.3 81382 16274.44 0.36 15422 3492.43 0.35 3743631 1020649.87 20.38 370 97.18 0.34 80776 26586.32 20.38 201 10 99 48441 2410 23859 22.0 22.0 22.0 0.0
217800.0 354 68.06 0.36 81736 16342.5 0.36 15399 3492.3 0.35 3759030 1024142.17 20.38 350 97.17 0.34 81126 26683.49 20.38 201 10 99 48642 2420 23958 22.0 22.0 22.0 0.0
218700.0 310 67.29 0.3 82046 16409.79 0.36 15356 3491.73 0.35 3774386 1027633.9 20.38 310 97.18 0.34 81436 26780.67 20.38 201 10 99 48843 2430 24057 22.0 22.0 22.0 0.0
219600.0 310 67.29 0.3 82356 16477.07 0.36 15354 3491.25 0.35 3789740 1031125.14 20.38 310 97.17 0.34 81746 26877.84 20.38 201 10 99 49044 2440 24156 22.0 22.0 22.0 0.0
220500.0 376 67.43 0.3 82732 16544.5 0.36 15408 3489.63 0.35 3805148 1034614.77 20.38 370 97.18 0.34 82116 26975.02 20.38 201 10 99 49245 2450 24255 22.0 22.0 22.0 0.0
221400.0 354 68.07 0.36 83086 16612.57 0.36 15386 3490.7 0.35 3820534 1038105.47 20.38 350 97.21 0.34 82466 27072.22 20.38 201 10 99 49446 2460 24354 22.0 22.0 22.0 0.0
222300.0 310 67.29 0.3 83396 16679.86 0.36 15441 3513.92 0.35 3835975 1041619.39 20.38 310 97.23 0.34 82776 27169.45 20.38 201 10 99 49647 2470 24453 20.4 22.0 21.3 0.06
223200.0 310 67.29 0.3 83706 16747.15 0.36 15475 3521.14 0.35 3851450 1045140.53 20.38 310 97.22 0.34 83086 27266.68 20.38 201 10 99 49848 2480 24552 19.9 22.0 20.58 0.16
224100.0 376 67.43 0.3 84082 16814.58 0.36 15535 3521.28 0.35 3866985 1048661.81 20.38 370 97.23 0.34 83456 27363.9 20.38 201 10 99 50049 2490 24651 19.8 21.8 20.57 0.15
225000.0 354 68.07 0.36 84436 16882.65 0.36 15515 3520.46 0.35 3882500 1052182.27 20.38 350 97.21 0.34 83806 27461.12 20.38 201 10 99 50250 2500 24750 19.8 21.8 20.57 0.15
225900.0 310 67.29 0.3 84746 16949.94 0.36 15476 3521.55 0.35 3897976 1055703.82 20.38 310 97.22 0.34 84116 27558.33 20.38 201 10 99 50451 2510 24849 19.8 21.7 20.51 0.13
226800.0 310 67.29 0.3 85056 17017.23 0.36 15479 3522.47 0.35 3913455 1059226.29 20.38 310 97.22 0.34 84426 27655.55 20.38 201 10 99 50652 2520 24948 19.8 21.7 20.48 0.16
227700.0 376 67.43 0.3 85432 17084.67 0.36 15539 3522.61 0.35 3928994 1062748.9 20.38 370 97.22 0.34 84796 27752.77 20.38 201 10 99 50853 2530 25047 19.8 21.7 20.48 0.16
228600.0 354 68.07 0.36 85786 17152.73 0.36 15515 3521.79 0.35 3944509 1066270.69 20.38 350 97.23 0.34 85146 27850.0 20.38 201 10 99 51054 2540 25146 19.8 21.7 20.48 0.16
229500.0 310 67.29 0.3 86096 17220.02 0.36 15476 3521.19 0.35 3959985 1069791.88 20.38 310 97.22 0.34 85456 27947.22 20.38 201 10 99 51255 2550 25245 19.8 21.6 20.45 0.15
230400.0 310 67.29 0.3 86406 17287.31 0.36 15477 3521.41 0.35 3975462 1073313.29 20.38 310 97.22 0.34 85766 28044.44 20.38 201 10 99 51456 2560 25344 19.8 21.6 20.46 0.15
231300.0 376 67.43 0.3 86782 17354.74 0.36 15534 3520.85 0.35 3990996 1076834.13 20.38 370 97.22 0.34 86136 28141.66 20.38 201 10 99 51657 2570 25443 19.8 21.6 20.46 0.15
232200.0 354 68.07 0.36 87136 17422.81 0.36 15511 3519.62 0.35 4006507 1080353.75 20.38 350 97.21 0.34 86486 28238.87 20.38 201 10 99 51858 2580 25542 19.8 21.6 20.46 0.15
233100.0 310 67.29 0.3 87446 17490.1 0.36 15473 3520.48 0.35 4021980 1083874.23 20.38 310 97.23 0.34 86796 28336.09 20.38 201 10 99 52059 2590 25641 19.8 21.5 20.49 0.16
234000.0 310 67.29 0.3 87756 17557.39 0.36 15473 3520.69 0.35 4037453 1087394.93 20.38 310 97.22 0.34 87106 28433.31 20.38 201 10 99 52260 2600 25740 19.8 21.5 20.5 0.15
234900.0 376 67.43 0.3 88132 17624.83 0.36 15533 3520.84 0.35 4052986 1090915.76 20.38 370 97.23 0.34 87476 28530.54 20.38 201 10 99 52461 2610 25839 19.8 21.5 20.5 0.15
235800.0 354 68.07 0.36 88486 17692.89 0.36 15507 3518.55 0.35 4068493 1094434.32 20.38 350 97.21 0.34 87826 28627.75 20.38 201 10 99 52662 2620 25938 19.8 21.5 20.5 0.15
236700.0 310 67.29 0.3 88796 17760.18 0.36 15469 3518.05 0.35 4083962 1097952.37 20.38 310 97.19 0.34 88136 28724.94 20.38 201 10 99 52863 2630 26037 19.8 21.4 20.51 0.16
237600.0 310 67.29 0.3 89106 17827.47 0.36 15468 3518.26 0.35 4099430 1101470.63 20.38 310 97.19 0.34 88446 28822.13 20.38 201 10 99 53064 2640 26136 19.8 21.4 20.55 0.14
238500.0 376 67.43 0.3 89482 17894.9 0.36 15527 3518.4 0.35 4114957 1104989.03 20.38 370 97.19 0.34 88816 28919.32 20.38 201 10 99 53265 2650 26235 19.7 21.4 20.55 0.14
239400.0 354 68.07 0.36 89836 17962.96 0.36 15499 3517.4 0.35 4130456 1108506.43 20.38 350 97.21 0.34 89166 29016.53 20.38 201 10 99 53466 2660 26334 19.7 21.4 20.55 0.14
240300.0 310 67.29 0.3 90146 18030.25 0.36 15458 3517.19 0.35 4145914 1112023.62 20.38 310 97.21 0.34 89476 29113.74 20.38 201 10 99 53667 2670 26433 19.7 21.6 20.57 0.16
241200.0 310 67.29 0.3 90456 18097.54 0.36 15454 3516.0 0.35 4161368 1115539.61 20.38 310 97.21 0.34 89786 29210.94 20.38 201 10 99 53868 2680 26532 19.7 21.6 20.6 0.15
242100.0 376 67.43 0.3 90832 18164.98 0.36 15511 3515.44 0.35 4176879 1119055.05 20.38 370 97.21 0.34 90156 29308.15 20.38 201 10 99 54069 2690 26631 19.7 21.6 20.6 0.15
243000.0 354 68.07 0.36 91186 18233.04 0.36 15488 3513.95 0.35 4192367 1122569.0 20.38 350 97.2 0.34 90506 29405.36 20.38 201 10 99 54270 2700 26730 19.7 21.6 20.6 0.15
243900.0 310 67.29 0.3 91496 18300.33 0.36 15447 3514.76 0.35 4207814 1126083.77 20.38 310 97.22 0.34 90816 29502.57 20.38 201 10 99 54471 2710 26829 19.7 21.8 20.61 0.16
244800.0 310 67.29 0.3 91806 18367.62 0.36 15452 3516.03 0.35 4223266 1129599.8 20.38 310 97.21 0.34 91126 29599.78 20.38 201 10 99 54672 2720 26928 19.7 21.8 20.64 0.16
245700.0 376 67.43 0.3 92182 18435.06 0.36 15512 3516.17 0.35 4238778 1133115.96 20.38 370 97.22 0.34 91496 29697.0 20.38 201 10 99 54873 2730 27027 19.6 21.8 20.64 0.16
246600.0 354 68.07 0.36 92536 18503.12 0.36 15470 3511.65 0.35 4254248 1136627.61 20.38 350 97.23 0.34 91846 29794.23 20.38 201 10 99 55074 2740 27126 19.6 21.8 20.64 0.16
247500.0 310 67.29 0.3 92846 18570.41 0.36 15444 3514.71 0.35 4269692 1140142.31 20.38 310 97.21 0.34 92156 29891.44 20.38 201 10 99 55275 2750 27225 19.6 21.9 20.6 0.16
248400.0 310 67.29 0.3 93156 18637.7 0.36 15445 3514.22 0.35 4285137 1143656.53 20.38 310 97.21 0.34 92466 29988.65 20.38 201 10 99 55476 2760 27324 19.6 21.9 20.62 0.16
249300.0 376 67.43 0.3 93532 18705.14 0.36 15500 3512.61 0.35 4300637 1147169.14 20.38 370 97.22 0.34 92836 30085.87 20.38 201 10 99 55677 2770 27423 19.5 21.9 20.62 0.17
250200.0 354 68.07 0.36 93886 18773.2 0.36 15458 3506.83 0.35 4316095 1150675.97 20.38 350 97.21 0.34 93186 30183.08 20.38 201 10 99 55878 2780 27522 19.5 21.9 20.62 0.17
251100.0 310 67.29 0.3 94196 18840.49 0.36 15434 3511.08 0.35 4331529 1154187.05 20.38 310 97.21 0.34 93496 30280.29 20.38 201 10 99 56079 2790 27621 19.5 22.0 20.58 0.18
252000.0 310 67.29 0.3 94506 18907.78 0.36 15441 3513.04 0.35 4346970 1157700.09 20.38 310 97.21 0.34 93806 30377.5 20.38 201 10 99 56280 2800 27720 19.5 22.0 20.56 0.2
252900.0 376 67.43 0.3 94882 18975.21 0.36 15500 3512.83 0.35 4362470 1161212.92 20.38 370 97.21 0.34 94176 30474.71 20.38 201 10 99 56481 2810 27819 19.5 22.0 20.56 0.2
253800.0 354 68.07 0.36 95236 19043.28 0.36 15461 3508.13 0.35 4377931 1164721.04 20.38 350 97.21 0.34 94526 30571.92 20.38 201 10 99 56682 2820 27918 19.5 22.0 20.56 0.2
254700.0 310 67.29 0.3 95546 19110.57 0.36 15477 3522.01 0.35 4393408 1168243.06 20.38 310 97.21 0.34 94836 30669.14 20.38 201 10 99 56883 2830 28017 19.5 21.8 20.43 0.2
255600.0 310 67.29 0.3 95856 19177.86 0.36 15481 3522.93 0.35 4408889 1171765.99 20.38 310 97.21 0.34 95146 30766.35 20.38 201 10 99 57084 2840 28116 19.5 21.8 20.4 0.21
256500.0 376 67.43 0.3 96232 19245.29 0.36 15541 3523.07 0.35 4424430 1175289.05 20.38 370 97.22 0.34 95516 30863.56 20.38 201 10 99 57285 2850 28215 19.3 21.8 20.39 0.21
257400.0 354 68.07 0.36 96586 19313.36 0.36 15491 3513.97 0.35 4439921 1178803.03 20.38 350 97.2 0.34 95866 30960.76 20.38 201 10 99 57486 2860 28314 19.3 21.8 20.39 0.21
258300.0 310 67.29 0.3 96896 19380.65 0.36 15492 3525.48 0.35 4455413 1182328.51 20.38 310 97.21 0.34 96176 31057.98 20.38 201 10 99 57687 2870 28413 19.3 21.8 20.23 0.21
259200.0 310 67.29 0.3 97206 19447.94 0.36 15496 3526.04 0.35 4470909 1185854.55 20.38 310 97.21 0.34 96486 31155.19 20.38 201 10 99 57888 2880 28512 19.3 21.8 20.15 0.23
260100.0 376 67.43 0.3 97582 19515.37 0.36 15556 3526.18 0.35 4486465 1189380.73 20.38 370 97.22 0.34 96856 31252.4 20.38 201 10 99 58089 2890 28611 19.2 21.6 20.15 0.23
261000.0 356 68.13 0.36 97938 19583.5 0.36 15843 161697.62 20.39 4502308 1351078.35 20.39 352 3217.07 20.39 97208 34469.47 20.39 201 10 99 58290 2900 28710 19.2 21.6 20.15 0.23
261900.0 310 67.29 0.3 98248 19650.79 0.36 15517 3528.5 0.35 4517825 1354606.84 20.39 310 97.2 0.34 97518 34566.67 20.39 201 10 99 58491 2910 28809 18.9 21.6 19.8 0.23
262800.0 310 67.29 0.3 98558 19718.08 0.36 15522 3529.36 0.35 4533347 1358136.21 20.39 310 97.2 0.34 97828 34663.86 20.39 201 10 99 58692 2920 28908 18.9 21.6 19.63 0.24
263700.0 376 67.43 0.3 98934 19785.51 0.36 15582 3529.55 0.35 4548929 1361665.75 20.39 370 97.2 0.34 98198 34761.07 20.39 201 10 99 58893 2930 29007 18.9 20.8 19.63 0.23
264600.0 356 68.14 0.36 99290 19853.65 0.36 15873 161548.59 20.37 4564802 1523214.34 20.39 352 3213.37 20.37 98550 37974.44 20.39 201 10 99 59094 2940 29106 18.9 20.8 19.63 0.23
265500.0 310 67.32 0.3 99600 19920.97 0.36 15549 3560.48 0.35 4580351 1526774.83 20.39 310 97.59 0.34 98860 38072.03 20.39 201 10 99 59295 2950 29205 17.3 20.2 18.36 0.26
266400.0 310 67.32 0.3 99910 19988.29 0.36 15566 3565.27 0.35 4595917 1530340.1 20.39 310 97.59 0.34 99170 38169.62 20.39 201 10 99 59496 2960 29304 17.3 18.8 17.81 0.02
267300.0 376 67.46 0.3 100286 20055.75 0.36 15626 3565.39 0.35 4611543 1533905.48 20.39 370 97.59 0.34 99540 38267.21 20.39 201 10 99 59697 2970 29403 17.3 18.8 17.81 0.02
268200.0 356 68.16 0.36 100642 20123.91 0.36 15917 161718.57 20.39 4627460 1695624.05 20.39 352 3217.72 20.39 99892 41484.93 20.39 201 10 99 59898 2980 29502 17.3 18.8 17.81 0.02
269100.0 310 67.32 0.3 100952 20191.22 0.36 15572 3566.6 0.35 4643032 1699190.66 20.39 310 97.6 0.34 100202 41582.54 20.39 201 10 99 60099 2990 29601 17.3 18.7 17.79 0.02
270000.0 310 67.32 0.3 101262 20258.54 0.36 15574 3567.15 0.35 4658606 1702757.8 20.39 310 97.6 0.34 100512 41680.14 20.39 201 10 99 60300 3000 29700 17.3 18.7 17.77 0.02
270900.0 376 67.46 0.3 101638 20326.0 0.36 15634 3567.3 0.35 4674240 1706325.1 20.39 370 97.61 0.34 100882 41777.74 20.39 201 10 99 60501 3010 29799 17.3 18.7 17.77 0.02
271800.0 354 68.09 0.36 101992 20394.09 0.36 15612 3565.85 0.35 4689852 1709890.96 20.39 350 97.59 0.34 101232 41875.33 20.39 201 10 99 60702 3020 29898 17.3 18.7 17.77 0.02
272700.0 310 67.32 0.3 102302 20461.41 0.36 15572 3565.98 0.35 4705424 1713456.94 20.39 310 97.59 0.34 101542 41972.92 20.39 201 10 99 60903 3030 29997 17.3 18.6 17.75 0.02
273600.0 310 67.32 0.3 102612 20528.72 0.36 15572 3565.85 0.35 4720996 1717022.79 20.39 310 97.59 0.34 101852 42070.51 20.39 201 10 99 61104 3040 30096 17.3 18.6 17.74 0.02
274500.0 376 67.46 0.3 102988 20596.18 0.36 15630 3565.64 0.35 4736626 1720588.42 20.39 370 97.59 0.34 102222 42168.11 20.39 201 10 99 61305 3050 30195 17.3 18.6 17.74 0.02
275400.0 354 68.1 0.36 103342 20664.28 0.36 15608 3566.58 0.35 4752234 1724155.0 20.39 350 97.62 0.34 102572 42265.73 20.39 201 10 99 61506 3060 30294 17.3 18.6 17.74 0.02
276300.0 310 67.32 0.3 103652 20731.59 0.36 15569 3563.78 0.35 4767803 1727718.78 20.39 310 97.57 0.34 102882 42363.3 20.39 201 10 99 61707 3070 30393 17.3 18.5 17.72 0.02
277200.0 310 67.32 0.3 103962 20798.91 0.36 15572 3564.68 0.35 4783375 1731283.47 20.39 310 97.57 0.34 103192 42460.87 20.39 201 10 99 61908 3080 30492 17.3 18.5 17.71 0.02
278100.0 376 67.46 0.3 104338 20866.36 0.36 15632 3564.84 0.35 4799007 1734848.3 20.39 370 97.57 0.34 103562 42558.45 20.39 201 10 99 62109 3090 30591 17.3 18.5 17.71 0.02
279000.0 354 68.09 0.36 104692 20934.45 0.36 15608 3562.69 0.35 4814615 1738410.99 20.39 350 97.55 0.34 103912 42656.0 20.39 201 10 99 62310 3100 30690 17.3 18.5 17.71 0.02
279900.0 310 67.32 0.3 105002 21001.77 0.36 15565 3564.5 0.35 4830180 1741975.49 20.39 310 97.6 0.34 104222 42753.6 20.39 201 10 99 62511 3110 30789 17.3 18.4 17.7 0.02
280800.0 310 67.32 0.3 105312 21069.09 0.36 15566 3564.7 0.35 4845746 1745540.19 20.39 310 97.6 0.34 104532 42851.2 20.39 201 10 99 62712 3120 30888 17.3 18.4 17.69 0.02
281700.0 376 67.46 0.3 105688 21136.54 0.36 15625 3564.5 0.35 4861371 1749104.69 20.39 370 97.61 0.34 104902 42948.81 20.39 201 10 99 62913 3130 30987 17.3 18.4 17.69 0.02
282600.0 354 68.09 0.36 106042 21204.64 0.36 15598 3561.83 0.35 4876969 1752666.52 20.39 350 97.58 0.34 105252 43046.39 20.39 201 10 99 63114 3140 31086 17.3 18.4 17.69 0.02
283500.0 310 67.31 0.3 106352 21271.95 0.36 15560 3560.3 0.35 4892529 1756226.82 20.39 310 97.54 0.34 105562 43143.93 20.39 201 10 99 63315 3150 31185 17.3 18.3 17.68 0.01
284400.0 310 67.31 0.3 106662 21339.26 0.36 15559 3560.19 0.35 4908088 1759787.01 20.39 310 97.54 0.34 105872 43241.48 20.39 201 10 99 63516 3160 31284 17.3 18.3 17.68 0.01
285300.0 376 67.45 0.3 107038 21406.72 0.36 15617 3559.6 0.35 4923705 1763346.61 20.39 370 97.55 0.34 106242 43339.02 20.39 201 10 99 63717 3170 31383 17.3 18.3 17.68 0.01
286200.0 354 68.09 0.36 107392 21474.8 0.36 15596 3559.43 0.35 4939301 1766906.04 20.39 350 97.55 0.34 106592 43436.58 20.39 201 10 99 63918 3180 31482 17.3 18.3 17.68 0.01
287100.0 310 67.31 0.3 107702 21542.12 0.36 15562 3560.3 0.35 4954863 1770466.34 20.39 310 97.54 0.34 106902 43534.12 20.39 201 10 99 64119 3190 31581 17.3 18.2 17.67 0.01
288000.0 310 67.31 0.3 108012 21609.43 0.36 15555 3558.4 0.35 4970418 1774024.74 20.39 310 97.54 0.34 107212 43631.66 20.39 201 10 99 64320 3200 31680 17.3 18.2 17.67 0.01
288900.0 376 67.46 0.3 108388 21676.88 0.36 15615 3558.56 0.35 4986033 1777583.3 20.39 370 97.54 0.34 107582 43729.2 20.39 201 10 99 64521 3210 31779 17.3 18.2 17.67 0.01
289800.0 354 68.09 0.36 108742 21744.98 0.36 15593 3560.13 0.35 5001626 1781143.43 20.39 350 97.57 0.34 107932 43826.77 20.39 201 10 99 64722 3220 31878 17.3 18.2 17.67 0.01
290700.0 310 67.32 0.3 109052 21812.3 0.36 15561 3564.61 0.35 5017187 1784708.04 20.39 310 97.62 0.34 108242 43924.39 20.39 201 10 99 64923 3230 31977 17.3 18.1 17.66 0.01
291600.0 310 67.32 0.3 109362 21879.61 0.36 15554 3562.72 0.35 5032741 1788270.77 20.39 310 97.62 0.34 108552 44022.01 20.39 201 10 99 65124 3240 32076 17.3 18.1 17.66 0.01
292500.0 376 67.46 0.3 109738 21947.08 0.36 15613 3562.51 0.35 5048354 1791833.28 20.39 370 97.62 0.34 108922 44119.64 20.39 201 10 99 65325 3250 32175 17.3 18.1 17.66 0.01
293400.0 354 68.1 0.36 110092 22015.17 0.36 15592 3562.38 0.35 5063946 1795395.65 20.39 350 97.62 0.34 109272 44217.26 20.39 201 10 99 65526 3260 32274 17.3 18.1 17.66 0.01
294300.0 310 67.32 0.3 110402 22082.49 0.36 15557 3561.02 0.35 5079503 1798956.67 20.39 310 97.57 0.34 109582 44314.84 20.39 201 10 99 65727 3270 32373 17.4 18.0 17.66 0.01
295200.0 310 67.32 0.3 110712 22149.8 0.36 15553 3559.83 0.35 5095056 1802516.5 20.39 310 97.57 0.34 109892 44412.41 20.39 201 10 99 65928 3280 32472 17.4 18.0 17.66 0.01
296100.0 376 67.46 0.3 111088 22217.26 0.36 15613 3559.97 0.35 5110669 1806076.47 20.39 370 97.58 0.34 110262 44509.99 20.39 201 10 99 66129 3290 32571 17.4 18.0 17.66 0.01
297000.0 354 68.09 0.36 111442 22285.35 0.36 15593 3559.83 0.35 5126262 1809636.3 20.39 350 97.58 0.34 110612 44607.56 20.39 201 10 99 66330 3300 32670 17.4 18.0 17.66 0.01
297900.0 310 67.32 0.3 111752 22352.67 0.36 15550 3561.81 0.35 5141812 1813198.11 20.39 310 97.62 0.34 110922 44705.18 20.39 201 10 99 66531 3310 32769 17.4 18.0 17.65 0.01
298800.0 310 67.32 0.3 112062 22419.99 0.36 15548 3561.32 0.35 5157360 1816759.43 20.39 310 97.62 0.34 111232 44802.8 20.39 201 10 99 66732 3320 32868 17.4 18.0 17.66 0.01
299700.0 376 67.46 0.3 112438 22487.45 0.36 15608 3561.46 0.35 5172968 1820320.89 20.39 370 97.62 0.34 111602 44900.43 20.39 201 10 99 66933 3330 32967 17.4 18.0 17.66 0.01
300600.0 354 68.1 0.36 112792 22555.55 0.36 15582 3560.28 0.35 5188550 1823881.17 20.39 350 97.62 0.34 111952 44998.05 20.39 201 10 99 67134 3340 33066 17.4 18.0 17.66 0.01
301500.0 310 67.32 0.3 113102 22622.86 0.36 15550 3560.14 0.35 5204100 1827441.31 20.39 310 97.59 0.34 112262 45095.64 20.39 201 10 99 67335 3350 33165 17.4 17.9 17.66 0.0
302400.0 310 67.32 0.3 113412 22690.18 0.36 15547 3558.96 0.35 5219647 1831000.27 20.39 310 97.59 0.34 112572 45193.23 20.39 201 10 99 67536 3360 33264 17.4 17.9 17.67 0.01
303300.0 376 67.46 0.3 113788 22757.64 0.36 15604 3558.04 0.35 5235251 1834558.32 20.39 370 97.59 0.34 112942 45290.82 20.39 201 10 99 67737 3370 33363 17.4 17.9 17.67 0.01
304200.0 354 68.09 0.36 114142 22825.73 0.36 15577 3555.33 0.35 5250828 1838113.65 20.39 350 97.57 0.34 113292 45388.39 20.39 201 10 99 67938 3380 33462 17.4 17.9 17.67 0.01
305100.0 310 67.32 0.3 114452 22893.05 0.36 15540 3558.2 0.35 5266368 1841671.85 20.39 310 97.6 0.34 113602 45486.0 20.39 201 10 99 68139 3390 33561 17.4 17.8 17.66 0.01
306000.0 310 67.32 0.3 114762 22960.36 0.36 15537 3557.35 0.35 5281905 1845229.19 20.39 310 97.6 0.34 113912 45583.6 20.39 201 10 99 68340 3400 33660 17.4 17.9 17.66 0.01
306900.0 376 67.46 0.3 115138 23027.82 0.36 15597 3557.5 0.35 5297502 1848786.69 20.39 370 97.61 0.34 114282 45681.2 20.39 201 10 99 68541 3410 33759 17.4 17.9 17.66 0.01
307800.0 354 68.1 0.36 115492 23095.92 0.36 15574 3557.48 0.35 5313076 1852344.17 20.39 350 97.62 0.34 114632 45778.83 20.39 201 10 99 68742 3420 33858 17.4 17.9 17.66 0.01
308700.0 310 67.32 0.3 115802 23163.23 0.36 15537 3559.01 0.35 5328613 1855903.18 20.39 310 97.62 0.34 114942 45876.45 20.39 201 10 99 68943 3430 33957 17.4 17.9 17.66 0.01
309600.0 310 67.32 0.3 116112 23230.55 0.36 15537 3558.17 0.35 5344150 1859461.35 20.39 310 97.62 0.34 115252 45974.07 20.39 201 10 99 69144 3440 34056 17.4 17.9 17.67 0.01
310500.0 376 67.46 0.3 116488 23298.02 0.36 15594 3557.96 0.35 5359744 1863019.31 20.39 370 97.62 0.34 115622 46071.69 20.39 201 10 99 69345 3450 34155 17.4 17.9 17.67 0.01
311400.0 354 68.1 0.36 116842 23366.11 0.36 15563 3554.68 0.35 5375307 1866573.99 20.39 350 97.62 0.34 115972 46169.32 20.39 201 10 99 69546 3460 34254 17.4 17.9 17.67 0.01
312300.0 310 67.32 0.3 117152 23433.43 0.36 15518 3551.22 0.35 5390825 1870125.21 20.39 310 97.57 0.34 116282 46266.89 20.39 201 10 99 69747 3470 34353 17.4 17.9 17.67 0.01
313200.0 310 67.32 0.3 117462 23500.74 0.36 15524 3552.48 0.35 5406349 1873677.69 20.39 310 97.57 0.34 116592 46364.46 20.39 201 10 99 69948 3480 34452 17.3 18.0 17.68 0.01
314100.0 376 67.46 0.3 117838 23568.2 0.36 15581 3551.57 0.35 5421930 1877229.26 20.39 370 97.58 0.34 116962 46462.04 20.39 201 10 99 70149 3490 34551 17.3 18.0 17.68 0.01
315000.0 354 68.09 0.36 118192 23636.29 0.36 15559 3551.08 0.35 5437489 1880780.34 20.39 350 97.58 0.34 117312 46559.62 20.39 201 10 99 70350 3500 34650 17.3 18.0 17.68 0.01
315900.0 310 67.32 0.3 118502 23703.61 0.36 15519 3551.18 0.35 5453008 1884331.52 20.39 310 97.57 0.34 117622 46657.19 20.39 201 10 99 70551 3510 34749 17.3 18.0 17.69 0.01
316800.0 310 67.32 0.3 118812 23770.92 0.36 15527 3553.13 0.35 5468535 1887884.65 20.39 310 97.57 0.34 117932 46754.76 20.39 201 10 99 70752 3520 34848 17.3 18.1 17.7 0.02
317700.0 376 67.46 0.3 119188 23838.38 0.36 15583 3552.93 0.35 5484118 1891437.59 20.39 370 97.57 0.34 118302 46852.33 20.39 201 10 99 70953 3530 34947 17.3 18.1 17.7 0.02
318600.0 354 68.09 0.36 119542 23906.47 0.36 15553 3550.34 0.35 5499671 1894987.92 20.39 350 97.57 0.34 118652 46949.9 20.39 201 10 99 71154 3540 35046 17.3 18.1 17.7 0.02
319500.0 310 67.32 0.3 119852 23973.79 0.36 15503 3549.56 0.35 5515174 1898537.48 20.39 310 97.62 0.34 118962 47047.53 20.39 201 10 99 71355 3550 35145 17.3 18.1 17.7 0.02
320400.0 310 67.32 0.3 120162 24041.11 0.36 15505 3549.77 0.35 5530679 1902087.25 20.39 310 97.62 0.34 119272 47145.15 20.39 201 10 99 71556 3560 35244 17.3 18.2 17.71 0.02
321300.0 376 67.46 0.3 120538 24108.57 0.36 15564 3549.56 0.35 5546243 1905636.81 20.39 370 97.62 0.34 119642 47242.77 20.39 201 10 99 71757 3570 35343 17.3 18.2 17.71 0.02
322200.0 354 68.09 0.36 120892 24176.66 0.36 15541 3543.25 0.35 5561784 1909180.07 20.39 350 97.52 0.34 119992 47340.29 20.39 201 10 99 71958 3580 35442 17.3 18.2 17.71 0.02
323100.0 310 67.31 0.3 121202 24243.97 0.36 15500 3542.25 0.35 5577284 1912722.32 20.39 310 97.49 0.34 120302 47437.78 20.39 201 10 99 72159 3590 35541 17.3 18.2 17.71 0.02
324000.0 310 67.31 0.3 121512 24311.27 0.36 15498 3542.1 0.35 5592782 1916264.42 20.39 310 97.48 0.34 120612 47535.26 20.39 201 10 99 72360 3600 35640 17.3 18.2 17.72 0.02
324900.0 376 67.45 0.3 121888 24378.73 0.36 15553 3540.85 0.35 5608335 1919805.27 20.39 370 97.49 0.34 120982 47632.75 20.39 201 10 99 72561 3610 35739 17.3 18.2 17.72 0.02
325800.0 354 68.09 0.36 122242 24446.82 0.36 15519 3542.51 0.35 5623854 1923347.77 20.39 350 97.59 0.34 121332 47730.34 20.39 201 10 99 72762 3620 35838 17.3 18.2 17.72 0.02
326700.0 310 67.32 0.3 122552 24514.14 0.36 15482 3545.35 0.35 5639336 1926893.13 20.39 310 97.62 0.34 121642 47827.96 20.39 201 10 99 72963 3630 35937 17.3 18.2 17.72 0.02
327600.0 310 67.32 0.3 122862 24581.46 0.36 15490 3546.97 0.35 5654826 1930440.1 20.39 310 97.62 0.34 121952 47925.59 20.39 201 10 99 73164 3640 36036 17.2 18.3 17.73 0.03
328500.0 376 67.46 0.3 123238 24648.92 0.36 15549 3546.76 0.35 5670375 1933986.86 20.39 370 97.62 0.34 122322 48023.21 20.39 201 10 99 73365 3650 36135 17.2 18.3 17.73 0.03
329400.0 354 68.1 0.36 123592 24717.01 0.36 15518 3543.13 0.35 5685893 1937529.99 20.39 350 97.62 0.34 122672 48120.83 20.39 201 10 99 73566 3660 36234 17.2 18.3 17.73 0.03
330300.0 310 67.32 0.3 123902 24784.33 0.36 15470 3541.51 0.35 5701363 1941071.5 20.39 310 97.62 0.34 122982 48218.46 20.39 201 10 99 73767 3670 36333 17.2 18.3 17.74 0.03
331200.0 310 67.32 0.3 124212 24851.65 0.36 15476 3542.07 0.35 5716839 1944613.57 20.39 310 97.62 0.34 123292 48316.08 20.39 201 10 99 73968 3680 36432 17.2 18.4 17.74 0.03
332100.0 376 67.46 0.3 124588 24919.11 0.36 15532 3541.86 0.35 5732371 1948155.43 20.39 370 97.62 0.34 123662 48413.7 20.39 201 10 99 74169 3690 36531 17.2 18.4 17.74 0.03
333000.0 354 68.09 0.36 124942 24987.21 0.36 15489 3533.9 0.35 5747860 1951689.33 20.39 350 97.6 0.34 124012 48511.31 20.39 201 10 99 74370 3700 36630 17.2 18.4 17.74 0.03
333900.0 310 67.32 0.3 125252 25054.52 0.36 15440 3533.35 0.35 5763300 1955222.68 20.39 310 97.6 0.34 124322 48608.91 20.39 201 10 99 74571 3710 36729 17.2 18.4 17.75 0.03
334800.0 310 67.32 0.3 125562 25121.84 0.36 15448 3534.95 0.35 5778748 1958757.63 20.39 310 97.6 0.34 124632 48706.51 20.39 201 10 99 74772 3720 36828 17.2 18.5 17.75 0.04
335700.0 376 67.46 0.3 125938 25189.3 0.36 15497 3533.35 0.35 5794245 1962290.98 20.39 370 97.61 0.34 125002 48804.12 20.39 201 10 99 74973 3730 36927 17.2 18.5 17.75 0.04
336600.0 354 68.1 0.36 126292 25257.39 0.36 15464 3530.88 0.35 5809709 1965821.86 20.39 350 97.62 0.34 125352 48901.74 20.39 201 10 99 75174 3740 37026 17.2 18.5 17.75 0.04
337500.0 310 67.32 0.3 126602 25324.71 0.36 15409 3528.21 0.35 5825118 1969350.06 20.39 310 97.62 0.34 125662 48999.36 20.39 201 10 99 75375 3750 37125 17.2 18.5 17.76 0.04
338400.0 310 67.32 0.3 126912 25392.03 0.36 15422 3531.92 0.35 5840540 1972881.99 20.39 310 97.62 0.34 125972 49096.98 20.39 201 10 99 75576 3760 37224 17.2 18.5 17.77 0.04
339300.0 376 67.46 0.3 127288 25459.49 0.36 15473 3529.96 0.35 5856013 1976411.95 20.39 370 97.62 0.34 126342 49194.61 20.39 201 10 99 75777 3770 37323 17.2 18.5 17.77 0.04
340200.0 354 68.09 0.36 127642 25527.58 0.36 15434 3523.85 0.35 5871447 1979935.8 20.39 350 97.59 0.34 126692 49292.2 20.39 201 10 99 75978 3780 37422 17.2 18.5 17.77 0.04
341100.0 310 67.32 0.3 127952 25594.9 0.36 15378 3520.83 0.35 5886825 1983456.63 20.39 310 97.59 0.34 127002 49389.79 20.39 201 10 99 76179 3790 37521 17.2 18.5 17.77 0.04
342000.0 310 67.32 0.3 128262 25662.22 0.36 15376 3520.7 0.35 5902201 1986977.33 20.39 310 97.59 0.34 127312 49487.38 20.39 201 10 99 76380 3800 37620 17.2 18.5 17.77 0.05
342900.0 376 67.46 0.3 128638 25729.67 0.36 15435 3520.49 0.35 5917636 1990497.81 20.39 370 97.59 0.34 127682 49584.97 20.39 201 10 99 76581 3810 37719 17.2 18.5 17.77 0.05
343800.0 354 68.09 0.36 128992 25797.76 0.36 15406 3515.53 0.35 5933042 1994013.34 20.39 350 97.55 0.34 128032 49682.52 20.39 201 10 99 76782 3820 37818 17.2 18.5 17.77 0.05
344700.0 310 67.31 0.3 129302 25865.07 0.36 15355 3512.55 0.35 5948397 1997525.89 20.39 310 97.55 0.34 128342 49780.08 20.39 201 10 99 76983 3830 37917 17.2 18.5 17.77 0.05
345600.0 310 67.31 0.3 129612 25932.39 0.36 15363 3514.12 0.35 5963760 2001040.02 20.39 310 97.55 0.34 128652 49877.62 20.39 201 10 99 77184 3840 38016 17.2 18.6 17.78 0.05
