# seed = 1, gamma = 0.0, beta = 0.66, dee = 0.1, dcc = 25.0, dec = 300.0, dsCnd = 150.0, dLocalhost = 0.02, hostBroker = EDGE 
#
# The columns have the following meaning: 
# instant[SECONDS] commCountUploadPartial delaySumUploadPartial[SECONDS] delayMaxUploadPartial[SECONDS] commCountUploadTot delaySumUploadTot[SECONDS] delayMaxUploadTot[SECONDS] commCountDownloadPartial delaySumDownloadPartial[SECONDS] delayMaxDownloadPartial[SECONDS] commCountDownloadTot delaySumDownloadTot[SECONDS] delayMaxDownloadTot[SECONDS] commCountDownloadMaxPartial delaySumDownloadMaxPartial[SECONDS] delayMaxDownloadMaxPartial[SECONDS] commCountDownloadMaxTot delaySumDownloadMaxTot[SECONDS] delayMaxDownloadMaxTot[SECONDS] runOnCloudPartial runOnEdgePartial runOnSmartphonePartial runOnCloudTot runOnEdgeTot runOnSmartphoneTot minTemp maxTemp avgTemp varianceTemp
0.0 0 0.0 0.0 0 0.0 0.0 0 0.0 0.0 0 0.0 0.0 0 0.0 0.0 0 0.0 0.0 0 0 0 0 0 0 17.0 25.0 21.0 0.0
900.0 376 64.65 0.3 376 64.65 0.3 16500 3559.0 0.45 16500 3559.0 0.45 370 99.14 0.34 370 99.14 0.34 112 0 198 112 0 198 18.9 21.0 19.37 0.77
1800.0 356 65.69 0.36 732 130.34 0.36 16788 196428.99 21.43 33288 199987.99 21.43 352 3722.85 21.43 722 3821.99 21.43 112 0 198 224 0 396 18.9 18.9 18.9 0.0
2700.0 310 64.56 0.31 1042 194.9 0.36 16440 3591.28 0.45 49728 203579.27 21.43 310 97.98 0.35 1032 3919.97 21.43 112 0 198 336 0 594 17.7 18.9 18.42 0.03
3600.0 310 64.56 0.31 1352 259.45 0.36 16440 3591.31 0.45 66168 207170.58 21.43 310 97.98 0.35 1342 4017.95 21.43 112 0 198 448 0 792 17.7 18.9 18.22 0.05
4500.0 376 64.7 0.31 1728 324.15 0.36 16496 3591.75 0.45 82664 210762.32 21.43 370 99.78 0.35 1712 4117.73 21.43 112 0 198 560 0 990 17.6 18.7 18.21 0.05
5400.0 356 65.7 0.36 2084 389.85 0.36 16824 10249.47 21.53 99488 221011.8 21.53 352 120.75 21.53 2064 4238.48 21.53 112 0 198 672 0 1188 17.6 18.7 18.21 0.05
6300.0 310 64.56 0.31 2394 454.41 0.36 16514 3617.62 0.45 116002 224629.42 21.53 310 98.12 0.35 2374 4336.6 21.53 112 0 198 784 0 1386 17.6 18.7 18.21 0.04
7200.0 310 64.56 0.31 2704 518.98 0.36 16516 3618.12 0.45 132518 228247.54 21.53 310 98.12 0.35 2684 4434.72 21.53 112 0 198 896 0 1584 17.6 18.7 18.23 0.04
8100.0 376 64.71 0.31 3080 583.68 0.36 16575 3619.89 0.45 149093 231867.43 21.53 370 99.92 0.35 3054 4534.64 21.53 112 0 198 1008 0 1782 17.6 18.7 18.23 0.04
9000.0 356 65.7 0.36 3436 649.39 0.36 16856 10250.52 21.52 165949 242117.95 21.53 352 120.72 21.52 3406 4655.36 21.53 112 0 198 1120 0 1980 17.6 18.7 18.23 0.04
9900.0 310 64.56 0.31 3746 713.94 0.36 16498 3609.26 0.45 182447 245727.21 21.53 310 98.02 0.35 3716 4753.38 21.53 112 0 198 1232 0 2178 17.6 18.7 18.22 0.04
10800.0 310 64.56 0.31 4056 778.5 0.36 16503 3609.76 0.45 198950 249336.97 21.53 310 98.02 0.35 4026 4851.4 21.53 112 0 198 1344 0 2376 17.6 18.7 18.13 0.04
11700.0 376 64.7 0.31 4432 843.2 0.36 16562 3611.53 0.45 215512 252948.5 21.53 370 99.82 0.35 4396 4951.22 21.53 112 0 198 1456 0 2574 17.6 18.7 18.13 0.04
12600.0 354 65.34 0.36 4786 908.54 0.36 16523 3613.24 0.45 232035 256561.73 21.53 350 99.3 0.35 4746 5050.52 21.53 112 0 198 1568 0 2772 17.6 18.7 18.13 0.04
13500.0 310 64.56 0.31 5096 973.1 0.36 16439 3605.25 0.45 248474 260166.99 21.53 310 98.09 0.35 5056 5148.61 21.53 112 0 198 1680 0 2970 17.6 18.7 18.12 0.04
14400.0 310 64.56 0.31 5406 1037.67 0.36 16436 3605.29 0.45 264910 263772.28 21.53 310 98.1 0.35 5366 5246.7 21.53 112 0 198 1792 0 3168 17.6 18.7 18.12 0.04
15300.0 376 64.71 0.31 5782 1102.37 0.36 16496 3607.05 0.45 281406 267379.33 21.53 370 99.9 0.35 5736 5346.6 21.53 112 0 198 1904 0 3366 17.6 18.7 18.12 0.04
16200.0 354 65.34 0.36 6136 1167.71 0.36 16469 3604.61 0.45 297875 270983.94 21.53 350 99.28 0.35 6086 5445.88 21.53 112 0 198 2016 0 3564 17.6 18.7 18.12 0.04
17100.0 310 64.55 0.31 6446 1232.26 0.36 16432 3598.97 0.45 314307 274582.91 21.53 310 97.97 0.35 6396 5543.85 21.53 112 0 198 2128 0 3762 17.6 18.7 18.1 0.03
18000.0 310 64.55 0.31 6756 1296.82 0.36 16437 3600.32 0.45 330744 278183.23 21.53 310 97.97 0.35 6706 5641.81 21.53 112 0 198 2240 0 3960 17.6 18.7 18.09 0.04
18900.0 376 64.7 0.31 7132 1361.51 0.36 16497 3602.12 0.45 347241 281785.35 21.53 370 99.77 0.35 7076 5741.58 21.53 112 0 198 2352 0 4158 17.6 18.6 18.09 0.04
19800.0 354 65.33 0.36 7486 1426.84 0.36 16472 3600.56 0.45 363713 285385.91 21.53 350 99.17 0.35 7426 5840.75 21.53 112 0 198 2464 0 4356 17.6 18.6 18.09 0.04
20700.0 310 64.56 0.31 7796 1491.4 0.36 16435 3601.81 0.45 380148 288987.72 21.53 310 98.02 0.35 7736 5938.77 21.53 112 0 198 2576 0 4554 17.6 18.6 18.06 0.03
21600.0 310 64.56 0.31 8106 1555.96 0.36 16438 3601.85 0.45 396586 292589.57 21.53 310 98.02 0.35 8046 6036.79 21.53 112 0 198 2688 0 4752 17.6 18.6 18.06 0.03
22500.0 376 64.7 0.31 8482 1620.66 0.36 16497 3603.17 0.45 413083 296192.75 21.53 370 99.82 0.35 8416 6136.61 21.53 112 0 198 2800 0 4950 17.6 18.6 18.06 0.03
23400.0 354 65.34 0.36 8836 1686.0 0.36 16464 3603.79 0.45 429547 299796.54 21.53 350 99.28 0.35 8766 6235.89 21.53 112 0 198 2912 0 5148 17.6 18.6 18.06 0.03
24300.0 310 64.57 0.31 9146 1750.56 0.36 16423 3605.87 0.45 445970 303402.41 21.53 310 98.13 0.35 9076 6334.02 21.53 112 0 198 3024 0 5346 17.5 18.6 18.04 0.03
25200.0 310 64.57 0.31 9456 1815.13 0.36 16428 3606.8 0.45 462398 307009.21 21.53 310 98.13 0.35 9386 6432.16 21.53 112 0 198 3136 0 5544 17.5 18.6 18.03 0.03
26100.0 376 64.71 0.31 9832 1879.84 0.36 16487 3608.57 0.45 478885 310617.78 21.53 370 99.93 0.35 9756 6532.09 21.53 112 0 198 3248 0 5742 17.5 18.6 18.02 0.03
27000.0 354 65.34 0.36 10186 1945.18 0.36 16458 3606.66 0.45 495343 314224.44 21.53 350 99.33 0.35 10106 6631.42 21.53 112 0 198 3360 0 5940 17.5 18.6 18.02 0.03
27900.0 310 64.56 0.31 10496 2009.74 0.36 16430 3605.63 0.45 511773 317830.06 21.53 310 98.07 0.35 10416 6729.5 21.53 112 0 198 3472 0 6138 17.5 18.6 18.0 0.03
28800.0 310 64.56 0.31 10806 2074.3 0.36 16437 3606.56 0.45 528210 321436.62 21.53 310 98.08 0.35 10726 6827.58 21.53 112 0 198 3584 0 6336 17.5 18.6 17.99 0.03
29700.0 376 64.7 0.31 11182 2139.01 0.36 16495 3607.43 0.45 544705 325044.05 21.53 370 99.88 0.35 11096 6927.45 21.53 112 0 198 3696 0 6534 17.5 18.6 17.99 0.03
30600.0 354 65.34 0.36 11536 2204.34 0.36 16458 3602.81 0.45 561163 328646.85 21.53 350 99.28 0.35 11446 7026.73 21.53 112 0 198 3808 0 6732 17.5 18.6 17.99 0.03
31500.0 310 64.57 0.31 11846 2268.91 0.36 16426 3605.86 0.45 577589 332252.72 21.53 310 98.13 0.35 11756 7124.86 21.53 112 0 198 3920 0 6930 17.4 18.6 17.96 0.03
32400.0 310 64.57 0.31 12156 2333.48 0.36 16431 3607.25 0.45 594020 335859.97 21.53 310 98.13 0.35 12066 7223.0 21.53 112 0 198 4032 0 7128 17.4 18.6 17.95 0.03
33300.0 376 64.71 0.31 12532 2398.18 0.36 16491 3609.02 0.45 610511 339469.0 21.53 370 99.93 0.35 12436 7322.93 21.53 112 0 198 4144 0 7326 17.4 18.5 17.95 0.03
34200.0 354 65.34 0.36 12886 2463.53 0.36 16456 3606.21 0.45 626967 343075.2 21.53 350 99.33 0.35 12786 7422.26 21.53 112 0 198 4256 0 7524 17.4 18.5 17.95 0.03
35100.0 310 64.57 0.31 13196 2528.09 0.36 16421 3604.97 0.45 643388 346680.17 21.53 310 98.13 0.35 13096 7520.39 21.53 112 0 198 4368 0 7722 17.4 18.5 17.92 0.03
36000.0 310 64.57 0.31 13506 2592.66 0.36 16434 3606.81 0.45 659822 350286.98 21.53 310 98.13 0.35 13406 7618.53 21.53 112 0 198 4480 0 7920 17.4 18.5 17.91 0.03
36900.0 376 64.71 0.31 13882 2657.36 0.36 16494 3608.57 0.45 676316 353895.55 21.53 370 99.93 0.35 13776 7718.46 21.53 112 0 198 4592 0 8118 17.4 18.5 17.91 0.03
37800.0 354 65.34 0.36 14236 2722.7 0.36 16456 3599.97 0.45 692772 357495.52 21.53 350 99.24 0.35 14126 7817.7 21.53 112 0 198 4704 0 8316 17.4 18.5 17.91 0.03
38700.0 310 64.56 0.31 14546 2787.26 0.36 16414 3599.18 0.45 709186 361094.7 21.53 310 98.04 0.35 14436 7915.74 21.53 112 0 198 4816 0 8514 17.3 18.5 17.89 0.03
39600.0 310 64.56 0.31 14856 2851.82 0.36 16426 3600.12 0.45 725612 364694.81 21.53 310 98.04 0.35 14746 8013.78 21.53 112 0 198 4928 0 8712 17.3 18.5 17.88 0.04
40500.0 376 64.7 0.31 15232 2916.52 0.36 16483 3600.98 0.45 742095 368295.79 21.53 370 99.84 0.35 15116 8113.62 21.53 112 0 198 5040 0 8910 17.3 18.5 17.87 0.04
41400.0 354 65.34 0.36 15586 2981.86 0.36 16453 3603.5 0.45 758548 371899.3 21.53 350 99.33 0.35 15466 8212.96 21.53 112 0 198 5152 0 9108 17.3 18.5 17.87 0.04
42300.0 310 64.56 0.31 15896 3046.42 0.36 16423 3603.46 0.45 774971 375502.76 21.53 310 98.08 0.35 15776 8311.03 21.53 112 0 198 5264 0 9306 17.3 18.5 17.85 0.04
43200.0 310 64.56 0.31 16206 3110.98 0.36 16431 3603.94 0.45 791402 379106.7 21.53 310 98.08 0.35 16086 8409.11 21.53 112 0 198 5376 0 9504 17.3 18.5 17.83 0.05
44100.0 376 64.7 0.31 16582 3175.69 0.36 16491 3605.71 0.45 807893 382712.41 21.53 370 99.88 0.35 16456 8508.99 21.53 112 0 198 5488 0 9702 17.2 18.4 17.83 0.05
45000.0 354 65.34 0.36 16936 3241.03 0.36 16448 3599.74 0.45 824341 386312.16 21.53 350 99.28 0.35 16806 8608.27 21.53 112 0 198 5600 0 9900 17.2 18.4 17.83 0.05
45900.0 310 64.56 0.31 17246 3305.59 0.36 16415 3600.51 0.45 840756 389912.67 21.53 310 98.07 0.35 17116 8706.34 21.53 112 0 198 5712 0 10098 17.2 18.4 17.81 0.05
46800.0 310 64.56 0.31 17556 3370.15 0.36 16425 3601.9 0.45 857181 393514.57 21.53 310 98.07 0.35 17426 8804.42 21.53 112 0 198 5824 0 10296 17.2 18.5 17.8 0.06
47700.0 376 64.7 0.31 17932 3434.85 0.36 16485 3603.66 0.45 873666 397118.24 21.53 370 99.87 0.35 17796 8904.29 21.53 112 0 198 5936 0 10494 17.2 18.5 17.8 0.06
48600.0 354 65.34 0.36 18286 3500.19 0.36 16443 3599.5 0.45 890109 400717.74 21.53 350 99.28 0.35 18146 9003.56 21.53 112 0 198 6048 0 10692 17.2 18.5 17.8 0.06
49500.0 310 64.57 0.31 18596 3564.76 0.36 16419 3603.16 0.45 906528 404320.9 21.53 310 98.13 0.35 18456 9101.7 21.53 112 0 198 6160 0 10890 17.1 18.5 17.77 0.06
50400.0 310 64.57 0.31 18906 3629.32 0.36 16435 3605.01 0.45 922963 407925.91 21.53 310 98.13 0.35 18766 9199.83 21.53 112 0 198 6272 0 11088 17.1 18.5 17.75 0.07
51300.0 376 64.71 0.31 19282 3694.03 0.36 16495 3606.77 0.45 939458 411532.68 21.53 370 99.93 0.35 19136 9299.76 21.53 112 0 198 6384 0 11286 17.1 18.5 17.75 0.07
52200.0 354 65.34 0.36 19636 3759.37 0.36 16447 3603.06 0.45 955905 415135.73 21.53 350 99.33 0.35 19486 9399.1 21.53 112 0 198 6496 0 11484 17.1 18.5 17.75 0.07
53100.0 310 64.57 0.31 19946 3823.94 0.36 16396 3601.82 0.45 972301 418737.55 21.53 310 98.13 0.35 19796 9497.23 21.53 112 0 198 6608 0 11682 17.1 18.5 17.74 0.07
54000.0 310 64.57 0.31 20256 3888.5 0.36 16404 3603.2 0.45 988705 422340.76 21.53 310 98.13 0.35 20106 9595.36 21.53 112 0 198 6720 0 11880 17.1 18.6 17.73 0.08
54900.0 376 64.71 0.31 20632 3953.21 0.36 16464 3604.97 0.45 1005169 425945.73 21.53 370 99.93 0.35 20476 9695.29 21.53 112 0 198 6832 0 12078 17.1 18.6 17.73 0.08
55800.0 354 65.34 0.36 20986 4018.55 0.36 16439 3602.61 0.45 1021608 429548.33 21.53 350 99.33 0.35 20826 9794.63 21.53 112 0 198 6944 0 12276 17.1 18.6 17.73 0.08
56700.0 310 64.57 0.31 21296 4083.12 0.36 16417 3603.17 0.45 1038025 433151.5 21.53 310 98.13 0.35 21136 9892.76 21.53 112 0 198 7056 0 12474 17.1 18.6 17.7 0.08
57600.0 310 64.57 0.31 21606 4147.69 0.36 16425 3605.0 0.45 1054450 436756.51 21.53 310 98.13 0.35 21446 9990.89 21.53 112 0 198 7168 0 12672 17.1 18.6 17.69 0.09
58500.0 376 64.71 0.31 21982 4212.39 0.36 16484 3606.32 0.45 1070934 440362.83 21.53 370 99.93 0.35 21816 10090.83 21.53 112 0 198 7280 0 12870 17.1 18.6 17.69 0.09
59400.0 354 65.34 0.36 22336 4277.73 0.36 16432 3599.29 0.45 1087366 443962.12 21.53 350 99.3 0.35 22166 10190.12 21.53 112 0 198 7392 0 13068 17.1 18.6 17.69 0.09
60300.0 310 64.56 0.31 22646 4342.3 0.36 16401 3599.4 0.45 1103767 447561.52 21.53 310 98.09 0.35 22476 10288.22 21.53 112 0 198 7504 0 13266 17.0 18.6 17.67 0.1
61200.0 310 64.56 0.31 22956 4406.86 0.36 16413 3601.69 0.45 1120180 451163.21 21.53 310 98.1 0.35 22786 10386.31 21.53 112 0 198 7616 0 13464 17.0 18.6 17.66 0.1
62100.0 376 64.71 0.31 23332 4471.56 0.36 16470 3603.0 0.45 1136650 454766.21 21.53 370 99.9 0.35 23156 10486.21 21.53 112 0 198 7728 0 13662 17.0 18.6 17.66 0.1
63000.0 354 65.33 0.36 23686 4536.89 0.36 16431 3591.93 0.45 1153081 458358.15 21.53 350 99.16 0.35 23506 10585.37 21.53 112 0 198 7840 0 13860 17.0 18.6 17.66 0.1
63900.0 310 64.55 0.31 23996 4601.44 0.36 16392 3587.06 0.45 1169473 461945.21 21.53 310 97.9 0.35 23816 10683.27 21.53 112 0 198 7952 0 14058 17.0 18.6 17.65 0.11
64800.0 310 64.55 0.31 24306 4665.99 0.36 16398 3588.87 0.45 1185871 465534.08 21.53 310 97.9 0.35 24126 10781.17 21.53 112 0 198 8064 0 14256 17.0 18.6 17.64 0.11
65700.0 376 64.69 0.31 24682 4730.68 0.36 16458 3590.66 0.45 1202329 469124.74 21.53 370 99.7 0.35 24496 10880.88 21.53 112 0 198 8176 0 14454 17.0 18.6 17.64 0.11
66600.0 354 65.33 0.36 25036 4796.01 0.36 16423 3588.24 0.45 1218752 472712.98 21.53 350 99.11 0.35 24846 10979.98 21.53 112 0 198 8288 0 14652 17.0 18.6 17.64 0.11
67500.0 310 64.55 0.31 25346 4860.55 0.36 16388 3584.69 0.45 1235140 476297.67 21.53 310 97.84 0.35 25156 11077.83 21.53 112 0 198 8400 0 14850 17.0 18.6 17.63 0.11
68400.0 310 64.55 0.31 25656 4925.1 0.36 16392 3585.61 0.45 1251532 479883.28 21.53 310 97.84 0.35 25466 11175.67 21.53 112 0 198 8512 0 15048 17.0 18.7 17.63 0.11
69300.0 376 64.69 0.31 26032 4989.79 0.36 16451 3587.39 0.45 1267983 483470.67 21.53 370 99.64 0.35 25836 11275.31 21.53 112 0 198 8624 0 15246 17.0 18.7 17.63 0.11
70200.0 354 65.33 0.36 26386 5055.11 0.36 16408 3585.97 0.45 1284391 487056.64 21.53 350 99.11 0.35 26186 11374.42 21.53 112 0 198 8736 0 15444 17.0 18.7 17.63 0.11
71100.0 310 64.55 0.31 26696 5119.66 0.36 16376 3585.59 0.45 1300767 490642.22 21.53 310 97.91 0.35 26496 11472.33 21.53 112 0 198 8848 0 15642 17.0 18.7 17.62 0.12
72000.0 310 64.55 0.31 27006 5184.21 0.36 16389 3586.97 0.45 1317156 494229.19 21.53 310 97.91 0.35 26806 11570.24 21.53 112 0 198 8960 0 15840 17.0 18.7 17.61 0.12
72900.0 376 64.69 0.31 27382 5248.9 0.36 16448 3588.74 0.45 1333604 497817.93 21.53 370 99.71 0.35 27176 11669.95 21.53 112 0 198 9072 0 16038 17.0 18.7 17.61 0.12
73800.0 354 65.33 0.36 27736 5314.23 0.36 16416 3586.82 0.45 1350020 501404.75 21.53 350 99.11 0.35 27526 11769.06 21.53 112 0 198 9184 0 16236 17.0 18.7 17.61 0.12
74700.0 310 64.55 0.31 28046 5378.78 0.36 16377 3588.24 0.45 1366397 504992.99 21.53 310 97.96 0.35 27836 11867.02 21.53 112 0 198 9296 0 16434 17.0 18.7 17.6 0.12
75600.0 310 64.55 0.31 28356 5443.33 0.36 16375 3586.91 0.45 1382772 508579.9 21.53 310 97.96 0.35 28146 11964.98 21.53 112 0 198 9408 0 16632 17.0 18.7 17.6 0.12
76500.0 376 64.7 0.31 28732 5508.03 0.36 16435 3588.7 0.45 1399207 512168.59 21.53 370 99.76 0.35 28516 12064.74 21.53 112 0 198 9520 0 16830 17.0 18.7 17.6 0.12
77400.0 354 65.33 0.36 29086 5573.36 0.36 16402 3584.23 0.45 1415609 515752.82 21.53 350 99.11 0.35 28866 12163.85 21.53 112 0 198 9632 0 17028 17.0 18.7 17.6 0.12
78300.0 310 64.55 0.31 29396 5637.91 0.36 16368 3585.7 0.45 1431977 519338.52 21.53 310 97.9 0.35 29176 12261.75 21.53 112 0 198 9744 0 17226 17.0 18.7 17.59 0.12
79200.0 310 64.55 0.31 29706 5702.46 0.36 16372 3586.17 0.45 1448349 522924.7 21.53 310 97.9 0.35 29486 12359.65 21.53 112 0 198 9856 0 17424 17.0 18.6 17.59 0.12
80100.0 376 64.69 0.31 30082 5767.14 0.36 16432 3587.96 0.45 1464781 526512.65 21.53 370 99.7 0.35 29856 12459.36 21.53 112 0 198 9968 0 17622 17.0 18.6 17.59 0.12
81000.0 354 65.33 0.36 30436 5832.47 0.36 16399 3585.58 0.45 1481180 530098.23 21.53 350 99.14 0.35 30206 12558.5 21.53 112 0 198 10080 0 17820 17.0 18.6 17.59 0.12
81900.0 310 64.56 0.31 30746 5897.03 0.36 16362 3587.41 0.45 1497542 533685.64 21.53 310 97.99 0.35 30516 12656.49 21.53 112 0 198 10192 0 18018 17.0 18.6 17.59 0.12
82800.0 310 64.56 0.31 31056 5961.59 0.36 16366 3587.44 0.45 1513908 537273.08 21.53 310 97.99 0.35 30826 12754.47 21.53 112 0 198 10304 0 18216 17.0 18.6 17.59 0.11
83700.0 376 64.7 0.31 31432 6026.29 0.36 16424 3589.21 0.45 1530332 540862.29 21.53 370 99.79 0.35 31196 12854.26 21.53 112 0 198 10416 0 18414 17.0 18.6 17.59 0.11
84600.0 354 65.33 0.36 31786 6091.62 0.36 16397 3587.74 0.45 1546729 544450.03 21.53 350 99.19 0.35 31546 12953.45 21.53 112 0 198 10528 0 18612 17.0 18.6 17.59 0.11
85500.0 310 64.55 0.31 32096 6156.17 0.36 16365 3585.32 0.45 1563094 548035.35 21.53 310 97.93 0.35 31856 13051.38 21.53 112 0 198 10640 0 18810 17.0 18.6 17.59 0.11
86400.0 310 64.55 0.31 32406 6220.72 0.36 16361 3584.88 0.45 1579455 551620.24 21.53 310 97.93 0.35 32166 13149.31 21.53 112 0 198 10752 0 19008 17.0 18.6 17.59 0.11
87300.0 376 64.7 0.31 32782 6285.42 0.36 16421 3586.67 0.45 1595876 555206.91 21.53 370 99.73 0.35 32536 13249.04 21.53 112 0 198 10864 0 19206 17.0 18.6 17.59 0.11
88200.0 354 65.34 0.36 33136 6350.76 0.36 16391 3591.84 0.45 1612267 558798.75 21.53 350 99.28 0.35 32886 13348.32 21.53 112 0 198 10976 0 19404 17.0 18.6 17.59 0.11
89100.0 310 64.57 0.31 33446 6415.32 0.36 16398 3600.91 0.45 1628665 562399.66 21.53 310 98.13 0.35 33196 13446.45 21.53 112 0 198 11088 0 19602 17.0 18.6 17.62 0.08
90000.0 310 64.57 0.31 33756 6479.89 0.36 16450 3610.41 0.45 1645115 566010.07 21.53 310 98.13 0.35 33506 13544.58 21.53 112 0 198 11200 0 19800 17.1 18.5 17.68 0.05
90900.0 376 64.71 0.31 34132 6544.6 0.36 16509 3611.72 0.45 1661624 569621.79 21.53 370 99.93 0.35 33876 13644.52 21.53 112 0 198 11312 0 19998 17.1 18.5 17.68 0.05
91800.0 354 65.33 0.36 34486 6609.93 0.36 16465 3596.67 0.45 1678089 573218.45 21.53 350 99.15 0.35 34226 13743.66 21.53 112 0 198 11424 0 20196 17.1 18.5 17.68 0.05
92700.0 310 64.54 0.31 34796 6674.47 0.36 16478 3596.36 0.45 1694567 576814.82 21.53 310 97.83 0.35 34536 13841.5 21.53 112 0 198 11536 0 20394 17.1 23.8 19.33 1.89
93600.0 310 64.54 0.31 35106 6739.01 0.36 16477 3595.92 0.45 1711044 580410.74 21.53 310 97.83 0.35 34846 13939.33 21.53 112 0 198 11648 0 20592 17.1 23.8 20.46 4.61
94500.0 376 64.69 0.31 35482 6803.7 0.36 16534 3597.71 0.45 1727578 584008.44 21.53 370 99.63 0.35 35216 14038.96 21.53 112 0 198 11760 0 20790 17.1 23.8 20.49 4.66
95400.0 354 65.32 0.36 35836 6869.02 0.36 16513 3597.12 0.45 1744091 587605.56 21.53 350 99.04 0.35 35566 14138.0 21.53 112 0 198 11872 0 20988 17.1 23.8 20.49 4.66
96300.0 310 64.54 0.31 36146 6933.57 0.36 16473 3595.9 0.45 1760564 591201.47 21.53 310 97.83 0.35 35876 14235.83 21.53 112 0 198 11984 0 21186 17.1 24.0 20.84 4.62
97200.0 310 64.54 0.31 36456 6998.11 0.36 16474 3596.37 0.45 1777038 594797.84 21.53 310 97.83 0.35 36186 14333.67 21.53 112 0 198 12096 0 21384 17.1 24.0 21.02 4.65
98100.0 376 64.69 0.31 36832 7062.8 0.36 16527 3597.71 0.45 1793565 598395.54 21.53 370 99.63 0.35 36556 14433.3 21.53 112 0 198 12208 0 21582 17.4 24.0 21.02 4.64
99000.0 354 65.31 0.36 37186 7128.11 0.36 16504 3592.31 0.45 1810069 601987.85 21.53 350 98.95 0.35 36906 14532.25 21.53 112 0 198 12320 0 21780 17.4 24.0 21.02 4.64
99900.0 310 64.54 0.31 37496 7192.65 0.36 16463 3590.64 0.45 1826532 605578.49 21.53 310 97.74 0.35 37216 14629.99 21.53 112 0 198 12432 0 21978 17.4 24.0 21.25 4.09
100800.0 310 64.54 0.31 37806 7257.19 0.36 16466 3591.55 0.45 1842998 609170.04 21.53 310 97.74 0.35 37526 14727.73 21.53 112 0 198 12544 0 22176 17.5 24.0 21.39 3.89
101700.0 376 64.68 0.31 38182 7321.87 0.36 16526 3593.34 0.45 1859524 612763.39 21.53 370 99.54 0.35 37896 14827.28 21.53 112 0 198 12656 0 22374 17.8 24.0 21.4 3.87
102600.0 354 65.31 0.36 38536 7387.18 0.36 16502 3591.06 0.45 1876026 616354.45 21.53 350 98.93 0.35 38246 14926.21 21.53 112 0 198 12768 0 22572 17.8 24.0 21.4 3.87
103500.0 310 64.54 0.31 38846 7451.72 0.36 16465 3591.19 0.45 1892491 619945.64 21.53 310 97.73 0.35 38556 15023.93 21.53 112 0 198 12880 0 22770 17.8 24.0 21.54 3.3
104400.0 310 64.54 0.31 39156 7516.26 0.36 16465 3591.21 0.45 1908956 623536.85 21.53 310 97.73 0.35 38866 15121.66 21.53 112 0 198 12992 0 22968 18.0 24.0 21.7 3.09
105300.0 376 64.68 0.31 39532 7580.94 0.36 16524 3592.99 0.45 1925480 627129.84 21.53 370 99.53 0.35 39236 15221.19 21.53 112 0 198 13104 0 23166 18.5 24.0 21.7 3.06
106200.0 354 65.31 0.36 39886 7646.25 0.36 16502 3589.17 0.45 1941982 630719.01 21.53 350 98.88 0.35 39586 15320.07 21.53 112 0 198 13216 0 23364 18.5 24.0 21.7 3.06
107100.0 310 64.53 0.3 40196 7710.77 0.36 16464 3582.33 0.45 1958446 634301.34 21.53 310 97.57 0.35 39896 15417.64 21.53 112 0 198 13328 0 23562 18.5 24.0 21.69 2.85
108000.0 310 64.53 0.3 40506 7775.3 0.36 16463 3581.88 0.45 1974909 637883.22 21.53 310 97.57 0.35 40206 15515.21 21.53 112 0 198 13440 0 23760 18.8 24.0 21.7 2.82
108900.0 376 64.67 0.3 40882 7839.97 0.36 16519 3583.22 0.45 1991428 641466.45 21.53 370 99.37 0.35 40576 15614.59 21.53 112 0 198 13552 0 23958 18.9 24.0 21.7 2.81
109800.0 354 65.3 0.36 41236 7905.27 0.36 16495 3582.63 0.45 2007923 645049.08 21.53 350 98.77 0.35 40926 15713.36 21.53 112 0 198 13664 0 24156 18.9 24.0 21.7 2.81
110700.0 310 64.53 0.3 41546 7969.79 0.36 16454 3581.42 0.45 2024377 648630.51 21.53 310 97.57 0.35 41236 15810.93 21.53 112 0 198 13776 0 24354 18.9 24.0 21.59 2.76
111600.0 310 64.53 0.3 41856 8034.32 0.36 16451 3580.98 0.45 2040828 652211.49 21.53 310 97.57 0.35 41546 15908.5 21.53 112 0 198 13888 0 24552 18.9 24.0 21.53 2.63
112500.0 376 64.67 0.3 42232 8098.99 0.36 16510 3582.77 0.45 2057338 655794.26 21.53 370 99.37 0.35 41916 16007.87 21.53 112 0 198 14000 0 24750 18.9 23.9 21.53 2.62
113400.0 354 65.3 0.36 42586 8164.29 0.36 16487 3581.28 0.45 2073825 659375.55 21.53 350 98.77 0.35 42266 16106.65 21.53 112 0 198 14112 0 24948 18.9 23.9 21.53 2.62
114300.0 310 64.53 0.3 42896 8228.82 0.36 16448 3580.07 0.45 2090273 662955.62 21.53 310 97.57 0.35 42576 16204.22 21.53 112 0 198 14224 0 25146 18.9 23.9 22.82 0.88
115200.0 310 64.53 0.3 43206 8293.34 0.36 16448 3580.08 0.45 2106721 666535.7 21.53 310 97.57 0.35 42886 16301.79 21.53 112 0 198 14336 0 25344 18.9 24.0 23.46 0.17
116100.0 376 64.67 0.3 43582 8358.01 0.36 16507 3581.87 0.45 2123228 670117.58 21.53 370 99.37 0.35 43256 16401.16 21.53 112 0 198 14448 0 25542 22.6 24.0 23.49 0.04
117000.0 354 65.3 0.36 43936 8423.31 0.36 16487 3581.28 0.45 2139715 673698.86 21.53 350 98.77 0.35 43606 16499.94 21.53 112 0 198 14560 0 25740 22.6 24.0 23.49 0.04
117900.0 310 64.53 0.3 44246 8487.84 0.36 16447 3580.07 0.45 2156162 677278.93 21.53 310 97.57 0.35 43916 16597.51 21.53 112 0 198 14672 0 25938 22.6 24.0 23.54 0.02
118800.0 310 64.53 0.3 44556 8552.36 0.36 16447 3580.08 0.45 2172609 680859.02 21.53 310 97.57 0.35 44226 16695.08 21.53 112 0 198 14784 0 26136 22.7 24.0 23.58 0.02
119700.0 376 64.67 0.3 44932 8617.03 0.36 16502 3580.52 0.45 2189111 684439.54 21.53 370 99.37 0.35 44596 16794.45 21.53 112 0 198 14896 0 26334 22.7 24.0 23.59 0.02
120600.0 354 65.3 0.36 45286 8682.33 0.36 16482 3579.93 0.45 2205593 688019.47 21.53 350 98.77 0.35 44946 16893.22 21.53 112 0 198 15008 0 26532 22.7 24.0 23.59 0.02
121500.0 310 64.53 0.3 45596 8746.86 0.36 16441 3578.27 0.45 2222034 691597.75 21.53 310 97.57 0.35 45256 16990.79 21.53 112 0 198 15120 0 26730 22.7 24.0 23.63 0.01
122400.0 310 64.53 0.3 45906 8811.38 0.36 16440 3577.83 0.45 2238474 695175.58 21.53 310 97.57 0.35 45566 17088.37 21.53 112 0 198 15232 0 26928 22.8 24.0 23.66 0.01
123300.0 376 64.67 0.3 46282 8876.05 0.36 16500 3579.62 0.45 2254974 698755.2 21.53 370 99.37 0.35 45936 17187.74 21.53 112 0 198 15344 0 27126 22.8 24.0 23.66 0.01
124200.0 354 65.3 0.36 46636 8941.35 0.36 16479 3578.58 0.45 2271453 702333.79 21.53 350 98.77 0.35 46286 17286.51 21.53 112 0 198 15456 0 27324 22.8 24.0 23.66 0.01
125100.0 310 64.53 0.3 46946 9005.88 0.36 16436 3577.37 0.45 2287889 705911.16 21.53 310 97.57 0.35 46596 17384.08 21.53 112 0 198 15568 0 27522 22.8 24.0 23.69 0.01
126000.0 310 64.53 0.3 47256 9070.41 0.36 16434 3576.93 0.45 2304323 709488.09 21.53 310 97.57 0.35 46906 17481.65 21.53 112 0 198 15680 0 27720 22.9 24.0 23.72 0.01
126900.0 376 64.67 0.3 47632 9135.07 0.36 16493 3578.72 0.45 2320816 713066.82 21.53 370 99.37 0.35 47276 17581.03 21.53 112 0 198 15792 0 27918 22.9 24.0 23.72 0.01
127800.0 354 65.3 0.36 47986 9200.38 0.36 16471 3578.13 0.45 2337287 716644.95 21.53 350 98.77 0.35 47626 17679.8 21.53 112 0 198 15904 0 28116 22.9 24.0 23.72 0.01
128700.0 310 64.53 0.3 48296 9264.9 0.36 16431 3576.92 0.45 2353718 720221.87 21.53 310 97.57 0.35 47936 17777.37 21.53 112 0 198 16016 0 28314 22.9 24.0 23.75 0.01
129600.0 310 64.53 0.3 48606 9329.43 0.36 16429 3576.93 0.45 2370147 723798.81 21.53 310 97.57 0.35 48246 17874.94 21.53 112 0 198 16128 0 28512 23.1 24.0 23.76 0.01
130500.0 376 64.67 0.3 48982 9394.1 0.36 16486 3578.27 0.45 2386633 727377.08 21.53 370 99.37 0.35 48616 17974.31 21.53 112 0 198 16240 0 28710 23.1 24.0 23.77 0.01
131400.0 354 65.3 0.36 49336 9459.4 0.36 16466 3577.68 0.45 2403099 730954.77 21.53 350 98.77 0.35 48966 18073.09 21.53 112 0 198 16352 0 28908 23.1 24.0 23.77 0.01
132300.0 310 64.53 0.3 49646 9523.92 0.36 16426 3576.47 0.45 2419525 734531.24 21.53 310 97.57 0.35 49276 18170.66 21.53 112 0 198 16464 0 29106 23.1 24.0 23.79 0.01
133200.0 310 64.53 0.3 49956 9588.45 0.36 16425 3576.48 0.45 2435950 738107.72 21.53 310 97.57 0.35 49586 18268.23 21.53 112 0 198 16576 0 29304 23.2 24.0 23.81 0.01
134100.0 376 64.67 0.3 50332 9653.12 0.36 16483 3578.27 0.45 2452433 741686.0 21.53 370 99.37 0.35 49956 18367.6 21.53 112 0 198 16688 0 29502 23.2 24.0 23.81 0.01
135000.0 354 65.3 0.36 50686 9718.42 0.36 16463 3577.68 0.45 2468896 745263.68 21.53 350 98.77 0.35 50306 18466.38 21.53 112 0 198 16800 0 29700 23.2 24.0 23.81 0.01
135900.0 310 64.53 0.3 50996 9782.94 0.36 16421 3576.02 0.45 2485317 748839.7 21.53 310 97.57 0.35 50616 18563.95 21.53 112 0 198 16912 0 29898 23.2 24.0 23.83 0.01
136800.0 310 64.53 0.3 51306 9847.47 0.36 16419 3575.58 0.45 2501736 752415.28 21.53 310 97.57 0.35 50926 18661.52 21.53 112 0 198 17024 0 30096 23.3 24.0 23.84 0.01
137700.0 376 64.67 0.3 51682 9912.14 0.36 16477 3577.37 0.45 2518213 755992.66 21.53 370 99.37 0.35 51296 18760.89 21.53 112 0 198 17136 0 30294 23.3 24.0 23.84 0.01
138600.0 354 65.3 0.36 52036 9977.44 0.36 16456 3576.33 0.45 2534669 759568.99 21.53 350 98.77 0.35 51646 18859.66 21.53 112 0 198 17248 0 30492 23.3 24.0 23.84 0.01
139500.0 310 64.53 0.3 52346 10041.97 0.36 16416 3575.12 0.45 2551085 763144.11 21.53 310 97.57 0.35 51956 18957.23 21.53 112 0 198 17360 0 30690 23.3 24.0 23.85 0.01
140400.0 310 64.53 0.3 52656 10106.49 0.36 16415 3575.13 0.45 2567500 766719.25 21.53 310 97.57 0.35 52266 19054.81 21.53 112 0 198 17472 0 30888 23.4 24.0 23.86 0.01
141300.0 376 64.67 0.3 53032 10171.16 0.36 16473 3576.02 0.45 2583973 770295.27 21.53 370 99.37 0.35 52636 19154.18 21.53 112 0 198 17584 0 31086 23.4 24.0 23.86 0.01
142200.0 354 65.3 0.36 53386 10236.46 0.36 16453 3575.43 0.45 2600426 773870.7 21.53 350 98.77 0.35 52986 19252.95 21.53 112 0 198 17696 0 31284 23.4 24.0 23.86 0.01
143100.0 310 64.53 0.3 53696 10300.99 0.36 16413 3574.22 0.45 2616839 777444.93 21.53 310 97.57 0.35 53296 19350.52 21.53 112 0 198 17808 0 31482 23.4 24.0 23.88 0.01
144000.0 310 64.53 0.3 54006 10365.51 0.36 16412 3574.23 0.45 2633251 781019.16 21.53 310 97.57 0.35 53606 19448.09 21.53 112 0 198 17920 0 31680 23.5 24.0 23.88 0.01
144900.0 376 64.67 0.3 54382 10430.18 0.36 16471 3576.02 0.45 2649722 784595.18 21.53 370 99.37 0.35 53976 19547.47 21.53 112 0 198 18032 0 31878 23.5 24.0 23.88 0.01
145800.0 354 65.3 0.36 54736 10495.48 0.36 16450 3575.43 0.45 2666172 788170.62 21.53 350 98.77 0.35 54326 19646.24 21.53 112 0 198 18144 0 32076 23.5 24.0 23.88 0.01
146700.0 310 64.53 0.3 55046 10560.01 0.36 16409 3573.77 0.45 2682581 791744.39 21.53 310 97.57 0.35 54636 19743.81 21.53 112 0 198 18256 0 32274 23.5 24.0 23.89 0.01
147600.0 310 64.53 0.3 55356 10624.53 0.36 16409 3573.78 0.45 2698990 795318.17 21.53 310 97.57 0.35 54946 19841.38 21.53 112 0 198 18368 0 32472 23.6 24.0 23.89 0.01
148500.0 376 64.67 0.3 55732 10689.2 0.36 16469 3575.57 0.45 2715459 798893.75 21.53 370 99.37 0.35 55316 19940.75 21.53 112 0 198 18480 0 32670 23.6 24.0 23.89 0.01
149400.0 354 65.3 0.36 56086 10754.5 0.36 16448 3574.98 0.45 2731907 802468.73 21.53 350 98.77 0.35 55666 20039.53 21.53 112 0 198 18592 0 32868 23.6 24.0 23.89 0.01
150300.0 310 64.53 0.3 56396 10819.03 0.36 16408 3573.77 0.45 2748315 806042.5 21.53 310 97.57 0.35 55976 20137.1 21.53 112 0 198 18704 0 33066 23.6 24.0 23.89 0.01
151200.0 310 64.53 0.3 56706 10883.56 0.36 16406 3573.33 0.45 2764721 809615.83 21.53 310 97.57 0.35 56286 20234.67 21.53 112 0 198 18816 0 33264 23.7 24.0 23.9 0.01
152100.0 376 64.67 0.3 57082 10948.22 0.36 16464 3574.22 0.45 2781185 813190.06 21.53 370 99.37 0.35 56656 20334.04 21.53 112 0 198 18928 0 33462 23.7 24.0 23.9 0.01
153000.0 354 65.3 0.36 57436 11013.53 0.36 16444 3573.63 0.45 2797629 816763.69 21.53 350 98.77 0.35 57006 20432.82 21.53 112 0 198 19040 0 33660 23.7 24.0 23.9 0.01
153900.0 310 64.53 0.3 57746 11078.05 0.36 16401 3571.97 0.45 2814030 820335.66 21.53 310 97.57 0.35 57316 20530.39 21.53 112 0 198 19152 0 33858 23.6 24.0 23.89 0.01
154800.0 310 64.53 0.3 58056 11142.58 0.36 16400 3571.98 0.45 2830430 823907.65 21.53 310 97.57 0.35 57626 20627.96 21.53 112 0 198 19264 0 34056 23.6 24.0 23.89 0.01
155700.0 376 64.67 0.3 58432 11207.25 0.36 16460 3573.77 0.45 2846890 827481.42 21.53 370 99.37 0.35 57996 20727.33 21.53 112 0 198 19376 0 34254 23.6 24.0 23.89 0.01
156600.0 354 65.3 0.36 58786 11272.55 0.36 16440 3573.18 0.45 2863330 831054.6 21.53 350 98.77 0.35 58346 20826.1 21.53 112 0 198 19488 0 34452 23.6 24.0 23.89 0.01
157500.0 310 64.53 0.3 59096 11337.07 0.36 16397 3571.52 0.45 2879727 834626.13 21.53 310 97.57 0.35 58656 20923.67 21.53 112 0 198 19600 0 34650 23.6 24.0 23.88 0.01
158400.0 310 64.53 0.3 59406 11401.6 0.36 16397 3571.53 0.45 2896124 838197.66 21.53 310 97.57 0.35 58966 21021.25 21.53 112 0 198 19712 0 34848 23.5 24.0 23.88 0.01
159300.0 376 64.67 0.3 59782 11466.27 0.36 16456 3573.32 0.45 2912580 841770.98 21.53 370 99.37 0.35 59336 21120.62 21.53 112 0 198 19824 0 35046 23.5 24.0 23.88 0.01
160200.0 354 65.3 0.36 60136 11531.57 0.36 16434 3571.83 0.45 2929014 845342.82 21.53 350 98.77 0.35 59686 21219.39 21.53 112 0 198 19936 0 35244 23.5 24.0 23.88 0.01
161100.0 310 64.53 0.3 60446 11596.09 0.36 16394 3570.62 0.45 2945408 848913.44 21.53 310 97.57 0.35 59996 21316.96 21.53 112 0 198 20048 0 35442 23.5 24.0 23.85 0.01
162000.0 310 64.53 0.3 60756 11660.62 0.36 16394 3570.63 0.45 2961802 852484.07 21.53 310 97.57 0.35 60306 21414.53 21.53 112 0 198 20160 0 35640 23.4 24.0 23.85 0.01
162900.0 376 64.67 0.3 61132 11725.28 0.36 16452 3572.42 0.45 2978254 856056.5 21.53 370 99.37 0.35 60676 21513.91 21.53 112 0 198 20272 0 35838 23.4 24.0 23.85 0.01
163800.0 354 65.3 0.36 61486 11790.59 0.36 16432 3571.83 0.45 2994686 859628.33 21.53 350 98.77 0.35 61026 21612.68 21.53 112 0 198 20384 0 36036 23.4 24.0 23.85 0.01
164700.0 310 64.53 0.3 61796 11855.11 0.36 16390 3570.17 0.45 3011076 863198.5 21.53 310 97.57 0.35 61336 21710.25 21.53 112 0 198 20496 0 36234 23.4 24.0 23.83 0.02
165600.0 310 64.53 0.3 62106 11919.64 0.36 16386 3569.73 0.45 3027462 866768.23 21.53 310 97.57 0.35 61646 21807.82 21.53 112 0 198 20608 0 36432 23.3 24.0 23.82 0.02
166500.0 376 64.67 0.3 62482 11984.31 0.36 16446 3571.52 0.45 3043908 870339.76 21.53 370 99.37 0.35 62016 21907.19 21.53 112 0 198 20720 0 36630 23.3 24.0 23.82 0.02
167400.0 354 65.3 0.36 62836 12049.61 0.36 16424 3570.48 0.45 3060332 873910.24 21.53 350 98.77 0.35 62366 22005.97 21.53 112 0 198 20832 0 36828 23.3 24.0 23.82 0.02
168300.0 310 64.53 0.3 63146 12114.13 0.36 16380 3567.92 0.45 3076712 877478.16 21.53 310 97.57 0.35 62676 22103.54 21.53 112 0 198 20944 0 37026 23.3 24.0 23.8 0.02
169200.0 310 64.53 0.3 63456 12178.66 0.36 16380 3567.93 0.45 3093092 881046.09 21.53 310 97.57 0.35 62986 22201.11 21.53 112 0 198 21056 0 37224 23.2 24.0 23.79 0.02
170100.0 376 64.67 0.3 63832 12243.32 0.36 16439 3569.27 0.45 3109531 884615.37 21.53 370 99.37 0.35 63356 22300.48 21.53 112 0 198 21168 0 37422 23.2 24.0 23.79 0.02
171000.0 354 65.3 0.36 64186 12308.63 0.36 16418 3568.23 0.45 3125949 888183.6 21.53 350 98.77 0.35 63706 22399.26 21.53 112 0 198 21280 0 37620 23.2 24.0 23.79 0.02
171900.0 310 64.53 0.3 64496 12373.15 0.36 16376 3566.57 0.45 3142325 891750.17 21.53 310 97.57 0.35 64016 22496.83 21.53 112 0 198 21392 0 37818 23.2 24.0 23.76 0.03
172800.0 310 64.53 0.3 64806 12437.68 0.36 16377 3567.03 0.45 3158702 895317.21 21.53 310 97.57 0.35 64326 22594.4 21.53 112 0 198 21504 0 38016 23.1 24.0 23.74 0.02
173700.0 376 64.67 0.3 65182 12502.35 0.36 16433 3567.92 0.45 3175135 898885.13 21.53 370 99.37 0.35 64696 22693.77 21.53 112 0 198 21616 0 38214 23.1 24.0 23.74 0.02
174600.0 354 65.3 0.36 65536 12567.65 0.36 16412 3567.33 0.45 3191547 902452.46 21.53 350 98.77 0.35 65046 22792.54 21.53 112 0 198 21728 0 38412 23.1 24.0 23.74 0.02
175500.0 310 64.53 0.3 65846 12632.17 0.36 16370 3565.67 0.45 3207917 906018.14 21.53 310 97.57 0.35 65356 22890.11 21.53 112 0 198 21840 0 38610 23.1 24.0 23.7 0.03
176400.0 310 64.53 0.3 66156 12696.7 0.36 16367 3565.68 0.45 3224284 909583.82 21.53 310 97.57 0.35 65666 22987.69 21.53 112 0 198 21952 0 38808 22.9 24.0 23.68 0.03
177300.0 376 64.67 0.3 66532 12761.37 0.36 16427 3567.47 0.45 3240711 913151.29 21.53 370 99.37 0.35 66036 23087.06 21.53 112 0 198 22064 0 39006 22.9 23.9 23.68 0.03
178200.0 354 65.3 0.36 66886 12826.67 0.36 16407 3566.88 0.45 3257118 916718.17 21.53 350 98.77 0.35 66386 23185.83 21.53 112 0 198 22176 0 39204 22.9 23.9 23.68 0.03
179100.0 310 64.53 0.3 67196 12891.19 0.36 16363 3566.12 0.45 3273481 920284.3 21.53 310 97.57 0.35 66696 23283.4 21.53 112 0 198 22288 0 39402 22.9 23.9 23.62 0.03
180000.0 310 64.53 0.3 67506 12955.72 0.36 16364 3565.68 0.45 3289845 923849.98 21.53 310 97.57 0.35 67006 23380.97 21.53 112 0 198 22400 0 39600 22.8 23.9 23.58 0.03
180900.0 376 64.67 0.3 67882 13020.39 0.36 16423 3567.47 0.45 3306268 927417.45 21.53 370 99.37 0.35 67376 23480.35 21.53 112 0 198 22512 0 39798 22.8 23.9 23.58 0.03
181800.0 354 65.3 0.36 68236 13085.69 0.36 16393 3565.53 0.45 3322661 930982.99 21.53 350 98.77 0.35 67726 23579.12 21.53 112 0 198 22624 0 39996 22.8 23.9 23.58 0.03
182700.0 310 64.53 0.3 68546 13150.22 0.36 16355 3565.67 0.45 3339016 934548.66 21.53 310 97.57 0.35 68036 23676.69 21.53 112 0 198 22736 0 40194 22.8 23.8 23.51 0.03
183600.0 310 64.53 0.3 68856 13214.74 0.36 16356 3565.68 0.45 3355372 938114.34 21.53 310 97.57 0.35 68346 23774.26 21.53 112 0 198 22848 0 40392 22.7 23.8 23.44 0.02
184500.0 376 64.67 0.3 69232 13279.41 0.36 16408 3566.12 0.45 3371780 941680.46 21.53 370 99.37 0.35 68716 23873.63 21.53 112 0 198 22960 0 40590 22.7 23.8 23.44 0.02
185400.0 354 65.3 0.36 69586 13344.71 0.36 16381 3563.73 0.45 3388161 945244.2 21.53 350 98.77 0.35 69066 23972.41 21.53 112 0 198 23072 0 40788 22.7 23.8 23.44 0.02
186300.0 310 64.53 0.3 69896 13409.24 0.36 16345 3563.42 0.45 3404506 948807.62 21.53 310 97.57 0.35 69376 24069.98 21.53 112 0 198 23184 0 40986 22.7 23.7 23.35 0.03
187200.0 310 64.53 0.3 70206 13473.76 0.36 16349 3562.98 0.45 3420855 952370.6 21.53 310 97.57 0.35 69686 24167.55 21.53 112 0 198 23296 0 41184 22.4 23.7 23.26 0.02
188100.0 376 64.67 0.3 70582 13538.43 0.36 16408 3564.77 0.45 3437263 955935.37 21.53 370 99.37 0.35 70056 24266.92 21.53 112 0 198 23408 0 41382 22.4 23.7 23.26 0.02
189000.0 354 65.3 0.36 70936 13603.73 0.36 16384 3562.83 0.45 3453647 959498.21 21.53 350 98.77 0.35 70406 24365.7 21.53 112 0 198 23520 0 41580 22.4 23.7 23.26 0.02
189900.0 310 64.53 0.3 71246 13668.26 0.36 16344 3562.07 0.45 3469991 963060.28 21.53 310 97.57 0.35 70716 24463.27 21.53 112 0 198 23632 0 41778 22.4 23.6 23.13 0.03
190800.0 310 64.53 0.3 71556 13732.78 0.36 16347 3562.98 0.45 3486338 966623.26 21.53 310 97.57 0.35 71026 24560.84 21.53 112 0 198 23744 0 41976 22.1 23.5 23.01 0.03
191700.0 376 64.67 0.3 71932 13797.45 0.36 16407 3564.77 0.45 3502745 970188.03 21.53 370 99.37 0.35 71396 24660.21 21.53 112 0 198 23856 0 42174 22.1 23.5 23.01 0.03
192600.0 354 65.3 0.36 72286 13862.76 0.36 16373 3561.93 0.45 3519118 973749.97 21.53 350 98.77 0.35 71746 24758.98 21.53 112 0 198 23968 0 42372 22.1 23.5 23.01 0.03
193500.0 310 64.53 0.3 72596 13927.28 0.36 16333 3561.17 0.45 3535451 977311.14 21.53 310 97.57 0.35 72056 24856.55 21.53 112 0 198 24080 0 42570 22.1 23.4 22.86 0.03
194400.0 310 64.53 0.3 72906 13991.81 0.36 16336 3562.08 0.45 3551787 980873.22 21.53 310 97.57 0.35 72366 24954.13 21.53 112 0 198 24192 0 42768 22.0 23.3 22.73 0.03
195300.0 376 64.67 0.3 73282 14056.47 0.36 16388 3562.97 0.45 3568175 984436.19 21.53 370 99.37 0.35 72736 25053.5 21.53 112 0 198 24304 0 42966 22.0 23.3 22.72 0.02
196200.0 354 65.3 0.36 73636 14121.78 0.36 16367 3561.93 0.45 3584542 987998.13 21.53 350 98.77 0.35 73086 25152.27 21.53 112 0 198 24416 0 43164 22.0 23.3 22.72 0.02
197100.0 310 64.53 0.3 73946 14186.3 0.36 16332 3561.17 0.45 3600874 991559.3 21.53 310 97.57 0.35 73396 25249.84 21.53 112 0 198 24528 0 43362 22.0 23.1 22.57 0.02
198000.0 310 64.53 0.3 74256 14250.83 0.36 16311 3558.93 0.45 3617185 995118.23 21.53 310 97.57 0.35 73706 25347.41 21.53 112 0 198 24640 0 43560 22.0 23.1 22.42 0.02
198900.0 376 64.67 0.3 74632 14315.5 0.36 16371 3560.72 0.45 3633556 998678.95 21.53 370 99.37 0.35 74076 25446.79 21.53 112 0 198 24752 0 43758 22.0 23.1 22.41 0.02
199800.0 354 65.3 0.36 74986 14380.8 0.36 16350 3559.68 0.45 3649906 1002238.63 21.53 350 98.77 0.35 74426 25545.56 21.53 112 0 198 24864 0 43956 22.0 23.1 22.41 0.02
200700.0 310 64.53 0.3 75296 14445.32 0.36 16317 3560.27 0.45 3666223 1005798.91 21.53 310 97.57 0.35 74736 25643.13 21.53 112 0 198 24976 0 44154 22.0 22.8 22.26 0.01
201600.0 310 64.53 0.3 75606 14509.85 0.36 16319 3560.28 0.45 3682542 1009359.19 21.53 310 97.57 0.35 75046 25740.7 21.53 112 0 198 25088 0 44352 22.0 22.8 22.19 0.02
202500.0 376 64.67 0.3 75982 14574.52 0.36 16379 3562.07 0.45 3698921 1012921.26 21.53 370 99.37 0.35 75416 25840.07 21.53 112 0 198 25200 0 44550 22.0 22.8 22.18 0.02
203400.0 354 65.3 0.36 76336 14639.82 0.36 16355 3561.03 0.45 3715276 1016482.29 21.53 350 98.77 0.35 75766 25938.85 21.53 112 0 198 25312 0 44748 22.0 22.8 22.18 0.02
204300.0 310 64.53 0.3 76646 14704.35 0.36 16322 3561.62 0.45 3731598 1020043.91 21.53 310 97.57 0.35 76076 26036.42 21.53 112 0 198 25424 0 44946 22.0 22.6 22.06 0.01
205200.0 310 64.53 0.3 76956 14768.87 0.36 16321 3561.18 0.45 3747919 1023605.1 21.53 310 97.57 0.35 76386 26133.99 21.53 112 0 198 25536 0 45144 22.0 22.6 22.06 0.01
206100.0 376 64.67 0.3 77332 14833.54 0.36 16379 3562.07 0.45 3764298 1027167.17 21.53 370 99.37 0.35 76756 26233.36 21.53 112 0 198 25648 0 45342 22.0 22.6 22.06 0.01
207000.0 354 65.3 0.36 77686 14898.84 0.36 16349 3560.13 0.45 3780647 1030727.3 21.53 350 98.77 0.35 77106 26332.13 21.53 112 0 198 25760 0 45540 22.0 22.6 22.06 0.01
207900.0 310 64.53 0.3 77996 14963.36 0.36 16319 3560.27 0.45 3796966 1034287.57 21.53 310 97.57 0.35 77416 26429.7 21.53 112 0 198 25872 0 45738 22.0 22.2 22.02 0.0
208800.0 310 64.53 0.3 78306 15027.89 0.36 16315 3559.38 0.45 3813281 1037846.96 21.53 310 97.57 0.35 77726 26527.28 21.53 112 0 198 25984 0 45936 22.0 22.2 22.02 0.0
209700.0 376 64.67 0.3 78682 15092.56 0.36 16373 3561.17 0.45 3829654 1041408.13 21.53 370 99.37 0.35 78096 26626.65 21.53 112 0 198 26096 0 46134 22.0 22.2 22.02 0.0
210600.0 354 65.3 0.36 79036 15157.86 0.36 16341 3560.13 0.45 3845995 1044968.26 21.53 350 98.77 0.35 78446 26725.42 21.53 112 0 198 26208 0 46332 22.0 22.2 22.02 0.0
211500.0 310 64.53 0.3 79346 15222.38 0.36 16300 3558.02 0.45 3862295 1048526.28 21.53 310 97.57 0.35 78756 26822.99 21.53 112 0 198 26320 0 46530 22.0 22.0 22.0 0.0
212400.0 310 64.53 0.3 79656 15286.91 0.36 16299 3557.58 0.45 3878594 1052083.86 21.53 310 97.57 0.35 79066 26920.57 21.53 112 0 198 26432 0 46728 22.0 22.0 22.0 0.0
213300.0 376 64.67 0.3 80032 15351.58 0.36 16358 3559.37 0.45 3894952 1055643.24 21.53 370 99.37 0.35 79436 27019.94 21.53 112 0 198 26544 0 46926 22.0 22.0 22.0 0.0
214200.0 354 65.3 0.36 80386 15416.88 0.36 16329 3557.88 0.45 3911281 1059201.12 21.53 350 98.77 0.35 79786 27118.71 21.53 112 0 198 26656 0 47124 22.0 22.0 22.0 0.0
215100.0 310 64.53 0.3 80696 15481.4 0.36 16286 3555.32 0.45 3927567 1062756.44 21.53 310 97.57 0.35 80096 27216.28 21.53 112 0 198 26768 0 47322 22.0 22.0 22.0 0.0
216000.0 310 64.53 0.3 81006 15545.93 0.36 16278 3553.98 0.45 3943845 1066310.42 21.53 310 97.57 0.35 80406 27313.85 21.53 112 0 198 26880 0 47520 22.0 22.0 22.0 0.0
216900.0 376 64.67 0.3 81382 15610.6 0.36 16336 3555.77 0.45 3960181 1069866.19 21.53 370 99.37 0.35 80776 27413.23 21.53 112 0 198 26992 0 47718 22.0 22.0 22.0 0.0
217800.0 354 65.3 0.36 81736 15675.9 0.36 16314 3554.73 0.45 3976495 1073420.93 21.53 350 98.77 0.35 81126 27512.0 21.53 112 0 198 27104 0 47916 22.0 22.0 22.0 0.0
218700.0 310 64.53 0.3 82046 15740.42 0.36 16264 3550.37 0.45 3992759 1076971.3 21.53 310 97.57 0.35 81436 27609.57 21.53 112 0 198 27216 0 48114 22.0 22.0 22.0 0.0
219600.0 310 64.53 0.3 82356 15804.95 0.36 16263 3549.93 0.45 4009022 1080521.23 21.53 310 97.57 0.35 81746 27707.14 21.53 112 0 198 27328 0 48312 22.0 22.0 22.0 0.0
220500.0 376 64.67 0.3 82732 15869.62 0.36 16314 3549.47 0.45 4025336 1084070.7 21.53 370 99.37 0.35 82116 27806.51 21.53 112 0 198 27440 0 48510 22.0 22.0 22.0 0.0
221400.0 354 65.31 0.36 83086 15934.92 0.36 16289 3550.72 0.45 4041625 1087621.42 21.53 350 98.81 0.35 82466 27905.33 21.53 112 0 198 27552 0 48708 22.0 22.0 22.0 0.0
222300.0 310 64.53 0.3 83396 15999.45 0.36 16345 3566.54 0.45 4057970 1091187.96 21.53 310 97.64 0.35 82776 28002.96 21.53 112 0 198 27664 0 48906 20.4 22.0 21.3 0.07
223200.0 310 64.53 0.3 83706 16063.98 0.36 16373 3570.6 0.45 4074343 1094758.56 21.53 310 97.64 0.35 83086 28100.6 21.53 112 0 198 27776 0 49104 19.9 22.0 20.56 0.14
224100.0 376 64.67 0.3 84082 16128.66 0.36 16433 3572.39 0.45 4090776 1098330.95 21.53 370 99.44 0.35 83456 28200.04 21.53 112 0 198 27888 0 49302 19.8 21.8 20.53 0.11
225000.0 354 65.31 0.36 84436 16193.96 0.36 16413 3571.05 0.45 4107189 1101902.01 21.53 350 98.83 0.35 83806 28298.87 21.53 112 0 198 28000 0 49500 19.8 21.8 20.53 0.11
225900.0 310 64.53 0.3 84746 16258.49 0.36 16372 3569.97 0.45 4123561 1105471.97 21.53 310 97.63 0.35 84116 28396.5 21.53 112 0 198 28112 0 49698 19.8 21.7 20.48 0.11
226800.0 310 64.53 0.3 85056 16323.02 0.36 16376 3570.87 0.45 4139937 1109042.84 21.53 310 97.64 0.35 84426 28494.14 21.53 112 0 198 28224 0 49896 19.8 21.7 20.44 0.12
227700.0 376 64.67 0.3 85432 16387.7 0.36 16435 3572.67 0.45 4156372 1112615.51 21.53 370 99.44 0.35 84796 28593.57 21.53 112 0 198 28336 0 50094 19.8 21.7 20.44 0.12
228600.0 354 65.31 0.36 85786 16453.0 0.36 16413 3573.0 0.45 4172785 1116188.51 21.53 350 98.85 0.35 85146 28692.43 21.53 112 0 198 28448 0 50292 19.8 21.7 20.44 0.12
229500.0 310 64.53 0.3 86096 16517.53 0.36 16371 3570.42 0.45 4189156 1119758.93 21.53 310 97.63 0.35 85456 28790.06 21.53 112 0 198 28560 0 50490 19.8 21.6 20.42 0.12
230400.0 310 64.53 0.3 86406 16582.06 0.36 16373 3571.33 0.45 4205529 1123330.26 21.53 310 97.64 0.35 85766 28887.69 21.53 112 0 198 28672 0 50688 19.8 21.6 20.43 0.12
231300.0 376 64.67 0.3 86782 16646.73 0.36 16432 3573.12 0.45 4221961 1126903.38 21.53 370 99.43 0.35 86136 28987.13 21.53 112 0 198 28784 0 50886 19.8 21.6 20.43 0.12
232200.0 354 65.31 0.36 87136 16712.04 0.36 16410 3571.69 0.45 4238371 1130475.07 21.53 350 98.83 0.35 86486 29085.96 21.53 112 0 198 28896 0 51084 19.8 21.6 20.43 0.12
233100.0 310 64.53 0.3 87446 16776.57 0.36 16367 3570.5 0.45 4254738 1134045.57 21.53 310 97.64 0.35 86796 29183.6 21.53 112 0 198 29008 0 51282 19.8 21.5 20.46 0.13
234000.0 310 64.53 0.3 87756 16841.1 0.36 16369 3570.51 0.45 4271107 1137616.07 21.53 310 97.65 0.35 87106 29281.25 21.53 112 0 198 29120 0 51480 19.8 21.5 20.47 0.13
234900.0 376 64.67 0.3 88132 16905.77 0.36 16429 3572.3 0.45 4287536 1141188.38 21.53 370 99.45 0.35 87476 29380.69 21.53 112 0 198 29232 0 51678 19.8 21.5 20.47 0.13
235800.0 354 65.31 0.36 88486 16971.08 0.36 16407 3570.41 0.45 4303943 1144758.79 21.53 350 98.82 0.35 87826 29479.52 21.53 112 0 198 29344 0 51876 19.8 21.5 20.47 0.13
236700.0 310 64.53 0.3 88796 17035.6 0.36 16363 3566.45 0.45 4320306 1148325.24 21.53 310 97.59 0.35 88136 29577.11 21.53 112 0 198 29456 0 52074 19.8 21.4 20.49 0.15
237600.0 310 64.53 0.3 89106 17100.13 0.36 16365 3566.91 0.45 4336671 1151892.15 21.53 310 97.6 0.35 88446 29674.71 21.53 112 0 198 29568 0 52272 19.8 21.4 20.53 0.14
238500.0 376 64.67 0.3 89482 17164.8 0.36 16422 3567.8 0.45 4353093 1155459.96 21.53 370 99.4 0.35 88816 29774.1 21.53 112 0 198 29680 0 52470 19.7 21.4 20.53 0.14
239400.0 354 65.31 0.36 89836 17230.1 0.36 16395 3567.57 0.45 4369488 1159027.53 21.53 350 98.82 0.35 89166 29872.92 21.53 112 0 198 29792 0 52668 19.7 21.4 20.53 0.14
240300.0 310 64.53 0.3 90146 17294.63 0.36 16357 3566.8 0.45 4385845 1162594.34 21.53 310 97.62 0.35 89476 29970.54 21.53 112 0 198 29904 0 52866 19.7 21.5 20.55 0.16
241200.0 310 64.53 0.3 90456 17359.16 0.36 16354 3566.82 0.45 4402199 1166161.16 21.53 310 97.62 0.35 89786 30068.15 21.53 112 0 198 30016 0 53064 19.7 21.6 20.59 0.15
242100.0 376 64.67 0.3 90832 17423.83 0.36 16412 3568.61 0.45 4418611 1169729.77 21.53 370 99.42 0.35 90156 30167.57 21.53 112 0 198 30128 0 53262 19.7 21.6 20.59 0.15
243000.0 354 65.3 0.36 91186 17489.14 0.36 16388 3567.14 0.45 4434999 1173296.91 21.53 350 98.81 0.35 90506 30266.38 21.53 112 0 198 30240 0 53460 19.7 21.6 20.59 0.15
243900.0 310 64.53 0.3 91496 17553.67 0.36 16345 3566.41 0.45 4451344 1176863.32 21.53 310 97.63 0.35 90816 30364.01 21.53 112 0 198 30352 0 53658 19.7 21.7 20.61 0.17
244800.0 310 64.53 0.3 91806 17618.2 0.36 16349 3566.87 0.45 4467693 1180430.19 21.53 310 97.63 0.35 91126 30461.64 21.53 112 0 198 30464 0 53856 19.7 21.8 20.64 0.17
245700.0 376 64.67 0.3 92182 17682.87 0.36 16408 3568.66 0.45 4484101 1183998.85 21.53 370 99.43 0.35 91496 30561.06 21.53 112 0 198 30576 0 54054 19.6 21.8 20.64 0.17
246600.0 354 65.31 0.36 92536 17748.18 0.36 16378 3567.04 0.45 4500479 1187565.9 21.53 350 98.84 0.35 91846 30659.91 21.53 112 0 198 30688 0 54252 19.6 21.8 20.64 0.17
247500.0 310 64.53 0.3 92846 17812.71 0.36 16344 3565.59 0.45 4516823 1191131.49 21.53 310 97.63 0.35 92156 30757.53 21.53 112 0 198 30800 0 54450 19.6 21.8 20.61 0.18
248400.0 310 64.53 0.3 93156 17877.23 0.36 16340 3565.6 0.45 4533163 1194697.09 21.53 310 97.63 0.35 92466 30855.16 21.53 112 0 198 30912 0 54648 19.6 21.9 20.63 0.18
249300.0 376 64.67 0.3 93532 17941.91 0.36 16392 3566.94 0.45 4549555 1198264.04 21.53 370 99.43 0.35 92836 30954.59 21.53 112 0 198 31024 0 54846 19.5 21.9 20.63 0.19
250200.0 354 65.31 0.36 93886 18007.21 0.36 16361 3564.33 0.45 4565916 1201828.36 21.53 350 98.82 0.35 93186 31053.41 21.53 112 0 198 31136 0 55044 19.5 21.9 20.63 0.19
251100.0 310 64.53 0.3 94196 18071.74 0.36 16334 3564.21 0.45 4582250 1205392.58 21.53 310 97.62 0.35 93496 31151.03 21.53 112 0 198 31248 0 55242 19.5 21.9 20.59 0.2
252000.0 310 64.53 0.3 94506 18136.27 0.36 16337 3564.68 0.45 4598587 1208957.26 21.53 310 97.62 0.35 93806 31248.65 21.53 112 0 198 31360 0 55440 19.5 22.0 20.57 0.22
252900.0 376 64.67 0.3 94882 18200.94 0.36 16396 3566.47 0.45 4614983 1212523.72 21.53 370 99.42 0.35 94176 31348.07 21.53 112 0 198 31472 0 55638 19.5 22.0 20.57 0.22
253800.0 354 65.31 0.36 95236 18266.25 0.36 16359 3563.88 0.45 4631342 1216087.6 21.53 350 98.83 0.35 94526 31446.89 21.53 112 0 198 31584 0 55836 19.5 22.0 20.57 0.22
254700.0 310 64.53 0.3 95546 18330.78 0.36 16371 3568.76 0.45 4647713 1219656.36 21.53 310 97.63 0.35 94836 31544.52 21.53 112 0 198 31696 0 56034 19.5 22.0 20.45 0.22
255600.0 310 64.53 0.3 95856 18395.31 0.36 16379 3570.58 0.45 4664092 1223226.94 21.53 310 97.63 0.35 95146 31642.15 21.53 112 0 198 31808 0 56232 19.5 21.8 20.41 0.24
256500.0 376 64.67 0.3 96232 18459.98 0.36 16439 3572.37 0.45 4680531 1226799.31 21.53 370 99.43 0.35 95516 31741.58 21.53 112 0 198 31920 0 56430 19.3 21.8 20.41 0.24
257400.0 354 65.3 0.36 96586 18525.28 0.36 16384 3566.34 0.45 4696915 1230365.64 21.53 350 98.81 0.35 95866 31840.39 21.53 112 0 198 32032 0 56628 19.3 21.8 20.41 0.24
258300.0 310 64.53 0.3 96896 18589.81 0.36 16386 3572.12 0.45 4713301 1233937.77 21.53 310 97.62 0.35 96176 31938.02 21.53 112 0 198 32144 0 56826 19.3 21.8 20.26 0.23
259200.0 310 64.53 0.3 97206 18654.34 0.36 16391 3572.13 0.45 4729692 1237509.9 21.53 310 97.63 0.35 96486 32035.64 21.53 112 0 198 32256 0 57024 19.3 21.8 20.17 0.26
260100.0 376 64.67 0.3 97582 18719.01 0.36 16451 3573.93 0.45 4746143 1241083.82 21.53 370 99.43 0.35 96856 32135.07 21.53 112 0 198 32368 0 57222 19.2 21.6 20.17 0.26
261000.0 356 65.67 0.36 97938 18784.69 0.36 16737 198556.49 21.54 4762880 1439640.32 21.54 352 3756.41 21.54 97208 35891.48 21.54 112 0 198 32480 0 57420 19.2 21.6 20.17 0.26
261900.0 310 64.53 0.3 98248 18849.22 0.36 16421 3582.09 0.45 4779301 1443222.41 21.54 310 97.65 0.35 97518 35989.13 21.54 112 0 198 32592 0 57618 18.9 21.6 19.83 0.22
262800.0 310 64.53 0.3 98558 18913.75 0.36 16423 3582.09 0.45 4795724 1446804.5 21.54 310 97.65 0.35 97828 36086.78 21.54 112 0 198 32704 0 57816 18.9 21.6 19.66 0.24
263700.0 376 64.67 0.3 98934 18978.42 0.36 16483 3583.9 0.45 4812207 1450388.4 21.54 370 99.45 0.35 98198 36186.23 21.54 112 0 198 32816 0 58014 18.9 20.8 19.65 0.24
264600.0 356 65.69 0.36 99290 19044.11 0.36 16774 198198.91 21.51 4828981 1648587.31 21.54 352 3747.15 21.51 98550 39933.38 21.54 112 0 198 32928 0 58212 18.9 20.8 19.65 0.24
265500.0 310 64.56 0.31 99600 19108.67 0.36 16439 3605.15 0.45 4845420 1652192.46 21.54 310 98.08 0.35 98860 40031.47 21.54 112 0 198 33040 0 58410 17.3 20.8 18.41 0.26
266400.0 310 64.56 0.31 99910 19173.23 0.36 16461 3608.73 0.45 4861881 1655801.19 21.54 310 98.08 0.35 99170 40129.55 21.54 112 0 198 33152 0 58608 17.3 20.2 17.83 0.06
267300.0 376 64.71 0.31 100286 19237.94 0.36 16521 3610.56 0.45 4878402 1659411.74 21.54 370 99.89 0.35 99540 40229.44 21.54 112 0 198 33264 0 58806 17.3 18.8 17.8 0.02
268200.0 356 65.71 0.36 100642 19303.65 0.36 16812 197981.92 21.51 4895214 1857393.67 21.54 352 3746.19 21.51 99892 43975.63 21.54 112 0 198 33376 0 59004 17.3 18.8 17.8 0.02
269100.0 310 64.56 0.31 100952 19368.21 0.36 16457 3606.03 0.45 4911671 1860999.69 21.54 310 98.07 0.35 100202 44073.69 21.54 112 0 198 33488 0 59202 17.3 18.8 17.78 0.02
270000.0 310 64.56 0.31 101262 19432.77 0.36 16460 3605.99 0.45 4928131 1864605.68 21.54 310 98.07 0.35 100512 44171.76 21.54 112 0 198 33600 0 59400 17.3 18.7 17.76 0.02
270900.0 376 64.7 0.31 101638 19497.47 0.36 16520 3607.82 0.45 4944651 1868213.5 21.54 370 99.87 0.35 100882 44271.63 21.54 112 0 198 33712 0 59598 17.3 18.7 17.76 0.02
271800.0 354 65.34 0.36 101992 19562.81 0.36 16497 3606.39 0.45 4961148 1871819.89 21.54 350 99.25 0.35 101232 44370.88 21.54 112 0 198 33824 0 59796 17.3 18.7 17.76 0.02
272700.0 310 64.56 0.31 102302 19627.37 0.36 16455 3605.66 0.45 4977603 1875425.55 21.54 310 98.05 0.35 101542 44468.93 21.54 112 0 198 33936 0 59994 17.3 18.7 17.74 0.02
273600.0 310 64.56 0.31 102612 19691.93 0.36 16454 3605.18 0.45 4994057 1879030.74 21.54 310 98.05 0.35 101852 44566.98 21.54 112 0 198 34048 0 60192 17.3 18.6 17.73 0.02
274500.0 376 64.7 0.31 102988 19756.63 0.36 16513 3607.01 0.45 5010570 1882637.75 21.54 370 99.85 0.35 102222 44666.83 21.54 112 0 198 34160 0 60390 17.3 18.6 17.73 0.02
275400.0 354 65.34 0.36 103342 19821.97 0.36 16492 3609.76 0.45 5027062 1886247.51 21.54 350 99.32 0.35 102572 44766.16 21.54 112 0 198 34272 0 60588 17.3 18.6 17.73 0.02
276300.0 310 64.56 0.31 103652 19886.53 0.36 16452 3606.17 0.45 5043514 1889853.68 21.54 310 98.08 0.35 102882 44864.23 21.54 112 0 198 34384 0 60786 17.3 18.6 17.71 0.02
277200.0 310 64.56 0.31 103962 19951.09 0.36 16451 3605.69 0.45 5059965 1893459.37 21.54 310 98.08 0.35 103192 44962.31 21.54 112 0 198 34496 0 60984 17.3 18.5 17.7 0.02
278100.0 376 64.7 0.31 104338 20015.79 0.36 16511 3607.52 0.45 5076476 1897066.88 21.54 370 99.88 0.35 103562 45062.19 21.54 112 0 198 34608 0 61182 17.3 18.5 17.7 0.02
279000.0 354 65.33 0.36 104692 20081.13 0.36 16491 3603.9 0.45 5092967 1900670.78 21.54 350 99.22 0.35 103912 45161.41 21.54 112 0 198 34720 0 61380 17.3 18.5 17.7 0.02
279900.0 310 64.56 0.31 105002 20145.69 0.36 16453 3606.46 0.45 5109420 1904277.24 21.54 310 98.07 0.35 104222 45259.48 21.54 112 0 198 34832 0 61578 17.3 18.5 17.69 0.02
280800.0 310 64.56 0.31 105312 20210.25 0.36 16453 3606.44 0.45 5125873 1907883.68 21.54 310 98.07 0.35 104532 45357.54 21.54 112 0 198 34944 0 61776 17.3 18.4 17.68 0.01
281700.0 376 64.7 0.31 105688 20274.95 0.36 16511 3608.27 0.45 5142384 1911491.95 21.54 370 99.87 0.35 104902 45457.41 21.54 112 0 198 35056 0 61974 17.3 18.4 17.68 0.01
282600.0 354 65.34 0.36 106042 20340.29 0.36 16483 3606.16 0.45 5158867 1915098.11 21.54 350 99.27 0.35 105252 45556.69 21.54 112 0 198 35168 0 62172 17.3 18.4 17.68 0.01
283500.0 310 64.56 0.31 106352 20404.84 0.36 16446 3602.12 0.45 5175313 1918700.23 21.54 310 98.02 0.35 105562 45654.7 21.54 112 0 198 35280 0 62370 17.3 18.4 17.67 0.01
284400.0 310 64.56 0.31 106662 20469.4 0.36 16445 3602.09 0.45 5191758 1922302.32 21.54 310 98.02 0.35 105872 45752.72 21.54 112 0 198 35392 0 62568 17.3 18.3 17.67 0.01
285300.0 376 64.7 0.31 107038 20534.1 0.36 16500 3603.47 0.45 5208258 1925905.79 21.54 370 99.82 0.35 106242 45852.54 21.54 112 0 198 35504 0 62766 17.3 18.3 17.67 0.01
286200.0 354 65.33 0.36 107392 20599.43 0.36 16477 3601.72 0.45 5224735 1929507.51 21.54 350 99.2 0.35 106592 45951.74 21.54 112 0 198 35616 0 62964 17.3 18.3 17.67 0.01
287100.0 310 64.56 0.31 107702 20663.99 0.36 16440 3601.02 0.45 5241175 1933108.53 21.54 310 98.01 0.35 106902 46049.74 21.54 112 0 198 35728 0 63162 17.3 18.3 17.66 0.01
288000.0 310 64.56 0.31 108012 20728.54 0.36 16440 3600.99 0.45 5257615 1936709.52 21.54 310 98.0 0.35 107212 46147.75 21.54 112 0 198 35840 0 63360 17.3 18.2 17.66 0.01
288900.0 376 64.7 0.31 108388 20793.24 0.36 16500 3602.82 0.45 5274115 1940312.34 21.54 370 99.81 0.35 107582 46247.55 21.54 112 0 198 35952 0 63558 17.3 18.2 17.66 0.01
289800.0 354 65.34 0.36 108742 20858.58 0.36 16476 3605.54 0.45 5290591 1943917.88 21.54 350 99.28 0.35 107932 46346.83 21.54 112 0 198 36064 0 63756 17.3 18.2 17.66 0.01
290700.0 310 64.56 0.31 109052 20923.14 0.36 16435 3606.34 0.45 5307026 1947524.21 21.54 310 98.12 0.35 108242 46444.96 21.54 112 0 198 36176 0 63954 17.3 18.2 17.66 0.01
291600.0 310 64.56 0.31 109362 20987.71 0.36 16433 3606.31 0.45 5323459 1951130.53 21.54 310 98.12 0.35 108552 46543.08 21.54 112 0 198 36288 0 64152 17.3 18.1 17.66 0.01
292500.0 376 64.71 0.31 109738 21052.42 0.36 16490 3606.79 0.45 5339949 1954737.32 21.54 370 99.93 0.35 108922 46643.0 21.54 112 0 198 36400 0 64350 17.3 18.1 17.66 0.01
293400.0 354 65.34 0.36 110092 21117.76 0.36 16469 3605.71 0.45 5356418 1958343.03 21.54 350 99.32 0.35 109272 46742.33 21.54 112 0 198 36512 0 64548 17.3 18.1 17.66 0.01
294300.0 310 64.56 0.31 110402 21182.32 0.36 16428 3601.78 0.45 5372846 1961944.81 21.54 310 98.07 0.35 109582 46840.4 21.54 112 0 198 36624 0 64746 17.3 18.1 17.66 0.01
295200.0 310 64.56 0.31 110712 21246.88 0.36 16428 3602.2 0.45 5389274 1965547.01 21.54 310 98.07 0.35 109892 46938.47 21.54 112 0 198 36736 0 64944 17.4 18.0 17.66 0.01
296100.0 376 64.7 0.31 111088 21311.58 0.36 16487 3604.03 0.45 5405761 1969151.05 21.54 370 99.87 0.35 110262 47038.34 21.54 112 0 198 36848 0 65142 17.4 18.0 17.66 0.01
297000.0 354 65.34 0.36 111442 21376.92 0.36 16467 3603.4 0.45 5422228 1972754.45 21.54 350 99.27 0.35 110612 47137.61 21.54 112 0 198 36960 0 65340 17.4 18.0 17.66 0.01
297900.0 310 64.56 0.31 111752 21441.48 0.36 16423 3604.53 0.45 5438651 1976358.98 21.54 310 98.12 0.35 110922 47235.74 21.54 112 0 198 37072 0 65538 17.4 18.0 17.66 0.01
298800.0 310 64.56 0.31 112062 21506.05 0.36 16424 3604.96 0.45 5455075 1979963.94 21.54 310 98.12 0.35 111232 47333.86 21.54 112 0 198 37184 0 65736 17.4 18.0 17.66 0.01
299700.0 376 64.71 0.31 112438 21570.75 0.36 16484 3606.79 0.45 5471559 1983570.74 21.54 370 99.93 0.35 111602 47433.78 21.54 112 0 198 37296 0 65934 17.4 18.0 17.66 0.01
300600.0 354 65.34 0.36 112792 21636.09 0.36 16460 3605.71 0.45 5488019 1987176.45 21.54 350 99.32 0.35 111952 47533.11 21.54 112 0 198 37408 0 66132 17.4 18.0 17.66 0.01
301500.0 310 64.56 0.31 113102 21700.66 0.36 16423 3601.08 0.45 5504442 1990777.53 21.54 310 98.07 0.35 112262 47631.17 21.54 112 0 198 37520 0 66330 17.4 18.0 17.66 0.01
302400.0 310 64.56 0.31 113412 21765.22 0.36 16427 3601.06 0.45 5520869 1994378.59 21.54 310 98.06 0.35 112572 47729.24 21.54 112 0 198 37632 0 66528 17.4 17.9 17.67 0.01
303300.0 376 64.7 0.31 113788 21829.92 0.36 16482 3601.98 0.45 5537351 1997980.57 21.54 370 99.87 0.35 112942 47829.11 21.54 112 0 198 37744 0 66726 17.4 17.9 17.67 0.01
304200.0 354 65.33 0.36 114142 21895.25 0.36 16459 3598.37 0.45 5553810 2001578.94 21.54 350 99.21 0.35 113292 47928.32 21.54 112 0 198 37856 0 66924 17.4 17.9 17.67 0.01
305100.0 310 64.56 0.31 114452 21959.81 0.36 16419 3601.06 0.45 5570229 2005180.0 21.54 310 98.07 0.35 113602 48026.38 21.54 112 0 198 37968 0 67122 17.4 17.9 17.66 0.01
306000.0 310 64.56 0.31 114762 22024.37 0.36 16418 3600.59 0.45 5586647 2008780.59 21.54 310 98.07 0.35 113912 48124.45 21.54 112 0 198 38080 0 67320 17.4 17.8 17.67 0.01
306900.0 376 64.7 0.31 115138 22089.08 0.36 16478 3602.42 0.45 5603125 2012383.0 21.54 370 99.87 0.35 114282 48224.32 21.54 112 0 198 38192 0 67518 17.4 17.9 17.67 0.01
307800.0 354 65.34 0.36 115492 22154.42 0.36 16454 3604.36 0.45 5619579 2015987.37 21.54 350 99.32 0.35 114632 48323.64 21.54 112 0 198 38304 0 67716 17.4 17.9 17.67 0.01
308700.0 310 64.56 0.31 115802 22218.98 0.36 16408 3603.64 0.45 5635987 2019591.0 21.54 310 98.12 0.35 114942 48421.77 21.54 112 0 198 38416 0 67914 17.4 17.9 17.67 0.01
309600.0 310 64.56 0.31 116112 22283.55 0.36 16415 3604.06 0.45 5652402 2023195.07 21.54 310 98.12 0.35 115252 48519.89 21.54 112 0 198 38528 0 68112 17.4 17.9 17.68 0.01
310500.0 376 64.71 0.31 116488 22348.25 0.36 16473 3605.89 0.45 5668875 2026800.96 21.54 370 99.93 0.35 115622 48619.81 21.54 112 0 198 38640 0 68310 17.4 17.9 17.68 0.01
311400.0 354 65.34 0.36 116842 22413.59 0.36 16448 3603.46 0.45 5685323 2030404.42 21.54 350 99.32 0.35 115972 48719.14 21.54 112 0 198 38752 0 68508 17.4 17.9 17.68 0.01
312300.0 310 64.56 0.31 117152 22478.15 0.36 16403 3599.98 0.45 5701726 2034004.4 21.54 310 98.07 0.35 116282 48817.21 21.54 112 0 198 38864 0 68706 17.4 17.9 17.68 0.01
313200.0 310 64.56 0.31 117462 22542.72 0.36 16409 3600.85 0.45 5718135 2037605.25 21.54 310 98.07 0.35 116592 48915.28 21.54 112 0 198 38976 0 68904 17.4 18.0 17.69 0.01
314100.0 376 64.7 0.31 117838 22607.42 0.36 16468 3602.68 0.45 5734603 2041207.94 21.54 370 99.87 0.35 116962 49015.15 21.54 112 0 198 39088 0 69102 17.3 18.0 17.69 0.01
315000.0 354 65.34 0.36 118192 22672.76 0.36 16446 3601.6 0.45 5751049 2044809.54 21.54 350 99.27 0.35 117312 49114.42 21.54 112 0 198 39200 0 69300 17.3 18.0 17.69 0.01
315900.0 310 64.56 0.31 118502 22737.32 0.36 16402 3599.86 0.45 5767451 2048409.4 21.54 310 98.08 0.35 117622 49212.5 21.54 112 0 198 39312 0 69498 17.3 18.0 17.7 0.01
316800.0 310 64.56 0.31 118812 22801.88 0.36 16406 3599.84 0.45 5783857 2052009.24 21.54 310 98.08 0.35 117932 49310.58 21.54 112 0 198 39424 0 69696 17.3 18.1 17.71 0.01
317700.0 376 64.7 0.31 119188 22866.58 0.36 16459 3599.87 0.45 5800316 2055609.11 21.54 370 99.88 0.35 118302 49410.46 21.54 112 0 198 39536 0 69894 17.3 18.1 17.71 0.01
318600.0 354 65.34 0.36 119542 22931.92 0.36 16428 3597.44 0.45 5816744 2059206.55 21.54 350 99.28 0.35 118652 49509.73 21.54 112 0 198 39648 0 70092 17.3 18.1 17.71 0.01
319500.0 310 64.56 0.31 119852 22996.48 0.36 16383 3597.79 0.45 5833127 2062804.33 21.54 310 98.12 0.35 118962 49607.86 21.54 112 0 198 39760 0 70290 17.3 18.1 17.72 0.01
320400.0 310 64.56 0.31 120162 23061.05 0.36 16389 3599.11 0.45 5849516 2066403.44 21.54 310 98.12 0.35 119272 49705.98 21.54 112 0 198 39872 0 70488 17.3 18.2 17.72 0.02
321300.0 376 64.71 0.31 120538 23125.75 0.36 16449 3600.94 0.45 5865965 2070004.38 21.54 370 99.93 0.35 119642 49805.91 21.54 112 0 198 39984 0 70686 17.3 18.2 17.72 0.02
322200.0 354 65.33 0.36 120892 23191.08 0.36 16421 3590.76 0.45 5882386 2073595.15 21.54 350 99.17 0.35 119992 49905.08 21.54 112 0 198 40096 0 70884 17.3 18.2 17.72 0.02
323100.0 310 64.55 0.31 121202 23255.63 0.36 16371 3584.79 0.45 5898757 2077179.93 21.54 310 97.91 0.35 120302 50002.99 21.54 112 0 198 40208 0 71082 17.3 18.2 17.72 0.02
324000.0 310 64.55 0.31 121512 23320.18 0.36 16373 3584.78 0.45 5915130 2080764.71 21.54 310 97.91 0.35 120612 50100.9 21.54 112 0 198 40320 0 71280 17.3 18.2 17.73 0.02
324900.0 376 64.69 0.31 121888 23384.88 0.36 16431 3586.14 0.45 5931561 2084350.85 21.54 370 99.71 0.35 120982 50200.61 21.54 112 0 198 40432 0 71478 17.3 18.2 17.73 0.02
325800.0 354 65.34 0.36 122242 23450.21 0.36 16404 3592.8 0.45 5947965 2087943.65 21.54 350 99.27 0.35 121332 50299.88 21.54 112 0 198 40544 0 71676 17.3 18.2 17.73 0.02
326700.0 310 64.56 0.31 122552 23514.78 0.36 16363 3594.18 0.45 5964328 2091537.83 21.54 310 98.12 0.35 121642 50398.0 21.54 112 0 198 40656 0 71874 17.3 18.2 17.74 0.02
327600.0 310 64.56 0.31 122862 23579.34 0.36 16370 3595.51 0.45 5980698 2095133.34 21.54 310 98.12 0.35 121952 50496.13 21.54 112 0 198 40768 0 72072 17.3 18.3 17.75 0.02
328500.0 376 64.71 0.31 123238 23644.05 0.36 16427 3596.44 0.45 5997125 2098729.78 21.54 370 99.93 0.35 122322 50596.05 21.54 112 0 198 40880 0 72270 17.2 18.3 17.75 0.02
329400.0 354 65.34 0.36 123592 23709.39 0.36 16400 3595.36 0.45 6013525 2102325.15 21.54 350 99.32 0.35 122672 50695.38 21.54 112 0 198 40992 0 72468 17.2 18.3 17.75 0.02
330300.0 310 64.56 0.31 123902 23773.95 0.36 16352 3592.84 0.45 6029877 2105917.98 21.54 310 98.12 0.35 122982 50793.5 21.54 112 0 198 41104 0 72666 17.2 18.3 17.75 0.02
331200.0 310 64.56 0.31 124212 23838.52 0.36 16358 3595.06 0.45 6046235 2109513.05 21.54 310 98.12 0.35 123292 50891.62 21.54 112 0 198 41216 0 72864 17.2 18.4 17.76 0.03
332100.0 376 64.71 0.31 124588 23903.22 0.36 16418 3596.89 0.45 6062653 2113109.94 21.54 370 99.93 0.35 123662 50991.55 21.54 112 0 198 41328 0 73062 17.2 18.4 17.76 0.03
333000.0 354 65.34 0.36 124942 23968.56 0.36 16372 3587.84 0.45 6079025 2116697.78 21.54 350 99.27 0.35 124012 51090.81 21.54 112 0 198 41440 0 73260 17.2 18.4 17.76 0.03
333900.0 310 64.56 0.31 125252 24033.12 0.36 16324 3585.31 0.45 6095349 2120283.09 21.54 310 98.07 0.35 124322 51188.88 21.54 112 0 198 41552 0 73458 17.2 18.4 17.76 0.03
334800.0 310 64.56 0.31 125562 24097.68 0.36 16333 3586.64 0.45 6111682 2123869.73 21.54 310 98.07 0.35 124632 51286.95 21.54 112 0 198 41664 0 73656 17.2 18.5 17.77 0.03
335700.0 376 64.7 0.31 125938 24162.39 0.36 16381 3585.77 0.45 6128063 2127455.49 21.54 370 99.87 0.35 125002 51386.82 21.54 112 0 198 41776 0 73854 17.2 18.5 17.77 0.03
336600.0 354 65.34 0.36 126292 24227.73 0.36 16347 3585.91 0.45 6144410 2131041.4 21.54 350 99.32 0.35 125352 51486.14 21.54 112 0 198 41888 0 74052 17.2 18.5 17.77 0.03
337500.0 310 64.56 0.31 126602 24292.29 0.36 16315 3586.09 0.45 6160725 2134627.49 21.54 310 98.12 0.35 125662 51584.26 21.54 112 0 198 42000 0 74250 17.2 18.5 17.78 0.03
338400.0 310 64.56 0.31 126912 24356.86 0.36 16317 3586.96 0.45 6177042 2138214.45 21.54 310 98.12 0.35 125972 51682.39 21.54 112 0 198 42112 0 74448 17.2 18.5 17.79 0.04
339300.0 376 64.71 0.31 127288 24421.56 0.36 16370 3587.89 0.45 6193412 2141802.34 21.54 370 99.93 0.35 126342 51782.31 21.54 112 0 198 42224 0 74646 17.2 18.5 17.79 0.04
340200.0 354 65.34 0.36 127642 24486.9 0.36 16319 3578.49 0.45 6209731 2145380.83 21.54 350 99.25 0.35 126692 51881.56 21.54 112 0 198 42336 0 74844 17.2 18.5 17.79 0.04
341100.0 310 64.56 0.31 127952 24551.46 0.36 16252 3571.91 0.45 6225983 2148952.74 21.54 310 98.05 0.35 127002 51979.61 21.54 112 0 198 42448 0 75042 17.2 18.5 17.79 0.04
342000.0 310 64.56 0.31 128262 24616.02 0.36 16256 3572.78 0.45 6242239 2152525.52 21.54 310 98.05 0.35 127312 52077.66 21.54 112 0 198 42560 0 75240 17.2 18.5 17.8 0.04
342900.0 376 64.7 0.31 128638 24680.72 0.36 16313 3574.61 0.45 6258552 2156100.14 21.54 370 99.85 0.35 127682 52177.52 21.54 112 0 198 42672 0 75438 17.2 18.5 17.8 0.04
343800.0 354 65.33 0.36 128992 24746.05 0.36 16286 3569.23 0.45 6274838 2159669.37 21.54 350 99.18 0.35 128032 52276.69 21.54 112 0 198 42784 0 75636 17.2 18.5 17.8 0.04
344700.0 310 64.55 0.31 129302 24810.6 0.36 16237 3565.81 0.45 6291075 2163235.18 21.54 310 97.98 0.35 128342 52374.67 21.54 112 0 198 42896 0 75834 17.2 18.5 17.79 0.04
345600.0 310 64.55 0.31 129612 24875.16 0.36 16238 3566.23 0.45 6307313 2166801.41 21.54 310 97.98 0.35 128652 52472.65 21.54 112 0 198 43008 0 76032 17.2 18.6 17.8 0.04
