# seed = 10, gamma = 0.0, beta = 0.33, dee = 10.0, dcc = 5.0, dec = 300.0, dsCnd = 500.0, dLocalhost = 0.02, hostBroker = CLOUD 
#
# The columns have the following meaning: 
# instant[SECONDS] commCountUploadPartial delaySumUploadPartial[SECONDS] delayMaxUploadPartial[SECONDS] commCountUploadTot delaySumUploadTot[SECONDS] delayMaxUploadTot[SECONDS] commCountDownloadPartial delaySumDownloadPartial[SECONDS] delayMaxDownloadPartial[SECONDS] commCountDownloadTot delaySumDownloadTot[SECONDS] delayMaxDownloadTot[SECONDS] commCountDownloadMaxPartial delaySumDownloadMaxPartial[SECONDS] delayMaxDownloadMaxPartial[SECONDS] commCountDownloadMaxTot delaySumDownloadMaxTot[SECONDS] delayMaxDownloadMaxTot[SECONDS] runOnCloudPartial runOnEdgePartial runOnSmartphonePartial runOnCloudTot runOnEdgeTot runOnSmartphoneTot minTemp maxTemp avgTemp varianceTemp
0.0 0 0.0 0.0 0 0.0 0.0 0 0.0 0.0 0 0.0 0.0 0 0.0 0.0 0 0.0 0.0 0 0 0 0 0 0 17.0 25.0 21.0 0.0
900.0 376 80.75 0.8 376 80.75 0.8 15321 4162.97 0.83 15321 4162.97 0.83 370 251.17 0.83 370 251.17 0.83 211 0 99 211 0 99 18.9 21.0 19.14 0.44
1800.0 356 81.46 0.8 732 162.22 0.8 15608 151525.58 20.42 30929 155688.55 20.42 352 3221.11 20.42 722 3472.28 20.42 211 0 99 422 0 198 18.6 18.9 18.9 0.0
2700.0 310 80.62 0.8 1042 242.84 0.8 15266 4190.47 0.84 46195 159879.02 20.42 310 251.6 0.84 1032 3723.88 20.42 211 0 99 633 0 297 17.7 18.9 18.33 0.05
3600.0 310 80.62 0.8 1352 323.46 0.8 15265 4189.58 0.84 61460 164068.59 20.42 310 251.59 0.84 1342 3975.46 20.42 211 0 99 844 0 396 17.6 18.9 18.22 0.05
4500.0 376 80.76 0.8 1728 404.22 0.8 15321 4186.51 0.84 76781 168255.1 20.42 370 251.63 0.84 1712 4227.09 20.42 211 0 99 1055 0 495 17.6 18.7 18.22 0.05
5400.0 356 81.47 0.8 2084 485.69 0.8 15630 10364.76 20.47 92411 178619.87 20.47 352 272.1 20.47 2064 4499.19 20.47 211 0 99 1266 0 594 17.6 18.7 18.22 0.05
6300.0 310 80.62 0.8 2394 566.32 0.8 15301 4195.74 0.84 107712 182815.6 20.47 310 251.68 0.84 2374 4750.86 20.47 211 0 99 1477 0 693 17.6 18.7 18.23 0.04
7200.0 310 80.62 0.8 2704 646.94 0.8 15304 4197.3 0.84 123016 187012.9 20.47 310 251.67 0.84 2684 5002.53 20.47 211 0 99 1688 0 792 17.6 18.7 18.24 0.04
8100.0 376 80.77 0.8 3080 727.71 0.8 15360 4195.43 0.84 138376 191208.33 20.47 370 251.8 0.84 3054 5254.33 20.47 211 0 99 1899 0 891 17.6 18.7 18.24 0.04
9000.0 356 81.47 0.8 3436 809.17 0.8 15641 10362.61 20.46 154017 201570.94 20.47 352 272.05 20.46 3406 5526.39 20.47 211 0 99 2110 0 990 17.6 18.7 18.24 0.04
9900.0 310 80.62 0.8 3746 889.8 0.8 15283 4181.09 0.84 169300 205752.02 20.47 310 251.64 0.84 3716 5778.03 20.47 211 0 99 2321 0 1089 17.6 18.7 18.21 0.04
10800.0 310 80.62 0.8 4056 970.42 0.8 15296 4187.42 0.84 184596 209939.44 20.47 310 251.63 0.84 4026 6029.66 20.47 211 0 99 2532 0 1188 17.6 18.7 18.14 0.04
11700.0 376 80.76 0.8 4432 1051.18 0.8 15354 4186.39 0.84 199950 214125.83 20.47 370 251.77 0.84 4396 6281.42 20.47 211 0 99 2743 0 1287 17.6 18.7 18.14 0.04
12600.0 354 81.4 0.8 4786 1132.58 0.8 15318 4181.69 0.84 215268 218307.51 20.47 350 251.71 0.84 4746 6533.14 20.47 211 0 99 2954 0 1386 17.6 18.7 18.14 0.04
13500.0 310 80.62 0.8 5096 1213.21 0.8 15244 4165.72 0.84 230512 222473.24 20.47 310 251.7 0.84 5056 6784.84 20.47 211 0 99 3165 0 1485 17.6 18.7 18.13 0.04
14400.0 310 80.62 0.8 5406 1293.83 0.8 15242 4164.87 0.84 245754 226638.11 20.47 310 251.69 0.84 5366 7036.53 20.47 211 0 99 3376 0 1584 17.6 18.7 18.12 0.04
15300.0 376 80.77 0.8 5782 1374.6 0.8 15302 4165.41 0.84 261056 230803.52 20.47 370 251.83 0.84 5736 7288.36 20.47 211 0 99 3587 0 1683 17.6 18.7 18.12 0.04
16200.0 354 81.4 0.8 6136 1456.0 0.8 15273 4158.25 0.84 276329 234961.77 20.47 350 251.71 0.84 6086 7540.07 20.47 211 0 99 3798 0 1782 17.6 18.7 18.12 0.04
17100.0 310 80.62 0.8 6446 1536.62 0.8 15242 4158.17 0.84 291571 239119.94 20.47 310 251.6 0.84 6396 7791.66 20.47 211 0 99 4009 0 1881 17.6 18.7 18.1 0.04
18000.0 310 80.62 0.8 6756 1617.24 0.8 15244 4159.68 0.84 306815 243279.62 20.47 310 251.59 0.84 6706 8043.25 20.47 211 0 99 4220 0 1980 17.6 18.7 18.09 0.04
18900.0 376 80.76 0.8 7132 1698.01 0.8 15302 4158.65 0.84 322117 247438.27 20.47 370 251.72 0.84 7076 8294.97 20.47 211 0 99 4431 0 2079 17.6 18.6 18.09 0.04
19800.0 354 81.4 0.8 7486 1779.4 0.8 15273 4153.83 0.84 337390 251592.09 20.47 350 251.62 0.84 7426 8546.59 20.47 211 0 99 4642 0 2178 17.6 18.6 18.09 0.04
20700.0 310 80.62 0.8 7796 1860.03 0.8 15241 4161.24 0.84 352631 255753.34 20.47 310 251.66 0.84 7736 8798.25 20.47 211 0 99 4853 0 2277 17.6 18.6 18.06 0.03
21600.0 310 80.62 0.8 8106 1940.65 0.8 15240 4160.38 0.84 367871 259913.72 20.47 310 251.65 0.84 8046 9049.9 20.47 211 0 99 5064 0 2376 17.6 18.6 18.06 0.03
22500.0 376 80.76 0.8 8482 2021.41 0.8 15298 4159.33 0.84 383169 264073.04 20.47 370 251.79 0.84 8416 9301.68 20.47 211 0 99 5275 0 2475 17.6 18.6 18.06 0.03
23400.0 354 81.4 0.8 8836 2102.81 0.8 15266 4152.43 0.84 398435 268225.48 20.47 350 251.71 0.84 8766 9553.39 20.47 211 0 99 5486 0 2574 17.6 18.6 18.06 0.03
24300.0 310 80.63 0.8 9146 2183.44 0.8 15233 4158.91 0.84 413668 272384.39 20.47 310 251.74 0.84 9076 9805.13 20.47 211 0 99 5697 0 2673 17.6 18.6 18.04 0.03
25200.0 310 80.63 0.8 9456 2264.06 0.8 15239 4164.47 0.84 428907 276548.86 20.47 310 251.73 0.84 9386 10056.86 20.47 211 0 99 5908 0 2772 17.5 18.6 18.03 0.03
26100.0 376 80.77 0.8 9832 2344.83 0.8 15297 4164.2 0.84 444204 280713.06 20.47 370 251.87 0.84 9756 10308.73 20.47 211 0 99 6119 0 2871 17.5 18.6 18.03 0.03
27000.0 354 81.4 0.8 10186 2426.23 0.8 15266 4157.29 0.84 459470 284870.35 20.47 350 251.76 0.84 10106 10560.49 20.47 211 0 99 6330 0 2970 17.5 18.6 18.03 0.03
27900.0 310 80.62 0.8 10496 2506.86 0.8 15229 4155.97 0.84 474699 289026.32 20.47 310 251.7 0.84 10416 10812.18 20.47 211 0 99 6541 0 3069 17.5 18.6 18.0 0.03
28800.0 310 80.62 0.8 10806 2587.48 0.8 15237 4159.9 0.84 489936 293186.22 20.47 310 251.69 0.84 10726 11063.87 20.47 211 0 99 6752 0 3168 17.5 18.6 17.99 0.03
29700.0 376 80.77 0.8 11182 2668.25 0.8 15292 4156.45 0.84 505228 297342.68 20.47 370 251.83 0.84 11096 11315.7 20.47 211 0 99 6963 0 3267 17.5 18.6 17.99 0.03
30600.0 354 81.4 0.8 11536 2749.65 0.8 15261 4149.52 0.84 520489 301492.2 20.47 350 251.71 0.84 11446 11567.41 20.47 211 0 99 7174 0 3366 17.5 18.6 17.99 0.03
31500.0 310 80.63 0.8 11846 2830.27 0.8 15229 4159.71 0.84 535718 305651.91 20.47 310 251.74 0.84 11756 11819.15 20.47 211 0 99 7385 0 3465 17.4 18.6 17.96 0.03
32400.0 310 80.63 0.8 12156 2910.9 0.8 15236 4164.47 0.84 550954 309816.38 20.47 310 251.73 0.84 12066 12070.89 20.47 211 0 99 7596 0 3564 17.4 18.6 17.95 0.03
33300.0 376 80.77 0.8 12532 2991.67 0.8 15295 4164.2 0.84 566249 313980.58 20.47 370 251.87 0.84 12436 12322.76 20.47 211 0 99 7807 0 3663 17.4 18.5 17.95 0.03
34200.0 354 81.4 0.8 12886 3073.07 0.8 15256 4150.89 0.84 581505 318131.47 20.47 350 251.76 0.84 12786 12574.51 20.47 211 0 99 8018 0 3762 17.4 18.5 17.95 0.03
35100.0 310 80.63 0.8 13196 3153.7 0.8 15226 4153.32 0.84 596731 322284.79 20.47 310 251.74 0.84 13096 12826.25 20.47 211 0 99 8229 0 3861 17.4 18.5 17.92 0.03
36000.0 310 80.63 0.8 13506 3234.32 0.8 15232 4158.07 0.84 611963 326442.86 20.47 310 251.73 0.84 13406 13077.98 20.47 211 0 99 8440 0 3960 17.4 18.5 17.91 0.03
36900.0 376 80.77 0.8 13882 3315.09 0.8 15292 4158.6 0.84 627255 330601.46 20.47 370 251.87 0.84 13776 13329.85 20.47 211 0 99 8651 0 4059 17.4 18.5 17.91 0.03
37800.0 354 81.4 0.8 14236 3396.49 0.8 15246 4141.05 0.84 642501 334742.51 20.47 350 251.67 0.84 14126 13581.52 20.47 211 0 99 8862 0 4158 17.4 18.5 17.91 0.03
38700.0 310 80.62 0.8 14546 3477.11 0.8 15226 4153.91 0.84 657727 338896.42 20.47 310 251.66 0.84 14436 13833.18 20.47 211 0 99 9073 0 4257 17.3 18.5 17.88 0.03
39600.0 310 80.62 0.8 14856 3557.73 0.8 15234 4157.03 0.84 672961 343053.45 20.47 310 251.65 0.84 14746 14084.83 20.47 211 0 99 9284 0 4356 17.3 18.5 17.87 0.04
40500.0 376 80.76 0.8 15232 3638.5 0.8 15289 4153.6 0.84 688250 347207.04 20.47 370 251.78 0.84 15116 14336.61 20.47 211 0 99 9495 0 4455 17.3 18.5 17.87 0.04
41400.0 354 81.4 0.8 15586 3719.9 0.8 15246 4141.29 0.84 703496 351348.33 20.47 350 251.76 0.84 15466 14588.36 20.47 211 0 99 9706 0 4554 17.3 18.5 17.87 0.04
42300.0 310 80.62 0.8 15896 3800.52 0.8 15215 4145.28 0.84 718711 355493.61 20.47 310 251.69 0.84 15776 14840.06 20.47 211 0 99 9917 0 4653 17.3 18.5 17.84 0.04
43200.0 310 80.62 0.8 16206 3881.15 0.8 15225 4150.81 0.84 733936 359644.42 20.47 310 251.68 0.84 16086 15091.74 20.47 211 0 99 10128 0 4752 17.3 18.5 17.83 0.05
44100.0 376 80.77 0.8 16582 3961.91 0.8 15285 4151.36 0.84 749221 363795.78 20.47 370 251.82 0.84 16456 15343.56 20.47 211 0 99 10339 0 4851 17.2 18.4 17.83 0.05
45000.0 354 81.4 0.8 16936 4043.31 0.8 15243 4138.83 0.84 764464 367934.61 20.47 350 251.71 0.84 16806 15595.26 20.47 211 0 99 10550 0 4950 17.2 18.4 17.83 0.05
45900.0 310 80.62 0.8 17246 4123.93 0.8 15218 4147.77 0.84 779682 372082.38 20.47 310 251.69 0.84 17116 15846.96 20.47 211 0 99 10761 0 5049 17.2 18.4 17.8 0.05
46800.0 310 80.62 0.8 17556 4204.56 0.8 15225 4153.3 0.84 794907 376235.67 20.47 310 251.69 0.84 17426 16098.64 20.47 211 0 99 10972 0 5148 17.2 18.5 17.79 0.06
47700.0 376 80.77 0.8 17932 4285.32 0.8 15285 4153.85 0.84 810192 380389.53 20.47 370 251.82 0.84 17796 16350.47 20.47 211 0 99 11183 0 5247 17.2 18.5 17.79 0.06
48600.0 354 81.4 0.8 18286 4366.72 0.8 15236 4136.52 0.84 825428 384526.04 20.47 350 251.71 0.84 18146 16602.17 20.47 211 0 99 11394 0 5346 17.2 18.5 17.79 0.06
49500.0 310 80.63 0.8 18596 4447.35 0.8 15217 4148.51 0.84 840645 388674.56 20.47 310 251.74 0.84 18456 16853.91 20.47 211 0 99 11605 0 5445 17.2 18.5 17.76 0.06
50400.0 310 80.63 0.8 18906 4527.97 0.8 15233 4157.27 0.84 855878 392831.83 20.47 310 251.73 0.84 18766 17105.65 20.47 211 0 99 11816 0 5544 17.1 18.5 17.74 0.07
51300.0 376 80.77 0.8 19282 4608.74 0.8 15291 4156.2 0.84 871169 396988.03 20.47 370 251.87 0.84 19136 17357.52 20.47 211 0 99 12027 0 5643 17.1 18.5 17.74 0.07
52200.0 354 81.4 0.8 19636 4690.15 0.8 15251 4146.09 0.84 886420 401134.12 20.47 350 251.76 0.84 19486 17609.27 20.47 211 0 99 12238 0 5742 17.1 18.5 17.74 0.07
53100.0 310 80.63 0.8 19946 4770.77 0.8 15203 4142.12 0.84 901623 405276.23 20.47 310 251.74 0.84 19796 17861.01 20.47 211 0 99 12449 0 5841 17.1 18.5 17.73 0.07
54000.0 310 80.63 0.8 20256 4851.4 0.8 15214 4149.27 0.84 916837 409425.5 20.47 310 251.73 0.84 20106 18112.75 20.47 211 0 99 12660 0 5940 17.1 18.6 17.72 0.08
54900.0 376 80.77 0.8 20632 4932.17 0.8 15267 4145.0 0.84 932104 413570.51 20.47 370 251.87 0.84 20476 18364.62 20.47 211 0 99 12871 0 6039 17.1 18.6 17.72 0.08
55800.0 354 81.4 0.8 20986 5013.57 0.8 15239 4140.49 0.84 947343 417711.0 20.47 350 251.76 0.84 20826 18616.37 20.47 211 0 99 13082 0 6138 17.1 18.6 17.72 0.08
56700.0 310 80.63 0.8 21296 5094.19 0.8 15208 4142.12 0.84 962551 421853.11 20.47 310 251.74 0.84 21136 18868.11 20.47 211 0 99 13293 0 6237 17.1 18.6 17.69 0.08
57600.0 310 80.63 0.8 21606 5174.82 0.8 15213 4144.47 0.84 977764 425997.58 20.47 310 251.73 0.84 21446 19119.85 20.47 211 0 99 13504 0 6336 17.1 18.6 17.69 0.09
58500.0 376 80.77 0.8 21982 5255.59 0.8 15272 4144.2 0.84 993036 430141.78 20.47 370 251.87 0.84 21816 19371.72 20.47 211 0 99 13715 0 6435 17.1 18.6 17.69 0.09
59400.0 354 81.4 0.8 22336 5336.99 0.8 15227 4129.69 0.84 1008263 434271.47 20.47 350 251.71 0.84 22166 19623.43 20.47 211 0 99 13926 0 6534 17.1 18.6 17.69 0.09
60300.0 310 80.62 0.8 22646 5417.61 0.8 15207 4144.92 0.84 1023470 438416.4 20.47 310 251.7 0.84 22476 19875.13 20.47 211 0 99 14137 0 6633 17.0 18.6 17.66 0.1
61200.0 310 80.62 0.8 22956 5498.24 0.8 15216 4148.87 0.84 1038686 442565.26 20.47 310 251.69 0.84 22786 20126.82 20.47 211 0 99 14348 0 6732 17.0 18.6 17.65 0.1
62100.0 376 80.77 0.8 23332 5579.01 0.8 15274 4148.61 0.84 1053960 446713.87 20.47 370 251.83 0.84 23156 20378.65 20.47 211 0 99 14559 0 6831 17.0 18.6 17.65 0.1
63000.0 354 81.4 0.8 23686 5660.4 0.8 15226 4123.48 0.84 1069186 450837.35 20.47 350 251.62 0.84 23506 20630.27 20.47 211 0 99 14770 0 6930 17.0 18.6 17.65 0.1
63900.0 310 80.62 0.8 23996 5741.02 0.8 15197 4128.56 0.84 1084383 454965.92 20.47 310 251.56 0.84 23816 20881.83 20.47 211 0 99 14981 0 7029 17.0 18.6 17.64 0.11
64800.0 310 80.62 0.8 24306 5821.64 0.8 15202 4129.28 0.84 1099585 459095.2 20.47 310 251.55 0.84 24126 21133.38 20.47 211 0 99 15192 0 7128 17.0 18.6 17.63 0.11
65700.0 376 80.76 0.8 24682 5902.4 0.8 15262 4129.39 0.84 1114847 463224.59 20.47 370 251.59 0.84 24496 21384.98 20.47 211 0 99 15403 0 7227 17.0 18.6 17.63 0.11
66600.0 354 81.4 0.8 25036 5983.8 0.8 15223 4118.13 0.84 1130070 467342.72 20.47 350 251.56 0.84 24846 21636.54 20.47 211 0 99 15614 0 7326 17.0 18.6 17.63 0.11
67500.0 310 80.62 0.8 25346 6064.42 0.8 15179 4117.52 0.83 1145249 471460.24 20.47 310 251.5 0.83 25156 21888.04 20.47 211 0 99 15825 0 7425 17.0 18.6 17.62 0.11
68400.0 310 80.62 0.8 25656 6145.04 0.8 15181 4119.01 0.83 1160430 475579.25 20.47 310 251.49 0.83 25466 22139.53 20.47 211 0 99 16036 0 7524 17.0 18.7 17.62 0.11
69300.0 376 80.76 0.8 26032 6225.8 0.8 15240 4118.8 0.83 1175670 479698.05 20.47 370 251.62 0.83 25836 22391.15 20.47 211 0 99 16247 0 7623 17.0 18.7 17.62 0.11
70200.0 354 81.4 0.8 26386 6307.2 0.8 15209 4113.44 0.84 1190879 483811.49 20.47 350 251.56 0.84 26186 22642.71 20.47 211 0 99 16458 0 7722 17.0 18.7 17.62 0.11
71100.0 310 80.62 0.8 26696 6387.82 0.8 15182 4120.63 0.84 1206061 487932.12 20.47 310 251.55 0.84 26496 22894.26 20.47 211 0 99 16669 0 7821 17.0 18.7 17.61 0.12
72000.0 310 80.62 0.8 27006 6468.44 0.8 15192 4126.14 0.84 1221253 492058.26 20.47 310 251.54 0.84 26806 23145.8 20.47 211 0 99 16880 0 7920 17.0 18.7 17.6 0.12
72900.0 376 80.76 0.8 27382 6549.2 0.8 15250 4126.26 0.84 1236503 496184.52 20.47 370 251.58 0.84 27176 23397.38 20.47 211 0 99 17091 0 8019 17.0 18.7 17.6 0.12
73800.0 354 81.4 0.8 27736 6630.59 0.8 15215 4117.36 0.84 1251718 500301.88 20.47 350 251.56 0.84 27526 23648.94 20.47 211 0 99 17302 0 8118 17.0 18.7 17.6 0.12
74700.0 310 80.62 0.8 28046 6711.21 0.8 15173 4118.19 0.84 1266891 504420.07 20.47 310 251.6 0.84 27836 23900.53 20.47 211 0 99 17513 0 8217 17.0 18.7 17.59 0.12
75600.0 310 80.62 0.8 28356 6791.83 0.8 15171 4118.92 0.84 1282062 508538.99 20.47 310 251.59 0.84 28146 24152.12 20.47 211 0 99 17724 0 8316 17.0 18.7 17.59 0.12
76500.0 376 80.76 0.8 28732 6872.6 0.8 15231 4119.47 0.84 1297293 512658.46 20.47 370 251.72 0.84 28516 24403.84 20.47 211 0 99 17935 0 8415 17.0 18.7 17.59 0.12
77400.0 354 81.4 0.8 29086 6954.0 0.8 15203 4113.31 0.84 1312496 516771.76 20.47 350 251.57 0.84 28866 24655.41 20.47 211 0 99 18146 0 8514 17.0 18.7 17.59 0.12
78300.0 310 80.62 0.8 29396 7034.61 0.8 15167 4114.16 0.84 1327663 520885.92 20.47 310 251.56 0.84 29176 24906.98 20.47 211 0 99 18357 0 8613 17.0 18.7 17.58 0.12
79200.0 310 80.62 0.8 29706 7115.23 0.8 15175 4118.88 0.84 1342838 525004.8 20.47 310 251.55 0.84 29486 25158.53 20.47 211 0 99 18568 0 8712 17.0 18.6 17.58 0.12
80100.0 376 80.76 0.8 30082 7195.99 0.8 15235 4118.99 0.84 1358073 529123.79 20.47 370 251.59 0.84 29856 25410.12 20.47 211 0 99 18779 0 8811 17.0 18.6 17.58 0.12
81000.0 354 81.4 0.8 30436 7277.39 0.8 15205 4116.3 0.84 1373278 533240.09 20.47 350 251.6 0.84 30206 25661.73 20.47 211 0 99 18990 0 8910 17.0 18.6 17.58 0.12
81900.0 310 80.62 0.8 30746 7358.01 0.8 15167 4119.33 0.84 1388445 537359.42 20.47 310 251.64 0.84 30516 25913.36 20.47 211 0 99 19201 0 9009 17.0 18.6 17.58 0.12
82800.0 310 80.62 0.8 31056 7438.64 0.8 15166 4119.25 0.84 1403611 541478.67 20.47 310 251.63 0.84 30826 26164.99 20.47 211 0 99 19412 0 9108 17.0 18.6 17.58 0.12
83700.0 376 80.76 0.8 31432 7519.4 0.8 15220 4115.82 0.84 1418831 545594.49 20.47 370 251.76 0.84 31196 26416.75 20.47 211 0 99 19623 0 9207 17.0 18.6 17.58 0.12
84600.0 354 81.4 0.8 31786 7600.8 0.8 15190 4109.67 0.84 1434021 549704.16 20.47 350 251.65 0.84 31546 26668.4 20.47 211 0 99 19834 0 9306 17.0 18.6 17.58 0.12
85500.0 310 80.62 0.8 32096 7681.42 0.8 15161 4113.58 0.84 1449182 553817.74 20.47 310 251.58 0.84 31856 26919.98 20.47 211 0 99 20045 0 9405 17.0 18.6 17.59 0.11
86400.0 310 80.62 0.8 32406 7762.04 0.8 15165 4114.3 0.84 1464347 557932.04 20.47 310 251.57 0.84 32166 27171.56 20.47 211 0 99 20256 0 9504 17.0 18.6 17.59 0.11
87300.0 376 80.76 0.8 32782 7842.8 0.8 15225 4114.85 0.84 1479572 562046.89 20.47 370 251.71 0.84 32536 27423.27 20.47 211 0 99 20467 0 9603 17.0 18.6 17.59 0.11
88200.0 354 81.4 0.8 33136 7924.2 0.8 15196 4115.72 0.84 1494768 566162.61 20.47 350 251.71 0.84 32886 27674.98 20.47 211 0 99 20678 0 9702 17.0 18.6 17.59 0.11
89100.0 310 80.63 0.8 33446 8004.83 0.8 15213 4150.91 0.84 1509981 570313.52 20.47 310 251.74 0.84 33196 27926.72 20.47 211 0 99 20889 0 9801 17.1 18.6 17.62 0.08
90000.0 310 80.63 0.8 33756 8085.45 0.8 15249 4165.27 0.84 1525230 574478.79 20.47 310 251.73 0.84 33506 28178.45 20.47 211 0 99 21100 0 9900 17.1 18.5 17.68 0.05
90900.0 376 80.77 0.8 34132 8166.22 0.8 15308 4165.0 0.84 1540538 578643.79 20.47 370 251.87 0.84 33876 28430.32 20.47 211 0 99 21311 0 9999 17.1 18.5 17.68 0.05
91800.0 354 81.4 0.8 34486 8247.62 0.8 15261 4146.27 0.84 1555799 582790.06 20.47 350 251.59 0.84 34226 28681.91 20.47 211 0 99 21522 0 10098 17.1 20.8 17.77 0.18
92700.0 310 80.62 0.8 34796 8328.24 0.8 15278 4171.31 0.83 1571077 586961.37 20.47 310 251.49 0.83 34536 28933.4 20.47 211 0 99 21733 0 10197 17.2 23.8 19.38 2.19
93600.0 310 80.62 0.8 35106 8408.86 0.8 15279 4172.0 0.83 1586356 591133.36 20.47 310 251.48 0.83 34846 29184.88 20.47 211 0 99 21944 0 10296 17.1 23.8 20.51 4.76
94500.0 376 80.76 0.8 35482 8489.62 0.8 15337 4171.78 0.83 1601693 595305.14 20.47 370 251.61 0.83 35216 29436.49 20.47 211 0 99 22155 0 10395 17.1 23.8 20.54 4.78
95400.0 354 81.4 0.8 35836 8571.01 0.8 15312 4168.82 0.83 1617005 599473.96 20.47 350 251.5 0.83 35566 29687.99 20.47 211 0 99 22366 0 10494 17.1 23.9 20.56 4.78
96300.0 310 80.62 0.8 36146 8651.63 0.8 15277 4172.1 0.83 1632282 603646.06 20.47 310 251.49 0.83 35876 29939.48 20.47 211 0 99 22577 0 10593 17.1 24.0 20.9 4.69
97200.0 310 80.62 0.8 36456 8732.25 0.8 15275 4170.4 0.83 1647557 607816.46 20.47 310 251.48 0.83 36186 30190.95 20.47 211 0 99 22788 0 10692 17.4 24.0 21.06 4.73
98100.0 376 80.76 0.8 36832 8813.01 0.8 15334 4170.18 0.83 1662891 611986.63 20.47 370 251.61 0.83 36556 30442.57 20.47 211 0 99 22999 0 10791 17.4 24.0 21.07 4.73
99000.0 354 81.39 0.8 37186 8894.4 0.8 15312 4165.21 0.83 1678203 616151.85 20.47 350 251.43 0.83 36906 30693.99 20.47 211 0 99 23210 0 10890 17.4 24.0 21.08 4.7
99900.0 310 80.62 0.8 37496 8975.02 0.8 15277 4169.3 0.83 1693480 620321.14 20.47 310 251.41 0.83 37216 30945.4 20.47 211 0 99 23421 0 10989 17.4 24.0 21.3 4.1
100800.0 310 80.62 0.8 37806 9055.64 0.8 15276 4169.99 0.83 1708756 624491.13 20.47 310 251.4 0.83 37526 31196.81 20.47 211 0 99 23632 0 11088 17.7 24.0 21.43 3.93
101700.0 376 80.76 0.8 38182 9136.39 0.8 15336 4170.58 0.83 1724092 628661.71 20.47 370 251.54 0.83 37896 31448.34 20.47 211 0 99 23843 0 11187 17.8 24.0 21.44 3.92
102600.0 354 81.39 0.8 38536 9217.79 0.8 15307 4164.37 0.83 1739399 632826.08 20.47 350 251.41 0.83 38246 31699.75 20.47 211 0 99 24054 0 11286 17.8 24.0 21.44 3.89
103500.0 310 80.62 0.8 38846 9298.4 0.8 15270 4165.25 0.83 1754669 636991.33 20.47 310 251.4 0.83 38556 31951.15 20.47 211 0 99 24265 0 11385 17.8 24.0 21.58 3.31
104400.0 310 80.62 0.8 39156 9379.02 0.8 15269 4165.14 0.83 1769938 641156.47 20.47 310 251.39 0.83 38866 32202.54 20.47 211 0 99 24476 0 11484 18.2 24.0 21.73 3.13
105300.0 376 80.76 0.8 39532 9459.78 0.8 15323 4163.33 0.83 1785261 645319.8 20.47 370 251.52 0.83 39236 32454.06 20.47 211 0 99 24687 0 11583 18.5 24.0 21.74 3.12
106200.0 354 81.39 0.8 39886 9541.17 0.8 15303 4161.14 0.83 1800564 649480.93 20.47 350 251.37 0.83 39586 32705.43 20.47 211 0 99 24898 0 11682 18.5 24.0 21.73 3.11
107100.0 310 80.61 0.8 40196 9621.78 0.8 15265 4157.58 0.83 1815829 653638.52 20.47 310 251.25 0.83 39896 32956.68 20.47 211 0 99 25109 0 11781 18.5 24.0 21.73 2.92
108000.0 310 80.61 0.8 40506 9702.4 0.8 15265 4157.5 0.83 1831094 657796.01 20.47 310 251.25 0.83 40206 33207.93 20.47 211 0 99 25320 0 11880 18.8 24.0 21.74 2.9
108900.0 376 80.76 0.8 40882 9783.15 0.8 15320 4155.65 0.83 1846414 661951.67 20.47 370 251.38 0.83 40576 33459.3 20.47 211 0 99 25531 0 11979 18.9 24.0 21.74 2.89
109800.0 354 81.39 0.8 41236 9864.54 0.8 15298 4154.32 0.83 1861712 666105.98 20.47 350 251.27 0.83 40926 33710.57 20.47 211 0 99 25742 0 12078 18.9 24.0 21.74 2.9
110700.0 310 80.61 0.8 41546 9945.15 0.8 15255 4151.98 0.83 1876967 670257.96 20.47 310 251.25 0.83 41236 33961.83 20.47 211 0 99 25953 0 12177 18.9 24.0 21.63 2.82
111600.0 310 80.61 0.8 41856 10025.77 0.8 15254 4151.9 0.83 1892221 674409.86 20.47 310 251.25 0.83 41546 34213.07 20.47 211 0 99 26164 0 12276 18.9 24.0 21.57 2.7
112500.0 376 80.76 0.8 42232 10106.52 0.8 15312 4150.85 0.83 1907533 678560.71 20.47 370 251.38 0.83 41916 34464.45 20.47 211 0 99 26375 0 12375 18.9 23.9 21.57 2.7
113400.0 354 81.39 0.8 42586 10187.91 0.8 15288 4148.72 0.83 1922821 682709.43 20.47 350 251.27 0.83 42266 34715.71 20.47 211 0 99 26586 0 12474 18.9 23.9 21.62 2.7
114300.0 310 80.61 0.8 42896 10268.53 0.8 15252 4149.58 0.83 1938073 686859.01 20.47 310 251.25 0.83 42576 34966.97 20.47 211 0 99 26797 0 12573 18.9 23.9 22.93 0.69
115200.0 310 80.61 0.8 43206 10349.14 0.8 15252 4149.5 0.83 1953325 691008.5 20.47 310 251.25 0.83 42886 35218.21 20.47 211 0 99 27008 0 12672 18.9 24.0 23.49 0.1
116100.0 376 80.76 0.8 43582 10429.89 0.8 15311 4149.25 0.83 1968636 695157.76 20.47 370 251.38 0.83 43256 35469.59 20.47 211 0 99 27219 0 12771 22.6 24.0 23.5 0.04
117000.0 354 81.39 0.8 43936 10511.28 0.8 15288 4147.12 0.83 1983924 699304.88 20.47 350 251.27 0.83 43606 35720.86 20.47 211 0 99 27430 0 12870 22.6 24.0 23.5 0.04
117900.0 310 80.61 0.8 44246 10591.9 0.8 15247 4147.18 0.83 1999171 703452.05 20.47 310 251.25 0.83 43916 35972.11 20.47 211 0 99 27641 0 12969 22.6 24.0 23.55 0.02
118800.0 310 80.61 0.8 44556 10672.51 0.8 15247 4147.1 0.83 2014418 707599.15 20.47 310 251.25 0.83 44226 36223.35 20.47 211 0 99 27852 0 13068 22.7 24.0 23.59 0.02
119700.0 376 80.76 0.8 44932 10753.26 0.8 15305 4146.05 0.83 2029723 711745.2 20.47 370 251.38 0.83 44596 36474.73 20.47 211 0 99 28063 0 13167 22.7 24.0 23.59 0.02
120600.0 354 81.39 0.8 45286 10834.65 0.8 15285 4145.52 0.83 2045008 715890.72 20.47 350 251.27 0.83 44946 36726.0 20.47 211 0 99 28274 0 13266 22.7 24.0 23.59 0.02
121500.0 310 80.61 0.8 45596 10915.27 0.8 15241 4143.18 0.83 2060249 720033.9 20.47 310 251.25 0.83 45256 36977.25 20.47 211 0 99 28485 0 13365 22.8 24.0 23.64 0.01
122400.0 310 80.61 0.8 45906 10995.88 0.8 15240 4142.3 0.83 2075489 724176.2 20.47 310 251.25 0.83 45566 37228.5 20.47 211 0 99 28696 0 13464 22.8 24.0 23.65 0.01
123300.0 376 80.76 0.8 46282 11076.64 0.8 15299 4142.05 0.83 2090788 728318.25 20.47 370 251.38 0.83 45936 37479.87 20.47 211 0 99 28907 0 13563 22.8 24.0 23.66 0.01
124200.0 354 81.39 0.8 46636 11158.03 0.8 15279 4141.52 0.83 2106067 732459.77 20.47 350 251.27 0.83 46286 37731.14 20.47 211 0 99 29118 0 13662 22.8 24.0 23.66 0.01
125100.0 310 80.61 0.8 46946 11238.64 0.8 15238 4140.78 0.83 2121305 736600.55 20.47 310 251.25 0.83 46596 37982.39 20.47 211 0 99 29329 0 13761 22.9 24.0 23.69 0.01
126000.0 310 80.61 0.8 47256 11319.25 0.8 15238 4140.7 0.83 2136543 740741.24 20.47 310 251.25 0.83 46906 38233.64 20.47 211 0 99 29540 0 13860 22.9 24.0 23.72 0.01
126900.0 376 80.76 0.8 47632 11400.01 0.8 15298 4141.25 0.83 2151841 744882.5 20.47 370 251.38 0.83 47276 38485.01 20.47 211 0 99 29751 0 13959 22.9 24.0 23.72 0.01
127800.0 354 81.39 0.8 47986 11481.4 0.8 15277 4139.92 0.83 2167118 749022.41 20.47 350 251.27 0.83 47626 38736.28 20.47 211 0 99 29962 0 14058 22.9 24.0 23.72 0.01
128700.0 310 80.61 0.8 48296 11562.01 0.8 15236 4139.18 0.83 2182354 753161.59 20.47 310 251.25 0.83 47936 38987.53 20.47 211 0 99 30173 0 14157 23.1 24.0 23.75 0.01
129600.0 310 80.61 0.8 48606 11642.62 0.8 15236 4139.1 0.83 2197590 757300.69 20.47 310 251.25 0.83 48246 39238.78 20.47 211 0 99 30384 0 14256 23.1 24.0 23.77 0.01
130500.0 376 80.76 0.8 48982 11723.38 0.8 15294 4138.05 0.83 2212884 761438.74 20.47 370 251.38 0.83 48616 39490.16 20.47 211 0 99 30595 0 14355 23.1 24.0 23.77 0.01
131400.0 354 81.39 0.8 49336 11804.77 0.8 15274 4137.52 0.83 2228158 765576.26 20.47 350 251.27 0.83 48966 39741.42 20.47 211 0 99 30806 0 14454 23.1 24.0 23.77 0.01
132300.0 310 80.61 0.8 49646 11885.38 0.8 15231 4135.18 0.83 2243389 769711.44 20.47 310 251.25 0.83 49276 39992.68 20.47 211 0 99 31017 0 14553 23.2 24.0 23.78 0.01
133200.0 310 80.61 0.8 49956 11965.99 0.8 15229 4134.3 0.83 2258618 773845.73 20.47 310 251.25 0.83 49586 40243.92 20.47 211 0 99 31228 0 14652 23.2 24.0 23.81 0.01
134100.0 376 80.76 0.8 50332 12046.75 0.8 15289 4134.85 0.83 2273907 777980.59 20.47 370 251.38 0.83 49956 40495.3 20.47 211 0 99 31439 0 14751 23.2 24.0 23.81 0.01
135000.0 354 81.39 0.8 50686 12128.14 0.8 15269 4134.32 0.83 2289176 782114.91 20.47 350 251.27 0.83 50306 40746.56 20.47 211 0 99 31650 0 14850 23.2 24.0 23.81 0.01
135900.0 310 80.61 0.8 50996 12208.75 0.8 15226 4132.78 0.83 2304402 786247.68 20.47 310 251.25 0.83 50616 40997.82 20.47 211 0 99 31861 0 14949 23.3 24.0 23.83 0.01
136800.0 310 80.61 0.8 51306 12289.36 0.8 15226 4132.7 0.83 2319628 790380.38 20.47 310 251.25 0.83 50926 41249.06 20.47 211 0 99 32072 0 15048 23.3 24.0 23.84 0.01
137700.0 376 80.76 0.8 51682 12370.12 0.8 15285 4132.45 0.83 2334913 794512.83 20.47 370 251.38 0.83 51296 41500.44 20.47 211 0 99 32283 0 15147 23.3 24.0 23.84 0.01
138600.0 354 81.39 0.8 52036 12451.51 0.8 15262 4130.32 0.83 2350175 798643.15 20.47 350 251.27 0.83 51646 41751.71 20.47 211 0 99 32494 0 15246 23.3 24.0 23.84 0.01
139500.0 310 80.61 0.8 52346 12532.12 0.8 15222 4130.38 0.83 2365397 802773.53 20.47 310 251.25 0.83 51956 42002.96 20.47 211 0 99 32705 0 15345 23.4 24.0 23.85 0.01
140400.0 310 80.61 0.8 52656 12612.74 0.8 15220 4129.5 0.83 2380617 806903.03 20.47 310 251.25 0.83 52266 42254.21 20.47 211 0 99 32916 0 15444 23.4 24.0 23.86 0.01
141300.0 376 80.76 0.8 53032 12693.49 0.8 15279 4130.05 0.83 2395896 811033.08 20.47 370 251.38 0.83 52636 42505.58 20.47 211 0 99 33127 0 15543 23.4 24.0 23.86 0.01
142200.0 354 81.39 0.8 53386 12774.88 0.8 15259 4129.52 0.83 2411155 815162.6 20.47 350 251.27 0.83 52986 42756.85 20.47 211 0 99 33338 0 15642 23.4 24.0 23.86 0.01
143100.0 310 80.61 0.8 53696 12855.49 0.8 15219 4129.58 0.83 2426374 819292.18 20.47 310 251.25 0.83 53296 43008.1 20.47 211 0 99 33549 0 15741 23.5 24.0 23.88 0.01
144000.0 310 80.61 0.8 54006 12936.11 0.8 15215 4127.1 0.83 2441589 823419.27 20.47 310 251.25 0.83 53606 43259.35 20.47 211 0 99 33760 0 15840 23.5 24.0 23.88 0.01
144900.0 376 80.76 0.8 54382 13016.86 0.8 15275 4127.65 0.83 2456864 827546.93 20.47 370 251.38 0.83 53976 43510.72 20.47 211 0 99 33971 0 15939 23.5 24.0 23.88 0.01
145800.0 354 81.39 0.8 54736 13098.25 0.8 15254 4126.32 0.83 2472118 831673.24 20.47 350 251.27 0.83 54326 43761.99 20.47 211 0 99 34182 0 16038 23.5 24.0 23.88 0.01
146700.0 310 80.61 0.8 55046 13178.86 0.8 15211 4123.98 0.83 2487329 835797.22 20.47 310 251.25 0.83 54636 44013.24 20.47 211 0 99 34393 0 16137 23.6 24.0 23.89 0.01
147600.0 310 80.61 0.8 55356 13259.48 0.8 15210 4123.1 0.83 2502539 839920.32 20.47 310 251.25 0.83 54946 44264.49 20.47 211 0 99 34604 0 16236 23.6 24.0 23.89 0.01
148500.0 376 80.76 0.8 55732 13340.23 0.8 15265 4120.45 0.83 2517804 844040.77 20.47 370 251.38 0.83 55316 44515.86 20.47 211 0 99 34815 0 16335 23.6 24.0 23.89 0.01
149400.0 354 81.39 0.8 56086 13421.62 0.8 15242 4117.52 0.83 2533046 848158.29 20.47 350 251.27 0.83 55666 44767.13 20.47 211 0 99 35026 0 16434 23.6 24.0 23.89 0.01
150300.0 310 80.61 0.8 56396 13502.24 0.8 15201 4116.78 0.83 2548247 852275.07 20.47 310 251.25 0.83 55976 45018.39 20.47 211 0 99 35237 0 16533 23.7 24.0 23.89 0.01
151200.0 310 80.61 0.8 56706 13582.85 0.8 15201 4116.7 0.83 2563448 856391.76 20.47 310 251.25 0.83 56286 45269.63 20.47 211 0 99 35448 0 16632 23.7 24.0 23.9 0.01
152100.0 376 80.76 0.8 57082 13663.6 0.8 15257 4114.05 0.83 2578705 860505.82 20.47 370 251.38 0.83 56656 45521.01 20.47 211 0 99 35659 0 16731 23.7 24.0 23.9 0.01
153000.0 354 81.39 0.8 57436 13744.99 0.8 15237 4113.52 0.83 2593942 864619.33 20.47 350 251.27 0.83 57006 45772.27 20.47 211 0 99 35870 0 16830 23.7 24.0 23.9 0.01
153900.0 310 80.61 0.8 57746 13825.61 0.8 15196 4113.58 0.83 2609138 868732.91 20.47 310 251.25 0.83 57316 46023.53 20.47 211 0 99 36081 0 16929 23.7 24.0 23.89 0.01
154800.0 310 80.61 0.8 58056 13906.22 0.8 15194 4111.9 0.83 2624332 872844.81 20.47 310 251.25 0.83 57626 46274.77 20.47 211 0 99 36292 0 17028 23.6 24.0 23.89 0.01
155700.0 376 80.76 0.8 58432 13986.97 0.8 15254 4112.45 0.83 2639586 876957.26 20.47 370 251.38 0.83 57996 46526.15 20.47 211 0 99 36503 0 17127 23.6 24.0 23.89 0.01
156600.0 354 81.39 0.8 58786 14068.36 0.8 15234 4111.92 0.83 2654820 881069.18 20.47 350 251.27 0.83 58346 46777.42 20.47 211 0 99 36714 0 17226 23.6 24.0 23.89 0.01
157500.0 310 80.61 0.8 59096 14148.98 0.8 15193 4111.18 0.83 2670013 885180.36 20.47 310 251.25 0.83 58656 47028.67 20.47 211 0 99 36925 0 17325 23.6 24.0 23.88 0.01
158400.0 310 80.61 0.8 59406 14229.59 0.8 15193 4111.1 0.83 2685206 889291.45 20.47 310 251.25 0.83 58966 47279.92 20.47 211 0 99 37136 0 17424 23.5 24.0 23.88 0.01
159300.0 376 80.76 0.8 59782 14310.35 0.8 15252 4111.65 0.83 2700458 893403.11 20.47 370 251.38 0.83 59336 47531.29 20.47 211 0 99 37347 0 17523 23.5 24.0 23.88 0.01
160200.0 354 81.39 0.8 60136 14391.74 0.8 15228 4107.92 0.83 2715686 897511.02 20.47 350 251.27 0.83 59686 47782.56 20.47 211 0 99 37558 0 17622 23.5 24.0 23.88 0.01
161100.0 310 80.61 0.8 60446 14472.35 0.8 15188 4107.98 0.83 2730874 901619.0 20.47 310 251.25 0.83 59996 48033.81 20.47 211 0 99 37769 0 17721 23.5 24.0 23.86 0.02
162000.0 310 80.61 0.8 60756 14552.96 0.8 15188 4107.9 0.83 2746062 905726.9 20.47 310 251.25 0.83 60306 48285.06 20.47 211 0 99 37980 0 17820 23.4 24.0 23.86 0.02
162900.0 376 80.75 0.8 61132 14633.71 0.8 15245 4105.61 0.83 2761307 909832.51 20.47 370 251.29 0.83 60676 48536.34 20.47 211 0 99 38191 0 17919 23.4 24.0 23.86 0.02
163800.0 354 81.39 0.8 61486 14715.1 0.8 15225 4105.52 0.83 2776532 913938.03 20.47 350 251.27 0.83 61026 48787.61 20.47 211 0 99 38402 0 18018 23.4 24.0 23.85 0.02
164700.0 310 80.61 0.8 61796 14795.72 0.8 15185 4105.58 0.83 2791717 918043.61 20.47 310 251.25 0.83 61336 49038.86 20.47 211 0 99 38613 0 18117 23.4 24.0 23.82 0.02
165600.0 310 80.61 0.8 62106 14876.33 0.8 15184 4105.5 0.83 2806901 922149.1 20.47 310 251.25 0.83 61646 49290.11 20.47 211 0 99 38824 0 18216 23.3 24.0 23.82 0.02
166500.0 376 80.76 0.8 62482 14957.09 0.8 15244 4106.05 0.83 2822145 926255.16 20.47 370 251.38 0.83 62016 49541.49 20.47 211 0 99 39035 0 18315 23.3 24.0 23.82 0.02
167400.0 354 81.39 0.8 62836 15038.48 0.8 15222 4103.92 0.83 2837367 930359.07 20.47 350 251.27 0.83 62366 49792.75 20.47 211 0 99 39246 0 18414 23.3 24.0 23.82 0.02
168300.0 310 80.61 0.8 63146 15119.09 0.8 15180 4103.18 0.83 2852547 934462.25 20.47 310 251.25 0.83 62676 50044.01 20.47 211 0 99 39457 0 18513 23.3 24.0 23.8 0.02
169200.0 310 80.61 0.8 63456 15199.7 0.8 15180 4103.1 0.83 2867727 938565.35 20.47 310 251.25 0.83 62986 50295.25 20.47 211 0 99 39668 0 18612 23.2 24.0 23.79 0.02
170100.0 376 80.75 0.8 63832 15280.45 0.8 15239 4102.41 0.83 2882966 942667.76 20.47 370 251.29 0.83 63356 50546.54 20.47 211 0 99 39879 0 18711 23.2 24.0 23.79 0.02
171000.0 354 81.39 0.8 64186 15361.84 0.8 15212 4099.12 0.83 2898178 946766.87 20.47 350 251.27 0.83 63706 50797.8 20.47 211 0 99 40090 0 18810 23.2 24.0 23.78 0.02
171900.0 310 80.61 0.8 64496 15442.46 0.8 15173 4099.98 0.83 2913351 950866.85 20.47 310 251.25 0.83 64016 51049.06 20.47 211 0 99 40301 0 18909 23.2 24.0 23.76 0.03
172800.0 310 80.61 0.8 64806 15523.07 0.8 15173 4099.9 0.83 2928524 954966.75 20.47 310 251.25 0.83 64326 51300.3 20.47 211 0 99 40512 0 19008 23.1 24.0 23.74 0.03
173700.0 376 80.76 0.8 65182 15603.83 0.8 15231 4099.65 0.83 2943755 959066.4 20.47 370 251.38 0.83 64696 51551.68 20.47 211 0 99 40723 0 19107 23.1 24.0 23.74 0.03
174600.0 354 81.39 0.8 65536 15685.22 0.8 15209 4097.52 0.83 2958964 963163.92 20.47 350 251.27 0.83 65046 51802.95 20.47 211 0 99 40934 0 19206 23.1 24.0 23.74 0.03
175500.0 310 80.61 0.8 65846 15765.83 0.8 15167 4097.58 0.83 2974131 967261.5 20.47 310 251.25 0.83 65356 52054.2 20.47 211 0 99 41145 0 19305 23.1 24.0 23.7 0.03
176400.0 310 80.61 0.8 66156 15846.44 0.8 15167 4097.5 0.83 2989298 971358.99 20.47 310 251.25 0.83 65666 52305.45 20.47 211 0 99 41356 0 19404 22.9 23.9 23.67 0.03
177300.0 376 80.76 0.8 66532 15927.2 0.8 15224 4095.65 0.83 3004522 975454.65 20.47 370 251.38 0.83 66036 52556.82 20.47 211 0 99 41567 0 19503 22.9 23.9 23.67 0.03
178200.0 354 81.39 0.8 66886 16008.59 0.8 15201 4092.72 0.83 3019723 979547.36 20.47 350 251.27 0.83 66386 52808.09 20.47 211 0 99 41778 0 19602 22.9 23.9 23.67 0.03
179100.0 310 80.61 0.8 67196 16089.2 0.8 15160 4093.58 0.83 3034883 983640.94 20.47 310 251.25 0.83 66696 53059.34 20.47 211 0 99 41989 0 19701 22.9 23.9 23.62 0.03
180000.0 310 80.61 0.8 67506 16169.81 0.8 15162 4095.1 0.83 3050045 987736.04 20.47 310 251.25 0.83 67006 53310.59 20.47 211 0 99 42200 0 19800 22.8 23.9 23.58 0.03
180900.0 376 80.76 0.8 67882 16250.57 0.8 15221 4094.85 0.83 3065266 991830.89 20.47 370 251.38 0.83 67376 53561.96 20.47 211 0 99 42411 0 19899 22.8 23.9 23.58 0.03
181800.0 354 81.39 0.8 68236 16331.96 0.8 15190 4087.92 0.83 3080456 995918.81 20.47 350 251.27 0.83 67726 53813.23 20.47 211 0 99 42622 0 19998 22.8 23.9 23.57 0.03
182700.0 310 80.61 0.8 68546 16412.57 0.8 15156 4091.98 0.83 3095612 1000010.79 20.47 310 251.25 0.83 68036 54064.48 20.47 211 0 99 42833 0 20097 22.8 23.8 23.5 0.03
183600.0 310 80.61 0.8 68856 16493.18 0.8 15158 4095.1 0.83 3110770 1004105.88 20.47 310 251.25 0.83 68346 54315.73 20.47 211 0 99 43044 0 20196 22.7 23.8 23.44 0.02
184500.0 376 80.76 0.8 69232 16573.94 0.8 15215 4094.05 0.83 3125985 1008199.94 20.47 370 251.38 0.83 68716 54567.11 20.47 211 0 99 43255 0 20295 22.7 23.8 23.44 0.02
185400.0 354 81.39 0.8 69586 16655.33 0.8 15191 4091.12 0.83 3141176 1012291.05 20.47 350 251.27 0.83 69066 54818.37 20.47 211 0 99 43466 0 20394 22.7 23.8 23.44 0.02
186300.0 310 80.61 0.8 69896 16735.94 0.8 15151 4090.38 0.83 3156327 1016381.43 20.47 310 251.25 0.83 69376 55069.63 20.47 211 0 99 43677 0 20493 22.7 23.7 23.35 0.03
187200.0 310 80.61 0.8 70206 16816.55 0.8 15150 4091.9 0.83 3171477 1020473.33 20.47 310 251.25 0.83 69686 55320.87 20.47 211 0 99 43888 0 20592 22.4 23.7 23.27 0.02
188100.0 376 80.76 0.8 70582 16897.31 0.8 15210 4092.45 0.83 3186687 1024565.78 20.47 370 251.38 0.83 70056 55572.25 20.47 211 0 99 44099 0 20691 22.4 23.7 23.26 0.02
189000.0 354 81.39 0.8 70936 16978.7 0.8 15186 4088.72 0.83 3201873 1028654.5 20.47 350 251.27 0.83 70406 55823.51 20.47 211 0 99 44310 0 20790 22.4 23.7 23.26 0.02
189900.0 310 80.61 0.8 71246 17059.31 0.8 15146 4088.78 0.83 3217019 1032743.28 20.47 310 251.25 0.83 70716 56074.77 20.47 211 0 99 44521 0 20889 22.4 23.5 23.13 0.03
190800.0 310 80.61 0.8 71556 17139.93 0.8 15148 4089.5 0.83 3232167 1036832.77 20.47 310 251.25 0.83 71026 56326.01 20.47 211 0 99 44732 0 20988 22.1 23.5 23.02 0.03
191700.0 376 80.76 0.8 71932 17220.68 0.8 15206 4089.25 0.83 3247373 1040922.03 20.47 370 251.38 0.83 71396 56577.39 20.47 211 0 99 44943 0 21087 22.1 23.5 23.01 0.02
192600.0 354 81.39 0.8 72286 17302.07 0.8 15182 4086.32 0.83 3262555 1045008.34 20.47 350 251.27 0.83 71746 56828.66 20.47 211 0 99 45154 0 21186 22.1 23.5 23.01 0.02
193500.0 310 80.61 0.8 72596 17382.68 0.8 15146 4087.98 0.83 3277701 1049096.32 20.47 310 251.25 0.83 72056 57079.91 20.47 211 0 99 45365 0 21285 22.1 23.3 22.86 0.03
194400.0 310 80.61 0.8 72906 17463.3 0.8 15148 4089.5 0.83 3292849 1053185.82 20.47 310 251.25 0.83 72366 57331.16 20.47 211 0 99 45576 0 21384 22.0 23.3 22.73 0.02
195300.0 376 80.76 0.8 73282 17544.05 0.8 15201 4088.45 0.83 3308050 1057274.27 20.47 370 251.38 0.83 72736 57582.53 20.47 211 0 99 45787 0 21483 22.0 23.3 22.73 0.02
196200.0 354 81.39 0.8 73636 17625.44 0.8 15181 4087.92 0.83 3323231 1061362.19 20.47 350 251.27 0.83 73086 57833.8 20.47 211 0 99 45998 0 21582 22.0 23.3 22.72 0.02
197100.0 310 80.61 0.8 73946 17706.05 0.8 15134 4083.98 0.83 3338365 1065446.17 20.47 310 251.25 0.83 73396 58085.05 20.47 211 0 99 46209 0 21681 22.0 23.1 22.56 0.02
198000.0 310 80.61 0.8 74256 17786.67 0.8 15101 4067.89 0.83 3353466 1069514.06 20.47 310 251.25 0.83 73706 58336.3 20.47 211 0 99 46420 0 21780 22.0 23.1 22.43 0.02
198900.0 376 80.76 0.8 74632 17867.42 0.8 15159 4067.65 0.83 3368625 1073581.71 20.47 370 251.38 0.83 74076 58587.67 20.47 211 0 99 46631 0 21879 22.0 23.1 22.42 0.02
199800.0 354 81.39 0.8 74986 17948.81 0.8 15137 4066.32 0.83 3383762 1077648.03 20.47 350 251.27 0.83 74426 58838.94 20.47 211 0 99 46842 0 21978 22.0 23.1 22.42 0.02
200700.0 310 80.61 0.8 75296 18029.43 0.8 15109 4069.58 0.83 3398871 1081717.61 20.47 310 251.25 0.83 74736 59090.19 20.47 211 0 99 47053 0 22077 22.0 22.8 22.26 0.01
201600.0 310 80.61 0.8 75606 18110.04 0.8 15113 4070.3 0.83 3413984 1085787.9 20.47 310 251.25 0.83 75046 59341.44 20.47 211 0 99 47264 0 22176 22.0 22.8 22.19 0.02
202500.0 376 80.76 0.8 75982 18190.79 0.8 15171 4069.25 0.83 3429155 1089857.16 20.47 370 251.38 0.83 75416 59592.81 20.47 211 0 99 47475 0 22275 22.0 22.8 22.19 0.02
203400.0 354 81.39 0.8 76336 18272.18 0.8 15148 4067.92 0.83 3444303 1093925.07 20.47 350 251.27 0.83 75766 59844.08 20.47 211 0 99 47686 0 22374 22.0 22.8 22.18 0.02
204300.0 310 80.61 0.8 76646 18352.8 0.8 15117 4073.58 0.83 3459420 1097998.65 20.47 310 251.25 0.83 76076 60095.34 20.47 211 0 99 47897 0 22473 22.0 22.6 22.07 0.01
205200.0 310 80.61 0.8 76956 18433.41 0.8 15116 4072.7 0.83 3474536 1102071.35 20.47 310 251.25 0.83 76386 60346.58 20.47 211 0 99 48108 0 22572 22.0 22.6 22.06 0.01
206100.0 376 80.75 0.8 77332 18514.16 0.8 15172 4070.41 0.83 3489708 1106141.76 20.47 370 251.29 0.83 76756 60597.87 20.47 211 0 99 48319 0 22671 22.0 22.6 22.06 0.01
207000.0 354 81.39 0.8 77686 18595.55 0.8 15137 4063.92 0.83 3504845 1110205.67 20.47 350 251.27 0.83 77106 60849.13 20.47 211 0 99 48530 0 22770 22.0 22.6 22.06 0.01
207900.0 310 80.61 0.8 77996 18676.16 0.8 15112 4071.18 0.83 3519957 1114276.85 20.47 310 251.25 0.83 77416 61100.39 20.47 211 0 99 48741 0 22869 22.0 22.2 22.02 0.0
208800.0 310 80.61 0.8 78306 18756.78 0.8 15104 4068.7 0.83 3535061 1118345.55 20.47 310 251.25 0.83 77726 61351.63 20.47 211 0 99 48952 0 22968 22.0 22.2 22.02 0.0
209700.0 376 80.76 0.8 78682 18837.53 0.8 15163 4068.45 0.83 3550224 1122414.0 20.47 370 251.38 0.83 78096 61603.01 20.47 211 0 99 49163 0 23067 22.0 22.2 22.02 0.0
210600.0 354 81.39 0.8 79036 18918.92 0.8 15128 4060.72 0.83 3565352 1126474.72 20.47 350 251.27 0.83 78446 61854.28 20.47 211 0 99 49374 0 23166 22.0 22.2 22.02 0.0
211500.0 310 80.61 0.8 79346 18999.54 0.8 15094 4064.78 0.83 3580446 1130539.5 20.47 310 251.25 0.83 78756 62105.53 20.47 211 0 99 49585 0 23265 22.0 22.0 22.0 0.0
212400.0 310 80.61 0.8 79656 19080.15 0.8 15094 4064.69 0.83 3595540 1134604.19 20.47 310 251.25 0.83 79066 62356.78 20.47 211 0 99 49796 0 23364 22.0 22.0 22.0 0.0
213300.0 376 80.75 0.8 80032 19160.9 0.8 15153 4064.01 0.83 3610693 1138668.2 20.47 370 251.29 0.83 79436 62608.06 20.47 211 0 99 50007 0 23463 22.0 22.0 22.0 0.0
214200.0 354 81.39 0.8 80386 19242.29 0.8 15118 4055.12 0.83 3625811 1142723.32 20.47 350 251.27 0.83 79786 62859.33 20.47 211 0 99 50218 0 23562 22.0 22.0 22.0 0.0
215100.0 310 80.61 0.8 80696 19322.9 0.8 15076 4053.58 0.83 3640887 1146776.9 20.47 310 251.25 0.83 80096 63110.58 20.47 211 0 99 50429 0 23661 22.0 22.0 22.0 0.0
216000.0 310 80.61 0.8 81006 19403.52 0.8 15071 4051.09 0.83 3655958 1150827.99 20.47 310 251.25 0.83 80406 63361.83 20.47 211 0 99 50640 0 23760 22.0 22.0 22.0 0.0
216900.0 376 80.76 0.8 81382 19484.27 0.8 15126 4050.05 0.83 3671084 1154878.04 20.47 370 251.38 0.83 80776 63613.2 20.47 211 0 99 50851 0 23859 22.0 22.0 22.0 0.0
217800.0 354 81.39 0.8 81736 19565.66 0.8 15103 4047.92 0.83 3686187 1158925.96 20.47 350 251.27 0.83 81126 63864.47 20.47 211 0 99 51062 0 23958 22.0 22.0 22.0 0.0
218700.0 310 80.61 0.8 82046 19646.28 0.8 15056 4045.58 0.83 3701243 1162971.54 20.47 310 251.25 0.83 81436 64115.73 20.47 211 0 99 51273 0 24057 22.0 22.0 22.0 0.0
219600.0 310 80.61 0.8 82356 19726.89 0.8 15054 4043.89 0.83 3716297 1167015.43 20.47 310 251.25 0.83 81746 64366.97 20.47 211 0 99 51484 0 24156 22.0 22.0 22.0 0.0
220500.0 376 80.76 0.8 82732 19807.64 0.8 15111 4042.85 0.83 3731408 1171058.29 20.47 370 251.38 0.83 82116 64618.35 20.47 211 0 99 51695 0 24255 22.0 22.0 22.0 0.0
221400.0 354 81.39 0.8 83086 19889.03 0.8 15099 4050.41 0.83 3746507 1175108.69 20.47 350 251.3 0.83 82466 64869.65 20.47 211 0 99 51906 0 24354 21.2 22.0 21.97 0.01
222300.0 310 80.61 0.8 83396 19969.65 0.8 15154 4096.44 0.83 3761661 1179205.13 20.47 310 251.31 0.83 82776 65120.96 20.47 211 0 99 52117 0 24453 20.1 22.0 21.26 0.09
223200.0 310 80.61 0.8 83706 20050.26 0.8 15171 4102.75 0.83 3776832 1183307.89 20.47 310 251.3 0.83 83086 65372.27 20.47 211 0 99 52328 0 24552 19.8 22.0 20.58 0.15
224100.0 376 80.76 0.8 84082 20131.02 0.8 15231 4103.32 0.83 3792063 1187411.21 20.47 370 251.44 0.83 83456 65623.7 20.47 211 0 99 52539 0 24651 19.8 21.8 20.56 0.13
225000.0 354 81.39 0.8 84436 20212.41 0.8 15212 4102.95 0.83 3807275 1191514.15 20.47 350 251.31 0.83 83806 65875.01 20.47 211 0 99 52750 0 24750 19.8 21.8 20.56 0.13
225900.0 310 80.61 0.8 84746 20293.02 0.8 15172 4102.61 0.83 3822447 1195616.76 20.47 310 251.31 0.83 84116 66126.32 20.47 211 0 99 52961 0 24849 19.8 21.7 20.5 0.12
226800.0 310 80.61 0.8 85056 20373.64 0.8 15175 4104.12 0.83 3837622 1199720.88 20.47 310 251.3 0.83 84426 66377.62 20.47 211 0 99 53172 0 24948 19.8 21.7 20.46 0.14
227700.0 376 80.76 0.8 85432 20454.4 0.8 15233 4103.88 0.83 3852855 1203824.76 20.47 370 251.43 0.83 84796 66629.05 20.47 211 0 99 53383 0 25047 19.8 21.7 20.46 0.14
228600.0 354 81.39 0.8 85786 20535.79 0.8 15212 4104.15 0.83 3868067 1207928.91 20.47 350 251.34 0.83 85146 66880.39 20.47 211 0 99 53594 0 25146 19.8 21.7 20.46 0.14
229500.0 310 80.61 0.8 86096 20616.4 0.8 15172 4104.24 0.83 3883239 1212033.15 20.47 310 251.31 0.83 85456 67131.7 20.47 211 0 99 53805 0 25245 19.8 21.6 20.44 0.14
230400.0 310 80.61 0.8 86406 20697.02 0.8 15172 4103.35 0.83 3898411 1216136.51 20.47 310 251.3 0.83 85766 67383.0 20.47 211 0 99 54016 0 25344 19.9 21.6 20.45 0.14
231300.0 376 80.75 0.8 86782 20777.77 0.8 15228 4101.87 0.83 3913639 1220238.37 20.47 370 251.34 0.83 86136 67634.34 20.47 211 0 99 54227 0 25443 19.8 21.6 20.45 0.14
232200.0 354 81.39 0.8 87136 20859.16 0.8 15205 4099.77 0.83 3928844 1224338.15 20.47 350 251.31 0.83 86486 67885.65 20.47 211 0 99 54438 0 25542 19.8 21.6 20.45 0.14
233100.0 310 80.61 0.8 87446 20939.77 0.8 15171 4103.82 0.83 3944015 1228441.96 20.47 310 251.32 0.83 86796 68136.97 20.47 211 0 99 54649 0 25641 19.8 21.5 20.47 0.16
234000.0 310 80.61 0.8 87756 21020.39 0.8 15170 4104.53 0.83 3959185 1232546.49 20.47 310 251.31 0.83 87106 68388.28 20.47 211 0 99 54860 0 25740 19.8 21.5 20.49 0.16
234900.0 376 80.76 0.8 88132 21101.15 0.8 15229 4104.29 0.83 3974414 1236650.79 20.47 370 251.44 0.83 87476 68639.72 20.47 211 0 99 55071 0 25839 19.8 21.5 20.48 0.16
235800.0 354 81.39 0.8 88486 21182.54 0.8 15203 4099.7 0.83 3989617 1240750.48 20.47 350 251.31 0.83 87826 68891.03 20.47 211 0 99 55282 0 25938 19.8 21.5 20.49 0.16
236700.0 310 80.61 0.8 88796 21263.15 0.8 15165 4097.77 0.83 4004782 1244848.25 20.47 310 251.27 0.83 88136 69142.3 20.47 211 0 99 55493 0 26037 19.8 21.4 20.51 0.17
237600.0 310 80.61 0.8 89106 21343.76 0.8 15169 4100.08 0.83 4019951 1248948.33 20.47 310 251.27 0.83 88446 69393.57 20.47 211 0 99 55704 0 26136 19.8 21.4 20.55 0.16
238500.0 376 80.75 0.8 89482 21424.52 0.8 15226 4098.6 0.83 4035177 1253046.93 20.47 370 251.31 0.83 88816 69644.88 20.47 211 0 99 55915 0 26235 19.7 21.4 20.55 0.16
239400.0 354 81.39 0.8 89836 21505.91 0.8 15196 4096.25 0.83 4050373 1257143.18 20.47 350 251.31 0.83 89166 69896.18 20.47 211 0 99 56126 0 26334 19.7 21.4 20.55 0.16
240300.0 310 80.61 0.8 90146 21586.52 0.8 15158 4094.71 0.83 4065531 1261237.89 20.47 310 251.29 0.83 89476 70147.48 20.47 211 0 99 56337 0 26433 19.7 21.5 20.57 0.17
241200.0 310 80.61 0.8 90456 21667.14 0.8 15149 4093.03 0.83 4080680 1265330.92 20.47 310 251.29 0.83 89786 70398.76 20.47 211 0 99 56548 0 26532 19.7 21.6 20.6 0.17
242100.0 376 80.76 0.8 90832 21747.89 0.8 15208 4092.79 0.83 4095888 1269423.71 20.47 370 251.42 0.83 90156 70650.18 20.47 211 0 99 56759 0 26631 19.7 21.6 20.6 0.17
243000.0 354 81.39 0.8 91186 21829.28 0.8 15177 4086.33 0.83 4111065 1273510.04 20.47 350 251.3 0.83 90506 70901.48 20.47 211 0 99 56970 0 26730 19.7 21.6 20.6 0.17
243900.0 310 80.61 0.8 91496 21909.9 0.8 15146 4092.03 0.83 4126211 1277602.07 20.47 310 251.3 0.83 90816 71152.78 20.47 211 0 99 57181 0 26829 19.7 21.6 20.61 0.19
244800.0 310 80.61 0.8 91806 21990.51 0.8 15150 4094.35 0.83 4141361 1281696.42 20.47 310 251.3 0.83 91126 71404.08 20.47 211 0 99 57392 0 26928 19.7 21.8 20.65 0.19
245700.0 376 80.76 0.8 92182 22071.27 0.8 15208 4093.31 0.83 4156569 1285789.73 20.47 370 251.43 0.83 91496 71655.51 20.47 211 0 99 57603 0 27027 19.6 21.8 20.65 0.19
246600.0 354 81.39 0.8 92536 22152.66 0.8 15170 4085.33 0.83 4171739 1289875.06 20.47 350 251.33 0.83 91846 71906.83 20.47 211 0 99 57814 0 27126 19.6 21.8 20.64 0.19
247500.0 310 80.61 0.8 92846 22233.27 0.8 15145 4089.59 0.83 4186884 1293964.66 20.47 310 251.3 0.83 92156 72158.14 20.47 211 0 99 58025 0 27225 19.6 21.8 20.61 0.2
248400.0 310 80.61 0.8 93156 22313.89 0.8 15142 4090.31 0.83 4202026 1298054.97 20.47 310 251.3 0.83 92466 72409.43 20.47 211 0 99 58236 0 27324 19.6 21.9 20.63 0.2
249300.0 376 80.76 0.8 93532 22394.64 0.8 15192 4086.07 0.83 4217218 1302141.04 20.47 370 251.43 0.83 92836 72660.86 20.47 211 0 99 58447 0 27423 19.5 21.9 20.63 0.2
250200.0 354 81.39 0.8 93886 22476.03 0.8 15153 4077.8 0.83 4232371 1306218.83 20.47 350 251.31 0.83 93186 72912.17 20.47 211 0 99 58658 0 27522 19.5 21.9 20.62 0.2
251100.0 310 80.61 0.8 94196 22556.65 0.8 15135 4085.25 0.83 4247506 1310304.08 20.47 310 251.3 0.83 93496 73163.46 20.47 211 0 99 58869 0 27621 19.5 21.9 20.59 0.21
252000.0 310 80.61 0.8 94506 22637.26 0.8 15139 4085.97 0.83 4262645 1314390.05 20.47 310 251.29 0.83 93806 73414.75 20.47 211 0 99 59080 0 27720 19.5 22.0 20.57 0.23
252900.0 376 80.76 0.8 94882 22718.02 0.8 15197 4084.93 0.83 4277842 1318474.98 20.47 370 251.42 0.83 94176 73666.17 20.47 211 0 99 59291 0 27819 19.5 22.0 20.57 0.23
253800.0 354 81.39 0.8 95236 22799.41 0.8 15163 4083.68 0.83 4293005 1322558.66 20.47 350 251.31 0.83 94526 73917.48 20.47 211 0 99 59502 0 27918 19.5 22.0 20.57 0.24
254700.0 310 80.61 0.8 95546 22880.02 0.8 15171 4101.56 0.83 4308176 1326660.21 20.47 310 251.3 0.83 94836 74168.78 20.47 211 0 99 59713 0 28017 19.5 22.0 20.44 0.23
255600.0 310 80.61 0.8 95856 22960.64 0.8 15178 4105.47 0.83 4323354 1330765.68 20.47 310 251.29 0.83 95146 74420.08 20.47 211 0 99 59924 0 28116 19.5 21.8 20.41 0.24
256500.0 376 80.76 0.8 96232 23041.39 0.8 15237 4106.03 0.83 4338591 1334871.71 20.47 370 251.43 0.83 95516 74671.5 20.47 211 0 99 60135 0 28215 19.3 21.8 20.4 0.24
257400.0 354 81.39 0.8 96586 23122.78 0.8 15199 4098.4 0.83 4353790 1338970.12 20.47 350 251.3 0.83 95866 74922.81 20.47 211 0 99 60346 0 28314 19.3 21.8 20.4 0.25
258300.0 310 80.61 0.8 96896 23203.4 0.8 15181 4107.03 0.83 4368971 1343077.15 20.47 310 251.3 0.83 96176 75174.11 20.47 211 0 99 60557 0 28413 19.3 21.8 20.24 0.24
259200.0 310 80.61 0.8 97206 23284.01 0.8 15186 4109.34 0.83 4384157 1347186.49 20.47 310 251.29 0.83 96486 75425.4 20.47 211 0 99 60768 0 28512 19.3 21.6 20.16 0.27
260100.0 376 80.76 0.8 97582 23364.77 0.8 15246 4109.91 0.83 4399403 1351296.4 20.47 370 251.42 0.83 96856 75676.82 20.47 211 0 99 60979 0 28611 19.2 21.6 20.16 0.27
261000.0 356 81.46 0.8 97938 23446.23 0.8 15533 152476.91 20.47 4414936 1503773.31 20.47 352 3238.77 20.47 97208 78915.59 20.47 211 0 99 61190 0 28710 19.2 21.6 20.16 0.28
261900.0 310 80.61 0.8 98248 23526.84 0.8 15216 4124.65 0.83 4430152 1507897.96 20.47 310 251.26 0.83 97518 79166.85 20.47 211 0 99 61401 0 28809 18.9 21.6 19.74 0.26
262800.0 310 80.61 0.8 98558 23607.45 0.8 15219 4125.37 0.83 4445371 1512023.33 20.47 310 251.25 0.83 97828 79418.11 20.47 211 0 99 61612 0 28908 18.9 20.8 19.65 0.25
263700.0 376 80.76 0.8 98934 23688.21 0.8 15279 4125.93 0.83 4460650 1516149.26 20.47 370 251.38 0.83 98198 79669.49 20.47 211 0 99 61823 0 29007 18.9 20.8 19.64 0.25
264600.0 356 81.46 0.8 99290 23769.67 0.8 15567 152616.15 20.48 4476217 1668765.41 20.48 352 3240.49 20.48 98550 82909.98 20.48 211 0 99 62034 0 29106 18.8 20.8 19.64 0.27
265500.0 310 80.62 0.8 99600 23850.3 0.8 15275 4181.18 0.84 4491492 1672946.59 20.48 310 251.73 0.84 98860 83161.71 20.48 211 0 99 62245 0 29205 17.3 20.8 18.16 0.24
266400.0 310 80.62 0.8 99910 23930.92 0.8 15286 4185.12 0.84 4506778 1677131.7 20.48 310 251.72 0.84 99170 83413.44 20.48 211 0 99 62456 0 29304 17.3 18.9 17.82 0.03
267300.0 376 80.77 0.8 100286 24011.69 0.8 15346 4185.66 0.84 4522124 1681317.37 20.48 370 251.86 0.84 99540 83665.3 20.48 211 0 99 62667 0 29403 17.3 18.8 17.81 0.02
268200.0 356 81.47 0.8 100642 24093.16 0.8 15636 152546.04 20.47 4537760 1833863.41 20.48 352 3238.01 20.47 99892 86903.31 20.48 211 0 99 62878 0 29502 17.3 18.8 17.81 0.02
269100.0 310 80.62 0.8 100952 24173.78 0.8 15276 4181.26 0.84 4553036 1838044.67 20.48 310 251.7 0.84 100202 87155.01 20.48 211 0 99 63089 0 29601 17.3 18.8 17.78 0.02
270000.0 310 80.62 0.8 101262 24254.41 0.8 15277 4181.19 0.84 4568313 1842225.87 20.48 310 251.7 0.84 100512 87406.71 20.48 211 0 99 63300 0 29700 17.3 18.7 17.77 0.02
270900.0 376 80.77 0.8 101638 24335.17 0.8 15335 4180.14 0.84 4583648 1846406.0 20.48 370 251.83 0.84 100882 87658.54 20.48 211 0 99 63511 0 29799 17.3 18.7 17.77 0.02
271800.0 354 81.4 0.8 101992 24416.57 0.8 15313 4177.15 0.84 4598961 1850583.15 20.48 350 251.68 0.84 101232 87910.23 20.48 211 0 99 63722 0 29898 17.3 18.7 17.77 0.02
272700.0 310 80.62 0.8 102302 24497.2 0.8 15274 4177.98 0.84 4614235 1854761.14 20.48 310 251.67 0.84 101542 88161.9 20.48 211 0 99 63933 0 29997 17.3 18.7 17.75 0.02
273600.0 310 80.62 0.8 102612 24577.82 0.8 15274 4177.93 0.84 4629509 1858939.07 20.48 310 251.66 0.84 101852 88413.56 20.48 211 0 99 64144 0 30096 17.3 18.6 17.74 0.02
274500.0 376 80.77 0.8 102988 24658.58 0.8 15333 4178.46 0.84 4644842 1863117.53 20.48 370 251.8 0.84 102222 88665.35 20.48 211 0 99 64355 0 30195 17.3 18.6 17.74 0.02
275400.0 354 81.4 0.8 103342 24739.99 0.8 15311 4180.39 0.84 4660153 1867297.92 20.48 350 251.75 0.84 102572 88917.1 20.48 211 0 99 64566 0 30294 17.3 18.6 17.74 0.02
276300.0 310 80.62 0.8 103652 24820.61 0.8 15272 4177.96 0.84 4675425 1871475.88 20.48 310 251.69 0.84 102882 89168.79 20.48 211 0 99 64777 0 30393 17.3 18.6 17.73 0.02
277200.0 310 80.62 0.8 103962 24901.23 0.8 15271 4178.7 0.84 4690696 1875654.58 20.48 310 251.68 0.84 103192 89420.47 20.48 211 0 99 64988 0 30492 17.3 18.5 17.71 0.02
278100.0 376 80.76 0.8 104338 24982.0 0.8 15331 4178.79 0.84 4706027 1879833.37 20.48 370 251.72 0.84 103562 89672.19 20.48 211 0 99 65199 0 30591 17.3 18.5 17.71 0.02
279000.0 354 81.4 0.8 104692 25063.4 0.8 15306 4173.89 0.84 4721333 1884007.26 20.48 350 251.67 0.84 103912 89923.85 20.48 211 0 99 65410 0 30690 17.3 18.5 17.71 0.02
279900.0 310 80.62 0.8 105002 25144.02 0.8 15266 4174.85 0.84 4736599 1888182.11 20.48 310 251.7 0.84 104222 90175.56 20.48 211 0 99 65621 0 30789 17.3 18.5 17.7 0.02
280800.0 310 80.62 0.8 105312 25224.64 0.8 15267 4174.79 0.84 4751866 1892356.9 20.48 310 251.7 0.84 104532 90427.25 20.48 211 0 99 65832 0 30888 17.3 18.4 17.69 0.01
281700.0 376 80.77 0.8 105688 25305.41 0.8 15325 4174.54 0.84 4767191 1896531.44 20.48 370 251.83 0.84 104902 90679.08 20.48 211 0 99 66043 0 30987 17.3 18.4 17.69 0.01
282600.0 354 81.4 0.8 106042 25386.81 0.8 15302 4172.4 0.84 4782493 1900703.84 20.48 350 251.7 0.84 105252 90930.78 20.48 211 0 99 66254 0 31086 17.3 18.4 17.69 0.01
283500.0 310 80.62 0.8 106352 25467.43 0.8 15266 4172.51 0.84 4797759 1904876.34 20.48 310 251.64 0.84 105562 91182.42 20.48 211 0 99 66465 0 31185 17.3 18.4 17.68 0.01
284400.0 310 80.62 0.8 106662 25548.05 0.8 15260 4167.65 0.84 4813019 1909043.99 20.48 310 251.63 0.84 105872 91434.06 20.48 211 0 99 66676 0 31284 17.3 18.3 17.68 0.01
285300.0 376 80.76 0.8 107038 25628.82 0.8 15320 4168.18 0.84 4828339 1913212.17 20.48 370 251.76 0.84 106242 91685.82 20.48 211 0 99 66887 0 31383 17.3 18.3 17.68 0.01
286200.0 354 81.4 0.8 107392 25710.22 0.8 15296 4165.22 0.84 4843635 1917377.4 20.48 350 251.64 0.84 106592 91937.45 20.48 211 0 99 67098 0 31482 17.3 18.3 17.68 0.01
287100.0 310 80.62 0.8 107702 25790.84 0.8 15255 4164.32 0.84 4858890 1921541.71 20.48 310 251.62 0.84 106902 92189.07 20.48 211 0 99 67309 0 31581 17.3 18.3 17.67 0.01
288000.0 310 80.62 0.8 108012 25871.46 0.8 15255 4165.06 0.84 4874145 1925706.78 20.48 310 251.61 0.84 107212 92440.69 20.48 211 0 99 67520 0 31680 17.3 18.2 17.67 0.01
288900.0 376 80.76 0.8 108388 25952.22 0.8 15315 4165.6 0.84 4889460 1929872.38 20.48 370 251.74 0.84 107582 92692.43 20.48 211 0 99 67731 0 31779 17.3 18.2 17.67 0.01
289800.0 354 81.4 0.8 108742 26033.63 0.8 15288 4165.12 0.84 4904748 1934037.5 20.48 350 251.7 0.84 107932 92944.13 20.48 211 0 99 67942 0 31878 17.3 18.2 17.67 0.01
290700.0 310 80.62 0.8 109052 26114.25 0.8 15248 4167.62 0.84 4919996 1938205.12 20.48 310 251.74 0.84 108242 93195.87 20.48 211 0 99 68153 0 31977 17.3 18.2 17.66 0.01
291600.0 310 80.62 0.8 109362 26194.87 0.8 15246 4165.97 0.84 4935242 1942371.09 20.48 310 251.73 0.84 108552 93447.6 20.48 211 0 99 68364 0 32076 17.3 18.1 17.66 0.01
292500.0 376 80.77 0.8 109738 26275.64 0.8 15304 4164.91 0.84 4950546 1946535.99 20.48 370 251.86 0.84 108922 93699.46 20.48 211 0 99 68575 0 32175 17.3 18.1 17.66 0.01
293400.0 354 81.4 0.8 110092 26357.04 0.8 15284 4165.19 0.84 4965830 1950701.18 20.48 350 251.75 0.84 109272 93951.21 20.48 211 0 99 68786 0 32274 17.3 18.1 17.66 0.01
294300.0 310 80.62 0.8 110402 26437.67 0.8 15248 4165.07 0.84 4981078 1954866.25 20.48 310 251.68 0.84 109582 94202.89 20.48 211 0 99 68997 0 32373 17.4 18.0 17.66 0.01
295200.0 310 80.62 0.8 110712 26518.29 0.8 15249 4165.03 0.84 4996327 1959031.28 20.48 310 251.68 0.84 109892 94454.57 20.48 211 0 99 69208 0 32472 17.4 18.0 17.66 0.01
296100.0 376 80.77 0.8 111088 26599.05 0.8 15308 4164.75 0.84 5011635 1963196.03 20.48 370 251.81 0.84 110262 94706.38 20.48 211 0 99 69419 0 32571 17.4 18.0 17.66 0.01
297000.0 354 81.4 0.8 111442 26680.46 0.8 15286 4163.45 0.84 5026921 1967359.48 20.48 350 251.7 0.84 110612 94958.08 20.48 211 0 99 69630 0 32670 17.4 18.0 17.66 0.01
297900.0 310 80.62 0.8 111752 26761.08 0.8 15241 4163.62 0.84 5042162 1971523.1 20.48 310 251.74 0.84 110922 95209.81 20.48 211 0 99 69841 0 32769 17.4 18.0 17.66 0.01
298800.0 310 80.62 0.8 112062 26841.7 0.8 15238 4161.17 0.84 5057400 1975684.27 20.48 310 251.73 0.84 111232 95461.54 20.48 211 0 99 70052 0 32868 17.4 18.0 17.66 0.01
299700.0 376 80.77 0.8 112438 26922.47 0.8 15298 4161.71 0.84 5072698 1979845.98 20.48 370 251.86 0.84 111602 95713.41 20.48 211 0 99 70263 0 32967 17.4 18.0 17.66 0.01
300600.0 354 81.4 0.8 112792 27003.87 0.8 15276 4160.39 0.84 5087974 1984006.37 20.48 350 251.75 0.84 111952 95965.16 20.48 211 0 99 70474 0 33066 17.4 18.0 17.66 0.01
301500.0 310 80.62 0.8 113102 27084.5 0.8 15240 4159.46 0.84 5103214 1988165.83 20.48 310 251.68 0.84 112262 96216.84 20.48 211 0 99 70685 0 33165 17.4 17.9 17.66 0.01
302400.0 310 80.62 0.8 113412 27165.12 0.8 15243 4161.01 0.84 5118457 1992326.83 20.48 310 251.68 0.84 112572 96468.52 20.48 211 0 99 70896 0 33264 17.4 17.9 17.67 0.01
303300.0 376 80.77 0.8 113788 27245.88 0.8 15295 4156.74 0.84 5133752 1996483.57 20.48 370 251.81 0.84 112942 96720.33 20.48 211 0 99 71107 0 33363 17.4 17.9 17.67 0.01
304200.0 354 81.4 0.8 114142 27327.28 0.8 15270 4152.26 0.84 5149022 2000635.83 20.48 350 251.67 0.84 113292 96971.99 20.48 211 0 99 71318 0 33462 17.4 17.9 17.67 0.01
305100.0 310 80.62 0.8 114452 27407.91 0.8 15229 4154.05 0.84 5164251 2004789.88 20.48 310 251.7 0.84 113602 97223.7 20.48 211 0 99 71529 0 33561 17.4 17.8 17.67 0.01
306000.0 310 80.62 0.8 114762 27488.53 0.8 15228 4153.19 0.84 5179479 2008943.07 20.48 310 251.7 0.84 113912 97475.39 20.48 211 0 99 71740 0 33660 17.4 17.8 17.67 0.01
306900.0 376 80.77 0.8 115138 27569.3 0.8 15288 4153.74 0.84 5194767 2013096.81 20.48 370 251.83 0.84 114282 97727.22 20.48 211 0 99 71951 0 33759 17.4 17.9 17.67 0.01
307800.0 354 81.4 0.8 115492 27650.7 0.8 15264 4153.19 0.84 5210031 2017250.0 20.48 350 251.75 0.84 114632 97978.97 20.48 211 0 99 72162 0 33858 17.4 17.9 17.67 0.01
308700.0 310 80.62 0.8 115802 27731.32 0.8 15226 4154.02 0.84 5225257 2021404.02 20.48 310 251.74 0.84 114942 98230.71 20.48 211 0 99 72373 0 33957 17.4 17.9 17.67 0.01
309600.0 310 80.62 0.8 116112 27811.95 0.8 15230 4157.17 0.84 5240487 2025561.19 20.48 310 251.73 0.84 115252 98482.44 20.48 211 0 99 72584 0 34056 17.4 17.9 17.67 0.01
310500.0 376 80.77 0.8 116488 27892.71 0.8 15285 4153.71 0.84 5255772 2029714.9 20.48 370 251.86 0.84 115622 98734.3 20.48 211 0 99 72795 0 34155 17.4 17.9 17.67 0.01
311400.0 354 81.4 0.8 116842 27974.11 0.8 15258 4149.99 0.84 5271030 2033864.88 20.48 350 251.75 0.84 115972 98986.05 20.48 211 0 99 73006 0 34254 17.4 17.9 17.68 0.01
312300.0 310 80.62 0.8 117152 28054.74 0.8 15217 4145.07 0.84 5286247 2038009.95 20.48 310 251.68 0.84 116282 99237.74 20.48 211 0 99 73217 0 34353 17.4 17.9 17.68 0.01
313200.0 310 80.62 0.8 117462 28135.36 0.8 15220 4147.43 0.84 5301467 2042157.38 20.48 310 251.68 0.84 116592 99489.41 20.48 211 0 99 73428 0 34452 17.4 18.0 17.69 0.01
314100.0 376 80.77 0.8 117838 28216.13 0.8 15278 4146.35 0.84 5316745 2046303.73 20.48 370 251.81 0.84 116962 99741.22 20.48 211 0 99 73639 0 34551 17.3 18.0 17.69 0.01
315000.0 354 81.4 0.8 118192 28297.53 0.8 15250 4142.65 0.84 5331995 2050446.38 20.48 350 251.7 0.84 117312 99992.92 20.48 211 0 99 73850 0 34650 17.3 18.0 17.69 0.01
315900.0 310 80.62 0.8 118502 28378.15 0.8 15210 4145.16 0.84 5347205 2054591.54 20.48 310 251.69 0.84 117622 100244.61 20.48 211 0 99 74061 0 34749 17.3 18.0 17.7 0.01
316800.0 310 80.62 0.8 118812 28458.77 0.8 15216 4147.5 0.84 5362421 2058739.04 20.48 310 251.68 0.84 117932 100496.28 20.48 211 0 99 74272 0 34848 17.3 18.1 17.71 0.01
317700.0 376 80.77 0.8 119188 28539.54 0.8 15273 4146.44 0.84 5377694 2062885.48 20.48 370 251.81 0.84 118302 100748.1 20.48 211 0 99 74483 0 34947 17.3 18.1 17.71 0.01
318600.0 354 81.4 0.8 119542 28620.94 0.8 15241 4136.32 0.84 5392935 2067021.8 20.48 350 251.7 0.84 118652 100999.8 20.48 211 0 99 74694 0 35046 17.3 18.1 17.71 0.01
319500.0 310 80.62 0.8 119852 28701.56 0.8 15194 4138.02 0.84 5408129 2071159.83 20.48 310 251.74 0.84 118962 101251.53 20.48 211 0 99 74905 0 35145 17.3 18.1 17.71 0.01
320400.0 310 80.62 0.8 120162 28782.19 0.8 15195 4137.17 0.84 5423324 2075296.99 20.48 310 251.73 0.84 119272 101503.26 20.48 211 0 99 75116 0 35244 17.3 18.2 17.71 0.02
321300.0 376 80.77 0.8 120538 28862.96 0.8 15254 4136.91 0.84 5438578 2079433.9 20.48 370 251.86 0.84 119642 101755.12 20.48 211 0 99 75327 0 35343 17.3 18.2 17.71 0.02
322200.0 354 81.4 0.8 120892 28944.35 0.8 15225 4123.89 0.84 5453803 2083557.79 20.48 350 251.62 0.84 119992 102006.75 20.48 211 0 99 75538 0 35442 17.3 18.2 17.71 0.02
323100.0 310 80.62 0.8 121202 29024.97 0.8 15180 4120.57 0.84 5468983 2087678.36 20.48 310 251.56 0.84 120302 102258.31 20.48 211 0 99 75749 0 35541 17.3 18.2 17.72 0.02
324000.0 310 80.62 0.8 121512 29105.59 0.8 15185 4123.7 0.84 5484168 2091802.06 20.48 310 251.55 0.84 120612 102509.86 20.48 211 0 99 75960 0 35640 17.3 18.2 17.72 0.02
324900.0 376 80.76 0.8 121888 29186.36 0.8 15241 4121.05 0.84 5499409 2095923.11 20.48 370 251.68 0.84 120982 102761.54 20.48 211 0 99 76171 0 35739 17.3 18.2 17.72 0.02
325800.0 354 81.4 0.8 122242 29267.76 0.8 15219 4125.82 0.84 5514628 2100048.93 20.48 350 251.7 0.84 121332 103013.24 20.48 211 0 99 76382 0 35838 17.3 18.2 17.72 0.02
326700.0 310 80.62 0.8 122552 29348.38 0.8 15182 4128.42 0.84 5529810 2104177.35 20.48 310 251.74 0.84 121642 103264.97 20.48 211 0 99 76593 0 35937 17.3 18.2 17.73 0.02
327600.0 310 80.62 0.8 122862 29429.01 0.8 15191 4131.57 0.84 5545001 2108308.92 20.48 310 251.73 0.84 121952 103516.7 20.48 211 0 99 76804 0 36036 17.3 18.3 17.74 0.02
328500.0 376 80.77 0.8 123238 29509.77 0.8 15250 4131.31 0.84 5560251 2112440.23 20.48 370 251.86 0.84 122322 103768.57 20.48 211 0 99 77015 0 36135 17.2 18.3 17.74 0.02
329400.0 354 81.4 0.8 123592 29591.17 0.8 15220 4125.99 0.84 5575471 2116566.22 20.48 350 251.75 0.84 122672 104020.32 20.48 211 0 99 77226 0 36234 17.2 18.3 17.74 0.02
330300.0 310 80.62 0.8 123902 29671.8 0.8 15179 4126.82 0.84 5590650 2120693.04 20.48 310 251.74 0.84 122982 104272.05 20.48 211 0 99 77437 0 36333 17.2 18.3 17.74 0.02
331200.0 310 80.62 0.8 124212 29752.42 0.8 15190 4131.57 0.84 5605840 2124824.61 20.48 310 251.73 0.84 123292 104523.78 20.48 211 0 99 77648 0 36432 17.2 18.4 17.75 0.02
332100.0 376 80.77 0.8 124588 29833.19 0.8 15247 4130.51 0.84 5621087 2128955.12 20.48 370 251.86 0.84 123662 104775.65 20.48 211 0 99 77859 0 36531 17.2 18.4 17.75 0.02
333000.0 354 81.4 0.8 124942 29914.59 0.8 15199 4112.42 0.84 5636286 2133067.53 20.48 350 251.72 0.84 124012 105027.36 20.48 211 0 99 78070 0 36630 17.2 18.4 17.75 0.02
333900.0 310 80.62 0.8 125252 29995.21 0.8 15147 4110.05 0.84 5651433 2137177.59 20.48 310 251.7 0.84 124322 105279.07 20.48 211 0 99 78281 0 36729 17.2 18.4 17.75 0.03
334800.0 310 80.62 0.8 125562 30075.84 0.8 15140 4103.59 0.84 5666573 2141281.18 20.48 310 251.7 0.84 124632 105530.77 20.48 211 0 99 78492 0 36828 17.2 18.5 17.76 0.03
335700.0 376 80.77 0.8 125938 30156.6 0.8 15193 4100.14 0.84 5681766 2145381.32 20.48 370 251.83 0.84 125002 105782.6 20.48 211 0 99 78703 0 36927 17.2 18.5 17.76 0.03
336600.0 354 81.4 0.8 126292 30238.0 0.8 15157 4093.19 0.84 5696923 2149474.51 20.48 350 251.75 0.84 125352 106034.35 20.48 211 0 99 78914 0 37026 17.2 18.5 17.76 0.03
337500.0 310 80.62 0.8 126602 30318.63 0.8 15123 4094.82 0.84 5712046 2153569.33 20.48 310 251.74 0.84 125662 106286.08 20.48 211 0 99 79125 0 37125 17.2 18.5 17.77 0.03
338400.0 310 80.62 0.8 126912 30399.25 0.8 15130 4099.57 0.84 5727176 2157668.9 20.48 310 251.73 0.84 125972 106537.81 20.48 211 0 99 79336 0 37224 17.2 18.5 17.77 0.03
339300.0 376 80.77 0.8 127288 30480.02 0.8 15181 4094.51 0.84 5742357 2161763.4 20.48 370 251.86 0.84 126342 106789.68 20.48 211 0 99 79547 0 37323 17.2 18.5 17.77 0.03
340200.0 354 81.4 0.8 127642 30561.42 0.8 15136 4077.15 0.84 5757493 2165840.55 20.48 350 251.68 0.84 126692 107041.36 20.48 211 0 99 79758 0 37422 17.2 18.5 17.77 0.03
341100.0 310 80.62 0.8 127952 30642.04 0.8 15078 4068.38 0.84 5772571 2169908.94 20.48 310 251.67 0.84 127002 107293.03 20.48 211 0 99 79969 0 37521 17.2 18.5 17.78 0.03
342000.0 310 80.62 0.8 128262 30722.67 0.8 15080 4069.93 0.84 5787651 2173978.86 20.48 310 251.66 0.84 127312 107544.69 20.48 211 0 99 80180 0 37620 17.2 18.5 17.78 0.03
342900.0 376 80.76 0.8 128638 30803.43 0.8 15137 4068.41 0.84 5802788 2178047.28 20.48 370 251.7 0.84 127682 107796.39 20.48 211 0 99 80391 0 37719 17.2 18.5 17.78 0.03
343800.0 354 81.4 0.8 128992 30884.83 0.8 15108 4061.08 0.84 5817896 2182108.36 20.48 350 251.63 0.84 128032 108048.03 20.48 211 0 99 80602 0 37818 17.2 18.5 17.78 0.03
344700.0 310 80.62 0.8 129302 30965.45 0.8 15057 4055.51 0.84 5832953 2186163.87 20.48 310 251.62 0.84 128342 108299.65 20.48 211 0 99 80813 0 37917 17.2 18.5 17.78 0.03
345600.0 310 80.62 0.8 129612 31046.07 0.8 15055 4053.85 0.84 5848008 2190217.72 20.48 310 251.61 0.84 128652 108551.26 20.48 211 0 99 81024 0 38016 17.2 18.6 17.78 0.04
