# seed = 9, gamma = 0.66, beta = 0.33, dee = 0.1, dcc = 5.0, dec = 1000.0, dsCnd = 50.0, dLocalhost = 0.02, hostBroker = CLOUD 
#
# The columns have the following meaning: 
# instant[SECONDS] commCountUploadPartial delaySumUploadPartial[SECONDS] delayMaxUploadPartial[SECONDS] commCountUploadTot delaySumUploadTot[SECONDS] delayMaxUploadTot[SECONDS] commCountDownloadPartial delaySumDownloadPartial[SECONDS] delayMaxDownloadPartial[SECONDS] commCountDownloadTot delaySumDownloadTot[SECONDS] delayMaxDownloadTot[SECONDS] commCountDownloadMaxPartial delaySumDownloadMaxPartial[SECONDS] delayMaxDownloadMaxPartial[SECONDS] commCountDownloadMaxTot delaySumDownloadMaxTot[SECONDS] delayMaxDownloadMaxTot[SECONDS] runOnCloudPartial runOnEdgePartial runOnSmartphonePartial runOnCloudTot runOnEdgeTot runOnSmartphoneTot minTemp maxTemp avgTemp varianceTemp
0.0 0 0.0 0.0 0 0.0 0.0 0 0.0 0.0 0 0.0 0.0 0 0.0 0.0 0 0.0 0.0 0 0 0 0 0 0 17.0 25.0 21.0 0.0
900.0 376 105.45 1.05 376 105.45 1.05 14874 5199.42 1.07 14874 5199.42 1.07 370 327.97 1.07 370 327.97 1.07 205 6 99 205 6 99 18.9 21.0 19.23 0.59
1800.0 356 106.15 1.05 732 211.6 1.05 15156 139805.74 20.11 30030 145005.16 20.11 352 3104.94 20.11 722 3432.92 20.11 205 6 99 410 12 198 18.8 21.0 18.91 0.03
2700.0 310 105.31 1.05 1042 316.91 1.05 14810 5215.96 1.08 44840 150221.11 20.11 310 328.36 1.08 1032 3761.27 20.11 205 6 99 615 18 297 17.7 21.0 18.34 0.07
3600.0 310 105.31 1.05 1352 422.23 1.05 14809 5214.99 1.08 59649 155436.11 20.11 310 328.36 1.08 1342 4089.63 20.11 205 6 99 820 24 396 17.6 21.0 18.24 0.08
4500.0 376 105.44 1.05 1728 527.67 1.05 14865 5211.76 1.08 74514 160647.87 20.11 370 328.36 1.08 1712 4418.0 20.11 205 6 99 1025 30 495 17.6 21.0 18.24 0.08
5400.0 356 106.16 1.05 2084 633.82 1.05 15191 11256.5 20.21 89705 171904.37 20.21 352 348.62 20.21 2064 4766.62 20.21 205 6 99 1230 36 594 17.6 21.0 18.24 0.08
6300.0 310 105.32 1.05 2394 739.14 1.05 14880 5234.7 1.08 104585 177139.07 20.21 310 328.54 1.08 2374 5095.16 20.21 205 6 99 1435 42 693 17.6 21.0 18.25 0.07
7200.0 310 105.32 1.05 2704 844.46 1.05 14882 5237.96 1.08 119467 182377.03 20.21 310 328.55 1.08 2684 5423.7 20.21 205 6 99 1640 48 792 17.6 21.0 18.27 0.06
8100.0 376 105.46 1.05 3080 949.91 1.05 14942 5238.27 1.08 134409 187615.3 20.21 370 328.59 1.08 3054 5752.3 20.21 205 6 99 1845 54 891 17.6 21.0 18.27 0.06
9000.0 356 106.16 1.05 3436 1056.07 1.05 15213 11263.07 20.17 149622 198878.37 20.21 352 348.65 20.17 3406 6100.94 20.21 205 6 99 2050 60 990 17.6 21.0 18.27 0.06
9900.0 310 105.31 1.05 3746 1161.38 1.05 14846 5215.36 1.08 164468 204093.72 20.21 310 328.42 1.08 3716 6429.37 20.21 205 6 99 2255 66 1089 17.6 21.0 18.24 0.06
10800.0 310 105.31 1.05 4056 1266.7 1.05 14850 5220.72 1.08 179318 209314.44 20.21 310 328.43 1.08 4026 6757.79 20.21 205 6 99 2460 72 1188 17.6 21.0 18.17 0.08
11700.0 376 105.46 1.05 4432 1372.15 1.05 14910 5221.03 1.08 194228 214535.47 20.21 370 328.47 1.08 4396 7086.27 20.21 205 6 99 2665 78 1287 17.6 21.0 18.17 0.08
12600.0 354 106.09 1.05 4786 1478.24 1.05 14869 5211.99 1.08 209097 219747.46 20.21 350 328.48 1.08 4746 7414.75 20.21 205 6 99 2870 84 1386 17.6 21.0 18.17 0.08
13500.0 310 105.31 1.05 5096 1583.56 1.05 14796 5183.57 1.08 223893 224931.02 20.21 310 328.46 1.08 5056 7743.21 20.21 205 6 99 3075 90 1485 17.6 21.0 18.16 0.07
14400.0 310 105.31 1.05 5406 1688.87 1.05 14797 5186.77 1.08 238690 230117.79 20.21 310 328.46 1.08 5366 8071.67 20.21 205 6 99 3280 96 1584 17.6 21.0 18.15 0.07
15300.0 376 105.46 1.05 5782 1794.33 1.05 14856 5186.08 1.08 253546 235303.87 20.21 370 328.51 1.08 5736 8400.19 20.21 205 6 99 3485 102 1683 17.6 21.0 18.15 0.07
16200.0 354 106.09 1.05 6136 1900.42 1.05 14824 5178.17 1.08 268370 240482.04 20.21 350 328.48 1.08 6086 8728.66 20.21 205 6 99 3690 108 1782 17.6 21.0 18.15 0.07
17100.0 310 105.31 1.05 6446 2005.73 1.05 14785 5173.8 1.08 283155 245655.84 20.21 310 328.36 1.08 6396 9057.03 20.21 205 6 99 3895 114 1881 17.6 21.0 18.13 0.07
18000.0 310 105.31 1.05 6756 2111.04 1.05 14786 5174.95 1.08 297941 250830.79 20.21 310 328.37 1.08 6706 9385.4 20.21 205 6 99 4100 120 1980 17.6 21.0 18.12 0.07
18900.0 376 105.45 1.05 7132 2216.5 1.05 14845 5175.26 1.08 312786 256006.05 20.21 370 328.41 1.08 7076 9713.81 20.21 205 6 99 4305 126 2079 17.6 21.0 18.12 0.07
19800.0 354 106.09 1.05 7486 2322.59 1.05 14817 5171.19 1.08 327603 261177.24 20.21 350 328.39 1.08 7426 10042.21 20.21 205 6 99 4510 132 2178 17.6 21.0 18.12 0.07
20700.0 310 105.31 1.05 7796 2427.9 1.05 14789 5177.39 1.08 342392 266354.63 20.21 310 328.42 1.08 7736 10370.62 20.21 205 6 99 4715 138 2277 17.6 21.0 18.09 0.06
21600.0 310 105.31 1.05 8106 2533.22 1.05 14791 5178.54 1.08 357183 271533.17 20.21 310 328.42 1.08 8046 10699.05 20.21 205 6 99 4920 144 2376 17.6 21.0 18.09 0.06
22500.0 376 105.46 1.05 8482 2638.67 1.05 14850 5177.81 1.08 372033 276710.98 20.21 370 328.47 1.08 8416 11027.52 20.21 205 6 99 5125 150 2475 17.6 21.0 18.09 0.06
23400.0 354 106.09 1.05 8836 2744.76 1.05 14815 5172.69 1.08 386848 281883.66 20.21 350 328.47 1.08 8766 11355.99 20.21 205 6 99 5330 156 2574 17.6 21.0 18.09 0.06
24300.0 310 105.32 1.05 9146 2850.08 1.05 14781 5177.7 1.08 401629 287061.36 20.21 310 328.49 1.08 9076 11684.48 20.21 205 6 99 5535 162 2673 17.5 21.0 18.07 0.06
25200.0 310 105.32 1.05 9456 2955.39 1.05 14782 5178.8 1.08 416411 292240.16 20.21 310 328.5 1.08 9386 12012.98 20.21 205 6 99 5740 168 2772 17.5 21.0 18.06 0.06
26100.0 376 105.46 1.05 9832 3060.85 1.05 14842 5179.16 1.08 431253 297419.33 20.21 370 328.54 1.08 9756 12341.52 20.21 205 6 99 5945 174 2871 17.5 21.0 18.06 0.06
27000.0 354 106.09 1.05 10186 3166.94 1.05 14811 5171.47 1.08 446064 302590.79 20.21 350 328.51 1.08 10106 12670.03 20.21 205 6 99 6150 180 2970 17.5 21.0 18.06 0.06
27900.0 310 105.31 1.05 10496 3272.26 1.05 14788 5178.1 1.08 460852 307768.89 20.21 310 328.46 1.08 10416 12998.49 20.21 205 6 99 6355 186 3069 17.5 21.0 18.03 0.06
28800.0 310 105.31 1.05 10806 3377.57 1.05 14792 5182.4 1.08 475644 312951.29 20.21 310 328.46 1.08 10726 13326.95 20.21 205 6 99 6560 192 3168 17.5 21.0 18.02 0.06
29700.0 376 105.46 1.05 11182 3483.03 1.05 14851 5181.66 1.08 490495 318132.95 20.21 370 328.51 1.08 11096 13655.46 20.21 205 6 99 6765 198 3267 17.5 21.0 18.02 0.05
30600.0 354 106.09 1.05 11536 3589.12 1.05 14811 5170.86 1.08 505306 323303.81 20.21 350 328.48 1.08 11446 13983.94 20.21 205 6 99 6970 204 3366 17.5 21.0 18.02 0.06
31500.0 310 105.32 1.05 11846 3694.43 1.05 14783 5174.55 1.08 520089 328478.36 20.21 310 328.49 1.08 11756 14312.43 20.21 205 6 99 7175 210 3465 17.4 21.0 17.99 0.06
32400.0 310 105.32 1.05 12156 3799.75 1.05 14787 5176.7 1.08 534876 333655.06 20.21 310 328.5 1.08 12066 14640.92 20.21 205 6 99 7380 216 3564 17.4 21.0 17.98 0.06
33300.0 376 105.46 1.05 12532 3905.21 1.05 14846 5176.01 1.08 549722 338831.07 20.21 370 328.54 1.08 12436 14969.47 20.21 205 6 99 7585 222 3663 17.4 21.0 17.98 0.06
34200.0 354 106.09 1.05 12886 4011.3 1.05 14808 5168.32 1.08 564530 343999.39 20.21 350 328.51 1.08 12786 15297.98 20.21 205 6 99 7790 228 3762 17.4 21.0 17.98 0.06
35100.0 310 105.32 1.05 13196 4116.61 1.05 14773 5171.4 1.08 579303 349170.79 20.21 310 328.49 1.08 13096 15626.47 20.21 205 6 99 7995 234 3861 17.4 21.0 17.95 0.06
36000.0 310 105.32 1.05 13506 4221.93 1.05 14787 5183.0 1.08 594090 354353.79 20.21 310 328.5 1.08 13406 15954.97 20.21 205 6 99 8200 240 3960 17.4 21.0 17.94 0.06
36900.0 376 105.46 1.05 13882 4327.39 1.05 14846 5182.31 1.08 608936 359536.1 20.21 370 328.54 1.08 13776 16283.52 20.21 205 6 99 8405 246 4059 17.4 21.0 17.94 0.06
37800.0 354 106.09 1.05 14236 4433.48 1.05 14806 5165.14 1.08 623742 364701.24 20.21 350 328.44 1.08 14126 16611.96 20.21 205 6 99 8610 252 4158 17.4 21.0 17.94 0.06
38700.0 310 105.31 1.05 14546 4538.79 1.05 14770 5162.92 1.08 638512 369864.16 20.21 310 328.42 1.08 14436 16940.38 20.21 205 6 99 8815 258 4257 17.3 21.0 17.91 0.06
39600.0 310 105.31 1.05 14856 4644.1 1.05 14779 5167.22 1.08 653291 375031.39 20.21 310 328.43 1.08 14746 17268.81 20.21 205 6 99 9020 264 4356 17.3 21.0 17.9 0.07
40500.0 376 105.46 1.05 15232 4749.56 1.05 14838 5167.53 1.08 668129 380198.92 20.21 370 328.47 1.08 15116 17597.29 20.21 205 6 99 9225 270 4455 17.3 21.0 17.9 0.07
41400.0 354 106.09 1.05 15586 4855.65 1.05 14801 5162.02 1.08 682930 385360.93 20.21 350 328.51 1.08 15466 17925.8 20.21 205 6 99 9430 276 4554 17.3 21.0 17.9 0.07
42300.0 310 105.31 1.05 15896 4960.97 1.05 14782 5174.68 1.08 697712 390535.61 20.21 310 328.45 1.08 15776 18254.25 20.21 205 6 99 9635 282 4653 17.3 21.0 17.87 0.07
43200.0 310 105.31 1.05 16206 5066.28 1.05 14791 5178.97 1.08 712503 395714.58 20.21 310 328.46 1.08 16086 18582.7 20.21 205 6 99 9840 288 4752 17.3 21.0 17.86 0.08
44100.0 376 105.46 1.05 16582 5171.74 1.05 14850 5178.24 1.08 727353 400892.82 20.21 370 328.5 1.08 16456 18911.21 20.21 205 6 99 10045 294 4851 17.2 21.0 17.86 0.08
45000.0 354 106.09 1.05 16936 5277.83 1.05 14802 5161.14 1.08 742155 406053.95 20.21 350 328.47 1.08 16806 19239.68 20.21 205 6 99 10250 300 4950 17.2 21.0 17.86 0.08
45900.0 310 105.31 1.05 17246 5383.14 1.05 14773 5170.1 1.08 756928 411224.05 20.21 310 328.46 1.08 17116 19568.14 20.21 205 6 99 10455 306 5049 17.2 21.0 17.83 0.09
46800.0 310 105.31 1.05 17556 5488.46 1.05 14781 5173.35 1.08 771709 416397.4 20.21 310 328.47 1.08 17426 19896.61 20.21 205 6 99 10660 312 5148 17.2 21.0 17.82 0.09
47700.0 376 105.46 1.05 17932 5593.91 1.05 14839 5171.56 1.08 786548 421568.96 20.21 370 328.52 1.08 17796 20225.13 20.21 205 6 99 10865 318 5247 17.2 21.0 17.82 0.09
48600.0 354 106.09 1.05 18286 5700.0 1.05 14796 5157.62 1.08 801344 426726.58 20.21 350 328.49 1.08 18146 20553.61 20.21 205 6 99 11070 324 5346 17.2 21.0 17.82 0.09
49500.0 310 105.32 1.05 18596 5805.32 1.05 14775 5173.5 1.08 816119 431900.07 20.21 310 328.49 1.08 18456 20882.11 20.21 205 6 99 11275 330 5445 17.1 21.0 17.79 0.1
50400.0 310 105.32 1.05 18906 5910.64 1.05 14793 5183.0 1.08 830912 437083.08 20.21 310 328.5 1.08 18766 21210.6 20.21 205 6 99 11480 336 5544 17.1 21.0 17.77 0.1
51300.0 376 105.46 1.05 19282 6016.09 1.05 14851 5181.26 1.08 845763 442264.34 20.21 370 328.54 1.08 19136 21539.15 20.21 205 6 99 11685 342 5643 17.1 21.0 17.77 0.11
52200.0 354 106.09 1.05 19636 6122.18 1.05 14809 5166.22 1.08 860572 447430.56 20.21 350 328.51 1.08 19486 21867.66 20.21 205 6 99 11890 348 5742 17.1 21.0 17.77 0.11
53100.0 310 105.32 1.05 19946 6227.5 1.05 14759 5158.8 1.08 875331 452589.36 20.21 310 328.49 1.08 19796 22196.15 20.21 205 6 99 12095 354 5841 17.1 21.0 17.76 0.11
54000.0 310 105.32 1.05 20256 6332.82 1.05 14763 5158.85 1.08 890094 457748.21 20.21 310 328.5 1.08 20106 22524.65 20.21 205 6 99 12300 360 5940 17.1 21.0 17.75 0.11
54900.0 376 105.46 1.05 20632 6438.27 1.05 14817 5155.01 1.08 904911 462903.22 20.21 370 328.54 1.08 20476 22853.19 20.21 205 6 99 12505 366 6039 17.1 21.0 17.75 0.11
55800.0 354 106.09 1.05 20986 6544.36 1.05 14787 5151.52 1.08 919698 468054.74 20.21 350 328.51 1.08 20826 23181.71 20.21 205 6 99 12710 372 6138 17.1 21.0 17.75 0.11
56700.0 310 105.32 1.05 21296 6649.68 1.05 14765 5167.2 1.08 934463 473221.94 20.21 310 328.49 1.08 21136 23510.2 20.21 205 6 99 12915 378 6237 17.1 21.0 17.72 0.12
57600.0 310 105.32 1.05 21606 6754.99 1.05 14777 5177.75 1.08 949240 478399.69 20.21 310 328.5 1.08 21446 23838.69 20.21 205 6 99 13120 384 6336 17.1 21.0 17.72 0.13
58500.0 376 105.46 1.05 21982 6860.45 1.05 14836 5177.06 1.08 964076 483576.75 20.21 370 328.54 1.08 21816 24167.24 20.21 205 6 99 13325 390 6435 17.1 21.0 17.72 0.13
59400.0 354 106.09 1.05 22336 6966.54 1.05 14789 5157.39 1.08 978865 488734.14 20.21 350 328.48 1.08 22166 24495.72 20.21 205 6 99 13530 396 6534 17.1 21.0 17.72 0.13
60300.0 310 105.31 1.05 22646 7071.86 1.05 14760 5159.42 1.08 993625 493893.55 20.21 310 328.46 1.08 22476 24824.18 20.21 205 6 99 13735 402 6633 17.0 21.0 17.69 0.14
61200.0 310 105.31 1.05 22956 7177.17 1.05 14774 5168.92 1.08 1008399 499062.48 20.21 310 328.46 1.08 22786 25152.65 20.21 205 6 99 13940 408 6732 17.0 21.0 17.68 0.14
62100.0 376 105.46 1.05 23332 7282.63 1.05 14829 5166.13 1.08 1023228 504228.6 20.21 370 328.51 1.08 23156 25481.16 20.21 205 6 99 14145 414 6831 17.0 21.0 17.68 0.14
63000.0 354 106.09 1.05 23686 7388.72 1.05 14786 5150.99 1.08 1038014 509379.59 20.21 350 328.41 1.08 23506 25809.57 20.21 205 6 99 14350 420 6930 17.0 21.0 17.68 0.14
63900.0 310 105.31 1.05 23996 7494.03 1.05 14749 5150.19 1.08 1052763 514529.79 20.21 310 328.35 1.08 23816 26137.92 20.21 205 6 99 14555 426 7029 17.0 21.0 17.67 0.15
64800.0 310 105.31 1.05 24306 7599.34 1.05 14753 5152.41 1.08 1067516 519682.2 20.21 310 328.36 1.08 24126 26466.28 20.21 205 6 99 14760 432 7128 17.0 21.0 17.66 0.15
65700.0 376 105.44 1.05 24682 7704.78 1.05 14811 5150.2 1.08 1082327 524832.4 20.21 370 328.36 1.08 24496 26794.64 20.21 205 6 99 14965 438 7227 17.0 21.0 17.66 0.15
66600.0 354 106.09 1.05 25036 7810.87 1.05 14773 5138.28 1.08 1097100 529970.68 20.21 350 328.37 1.08 24846 27123.01 20.21 205 6 99 15170 444 7326 17.0 21.0 17.66 0.15
67500.0 310 105.31 1.05 25346 7916.18 1.05 14733 5135.73 1.08 1111833 535106.41 20.21 310 328.31 1.08 25156 27451.32 20.21 205 6 99 15375 450 7425 17.0 21.0 17.65 0.16
68400.0 310 105.31 1.05 25656 8021.49 1.05 14740 5141.08 1.08 1126573 540247.49 20.21 310 328.32 1.08 25466 27779.64 20.21 205 6 99 15580 456 7524 17.0 21.0 17.65 0.16
69300.0 376 105.45 1.05 26032 8126.94 1.05 14800 5141.39 1.08 1141373 545388.88 20.21 370 328.36 1.08 25836 28108.01 20.21 205 6 99 15785 462 7623 17.0 21.0 17.65 0.16
70200.0 354 106.09 1.05 26386 8233.03 1.05 14761 5132.56 1.08 1156134 550521.45 20.21 350 328.38 1.08 26186 28436.39 20.21 205 6 99 15990 468 7722 17.0 21.0 17.65 0.16
71100.0 310 105.31 1.05 26696 8338.35 1.05 14731 5135.97 1.08 1170865 555657.42 20.21 310 328.34 1.08 26496 28764.73 20.21 205 6 99 16195 474 7821 17.0 21.0 17.63 0.16
72000.0 310 105.31 1.05 27006 8443.66 1.05 14741 5142.36 1.08 1185606 560799.78 20.21 310 328.35 1.08 26806 29093.07 20.21 205 6 99 16400 480 7920 17.0 21.0 17.63 0.17
72900.0 376 105.44 1.05 27382 8549.1 1.05 14798 5140.18 1.08 1200404 565939.96 20.21 370 328.35 1.08 27176 29421.42 20.21 205 6 99 16605 486 8019 17.0 21.0 17.63 0.17
73800.0 354 106.09 1.05 27736 8655.18 1.05 14762 5131.88 1.08 1215166 571071.84 20.21 350 328.36 1.08 27526 29749.79 20.21 205 6 99 16810 492 8118 17.0 21.0 17.63 0.17
74700.0 310 105.31 1.05 28046 8760.5 1.05 14720 5132.77 1.08 1229886 576204.61 20.21 310 328.39 1.08 27836 30078.17 20.21 205 6 99 17015 498 8217 17.0 21.0 17.62 0.17
75600.0 310 105.31 1.05 28356 8865.81 1.05 14718 5130.78 1.08 1244604 581335.39 20.21 310 328.39 1.08 28146 30406.56 20.21 205 6 99 17220 504 8316 17.0 21.0 17.62 0.17
76500.0 376 105.45 1.05 28732 8971.27 1.05 14777 5130.03 1.08 1259381 586465.42 20.21 370 328.44 1.08 28516 30735.0 20.21 205 6 99 17425 510 8415 17.0 21.0 17.62 0.17
77400.0 354 106.09 1.05 29086 9077.35 1.05 14748 5123.03 1.08 1274129 591588.45 20.21 350 328.38 1.08 28866 31063.37 20.21 205 6 99 17630 516 8514 17.0 21.0 17.62 0.17
78300.0 310 105.31 1.05 29396 9182.67 1.05 14709 5120.79 1.08 1288838 596709.24 20.21 310 328.35 1.08 29176 31391.73 20.21 205 6 99 17835 522 8613 17.0 21.0 17.61 0.17
79200.0 310 105.31 1.05 29706 9287.98 1.05 14717 5125.11 1.08 1303555 601834.35 20.21 310 328.36 1.08 29486 31720.09 20.21 205 6 99 18040 528 8712 17.0 21.0 17.61 0.17
80100.0 376 105.44 1.05 30082 9393.42 1.05 14777 5125.0 1.08 1318332 606959.35 20.21 370 328.36 1.08 29856 32048.45 20.21 205 6 99 18245 534 8811 17.0 21.0 17.61 0.17
81000.0 354 106.09 1.05 30436 9499.51 1.05 14748 5120.81 1.08 1333080 612080.16 20.21 350 328.4 1.08 30206 32376.84 20.21 205 6 99 18450 540 8910 17.0 21.0 17.61 0.17
81900.0 310 105.31 1.05 30746 9604.82 1.05 14709 5125.53 1.08 1347789 617205.69 20.21 310 328.41 1.08 30516 32705.26 20.21 205 6 99 18655 546 9009 17.0 21.0 17.61 0.17
82800.0 310 105.31 1.05 31056 9710.13 1.05 14714 5130.9 1.08 1362503 622336.6 20.21 310 328.42 1.08 30826 33033.67 20.21 205 6 99 18860 552 9108 17.0 21.0 17.61 0.16
83700.0 376 105.46 1.05 31432 9815.59 1.05 14772 5131.2 1.08 1377275 627467.79 20.21 370 328.46 1.08 31196 33362.13 20.21 205 6 99 19065 558 9207 17.0 21.0 17.61 0.16
84600.0 354 106.09 1.05 31786 9921.68 1.05 14742 5122.52 1.08 1392017 632590.32 20.21 350 328.43 1.08 31546 33690.57 20.21 205 6 99 19270 564 9306 17.0 21.0 17.61 0.16
85500.0 310 105.31 1.05 32096 10026.99 1.05 14713 5123.04 1.08 1406730 637713.36 20.21 310 328.38 1.08 31856 34018.95 20.21 205 6 99 19475 570 9405 17.0 21.0 17.62 0.16
86400.0 310 105.31 1.05 32406 10132.3 1.05 14707 5122.11 1.08 1421437 642835.47 20.21 310 328.39 1.08 32166 34347.33 20.21 205 6 99 19680 576 9504 17.0 21.0 17.61 0.16
87300.0 376 105.45 1.05 32782 10237.76 1.05 14767 5122.4 1.08 1436204 647957.87 20.21 370 328.43 1.08 32536 34675.77 20.21 205 6 99 19885 582 9603 17.0 21.0 17.62 0.15
88200.0 354 106.09 1.05 33136 10343.85 1.05 14736 5121.91 1.08 1450940 653079.78 20.21 350 328.49 1.08 32886 35004.25 20.21 205 6 99 20090 588 9702 17.0 21.0 17.62 0.15
89100.0 310 105.32 1.05 33446 10449.16 1.05 14762 5165.1 1.08 1465702 658244.88 20.21 310 328.49 1.08 33196 35332.74 20.21 205 6 99 20295 594 9801 17.1 21.0 17.65 0.12
90000.0 310 105.32 1.05 33756 10554.48 1.05 14792 5184.05 1.08 1480494 663428.93 20.21 310 328.5 1.08 33506 35661.24 20.21 205 6 99 20500 600 9900 17.1 21.0 17.7 0.09
90900.0 376 105.46 1.05 34132 10659.94 1.05 14852 5184.41 1.08 1495346 668613.34 20.21 370 328.54 1.08 33876 35989.78 20.21 205 6 99 20705 606 9999 17.1 21.0 17.7 0.09
91800.0 354 106.09 1.05 34486 10766.02 1.05 14807 5163.85 1.08 1510153 673777.19 20.21 350 328.4 1.08 34226 36318.18 20.21 205 6 99 20910 612 10098 17.1 23.8 17.8 0.31
92700.0 310 105.31 1.05 34796 10871.34 1.05 14829 5198.29 1.08 1524982 678975.49 20.21 310 328.31 1.08 34536 36646.49 20.21 205 6 99 21115 618 10197 17.1 23.8 19.44 2.44
93600.0 310 105.31 1.05 35106 10976.65 1.05 14832 5201.54 1.08 1539814 684177.03 20.21 310 328.31 1.08 34846 36974.8 20.21 205 6 99 21320 624 10296 17.1 23.8 20.48 5.19
94500.0 376 105.45 1.05 35482 11082.1 1.05 14891 5200.8 1.08 1554705 689377.83 20.21 370 328.35 1.08 35216 37303.15 20.21 205 6 99 21525 630 10395 17.1 23.8 20.49 5.22
95400.0 354 106.09 1.05 35836 11188.19 1.05 14869 5198.41 1.08 1569574 694576.24 20.21 350 328.33 1.08 35566 37631.48 20.21 205 6 99 21730 636 10494 17.1 24.0 20.5 5.21
96300.0 310 105.31 1.05 36146 11293.5 1.05 14827 5198.29 1.08 1584401 699774.54 20.21 310 328.31 1.08 35876 37959.78 20.21 205 6 99 21935 642 10593 17.1 24.0 20.83 5.14
97200.0 310 105.31 1.05 36456 11398.81 1.05 14823 5198.39 1.08 1599224 704972.93 20.21 310 328.31 1.08 36186 38288.09 20.21 205 6 99 22140 648 10692 17.1 24.0 20.99 5.12
98100.0 376 105.45 1.05 36832 11504.26 1.05 14880 5196.6 1.08 1614104 710169.53 20.21 370 328.35 1.08 36556 38616.45 20.21 205 6 99 22345 654 10791 17.4 24.0 20.99 5.12
99000.0 354 106.09 1.05 37186 11610.35 1.05 14856 5191.26 1.08 1628960 715360.79 20.21 350 328.26 1.08 36906 38944.71 20.21 205 6 99 22550 660 10890 17.4 24.0 21.0 5.1
99900.0 310 105.31 1.05 37496 11715.66 1.05 14817 5191.13 1.08 1643777 720551.92 20.21 310 328.24 1.08 37216 39272.95 20.21 205 6 99 22755 666 10989 17.5 24.0 21.22 4.49
100800.0 310 105.31 1.05 37806 11820.96 1.05 14820 5192.29 1.08 1658597 725744.22 20.21 310 328.25 1.08 37526 39601.2 20.21 205 6 99 22960 672 11088 17.5 24.0 21.35 4.26
101700.0 376 105.45 1.05 38182 11926.42 1.05 14880 5192.59 1.08 1673477 730936.81 20.21 370 328.29 1.08 37896 39929.49 20.21 205 6 99 23165 678 11187 17.8 24.0 21.35 4.24
102600.0 354 106.09 1.05 38536 12032.5 1.05 14850 5186.25 1.08 1688327 736123.06 20.21 350 328.25 1.08 38246 40257.74 20.21 205 6 99 23370 684 11286 17.8 24.0 21.36 4.24
103500.0 310 105.31 1.05 38846 12137.81 1.05 14812 5185.08 1.08 1703139 741308.13 20.21 310 328.23 1.08 38556 40585.96 20.21 205 6 99 23575 690 11385 18.0 24.0 21.52 3.65
104400.0 310 105.31 1.05 39156 12243.12 1.05 14814 5185.18 1.08 1717953 746493.31 20.21 310 328.23 1.08 38866 40914.19 20.21 205 6 99 23780 696 11484 18.0 24.0 21.66 3.39
105300.0 376 105.45 1.05 39532 12348.57 1.05 14872 5184.43 1.08 1732825 751677.74 20.21 370 328.27 1.08 39236 41242.47 20.21 205 6 99 23985 702 11583 18.5 24.0 21.66 3.38
106200.0 354 106.08 1.05 39886 12454.65 1.05 14852 5182.67 1.08 1747677 756860.41 20.21 350 328.22 1.08 39586 41570.68 20.21 205 6 99 24190 708 11682 18.5 24.0 21.66 3.38
107100.0 310 105.31 1.05 40196 12559.96 1.05 14811 5177.18 1.08 1762488 762037.59 20.21 310 328.1 1.08 39896 41898.79 20.21 205 6 99 24395 714 11781 18.8 24.0 21.66 3.18
108000.0 310 105.31 1.05 40506 12665.27 1.05 14811 5178.31 1.08 1777299 767215.9 20.21 310 328.11 1.08 40206 42226.89 20.21 205 6 99 24600 720 11880 18.8 24.0 21.67 3.13
108900.0 376 105.45 1.05 40882 12770.71 1.05 14867 5176.53 1.08 1792166 772392.43 20.21 370 328.15 1.08 40576 42555.04 20.21 205 6 99 24805 726 11979 18.9 24.0 21.67 3.13
109800.0 354 106.08 1.05 41236 12876.8 1.05 14844 5174.13 1.08 1807010 777566.56 20.21 350 328.12 1.08 40926 42883.17 20.21 205 6 99 25010 732 12078 18.9 24.0 21.67 3.13
110700.0 310 105.31 1.05 41546 12982.1 1.05 14800 5170.88 1.08 1821810 782737.44 20.21 310 328.1 1.08 41236 43211.27 20.21 205 6 99 25215 738 12177 18.9 24.0 21.56 3.05
111600.0 310 105.31 1.05 41856 13087.41 1.05 14799 5170.96 1.08 1836609 787908.4 20.21 310 328.11 1.08 41546 43539.38 20.21 205 6 99 25420 744 12276 18.9 24.0 21.5 2.91
112500.0 376 105.45 1.05 42232 13192.86 1.05 14857 5169.18 1.08 1851466 793077.58 20.21 370 328.15 1.08 41916 43867.52 20.21 205 6 99 25625 750 12375 18.9 23.9 21.5 2.91
113400.0 354 106.08 1.05 42586 13298.94 1.05 14830 5161.53 1.08 1866296 798239.1 20.21 350 328.12 1.08 42266 44195.65 20.21 205 6 99 25830 756 12474 18.9 23.9 21.51 2.91
114300.0 310 105.31 1.05 42896 13404.25 1.05 14800 5169.83 1.08 1881096 803408.93 20.21 310 328.1 1.08 42576 44523.75 20.21 205 6 99 26035 762 12573 18.9 24.0 22.88 0.86
115200.0 310 105.31 1.05 43206 13509.55 1.05 14801 5170.96 1.08 1895897 808579.89 20.21 310 328.11 1.08 42886 44851.86 20.21 205 6 99 26240 768 12672 18.9 24.0 23.48 0.12
116100.0 376 105.45 1.05 43582 13615.0 1.05 14859 5170.23 1.08 1910756 813750.12 20.21 370 328.15 1.08 43256 45180.0 20.21 205 6 99 26445 774 12771 21.0 24.0 23.5 0.05
117000.0 354 106.08 1.05 43936 13721.08 1.05 14837 5168.88 1.08 1925593 818919.0 20.21 350 328.12 1.08 43606 45508.13 20.21 205 6 99 26650 780 12870 21.0 24.0 23.5 0.05
117900.0 310 105.31 1.05 44246 13826.39 1.05 14797 5168.78 1.08 1940390 824087.78 20.21 310 328.1 1.08 43916 45836.23 20.21 205 6 99 26855 786 12969 21.0 24.0 23.54 0.04
118800.0 310 105.31 1.05 44556 13931.69 1.05 14796 5167.81 1.08 1955186 829255.59 20.21 310 328.11 1.08 44226 46164.34 20.21 205 6 99 27060 792 13068 21.0 24.0 23.59 0.04
119700.0 376 105.45 1.05 44932 14037.14 1.05 14856 5168.13 1.08 1970042 834423.72 20.21 370 328.15 1.08 44596 46492.49 20.21 205 6 99 27265 798 13167 21.0 24.0 23.59 0.04
120600.0 354 106.08 1.05 45286 14143.23 1.05 14836 5167.83 1.08 1984878 839591.54 20.21 350 328.12 1.08 44946 46820.61 20.21 205 6 99 27470 804 13266 21.0 24.0 23.59 0.04
121500.0 310 105.31 1.05 45596 14248.53 1.05 14794 5165.63 1.08 1999672 844757.17 20.21 310 328.1 1.08 45256 47148.71 20.21 205 6 99 27675 810 13365 21.0 24.0 23.63 0.03
122400.0 310 105.31 1.05 45906 14353.84 1.05 14790 5163.61 1.08 2014462 849920.78 20.21 310 328.11 1.08 45566 47476.82 20.21 205 6 99 27880 816 13464 21.0 24.0 23.65 0.03
123300.0 376 105.45 1.05 46282 14459.29 1.05 14850 5163.93 1.08 2029312 855084.71 20.21 370 328.15 1.08 45936 47804.97 20.21 205 6 99 28085 822 13563 21.0 24.0 23.65 0.03
124200.0 354 106.08 1.05 46636 14565.37 1.05 14830 5163.63 1.08 2044142 860248.34 20.21 350 328.12 1.08 46286 48133.09 20.21 205 6 99 28290 828 13662 21.0 24.0 23.65 0.03
125100.0 310 105.31 1.05 46946 14670.67 1.05 14790 5163.53 1.08 2058932 865411.87 20.21 310 328.1 1.08 46596 48461.19 20.21 205 6 99 28495 834 13761 21.0 24.0 23.69 0.03
126000.0 310 105.31 1.05 47256 14775.98 1.05 14790 5163.61 1.08 2073722 870575.48 20.21 310 328.11 1.08 46906 48789.3 20.21 205 6 99 28700 840 13860 21.0 24.0 23.71 0.03
126900.0 376 105.45 1.05 47632 14881.43 1.05 14850 5163.93 1.08 2088572 875739.41 20.21 370 328.15 1.08 47276 49117.45 20.21 205 6 99 28905 846 13959 21.0 24.0 23.71 0.03
127800.0 354 106.08 1.05 47986 14987.51 1.05 14824 5162.58 1.08 2103396 880901.98 20.21 350 328.12 1.08 47626 49445.57 20.21 205 6 99 29110 852 14058 21.0 24.0 23.71 0.03
128700.0 310 105.31 1.05 48296 15092.82 1.05 14784 5162.48 1.08 2118180 886064.46 20.21 310 328.1 1.08 47936 49773.67 20.21 205 6 99 29315 858 14157 21.0 24.0 23.75 0.03
129600.0 310 105.31 1.05 48606 15198.12 1.05 14782 5160.46 1.08 2132962 891224.92 20.21 310 328.11 1.08 48246 50101.78 20.21 205 6 99 29520 864 14256 21.0 24.0 23.76 0.03
130500.0 376 105.45 1.05 48982 15303.57 1.05 14842 5160.78 1.08 2147804 896385.7 20.21 370 328.15 1.08 48616 50429.93 20.21 205 6 99 29725 870 14355 21.0 24.0 23.76 0.03
131400.0 354 106.08 1.05 49336 15409.65 1.05 14822 5160.48 1.08 2162626 901546.18 20.21 350 328.12 1.08 48966 50758.05 20.21 205 6 99 29930 876 14454 21.0 24.0 23.76 0.03
132300.0 310 105.31 1.05 49646 15514.96 1.05 14781 5160.38 1.08 2177407 906706.55 20.21 310 328.1 1.08 49276 51086.15 20.21 205 6 99 30135 882 14553 21.0 24.0 23.78 0.03
133200.0 310 105.31 1.05 49956 15620.27 1.05 14780 5159.41 1.08 2192187 911865.96 20.21 310 328.11 1.08 49586 51414.26 20.21 205 6 99 30340 888 14652 21.0 24.0 23.8 0.03
134100.0 376 105.45 1.05 50332 15725.71 1.05 14840 5159.73 1.08 2207027 917025.7 20.21 370 328.15 1.08 49956 51742.41 20.21 205 6 99 30545 894 14751 21.0 24.0 23.8 0.03
135000.0 354 106.08 1.05 50686 15831.8 1.05 14819 5159.43 1.08 2221846 922185.12 20.21 350 328.12 1.08 50306 52070.53 20.21 205 6 99 30750 900 14850 21.0 24.0 23.8 0.03
135900.0 310 105.31 1.05 50996 15937.1 1.05 14776 5157.23 1.08 2236622 927342.35 20.21 310 328.1 1.08 50616 52398.64 20.21 205 6 99 30955 906 14949 21.0 24.0 23.82 0.03
136800.0 310 105.31 1.05 51306 16042.41 1.05 14775 5157.31 1.08 2251397 932499.66 20.21 310 328.11 1.08 50926 52726.74 20.21 205 6 99 31160 912 15048 21.0 24.0 23.84 0.03
137700.0 376 105.45 1.05 51682 16147.86 1.05 14835 5157.63 1.08 2266232 937657.29 20.21 370 328.15 1.08 51296 53054.89 20.21 205 6 99 31365 918 15147 21.0 24.0 23.84 0.03
138600.0 354 106.08 1.05 52036 16253.94 1.05 14813 5155.23 1.08 2281045 942812.52 20.21 350 328.12 1.08 51646 53383.01 20.21 205 6 99 31570 924 15246 21.0 24.0 23.84 0.03
139500.0 310 105.31 1.05 52346 16359.25 1.05 14773 5155.13 1.08 2295818 947967.64 20.21 310 328.1 1.08 51956 53711.12 20.21 205 6 99 31775 930 15345 21.0 24.0 23.85 0.03
140400.0 310 105.31 1.05 52656 16464.55 1.05 14770 5153.11 1.08 2310588 953120.75 20.21 310 328.11 1.08 52266 54039.22 20.21 205 6 99 31980 936 15444 21.0 24.0 23.85 0.03
141300.0 376 105.45 1.05 53032 16570.0 1.05 14830 5153.43 1.08 2325418 958274.19 20.21 370 328.15 1.08 52636 54367.37 20.21 205 6 99 32185 942 15543 21.0 24.0 23.85 0.03
142200.0 354 106.08 1.05 53386 16676.08 1.05 14810 5153.13 1.08 2340228 963427.31 20.21 350 328.12 1.08 52986 54695.49 20.21 205 6 99 32390 948 15642 21.0 24.0 23.85 0.03
143100.0 310 105.31 1.05 53696 16781.39 1.05 14769 5151.98 1.08 2354997 968579.29 20.21 310 328.1 1.08 53296 55023.6 20.21 205 6 99 32595 954 15741 21.0 24.0 23.87 0.03
144000.0 310 105.31 1.05 54006 16886.7 1.05 14766 5151.01 1.08 2369763 973730.3 20.21 310 328.11 1.08 53606 55351.7 20.21 205 6 99 32800 960 15840 21.0 24.0 23.88 0.03
144900.0 376 105.45 1.05 54382 16992.14 1.05 14826 5151.33 1.08 2384589 978881.63 20.21 370 328.15 1.08 53976 55679.85 20.21 205 6 99 33005 966 15939 21.0 24.0 23.88 0.03
145800.0 354 106.08 1.05 54736 17098.23 1.05 14806 5151.03 1.08 2399395 984032.66 20.21 350 328.12 1.08 54326 56007.98 20.21 205 6 99 33210 972 16038 21.0 24.0 23.88 0.03
146700.0 310 105.31 1.05 55046 17203.53 1.05 14765 5149.88 1.08 2414160 989182.53 20.21 310 328.1 1.08 54636 56336.08 20.21 205 6 99 33415 978 16137 21.0 24.0 23.88 0.03
147600.0 310 105.31 1.05 55356 17308.84 1.05 14765 5149.96 1.08 2428925 994332.49 20.21 310 328.11 1.08 54946 56664.18 20.21 205 6 99 33620 984 16236 21.0 24.0 23.88 0.03
148500.0 376 105.45 1.05 55732 17414.29 1.05 14824 5149.23 1.08 2443749 999481.72 20.21 370 328.15 1.08 55316 56992.33 20.21 205 6 99 33825 990 16335 21.0 24.0 23.88 0.03
149400.0 354 106.08 1.05 56086 17520.37 1.05 14804 5148.93 1.08 2458553 1004630.65 20.21 350 328.12 1.08 55666 57320.46 20.21 205 6 99 34030 996 16434 21.0 24.0 23.88 0.03
150300.0 310 105.31 1.05 56396 17625.67 1.05 14764 5148.83 1.08 2473317 1009779.48 20.21 310 328.1 1.08 55976 57648.56 20.21 205 6 99 34235 1002 16533 21.0 24.0 23.88 0.03
151200.0 310 105.31 1.05 56706 17730.98 1.05 14761 5145.76 1.08 2488078 1014925.24 20.21 310 328.11 1.08 56286 57976.67 20.21 205 6 99 34440 1008 16632 21.0 24.0 23.89 0.03
152100.0 376 105.45 1.05 57082 17836.43 1.05 14818 5145.03 1.08 2502896 1020070.27 20.21 370 328.15 1.08 56656 58304.81 20.21 205 6 99 34645 1014 16731 21.0 24.0 23.89 0.03
153000.0 354 106.08 1.05 57436 17942.51 1.05 14798 5144.73 1.08 2517694 1025214.99 20.21 350 328.12 1.08 57006 58632.94 20.21 205 6 99 34850 1020 16830 21.0 24.0 23.89 0.03
153900.0 310 105.31 1.05 57746 18047.82 1.05 14756 5142.53 1.08 2532450 1030357.52 20.21 310 328.1 1.08 57316 58961.04 20.21 205 6 99 35055 1026 16929 21.0 24.0 23.88 0.03
154800.0 310 105.31 1.05 58056 18153.12 1.05 14754 5141.56 1.08 2547204 1035499.08 20.21 310 328.11 1.08 57626 59289.15 20.21 205 6 99 35260 1032 17028 21.0 24.0 23.88 0.03
155700.0 376 105.45 1.05 58432 18258.57 1.05 14814 5141.88 1.08 2562018 1040640.96 20.21 370 328.15 1.08 57996 59617.3 20.21 205 6 99 35465 1038 17127 21.0 24.0 23.88 0.03
156600.0 354 106.08 1.05 58786 18364.65 1.05 14792 5140.53 1.08 2576810 1045781.49 20.21 350 328.12 1.08 58346 59945.42 20.21 205 6 99 35670 1044 17226 21.0 24.0 23.88 0.03
157500.0 310 105.31 1.05 59096 18469.96 1.05 14748 5137.28 1.08 2591558 1050918.76 20.21 310 328.1 1.08 58656 60273.52 20.21 205 6 99 35875 1050 17325 21.0 24.0 23.87 0.04
158400.0 310 105.31 1.05 59406 18575.27 1.05 14748 5137.36 1.08 2606306 1056056.12 20.21 310 328.11 1.08 58966 60601.63 20.21 205 6 99 36080 1056 17424 21.0 24.0 23.87 0.04
159300.0 376 105.45 1.05 59782 18680.72 1.05 14807 5136.63 1.08 2621113 1061192.76 20.21 370 328.15 1.08 59336 60929.78 20.21 205 6 99 36285 1062 17523 21.0 24.0 23.87 0.04
160200.0 354 106.08 1.05 60136 18786.8 1.05 14783 5133.18 1.08 2635896 1066325.93 20.21 350 328.12 1.08 59686 61257.9 20.21 205 6 99 36490 1068 17622 21.0 24.0 23.87 0.04
161100.0 310 105.31 1.05 60446 18892.1 1.05 14743 5133.08 1.08 2650639 1071459.01 20.21 310 328.1 1.08 59996 61586.0 20.21 205 6 99 36695 1074 17721 21.0 24.0 23.84 0.04
162000.0 310 105.31 1.05 60756 18997.41 1.05 14742 5132.11 1.08 2665381 1076591.12 20.21 310 328.11 1.08 60306 61914.11 20.21 205 6 99 36900 1080 17820 21.0 24.0 23.84 0.04
162900.0 376 105.43 1.05 61132 19102.84 1.05 14800 5130.98 1.08 2680181 1081722.1 20.21 370 328.11 1.08 60676 62242.22 20.21 205 6 99 37105 1086 17919 21.0 24.0 23.84 0.04
163800.0 354 106.08 1.05 61486 19208.93 1.05 14780 5131.08 1.08 2694961 1086853.18 20.21 350 328.12 1.08 61026 62570.34 20.21 205 6 99 37310 1092 18018 21.0 24.0 23.84 0.04
164700.0 310 105.31 1.05 61796 19314.23 1.05 14739 5130.98 1.08 2709700 1091984.15 20.21 310 328.1 1.08 61336 62898.44 20.21 205 6 99 37515 1098 18117 21.0 24.0 23.81 0.04
165600.0 310 105.31 1.05 62106 19419.54 1.05 14735 5130.01 1.08 2724435 1097114.16 20.21 310 328.11 1.08 61646 63226.55 20.21 205 6 99 37720 1104 18216 21.0 24.0 23.81 0.04
166500.0 376 105.45 1.05 62482 19524.99 1.05 14794 5129.28 1.08 2739229 1102243.44 20.21 370 328.15 1.08 62016 63554.7 20.21 205 6 99 37925 1110 18315 21.0 24.0 23.81 0.04
167400.0 354 106.08 1.05 62836 19631.07 1.05 14774 5128.98 1.08 2754003 1107372.42 20.21 350 328.12 1.08 62366 63882.82 20.21 205 6 99 38130 1116 18414 21.0 24.0 23.81 0.04
168300.0 310 105.31 1.05 63146 19736.38 1.05 14731 5126.78 1.08 2768734 1112499.2 20.21 310 328.1 1.08 62676 64210.93 20.21 205 6 99 38335 1122 18513 21.0 24.0 23.78 0.05
169200.0 310 105.31 1.05 63456 19841.68 1.05 14731 5126.86 1.08 2783465 1117626.06 20.21 310 328.11 1.08 62986 64539.03 20.21 205 6 99 38540 1128 18612 21.0 24.0 23.77 0.05
170100.0 376 105.43 1.05 63832 19947.11 1.05 14789 5125.73 1.08 2798254 1122751.79 20.21 370 328.11 1.08 63356 64867.14 20.21 205 6 99 38745 1134 18711 21.0 24.0 23.77 0.05
171000.0 354 106.08 1.05 64186 20053.2 1.05 14765 5123.73 1.08 2813019 1127875.51 20.21 350 328.12 1.08 63706 65195.26 20.21 205 6 99 38950 1140 18810 21.0 24.0 23.77 0.05
171900.0 310 105.31 1.05 64496 20158.5 1.05 14723 5121.53 1.08 2827742 1132997.04 20.21 310 328.1 1.08 64016 65523.37 20.21 205 6 99 39155 1146 18909 21.0 24.0 23.74 0.05
172800.0 310 105.31 1.05 64806 20263.81 1.05 14722 5120.56 1.08 2842464 1138117.6 20.21 310 328.11 1.08 64326 65851.47 20.21 205 6 99 39360 1152 19008 21.0 24.0 23.73 0.05
173700.0 376 105.45 1.05 65182 20369.26 1.05 14779 5117.73 1.08 2857243 1143235.33 20.21 370 328.15 1.08 64696 66179.62 20.21 205 6 99 39565 1158 19107 21.0 24.0 23.73 0.05
174600.0 354 106.08 1.05 65536 20475.34 1.05 14758 5116.38 1.08 2872001 1148351.71 20.21 350 328.12 1.08 65046 66507.75 20.21 205 6 99 39770 1164 19206 21.0 24.0 23.73 0.05
175500.0 310 105.31 1.05 65846 20580.65 1.05 14717 5116.28 1.08 2886718 1153467.98 20.21 310 328.1 1.08 65356 66835.85 20.21 205 6 99 39975 1170 19305 21.0 24.0 23.69 0.05
176400.0 310 105.31 1.05 66156 20685.95 1.05 14717 5117.41 1.08 2901435 1158585.39 20.21 310 328.11 1.08 65666 67163.96 20.21 205 6 99 40180 1176 19404 21.0 24.0 23.67 0.05
177300.0 376 105.45 1.05 66532 20791.4 1.05 14777 5117.73 1.08 2916212 1163703.12 20.21 370 328.15 1.08 66036 67492.1 20.21 205 6 99 40385 1182 19503 21.0 23.9 23.66 0.05
178200.0 354 106.08 1.05 66886 20897.48 1.05 14755 5115.33 1.08 2930967 1168818.45 20.21 350 328.12 1.08 66386 67820.23 20.21 205 6 99 40590 1188 19602 21.0 23.9 23.66 0.05
179100.0 310 105.31 1.05 67196 21002.79 1.05 14710 5112.08 1.08 2945677 1173930.53 20.21 310 328.1 1.08 66696 68148.33 20.21 205 6 99 40795 1194 19701 21.0 23.9 23.61 0.05
180000.0 310 105.31 1.05 67506 21108.1 1.05 14712 5114.26 1.08 2960389 1179044.79 20.21 310 328.11 1.08 67006 68476.44 20.21 205 6 99 41000 1200 19800 21.0 23.9 23.57 0.05
180900.0 376 105.45 1.05 67882 21213.54 1.05 14769 5113.53 1.08 2975158 1184158.32 20.21 370 328.15 1.08 67376 68804.58 20.21 205 6 99 41205 1206 19899 21.0 23.9 23.57 0.05
181800.0 354 106.08 1.05 68236 21319.63 1.05 14745 5110.08 1.08 2989903 1189268.39 20.21 350 328.12 1.08 67726 69132.71 20.21 205 6 99 41410 1212 19998 21.0 23.9 23.56 0.05
182700.0 310 105.31 1.05 68546 21424.93 1.05 14702 5108.93 1.08 3004605 1194377.32 20.21 310 328.1 1.08 68036 69460.81 20.21 205 6 99 41615 1218 20097 21.0 23.8 23.49 0.05
183600.0 310 105.31 1.05 68856 21530.24 1.05 14703 5110.06 1.08 3019308 1199487.38 20.21 310 328.11 1.08 68346 69788.92 20.21 205 6 99 41820 1224 20196 21.0 23.8 23.44 0.04
184500.0 376 105.45 1.05 69232 21635.69 1.05 14758 5106.18 1.08 3034066 1204593.56 20.21 370 328.15 1.08 68716 70117.07 20.21 205 6 99 42025 1230 20295 21.0 23.8 23.43 0.04
185400.0 354 106.08 1.05 69586 21741.77 1.05 14734 5102.73 1.08 3048800 1209696.29 20.21 350 328.12 1.08 69066 70445.19 20.21 205 6 99 42230 1236 20394 21.0 23.8 23.43 0.04
186300.0 310 105.31 1.05 69896 21847.08 1.05 14698 5105.78 1.08 3063498 1214802.06 20.21 310 328.1 1.08 69376 70773.29 20.21 205 6 99 42435 1242 20493 21.0 23.7 23.33 0.05
187200.0 310 105.31 1.05 70206 21952.38 1.05 14693 5103.76 1.08 3078191 1219905.82 20.21 310 328.11 1.08 69686 71101.4 20.21 205 6 99 42640 1248 20592 21.0 23.7 23.25 0.04
188100.0 376 105.45 1.05 70582 22057.83 1.05 14752 5103.03 1.08 3092943 1225008.85 20.21 370 328.15 1.08 70056 71429.55 20.21 205 6 99 42845 1254 20691 21.0 23.7 23.25 0.04
189000.0 354 106.08 1.05 70936 22163.91 1.05 14730 5100.63 1.08 3107673 1230109.48 20.21 350 328.12 1.08 70406 71757.67 20.21 205 6 99 43050 1260 20790 21.0 23.7 23.25 0.04
189900.0 310 105.31 1.05 71246 22269.22 1.05 14693 5103.68 1.08 3122366 1235213.15 20.21 310 328.1 1.08 70716 72085.77 20.21 205 6 99 43255 1266 20889 21.0 23.5 23.11 0.05
190800.0 310 105.31 1.05 71556 22374.52 1.05 14690 5100.61 1.08 3137056 1240313.76 20.21 310 328.11 1.08 71026 72413.88 20.21 205 6 99 43460 1272 20988 21.0 23.5 23.0 0.04
191700.0 376 105.45 1.05 71932 22479.97 1.05 14746 5097.78 1.08 3151802 1245411.54 20.21 370 328.15 1.08 71396 72742.03 20.21 205 6 99 43665 1278 21087 21.0 23.5 23.0 0.04
192600.0 354 106.08 1.05 72286 22586.06 1.05 14719 5091.18 1.08 3166521 1250502.72 20.21 350 328.12 1.08 71746 73070.15 20.21 205 6 99 43870 1284 21186 21.0 23.5 23.0 0.04
193500.0 310 105.31 1.05 72596 22691.36 1.05 14683 5095.28 1.08 3181204 1255598.0 20.21 310 328.1 1.08 72056 73398.25 20.21 205 6 99 44075 1290 21285 21.0 23.3 22.85 0.04
194400.0 310 105.31 1.05 72906 22796.67 1.05 14686 5096.41 1.08 3195890 1260694.41 20.21 310 328.11 1.08 72366 73726.36 20.21 205 6 99 44280 1296 21384 21.0 23.3 22.72 0.04
195300.0 376 105.45 1.05 73282 22902.12 1.05 14738 5091.48 1.08 3210628 1265785.89 20.21 370 328.15 1.08 72736 74054.51 20.21 205 6 99 44485 1302 21483 21.0 23.3 22.72 0.04
196200.0 354 106.08 1.05 73636 23008.2 1.05 14717 5091.18 1.08 3225345 1270877.06 20.21 350 328.12 1.08 73086 74382.63 20.21 205 6 99 44690 1308 21582 21.0 23.3 22.71 0.04
197100.0 310 105.31 1.05 73946 23113.5 1.05 14679 5088.98 1.08 3240024 1275966.04 20.21 310 328.1 1.08 73396 74710.73 20.21 205 6 99 44895 1314 21681 21.0 23.1 22.56 0.03
198000.0 310 105.31 1.05 74256 23218.81 1.05 14658 5067.01 1.08 3254682 1281033.05 20.21 310 328.11 1.08 73706 75038.84 20.21 205 6 99 45100 1320 21780 21.0 23.1 22.41 0.04
198900.0 376 105.45 1.05 74632 23324.26 1.05 14718 5067.33 1.08 3269400 1286100.38 20.21 370 328.15 1.08 74076 75366.99 20.21 205 6 99 45305 1326 21879 21.0 23.1 22.4 0.04
199800.0 354 106.08 1.05 74986 23430.34 1.05 14695 5063.88 1.08 3284095 1291164.26 20.21 350 328.12 1.08 74426 75695.11 20.21 205 6 99 45510 1332 21978 21.0 23.1 22.4 0.04
200700.0 310 105.31 1.05 75296 23535.65 1.05 14660 5069.03 1.08 3298755 1296233.28 20.21 310 328.1 1.08 74736 76023.22 20.21 205 6 99 45715 1338 22077 21.0 22.8 22.25 0.02
201600.0 310 105.31 1.05 75606 23640.95 1.05 14662 5072.26 1.08 3313417 1301305.54 20.21 310 328.11 1.08 75046 76351.32 20.21 205 6 99 45920 1344 22176 21.0 22.8 22.18 0.03
202500.0 376 105.45 1.05 75982 23746.4 1.05 14722 5072.58 1.08 3328139 1306378.12 20.21 370 328.15 1.08 75416 76679.47 20.21 205 6 99 46125 1350 22275 21.0 22.8 22.18 0.03
203400.0 354 106.08 1.05 76336 23852.48 1.05 14692 5064.93 1.08 3342831 1311443.05 20.21 350 328.12 1.08 75766 77007.59 20.21 205 6 99 46330 1356 22374 21.0 22.8 22.18 0.03
204300.0 310 105.31 1.05 76646 23957.79 1.05 14663 5071.13 1.08 3357494 1316514.17 20.21 310 328.1 1.08 76076 77335.7 20.21 205 6 99 46535 1362 22473 21.0 22.6 22.06 0.01
205200.0 310 105.31 1.05 76956 24063.1 1.05 14661 5070.16 1.08 3372155 1321584.33 20.21 310 328.11 1.08 76386 77663.8 20.21 205 6 99 46740 1368 22572 21.0 22.6 22.06 0.01
206100.0 376 105.43 1.05 77332 24168.53 1.05 14719 5069.03 1.08 3386874 1326653.37 20.21 370 328.11 1.08 76756 77991.91 20.21 205 6 99 46945 1374 22671 21.0 22.6 22.06 0.01
207000.0 354 106.08 1.05 77686 24274.61 1.05 14689 5061.78 1.08 3401563 1331715.14 20.21 350 328.12 1.08 77106 78320.04 20.21 205 6 99 47150 1380 22770 21.0 22.6 22.06 0.01
207900.0 310 105.31 1.05 77996 24379.92 1.05 14657 5066.93 1.08 3416220 1336782.07 20.21 310 328.1 1.08 77416 78648.14 20.21 205 6 99 47355 1386 22869 21.0 22.2 22.02 0.01
208800.0 310 105.31 1.05 78306 24485.22 1.05 14653 5063.86 1.08 3430873 1341845.93 20.21 310 328.11 1.08 77726 78976.25 20.21 205 6 99 47560 1392 22968 21.0 22.2 22.02 0.01
209700.0 376 105.45 1.05 78682 24590.67 1.05 14711 5062.08 1.08 3445584 1346908.01 20.21 370 328.15 1.08 78096 79304.39 20.21 205 6 99 47765 1398 23067 21.0 22.2 22.02 0.01
210600.0 354 106.08 1.05 79036 24696.76 1.05 14679 5054.43 1.08 3460263 1351962.43 20.21 350 328.12 1.08 78446 79632.52 20.21 205 6 99 47970 1404 23166 21.0 22.2 22.02 0.01
211500.0 310 105.31 1.05 79346 24802.06 1.05 14640 5055.38 1.08 3474903 1357017.81 20.21 310 328.1 1.08 78756 79960.62 20.21 205 6 99 48175 1410 23265 21.0 22.0 22.0 0.0
212400.0 310 105.31 1.05 79656 24907.37 1.05 14640 5055.46 1.08 3489543 1362073.27 20.21 310 328.11 1.08 79066 80288.73 20.21 205 6 99 48380 1416 23364 21.0 22.0 22.0 0.0
213300.0 376 105.43 1.05 80032 25012.8 1.05 14696 5052.23 1.08 3504239 1367125.5 20.21 370 328.11 1.08 79436 80616.84 20.21 205 6 99 48585 1422 23463 21.0 22.0 22.0 0.0
214200.0 354 106.08 1.05 80386 25118.88 1.05 14666 5042.88 1.08 3518905 1372168.38 20.21 350 328.12 1.08 79786 80944.96 20.21 205 6 99 48790 1428 23562 21.0 22.0 22.0 0.0
215100.0 310 105.31 1.05 80696 25224.19 1.05 14624 5041.73 1.08 3533529 1377210.1 20.21 310 328.1 1.08 80096 81273.06 20.21 205 6 99 48995 1434 23661 21.0 22.0 22.0 0.0
216000.0 310 105.31 1.05 81006 25329.5 1.05 14622 5040.76 1.08 3548151 1382250.86 20.21 310 328.11 1.08 80406 81601.17 20.21 205 6 99 49200 1440 23760 21.0 22.0 22.0 0.0
216900.0 376 105.45 1.05 81382 25434.94 1.05 14680 5038.98 1.08 3562831 1387289.84 20.21 370 328.15 1.08 80776 81929.32 20.21 205 6 99 49405 1446 23859 21.0 22.0 22.0 0.0
217800.0 354 106.08 1.05 81736 25541.03 1.05 14654 5034.48 1.08 3577485 1392324.32 20.21 350 328.12 1.08 81126 82257.44 20.21 205 6 99 49610 1452 23958 21.0 22.0 22.0 0.0
218700.0 310 105.31 1.05 82046 25646.33 1.05 14608 5032.28 1.08 3592093 1397356.59 20.21 310 328.1 1.08 81436 82585.54 20.21 205 6 99 49815 1458 24057 21.0 22.0 22.0 0.0
219600.0 310 105.31 1.05 82356 25751.64 1.05 14608 5032.36 1.08 3606701 1402388.95 20.21 310 328.11 1.08 81746 82913.65 20.21 205 6 99 50020 1464 24156 21.0 22.0 22.0 0.0
220500.0 376 105.45 1.05 82732 25857.09 1.05 14662 5028.48 1.08 3621363 1407417.43 20.21 370 328.15 1.08 82116 83241.8 20.21 205 6 99 50225 1470 24255 21.0 22.0 22.0 0.0
221400.0 354 106.08 1.05 83086 25963.17 1.05 14641 5029.58 1.08 3636004 1412447.02 20.21 350 328.15 1.08 82466 83569.95 20.21 205 6 99 50430 1476 24354 20.8 22.0 21.99 0.01
222300.0 310 105.31 1.05 83396 26068.48 1.05 14694 5102.88 1.08 3650698 1417549.9 20.21 310 328.15 1.08 82776 83898.1 20.21 205 6 99 50635 1482 24453 20.3 22.0 21.27 0.07
223200.0 310 105.31 1.05 83706 26173.78 1.05 14726 5127.12 1.08 3665424 1422677.02 20.21 310 328.16 1.08 83086 84226.26 20.21 205 6 99 50840 1488 24552 19.8 22.0 20.56 0.14
224100.0 376 105.45 1.05 84082 26279.23 1.05 14786 5127.44 1.08 3680210 1427804.46 20.21 370 328.2 1.08 83456 84554.46 20.21 205 6 99 51045 1494 24651 19.8 21.8 20.55 0.13
225000.0 354 106.08 1.05 84436 26385.32 1.05 14764 5125.53 1.08 3694974 1432929.98 20.21 350 328.16 1.08 83806 84882.62 20.21 205 6 99 51250 1500 24750 19.8 21.8 20.55 0.13
225900.0 310 105.31 1.05 84746 26490.62 1.05 14726 5127.74 1.08 3709700 1438057.73 20.21 310 328.15 1.08 84116 85210.77 20.21 205 6 99 51455 1506 24849 19.8 21.7 20.49 0.12
226800.0 310 105.31 1.05 85056 26595.93 1.05 14729 5130.98 1.08 3724429 1443188.71 20.21 310 328.15 1.08 84426 85538.92 20.21 205 6 99 51660 1512 24948 19.8 21.7 20.46 0.14
227700.0 376 105.45 1.05 85432 26701.38 1.05 14789 5131.3 1.08 3739218 1448320.01 20.21 370 328.19 1.08 84796 85867.11 20.21 205 6 99 51865 1518 25047 19.8 21.7 20.46 0.14
228600.0 354 106.08 1.05 85786 26807.46 1.05 14765 5128.45 1.08 3753983 1453448.46 20.21 350 328.18 1.08 85146 86195.29 20.21 205 6 99 52070 1524 25146 19.8 21.7 20.46 0.14
229500.0 310 105.31 1.05 86096 26912.77 1.05 14724 5125.6 1.08 3768707 1458574.06 20.21 310 328.14 1.08 85456 86523.43 20.21 205 6 99 52275 1530 25245 19.8 21.6 20.44 0.14
230400.0 310 105.31 1.05 86406 27018.08 1.05 14724 5123.59 1.08 3783431 1463697.64 20.21 310 328.15 1.08 85766 86851.58 20.21 205 6 99 52480 1536 25344 19.8 21.6 20.44 0.14
231300.0 376 105.43 1.05 86782 27123.51 1.05 14783 5123.51 1.08 3798214 1468821.15 20.21 370 328.15 1.08 86136 87179.73 20.21 205 6 99 52685 1542 25443 19.8 21.6 20.45 0.14
232200.0 354 106.08 1.05 87136 27229.6 1.05 14761 5122.25 1.08 3812975 1473943.4 20.21 350 328.16 1.08 86486 87507.89 20.21 205 6 99 52890 1548 25542 19.8 21.6 20.45 0.14
233100.0 310 105.31 1.05 87446 27334.9 1.05 14719 5122.79 1.08 3827694 1479066.19 20.21 310 328.15 1.08 86796 87836.04 20.21 205 6 99 53095 1554 25641 19.8 21.5 20.48 0.15
234000.0 310 105.31 1.05 87756 27440.21 1.05 14714 5117.63 1.08 3842408 1484183.83 20.21 310 328.16 1.08 87106 88164.2 20.21 205 6 99 53300 1560 25740 19.8 21.5 20.49 0.15
234900.0 376 105.45 1.05 88132 27545.66 1.05 14774 5117.95 1.08 3857182 1489301.77 20.21 370 328.2 1.08 87476 88492.4 20.21 205 6 99 53505 1566 25839 19.8 21.5 20.49 0.15
235800.0 354 106.08 1.05 88486 27651.74 1.05 14749 5113.79 1.08 3871931 1494415.56 20.21 350 328.16 1.08 87826 88820.56 20.21 205 6 99 53710 1572 25938 19.8 21.5 20.49 0.15
236700.0 310 105.31 1.05 88796 27757.05 1.05 14710 5113.85 1.08 3886641 1499529.41 20.21 310 328.12 1.08 88136 89148.68 20.21 205 6 99 53915 1578 26037 19.8 21.4 20.51 0.16
237600.0 310 105.31 1.05 89106 27862.36 1.05 14716 5118.13 1.08 3901357 1504647.55 20.21 310 328.12 1.08 88446 89476.8 20.21 205 6 99 54120 1584 26136 19.7 21.4 20.55 0.14
238500.0 376 105.43 1.05 89482 27967.79 1.05 14769 5112.81 1.08 3916126 1509760.35 20.21 370 328.13 1.08 88816 89804.92 20.21 205 6 99 54325 1590 26235 19.7 21.4 20.55 0.14
239400.0 354 106.08 1.05 89836 28073.87 1.05 14740 5108.47 1.08 3930866 1514868.82 20.21 350 328.16 1.08 89166 90133.08 20.21 205 6 99 54530 1596 26334 19.7 21.4 20.55 0.14
240300.0 310 105.31 1.05 90146 28179.18 1.05 14697 5106.27 1.08 3945563 1519975.09 20.21 310 328.14 1.08 89476 90461.21 20.21 205 6 99 54735 1602 26433 19.7 21.6 20.58 0.16
241200.0 310 105.31 1.05 90456 28284.49 1.05 14694 5105.3 1.08 3960257 1525080.39 20.21 310 328.14 1.08 89786 90789.35 20.21 205 6 99 54940 1608 26532 19.7 21.6 20.6 0.16
242100.0 376 105.45 1.05 90832 28389.94 1.05 14753 5105.62 1.08 3975010 1530186.01 20.21 370 328.18 1.08 90156 91117.54 20.21 205 6 99 55145 1614 26631 19.7 21.6 20.61 0.16
243000.0 354 106.08 1.05 91186 28496.02 1.05 14728 5100.82 1.08 3989738 1535286.83 20.21 350 328.15 1.08 90506 91445.69 20.21 205 6 99 55350 1620 26730 19.7 21.6 20.61 0.16
243900.0 310 105.31 1.05 91496 28601.33 1.05 14696 5105.52 1.08 4004434 1540392.35 20.21 310 328.14 1.08 90816 91773.83 20.21 205 6 99 55555 1626 26829 19.7 21.8 20.62 0.17
244800.0 310 105.31 1.05 91806 28706.63 1.05 14700 5107.71 1.08 4019134 1545500.06 20.21 310 328.15 1.08 91126 92101.97 20.21 205 6 99 55760 1632 26928 19.6 21.8 20.66 0.17
245700.0 376 105.45 1.05 92182 28812.08 1.05 14760 5108.03 1.08 4033894 1550608.09 20.21 370 328.19 1.08 91496 92430.16 20.21 205 6 99 55965 1638 27027 19.6 21.8 20.66 0.17
246600.0 354 106.08 1.05 92536 28918.17 1.05 14714 5090.33 1.08 4048608 1555698.42 20.21 350 328.17 1.08 91846 92758.33 20.21 205 6 99 56170 1644 27126 19.6 21.8 20.66 0.17
247500.0 310 105.31 1.05 92846 29023.47 1.05 14683 5091.83 1.08 4063291 1560790.25 20.21 310 328.14 1.08 92156 93086.47 20.21 205 6 99 56375 1650 27225 19.6 21.9 20.62 0.19
248400.0 310 105.31 1.05 93156 29128.78 1.05 14680 5094.01 1.08 4077971 1565884.26 20.21 310 328.15 1.08 92466 93414.62 20.21 205 6 99 56580 1656 27324 19.5 21.9 20.64 0.19
249300.0 376 105.45 1.05 93532 29234.23 1.05 14731 5085.93 1.08 4092702 1570970.2 20.21 370 328.19 1.08 92836 93742.81 20.21 205 6 99 56785 1662 27423 19.5 21.9 20.64 0.19
250200.0 354 106.08 1.05 93886 29340.31 1.05 14692 5074.78 1.08 4107394 1576044.98 20.21 350 328.15 1.08 93186 94070.96 20.21 205 6 99 56990 1668 27522 19.5 21.9 20.64 0.19
251100.0 310 105.31 1.05 94196 29445.62 1.05 14675 5090.68 1.08 4122069 1581135.66 20.21 310 328.14 1.08 93496 94399.1 20.21 205 6 99 57195 1674 27621 19.5 22.0 20.6 0.21
252000.0 310 105.31 1.05 94506 29550.93 1.05 14689 5102.32 1.08 4136758 1586237.97 20.21 310 328.14 1.08 93806 94727.24 20.21 205 6 99 57400 1680 27720 19.5 22.0 20.59 0.23
252900.0 376 105.45 1.05 94882 29656.38 1.05 14749 5102.64 1.08 4151507 1591340.61 20.21 370 328.19 1.08 94176 95055.43 20.21 205 6 99 57605 1686 27819 19.5 22.0 20.59 0.23
253800.0 354 106.08 1.05 95236 29762.46 1.05 14700 5081.34 1.08 4166207 1596421.95 20.21 350 328.16 1.08 94526 95383.59 20.21 205 6 99 57810 1692 27918 19.5 22.0 20.58 0.23
254700.0 310 105.31 1.05 95546 29867.77 1.05 14719 5119.12 1.08 4180926 1601541.07 20.21 310 328.14 1.08 94836 95711.73 20.21 205 6 99 58015 1698 28017 19.5 21.8 20.45 0.23
255600.0 310 105.31 1.05 95856 29973.07 1.05 14726 5124.46 1.08 4195652 1606665.52 20.21 310 328.14 1.08 95146 96039.87 20.21 205 6 99 58220 1704 28116 19.3 21.8 20.42 0.25
256500.0 376 105.45 1.05 96232 30078.52 1.05 14786 5124.78 1.08 4210438 1611790.3 20.21 370 328.19 1.08 95516 96368.06 20.21 205 6 99 58425 1710 28215 19.3 21.8 20.42 0.25
257400.0 354 106.08 1.05 96586 30184.6 1.05 14729 5102.98 1.08 4225167 1616893.28 20.21 350 328.15 1.08 95866 96696.21 20.21 205 6 99 58630 1716 28314 19.3 21.8 20.42 0.25
258300.0 310 105.31 1.05 96896 30289.91 1.05 14734 5130.63 1.08 4239901 1622023.91 20.21 310 328.14 1.08 96176 97024.35 20.21 205 6 99 58835 1722 28413 19.3 21.8 20.26 0.25
259200.0 310 105.31 1.05 97206 30395.22 1.05 14741 5137.02 1.08 4254642 1627160.93 20.21 310 328.14 1.08 96486 97352.5 20.21 205 6 99 59040 1728 28512 19.2 21.8 20.18 0.28
260100.0 376 105.45 1.05 97582 30500.67 1.05 14801 5137.34 1.08 4269443 1632298.26 20.21 370 328.19 1.08 96856 97680.68 20.21 205 6 99 59245 1734 28611 19.2 21.6 20.18 0.28
261000.0 356 106.15 1.05 97938 30606.82 1.05 15089 140875.65 20.18 4284532 1773173.91 20.21 352 3124.85 20.18 97208 100805.54 20.21 205 6 99 59450 1740 28710 19.2 21.6 20.18 0.28
261900.0 310 105.31 1.05 98248 30712.12 1.05 14769 5150.2 1.08 4299301 1778324.1 20.21 310 328.13 1.08 97518 101133.67 20.21 205 6 99 59655 1746 28809 18.9 21.6 19.74 0.28
262800.0 310 105.31 1.05 98558 30817.43 1.05 14769 5149.21 1.08 4314070 1783473.31 20.21 310 328.13 1.08 97828 101461.8 20.21 205 6 99 59860 1752 28908 18.9 21.6 19.66 0.28
263700.0 376 105.45 1.05 98934 30922.88 1.05 14829 5149.55 1.08 4328899 1788622.87 20.21 370 328.17 1.08 98198 101789.97 20.21 205 6 99 60065 1758 29007 18.9 21.0 19.66 0.27
264600.0 356 106.15 1.05 99290 31029.03 1.05 15118 140847.08 20.17 4344017 1929469.94 20.21 352 3123.55 20.17 98550 104913.52 20.21 205 6 99 60270 1764 29106 18.9 21.0 19.66 0.28
265500.0 310 105.31 1.05 99600 31134.35 1.05 14806 5194.76 1.08 4358823 1934664.7 20.21 310 328.43 1.08 98860 105241.95 20.21 205 6 99 60475 1770 29205 17.3 21.0 18.12 0.23
266400.0 310 105.31 1.05 99910 31239.66 1.05 14820 5201.16 1.08 4373643 1939865.86 20.21 310 328.43 1.08 99170 105570.38 20.21 205 6 99 60680 1776 29304 17.3 21.0 17.82 0.08
267300.0 376 105.46 1.05 100286 31345.12 1.05 14880 5201.48 1.08 4388523 1945067.34 20.21 370 328.48 1.08 99540 105898.86 20.21 205 6 99 60885 1782 29403 17.3 21.0 17.81 0.06
268200.0 356 106.16 1.05 100642 31451.28 1.05 15171 140980.23 20.18 4403694 2086047.57 20.21 352 3126.16 20.18 99892 109025.03 20.21 205 6 99 61090 1788 29502 17.3 21.0 17.83 0.09
269100.0 310 105.31 1.05 100952 31556.59 1.05 14824 5203.07 1.08 4418518 2091250.64 20.21 310 328.43 1.08 100202 109353.46 20.21 205 6 99 61295 1794 29601 17.3 21.0 17.78 0.06
270000.0 310 105.31 1.05 101262 31661.91 1.05 14823 5203.14 1.08 4433341 2096453.79 20.21 310 328.43 1.08 100512 109681.89 20.21 205 6 99 61500 1800 29700 17.3 21.0 17.78 0.06
270900.0 376 105.46 1.05 101638 31767.37 1.05 14883 5203.48 1.08 4448224 2101657.27 20.21 370 328.48 1.08 100882 110010.37 20.21 205 6 99 61705 1806 29799 17.3 21.0 17.78 0.06
271800.0 354 106.09 1.05 101992 31873.46 1.05 14861 5201.64 1.08 4463085 2106858.91 20.21 350 328.44 1.08 101232 110338.8 20.21 205 6 99 61910 1812 29898 17.3 21.0 17.78 0.06
272700.0 310 105.31 1.05 102302 31978.77 1.05 14823 5203.66 1.08 4477908 2112062.57 20.21 310 328.42 1.08 101542 110667.22 20.21 205 6 99 62115 1818 29997 17.3 21.0 17.76 0.06
273600.0 310 105.31 1.05 102612 32084.09 1.05 14824 5203.72 1.08 4492732 2117266.29 20.21 310 328.42 1.08 101852 110995.64 20.21 205 6 99 62320 1824 30096 17.3 21.0 17.74 0.05
274500.0 376 105.46 1.05 102988 32189.54 1.05 14884 5204.07 1.08 4507616 2122470.36 20.21 370 328.47 1.08 102222 111324.11 20.21 205 6 99 62525 1830 30195 17.3 21.0 17.74 0.05
275400.0 354 106.09 1.05 103342 32295.64 1.05 14862 5203.59 1.08 4522478 2127673.95 20.21 350 328.48 1.08 102572 111652.59 20.21 205 6 99 62730 1836 30294 17.3 21.0 17.74 0.05
276300.0 310 105.31 1.05 103652 32400.95 1.05 14819 5200.67 1.08 4537297 2132874.62 20.21 310 328.42 1.08 102882 111981.01 20.21 205 6 99 62935 1842 30393 17.3 21.0 17.73 0.05
277200.0 310 105.31 1.05 103962 32506.26 1.05 14818 5200.74 1.08 4552115 2138075.36 20.21 310 328.42 1.08 103192 112309.44 20.21 205 6 99 63140 1848 30492 17.3 21.0 17.72 0.05
278100.0 376 105.44 1.05 104338 32611.71 1.05 14878 5200.68 1.08 4566993 2143276.04 20.21 370 328.43 1.08 103562 112637.87 20.21 205 6 99 63345 1854 30591 17.3 21.0 17.72 0.05
279000.0 354 106.09 1.05 104692 32717.8 1.05 14855 5196.13 1.08 4581848 2148472.17 20.21 350 328.41 1.08 103912 112966.28 20.21 205 6 99 63550 1860 30690 17.3 21.0 17.72 0.05
279900.0 310 105.31 1.05 105002 32823.11 1.05 14812 5195.72 1.08 4596660 2153667.88 20.21 310 328.43 1.08 104222 113294.7 20.21 205 6 99 63755 1866 30789 17.3 21.0 17.71 0.05
280800.0 310 105.31 1.05 105312 32928.43 1.05 14813 5195.79 1.08 4611473 2158863.68 20.21 310 328.43 1.08 104532 113623.14 20.21 205 6 99 63960 1872 30888 17.3 21.0 17.7 0.05
281700.0 376 105.46 1.05 105688 33033.88 1.05 14870 5194.03 1.08 4626343 2164057.71 20.21 370 328.48 1.08 104902 113951.61 20.21 205 6 99 64165 1878 30987 17.3 21.0 17.7 0.05
282600.0 354 106.09 1.05 106042 33139.98 1.05 14849 5193.32 1.08 4641192 2169251.03 20.21 350 328.44 1.08 105252 114280.05 20.21 205 6 99 64370 1884 31086 17.3 21.0 17.7 0.05
283500.0 310 105.31 1.05 106352 33245.29 1.05 14808 5191.42 1.08 4656000 2174442.44 20.21 310 328.38 1.08 105562 114608.43 20.21 205 6 99 64575 1890 31185 17.3 21.0 17.69 0.05
284400.0 310 105.31 1.05 106662 33350.6 1.05 14810 5191.48 1.08 4670810 2179633.92 20.21 310 328.38 1.08 105872 114936.82 20.21 205 6 99 64780 1896 31284 17.3 21.0 17.68 0.05
285300.0 376 105.46 1.05 107038 33456.06 1.05 14868 5189.73 1.08 4685678 2184823.65 20.21 370 328.43 1.08 106242 115265.25 20.21 205 6 99 64985 1902 31383 17.3 21.0 17.68 0.05
286200.0 354 106.09 1.05 107392 33562.15 1.05 14848 5189.31 1.08 4700526 2190012.96 20.21 350 328.4 1.08 106592 115593.65 20.21 205 6 99 65190 1908 31482 17.3 21.0 17.68 0.05
287100.0 310 105.31 1.05 107702 33667.46 1.05 14808 5189.27 1.08 4715334 2195202.23 20.21 310 328.38 1.08 106902 115922.03 20.21 205 6 99 65395 1914 31581 17.3 21.0 17.68 0.05
288000.0 310 105.31 1.05 108012 33772.78 1.05 14806 5189.34 1.08 4730140 2200391.58 20.21 310 328.38 1.08 107212 116250.41 20.21 205 6 99 65600 1920 31680 17.3 21.0 17.68 0.05
288900.0 376 105.46 1.05 108388 33878.23 1.05 14866 5189.68 1.08 4745006 2205581.26 20.21 370 328.43 1.08 107582 116578.84 20.21 205 6 99 65805 1926 31779 17.3 21.0 17.68 0.05
289800.0 354 106.09 1.05 108742 33984.32 1.05 14840 5187.11 1.08 4759846 2210768.37 20.21 350 328.44 1.08 107932 116907.28 20.21 205 6 99 66010 1932 31878 17.3 21.0 17.68 0.05
290700.0 310 105.32 1.05 109052 34089.64 1.05 14804 5190.9 1.08 4774650 2215959.27 20.21 310 328.46 1.08 108242 117235.74 20.21 205 6 99 66215 1938 31977 17.3 21.0 17.67 0.04
291600.0 310 105.32 1.05 109362 34194.96 1.05 14800 5188.87 1.08 4789450 2221148.15 20.21 310 328.46 1.08 108552 117564.21 20.21 205 6 99 66420 1944 32076 17.3 21.0 17.67 0.04
292500.0 376 105.46 1.05 109738 34300.41 1.05 14858 5187.12 1.08 4804308 2226335.26 20.21 370 328.51 1.08 108922 117892.72 20.21 205 6 99 66625 1950 32175 17.3 21.0 17.67 0.04
293400.0 354 106.09 1.05 110092 34406.51 1.05 14837 5185.74 1.08 4819145 2231521.0 20.21 350 328.48 1.08 109272 118221.2 20.21 205 6 99 66830 1956 32274 17.3 21.0 17.67 0.04
294300.0 310 105.31 1.05 110402 34511.82 1.05 14798 5183.47 1.08 4833943 2236704.48 20.21 310 328.41 1.08 109582 118549.61 20.21 205 6 99 67035 1962 32373 17.4 21.0 17.67 0.04
295200.0 310 105.31 1.05 110712 34617.14 1.05 14796 5183.53 1.08 4848739 2241888.01 20.21 310 328.42 1.08 109892 118878.02 20.21 205 6 99 67240 1968 32472 17.4 21.0 17.67 0.04
296100.0 376 105.46 1.05 111088 34722.59 1.05 14856 5183.89 1.08 4863595 2247071.89 20.21 370 328.46 1.08 110262 119206.49 20.21 205 6 99 67445 1974 32571 17.4 21.0 17.67 0.04
297000.0 354 106.09 1.05 111442 34828.68 1.05 14834 5182.5 1.08 4878429 2252254.39 20.21 350 328.43 1.08 110612 119534.92 20.21 205 6 99 67650 1980 32670 17.4 21.0 17.67 0.04
297900.0 310 105.32 1.05 111752 34934.0 1.05 14795 5184.6 1.08 4893224 2257438.99 20.21 310 328.46 1.08 110922 119863.38 20.21 205 6 99 67855 1986 32769 17.4 21.0 17.67 0.04
298800.0 310 105.32 1.05 112062 35039.32 1.05 14795 5185.72 1.08 4908019 2262624.72 20.21 310 328.46 1.08 111232 120191.84 20.21 205 6 99 68060 1992 32868 17.4 21.0 17.68 0.04
299700.0 376 105.46 1.05 112438 35144.77 1.05 14855 5186.07 1.08 4922874 2267810.78 20.21 370 328.51 1.08 111602 120520.35 20.21 205 6 99 68265 1998 32967 17.4 21.0 17.68 0.04
300600.0 354 106.09 1.05 112792 35250.87 1.05 14830 5184.69 1.08 4937704 2272995.47 20.21 350 328.48 1.08 111952 120848.83 20.21 205 6 99 68470 2004 33066 17.4 21.0 17.68 0.04
301500.0 310 105.31 1.05 113102 35356.18 1.05 14789 5182.11 1.08 4952493 2278177.58 20.21 310 328.43 1.08 112262 121177.26 20.21 205 6 99 68675 2010 33165 17.4 21.0 17.68 0.04
302400.0 310 105.31 1.05 113412 35461.5 1.05 14793 5185.33 1.08 4967286 2283362.91 20.21 310 328.43 1.08 112572 121505.69 20.21 205 6 99 68880 2016 33264 17.4 21.0 17.68 0.04
303300.0 376 105.46 1.05 113788 35566.95 1.05 14845 5182.52 1.08 4982131 2288545.43 20.21 370 328.48 1.08 112942 121834.17 20.21 205 6 99 69085 2022 33363 17.4 21.0 17.68 0.04
304200.0 354 106.09 1.05 114142 35673.04 1.05 14824 5180.71 1.08 4996955 2293726.14 20.21 350 328.42 1.08 113292 122162.59 20.21 205 6 99 69290 2028 33462 17.4 21.0 17.68 0.04
305100.0 310 105.31 1.05 114452 35778.36 1.05 14782 5181.02 1.08 5011737 2298907.16 20.21 310 328.43 1.08 113602 122491.02 20.21 205 6 99 69495 2034 33561 17.4 21.0 17.67 0.04
306000.0 310 105.31 1.05 114762 35883.67 1.05 14786 5183.19 1.08 5026523 2304090.35 20.21 310 328.43 1.08 113912 122819.45 20.21 205 6 99 69700 2040 33660 17.4 21.0 17.68 0.04
306900.0 376 105.46 1.05 115138 35989.13 1.05 14846 5183.53 1.08 5041369 2309273.88 20.21 370 328.48 1.08 114282 123147.93 20.21 205 6 99 69905 2046 33759 17.4 21.0 17.68 0.04
307800.0 354 106.09 1.05 115492 36095.22 1.05 14826 5184.69 1.08 5056195 2314458.57 20.21 350 328.48 1.08 114632 123476.41 20.21 205 6 99 70110 2052 33858 17.4 21.0 17.68 0.04
308700.0 310 105.32 1.05 115802 36200.54 1.05 14784 5182.5 1.08 5070979 2319641.08 20.21 310 328.46 1.08 114942 123804.87 20.21 205 6 99 70315 2058 33957 17.4 21.0 17.68 0.04
309600.0 310 105.32 1.05 116112 36305.85 1.05 14794 5192.02 1.08 5085773 2324833.1 20.21 310 328.46 1.08 115252 124133.33 20.21 205 6 99 70520 2064 34056 17.4 21.0 17.69 0.04
310500.0 376 105.46 1.05 116488 36411.31 1.05 14849 5188.17 1.08 5100622 2330021.27 20.21 370 328.51 1.08 115622 124461.84 20.21 205 6 99 70725 2070 34155 17.4 21.0 17.69 0.04
311400.0 354 106.09 1.05 116842 36517.4 1.05 14821 5181.54 1.08 5115443 2335202.81 20.21 350 328.48 1.08 115972 124790.32 20.21 205 6 99 70930 2076 34254 17.4 21.0 17.69 0.04
312300.0 310 105.31 1.05 117152 36622.72 1.05 14772 5171.92 1.08 5130215 2340374.73 20.21 310 328.41 1.08 116282 125118.73 20.21 205 6 99 71135 2082 34353 17.4 21.0 17.69 0.04
313200.0 310 105.31 1.05 117462 36728.03 1.05 14779 5175.13 1.08 5144994 2345549.86 20.21 310 328.42 1.08 116592 125447.15 20.21 205 6 99 71340 2088 34452 17.4 21.0 17.7 0.05
314100.0 376 105.46 1.05 117838 36833.49 1.05 14836 5172.34 1.08 5159830 2350722.2 20.21 370 328.46 1.08 116962 125775.61 20.21 205 6 99 71545 2094 34551 17.3 21.0 17.7 0.05
315000.0 354 106.09 1.05 118192 36939.58 1.05 14813 5169.9 1.08 5174643 2355892.1 20.21 350 328.43 1.08 117312 126104.05 20.21 205 6 99 71750 2100 34650 17.3 21.0 17.7 0.05
315900.0 310 105.31 1.05 118502 37044.9 1.05 14764 5162.87 1.08 5189407 2361054.97 20.21 310 328.42 1.08 117622 126432.47 20.21 205 6 99 71955 2106 34749 17.3 21.0 17.7 0.05
316800.0 310 105.31 1.05 118812 37150.21 1.05 14767 5163.99 1.08 5204174 2366218.96 20.21 310 328.42 1.08 117932 126760.89 20.21 205 6 99 72160 2112 34848 17.3 21.0 17.71 0.05
317700.0 376 105.46 1.05 119188 37255.67 1.05 14824 5162.23 1.08 5218998 2371381.19 20.21 370 328.47 1.08 118302 127089.37 20.21 205 6 99 72365 2118 34947 17.3 21.0 17.71 0.05
318600.0 354 106.09 1.05 119542 37361.76 1.05 14800 5162.96 1.08 5233798 2376544.15 20.21 350 328.44 1.08 118652 127417.81 20.21 205 6 99 72570 2124 35046 17.3 21.0 17.72 0.05
319500.0 310 105.32 1.05 119852 37467.07 1.05 14752 5159.4 1.08 5248550 2381703.56 20.21 310 328.46 1.08 118962 127746.27 20.21 205 6 99 72775 2130 35145 17.3 21.0 17.72 0.05
320400.0 310 105.32 1.05 120162 37572.39 1.05 14756 5163.67 1.08 5263306 2386867.23 20.21 310 328.46 1.08 119272 128074.73 20.21 205 6 99 72980 2136 35244 17.3 21.0 17.72 0.05
321300.0 376 105.46 1.05 120538 37677.85 1.05 14812 5159.82 1.08 5278118 2392027.05 20.21 370 328.51 1.08 119642 128403.24 20.21 205 6 99 73185 2142 35343 17.3 21.0 17.72 0.05
322200.0 354 106.09 1.05 120892 37783.94 1.05 14788 5151.37 1.08 5292906 2397178.42 20.21 350 328.37 1.08 119992 128731.61 20.21 205 6 99 73390 2148 35442 17.3 21.0 17.72 0.05
323100.0 310 105.31 1.05 121202 37889.25 1.05 14748 5147.73 1.08 5307654 2402326.15 20.21 310 328.32 1.08 120302 129059.94 20.21 205 6 99 73595 2154 35541 17.3 21.0 17.73 0.05
324000.0 310 105.31 1.05 121512 37994.56 1.05 14751 5150.96 1.08 5322405 2407477.1 20.21 310 328.33 1.08 120612 129388.26 20.21 205 6 99 73800 2160 35640 17.3 21.0 17.73 0.06
324900.0 376 105.45 1.05 121888 38100.02 1.05 14810 5150.24 1.08 5337215 2412627.35 20.21 370 328.37 1.08 120982 129716.63 20.21 205 6 99 74005 2166 35739 17.3 21.0 17.73 0.06
325800.0 354 106.09 1.05 122242 38206.11 1.05 14777 5146.49 1.08 5351992 2417773.84 20.21 350 328.45 1.08 121332 130045.08 20.21 205 6 99 74210 2172 35838 17.3 21.0 17.73 0.06
326700.0 310 105.32 1.05 122552 38311.42 1.05 14738 5146.8 1.08 5366730 2422920.64 20.21 310 328.46 1.08 121642 130373.54 20.21 205 6 99 74415 2178 35937 17.3 21.0 17.74 0.06
327600.0 310 105.32 1.05 122862 38416.74 1.05 14740 5147.92 1.08 5381470 2428068.56 20.21 310 328.46 1.08 121952 130702.0 20.21 205 6 99 74620 2184 36036 17.3 21.0 17.75 0.06
328500.0 376 105.46 1.05 123238 38522.2 1.05 14798 5147.22 1.08 5396268 2433215.78 20.21 370 328.51 1.08 122322 131030.52 20.21 205 6 99 74825 2190 36135 17.2 21.0 17.75 0.06
329400.0 354 106.09 1.05 123592 38628.29 1.05 14765 5136.39 1.08 5411033 2438352.17 20.21 350 328.48 1.08 122672 131359.0 20.21 205 6 99 75030 2196 36234 17.2 21.0 17.75 0.06
330300.0 310 105.32 1.05 123902 38733.61 1.05 14725 5133.15 1.08 5425758 2443485.33 20.21 310 328.46 1.08 122982 131687.45 20.21 205 6 99 75235 2202 36333 17.2 21.0 17.76 0.06
331200.0 310 105.32 1.05 124212 38838.92 1.05 14733 5140.57 1.08 5440491 2448625.9 20.21 310 328.46 1.08 123292 132015.92 20.21 205 6 99 75440 2208 36432 17.2 21.0 17.76 0.06
332100.0 376 105.46 1.05 124588 38944.38 1.05 14789 5137.77 1.08 5455280 2453763.67 20.21 370 328.51 1.08 123662 132344.43 20.21 205 6 99 75645 2214 36531 17.2 21.0 17.76 0.06
333000.0 354 106.09 1.05 124942 39050.47 1.05 14753 5127.56 1.08 5470033 2458891.23 20.21 350 328.45 1.08 124012 132672.88 20.21 205 6 99 75850 2220 36630 17.2 21.0 17.76 0.06
333900.0 310 105.31 1.05 125252 39155.78 1.05 14695 5111.72 1.08 5484728 2464002.94 20.21 310 328.43 1.08 124322 133001.3 20.21 205 6 99 76055 2226 36729 17.2 21.0 17.77 0.06
334800.0 310 105.31 1.05 125562 39261.1 1.05 14702 5118.09 1.08 5499430 2469121.04 20.21 310 328.43 1.08 124632 133329.74 20.21 205 6 99 76260 2232 36828 17.2 21.0 17.78 0.07
335700.0 376 105.46 1.05 125938 39366.56 1.05 14746 5105.83 1.08 5514176 2474226.87 20.21 370 328.48 1.08 125002 133658.21 20.21 205 6 99 76465 2238 36927 17.2 21.0 17.78 0.07
336600.0 354 106.09 1.05 126292 39472.65 1.05 14717 5099.64 1.08 5528893 2479326.51 20.21 350 328.48 1.08 125352 133986.69 20.21 205 6 99 76670 2244 37026 17.2 21.0 17.78 0.07
337500.0 310 105.32 1.05 126602 39577.96 1.05 14664 5085.9 1.08 5543557 2484412.41 20.21 310 328.46 1.08 125662 134315.15 20.21 205 6 99 76875 2250 37125 17.2 21.0 17.78 0.07
338400.0 310 105.32 1.05 126912 39683.28 1.05 14680 5097.52 1.08 5558237 2489509.94 20.21 310 328.46 1.08 125972 134643.62 20.21 205 6 99 77080 2256 37224 17.2 21.0 17.79 0.07
339300.0 376 105.46 1.05 127288 39788.74 1.05 14731 5090.52 1.08 5572968 2494600.45 20.21 370 328.51 1.08 126342 134972.13 20.21 205 6 99 77285 2262 37323 17.2 21.0 17.79 0.07
340200.0 354 106.09 1.05 127642 39894.83 1.05 14693 5078.79 1.08 5587661 2499679.25 20.21 350 328.44 1.08 126692 135300.56 20.21 205 6 99 77490 2268 37422 17.2 21.0 17.79 0.07
341100.0 310 105.31 1.05 127952 40000.14 1.05 14635 5065.06 1.08 5602296 2504744.3 20.21 310 328.42 1.08 127002 135628.98 20.21 205 6 99 77695 2274 37521 17.2 21.0 17.8 0.07
342000.0 310 105.31 1.05 128262 40105.46 1.05 14637 5066.17 1.08 5616933 2509810.47 20.21 310 328.42 1.08 127312 135957.4 20.21 205 6 99 77900 2280 37620 17.2 21.0 17.8 0.07
342900.0 376 105.44 1.05 128638 40210.9 1.05 14693 5062.96 1.08 5631626 2514873.44 20.21 370 328.42 1.08 127682 136285.83 20.21 205 6 99 78105 2286 37719 17.2 21.0 17.8 0.07
343800.0 354 106.09 1.05 128992 40316.99 1.05 14661 5050.26 1.08 5646287 2519923.69 20.21 350 328.39 1.08 128032 136614.22 20.21 205 6 99 78310 2292 37818 17.2 21.0 17.8 0.07
344700.0 310 105.31 1.05 129302 40422.3 1.05 14616 5047.02 1.08 5660903 2524970.72 20.21 310 328.37 1.08 128342 136942.59 20.21 205 6 99 78515 2298 37917 17.2 21.0 17.8 0.07
345600.0 310 105.31 1.05 129612 40527.62 1.05 14613 5047.09 1.08 5675516 2530017.8 20.21 310 328.37 1.08 128652 137270.96 20.21 205 6 99 78720 2304 38016 17.2 21.0 17.8 0.08
