# seed = 4, gamma = 0.66, beta = 0.33, dee = 10.0, dcc = 100.0, dec = 10.0, dsCnd = 50.0, dLocalhost = 0.02, hostBroker = CLOUD 
#
# The columns have the following meaning: 
# instant[SECONDS] commCountUploadPartial delaySumUploadPartial[SECONDS] delayMaxUploadPartial[SECONDS] commCountUploadTot delaySumUploadTot[SECONDS] delayMaxUploadTot[SECONDS] commCountDownloadPartial delaySumDownloadPartial[SECONDS] delayMaxDownloadPartial[SECONDS] commCountDownloadTot delaySumDownloadTot[SECONDS] delayMaxDownloadTot[SECONDS] commCountDownloadMaxPartial delaySumDownloadMaxPartial[SECONDS] delayMaxDownloadMaxPartial[SECONDS] commCountDownloadMaxTot delaySumDownloadMaxTot[SECONDS] delayMaxDownloadMaxTot[SECONDS] runOnCloudPartial runOnEdgePartial runOnSmartphonePartial runOnCloudTot runOnEdgeTot runOnSmartphoneTot minTemp maxTemp avgTemp varianceTemp
0.0 0 0.0 0.0 0 0.0 0.0 0 0.0 0.0 0 0.0 0.0 0 0.0 0.0 0 0.0 0.0 0 0 0 0 0 0 17.0 25.0 21.0 0.0
900.0 376 27.62 0.1 376 27.62 0.1 15178 1727.1 0.17 15178 1727.1 0.17 370 40.68 0.17 370 40.68 0.17 205 6 99 205 6 99 18.9 21.0 19.37 0.77
1800.0 356 28.44 0.36 732 56.06 0.36 15458 150438.58 19.55 30636 152165.67 19.55 352 3062.21 19.55 722 3102.89 19.55 205 6 99 410 12 198 18.7 21.0 18.91 0.01
2700.0 310 27.51 0.1 1042 83.57 0.36 15115 1763.4 0.18 45751 153929.07 19.55 310 41.32 0.18 1032 3144.21 19.55 205 6 99 615 18 297 17.6 21.0 18.31 0.08
3600.0 310 27.51 0.1 1352 111.08 0.36 15112 1763.06 0.18 60863 155692.13 19.55 310 41.32 0.18 1342 3185.53 19.55 205 6 99 820 24 396 17.6 21.0 18.25 0.08
4500.0 376 27.65 0.1 1728 138.73 0.36 15171 1763.21 0.18 76034 157455.34 19.55 370 41.43 0.18 1712 3226.95 19.55 205 6 99 1025 30 495 17.6 21.0 18.24 0.07
5400.0 356 28.45 0.36 2084 167.19 0.36 15473 7834.08 19.59 91507 165289.42 19.59 352 61.22 19.59 2064 3288.17 19.59 205 6 99 1230 36 594 17.6 21.0 18.24 0.07
6300.0 310 27.51 0.1 2394 194.7 0.36 15137 1767.82 0.18 106644 167057.24 19.59 310 41.36 0.18 2374 3329.53 19.59 205 6 99 1435 42 693 17.6 21.0 18.24 0.07
7200.0 310 27.51 0.1 2704 222.21 0.36 15138 1767.91 0.18 121782 168825.15 19.59 310 41.36 0.18 2684 3370.89 19.59 205 6 99 1640 48 792 17.6 21.0 18.26 0.06
8100.0 376 27.66 0.1 3080 249.87 0.36 15195 1767.87 0.18 136977 170593.03 19.59 370 41.46 0.18 3054 3412.35 19.59 205 6 99 1845 54 891 17.6 21.0 18.26 0.06
9000.0 356 28.45 0.36 3436 278.32 0.36 15494 7839.52 19.62 152471 178432.55 19.62 352 61.14 19.62 3406 3473.49 19.62 205 6 99 2050 60 990 17.6 21.0 18.26 0.06
9900.0 310 27.51 0.1 3746 305.83 0.36 15154 1767.45 0.18 167625 180200.0 19.62 310 41.3 0.18 3716 3514.79 19.62 205 6 99 2255 66 1089 17.6 21.0 18.24 0.06
10800.0 310 27.51 0.1 4056 333.34 0.36 15161 1767.62 0.18 182786 181967.63 19.62 310 41.29 0.18 4026 3556.08 19.62 205 6 99 2460 72 1188 17.6 21.0 18.16 0.07
11700.0 376 27.65 0.1 4432 360.99 0.36 15221 1767.75 0.18 198007 183735.37 19.62 370 41.4 0.18 4396 3597.48 19.62 205 6 99 2665 78 1287 17.6 21.0 18.16 0.07
12600.0 354 28.29 0.36 4786 389.28 0.36 15177 1769.16 0.18 213184 185504.53 19.62 350 41.65 0.18 4746 3639.13 19.62 205 6 99 2870 84 1386 17.6 21.0 18.16 0.07
13500.0 310 27.51 0.11 5096 416.8 0.36 15101 1767.53 0.18 228285 187272.06 19.62 310 41.34 0.18 5056 3680.47 19.62 205 6 99 3075 90 1485 17.6 21.0 18.15 0.07
14400.0 310 27.51 0.11 5406 444.31 0.36 15105 1767.71 0.18 243390 189039.77 19.62 310 41.34 0.18 5366 3721.8 19.62 205 6 99 3280 96 1584 17.6 21.0 18.14 0.07
15300.0 376 27.66 0.11 5782 471.97 0.36 15165 1767.81 0.18 258555 190807.58 19.62 370 41.44 0.18 5736 3763.24 19.62 205 6 99 3485 102 1683 17.6 21.0 18.14 0.07
16200.0 354 28.29 0.36 6136 500.26 0.36 15136 1766.32 0.18 273691 192573.9 19.62 350 41.62 0.18 6086 3804.86 19.62 205 6 99 3690 108 1782 17.6 21.0 18.14 0.07
17100.0 310 27.51 0.1 6446 527.77 0.36 15099 1763.35 0.18 288790 194337.25 19.62 310 41.25 0.18 6396 3846.11 19.62 205 6 99 3895 114 1881 17.6 21.0 18.12 0.06
18000.0 310 27.51 0.1 6756 555.28 0.36 15100 1763.4 0.18 303890 196100.65 19.62 310 41.25 0.18 6706 3887.36 19.62 205 6 99 4100 120 1980 17.6 21.0 18.11 0.07
18900.0 376 27.65 0.1 7132 582.93 0.36 15159 1763.51 0.18 319049 197864.16 19.62 370 41.35 0.18 7076 3928.71 19.62 205 6 99 4305 126 2079 17.6 21.0 18.11 0.07
19800.0 354 28.29 0.36 7486 611.22 0.36 15132 1765.76 0.18 334181 199629.91 19.62 350 41.61 0.18 7426 3970.32 19.62 205 6 99 4510 132 2178 17.6 21.0 18.11 0.07
20700.0 310 27.51 0.1 7796 638.73 0.36 15102 1765.75 0.18 349283 201395.66 19.62 310 41.3 0.18 7736 4011.62 19.62 205 6 99 4715 138 2277 17.6 21.0 18.09 0.06
21600.0 310 27.51 0.1 8106 666.24 0.36 15101 1765.63 0.18 364384 203161.3 19.62 310 41.3 0.18 8046 4052.92 19.62 205 6 99 4920 144 2376 17.6 21.0 18.08 0.06
22500.0 376 27.65 0.1 8482 693.9 0.36 15160 1765.67 0.18 379544 204926.97 19.62 370 41.4 0.18 8416 4094.33 19.62 205 6 99 5125 150 2475 17.6 21.0 18.08 0.06
23400.0 354 28.29 0.36 8836 722.19 0.36 15128 1769.09 0.18 394672 206696.05 19.62 350 41.68 0.18 8766 4136.01 19.62 205 6 99 5330 156 2574 17.6 21.0 18.08 0.06
24300.0 310 27.52 0.11 9146 749.7 0.36 15084 1771.35 0.18 409756 208467.41 19.62 310 41.43 0.18 9076 4177.44 19.62 205 6 99 5535 162 2673 17.5 21.0 18.07 0.06
25200.0 310 27.52 0.11 9456 777.22 0.36 15095 1771.83 0.18 424851 210239.24 19.62 310 41.43 0.18 9386 4218.87 19.62 205 6 99 5740 168 2772 17.5 21.0 18.05 0.06
26100.0 376 27.66 0.11 9832 804.88 0.36 15155 1771.94 0.18 440006 212011.18 19.62 370 41.53 0.18 9756 4260.41 19.62 205 6 99 5945 174 2871 17.5 21.0 18.05 0.06
27000.0 354 28.29 0.36 10186 833.18 0.36 15127 1771.84 0.18 455133 213783.02 19.62 350 41.74 0.18 10106 4302.15 19.62 205 6 99 6150 180 2970 17.5 21.0 18.05 0.06
27900.0 310 27.51 0.1 10496 860.69 0.36 15088 1768.11 0.18 470221 215551.13 19.62 310 41.37 0.18 10416 4343.51 19.62 205 6 99 6355 186 3069 17.5 21.0 18.02 0.06
28800.0 310 27.51 0.1 10806 888.21 0.36 15096 1768.59 0.18 485317 217319.72 19.62 310 41.36 0.18 10726 4384.87 19.62 205 6 99 6560 192 3168 17.5 21.0 18.01 0.06
29700.0 376 27.66 0.1 11182 915.86 0.36 15155 1768.69 0.18 500472 219088.41 19.62 370 41.47 0.18 11096 4426.34 19.62 205 6 99 6765 198 3267 17.5 21.0 18.01 0.06
30600.0 354 28.29 0.36 11536 944.16 0.36 15118 1768.42 0.18 515590 220856.83 19.62 350 41.67 0.18 11446 4468.01 19.62 205 6 99 6970 204 3366 17.5 21.0 18.01 0.06
31500.0 310 27.52 0.11 11846 971.67 0.36 15086 1771.41 0.18 530676 222628.25 19.62 310 41.43 0.18 11756 4509.45 19.62 205 6 99 7175 210 3465 17.4 21.0 17.98 0.06
32400.0 310 27.52 0.11 12156 999.19 0.36 15090 1771.65 0.18 545766 224399.9 19.62 310 41.43 0.18 12066 4550.88 19.62 205 6 99 7380 216 3564 17.4 21.0 17.97 0.06
33300.0 376 27.66 0.11 12532 1026.85 0.36 15150 1771.76 0.18 560916 226171.66 19.62 370 41.53 0.18 12436 4592.41 19.62 205 6 99 7585 222 3663 17.4 21.0 17.97 0.06
34200.0 354 28.29 0.36 12886 1055.15 0.36 15112 1771.3 0.18 576028 227942.96 19.62 350 41.74 0.18 12786 4634.15 19.62 205 6 99 7790 228 3762 17.4 21.0 17.97 0.06
35100.0 310 27.52 0.11 13196 1082.66 0.36 15080 1771.0 0.18 591108 229713.96 19.62 310 41.43 0.18 13096 4675.58 19.62 205 6 99 7995 234 3861 17.4 21.0 17.95 0.06
36000.0 310 27.52 0.11 13506 1110.18 0.36 15095 1771.65 0.18 606203 231485.6 19.62 310 41.43 0.18 13406 4717.01 19.62 205 6 99 8200 240 3960 17.4 21.0 17.92 0.06
36900.0 376 27.66 0.11 13882 1137.84 0.36 15155 1771.76 0.18 621358 233257.36 19.62 370 41.53 0.18 13776 4758.55 19.62 205 6 99 8405 246 4059 17.4 21.0 17.92 0.06
37800.0 354 28.29 0.36 14236 1166.13 0.36 15116 1763.62 0.18 636474 235020.99 19.62 350 41.58 0.18 14126 4800.13 19.62 205 6 99 8610 252 4158 17.4 21.0 17.92 0.06
38700.0 310 27.51 0.1 14546 1193.64 0.36 15079 1763.25 0.18 651553 236784.24 19.62 310 41.27 0.18 14436 4841.4 19.62 205 6 99 8815 258 4257 17.3 21.0 17.9 0.07
39600.0 310 27.51 0.1 14856 1221.15 0.36 15089 1763.79 0.18 666642 238548.03 19.62 310 41.27 0.18 14746 4882.66 19.62 205 6 99 9020 264 4356 17.3 21.0 17.89 0.07
40500.0 376 27.65 0.1 15232 1248.81 0.36 15147 1763.77 0.18 681789 240311.8 19.62 370 41.37 0.18 15116 4924.03 19.62 205 6 99 9225 270 4455 17.3 21.0 17.89 0.07
41400.0 354 28.29 0.36 15586 1277.1 0.36 15110 1771.24 0.18 696899 242083.04 19.62 350 41.74 0.18 15466 4965.77 19.62 205 6 99 9430 276 4554 17.3 21.0 17.89 0.07
42300.0 310 27.51 0.1 15896 1304.62 0.36 15086 1768.72 0.18 711985 243851.75 19.62 310 41.37 0.18 15776 5007.15 19.62 205 6 99 9635 282 4653 17.3 21.0 17.86 0.07
43200.0 310 27.51 0.1 16206 1332.13 0.36 15089 1768.77 0.18 727074 245620.53 19.62 310 41.37 0.18 16086 5048.52 19.62 205 6 99 9840 288 4752 17.3 21.0 17.85 0.08
44100.0 376 27.66 0.1 16582 1359.79 0.36 15148 1768.88 0.18 742222 247389.4 19.62 370 41.48 0.18 16456 5090.0 19.62 205 6 99 10045 294 4851 17.2 21.0 17.85 0.08
45000.0 354 28.29 0.36 16936 1388.08 0.36 15100 1767.95 0.18 757322 249157.35 19.62 350 41.68 0.18 16806 5131.68 19.62 205 6 99 10250 300 4950 17.2 21.0 17.85 0.08
45900.0 310 27.51 0.1 17246 1415.6 0.36 15072 1767.47 0.18 772394 250924.83 19.62 310 41.36 0.18 17116 5173.04 19.62 205 6 99 10455 306 5049 17.2 21.0 17.82 0.09
46800.0 310 27.51 0.1 17556 1443.11 0.36 15082 1767.9 0.18 787476 252692.72 19.62 310 41.36 0.18 17426 5214.4 19.62 205 6 99 10660 312 5148 17.2 21.0 17.81 0.09
47700.0 376 27.66 0.1 17932 1470.77 0.36 15142 1768.0 0.18 802618 254460.72 19.62 370 41.46 0.18 17796 5255.86 19.62 205 6 99 10865 318 5247 17.2 21.0 17.81 0.09
48600.0 354 28.29 0.36 18286 1499.06 0.36 15099 1767.31 0.18 817717 256228.03 19.62 350 41.67 0.18 18146 5297.53 19.62 205 6 99 11070 324 5346 17.2 21.0 17.81 0.09
49500.0 310 27.52 0.11 18596 1526.58 0.36 15076 1770.93 0.18 832793 257998.96 19.62 310 41.43 0.18 18456 5338.96 19.62 205 6 99 11275 330 5445 17.1 21.0 17.78 0.09
50400.0 310 27.52 0.11 18906 1554.09 0.36 15096 1771.71 0.18 847889 259770.67 19.62 310 41.43 0.18 18766 5380.39 19.62 205 6 99 11480 336 5544 17.1 21.0 17.76 0.1
51300.0 376 27.66 0.11 19282 1581.76 0.36 15156 1771.82 0.18 863045 261542.49 19.62 370 41.53 0.18 19136 5421.93 19.62 205 6 99 11685 342 5643 17.1 21.0 17.76 0.1
52200.0 354 28.29 0.36 19636 1610.05 0.36 15109 1771.12 0.18 878154 263313.61 19.62 350 41.74 0.18 19486 5463.67 19.62 205 6 99 11890 348 5742 17.1 21.0 17.76 0.1
53100.0 310 27.52 0.11 19946 1637.57 0.36 15060 1770.52 0.18 893214 265084.13 19.62 310 41.43 0.18 19796 5505.1 19.62 205 6 99 12095 354 5841 17.1 21.0 17.75 0.11
54000.0 310 27.52 0.11 20256 1665.09 0.36 15066 1770.93 0.18 908280 266855.06 19.62 310 41.43 0.18 20106 5546.53 19.62 205 6 99 12300 360 5940 17.1 21.0 17.74 0.11
54900.0 376 27.66 0.11 20632 1692.75 0.36 15125 1771.04 0.18 923405 268626.1 19.62 370 41.53 0.18 20476 5588.06 19.62 205 6 99 12505 366 6039 17.1 21.0 17.74 0.11
55800.0 354 28.29 0.36 20986 1721.04 0.36 15094 1770.7 0.18 938499 270396.8 19.62 350 41.74 0.18 20826 5629.8 19.62 205 6 99 12710 372 6138 17.1 21.0 17.74 0.11
56700.0 310 27.52 0.11 21296 1748.56 0.36 15070 1770.64 0.18 953569 272167.43 19.62 310 41.43 0.18 21136 5671.24 19.62 205 6 99 12915 378 6237 17.1 21.0 17.72 0.12
57600.0 310 27.52 0.11 21606 1776.08 0.36 15077 1770.81 0.18 968646 273938.24 19.62 310 41.43 0.18 21446 5712.67 19.62 205 6 99 13120 384 6336 17.1 21.0 17.7 0.12
58500.0 376 27.66 0.11 21982 1803.74 0.36 15137 1770.92 0.18 983783 275709.16 19.62 370 41.53 0.18 21816 5754.2 19.62 205 6 99 13325 390 6435 17.1 21.0 17.7 0.12
59400.0 354 28.29 0.36 22336 1832.03 0.36 15087 1765.68 0.18 998870 277474.84 19.62 350 41.65 0.18 22166 5795.85 19.62 205 6 99 13530 396 6534 17.1 21.0 17.7 0.12
60300.0 310 27.51 0.11 22646 1859.54 0.36 15059 1766.03 0.18 1013929 279240.87 19.62 310 41.34 0.18 22476 5837.18 19.62 205 6 99 13735 402 6633 17.0 21.0 17.68 0.13
61200.0 310 27.51 0.11 22956 1887.06 0.36 15073 1766.51 0.18 1029002 281007.38 19.62 310 41.34 0.18 22786 5878.52 19.62 205 6 99 13940 408 6732 17.0 21.0 17.67 0.13
62100.0 376 27.66 0.11 23332 1914.71 0.36 15131 1766.61 0.18 1044133 282773.99 19.62 370 41.44 0.18 23156 5919.96 19.62 205 6 99 14145 414 6831 17.0 21.0 17.67 0.13
63000.0 354 28.29 0.36 23686 1943.0 0.36 15091 1761.33 0.18 1059224 284535.33 19.62 350 41.55 0.18 23506 5961.52 19.62 205 6 99 14350 420 6930 17.0 21.0 17.67 0.13
63900.0 310 27.51 0.1 23996 1970.51 0.36 15063 1758.49 0.18 1074287 286293.82 19.62 310 41.18 0.18 23816 6002.7 19.62 205 6 99 14555 426 7029 17.0 21.0 17.66 0.14
64800.0 310 27.51 0.1 24306 1998.01 0.36 15067 1758.68 0.18 1089354 288052.49 19.62 310 41.18 0.18 24126 6043.88 19.62 205 6 99 14760 432 7128 17.0 21.0 17.65 0.14
65700.0 376 27.65 0.1 24682 2025.66 0.36 15127 1758.77 0.18 1104481 289811.26 19.62 370 41.29 0.18 24496 6085.17 19.62 205 6 99 14965 438 7227 17.0 21.0 17.65 0.14
66600.0 354 28.28 0.36 25036 2053.94 0.36 15084 1757.94 0.18 1119565 291569.2 19.62 350 41.49 0.18 24846 6126.66 19.62 205 6 99 15170 444 7326 17.0 21.0 17.65 0.14
67500.0 310 27.5 0.1 25346 2081.44 0.36 15039 1754.07 0.18 1134604 293323.27 19.62 310 41.11 0.18 25156 6167.77 19.62 205 6 99 15375 450 7425 17.0 21.0 17.64 0.15
68400.0 310 27.5 0.1 25656 2108.95 0.36 15046 1754.33 0.18 1149650 295077.6 19.62 310 41.11 0.18 25466 6208.87 19.62 205 6 99 15580 456 7524 17.0 21.0 17.63 0.15
69300.0 376 27.65 0.1 26032 2136.59 0.36 15106 1754.47 0.18 1164756 296832.07 19.62 370 41.21 0.18 25836 6250.09 19.62 205 6 99 15785 462 7623 17.0 21.0 17.63 0.15
70200.0 354 28.28 0.36 26386 2164.88 0.36 15079 1757.3 0.18 1179835 298589.37 19.62 350 41.48 0.18 26186 6291.56 19.62 205 6 99 15990 468 7722 17.0 21.0 17.63 0.15
71100.0 310 27.51 0.1 26696 2192.38 0.36 15048 1757.86 0.18 1194883 300347.23 19.62 310 41.18 0.18 26496 6332.74 19.62 205 6 99 16195 474 7821 17.0 21.0 17.63 0.15
72000.0 310 27.51 0.1 27006 2219.89 0.36 15052 1757.97 0.18 1209935 302105.21 19.62 310 41.18 0.18 26806 6373.92 19.62 205 6 99 16400 480 7920 17.0 21.0 17.62 0.16
72900.0 376 27.65 0.1 27382 2247.53 0.36 15107 1757.78 0.18 1225042 303862.99 19.62 370 41.28 0.18 27176 6415.2 19.62 205 6 99 16605 486 8019 17.0 21.0 17.62 0.16
73800.0 354 28.28 0.36 27736 2275.82 0.36 15075 1757.63 0.18 1240117 305620.61 19.62 350 41.49 0.18 27526 6456.69 19.62 205 6 99 16810 492 8118 17.0 21.0 17.62 0.16
74700.0 310 27.51 0.1 28046 2303.32 0.36 15037 1760.28 0.18 1255154 307380.89 19.62 310 41.24 0.18 27836 6497.93 19.62 205 6 99 17015 498 8217 17.0 21.0 17.61 0.16
75600.0 310 27.51 0.1 28356 2330.83 0.36 15036 1760.16 0.18 1270190 309141.05 19.62 310 41.24 0.18 28146 6539.17 19.62 205 6 99 17220 504 8316 17.0 21.0 17.6 0.16
76500.0 376 27.65 0.1 28732 2358.49 0.36 15096 1760.26 0.18 1285286 310901.31 19.62 370 41.34 0.18 28516 6580.51 19.62 205 6 99 17425 510 8415 17.0 21.0 17.6 0.16
77400.0 354 28.28 0.36 29086 2386.77 0.36 15066 1757.25 0.18 1300352 312658.56 19.62 350 41.49 0.18 28866 6622.0 19.62 205 6 99 17630 516 8514 17.0 21.0 17.6 0.16
78300.0 310 27.51 0.1 29396 2414.27 0.36 15026 1757.05 0.18 1315378 314415.61 19.62 310 41.18 0.18 29176 6663.18 19.62 205 6 99 17835 522 8613 17.0 21.0 17.6 0.16
79200.0 310 27.51 0.1 29706 2441.78 0.36 15032 1757.35 0.18 1330410 316172.96 19.62 310 41.18 0.18 29486 6704.37 19.62 205 6 99 18040 528 8712 17.0 21.0 17.6 0.16
80100.0 376 27.65 0.1 30082 2469.43 0.36 15092 1757.45 0.18 1345502 317930.41 19.62 370 41.29 0.18 29856 6745.65 19.62 205 6 99 18245 534 8811 17.0 21.0 17.6 0.16
81000.0 354 28.29 0.36 30436 2497.71 0.36 15058 1761.19 0.18 1360560 319691.6 19.62 350 41.57 0.18 30206 6787.22 19.62 205 6 99 18450 540 8910 17.0 21.0 17.6 0.16
81900.0 310 27.51 0.1 30746 2525.22 0.36 15019 1764.08 0.18 1375579 321455.68 19.62 310 41.34 0.18 30516 6828.56 19.62 205 6 99 18655 546 9009 17.0 21.0 17.59 0.15
82800.0 310 27.51 0.1 31056 2552.74 0.36 15019 1764.01 0.18 1390598 323219.68 19.62 310 41.33 0.18 30826 6869.9 19.62 205 6 99 18860 552 9108 17.0 21.0 17.59 0.15
83700.0 376 27.65 0.1 31432 2580.39 0.36 15075 1763.95 0.18 1405673 324983.63 19.62 370 41.44 0.18 31196 6911.34 19.62 205 6 99 19065 558 9207 17.0 21.0 17.59 0.15
84600.0 354 28.29 0.36 31786 2608.68 0.36 15050 1763.84 0.18 1420723 326747.47 19.62 350 41.65 0.18 31546 6952.98 19.62 205 6 99 19270 564 9306 17.0 21.0 17.59 0.15
85500.0 310 27.51 0.1 32096 2636.19 0.36 15015 1760.2 0.18 1435738 328507.67 19.62 310 41.27 0.18 31856 6994.25 19.62 205 6 99 19475 570 9405 17.0 21.0 17.6 0.14
86400.0 310 27.51 0.1 32406 2663.7 0.36 15015 1760.17 0.18 1450753 330267.84 19.62 310 41.26 0.18 32166 7035.51 19.62 205 6 99 19680 576 9504 17.0 21.0 17.6 0.14
87300.0 376 27.65 0.1 32782 2691.35 0.36 15075 1760.29 0.18 1465828 332028.13 19.62 370 41.37 0.18 32536 7076.88 19.62 205 6 99 19885 582 9603 17.0 21.0 17.6 0.14
88200.0 354 28.29 0.36 33136 2719.64 0.36 15045 1765.27 0.18 1480873 333793.4 19.62 350 41.67 0.18 32886 7118.55 19.62 205 6 99 20090 588 9702 17.0 21.0 17.6 0.14
89100.0 310 27.52 0.11 33446 2747.16 0.36 15063 1770.69 0.18 1495936 335564.09 19.62 310 41.43 0.18 33196 7159.98 19.62 205 6 99 20295 594 9801 17.1 21.0 17.62 0.11
90000.0 310 27.52 0.11 33756 2774.68 0.36 15097 1771.71 0.18 1511033 337335.8 19.62 310 41.43 0.18 33506 7201.41 19.62 205 6 99 20500 600 9900 17.1 21.0 17.7 0.08
90900.0 376 27.66 0.11 34132 2802.34 0.36 15157 1771.82 0.18 1526190 339107.62 19.62 370 41.53 0.18 33876 7242.95 19.62 205 6 99 20705 606 9999 17.1 21.0 17.7 0.08
91800.0 354 28.29 0.36 34486 2830.62 0.36 15111 1761.26 0.18 1541301 340868.88 19.62 350 41.54 0.18 34226 7284.49 19.62 205 6 99 20910 612 10098 17.1 21.0 17.7 0.08
92700.0 310 27.5 0.1 34796 2858.12 0.36 15140 1757.31 0.18 1556441 342626.19 19.62 310 41.09 0.18 34536 7325.58 19.62 205 6 99 21115 618 10197 17.1 23.8 19.24 2.1
93600.0 310 27.5 0.1 35106 2885.63 0.36 15144 1757.39 0.18 1571585 344383.57 19.62 310 41.09 0.18 34846 7366.67 19.62 205 6 99 21320 624 10296 17.1 23.8 20.51 4.69
94500.0 376 27.65 0.1 35482 2913.27 0.36 15199 1757.34 0.18 1586784 346140.92 19.62 370 41.2 0.18 35216 7407.87 19.62 205 6 99 21525 630 10395 17.1 23.8 20.55 4.71
95400.0 354 28.28 0.36 35836 2941.55 0.36 15173 1757.22 0.18 1601957 347898.13 19.62 350 41.4 0.18 35566 7449.27 19.62 205 6 99 21730 636 10494 17.1 23.8 20.55 4.71
96300.0 310 27.5 0.1 36146 2969.05 0.36 15136 1756.94 0.18 1617093 349655.07 19.62 310 41.09 0.18 35876 7490.37 19.62 205 6 99 21935 642 10593 17.1 24.0 20.94 4.55
97200.0 310 27.5 0.1 36456 2996.55 0.36 15131 1756.73 0.18 1632224 351411.8 19.62 310 41.09 0.18 36186 7531.46 19.62 205 6 99 22140 648 10692 17.4 24.0 21.06 4.69
98100.0 376 27.65 0.1 36832 3024.2 0.36 15190 1756.8 0.18 1647414 353168.6 19.62 370 41.2 0.18 36556 7572.65 19.62 205 6 99 22345 654 10791 17.4 24.0 21.06 4.69
99000.0 354 28.27 0.36 37186 3052.47 0.36 15168 1749.44 0.17 1662582 354918.04 19.62 350 41.25 0.17 36906 7613.9 19.62 205 6 99 22550 660 10890 17.4 24.0 21.06 4.69
99900.0 310 27.5 0.1 37496 3079.97 0.36 15135 1749.45 0.17 1677717 356667.49 19.62 310 40.94 0.17 37216 7654.85 19.62 205 6 99 22755 666 10989 17.5 24.0 21.37 3.92
100800.0 310 27.5 0.1 37806 3107.46 0.36 15135 1749.43 0.17 1692852 358416.92 19.62 310 40.94 0.17 37526 7695.79 19.62 205 6 99 22960 672 11088 17.7 24.0 21.42 3.89
101700.0 376 27.64 0.1 38182 3135.1 0.36 15195 1749.55 0.17 1708047 360166.46 19.62 370 41.05 0.17 37896 7736.83 19.62 205 6 99 23165 678 11187 17.8 24.0 21.43 3.88
102600.0 354 28.27 0.36 38536 3163.38 0.36 15163 1749.63 0.17 1723210 361916.1 19.62 350 41.26 0.17 38246 7778.1 19.62 205 6 99 23370 684 11286 17.8 24.0 21.43 3.88
103500.0 310 27.5 0.1 38846 3190.87 0.36 15132 1749.81 0.17 1738342 363665.91 19.62 310 40.95 0.17 38556 7819.05 19.62 205 6 99 23575 690 11385 18.0 24.0 21.67 3.14
104400.0 310 27.5 0.1 39156 3218.37 0.36 15131 1749.8 0.17 1753473 365415.71 19.62 310 40.95 0.17 38866 7860.0 19.62 205 6 99 23780 696 11484 18.2 24.0 21.73 3.12
105300.0 376 27.64 0.1 39532 3246.01 0.36 15187 1749.73 0.17 1768660 367165.44 19.62 370 41.06 0.17 39236 7901.06 19.62 205 6 99 23985 702 11583 18.5 24.0 21.73 3.11
106200.0 354 28.27 0.36 39886 3274.27 0.36 15164 1743.61 0.17 1783824 368909.05 19.62 350 41.13 0.17 39586 7942.19 19.62 205 6 99 24190 708 11682 18.5 24.0 21.73 3.11
107100.0 310 27.49 0.1 40196 3301.76 0.36 15123 1741.51 0.17 1798947 370650.56 19.62 310 40.8 0.17 39896 7982.99 19.62 205 6 99 24395 714 11781 18.8 24.0 21.73 2.87
108000.0 310 27.49 0.1 40506 3329.25 0.36 15122 1741.43 0.17 1814069 372391.98 19.62 310 40.79 0.17 40206 8023.78 19.62 205 6 99 24600 720 11880 18.8 24.0 21.74 2.86
108900.0 376 27.63 0.1 40882 3356.88 0.36 15181 1741.55 0.17 1829250 374133.53 19.62 370 40.9 0.17 40576 8064.68 19.62 205 6 99 24805 726 11979 18.9 24.0 21.74 2.86
109800.0 354 28.26 0.36 41236 3385.14 0.36 15160 1741.61 0.17 1844410 375875.14 19.62 350 41.09 0.17 40926 8105.77 19.62 205 6 99 25010 732 12078 18.9 24.0 21.74 2.86
110700.0 310 27.49 0.1 41546 3412.63 0.36 15119 1741.32 0.17 1859529 377616.46 19.62 310 40.8 0.17 41236 8146.56 19.62 205 6 99 25215 738 12177 18.9 24.0 21.63 2.79
111600.0 310 27.49 0.1 41856 3440.11 0.36 15114 1741.13 0.17 1874643 379357.59 19.62 310 40.79 0.17 41546 8187.35 19.62 205 6 99 25420 744 12276 18.9 24.0 21.56 2.66
112500.0 376 27.63 0.1 42232 3467.74 0.36 15173 1741.25 0.17 1889816 381098.83 19.62 370 40.9 0.17 41916 8228.25 19.62 205 6 99 25625 750 12375 18.9 23.9 21.56 2.66
113400.0 354 28.26 0.36 42586 3496.01 0.36 15152 1741.38 0.17 1904968 382840.21 19.62 350 41.1 0.17 42266 8269.35 19.62 205 6 99 25830 756 12474 18.9 23.9 21.56 2.66
114300.0 310 27.49 0.1 42896 3523.49 0.36 15114 1741.14 0.17 1920082 384581.35 19.62 310 40.8 0.17 42576 8310.15 19.62 205 6 99 26035 762 12573 18.9 24.0 23.31 0.23
115200.0 310 27.49 0.1 43206 3550.98 0.36 15114 1741.07 0.17 1935196 386322.42 19.62 310 40.79 0.17 42886 8350.94 19.62 205 6 99 26240 768 12672 18.9 24.0 23.49 0.12
116100.0 376 27.63 0.1 43582 3578.61 0.36 15174 1741.25 0.17 1950370 388063.66 19.62 370 40.9 0.17 43256 8391.84 19.62 205 6 99 26445 774 12771 21.0 24.0 23.5 0.05
117000.0 354 28.26 0.36 43936 3606.88 0.36 15153 1741.38 0.17 1965523 389805.04 19.62 350 41.1 0.17 43606 8432.94 19.62 205 6 99 26650 780 12870 21.0 24.0 23.5 0.05
117900.0 310 27.49 0.1 44246 3634.36 0.36 15113 1741.14 0.17 1980636 391546.18 19.62 310 40.8 0.17 43916 8473.73 19.62 205 6 99 26855 786 12969 21.0 24.0 23.56 0.04
118800.0 310 27.49 0.1 44556 3661.85 0.36 15113 1741.07 0.17 1995749 393287.25 19.62 310 40.79 0.17 44226 8514.52 19.62 205 6 99 27060 792 13068 21.0 24.0 23.59 0.04
119700.0 376 27.63 0.1 44932 3689.48 0.36 15171 1741.19 0.17 2010920 395028.43 19.62 370 40.9 0.17 44596 8555.42 19.62 205 6 99 27265 798 13167 21.0 24.0 23.59 0.04
120600.0 354 28.26 0.36 45286 3717.74 0.36 15151 1741.31 0.17 2026071 396769.74 19.62 350 41.09 0.17 44946 8596.51 19.62 205 6 99 27470 804 13266 21.0 24.0 23.59 0.04
121500.0 310 27.49 0.1 45596 3745.23 0.36 15110 1741.02 0.17 2041181 398510.77 19.62 310 40.8 0.17 45256 8637.31 19.62 205 6 99 27675 810 13365 21.0 24.0 23.63 0.03
122400.0 310 27.49 0.1 45906 3772.72 0.36 15103 1740.65 0.17 2056284 400251.41 19.62 310 40.79 0.17 45566 8678.1 19.62 205 6 99 27880 816 13464 21.0 24.0 23.65 0.03
123300.0 376 27.63 0.1 46282 3800.35 0.36 15163 1740.83 0.17 2071447 401992.24 19.62 370 40.9 0.17 45936 8719.0 19.62 205 6 99 28085 822 13563 21.0 24.0 23.65 0.03
124200.0 354 28.26 0.36 46636 3828.61 0.36 15143 1740.96 0.17 2086590 403733.19 19.62 350 41.1 0.17 46286 8760.1 19.62 205 6 99 28290 828 13662 21.0 24.0 23.65 0.03
125100.0 310 27.49 0.1 46946 3856.1 0.36 15100 1740.66 0.17 2101690 405473.86 19.62 310 40.8 0.17 46596 8800.89 19.62 205 6 99 28495 834 13761 21.0 24.0 23.69 0.03
126000.0 310 27.49 0.1 47256 3883.58 0.36 15099 1740.53 0.17 2116789 407214.38 19.62 310 40.79 0.17 46906 8841.68 19.62 205 6 99 28700 840 13860 21.0 24.0 23.71 0.03
126900.0 376 27.63 0.1 47632 3911.21 0.36 15155 1740.53 0.17 2131944 408954.91 19.62 370 40.9 0.17 47276 8882.58 19.62 205 6 99 28905 846 13959 21.0 24.0 23.71 0.03
127800.0 354 28.26 0.36 47986 3939.48 0.36 15133 1740.59 0.17 2147077 410695.49 19.62 350 41.09 0.17 47626 8923.67 19.62 205 6 99 29110 852 14058 21.0 24.0 23.71 0.03
128700.0 310 27.49 0.1 48296 3966.97 0.36 15093 1740.36 0.17 2162170 412435.86 19.62 310 40.8 0.17 47936 8964.47 19.62 205 6 99 29315 858 14157 21.0 24.0 23.74 0.03
129600.0 310 27.49 0.1 48606 3994.45 0.36 15093 1740.29 0.17 2177263 414176.14 19.62 310 40.79 0.17 48246 9005.26 19.62 205 6 99 29520 864 14256 21.0 24.0 23.76 0.03
130500.0 376 27.63 0.1 48982 4022.08 0.36 15153 1740.47 0.17 2192416 415916.61 19.62 370 40.9 0.17 48616 9046.16 19.62 205 6 99 29725 870 14355 21.0 24.0 23.76 0.03
131400.0 354 28.26 0.36 49336 4050.35 0.36 15132 1740.54 0.17 2207548 417657.15 19.62 350 41.1 0.17 48966 9087.26 19.62 205 6 99 29930 876 14454 21.0 24.0 23.76 0.03
132300.0 310 27.49 0.1 49646 4077.83 0.36 15091 1740.3 0.17 2222639 419397.45 19.62 310 40.8 0.17 49276 9128.05 19.62 205 6 99 30135 882 14553 21.0 24.0 23.78 0.03
133200.0 310 27.49 0.1 49956 4105.32 0.36 15088 1740.17 0.17 2237727 421137.61 19.62 310 40.79 0.17 49586 9168.84 19.62 205 6 99 30340 888 14652 21.0 24.0 23.79 0.03
134100.0 376 27.63 0.1 50332 4132.95 0.36 15147 1740.29 0.17 2252874 422877.9 19.62 370 40.9 0.17 49956 9209.74 19.62 205 6 99 30545 894 14751 21.0 24.0 23.79 0.03
135000.0 354 28.26 0.36 50686 4161.21 0.36 15127 1740.41 0.17 2268001 424618.31 19.62 350 41.09 0.17 50306 9250.83 19.62 205 6 99 30750 900 14850 21.0 24.0 23.79 0.03
135900.0 310 27.49 0.1 50996 4188.7 0.36 15084 1740.06 0.17 2283085 426358.37 19.62 310 40.8 0.17 50616 9291.63 19.62 205 6 99 30955 906 14949 21.0 24.0 23.82 0.03
136800.0 310 27.49 0.1 51306 4216.19 0.36 15084 1739.99 0.17 2298169 428098.36 19.62 310 40.79 0.17 50926 9332.42 19.62 205 6 99 31160 912 15048 21.0 24.0 23.83 0.03
137700.0 376 27.63 0.1 51682 4243.82 0.36 15144 1740.17 0.17 2313313 429838.52 19.62 370 40.9 0.17 51296 9373.32 19.62 205 6 99 31365 918 15147 21.0 24.0 23.83 0.03
138600.0 354 28.26 0.36 52036 4272.08 0.36 15121 1740.18 0.17 2328434 431578.7 19.62 350 41.1 0.17 51646 9414.42 19.62 205 6 99 31570 924 15246 21.0 24.0 23.83 0.03
139500.0 310 27.49 0.1 52346 4299.57 0.36 15081 1739.94 0.17 2343515 433318.64 19.62 310 40.8 0.17 51956 9455.21 19.62 205 6 99 31775 930 15345 21.0 24.0 23.84 0.03
140400.0 310 27.49 0.1 52656 4327.05 0.36 15080 1739.81 0.17 2358595 435058.45 19.62 310 40.79 0.17 52266 9496.0 19.62 205 6 99 31980 936 15444 21.0 24.0 23.85 0.03
141300.0 376 27.63 0.1 53032 4354.68 0.36 15137 1739.81 0.17 2373732 436798.25 19.62 370 40.9 0.17 52636 9536.9 19.62 205 6 99 32185 942 15543 21.0 24.0 23.85 0.03
142200.0 354 28.26 0.36 53386 4382.95 0.36 15117 1739.93 0.17 2388849 438538.18 19.62 350 41.09 0.17 52986 9577.99 19.62 205 6 99 32390 948 15642 21.0 24.0 23.85 0.03
143100.0 310 27.49 0.1 53696 4410.44 0.36 15077 1739.7 0.17 2403926 440277.88 19.62 310 40.8 0.17 53296 9618.79 19.62 205 6 99 32595 954 15741 21.0 24.0 23.87 0.03
144000.0 310 27.49 0.1 54006 4437.92 0.36 15075 1739.51 0.17 2419001 442017.39 19.62 310 40.79 0.17 53606 9659.58 19.62 205 6 99 32800 960 15840 21.0 24.0 23.88 0.03
144900.0 376 27.63 0.1 54382 4465.55 0.36 15135 1739.69 0.17 2434136 443757.08 19.62 370 40.9 0.17 53976 9700.48 19.62 205 6 99 33005 966 15939 21.0 24.0 23.88 0.03
145800.0 354 28.26 0.36 54736 4493.82 0.36 15115 1739.82 0.17 2449251 445496.89 19.62 350 41.1 0.17 54326 9741.58 19.62 205 6 99 33210 972 16038 21.0 24.0 23.88 0.03
146700.0 310 27.49 0.1 55046 4521.3 0.36 15066 1739.16 0.17 2464317 447236.05 19.62 310 40.8 0.17 54636 9782.37 19.62 205 6 99 33415 978 16137 21.0 24.0 23.88 0.03
147600.0 310 27.49 0.1 55356 4548.79 0.36 15066 1739.09 0.17 2479383 448975.14 19.62 310 40.79 0.17 54946 9823.16 19.62 205 6 99 33620 984 16236 21.0 24.0 23.88 0.03
148500.0 376 27.63 0.1 55732 4576.42 0.36 15126 1739.27 0.17 2494509 450714.41 19.62 370 40.9 0.17 55316 9864.06 19.62 205 6 99 33825 990 16335 21.0 24.0 23.88 0.03
149400.0 354 28.26 0.36 56086 4604.68 0.36 15105 1739.33 0.17 2509614 452453.73 19.62 350 41.09 0.17 55666 9905.15 19.62 205 6 99 34030 996 16434 21.0 24.0 23.88 0.03
150300.0 310 27.49 0.1 56396 4632.17 0.36 15065 1739.1 0.17 2524679 454192.84 19.62 310 40.8 0.17 55976 9945.95 19.62 205 6 99 34235 1002 16533 21.0 24.0 23.88 0.03
151200.0 310 27.49 0.1 56706 4659.66 0.36 15064 1738.97 0.17 2539743 455931.8 19.62 310 40.79 0.17 56286 9986.74 19.62 205 6 99 34440 1008 16632 21.0 24.0 23.89 0.03
152100.0 376 27.63 0.1 57082 4687.29 0.36 15120 1739.03 0.17 2554863 457670.83 19.62 370 40.9 0.17 56656 10027.64 19.62 205 6 99 34645 1014 16731 21.0 24.0 23.89 0.03
153000.0 354 28.26 0.36 57436 4715.55 0.36 15100 1739.16 0.17 2569963 459409.98 19.62 350 41.1 0.17 57006 10068.74 19.62 205 6 99 34850 1020 16830 21.0 24.0 23.89 0.03
153900.0 310 27.49 0.1 57746 4743.04 0.36 15059 1738.92 0.17 2585022 461148.91 19.62 310 40.8 0.17 57316 10109.53 19.62 205 6 99 35055 1026 16929 21.0 24.0 23.88 0.04
154800.0 310 27.49 0.1 58056 4770.53 0.36 15056 1738.79 0.17 2600078 462887.69 19.62 310 40.79 0.17 57626 10150.32 19.62 205 6 99 35260 1032 17028 21.0 24.0 23.88 0.04
155700.0 376 27.63 0.1 58432 4798.16 0.36 15116 1738.97 0.17 2615194 464626.66 19.62 370 40.9 0.17 57996 10191.22 19.62 205 6 99 35465 1038 17127 21.0 24.0 23.88 0.04
156600.0 354 28.26 0.36 58786 4826.42 0.36 15095 1739.09 0.17 2630289 466365.74 19.62 350 41.09 0.17 58346 10232.31 19.62 205 6 99 35670 1044 17226 21.0 24.0 23.88 0.04
157500.0 310 27.49 0.1 59096 4853.91 0.36 15053 1738.8 0.17 2645342 468104.55 19.62 310 40.8 0.17 58656 10273.11 19.62 205 6 99 35875 1050 17325 21.0 24.0 23.88 0.04
158400.0 310 27.49 0.1 59406 4881.39 0.36 15053 1738.73 0.17 2660395 469843.27 19.62 310 40.79 0.17 58966 10313.9 19.62 205 6 99 36080 1056 17424 21.0 24.0 23.88 0.04
159300.0 376 27.63 0.1 59782 4909.02 0.36 15112 1738.91 0.17 2675507 471582.18 19.62 370 40.9 0.17 59336 10354.8 19.62 205 6 99 36285 1062 17523 21.0 24.0 23.88 0.04
160200.0 354 28.26 0.36 60136 4937.29 0.36 15090 1738.91 0.17 2690597 473321.09 19.62 350 41.1 0.17 59686 10395.9 19.62 205 6 99 36490 1068 17622 21.0 24.0 23.88 0.04
161100.0 310 27.49 0.1 60446 4964.77 0.36 15050 1738.68 0.17 2705647 475059.78 19.62 310 40.8 0.17 59996 10436.69 19.62 205 6 99 36695 1074 17721 21.0 24.0 23.85 0.04
162000.0 310 27.49 0.1 60756 4992.26 0.36 15049 1738.6 0.17 2720696 476798.38 19.62 310 40.79 0.17 60306 10477.48 19.62 205 6 99 36900 1080 17820 21.0 24.0 23.85 0.04
162900.0 376 27.63 0.1 61132 5019.89 0.36 15105 1738.67 0.17 2735801 478537.05 19.62 370 40.9 0.17 60676 10518.38 19.62 205 6 99 37105 1086 17919 21.0 24.0 23.85 0.04
163800.0 354 28.26 0.36 61486 5048.15 0.36 15085 1738.79 0.17 2750886 480275.84 19.62 350 41.09 0.17 61026 10559.47 19.62 205 6 99 37310 1092 18018 21.0 24.0 23.85 0.04
164700.0 310 27.49 0.1 61796 5075.64 0.36 15045 1738.56 0.17 2765931 482014.4 19.62 310 40.8 0.17 61336 10600.27 19.62 205 6 99 37515 1098 18117 21.0 24.0 23.83 0.05
165600.0 310 27.49 0.1 62106 5103.12 0.36 15043 1738.42 0.17 2780974 483752.82 19.62 310 40.79 0.17 61646 10641.06 19.62 205 6 99 37720 1104 18216 21.0 24.0 23.82 0.04
166500.0 376 27.63 0.1 62482 5130.75 0.36 15103 1738.61 0.17 2796077 485491.43 19.62 370 40.9 0.17 62016 10681.96 19.62 205 6 99 37925 1110 18315 21.0 24.0 23.82 0.04
167400.0 354 28.26 0.36 62836 5159.02 0.36 15083 1738.73 0.17 2811160 487230.17 19.62 350 41.1 0.17 62366 10723.06 19.62 205 6 99 38130 1116 18414 21.0 24.0 23.82 0.04
168300.0 310 27.49 0.1 63146 5186.51 0.36 15038 1738.26 0.17 2826198 488968.43 19.62 310 40.8 0.17 62676 10763.85 19.62 205 6 99 38335 1122 18513 21.0 24.0 23.8 0.05
169200.0 310 27.49 0.1 63456 5213.99 0.36 15039 1738.24 0.17 2841237 490706.67 19.62 310 40.79 0.17 62986 10804.64 19.62 205 6 99 38540 1128 18612 21.0 24.0 23.79 0.05
170100.0 376 27.63 0.1 63832 5241.62 0.36 15098 1738.37 0.17 2856335 492445.04 19.62 370 40.9 0.17 63356 10845.54 19.62 205 6 99 38745 1134 18711 21.0 24.0 23.79 0.05
171000.0 354 28.26 0.36 64186 5269.88 0.36 15076 1738.43 0.17 2871411 494183.47 19.62 350 41.09 0.17 63706 10886.63 19.62 205 6 99 38950 1140 18810 21.0 24.0 23.79 0.05
171900.0 310 27.49 0.1 64496 5297.37 0.36 15033 1738.08 0.17 2886444 495921.55 19.62 310 40.8 0.17 64016 10927.43 19.62 205 6 99 39155 1146 18909 21.0 24.0 23.75 0.05
172800.0 310 27.49 0.1 64806 5324.86 0.36 15033 1738.0 0.17 2901477 497659.56 19.62 310 40.79 0.17 64326 10968.22 19.62 205 6 99 39360 1152 19008 21.0 24.0 23.74 0.05
173700.0 376 27.63 0.1 65182 5352.49 0.36 15089 1738.07 0.17 2916566 499397.62 19.62 370 40.9 0.17 64696 11009.12 19.62 205 6 99 39565 1158 19107 21.0 24.0 23.74 0.05
174600.0 354 28.26 0.36 65536 5380.75 0.36 15067 1738.07 0.17 2931633 501135.7 19.62 350 41.1 0.17 65046 11050.22 19.62 205 6 99 39770 1164 19206 21.0 24.0 23.74 0.05
175500.0 310 27.49 0.1 65846 5408.24 0.36 15027 1737.78 0.17 2946660 502873.48 19.62 310 40.8 0.17 65356 11091.01 19.62 205 6 99 39975 1170 19305 21.0 24.0 23.7 0.05
176400.0 310 27.49 0.1 66156 5435.72 0.36 15027 1737.76 0.17 2961687 504611.24 19.62 310 40.79 0.17 65666 11131.8 19.62 205 6 99 40180 1176 19404 21.0 23.9 23.68 0.05
177300.0 376 27.63 0.1 66532 5463.35 0.36 15087 1737.95 0.17 2976774 506349.19 19.62 370 40.9 0.17 66036 11172.7 19.62 205 6 99 40385 1182 19503 21.0 23.9 23.68 0.05
178200.0 354 28.26 0.36 66886 5491.62 0.36 15065 1738.01 0.17 2991839 508087.21 19.62 350 41.1 0.17 66386 11213.8 19.62 205 6 99 40590 1188 19602 21.0 23.9 23.68 0.05
179100.0 310 27.49 0.1 67196 5519.1 0.36 15018 1737.48 0.17 3006857 509824.69 19.62 310 40.8 0.17 66696 11254.6 19.62 205 6 99 40795 1194 19701 21.0 23.9 23.61 0.05
180000.0 310 27.49 0.1 67506 5546.59 0.36 15024 1737.64 0.17 3021881 511562.33 19.62 310 40.79 0.17 67006 11295.39 19.62 205 6 99 41000 1200 19800 21.0 23.9 23.58 0.05
180900.0 376 27.63 0.1 67882 5574.22 0.36 15083 1737.83 0.17 3036964 513300.16 19.62 370 40.9 0.17 67376 11336.29 19.62 205 6 99 41205 1206 19899 21.0 23.9 23.58 0.05
181800.0 354 28.26 0.36 68236 5602.49 0.36 15056 1737.53 0.17 3052020 515037.69 19.62 350 41.1 0.17 67726 11377.39 19.62 205 6 99 41410 1212 19998 21.0 23.9 23.58 0.05
182700.0 310 27.49 0.1 68546 5629.97 0.36 15013 1737.18 0.17 3067033 516774.88 19.62 310 40.8 0.17 68036 11418.18 19.62 205 6 99 41615 1218 20097 21.0 23.8 23.5 0.05
183600.0 310 27.49 0.1 68856 5657.46 0.36 15019 1737.4 0.17 3082052 518512.28 19.62 310 40.79 0.17 68346 11458.97 19.62 205 6 99 41820 1224 20196 21.0 23.8 23.45 0.04
184500.0 376 27.63 0.1 69232 5685.09 0.36 15071 1737.23 0.17 3097123 520249.51 19.62 370 40.9 0.17 68716 11499.87 19.62 205 6 99 42025 1230 20295 21.0 23.8 23.45 0.04
185400.0 354 28.26 0.36 69586 5713.35 0.36 15045 1737.17 0.17 3112168 521986.68 19.62 350 41.1 0.17 69066 11540.97 19.62 205 6 99 42230 1236 20394 21.0 23.8 23.45 0.04
186300.0 310 27.49 0.1 69896 5740.84 0.36 15010 1737.18 0.17 3127178 523723.87 19.62 310 40.8 0.17 69376 11581.77 19.62 205 6 99 42435 1242 20493 21.0 23.7 23.33 0.05
187200.0 310 27.49 0.1 70206 5768.33 0.36 15004 1736.86 0.17 3142182 525460.73 19.62 310 40.79 0.17 69686 11622.56 19.62 205 6 99 42640 1248 20592 21.0 23.7 23.27 0.04
188100.0 376 27.63 0.1 70582 5795.96 0.36 15063 1737.05 0.17 3157245 527197.78 19.62 370 40.9 0.17 70056 11663.46 19.62 205 6 99 42845 1254 20691 21.0 23.7 23.27 0.04
189000.0 354 28.26 0.36 70936 5824.22 0.36 15040 1737.05 0.17 3172285 528934.83 19.62 350 41.1 0.17 70406 11704.56 19.62 205 6 99 43050 1260 20790 21.0 23.7 23.27 0.04
189900.0 310 27.49 0.1 71246 5851.71 0.36 14998 1736.58 0.17 3187283 530671.42 19.62 310 40.8 0.17 70716 11745.35 19.62 205 6 99 43255 1266 20889 21.0 23.5 23.11 0.05
190800.0 310 27.49 0.1 71556 5879.19 0.36 14998 1736.56 0.17 3202281 532407.98 19.62 310 40.79 0.17 71026 11786.14 19.62 205 6 99 43460 1272 20988 21.0 23.5 23.02 0.04
191700.0 376 27.63 0.1 71932 5906.82 0.36 15056 1736.69 0.17 3217337 534144.67 19.62 370 40.9 0.17 71396 11827.04 19.62 205 6 99 43665 1278 21087 21.0 23.5 23.02 0.04
192600.0 354 28.26 0.36 72286 5935.09 0.36 15024 1736.27 0.17 3232361 535880.94 19.62 350 41.1 0.17 71746 11868.14 19.62 205 6 99 43870 1284 21186 21.0 23.5 23.02 0.04
193500.0 310 27.49 0.1 72596 5962.58 0.36 14989 1736.22 0.17 3247350 537617.17 19.62 310 40.8 0.17 72056 11908.94 19.62 205 6 99 44075 1290 21285 21.0 23.3 22.83 0.04
194400.0 310 27.49 0.1 72906 5990.06 0.36 14991 1736.32 0.17 3262341 539353.49 19.62 310 40.79 0.17 72366 11949.73 19.62 205 6 99 44280 1296 21384 21.0 23.3 22.74 0.04
195300.0 376 27.63 0.1 73282 6017.69 0.36 15043 1736.15 0.17 3277384 541089.64 19.62 370 40.9 0.17 72736 11990.62 19.62 205 6 99 44485 1302 21483 21.0 23.3 22.74 0.03
196200.0 354 28.26 0.36 73636 6045.96 0.36 15020 1736.09 0.17 3292404 542825.73 19.62 350 41.1 0.17 73086 12031.72 19.62 205 6 99 44690 1308 21582 21.0 23.3 22.74 0.03
197100.0 310 27.49 0.1 73946 6073.44 0.36 14981 1736.1 0.17 3307385 544561.83 19.62 310 40.8 0.17 73396 12072.52 19.62 205 6 99 44895 1314 21681 21.0 23.1 22.54 0.03
198000.0 310 27.49 0.1 74256 6100.93 0.36 14968 1735.18 0.17 3322353 546297.02 19.62 310 40.79 0.17 73706 12113.31 19.62 205 6 99 45100 1320 21780 21.0 23.1 22.43 0.03
198900.0 376 27.63 0.1 74632 6128.56 0.36 15028 1735.37 0.17 3337381 548032.38 19.62 370 40.9 0.17 74076 12154.21 19.62 205 6 99 45305 1326 21879 21.0 23.1 22.43 0.03
199800.0 354 28.26 0.36 74986 6156.82 0.36 15006 1735.37 0.17 3352387 549767.75 19.62 350 41.09 0.17 74426 12195.3 19.62 205 6 99 45510 1332 21978 21.0 23.1 22.43 0.03
200700.0 310 27.49 0.1 75296 6184.31 0.36 14973 1735.5 0.17 3367360 551503.25 19.62 310 40.8 0.17 74736 12236.1 19.62 205 6 99 45715 1338 22077 21.0 22.8 22.27 0.02
201600.0 310 27.49 0.1 75606 6211.8 0.36 14971 1735.42 0.17 3382331 553238.68 19.62 310 40.79 0.17 75046 12276.89 19.62 205 6 99 45920 1344 22176 21.0 22.8 22.2 0.03
202500.0 376 27.63 0.1 75982 6239.43 0.36 15031 1735.61 0.17 3397362 554974.28 19.62 370 40.9 0.17 75416 12317.78 19.62 205 6 99 46125 1350 22275 21.0 22.8 22.2 0.03
203400.0 354 28.26 0.36 76336 6267.69 0.36 15007 1735.55 0.17 3412369 556709.84 19.62 350 41.1 0.17 75766 12358.88 19.62 205 6 99 46330 1356 22374 21.0 22.8 22.2 0.03
204300.0 310 27.49 0.1 76646 6295.18 0.36 14975 1735.56 0.17 3427344 558445.4 19.62 310 40.8 0.17 76076 12399.68 19.62 205 6 99 46535 1362 22473 21.0 22.6 22.07 0.02
205200.0 310 27.49 0.1 76956 6322.67 0.36 14976 1735.54 0.17 3442320 560180.95 19.62 310 40.79 0.17 76386 12440.47 19.62 205 6 99 46740 1368 22572 21.0 22.6 22.07 0.02
206100.0 376 27.63 0.1 77332 6350.29 0.36 15034 1735.67 0.17 3457354 561916.61 19.62 370 40.9 0.17 76756 12481.37 19.62 205 6 99 46945 1374 22671 21.0 22.6 22.07 0.02
207000.0 354 28.26 0.36 77686 6378.56 0.36 15007 1735.55 0.17 3472361 563652.16 19.62 350 41.09 0.17 77106 12522.46 19.62 205 6 99 47150 1380 22770 21.0 22.6 22.07 0.02
207900.0 310 27.49 0.1 77996 6406.04 0.36 14973 1735.5 0.17 3487334 565387.66 19.62 310 40.8 0.17 77416 12563.26 19.62 205 6 99 47355 1386 22869 21.0 22.2 22.02 0.01
208800.0 310 27.49 0.1 78306 6433.53 0.36 14972 1735.36 0.17 3502306 567123.03 19.62 310 40.79 0.17 77726 12604.05 19.62 205 6 99 47560 1392 22968 21.0 22.2 22.02 0.01
209700.0 376 27.63 0.1 78682 6461.16 0.36 15031 1735.49 0.17 3517337 568858.51 19.62 370 40.9 0.17 78096 12644.94 19.62 205 6 99 47765 1398 23067 21.0 22.2 22.02 0.01
210600.0 354 28.26 0.36 79036 6489.42 0.36 15001 1735.19 0.17 3532338 570593.71 19.62 350 41.1 0.17 78446 12686.04 19.62 205 6 99 47970 1404 23166 21.0 22.2 22.02 0.01
211500.0 310 27.49 0.1 79346 6516.91 0.36 14960 1735.02 0.17 3547298 572328.73 19.62 310 40.8 0.17 78756 12726.84 19.62 205 6 99 48175 1410 23265 21.0 22.0 22.0 0.0
212400.0 310 27.49 0.1 79656 6544.4 0.36 14960 1734.94 0.17 3562258 574063.68 19.62 310 40.79 0.17 79066 12767.63 19.62 205 6 99 48380 1416 23364 21.0 22.0 22.0 0.0
213300.0 376 27.63 0.1 80032 6572.02 0.36 15018 1735.01 0.17 3577276 575798.68 19.62 370 40.9 0.17 79436 12808.53 19.62 205 6 99 48585 1422 23463 21.0 22.0 22.0 0.0
214200.0 354 28.26 0.36 80386 6600.29 0.36 14984 1734.65 0.17 3592260 577533.33 19.62 350 41.09 0.17 79786 12849.62 19.62 205 6 99 48790 1428 23562 21.0 22.0 22.0 0.0
215100.0 310 27.49 0.1 80696 6627.77 0.36 14944 1734.42 0.17 3607204 579267.75 19.62 310 40.8 0.17 80096 12890.42 19.62 205 6 99 48995 1434 23661 21.0 22.0 22.0 0.0
216000.0 310 27.49 0.1 81006 6655.26 0.36 14941 1734.22 0.17 3622145 581001.97 19.62 310 40.79 0.17 80406 12931.21 19.62 205 6 99 49200 1440 23760 21.0 22.0 22.0 0.0
216900.0 376 27.63 0.1 81382 6682.89 0.36 14997 1734.29 0.17 3637142 582736.26 19.62 370 40.9 0.17 80776 12972.11 19.62 205 6 99 49405 1446 23859 21.0 22.0 22.0 0.0
217800.0 354 28.26 0.36 81736 6711.15 0.36 14976 1734.35 0.17 3652118 584470.61 19.62 350 41.1 0.17 81126 13013.2 19.62 205 6 99 49610 1452 23958 21.0 22.0 22.0 0.0
218700.0 310 27.49 0.1 82046 6738.64 0.36 14928 1733.88 0.17 3667046 586204.5 19.62 310 40.8 0.17 81436 13054.0 19.62 205 6 99 49815 1458 24057 21.0 22.0 22.0 0.0
219600.0 310 27.49 0.1 82356 6766.13 0.36 14927 1733.74 0.17 3681973 587938.24 19.62 310 40.79 0.17 81746 13094.79 19.62 205 6 99 50020 1464 24156 21.0 22.0 22.0 0.0
220500.0 376 27.63 0.1 82732 6793.76 0.36 14978 1733.63 0.17 3696951 589671.87 19.62 370 40.9 0.17 82116 13135.69 19.62 205 6 99 50225 1470 24255 21.0 22.0 22.0 0.0
221400.0 354 28.27 0.36 83086 6822.03 0.36 14955 1736.79 0.17 3711906 591408.66 19.62 350 41.17 0.17 82466 13176.86 19.62 205 6 99 50430 1476 24354 21.0 22.0 22.0 0.0
222300.0 310 27.49 0.1 83396 6849.52 0.36 15007 1741.13 0.17 3726913 593149.78 19.62 310 40.88 0.17 82776 13217.74 19.62 205 6 99 50635 1482 24453 19.8 22.0 21.12 0.08
223200.0 310 27.49 0.1 83706 6877.01 0.36 15035 1742.24 0.17 3741948 594892.03 19.62 310 40.88 0.17 83086 13258.62 19.62 205 6 99 50840 1488 24552 19.8 22.0 20.59 0.17
224100.0 376 27.63 0.1 84082 6904.64 0.36 15095 1742.43 0.17 3757043 596634.46 19.62 370 40.99 0.17 83456 13299.6 19.62 205 6 99 51045 1494 24651 19.8 21.8 20.57 0.15
225000.0 354 28.27 0.36 84436 6932.91 0.36 15075 1741.32 0.17 3772118 598375.78 19.62 350 41.15 0.17 83806 13340.75 19.62 205 6 99 51250 1500 24750 19.8 21.8 20.57 0.15
225900.0 310 27.49 0.1 84746 6960.4 0.36 15037 1741.83 0.17 3787155 600117.61 19.62 310 40.87 0.17 84116 13381.63 19.62 205 6 99 51455 1506 24849 19.8 21.7 20.51 0.14
226800.0 310 27.49 0.1 85056 6987.89 0.36 15037 1741.75 0.17 3802192 601859.36 19.62 310 40.86 0.17 84426 13422.49 19.62 205 6 99 51660 1512 24948 19.8 21.7 20.48 0.16
227700.0 376 27.63 0.1 85432 7015.52 0.36 15097 1741.93 0.17 3817289 603601.3 19.62 370 40.97 0.17 84796 13463.46 19.62 205 6 99 51865 1518 25047 19.8 21.7 20.48 0.16
228600.0 354 28.27 0.36 85786 7043.79 0.36 15073 1742.75 0.17 3832362 605344.05 19.62 350 41.19 0.17 85146 13504.66 19.62 205 6 99 52070 1524 25146 19.8 21.7 20.48 0.16
229500.0 310 27.49 0.1 86096 7071.28 0.36 15035 1741.98 0.17 3847397 607086.03 19.62 310 40.88 0.17 85456 13545.53 19.62 205 6 99 52275 1530 25245 19.8 21.6 20.48 0.15
230400.0 310 27.49 0.1 86406 7098.77 0.36 15035 1741.77 0.17 3862432 608827.8 19.62 310 40.87 0.17 85766 13586.4 19.62 205 6 99 52480 1536 25344 19.9 21.6 20.46 0.16
231300.0 376 27.63 0.1 86782 7126.4 0.36 15093 1741.96 0.17 3877525 610569.76 19.62 370 40.98 0.17 86136 13627.38 19.62 205 6 99 52685 1542 25443 19.8 21.6 20.46 0.16
232200.0 354 28.27 0.36 87136 7154.67 0.36 15070 1741.94 0.17 3892595 612311.69 19.62 350 41.18 0.17 86486 13668.56 19.62 205 6 99 52890 1548 25542 19.8 21.6 20.46 0.16
233100.0 310 27.49 0.1 87446 7182.16 0.36 15033 1742.25 0.17 3907628 614053.95 19.62 310 40.88 0.17 86796 13709.44 19.62 205 6 99 53095 1554 25641 19.8 21.5 20.51 0.16
234000.0 310 27.49 0.1 87756 7209.65 0.36 15030 1742.17 0.17 3922658 615796.11 19.62 310 40.88 0.17 87106 13750.32 19.62 205 6 99 53300 1560 25740 19.8 21.5 20.5 0.17
234900.0 376 27.63 0.1 88132 7237.28 0.36 15090 1742.35 0.17 3937748 617538.47 19.62 370 40.99 0.17 87476 13791.3 19.62 205 6 99 53505 1566 25839 19.8 21.5 20.5 0.17
235800.0 354 28.27 0.36 88486 7265.55 0.36 15061 1740.14 0.17 3952809 619278.61 19.62 350 41.15 0.17 87826 13832.45 19.62 205 6 99 53710 1572 25938 19.8 21.5 20.5 0.17
236700.0 310 27.49 0.1 88796 7293.04 0.36 15030 1739.1 0.17 3967839 621017.7 19.62 310 40.82 0.17 88136 13873.28 19.62 205 6 99 53915 1578 26037 19.8 21.4 20.55 0.16
237600.0 310 27.49 0.1 89106 7320.52 0.36 15029 1739.01 0.17 3982868 622756.72 19.62 310 40.82 0.17 88446 13914.09 19.62 205 6 99 54120 1584 26136 19.8 21.4 20.55 0.16
238500.0 376 27.63 0.1 89482 7348.15 0.36 15080 1738.96 0.17 3997948 624495.67 19.62 370 40.93 0.17 88816 13955.02 19.62 205 6 99 54325 1590 26235 19.7 21.4 20.55 0.16
239400.0 354 28.27 0.36 89836 7376.42 0.36 15038 1739.91 0.17 4012986 626235.58 19.62 350 41.16 0.17 89166 13996.18 19.62 205 6 99 54530 1596 26334 19.7 21.4 20.55 0.16
240300.0 310 27.49 0.1 90146 7403.91 0.36 15017 1740.46 0.17 4028003 627976.04 19.62 310 40.86 0.17 89476 14037.04 19.62 205 6 99 54735 1602 26433 19.7 21.6 20.6 0.17
241200.0 310 27.49 0.1 90456 7431.4 0.36 15012 1740.14 0.17 4043015 629716.18 19.62 310 40.85 0.17 89786 14077.89 19.62 205 6 99 54940 1608 26532 19.7 21.6 20.6 0.17
242100.0 376 27.63 0.1 90832 7459.03 0.36 15071 1740.26 0.17 4058086 631456.44 19.62 370 40.96 0.17 90156 14118.85 19.62 205 6 99 55145 1614 26631 19.7 21.6 20.6 0.17
243000.0 354 28.27 0.36 91186 7487.3 0.36 15034 1739.57 0.17 4073120 633196.02 19.62 350 41.16 0.17 90506 14160.02 19.62 205 6 99 55350 1620 26730 19.7 21.6 20.6 0.17
243900.0 310 27.49 0.1 91496 7514.79 0.36 15009 1740.54 0.17 4088129 634936.56 19.62 310 40.87 0.17 90816 14200.88 19.62 205 6 99 55555 1626 26829 19.7 21.8 20.65 0.18
244800.0 310 27.49 0.1 91806 7542.28 0.36 15007 1740.4 0.17 4103136 636676.96 19.62 310 40.86 0.17 91126 14241.74 19.62 205 6 99 55760 1632 26928 19.7 21.8 20.64 0.18
245700.0 376 27.63 0.1 92182 7569.91 0.36 15067 1740.59 0.17 4118203 638417.55 19.62 370 40.97 0.17 91496 14282.71 19.62 205 6 99 55965 1638 27027 19.6 21.8 20.64 0.18
246600.0 354 28.27 0.36 92536 7598.18 0.36 15023 1740.08 0.17 4133226 640157.63 19.62 350 41.18 0.17 91846 14323.89 19.62 205 6 99 56170 1644 27126 19.6 21.8 20.64 0.18
247500.0 310 27.49 0.1 92846 7625.67 0.36 15001 1740.29 0.17 4148227 641897.91 19.62 310 40.87 0.17 92156 14364.76 19.62 205 6 99 56375 1650 27225 19.6 21.9 20.63 0.19
248400.0 310 27.49 0.1 93156 7653.16 0.36 14999 1740.08 0.17 4163226 643638.0 19.62 310 40.86 0.17 92466 14405.63 19.62 205 6 99 56580 1656 27324 19.6 21.9 20.63 0.2
249300.0 376 27.63 0.1 93532 7680.79 0.36 15049 1739.85 0.17 4178275 645377.85 19.62 370 40.97 0.17 92836 14446.6 19.62 205 6 99 56785 1662 27423 19.5 21.9 20.63 0.2
250200.0 354 28.27 0.36 93886 7709.06 0.36 15014 1738.74 0.17 4193289 647116.59 19.62 350 41.16 0.17 93186 14487.76 19.62 205 6 99 56990 1668 27522 19.5 21.9 20.63 0.2
251100.0 310 27.49 0.1 94196 7736.54 0.36 14998 1739.47 0.17 4208287 648856.06 19.62 310 40.86 0.17 93496 14528.61 19.62 205 6 99 57195 1674 27621 19.5 22.0 20.6 0.21
252000.0 310 27.49 0.1 94506 7764.03 0.36 15005 1739.51 0.17 4223292 650595.57 19.62 310 40.85 0.17 93806 14569.46 19.62 205 6 99 57400 1680 27720 19.5 22.0 20.57 0.23
252900.0 376 27.63 0.1 94882 7791.67 0.36 15064 1739.63 0.17 4238356 652335.2 19.62 370 40.96 0.17 94176 14610.42 19.62 205 6 99 57605 1686 27819 19.5 22.0 20.57 0.24
253800.0 354 28.27 0.36 95236 7819.93 0.36 15024 1738.78 0.17 4253380 654073.98 19.62 350 41.15 0.17 94526 14651.57 19.62 205 6 99 57810 1692 27918 19.5 22.0 20.57 0.24
254700.0 310 27.49 0.1 95546 7847.42 0.36 15032 1740.95 0.17 4268412 655814.93 19.62 310 40.86 0.17 94836 14692.43 19.62 205 6 99 58015 1698 28017 19.5 21.8 20.44 0.23
255600.0 310 27.49 0.1 95856 7874.91 0.36 15037 1741.17 0.17 4283449 657556.1 19.62 310 40.85 0.17 95146 14733.28 19.62 205 6 99 58220 1704 28116 19.5 21.8 20.4 0.24
256500.0 376 27.63 0.1 96232 7902.55 0.36 15097 1741.35 0.17 4298546 659297.45 19.62 370 40.96 0.17 95516 14774.24 19.62 205 6 99 58425 1710 28215 19.3 21.8 20.4 0.24
257400.0 354 28.27 0.36 96586 7930.81 0.36 15056 1740.16 0.17 4313602 661037.61 19.62 350 41.15 0.17 95866 14815.39 19.62 205 6 99 58630 1716 28314 19.3 21.8 20.4 0.24
258300.0 310 27.49 0.1 96896 7958.3 0.36 15044 1741.53 0.17 4328646 662779.14 19.62 310 40.86 0.17 96176 14856.25 19.62 205 6 99 58835 1722 28413 19.3 21.8 20.23 0.24
259200.0 310 27.49 0.1 97206 7985.79 0.36 15045 1741.51 0.17 4343691 664520.65 19.62 310 40.85 0.17 96486 14897.11 19.62 205 6 99 59040 1728 28512 19.3 21.6 20.17 0.27
260100.0 376 27.63 0.1 97582 8013.42 0.36 15105 1741.69 0.17 4358796 666262.35 19.62 370 40.96 0.17 96856 14938.07 19.62 205 6 99 59245 1734 28611 19.2 21.6 20.16 0.27
261000.0 356 28.43 0.36 97938 8041.85 0.36 15392 151628.53 19.62 4374188 817890.87 19.62 352 3081.99 19.62 97208 18020.06 19.62 205 6 99 59450 1740 28710 19.2 21.6 20.16 0.27
261900.0 310 27.49 0.1 98248 8069.34 0.36 15063 1741.66 0.17 4389251 819632.53 19.62 310 40.85 0.17 97518 18060.91 19.62 205 6 99 59655 1746 28809 18.9 21.6 19.71 0.21
262800.0 310 27.49 0.1 98558 8096.83 0.36 15066 1741.65 0.17 4404317 821374.18 19.62 310 40.84 0.17 97828 18101.75 19.62 205 6 99 59860 1752 28908 18.9 21.0 19.65 0.25
263700.0 376 27.63 0.1 98934 8124.46 0.36 15126 1741.83 0.17 4419443 823116.01 19.62 370 40.95 0.17 98198 18142.7 19.62 205 6 99 60065 1758 29007 18.9 21.0 19.65 0.25
264600.0 356 28.44 0.36 99290 8152.9 0.36 15415 151988.65 19.64 4434858 975104.65 19.64 352 3089.61 19.64 98550 21232.31 19.64 205 6 99 60270 1764 29106 18.9 21.0 19.64 0.25
265500.0 310 27.52 0.1 99600 8180.42 0.36 15140 1780.86 0.18 4449998 976885.51 19.64 310 41.57 0.18 98860 21273.88 19.64 205 6 99 60475 1770 29205 17.3 21.0 18.15 0.15
266400.0 310 27.52 0.1 99910 8207.94 0.36 15148 1781.15 0.18 4465146 978666.66 19.64 310 41.57 0.18 99170 21315.45 19.64 205 6 99 60680 1776 29304 17.3 21.0 17.84 0.08
267300.0 376 27.66 0.1 100286 8235.6 0.36 15208 1781.32 0.18 4480354 980447.99 19.64 370 41.67 0.18 99540 21357.12 19.64 205 6 99 60885 1782 29403 17.3 21.0 17.83 0.05
268200.0 356 28.46 0.36 100642 8264.06 0.36 15496 151991.66 19.63 4495850 1132439.65 19.64 352 3087.93 19.63 99892 24445.06 19.64 205 6 99 61090 1788 29502 17.3 21.0 17.83 0.05
269100.0 310 27.52 0.1 100952 8291.58 0.36 15141 1778.58 0.18 4510991 1134218.23 19.64 310 41.53 0.18 100202 24486.58 19.64 205 6 99 61295 1794 29601 17.3 21.0 17.8 0.05
270000.0 310 27.52 0.1 101262 8319.09 0.36 15141 1778.51 0.18 4526132 1135996.73 19.64 310 41.52 0.18 100512 24528.1 19.64 205 6 99 61500 1800 29700 17.3 21.0 17.78 0.06
270900.0 376 27.66 0.1 101638 8346.75 0.36 15200 1778.61 0.18 4541332 1137775.34 19.64 370 41.63 0.18 100882 24569.73 19.64 205 6 99 61705 1806 29799 17.3 21.0 17.78 0.06
271800.0 354 28.29 0.36 101992 8375.05 0.36 15177 1778.69 0.18 4556509 1139554.03 19.64 350 41.82 0.18 101232 24611.56 19.64 205 6 99 61910 1812 29898 17.3 21.0 17.78 0.06
272700.0 310 27.52 0.1 102302 8402.56 0.36 15141 1778.7 0.18 4571650 1141332.73 19.64 310 41.53 0.18 101542 24653.08 19.64 205 6 99 62115 1818 29997 17.3 21.0 17.77 0.06
273600.0 310 27.52 0.1 102612 8430.08 0.36 15141 1778.62 0.18 4586791 1143111.35 19.64 310 41.52 0.18 101852 24694.61 19.64 205 6 99 62320 1824 30096 17.3 21.0 17.76 0.06
274500.0 376 27.66 0.1 102988 8457.74 0.36 15198 1778.62 0.18 4601989 1144889.97 19.64 370 41.63 0.18 102222 24736.24 19.64 205 6 99 62525 1830 30195 17.3 21.0 17.76 0.06
275400.0 354 28.3 0.36 103342 8486.03 0.36 15174 1781.93 0.18 4617163 1146671.9 19.64 350 41.9 0.18 102572 24778.14 19.64 205 6 99 62730 1836 30294 17.3 21.0 17.76 0.06
276300.0 310 27.52 0.1 103652 8513.55 0.36 15132 1777.16 0.18 4632295 1148449.07 19.64 310 41.51 0.18 102882 24819.65 19.64 205 6 99 62935 1842 30393 17.3 21.0 17.75 0.05
277200.0 310 27.52 0.1 103962 8541.06 0.36 15135 1777.28 0.18 4647430 1150226.35 19.64 310 41.5 0.18 103192 24861.15 19.64 205 6 99 63140 1848 30492 17.3 21.0 17.73 0.05
278100.0 376 27.66 0.1 104338 8568.72 0.36 15195 1777.44 0.18 4662625 1152003.79 19.64 370 41.61 0.18 103562 24902.76 19.64 205 6 99 63345 1854 30591 17.3 21.0 17.73 0.05
279000.0 354 28.29 0.36 104692 8597.01 0.36 15172 1774.11 0.18 4677797 1153777.9 19.64 350 41.74 0.18 103912 24944.5 19.64 205 6 99 63550 1860 30690 17.3 21.0 17.73 0.05
279900.0 310 27.52 0.1 105002 8624.52 0.36 15129 1778.03 0.18 4692926 1155555.93 19.64 310 41.53 0.18 104222 24986.03 19.64 205 6 99 63755 1866 30789 17.3 21.0 17.72 0.05
280800.0 310 27.52 0.1 105312 8652.04 0.36 15131 1778.08 0.18 4708057 1157334.01 19.64 310 41.52 0.18 104532 25027.55 19.64 205 6 99 63960 1872 30888 17.3 21.0 17.71 0.05
281700.0 376 27.66 0.1 105688 8679.7 0.36 15188 1778.25 0.18 4723245 1159112.27 19.64 370 41.63 0.18 104902 25069.18 19.64 205 6 99 64165 1878 30987 17.3 21.0 17.71 0.05
282600.0 354 28.29 0.36 106042 8707.99 0.36 15166 1778.36 0.18 4738411 1160890.62 19.64 350 41.83 0.18 105252 25111.01 19.64 205 6 99 64370 1884 31086 17.3 21.0 17.71 0.05
283500.0 310 27.51 0.1 106352 8735.5 0.36 15126 1774.75 0.18 4753537 1162665.37 19.64 310 41.46 0.18 105562 25152.47 19.64 205 6 99 64575 1890 31185 17.3 21.0 17.7 0.05
284400.0 310 27.51 0.1 106662 8763.02 0.36 15127 1774.75 0.18 4768664 1164440.13 19.64 310 41.46 0.18 105872 25193.93 19.64 205 6 99 64780 1896 31284 17.3 21.0 17.69 0.05
285300.0 376 27.66 0.1 107038 8790.67 0.36 15187 1774.91 0.18 4783851 1166215.03 19.64 370 41.56 0.18 106242 25235.49 19.64 205 6 99 64985 1902 31383 17.3 21.0 17.69 0.05
286200.0 354 28.29 0.36 107392 8818.96 0.36 15165 1774.96 0.18 4799016 1167989.99 19.64 350 41.76 0.18 106592 25277.25 19.64 205 6 99 65190 1908 31482 17.3 21.0 17.69 0.05
287100.0 310 27.51 0.1 107702 8846.47 0.36 15125 1773.95 0.18 4814141 1169763.95 19.64 310 41.45 0.18 106902 25318.7 19.64 205 6 99 65395 1914 31581 17.3 21.0 17.69 0.05
288000.0 310 27.51 0.1 108012 8873.99 0.36 15125 1773.88 0.18 4829266 1171537.83 19.64 310 41.44 0.18 107212 25360.14 19.64 205 6 99 65600 1920 31680 17.3 21.0 17.68 0.05
288900.0 376 27.66 0.1 108388 8901.64 0.36 15185 1774.06 0.18 4844451 1173311.88 19.64 370 41.55 0.18 107582 25401.69 19.64 205 6 99 65805 1926 31779 17.3 21.0 17.68 0.05
289800.0 354 28.29 0.36 108742 8929.93 0.36 15156 1776.81 0.18 4859607 1175088.69 19.64 350 41.81 0.18 107932 25443.5 19.64 205 6 99 66010 1932 31878 17.3 21.0 17.68 0.05
290700.0 310 27.52 0.1 109052 8957.45 0.36 15118 1781.14 0.18 4874725 1176869.83 19.64 310 41.6 0.18 108242 25485.1 19.64 205 6 99 66215 1938 31977 17.3 21.0 17.69 0.04
291600.0 310 27.52 0.1 109362 8984.97 0.36 15119 1781.08 0.18 4889844 1178650.91 19.64 310 41.59 0.18 108552 25526.69 19.64 205 6 99 66420 1944 32076 17.3 21.0 17.68 0.04
292500.0 376 27.66 0.1 109738 9012.63 0.36 15176 1781.18 0.18 4905020 1180432.1 19.64 370 41.7 0.18 108922 25568.39 19.64 205 6 99 66625 1950 32175 17.3 21.0 17.68 0.04
293400.0 354 28.29 0.36 110092 9040.93 0.36 15154 1778.55 0.18 4920174 1182210.65 19.64 350 41.85 0.18 109272 25610.24 19.64 205 6 99 66830 1956 32274 17.3 21.0 17.68 0.04
294300.0 310 27.52 0.1 110402 9068.44 0.36 15116 1778.48 0.18 4935290 1183989.13 19.64 310 41.54 0.18 109582 25651.79 19.64 205 6 99 67035 1962 32373 17.4 21.0 17.69 0.04
295200.0 310 27.52 0.1 110712 9095.96 0.36 15111 1778.24 0.18 4950401 1185767.37 19.64 310 41.54 0.18 109892 25693.33 19.64 205 6 99 67240 1968 32472 17.4 21.0 17.68 0.04
296100.0 376 27.66 0.1 111088 9123.62 0.36 15171 1778.4 0.18 4965572 1187545.78 19.64 370 41.65 0.18 110262 25734.97 19.64 205 6 99 67445 1974 32571 17.4 21.0 17.68 0.04
297000.0 354 28.3 0.36 111442 9151.91 0.36 15147 1780.97 0.18 4980719 1189326.75 19.64 350 41.9 0.18 110612 25776.88 19.64 205 6 99 67650 1980 32670 17.4 21.0 17.68 0.04
297900.0 310 27.52 0.1 111752 9179.43 0.36 15106 1780.66 0.18 4995825 1191107.41 19.64 310 41.6 0.18 110922 25818.47 19.64 205 6 99 67855 1986 32769 17.4 21.0 17.68 0.04
298800.0 310 27.52 0.1 112062 9206.95 0.36 15108 1780.66 0.18 5010933 1192888.07 19.64 310 41.59 0.18 111232 25860.07 19.64 205 6 99 68060 1992 32868 17.4 21.0 17.68 0.04
299700.0 376 27.66 0.1 112438 9234.61 0.36 15168 1780.82 0.18 5026101 1194668.89 19.64 370 41.7 0.18 111602 25901.77 19.64 205 6 99 68265 1998 32967 17.4 21.0 17.68 0.04
300600.0 354 28.3 0.36 112792 9262.91 0.36 15143 1780.91 0.18 5041244 1196449.81 19.64 350 41.9 0.18 111952 25943.67 19.64 205 6 99 68470 2004 33066 17.4 21.0 17.68 0.04
301500.0 310 27.52 0.1 113102 9290.43 0.36 15107 1777.2 0.18 5056351 1198227.0 19.64 310 41.53 0.18 112262 25985.2 19.64 205 6 99 68675 2010 33165 17.4 21.0 17.69 0.04
302400.0 310 27.52 0.1 113412 9317.94 0.36 15107 1777.08 0.18 5071458 1200004.08 19.64 310 41.52 0.18 112572 26026.72 19.64 205 6 99 68880 2016 33264 17.4 21.0 17.68 0.04
303300.0 376 27.66 0.1 113788 9345.6 0.36 15164 1777.05 0.18 5086622 1201781.14 19.64 370 41.63 0.18 112942 26068.35 19.64 205 6 99 69085 2022 33363 17.4 21.0 17.68 0.04
304200.0 354 28.29 0.36 114142 9373.89 0.36 15139 1773.61 0.18 5101761 1203554.75 19.64 350 41.76 0.18 113292 26110.1 19.64 205 6 99 69290 2028 33462 17.4 21.0 17.68 0.04
305100.0 310 27.52 0.1 114452 9401.41 0.36 15105 1777.24 0.18 5116866 1205331.99 19.64 310 41.53 0.18 113602 26151.63 19.64 205 6 99 69495 2034 33561 17.4 21.0 17.69 0.04
306000.0 310 27.52 0.1 114762 9428.92 0.36 15105 1777.18 0.18 5131971 1207109.18 19.64 310 41.52 0.18 113912 26193.15 19.64 205 6 99 69700 2040 33660 17.4 21.0 17.68 0.04
306900.0 376 27.66 0.1 115138 9456.58 0.36 15165 1777.35 0.18 5147136 1208886.53 19.64 370 41.63 0.18 114282 26234.78 19.64 205 6 99 69905 2046 33759 17.4 21.0 17.68 0.04
307800.0 354 28.3 0.36 115492 9484.88 0.36 15135 1780.49 0.18 5162271 1210667.02 19.64 350 41.9 0.18 114632 26276.69 19.64 205 6 99 70110 2052 33858 17.4 21.0 17.68 0.04
308700.0 310 27.52 0.1 115802 9512.4 0.36 15097 1780.24 0.18 5177368 1212447.26 19.64 310 41.6 0.18 114942 26318.28 19.64 205 6 99 70315 2058 33957 17.4 21.0 17.7 0.04
309600.0 310 27.52 0.1 116112 9539.92 0.36 15096 1780.12 0.18 5192464 1214227.38 19.64 310 41.59 0.18 115252 26359.88 19.64 205 6 99 70520 2064 34056 17.4 21.0 17.69 0.04
310500.0 376 27.66 0.1 116488 9567.58 0.36 15155 1780.28 0.18 5207619 1216007.66 19.64 370 41.7 0.18 115622 26401.58 19.64 205 6 99 70725 2070 34155 17.4 21.0 17.69 0.04
311400.0 354 28.29 0.36 116842 9595.87 0.36 15125 1777.41 0.18 5222744 1217785.08 19.64 350 41.85 0.18 115972 26443.43 19.64 205 6 99 70930 2076 34254 17.4 21.0 17.69 0.04
312300.0 310 27.52 0.1 117152 9623.39 0.36 15095 1777.64 0.18 5237839 1219562.72 19.64 310 41.54 0.18 116282 26484.97 19.64 205 6 99 71135 2082 34353 17.4 21.0 17.7 0.05
313200.0 310 27.52 0.1 117462 9650.9 0.36 15093 1777.52 0.18 5252932 1221340.24 19.64 310 41.54 0.18 116592 26526.51 19.64 205 6 99 71340 2088 34452 17.4 21.0 17.71 0.05
314100.0 376 27.66 0.1 117838 9678.56 0.36 15147 1777.32 0.18 5268079 1223117.57 19.64 370 41.65 0.18 116962 26568.15 19.64 205 6 99 71545 2094 34551 17.3 21.0 17.71 0.05
315000.0 354 28.3 0.36 118192 9706.86 0.36 15115 1779.59 0.18 5283194 1224897.16 19.64 350 41.9 0.18 117312 26610.06 19.64 205 6 99 71750 2100 34650 17.3 21.0 17.71 0.05
315900.0 310 27.52 0.1 118502 9734.37 0.36 15076 1774.88 0.18 5298270 1226672.04 19.64 310 41.51 0.18 117622 26651.56 19.64 205 6 99 71955 2106 34749 17.3 21.0 17.72 0.05
316800.0 310 27.52 0.1 118812 9761.89 0.36 15071 1774.64 0.18 5313341 1228446.68 19.64 310 41.5 0.18 117932 26693.07 19.64 205 6 99 72160 2112 34848 17.3 21.0 17.72 0.05
317700.0 376 27.66 0.1 119188 9789.55 0.36 15126 1774.68 0.18 5328467 1230221.37 19.64 370 41.61 0.18 118302 26734.67 19.64 205 6 99 72365 2118 34947 17.3 21.0 17.72 0.05
318600.0 354 28.29 0.36 119542 9817.84 0.36 15100 1774.65 0.18 5343567 1231996.02 19.64 350 41.81 0.18 118652 26776.49 19.64 205 6 99 72570 2124 35046 17.3 21.0 17.72 0.05
319500.0 310 27.52 0.1 119852 9845.36 0.36 15070 1779.34 0.18 5358637 1233775.35 19.64 310 41.6 0.18 118962 26818.08 19.64 205 6 99 72775 2130 35145 17.3 21.0 17.73 0.05
320400.0 310 27.52 0.1 120162 9872.88 0.36 15067 1779.1 0.18 5373704 1235554.46 19.64 310 41.59 0.18 119272 26859.68 19.64 205 6 99 72980 2136 35244 17.3 21.0 17.72 0.05
321300.0 376 27.66 0.1 120538 9900.54 0.36 15124 1779.2 0.18 5388828 1237333.66 19.64 370 41.7 0.18 119642 26901.38 19.64 205 6 99 73185 2142 35343 17.3 21.0 17.72 0.05
322200.0 354 28.29 0.36 120892 9928.83 0.36 15088 1767.29 0.18 5403916 1239100.95 19.64 350 41.67 0.18 119992 26943.05 19.64 205 6 99 73390 2148 35442 17.3 21.0 17.72 0.05
323100.0 310 27.51 0.1 121202 9956.33 0.36 15055 1764.01 0.18 5418971 1240864.97 19.64 310 41.3 0.18 120302 26984.35 19.64 205 6 99 73595 2154 35541 17.3 21.0 17.73 0.05
324000.0 310 27.51 0.1 121512 9983.84 0.36 15063 1764.36 0.18 5434034 1242629.32 19.64 310 41.29 0.18 120612 27025.64 19.64 205 6 99 73800 2160 35640 17.3 21.0 17.74 0.06
324900.0 376 27.65 0.1 121888 10011.49 0.36 15123 1764.53 0.18 5449157 1244393.86 19.64 370 41.4 0.18 120982 27067.04 19.64 205 6 99 74005 2166 35739 17.3 21.0 17.74 0.06
325800.0 354 28.29 0.36 122242 10039.78 0.36 15092 1775.29 0.18 5464249 1246169.14 19.64 350 41.83 0.18 121332 27108.87 19.64 205 6 99 74210 2172 35838 17.3 21.0 17.74 0.06
326700.0 310 27.52 0.1 122552 10067.3 0.36 15057 1778.8 0.18 5479306 1247947.94 19.64 310 41.6 0.18 121642 27150.47 19.64 205 6 99 74415 2178 35937 17.3 21.0 17.75 0.06
327600.0 310 27.52 0.1 122862 10094.82 0.36 15053 1778.62 0.18 5494359 1249726.56 19.64 310 41.59 0.18 121952 27192.06 19.64 205 6 99 74620 2184 36036 17.3 21.0 17.75 0.06
328500.0 376 27.66 0.1 123238 10122.48 0.36 15112 1778.72 0.18 5509471 1251505.28 19.64 370 41.7 0.18 122322 27233.76 19.64 205 6 99 74825 2190 36135 17.2 21.0 17.75 0.06
329400.0 354 28.3 0.36 123592 10150.78 0.36 15073 1778.09 0.18 5524544 1253283.38 19.64 350 41.9 0.18 122672 27275.67 19.64 205 6 99 75030 2196 36234 17.2 21.0 17.75 0.06
330300.0 310 27.52 0.1 123902 10178.3 0.36 15044 1778.38 0.18 5539588 1255061.76 19.64 310 41.6 0.18 122982 27317.27 19.64 205 6 99 75235 2202 36333 17.2 21.0 17.77 0.06
331200.0 310 27.52 0.1 124212 10205.82 0.36 15042 1778.2 0.18 5554630 1256839.96 19.64 310 41.59 0.18 123292 27358.86 19.64 205 6 99 75440 2208 36432 17.2 21.0 17.77 0.06
332100.0 376 27.66 0.1 124588 10233.48 0.36 15099 1778.24 0.18 5569729 1258618.2 19.64 370 41.7 0.18 123662 27400.56 19.64 205 6 99 75645 2214 36531 17.2 21.0 17.77 0.06
333000.0 354 28.29 0.36 124942 10261.77 0.36 15047 1773.54 0.18 5584776 1260391.73 19.64 350 41.83 0.18 124012 27442.39 19.64 205 6 99 75850 2220 36630 17.2 21.0 17.77 0.06
333900.0 310 27.52 0.1 125252 10289.29 0.36 15000 1772.93 0.18 5599776 1262164.66 19.64 310 41.53 0.18 124322 27483.92 19.64 205 6 99 76055 2226 36729 17.2 21.0 17.77 0.07
334800.0 310 27.52 0.1 125562 10316.8 0.36 15004 1773.1 0.18 5614780 1263937.77 19.64 310 41.52 0.18 124632 27525.44 19.64 205 6 99 76260 2232 36828 17.2 21.0 17.77 0.07
335700.0 376 27.66 0.1 125938 10344.46 0.36 15054 1772.91 0.18 5629834 1265710.68 19.64 370 41.63 0.18 125002 27567.07 19.64 205 6 99 76465 2238 36927 17.2 21.0 17.77 0.07
336600.0 354 28.3 0.36 126292 10372.76 0.36 15016 1775.81 0.18 5644850 1267486.49 19.64 350 41.9 0.18 125352 27608.97 19.64 205 6 99 76670 2244 37026 17.2 21.0 17.77 0.07
337500.0 310 27.52 0.1 126602 10400.28 0.36 14985 1775.74 0.18 5659835 1269262.23 19.64 310 41.6 0.18 125662 27650.57 19.64 205 6 99 76875 2250 37125 17.2 21.0 17.78 0.07
338400.0 310 27.52 0.1 126912 10427.8 0.36 14991 1775.86 0.18 5674826 1271038.09 19.64 310 41.59 0.18 125972 27692.16 19.64 205 6 99 77080 2256 37224 17.2 21.0 17.79 0.07
339300.0 376 27.66 0.1 127288 10455.46 0.36 15043 1775.78 0.18 5689869 1272813.87 19.64 370 41.7 0.18 126342 27733.87 19.64 205 6 99 77285 2262 37323 17.2 21.0 17.79 0.07
340200.0 354 28.29 0.36 127642 10483.75 0.36 14993 1771.25 0.18 5704862 1274585.12 19.64 350 41.83 0.18 126692 27775.7 19.64 205 6 99 77490 2268 37422 17.2 21.0 17.79 0.07
341100.0 310 27.52 0.1 127952 10511.27 0.36 14943 1770.9 0.18 5719805 1276356.02 19.64 310 41.53 0.18 127002 27817.23 19.64 205 6 99 77695 2274 37521 17.2 21.0 17.8 0.07
342000.0 310 27.52 0.1 128262 10538.78 0.36 14941 1770.82 0.18 5734746 1278126.84 19.64 310 41.52 0.18 127312 27858.75 19.64 205 6 99 77900 2280 37620 17.2 21.0 17.8 0.07
342900.0 376 27.66 0.1 128638 10566.44 0.36 14995 1770.76 0.18 5749741 1279897.6 19.64 370 41.63 0.18 127682 27900.38 19.64 205 6 99 78105 2286 37719 17.2 21.0 17.8 0.07
343800.0 354 28.29 0.36 128992 10594.73 0.36 14957 1767.28 0.18 5764698 1281664.89 19.64 350 41.78 0.18 128032 27942.16 19.64 205 6 99 78310 2292 37818 17.2 21.0 17.8 0.07
344700.0 310 27.51 0.1 129302 10622.24 0.36 14924 1767.23 0.18 5779622 1283432.11 19.64 310 41.47 0.18 128342 27983.63 19.64 205 6 99 78515 2298 37917 17.2 21.0 17.8 0.08
345600.0 310 27.51 0.1 129612 10649.75 0.36 14921 1766.97 0.18 5794543 1285199.09 19.64 310 41.47 0.18 128652 28025.1 19.64 205 6 99 78720 2304 38016 17.2 21.0 17.8 0.08
