# seed = 10, gamma = 0.33, beta = 0.66, dee = 0.1, dcc = 100.0, dec = 10.0, dsCnd = 150.0, dLocalhost = 0.02, hostBroker = EDGE 
#
# The columns have the following meaning: 
# instant[SECONDS] commCountUploadPartial delaySumUploadPartial[SECONDS] delayMaxUploadPartial[SECONDS] commCountUploadTot delaySumUploadTot[SECONDS] delayMaxUploadTot[SECONDS] commCountDownloadPartial delaySumDownloadPartial[SECONDS] delayMaxDownloadPartial[SECONDS] commCountDownloadTot delaySumDownloadTot[SECONDS] delayMaxDownloadTot[SECONDS] commCountDownloadMaxPartial delaySumDownloadMaxPartial[SECONDS] delayMaxDownloadMaxPartial[SECONDS] commCountDownloadMaxTot delaySumDownloadMaxTot[SECONDS] delayMaxDownloadMaxTot[SECONDS] runOnCloudPartial runOnEdgePartial runOnSmartphonePartial runOnCloudTot runOnEdgeTot runOnSmartphoneTot minTemp maxTemp avgTemp varianceTemp
0.0 0 0.0 0.0 0 0.0 0.0 0 0.0 0.0 0 0.0 0.0 0 0.0 0.0 0 0.0 0.0 0 0 0 0 0 0 17.0 25.0 21.0 0.0
900.0 376 31.71 0.15 376 31.71 0.15 15322 1696.52 0.18 15322 1696.52 0.18 370 50.27 0.18 370 50.27 0.18 109 3 198 109 3 198 18.9 21.0 19.24 0.6
1800.0 356 32.43 0.36 732 64.14 0.36 15609 151458.42 19.77 30931 153154.94 19.77 352 3070.66 19.77 722 3120.94 19.77 109 3 198 218 6 396 18.6 18.9 18.9 0.0
2700.0 310 31.59 0.15 1042 95.73 0.36 15265 1722.25 0.19 46196 154877.19 19.77 310 50.76 0.19 1032 3171.7 19.77 109 3 198 327 9 594 17.7 18.9 18.38 0.04
3600.0 310 31.59 0.15 1352 127.32 0.36 15265 1722.1 0.19 61461 156599.29 19.77 310 50.76 0.19 1342 3222.46 19.77 109 3 198 436 12 792 17.6 18.9 18.22 0.05
4500.0 376 31.73 0.15 1728 159.05 0.36 15321 1721.81 0.19 76782 158321.1 19.77 370 50.79 0.19 1712 3273.25 19.77 109 3 198 545 15 990 17.6 18.7 18.22 0.05
5400.0 356 32.44 0.36 2084 191.5 0.36 15631 7852.35 19.82 92413 166173.45 19.82 352 70.64 19.82 2064 3343.88 19.82 109 3 198 654 18 1188 17.6 18.7 18.22 0.05
6300.0 310 31.59 0.15 2394 223.09 0.36 15301 1732.52 0.19 107714 167905.97 19.82 310 50.92 0.19 2374 3394.81 19.82 109 3 198 763 21 1386 17.6 18.7 18.22 0.04
7200.0 310 31.59 0.15 2704 254.68 0.36 15304 1732.52 0.19 123018 169638.48 19.82 310 50.92 0.19 2684 3445.73 19.82 109 3 198 872 24 1584 17.6 18.7 18.24 0.04
8100.0 376 31.74 0.15 3080 286.42 0.36 15360 1732.2 0.19 138378 171370.68 19.82 370 50.96 0.19 3054 3496.7 19.82 109 3 198 981 27 1782 17.6 18.7 18.24 0.04
9000.0 356 32.44 0.36 3436 318.86 0.36 15642 7853.7 19.81 154020 179224.38 19.82 352 70.69 19.81 3406 3567.39 19.82 109 3 198 1090 30 1980 17.6 18.7 18.24 0.04
9900.0 310 31.59 0.15 3746 350.45 0.36 15283 1727.13 0.19 169303 180951.51 19.82 310 50.84 0.19 3716 3618.22 19.82 109 3 198 1199 33 2178 17.6 18.7 18.22 0.04
10800.0 310 31.59 0.15 4056 382.04 0.36 15296 1727.6 0.19 184599 182679.11 19.82 310 50.83 0.19 4026 3669.06 19.82 109 3 198 1308 36 2376 17.6 18.7 18.14 0.04
11700.0 376 31.73 0.15 4432 413.78 0.36 15354 1727.35 0.19 199953 184406.46 19.82 370 50.88 0.19 4396 3719.93 19.82 109 3 198 1417 39 2574 17.6 18.7 18.14 0.04
12600.0 354 32.37 0.36 4786 446.15 0.36 15319 1729.61 0.19 215272 186136.06 19.82 350 50.94 0.19 4746 3770.87 19.82 109 3 198 1526 42 2772 17.6 18.7 18.14 0.04
13500.0 310 31.59 0.15 5096 477.74 0.36 15244 1727.66 0.19 230516 187863.73 19.82 310 50.9 0.19 5056 3821.78 19.82 109 3 198 1635 45 2970 17.6 18.7 18.13 0.04
14400.0 310 31.59 0.15 5406 509.33 0.36 15242 1727.64 0.19 245758 189591.37 19.82 310 50.9 0.19 5366 3872.67 19.82 109 3 198 1744 48 3168 17.6 18.7 18.12 0.04
15300.0 376 31.74 0.15 5782 541.07 0.36 15302 1727.71 0.19 261060 191319.08 19.82 370 50.94 0.19 5736 3923.62 19.82 109 3 198 1853 51 3366 17.6 18.7 18.12 0.04
16200.0 354 32.37 0.36 6136 573.44 0.36 15273 1726.09 0.19 276333 193045.16 19.82 350 50.92 0.19 6086 3974.53 19.82 109 3 198 1962 54 3564 17.6 18.7 18.12 0.04
17100.0 310 31.59 0.15 6446 605.03 0.36 15242 1721.33 0.19 291575 194766.49 19.82 310 50.78 0.19 6396 4025.31 19.82 109 3 198 2071 57 3762 17.6 18.7 18.1 0.04
18000.0 310 31.59 0.15 6756 636.62 0.36 15244 1721.47 0.19 306819 196487.96 19.82 310 50.78 0.19 6706 4076.09 19.82 109 3 198 2180 60 3960 17.6 18.7 18.09 0.04
18900.0 376 31.73 0.15 7132 668.35 0.36 15302 1721.53 0.19 322121 198209.49 19.82 370 50.82 0.19 7076 4126.91 19.82 109 3 198 2289 63 4158 17.6 18.6 18.09 0.04
19800.0 354 32.37 0.36 7486 700.71 0.36 15272 1722.12 0.19 337393 199931.61 19.82 350 50.84 0.19 7426 4177.75 19.82 109 3 198 2398 66 4356 17.6 18.6 18.09 0.04
20700.0 310 31.59 0.15 7796 732.31 0.36 15240 1725.13 0.19 352633 201656.74 19.82 310 50.85 0.19 7736 4228.6 19.82 109 3 198 2507 69 4554 17.6 18.6 18.07 0.03
21600.0 310 31.59 0.15 8106 763.9 0.36 15240 1724.95 0.19 367873 203381.69 19.82 310 50.85 0.19 8046 4279.45 19.82 109 3 198 2616 72 4752 17.6 18.6 18.06 0.03
22500.0 376 31.73 0.15 8482 795.63 0.36 15299 1725.01 0.19 383172 205106.7 19.82 370 50.89 0.19 8416 4330.34 19.82 109 3 198 2725 75 4950 17.6 18.6 18.06 0.03
23400.0 354 32.37 0.36 8836 828.0 0.36 15266 1725.71 0.19 398438 206832.41 19.82 350 50.92 0.19 8766 4381.26 19.82 109 3 198 2834 78 5148 17.6 18.6 18.06 0.03
24300.0 310 31.6 0.15 9146 859.6 0.36 15233 1728.62 0.19 413671 208561.03 19.82 310 50.93 0.19 9076 4432.19 19.82 109 3 198 2943 81 5346 17.6 18.6 18.04 0.03
25200.0 310 31.6 0.15 9456 891.19 0.36 15239 1729.25 0.19 428910 210290.28 19.82 310 50.93 0.19 9386 4483.12 19.82 109 3 198 3052 84 5544 17.5 18.6 18.03 0.03
26100.0 376 31.74 0.15 9832 922.93 0.36 15298 1729.31 0.19 444208 212019.58 19.82 370 50.97 0.19 9756 4534.09 19.82 109 3 198 3161 87 5742 17.5 18.6 18.03 0.03
27000.0 354 32.37 0.36 10186 955.3 0.36 15264 1728.49 0.19 459472 213748.07 19.82 350 50.97 0.19 10106 4585.06 19.82 109 3 198 3270 90 5940 17.5 18.6 18.03 0.03
27900.0 310 31.59 0.15 10496 986.9 0.36 15229 1725.81 0.19 474701 215473.88 19.82 310 50.88 0.19 10416 4635.94 19.82 109 3 198 3379 93 6138 17.5 18.6 18.0 0.03
28800.0 310 31.59 0.15 10806 1018.49 0.36 15237 1726.27 0.19 489938 217200.15 19.82 310 50.88 0.19 10726 4686.82 19.82 109 3 198 3488 96 6336 17.5 18.6 17.99 0.03
29700.0 376 31.74 0.15 11182 1050.23 0.36 15294 1726.17 0.19 505232 218926.32 19.82 370 50.92 0.19 11096 4737.74 19.82 109 3 198 3597 99 6534 17.5 18.6 17.99 0.03
30600.0 354 32.37 0.36 11536 1082.6 0.36 15261 1725.68 0.19 520493 220652.0 19.82 350 50.92 0.19 11446 4788.66 19.82 109 3 198 3706 102 6732 17.5 18.6 17.99 0.03
31500.0 310 31.6 0.15 11846 1114.19 0.36 15229 1728.46 0.19 535722 222380.45 19.82 310 50.93 0.19 11756 4839.59 19.82 109 3 198 3815 105 6930 17.4 18.6 17.96 0.03
32400.0 310 31.6 0.15 12156 1145.79 0.36 15236 1729.09 0.19 550958 224109.54 19.82 310 50.93 0.19 12066 4890.51 19.82 109 3 198 3924 108 7128 17.4 18.6 17.95 0.03
33300.0 376 31.74 0.15 12532 1177.53 0.36 15295 1728.99 0.19 566253 225838.53 19.82 370 50.97 0.19 12436 4941.48 19.82 109 3 198 4033 111 7326 17.4 18.5 17.95 0.03
34200.0 354 32.37 0.36 12886 1209.9 0.36 15256 1727.85 0.19 581509 227566.37 19.82 350 50.97 0.19 12786 4992.45 19.82 109 3 198 4142 114 7524 17.4 18.5 17.95 0.03
35100.0 310 31.6 0.15 13196 1241.49 0.36 15226 1727.66 0.19 596735 229294.04 19.82 310 50.93 0.19 13096 5043.38 19.82 109 3 198 4251 117 7722 17.4 18.5 17.92 0.03
36000.0 310 31.6 0.15 13506 1273.09 0.36 15232 1728.45 0.19 611967 231022.48 19.82 310 50.93 0.19 13406 5094.31 19.82 109 3 198 4360 120 7920 17.4 18.5 17.91 0.03
36900.0 376 31.74 0.15 13882 1304.83 0.36 15292 1728.51 0.19 627259 232750.99 19.82 370 50.97 0.19 13776 5145.28 19.82 109 3 198 4469 123 8118 17.4 18.5 17.91 0.03
37800.0 354 32.37 0.36 14236 1337.2 0.36 15245 1723.04 0.19 642504 234474.03 19.82 350 50.89 0.19 14126 5196.17 19.82 109 3 198 4578 126 8316 17.4 18.5 17.91 0.03
38700.0 310 31.59 0.15 14546 1368.79 0.36 15225 1724.46 0.19 657729 236198.49 19.82 310 50.85 0.19 14436 5247.02 19.82 109 3 198 4687 129 8514 17.3 18.5 17.88 0.03
39600.0 310 31.59 0.15 14856 1400.38 0.36 15234 1724.76 0.19 672963 237923.25 19.82 310 50.85 0.19 14746 5297.87 19.82 109 3 198 4796 132 8712 17.3 18.5 17.87 0.04
40500.0 376 31.73 0.15 15232 1432.11 0.36 15290 1724.34 0.19 688253 239647.59 19.82 370 50.89 0.19 15116 5348.76 19.82 109 3 198 4905 135 8910 17.3 18.5 17.87 0.04
41400.0 354 32.37 0.36 15586 1464.48 0.36 15247 1726.41 0.19 703500 241373.99 19.82 350 50.97 0.19 15466 5399.73 19.82 109 3 198 5014 138 9108 17.3 18.5 17.87 0.04
42300.0 310 31.59 0.15 15896 1496.08 0.36 15215 1724.24 0.19 718715 243098.23 19.82 310 50.88 0.19 15776 5450.61 19.82 109 3 198 5123 141 9306 17.3 18.5 17.84 0.04
43200.0 310 31.59 0.15 16206 1527.67 0.36 15225 1725.19 0.19 733940 244823.42 19.82 310 50.88 0.19 16086 5501.49 19.82 109 3 198 5232 144 9504 17.3 18.5 17.83 0.05
44100.0 376 31.74 0.15 16582 1559.41 0.36 15285 1725.24 0.19 749225 246548.67 19.82 370 50.92 0.19 16456 5552.41 19.82 109 3 198 5341 147 9702 17.2 18.4 17.83 0.05
45000.0 354 32.37 0.36 16936 1591.78 0.36 15243 1724.11 0.19 764468 248272.78 19.82 350 50.92 0.19 16806 5603.33 19.82 109 3 198 5450 150 9900 17.2 18.4 17.83 0.05
45900.0 310 31.59 0.15 17246 1623.37 0.36 15217 1724.65 0.19 779685 249997.43 19.82 310 50.88 0.19 17116 5654.2 19.82 109 3 198 5559 153 10098 17.2 18.4 17.8 0.05
46800.0 310 31.59 0.15 17556 1654.96 0.36 15225 1725.43 0.19 794910 251722.86 19.82 310 50.87 0.19 17426 5705.08 19.82 109 3 198 5668 156 10296 17.2 18.5 17.79 0.06
47700.0 376 31.74 0.15 17932 1686.7 0.36 15285 1725.49 0.19 810195 253448.35 19.82 370 50.92 0.19 17796 5755.99 19.82 109 3 198 5777 159 10494 17.2 18.5 17.79 0.06
48600.0 354 32.37 0.36 18286 1719.07 0.36 15237 1723.72 0.19 825432 255172.07 19.82 350 50.92 0.19 18146 5806.91 19.82 109 3 198 5886 162 10692 17.2 18.5 17.79 0.06
49500.0 310 31.6 0.15 18596 1750.66 0.36 15217 1727.18 0.19 840649 256899.24 19.82 310 50.93 0.19 18456 5857.84 19.82 109 3 198 5995 165 10890 17.2 18.5 17.76 0.06
50400.0 310 31.6 0.15 18906 1782.26 0.36 15233 1727.81 0.19 855882 258627.05 19.82 310 50.93 0.19 18766 5908.76 19.82 109 3 198 6104 168 11088 17.1 18.5 17.74 0.07
51300.0 376 31.74 0.15 19282 1814.0 0.36 15291 1727.71 0.19 871173 260354.76 19.82 370 50.97 0.19 19136 5959.73 19.82 109 3 198 6213 171 11286 17.1 18.5 17.74 0.07
52200.0 354 32.37 0.36 19636 1846.37 0.36 15249 1726.57 0.19 886422 262081.33 19.82 350 50.97 0.19 19486 6010.7 19.82 109 3 198 6322 174 11484 17.1 18.5 17.74 0.07
53100.0 310 31.6 0.15 19946 1877.97 0.36 15202 1726.38 0.19 901624 263807.71 19.82 310 50.93 0.19 19796 6061.63 19.82 109 3 198 6431 177 11682 17.1 18.5 17.73 0.07
54000.0 310 31.6 0.15 20256 1909.56 0.36 15214 1727.33 0.19 916838 265535.03 19.82 310 50.93 0.19 20106 6112.56 19.82 109 3 198 6540 180 11880 17.1 18.6 17.72 0.08
54900.0 376 31.74 0.15 20632 1941.3 0.36 15269 1727.07 0.19 932107 267262.1 19.82 370 50.97 0.19 20476 6163.53 19.82 109 3 198 6649 183 12078 17.1 18.6 17.72 0.08
55800.0 354 32.37 0.36 20986 1973.67 0.36 15239 1726.57 0.19 947346 268988.67 19.82 350 50.97 0.19 20826 6214.5 19.82 109 3 198 6758 186 12276 17.1 18.6 17.72 0.08
56700.0 310 31.6 0.15 21296 2005.27 0.36 15208 1726.7 0.19 962554 270715.37 19.82 310 50.93 0.19 21136 6265.43 19.82 109 3 198 6867 189 12474 17.1 18.6 17.69 0.08
57600.0 310 31.6 0.15 21606 2036.86 0.36 15213 1726.85 0.19 977767 272442.22 19.82 310 50.93 0.19 21446 6316.36 19.82 109 3 198 6976 192 12672 17.1 18.6 17.69 0.09
58500.0 376 31.74 0.15 21982 2068.6 0.36 15273 1726.91 0.19 993040 274169.12 19.82 370 50.97 0.19 21816 6367.33 19.82 109 3 198 7085 195 12870 17.1 18.6 17.69 0.09
59400.0 354 32.37 0.36 22336 2100.97 0.36 15228 1724.17 0.19 1008268 275893.29 19.82 350 50.94 0.19 22166 6418.27 19.82 109 3 198 7194 198 13068 17.1 18.6 17.69 0.09
60300.0 310 31.59 0.15 22646 2132.57 0.36 15207 1725.9 0.19 1023475 277619.19 19.82 310 50.9 0.19 22476 6469.17 19.82 109 3 198 7303 201 13266 17.0 18.6 17.66 0.1
61200.0 310 31.59 0.15 22956 2164.16 0.36 15216 1726.52 0.19 1038691 279345.71 19.82 310 50.9 0.19 22786 6520.07 19.82 109 3 198 7412 204 13464 17.0 18.6 17.65 0.1
62100.0 376 31.74 0.15 23332 2195.9 0.36 15273 1726.43 0.19 1053964 281072.14 19.82 370 50.94 0.19 23156 6571.01 19.82 109 3 198 7521 207 13662 17.0 18.6 17.65 0.1
63000.0 354 32.37 0.36 23686 2228.26 0.36 15226 1718.89 0.19 1069190 282791.03 19.82 350 50.83 0.19 23506 6621.85 19.82 109 3 198 7630 210 13860 17.0 18.6 17.65 0.1
63900.0 310 31.59 0.15 23996 2259.85 0.36 15197 1716.6 0.19 1084387 284507.63 19.82 310 50.75 0.19 23816 6672.59 19.82 109 3 198 7739 213 14058 17.0 18.6 17.64 0.11
64800.0 310 31.59 0.15 24306 2291.43 0.36 15204 1716.74 0.19 1099591 286224.37 19.82 310 50.74 0.19 24126 6723.33 19.82 109 3 198 7848 216 14256 17.0 18.6 17.63 0.11
65700.0 376 31.73 0.15 24682 2323.16 0.36 15264 1716.79 0.19 1114855 287941.16 19.82 370 50.78 0.19 24496 6774.11 19.82 109 3 198 7957 219 14454 17.0 18.6 17.63 0.11
66600.0 354 32.36 0.36 25036 2355.52 0.36 15224 1715.72 0.19 1130079 289656.88 19.82 350 50.77 0.19 24846 6824.89 19.82 109 3 198 8066 222 14652 17.0 18.6 17.63 0.11
67500.0 310 31.58 0.15 25346 2387.11 0.36 15182 1711.9 0.19 1145261 291368.78 19.82 310 50.65 0.19 25156 6875.54 19.82 109 3 198 8175 225 14850 17.0 18.6 17.62 0.11
68400.0 310 31.58 0.15 25656 2418.69 0.36 15184 1712.04 0.19 1160445 293080.82 19.82 310 50.65 0.19 25466 6926.19 19.82 109 3 198 8284 228 15048 17.0 18.7 17.62 0.11
69300.0 376 31.73 0.15 26032 2450.42 0.36 15244 1712.1 0.19 1175689 294792.92 19.82 370 50.69 0.19 25836 6976.88 19.82 109 3 198 8393 231 15246 17.0 18.7 17.62 0.11
70200.0 354 32.36 0.36 26386 2482.78 0.36 15210 1714.79 0.19 1190899 296507.72 19.82 350 50.76 0.19 26186 7027.64 19.82 109 3 198 8502 234 15444 17.0 18.7 17.62 0.11
71100.0 310 31.59 0.15 26696 2514.37 0.36 15183 1715.63 0.19 1206082 298223.35 19.82 310 50.72 0.19 26496 7078.36 19.82 109 3 198 8611 237 15642 17.0 18.7 17.61 0.12
72000.0 310 31.59 0.15 27006 2545.95 0.36 15193 1716.43 0.19 1221275 299939.78 19.82 310 50.72 0.19 26806 7129.08 19.82 109 3 198 8720 240 15840 17.0 18.7 17.6 0.12
72900.0 376 31.73 0.15 27382 2577.68 0.36 15250 1716.31 0.19 1236525 301656.09 19.82 370 50.76 0.19 27176 7179.84 19.82 109 3 198 8829 243 16038 17.0 18.7 17.6 0.12
73800.0 354 32.36 0.36 27736 2610.04 0.36 15215 1715.51 0.19 1251740 303371.6 19.82 350 50.76 0.19 27526 7230.61 19.82 109 3 198 8938 246 16236 17.0 18.7 17.6 0.12
74700.0 310 31.59 0.15 28046 2641.63 0.36 15173 1717.61 0.19 1266913 305089.21 19.82 310 50.77 0.19 27836 7281.38 19.82 109 3 198 9047 249 16434 17.0 18.7 17.59 0.12
75600.0 310 31.59 0.15 28356 2673.22 0.36 15171 1717.76 0.19 1282084 306806.98 19.82 310 50.77 0.19 28146 7332.15 19.82 109 3 198 9156 252 16632 17.0 18.7 17.59 0.12
76500.0 376 31.73 0.15 28732 2704.95 0.36 15231 1717.82 0.19 1297315 308524.79 19.82 370 50.81 0.19 28516 7382.97 19.82 109 3 198 9265 255 16830 17.0 18.7 17.59 0.12
77400.0 354 32.36 0.36 29086 2737.31 0.36 15203 1715.82 0.19 1312518 310240.61 19.82 350 50.78 0.19 28866 7433.75 19.82 109 3 198 9374 258 17028 17.0 18.7 17.59 0.12
78300.0 310 31.59 0.15 29396 2768.9 0.36 15166 1715.48 0.19 1327684 311956.09 19.82 310 50.75 0.19 29176 7484.49 19.82 109 3 198 9483 261 17226 17.0 18.7 17.58 0.12
79200.0 310 31.59 0.15 29706 2800.49 0.36 15175 1716.09 0.19 1342859 313672.18 19.82 310 50.74 0.19 29486 7535.24 19.82 109 3 198 9592 264 17424 17.0 18.6 17.58 0.12
80100.0 376 31.73 0.15 30082 2832.21 0.36 15235 1716.15 0.19 1358094 315388.33 19.82 370 50.78 0.19 29856 7586.01 19.82 109 3 198 9701 267 17622 17.0 18.6 17.58 0.12
81000.0 354 32.36 0.36 30436 2864.58 0.36 15204 1717.13 0.19 1373298 317105.46 19.82 350 50.81 0.19 30206 7636.83 19.82 109 3 198 9810 270 17820 17.0 18.6 17.58 0.12
81900.0 310 31.59 0.15 30746 2896.17 0.36 15167 1719.89 0.19 1388465 318825.35 19.82 310 50.82 0.19 30516 7687.65 19.82 109 3 198 9919 273 18018 17.0 18.6 17.58 0.12
82800.0 310 31.59 0.15 31056 2927.76 0.36 15166 1719.71 0.19 1403631 320545.06 19.82 310 50.82 0.19 30826 7738.47 19.82 109 3 198 10028 276 18216 17.0 18.6 17.58 0.12
83700.0 376 31.73 0.15 31432 2959.49 0.36 15222 1719.46 0.19 1418853 322264.52 19.82 370 50.86 0.19 31196 7789.33 19.82 109 3 198 10137 279 18414 17.0 18.6 17.58 0.12
84600.0 354 32.37 0.36 31786 2991.86 0.36 15190 1718.47 0.19 1434043 323982.99 19.82 350 50.86 0.19 31546 7840.19 19.82 109 3 198 10246 282 18612 17.0 18.6 17.58 0.12
85500.0 310 31.59 0.15 32096 3023.45 0.36 15161 1716.57 0.19 1449204 325699.56 19.82 310 50.77 0.19 31856 7890.96 19.82 109 3 198 10355 285 18810 17.0 18.6 17.59 0.11
86400.0 310 31.59 0.15 32406 3055.03 0.36 15165 1716.86 0.19 1464369 327416.42 19.82 310 50.77 0.19 32166 7941.73 19.82 109 3 198 10464 288 19008 17.0 18.6 17.59 0.11
87300.0 376 31.73 0.15 32782 3086.76 0.36 15225 1716.93 0.19 1479594 329133.35 19.82 370 50.81 0.19 32536 7992.53 19.82 109 3 198 10573 291 19206 17.0 18.6 17.59 0.11
88200.0 354 32.37 0.36 33136 3119.13 0.36 15195 1721.63 0.19 1494789 330854.98 19.82 350 50.91 0.19 32886 8043.45 19.82 109 3 198 10682 294 19404 17.0 18.6 17.59 0.11
89100.0 310 31.6 0.15 33446 3150.73 0.36 15210 1727.66 0.19 1509999 332582.63 19.82 310 50.93 0.19 33196 8094.38 19.82 109 3 198 10791 297 19602 17.1 18.6 17.62 0.08
90000.0 310 31.6 0.15 33756 3182.32 0.36 15248 1729.09 0.19 1525247 334311.72 19.82 310 50.93 0.19 33506 8145.31 19.82 109 3 198 10900 300 19800 17.1 18.5 17.68 0.05
90900.0 376 31.74 0.15 34132 3214.06 0.36 15308 1729.15 0.19 1540555 336040.87 19.82 370 50.97 0.19 33876 8196.28 19.82 109 3 198 11009 303 19998 17.1 18.5 17.68 0.05
91800.0 354 32.37 0.36 34486 3246.43 0.36 15253 1719.95 0.19 1555808 337760.82 19.82 350 50.81 0.19 34226 8247.09 19.82 109 3 198 11118 306 20196 17.1 19.7 17.7 0.08
92700.0 310 31.58 0.15 34796 3278.01 0.36 15277 1716.39 0.19 1571085 339477.21 19.82 310 50.64 0.19 34536 8297.73 19.82 109 3 198 11227 309 20394 17.2 23.8 19.35 2.1
93600.0 310 31.58 0.15 35106 3309.6 0.36 15279 1716.52 0.19 1586364 341193.73 19.82 310 50.64 0.19 34846 8348.37 19.82 109 3 198 11336 312 20592 17.1 23.8 20.51 4.76
94500.0 376 31.73 0.15 35482 3341.32 0.36 15337 1716.59 0.19 1601701 342910.32 19.82 370 50.68 0.19 35216 8399.04 19.82 109 3 198 11445 315 20790 17.1 23.8 20.54 4.78
95400.0 354 32.36 0.36 35836 3373.68 0.36 15312 1716.57 0.19 1617013 344626.89 19.82 350 50.68 0.19 35566 8449.72 19.82 109 3 198 11554 318 20988 17.1 23.8 20.55 4.79
96300.0 310 31.58 0.15 36146 3405.26 0.36 15277 1716.7 0.19 1632290 346343.59 19.82 310 50.64 0.19 35876 8500.36 19.82 109 3 198 11663 321 21186 17.1 24.0 20.89 4.68
97200.0 310 31.58 0.15 36456 3436.85 0.36 15275 1716.52 0.19 1647565 348060.11 19.82 310 50.64 0.19 36186 8551.0 19.82 109 3 198 11772 324 21384 17.4 24.0 21.06 4.73
98100.0 376 31.73 0.15 36832 3468.57 0.36 15334 1716.59 0.19 1662899 349776.7 19.82 370 50.68 0.19 36556 8601.68 19.82 109 3 198 11881 327 21582 17.4 24.0 21.07 4.73
99000.0 354 32.36 0.36 37186 3500.93 0.36 15311 1713.52 0.19 1678210 351490.21 19.82 350 50.62 0.19 36906 8652.3 19.82 109 3 198 11990 330 21780 17.4 24.0 21.07 4.73
99900.0 310 31.58 0.15 37496 3532.51 0.36 15277 1713.82 0.19 1693487 353204.03 19.82 310 50.58 0.19 37216 8702.87 19.82 109 3 198 12099 333 21978 17.4 24.0 21.3 4.1
100800.0 310 31.58 0.15 37806 3564.09 0.36 15276 1713.79 0.19 1708763 354917.83 19.82 310 50.58 0.19 37526 8753.45 19.82 109 3 198 12208 336 22176 17.7 24.0 21.43 3.93
101700.0 376 31.72 0.15 38182 3595.81 0.36 15336 1713.86 0.19 1724099 356631.69 19.82 370 50.62 0.19 37896 8804.07 19.82 109 3 198 12317 339 22374 17.8 24.0 21.44 3.92
102600.0 354 32.36 0.36 38536 3628.16 0.36 15307 1712.92 0.19 1739406 358344.61 19.82 350 50.61 0.19 38246 8854.68 19.82 109 3 198 12426 342 22572 17.8 24.0 21.43 3.92
103500.0 310 31.58 0.15 38846 3659.74 0.36 15270 1712.9 0.19 1754676 360057.51 19.82 310 50.57 0.19 38556 8905.24 19.82 109 3 198 12535 345 22770 17.8 24.0 21.58 3.31
104400.0 310 31.58 0.15 39156 3691.32 0.36 15269 1712.71 0.19 1769945 361770.22 19.82 310 50.57 0.19 38866 8955.81 19.82 109 3 198 12644 348 22968 18.2 24.0 21.73 3.13
105300.0 376 31.72 0.15 39532 3723.04 0.36 15323 1712.63 0.19 1785268 363482.85 19.82 370 50.61 0.19 39236 9006.41 19.82 109 3 198 12753 351 23166 18.5 24.0 21.74 3.12
106200.0 354 32.35 0.36 39886 3755.4 0.36 15303 1710.71 0.18 1800571 365193.56 19.82 350 50.57 0.18 39586 9056.98 19.82 109 3 198 12862 354 23364 18.5 24.0 21.74 3.12
107100.0 310 31.57 0.15 40196 3786.97 0.36 15265 1705.97 0.18 1815836 366899.52 19.82 310 50.43 0.18 39896 9107.41 19.82 109 3 198 12971 357 23562 18.5 24.0 21.73 2.92
108000.0 310 31.57 0.15 40506 3818.54 0.36 15265 1705.94 0.18 1831101 368605.46 19.82 310 50.43 0.18 40206 9157.85 19.82 109 3 198 13080 360 23760 18.8 24.0 21.74 2.9
108900.0 376 31.71 0.15 40882 3850.25 0.36 15320 1705.69 0.18 1846421 370311.15 19.82 370 50.47 0.18 40576 9208.32 19.82 109 3 198 13189 363 23958 18.9 24.0 21.74 2.89
109800.0 354 32.35 0.36 41236 3882.6 0.36 15298 1705.66 0.18 1861719 372016.81 19.82 350 50.47 0.18 40926 9258.79 19.82 109 3 198 13298 366 24156 18.9 24.0 21.74 2.89
110700.0 310 31.57 0.15 41546 3914.17 0.36 15255 1705.16 0.18 1876974 373721.98 19.82 310 50.43 0.18 41236 9309.23 19.82 109 3 198 13407 369 24354 18.9 24.0 21.63 2.83
111600.0 310 31.57 0.15 41856 3945.74 0.36 15254 1705.14 0.18 1892228 375427.12 19.82 310 50.43 0.18 41546 9359.66 19.82 109 3 198 13516 372 24552 18.9 24.0 21.57 2.7
112500.0 376 31.71 0.15 42232 3977.46 0.36 15312 1705.21 0.18 1907540 377132.33 19.82 370 50.47 0.18 41916 9410.13 19.82 109 3 198 13625 375 24750 18.9 23.9 21.57 2.7
113400.0 354 32.35 0.36 42586 4009.81 0.36 15289 1705.02 0.18 1922829 378837.35 19.82 350 50.47 0.18 42266 9460.6 19.82 109 3 198 13734 378 24948 18.9 23.9 21.57 2.7
114300.0 310 31.57 0.15 42896 4041.38 0.36 15252 1704.84 0.18 1938081 380542.19 19.82 310 50.43 0.18 42576 9511.04 19.82 109 3 198 13843 381 25146 18.9 23.9 22.91 0.7
115200.0 310 31.57 0.15 43206 4072.95 0.36 15252 1704.82 0.18 1953333 382247.02 19.82 310 50.43 0.18 42886 9561.47 19.82 109 3 198 13952 384 25344 18.9 24.0 23.49 0.1
116100.0 376 31.71 0.15 43582 4104.67 0.36 15312 1704.89 0.18 1968645 383951.9 19.82 370 50.47 0.18 43256 9611.94 19.82 109 3 198 14061 387 25542 22.6 24.0 23.5 0.04
117000.0 354 32.35 0.36 43936 4137.01 0.36 15288 1704.86 0.18 1983933 385656.77 19.82 350 50.47 0.18 43606 9662.42 19.82 109 3 198 14170 390 25740 22.6 24.0 23.5 0.04
117900.0 310 31.57 0.15 44246 4168.59 0.36 15247 1704.84 0.18 1999180 387361.61 19.82 310 50.43 0.18 43916 9712.85 19.82 109 3 198 14279 393 25938 22.6 24.0 23.55 0.02
118800.0 310 31.57 0.15 44556 4200.16 0.36 15247 1704.82 0.18 2014427 389066.43 19.82 310 50.43 0.18 44226 9763.28 19.82 109 3 198 14388 396 26136 22.7 24.0 23.59 0.02
119700.0 376 31.71 0.15 44932 4231.87 0.36 15305 1704.57 0.18 2029732 390771.0 19.82 370 50.47 0.18 44596 9813.75 19.82 109 3 198 14497 399 26334 22.7 24.0 23.59 0.02
120600.0 354 32.35 0.36 45286 4264.22 0.36 15285 1704.54 0.18 2045017 392475.54 19.82 350 50.47 0.18 44946 9864.23 19.82 109 3 198 14606 402 26532 22.7 24.0 23.59 0.02
121500.0 310 31.57 0.15 45596 4295.79 0.36 15241 1704.36 0.18 2060258 394179.91 19.82 310 50.43 0.18 45256 9914.66 19.82 109 3 198 14715 405 26730 22.8 24.0 23.64 0.01
122400.0 310 31.57 0.15 45906 4327.36 0.36 15240 1704.34 0.18 2075498 395884.25 19.82 310 50.43 0.18 45566 9965.09 19.82 109 3 198 14824 408 26928 22.8 24.0 23.65 0.01
123300.0 376 31.71 0.15 46282 4359.08 0.36 15299 1704.25 0.18 2090797 397588.5 19.82 370 50.47 0.18 45936 10015.56 19.82 109 3 198 14933 411 27126 22.8 24.0 23.66 0.01
124200.0 354 32.35 0.36 46636 4391.43 0.36 15279 1704.22 0.18 2106076 399292.72 19.82 350 50.47 0.18 46286 10066.04 19.82 109 3 198 15042 414 27324 22.8 24.0 23.66 0.01
125100.0 310 31.57 0.15 46946 4423.0 0.36 15238 1704.2 0.18 2121314 400996.92 19.82 310 50.43 0.18 46596 10116.47 19.82 109 3 198 15151 417 27522 22.9 24.0 23.69 0.01
126000.0 310 31.57 0.15 47256 4454.57 0.36 15238 1704.18 0.18 2136552 402701.11 19.82 310 50.43 0.18 46906 10166.9 19.82 109 3 198 15260 420 27720 22.9 24.0 23.72 0.01
126900.0 376 31.71 0.15 47632 4486.28 0.36 15298 1704.25 0.18 2151850 404405.35 19.82 370 50.47 0.18 47276 10217.38 19.82 109 3 198 15369 423 27918 22.9 24.0 23.72 0.01
127800.0 354 32.35 0.36 47986 4518.63 0.36 15277 1704.22 0.18 2167127 406109.58 19.82 350 50.47 0.18 47626 10267.85 19.82 109 3 198 15478 426 28116 22.9 24.0 23.72 0.01
128700.0 310 31.57 0.15 48296 4550.2 0.36 15236 1704.2 0.18 2182363 407813.78 19.82 310 50.43 0.18 47936 10318.28 19.82 109 3 198 15587 429 28314 23.1 24.0 23.75 0.01
129600.0 310 31.57 0.15 48606 4581.78 0.36 15236 1704.18 0.18 2197599 409517.96 19.82 310 50.43 0.18 48246 10368.72 19.82 109 3 198 15696 432 28512 23.1 24.0 23.77 0.01
130500.0 376 31.71 0.15 48982 4613.49 0.36 15294 1704.25 0.18 2212893 411222.21 19.82 370 50.47 0.18 48616 10419.19 19.82 109 3 198 15805 435 28710 23.1 24.0 23.77 0.01
131400.0 354 32.35 0.36 49336 4645.84 0.36 15274 1704.22 0.18 2228167 412926.43 19.82 350 50.47 0.18 48966 10469.66 19.82 109 3 198 15914 438 28908 23.1 24.0 23.77 0.01
132300.0 310 31.57 0.15 49646 4677.41 0.36 15234 1704.2 0.18 2243401 414630.64 19.82 310 50.43 0.18 49276 10520.09 19.82 109 3 198 16023 441 29106 23.2 24.0 23.79 0.01
133200.0 310 31.57 0.15 49956 4708.98 0.36 15229 1703.86 0.18 2258630 416334.5 19.82 310 50.43 0.18 49586 10570.53 19.82 109 3 198 16132 444 29304 23.2 24.0 23.81 0.01
134100.0 376 31.71 0.15 50332 4740.7 0.36 15289 1703.93 0.18 2273919 418038.42 19.82 370 50.47 0.18 49956 10621.0 19.82 109 3 198 16241 447 29502 23.2 24.0 23.81 0.01
135000.0 354 32.35 0.36 50686 4773.04 0.36 15268 1703.74 0.18 2289187 419742.17 19.82 350 50.47 0.18 50306 10671.47 19.82 109 3 198 16350 450 29700 23.2 24.0 23.81 0.01
135900.0 310 31.57 0.15 50996 4804.62 0.36 15226 1703.72 0.18 2304413 421445.89 19.82 310 50.43 0.18 50616 10721.91 19.82 109 3 198 16459 453 29898 23.3 24.0 23.83 0.01
136800.0 310 31.57 0.15 51306 4836.19 0.36 15226 1703.7 0.18 2319639 423149.59 19.82 310 50.43 0.18 50926 10772.34 19.82 109 3 198 16568 456 30096 23.3 24.0 23.84 0.01
137700.0 376 31.71 0.15 51682 4867.9 0.36 15285 1703.61 0.18 2334924 424853.2 19.82 370 50.47 0.18 51296 10822.81 19.82 109 3 198 16677 459 30294 23.3 24.0 23.84 0.01
138600.0 354 32.35 0.36 52036 4900.25 0.36 15262 1703.58 0.18 2350186 426556.78 19.82 350 50.47 0.18 51646 10873.28 19.82 109 3 198 16786 462 30492 23.3 24.0 23.84 0.01
139500.0 310 31.57 0.15 52346 4931.82 0.36 15222 1703.56 0.18 2365408 428260.35 19.82 310 50.43 0.18 51956 10923.72 19.82 109 3 198 16895 465 30690 23.4 24.0 23.85 0.01
140400.0 310 31.57 0.15 52656 4963.39 0.36 15220 1703.38 0.18 2380628 429963.73 19.82 310 50.43 0.18 52266 10974.15 19.82 109 3 198 17004 468 30888 23.4 24.0 23.86 0.01
141300.0 376 31.71 0.15 53032 4995.11 0.36 15279 1703.45 0.18 2395907 431667.18 19.82 370 50.47 0.18 52636 11024.62 19.82 109 3 198 17113 471 31086 23.4 24.0 23.86 0.01
142200.0 354 32.35 0.36 53386 5027.46 0.36 15259 1703.42 0.18 2411166 433370.6 19.82 350 50.47 0.18 52986 11075.09 19.82 109 3 198 17222 474 31284 23.4 24.0 23.86 0.01
143100.0 310 31.57 0.15 53696 5059.03 0.36 15219 1703.4 0.18 2426385 435074.0 19.82 310 50.43 0.18 53296 11125.53 19.82 109 3 198 17331 477 31482 23.5 24.0 23.88 0.01
144000.0 310 31.57 0.15 54006 5090.6 0.36 15215 1703.06 0.18 2441600 436777.06 19.82 310 50.43 0.18 53606 11175.96 19.82 109 3 198 17440 480 31680 23.5 24.0 23.88 0.01
144900.0 376 31.71 0.15 54382 5122.31 0.36 15275 1703.13 0.18 2456875 438480.19 19.82 370 50.47 0.18 53976 11226.43 19.82 109 3 198 17549 483 31878 23.5 24.0 23.88 0.01
145800.0 354 32.35 0.36 54736 5154.66 0.36 15254 1702.94 0.18 2472129 440183.14 19.82 350 50.47 0.18 54326 11276.91 19.82 109 3 198 17658 486 32076 23.5 24.0 23.88 0.01
146700.0 310 31.57 0.15 55046 5186.23 0.36 15211 1702.6 0.18 2487340 441885.74 19.82 310 50.43 0.18 54636 11327.34 19.82 109 3 198 17767 489 32274 23.6 24.0 23.89 0.01
147600.0 310 31.57 0.15 55356 5217.81 0.36 15210 1702.42 0.18 2502550 443588.16 19.82 310 50.43 0.18 54946 11377.77 19.82 109 3 198 17876 492 32472 23.6 24.0 23.89 0.01
148500.0 376 31.71 0.15 55732 5249.52 0.36 15266 1702.17 0.18 2517816 445290.33 19.82 370 50.47 0.18 55316 11428.24 19.82 109 3 198 17985 495 32670 23.6 24.0 23.89 0.01
149400.0 354 32.35 0.36 56086 5281.87 0.36 15242 1701.66 0.18 2533058 446991.99 19.82 350 50.47 0.18 55666 11478.72 19.82 109 3 198 18094 498 32868 23.6 24.0 23.89 0.01
150300.0 310 31.57 0.15 56396 5313.44 0.36 15201 1701.48 0.18 2548259 448693.47 19.82 310 50.43 0.18 55976 11529.15 19.82 109 3 198 18203 501 33066 23.7 24.0 23.89 0.01
151200.0 310 31.57 0.15 56706 5345.01 0.36 15201 1701.46 0.18 2563460 450394.93 19.82 310 50.43 0.18 56286 11579.58 19.82 109 3 198 18312 504 33264 23.7 24.0 23.9 0.01
152100.0 376 31.71 0.15 57082 5376.73 0.36 15257 1701.37 0.18 2578717 452096.3 19.82 370 50.47 0.18 56656 11630.06 19.82 109 3 198 18421 507 33462 23.7 24.0 23.9 0.01
153000.0 354 32.35 0.36 57436 5409.08 0.36 15237 1701.34 0.18 2593954 453797.64 19.82 350 50.47 0.18 57006 11680.53 19.82 109 3 198 18530 510 33660 23.7 24.0 23.9 0.01
153900.0 310 31.57 0.15 57746 5440.65 0.36 15196 1701.32 0.18 2609150 455498.97 19.82 310 50.43 0.18 57316 11730.96 19.82 109 3 198 18639 513 33858 23.7 24.0 23.89 0.01
154800.0 310 31.57 0.15 58056 5472.22 0.36 15194 1701.14 0.18 2624344 457200.11 19.82 310 50.43 0.18 57626 11781.4 19.82 109 3 198 18748 516 34056 23.6 24.0 23.89 0.01
155700.0 376 31.71 0.15 58432 5503.93 0.36 15254 1701.21 0.18 2639598 458901.32 19.82 370 50.47 0.18 57996 11831.87 19.82 109 3 198 18857 519 34254 23.6 24.0 23.89 0.01
156600.0 354 32.35 0.36 58786 5536.28 0.36 15234 1701.18 0.18 2654832 460602.5 19.82 350 50.47 0.18 58346 11882.34 19.82 109 3 198 18966 522 34452 23.6 24.0 23.89 0.01
157500.0 310 31.57 0.15 59096 5567.85 0.36 15193 1701.16 0.18 2670025 462303.66 19.82 310 50.43 0.18 58656 11932.77 19.82 109 3 198 19075 525 34650 23.6 24.0 23.88 0.01
158400.0 310 31.57 0.15 59406 5599.42 0.36 15193 1701.14 0.18 2685218 464004.8 19.82 310 50.43 0.18 58966 11983.21 19.82 109 3 198 19184 528 34848 23.5 24.0 23.88 0.01
159300.0 376 31.71 0.15 59782 5631.14 0.36 15252 1701.21 0.18 2700470 465706.01 19.82 370 50.47 0.18 59336 12033.68 19.82 109 3 198 19293 531 35046 23.5 24.0 23.88 0.01
160200.0 354 32.35 0.36 60136 5663.49 0.36 15228 1700.86 0.18 2715698 467406.87 19.82 350 50.47 0.18 59686 12084.15 19.82 109 3 198 19402 534 35244 23.5 24.0 23.88 0.01
161100.0 310 31.57 0.15 60446 5695.06 0.36 15188 1700.84 0.18 2730886 469107.72 19.82 310 50.43 0.18 59996 12134.59 19.82 109 3 198 19511 537 35442 23.5 24.0 23.86 0.02
162000.0 310 31.57 0.15 60756 5726.63 0.36 15188 1700.82 0.18 2746074 470808.54 19.82 310 50.43 0.18 60306 12185.02 19.82 109 3 198 19620 540 35640 23.4 24.0 23.86 0.02
162900.0 376 31.71 0.15 61132 5758.34 0.36 15245 1700.71 0.18 2761319 472509.25 19.82 370 50.47 0.18 60676 12235.48 19.82 109 3 198 19729 543 35838 23.4 24.0 23.86 0.02
163800.0 354 32.35 0.36 61486 5790.69 0.36 15225 1700.7 0.18 2776544 474209.96 19.82 350 50.47 0.18 61026 12285.96 19.82 109 3 198 19838 546 36036 23.4 24.0 23.86 0.02
164700.0 310 31.57 0.15 61796 5822.26 0.36 15184 1700.68 0.18 2791728 475910.64 19.82 310 50.43 0.18 61336 12336.39 19.82 109 3 198 19947 549 36234 23.4 24.0 23.82 0.02
165600.0 310 31.57 0.15 62106 5853.83 0.36 15183 1700.66 0.18 2806911 477611.3 19.82 310 50.43 0.18 61646 12386.82 19.82 109 3 198 20056 552 36432 23.3 24.0 23.82 0.02
166500.0 376 31.71 0.15 62482 5885.55 0.36 15243 1700.73 0.18 2822154 479312.03 19.82 370 50.47 0.18 62016 12437.3 19.82 109 3 198 20165 555 36630 23.3 24.0 23.82 0.02
167400.0 354 32.35 0.36 62836 5917.9 0.36 15222 1700.7 0.18 2837376 481012.73 19.82 350 50.47 0.18 62366 12487.77 19.82 109 3 198 20274 558 36828 23.3 24.0 23.82 0.02
168300.0 310 31.57 0.15 63146 5949.47 0.36 15180 1700.68 0.18 2852556 482713.41 19.82 310 50.43 0.18 62676 12538.2 19.82 109 3 198 20383 561 37026 23.3 24.0 23.8 0.02
169200.0 310 31.57 0.15 63456 5981.04 0.36 15180 1700.66 0.18 2867736 484414.08 19.82 310 50.43 0.18 62986 12588.64 19.82 109 3 198 20492 564 37224 23.2 24.0 23.79 0.02
170100.0 376 31.71 0.15 63832 6012.75 0.36 15239 1700.55 0.18 2882975 486114.63 19.82 370 50.47 0.18 63356 12639.1 19.82 109 3 198 20601 567 37422 23.2 24.0 23.79 0.02
171000.0 354 32.35 0.36 64186 6045.1 0.36 15212 1700.06 0.18 2898187 487814.69 19.82 350 50.47 0.18 63706 12689.57 19.82 109 3 198 20710 570 37620 23.2 24.0 23.79 0.02
171900.0 310 31.57 0.15 64496 6076.67 0.36 15173 1700.2 0.18 2913360 489514.9 19.82 310 50.43 0.18 64016 12740.01 19.82 109 3 198 20819 573 37818 23.2 24.0 23.76 0.03
172800.0 310 31.57 0.15 64806 6108.24 0.36 15173 1700.18 0.18 2928533 491215.08 19.82 310 50.43 0.18 64326 12790.44 19.82 109 3 198 20928 576 38016 23.1 24.0 23.74 0.03
173700.0 376 31.71 0.15 65182 6139.96 0.36 15231 1700.25 0.18 2943764 492915.32 19.82 370 50.47 0.18 64696 12840.91 19.82 109 3 198 21037 579 38214 23.1 24.0 23.74 0.03
174600.0 354 32.35 0.36 65536 6172.31 0.36 15209 1700.06 0.18 2958973 494615.39 19.82 350 50.47 0.18 65046 12891.39 19.82 109 3 198 21146 582 38412 23.1 24.0 23.74 0.03
175500.0 310 31.57 0.15 65846 6203.88 0.36 15167 1699.88 0.18 2974140 496315.27 19.82 310 50.43 0.18 65356 12941.82 19.82 109 3 198 21255 585 38610 23.1 24.0 23.7 0.03
176400.0 310 31.57 0.15 66156 6235.45 0.36 15167 1699.86 0.18 2989307 498015.13 19.82 310 50.43 0.18 65666 12992.25 19.82 109 3 198 21364 588 38808 22.9 23.9 23.67 0.03
177300.0 376 31.71 0.15 66532 6267.16 0.36 15225 1699.93 0.18 3004532 499715.06 19.82 370 50.47 0.18 66036 13042.72 19.82 109 3 198 21473 591 39006 22.9 23.9 23.67 0.03
178200.0 354 32.35 0.36 66886 6299.51 0.36 15201 1699.58 0.18 3019733 501414.64 19.82 350 50.47 0.18 66386 13093.2 19.82 109 3 198 21582 594 39204 22.9 23.9 23.67 0.03
179100.0 310 31.57 0.15 67196 6331.08 0.36 15160 1699.72 0.18 3034893 503114.36 19.82 310 50.43 0.18 66696 13143.63 19.82 109 3 198 21691 597 39402 22.9 23.9 23.62 0.03
180000.0 310 31.57 0.15 67506 6362.65 0.36 15162 1699.86 0.18 3050055 504814.23 19.82 310 50.43 0.18 67006 13194.06 19.82 109 3 198 21800 600 39600 22.8 23.9 23.58 0.03
180900.0 376 31.71 0.15 67882 6394.37 0.36 15221 1699.93 0.18 3065276 506514.15 19.82 370 50.47 0.18 67376 13244.54 19.82 109 3 198 21909 603 39798 22.8 23.9 23.58 0.03
181800.0 354 32.35 0.36 68236 6426.72 0.36 15190 1699.1 0.18 3080466 508213.25 19.82 350 50.47 0.18 67726 13295.01 19.82 109 3 198 22018 606 39996 22.8 23.9 23.58 0.03
182700.0 310 31.57 0.15 68546 6458.29 0.36 15156 1699.88 0.18 3095622 509913.14 19.82 310 50.43 0.18 68036 13345.44 19.82 109 3 198 22127 609 40194 22.8 23.8 23.51 0.03
183600.0 310 31.57 0.15 68856 6489.86 0.36 15158 1699.7 0.18 3110780 511612.84 19.82 310 50.43 0.18 68346 13395.88 19.82 109 3 198 22236 612 40392 22.7 23.8 23.44 0.02
184500.0 376 31.71 0.15 69232 6521.58 0.36 15215 1699.61 0.18 3125995 513312.44 19.82 370 50.47 0.18 68716 13446.35 19.82 109 3 198 22345 615 40590 22.7 23.8 23.44 0.02
185400.0 354 32.35 0.36 69586 6553.92 0.36 15191 1699.26 0.18 3141186 515011.71 19.82 350 50.47 0.18 69066 13496.82 19.82 109 3 198 22454 618 40788 22.7 23.8 23.44 0.02
186300.0 310 31.57 0.15 69896 6585.5 0.36 15152 1699.56 0.18 3156338 516711.27 19.82 310 50.43 0.18 69376 13547.25 19.82 109 3 198 22563 621 40986 22.7 23.7 23.35 0.03
187200.0 310 31.57 0.15 70206 6617.07 0.36 15149 1699.22 0.18 3171487 518410.49 19.82 310 50.43 0.18 69686 13597.69 19.82 109 3 198 22672 624 41184 22.4 23.7 23.27 0.02
188100.0 376 31.71 0.15 70582 6648.78 0.36 15209 1699.29 0.18 3186696 520109.78 19.82 370 50.47 0.18 70056 13648.16 19.82 109 3 198 22781 627 41382 22.4 23.7 23.26 0.02
189000.0 354 32.35 0.36 70936 6681.13 0.36 15184 1698.94 0.18 3201880 521808.72 19.82 350 50.47 0.18 70406 13698.63 19.82 109 3 198 22890 630 41580 22.4 23.7 23.26 0.02
189900.0 310 31.57 0.15 71246 6712.7 0.36 15146 1698.92 0.18 3217026 523507.64 19.82 310 50.43 0.18 70716 13749.07 19.82 109 3 198 22999 633 41778 22.4 23.5 23.13 0.03
190800.0 310 31.57 0.15 71556 6744.27 0.36 15148 1698.74 0.18 3232174 525206.38 19.82 310 50.43 0.18 71026 13799.5 19.82 109 3 198 23108 636 41976 22.1 23.5 23.02 0.03
191700.0 376 31.71 0.15 71932 6775.99 0.36 15206 1698.81 0.18 3247380 526905.19 19.82 370 50.47 0.18 71396 13849.97 19.82 109 3 198 23217 639 42174 22.1 23.5 23.01 0.02
192600.0 354 32.35 0.36 72286 6808.34 0.36 15181 1698.62 0.18 3262561 528603.81 19.82 350 50.47 0.18 71746 13900.44 19.82 109 3 198 23326 642 42372 22.1 23.5 23.01 0.02
193500.0 310 31.57 0.15 72596 6839.91 0.36 15146 1699.08 0.18 3277707 530302.9 19.82 310 50.43 0.18 72056 13950.88 19.82 109 3 198 23435 645 42570 22.1 23.3 22.87 0.03
194400.0 310 31.57 0.15 72906 6871.48 0.36 15149 1699.22 0.18 3292856 532002.12 19.82 310 50.43 0.18 72366 14001.31 19.82 109 3 198 23544 648 42768 22.0 23.3 22.73 0.02
195300.0 376 31.71 0.15 73282 6903.19 0.36 15201 1699.28 0.18 3308057 533701.4 19.82 370 50.47 0.18 72736 14051.78 19.82 109 3 198 23653 651 42966 22.0 23.3 22.73 0.02
196200.0 354 32.35 0.36 73636 6935.54 0.36 15180 1699.26 0.18 3323237 535400.67 19.82 350 50.47 0.18 73086 14102.25 19.82 109 3 198 23762 654 43164 22.0 23.3 22.73 0.02
197100.0 310 31.57 0.15 73946 6967.11 0.36 15136 1698.6 0.18 3338373 537099.27 19.82 310 50.43 0.18 73396 14152.69 19.82 109 3 198 23871 657 43362 22.0 23.1 22.57 0.02
198000.0 310 31.57 0.15 74256 6998.69 0.36 15102 1696.82 0.18 3353475 538796.09 19.82 310 50.43 0.18 73706 14203.12 19.82 109 3 198 23980 660 43560 22.0 23.1 22.43 0.02
198900.0 376 31.71 0.15 74632 7030.4 0.36 15161 1696.88 0.18 3368636 540492.97 19.82 370 50.47 0.18 74076 14253.59 19.82 109 3 198 24089 663 43758 22.0 23.1 22.42 0.02
199800.0 354 32.35 0.36 74986 7062.75 0.36 15136 1696.54 0.18 3383772 542189.52 19.82 350 50.47 0.18 74426 14304.07 19.82 109 3 198 24198 666 43956 22.0 23.1 22.42 0.02
200700.0 310 31.57 0.15 75296 7094.32 0.36 15110 1697.0 0.18 3398882 543886.52 19.82 310 50.43 0.18 74736 14354.5 19.82 109 3 198 24307 669 44154 22.0 22.8 22.27 0.01
201600.0 310 31.57 0.15 75606 7125.89 0.36 15114 1697.14 0.18 3413996 545583.66 19.82 310 50.43 0.18 75046 14404.93 19.82 109 3 198 24416 672 44352 22.0 22.8 22.19 0.02
202500.0 376 31.71 0.15 75982 7157.61 0.36 15173 1697.04 0.18 3429169 547280.7 19.82 370 50.47 0.18 75416 14455.4 19.82 109 3 198 24525 675 44550 22.0 22.8 22.19 0.02
203400.0 354 32.35 0.36 76336 7189.95 0.36 15147 1696.54 0.18 3444316 548977.25 19.82 350 50.47 0.18 75766 14505.88 19.82 109 3 198 24634 678 44748 22.0 22.8 22.19 0.02
204300.0 310 31.57 0.15 76646 7221.53 0.36 15118 1697.64 0.18 3459434 550674.89 19.82 310 50.43 0.18 76076 14556.31 19.82 109 3 198 24743 681 44946 22.0 22.6 22.07 0.01
205200.0 310 31.57 0.15 76956 7253.1 0.36 15116 1697.46 0.18 3474550 552372.35 19.82 310 50.43 0.18 76386 14606.74 19.82 109 3 198 24852 684 45144 22.0 22.6 22.06 0.01
206100.0 376 31.71 0.15 77332 7284.81 0.36 15174 1697.51 0.18 3489724 554069.87 19.82 370 50.47 0.18 76756 14657.21 19.82 109 3 198 24961 687 45342 22.0 22.6 22.06 0.01
207000.0 354 32.35 0.36 77686 7317.16 0.36 15135 1696.22 0.18 3504859 555766.09 19.82 350 50.47 0.18 77106 14707.68 19.82 109 3 198 25070 690 45540 22.0 22.6 22.06 0.01
207900.0 310 31.57 0.15 77996 7348.73 0.36 15112 1697.32 0.18 3519971 557463.41 19.82 310 50.43 0.18 77416 14758.12 19.82 109 3 198 25179 693 45738 22.0 22.2 22.02 0.0
208800.0 310 31.57 0.15 78306 7380.3 0.36 15104 1697.14 0.18 3535075 559160.55 19.82 310 50.43 0.18 77726 14808.55 19.82 109 3 198 25288 696 45936 22.0 22.2 22.02 0.0
209700.0 376 31.71 0.15 78682 7412.02 0.36 15164 1697.2 0.18 3550239 560857.76 19.82 370 50.47 0.18 78096 14859.02 19.82 109 3 198 25397 699 46134 22.0 22.2 22.02 0.0
210600.0 354 32.35 0.36 79036 7444.36 0.36 15128 1696.38 0.18 3565367 562554.14 19.82 350 50.47 0.18 78446 14909.49 19.82 109 3 198 25506 702 46332 22.0 22.2 22.02 0.0
211500.0 310 31.57 0.15 79346 7475.94 0.36 15094 1696.52 0.18 3580461 564250.66 19.82 310 50.43 0.18 78756 14959.93 19.82 109 3 198 25615 705 46530 22.0 22.0 22.0 0.0
212400.0 310 31.57 0.15 79656 7507.51 0.36 15094 1696.5 0.18 3595555 565947.16 19.82 310 50.43 0.18 79066 15010.36 19.82 109 3 198 25724 708 46728 22.0 22.0 22.0 0.0
213300.0 376 31.71 0.15 80032 7539.22 0.36 15153 1696.55 0.18 3610708 567643.72 19.82 370 50.47 0.18 79436 15060.83 19.82 109 3 198 25833 711 46926 22.0 22.0 22.0 0.0
214200.0 354 32.35 0.36 80386 7571.57 0.36 15118 1695.42 0.18 3625826 569339.14 19.82 350 50.47 0.18 79786 15111.3 19.82 109 3 198 25942 714 47124 22.0 22.0 22.0 0.0
215100.0 310 31.57 0.15 80696 7603.14 0.36 15077 1695.24 0.18 3640903 571034.38 19.82 310 50.43 0.18 80096 15161.73 19.82 109 3 198 26051 717 47322 22.0 22.0 22.0 0.0
216000.0 310 31.57 0.15 81006 7634.71 0.36 15071 1694.74 0.18 3655974 572729.12 19.82 310 50.43 0.18 80406 15212.17 19.82 109 3 198 26160 720 47520 22.0 22.0 22.0 0.0
216900.0 376 31.71 0.15 81382 7666.42 0.36 15126 1694.8 0.18 3671100 574423.92 19.82 370 50.47 0.18 80776 15262.64 19.82 109 3 198 26269 723 47718 22.0 22.0 22.0 0.0
217800.0 354 32.35 0.36 81736 7698.77 0.36 15103 1694.62 0.18 3686203 576118.55 19.82 350 50.47 0.18 81126 15313.11 19.82 109 3 198 26378 726 47916 22.0 22.0 22.0 0.0
218700.0 310 31.57 0.15 82046 7730.34 0.36 15056 1694.44 0.18 3701259 577812.99 19.82 310 50.43 0.18 81436 15363.55 19.82 109 3 198 26487 729 48114 22.0 22.0 22.0 0.0
219600.0 310 31.57 0.15 82356 7761.92 0.36 15055 1694.42 0.18 3716314 579507.41 19.82 310 50.43 0.18 81746 15413.98 19.82 109 3 198 26596 732 48312 22.0 22.0 22.0 0.0
220500.0 376 31.71 0.15 82732 7793.63 0.36 15112 1694.32 0.18 3731426 581201.73 19.82 370 50.47 0.18 82116 15464.45 19.82 109 3 198 26705 735 48510 22.0 22.0 22.0 0.0
221400.0 354 32.35 0.36 83086 7825.98 0.36 15089 1695.94 0.18 3746515 582897.68 19.82 350 50.51 0.18 82466 15514.96 19.82 109 3 198 26814 738 48708 21.4 22.0 22.0 0.0
222300.0 310 31.57 0.15 83396 7857.55 0.36 15153 1701.99 0.18 3761668 584599.67 19.82 310 50.49 0.18 82776 15565.45 19.82 109 3 198 26923 741 48906 20.7 22.0 21.3 0.06
223200.0 310 31.57 0.15 83706 7889.13 0.36 15171 1702.61 0.18 3776839 586302.28 19.82 310 50.49 0.18 83086 15615.94 19.82 109 3 198 27032 744 49104 19.8 22.0 20.58 0.15
224100.0 376 31.72 0.15 84082 7920.85 0.36 15231 1702.68 0.18 3792070 588004.96 19.82 370 50.53 0.18 83456 15666.46 19.82 109 3 198 27141 747 49302 19.8 21.8 20.56 0.13
225000.0 354 32.35 0.36 84436 7953.2 0.36 15211 1702.15 0.18 3807281 589707.1 19.82 350 50.52 0.18 83806 15716.98 19.82 109 3 198 27250 750 49500 19.8 21.8 20.56 0.13
225900.0 310 31.57 0.15 84746 7984.77 0.36 15172 1702.54 0.18 3822453 591409.64 19.82 310 50.49 0.18 84116 15767.47 19.82 109 3 198 27359 753 49698 19.8 21.7 20.5 0.12
226800.0 310 31.57 0.15 85056 8016.35 0.36 15175 1702.68 0.18 3837628 593112.32 19.82 310 50.49 0.18 84426 15817.96 19.82 109 3 198 27468 756 49896 19.8 21.7 20.46 0.14
227700.0 376 31.72 0.15 85432 8048.06 0.36 15234 1702.75 0.18 3852862 594815.07 19.82 370 50.53 0.18 84796 15868.49 19.82 109 3 198 27577 759 50094 19.8 21.7 20.46 0.14
228600.0 354 32.35 0.36 85786 8080.41 0.36 15211 1703.22 0.18 3868073 596518.29 19.82 350 50.54 0.18 85146 15919.03 19.82 109 3 198 27686 762 50292 19.8 21.7 20.46 0.14
229500.0 310 31.57 0.15 86096 8111.99 0.36 15172 1702.95 0.18 3883245 598221.24 19.82 310 50.49 0.18 85456 15969.51 19.82 109 3 198 27795 765 50490 19.8 21.6 20.44 0.14
230400.0 310 31.57 0.15 86406 8143.56 0.36 15172 1702.93 0.18 3898417 599924.17 19.82 310 50.48 0.18 85766 16020.0 19.82 109 3 198 27904 768 50688 19.9 21.6 20.45 0.14
231300.0 376 31.71 0.15 86782 8175.28 0.36 15229 1702.98 0.18 3913646 601627.15 19.82 370 50.52 0.18 86136 16070.52 19.82 109 3 198 28013 771 50886 19.8 21.6 20.45 0.14
232200.0 354 32.35 0.36 87136 8207.63 0.36 15205 1702.21 0.18 3928851 603329.36 19.82 350 50.52 0.18 86486 16121.04 19.82 109 3 198 28122 774 51084 19.8 21.6 20.45 0.14
233100.0 310 31.57 0.15 87446 8239.2 0.36 15171 1703.08 0.18 3944022 605032.44 19.82 310 50.5 0.18 86796 16171.53 19.82 109 3 198 28231 777 51282 19.8 21.5 20.47 0.16
234000.0 310 31.57 0.15 87756 8270.78 0.36 15170 1702.9 0.18 3959192 606735.34 19.82 310 50.49 0.18 87106 16222.03 19.82 109 3 198 28340 780 51480 19.8 21.5 20.49 0.16
234900.0 376 31.72 0.15 88132 8302.49 0.36 15230 1702.96 0.18 3974422 608438.31 19.82 370 50.53 0.18 87476 16272.56 19.82 109 3 198 28449 783 51678 19.8 21.5 20.48 0.16
235800.0 354 32.35 0.36 88486 8334.84 0.36 15201 1701.59 0.18 3989623 610139.89 19.82 350 50.52 0.18 87826 16323.08 19.82 109 3 198 28558 786 51876 19.8 21.5 20.49 0.16
236700.0 310 31.57 0.15 88796 8366.42 0.36 15165 1700.52 0.18 4004788 611840.41 19.82 310 50.45 0.18 88136 16373.54 19.82 109 3 198 28667 789 52074 19.8 21.4 20.5 0.17
237600.0 310 31.57 0.15 89106 8397.99 0.36 15169 1700.65 0.18 4019957 613541.06 19.82 310 50.45 0.18 88446 16423.99 19.82 109 3 198 28776 792 52272 19.8 21.4 20.55 0.16
238500.0 376 31.71 0.15 89482 8429.7 0.36 15226 1700.71 0.18 4035183 615241.77 19.82 370 50.49 0.18 88816 16474.47 19.82 109 3 198 28885 795 52470 19.7 21.4 20.55 0.16
239400.0 354 32.35 0.36 89836 8462.05 0.36 15196 1701.49 0.18 4050379 616943.26 19.82 350 50.51 0.18 89166 16524.99 19.82 109 3 198 28994 798 52668 19.7 21.4 20.55 0.16
240300.0 310 31.57 0.15 90146 8493.63 0.36 15159 1701.31 0.18 4065538 618644.57 19.82 310 50.47 0.18 89476 16575.46 19.82 109 3 198 29103 801 52866 19.7 21.5 20.57 0.18
241200.0 310 31.57 0.15 90456 8525.2 0.36 15149 1701.12 0.18 4080687 620345.69 19.82 310 50.47 0.18 89786 16625.93 19.82 109 3 198 29212 804 53064 19.7 21.6 20.6 0.17
242100.0 376 31.72 0.15 90832 8556.92 0.36 15208 1701.19 0.18 4095895 622046.88 19.82 370 50.51 0.18 90156 16676.44 19.82 109 3 198 29321 807 53262 19.7 21.6 20.6 0.17
243000.0 354 32.35 0.36 91186 8589.27 0.36 15180 1700.66 0.18 4111075 623747.54 19.82 350 50.51 0.18 90506 16726.95 19.82 109 3 198 29430 810 53460 19.7 21.6 20.6 0.17
243900.0 310 31.57 0.15 91496 8620.84 0.36 15146 1701.86 0.18 4126221 625449.4 19.82 310 50.48 0.18 90816 16777.43 19.82 109 3 198 29539 813 53658 19.7 21.6 20.61 0.19
244800.0 310 31.57 0.15 91806 8652.41 0.36 15150 1701.84 0.18 4141371 627151.24 19.82 310 50.48 0.18 91126 16827.92 19.82 109 3 198 29648 816 53856 19.7 21.8 20.65 0.19
245700.0 376 31.72 0.15 92182 8684.13 0.36 15210 1701.9 0.18 4156581 628853.14 19.82 370 50.52 0.18 91496 16878.44 19.82 109 3 198 29757 819 54054 19.6 21.8 20.65 0.19
246600.0 354 32.35 0.36 92536 8716.48 0.36 15172 1701.42 0.18 4171753 630554.56 19.82 350 50.53 0.18 91846 16928.97 19.82 109 3 198 29866 822 54252 19.6 21.8 20.64 0.19
247500.0 310 31.57 0.15 92846 8748.06 0.36 15146 1701.59 0.18 4186899 632256.15 19.82 310 50.48 0.18 92156 16979.45 19.82 109 3 198 29975 825 54450 19.6 21.8 20.61 0.2
248400.0 310 31.57 0.15 93156 8779.63 0.36 15143 1701.57 0.18 4202042 633957.72 19.82 310 50.48 0.18 92466 17029.93 19.82 109 3 198 30084 828 54648 19.6 21.9 20.63 0.2
249300.0 376 31.72 0.15 93532 8811.35 0.36 15193 1701.15 0.18 4217235 635658.88 19.82 370 50.52 0.18 92836 17080.45 19.82 109 3 198 30193 831 54846 19.5 21.9 20.63 0.2
250200.0 354 32.35 0.36 93886 8843.7 0.36 15152 1699.64 0.18 4232387 637358.52 19.82 350 50.51 0.18 93186 17130.96 19.82 109 3 198 30302 834 55044 19.5 21.9 20.63 0.2
251100.0 310 31.57 0.15 94196 8875.27 0.36 15136 1700.53 0.18 4247523 639059.05 19.82 310 50.47 0.18 93496 17181.44 19.82 109 3 198 30411 837 55242 19.5 21.9 20.59 0.21
252000.0 310 31.57 0.15 94506 8906.84 0.36 15138 1700.82 0.18 4262661 640759.87 19.82 310 50.47 0.18 93806 17231.91 19.82 109 3 198 30520 840 55440 19.5 22.0 20.57 0.23
252900.0 376 31.72 0.15 94882 8938.56 0.36 15198 1700.89 0.18 4277859 642460.76 19.82 370 50.51 0.18 94176 17282.42 19.82 109 3 198 30629 843 55638 19.5 22.0 20.57 0.23
253800.0 354 32.35 0.36 95236 8970.91 0.36 15158 1700.74 0.18 4293017 644161.5 19.82 350 50.52 0.18 94526 17332.94 19.82 109 3 198 30738 846 55836 19.5 22.0 20.57 0.23
254700.0 310 31.57 0.15 95546 9002.49 0.36 15171 1702.54 0.18 4308188 645864.04 19.82 310 50.48 0.18 94836 17383.42 19.82 109 3 198 30847 849 56034 19.5 22.0 20.44 0.22
255600.0 310 31.57 0.15 95856 9034.06 0.36 15178 1703.16 0.18 4323366 647567.2 19.82 310 50.48 0.18 95146 17433.9 19.82 109 3 198 30956 852 56232 19.5 21.8 20.41 0.24
256500.0 376 31.72 0.15 96232 9065.78 0.36 15237 1703.22 0.18 4338603 649270.42 19.82 370 50.52 0.18 95516 17484.42 19.82 109 3 198 31065 855 56430 19.3 21.8 20.4 0.25
257400.0 354 32.35 0.36 96586 9098.13 0.36 15198 1702.45 0.18 4353801 650972.87 19.82 350 50.51 0.18 95866 17534.93 19.82 109 3 198 31174 858 56628 19.3 21.8 20.4 0.25
258300.0 310 31.57 0.15 96896 9129.7 0.36 15181 1702.94 0.18 4368982 652675.82 19.82 310 50.48 0.18 96176 17585.41 19.82 109 3 198 31283 861 56826 19.3 21.8 20.25 0.24
259200.0 310 31.57 0.15 97206 9161.27 0.36 15186 1703.08 0.18 4384168 654378.9 19.82 310 50.48 0.18 96486 17635.88 19.82 109 3 198 31392 864 57024 19.3 21.6 20.16 0.27
260100.0 376 31.72 0.15 97582 9192.99 0.36 15246 1703.15 0.18 4399414 656082.05 19.82 370 50.52 0.18 96856 17686.4 19.82 109 3 198 31501 867 57222 19.2 21.6 20.16 0.27
261000.0 356 32.42 0.36 97938 9225.41 0.36 15535 152464.31 19.82 4414949 808546.36 19.82 352 3088.29 19.82 97208 20774.7 19.82 109 3 198 31610 870 57420 19.2 21.6 20.16 0.27
261900.0 310 31.57 0.15 98248 9256.99 0.36 15216 1705.58 0.18 4430165 810251.93 19.82 310 50.48 0.18 97518 20825.18 19.82 109 3 198 31719 873 57618 18.9 21.6 19.79 0.25
262800.0 310 31.57 0.15 98558 9288.56 0.36 15219 1705.76 0.18 4445384 811957.69 19.82 310 50.48 0.18 97828 20875.66 19.82 109 3 198 31828 876 57816 18.9 20.8 19.65 0.25
263700.0 376 31.72 0.15 98934 9320.28 0.36 15279 1705.79 0.18 4460663 813663.47 19.82 370 50.52 0.18 98198 20926.18 19.82 109 3 198 31937 879 58014 18.9 20.8 19.64 0.25
264600.0 356 32.43 0.36 99290 9352.71 0.36 15567 152590.92 19.83 4476230 966254.39 19.83 352 3090.02 19.83 98550 24016.2 19.83 109 3 198 32046 882 58212 18.8 20.8 19.64 0.26
265500.0 310 31.6 0.15 99600 9384.31 0.36 15268 1726.55 0.19 4491498 967980.94 19.83 310 50.87 0.19 98860 24067.07 19.83 109 3 198 32155 885 58410 17.3 20.8 18.28 0.26
266400.0 310 31.6 0.15 99910 9415.9 0.36 15286 1727.71 0.19 4506784 969708.66 19.83 310 50.87 0.19 99170 24117.93 19.83 109 3 198 32264 888 58608 17.3 18.9 17.82 0.03
267300.0 376 31.74 0.15 100286 9447.64 0.36 15346 1727.73 0.19 4522130 971436.39 19.83 370 50.91 0.19 99540 24168.84 19.83 109 3 198 32373 891 58806 17.3 18.8 17.81 0.02
268200.0 356 32.45 0.36 100642 9480.09 0.36 15636 152481.78 19.82 4537766 1123918.16 19.83 352 3087.5 19.82 99892 27256.35 19.83 109 3 198 32482 894 59004 17.3 18.8 17.81 0.02
269100.0 310 31.59 0.15 100952 9511.68 0.36 15276 1725.08 0.19 4553042 1125643.25 19.83 310 50.82 0.19 100202 27307.17 19.83 109 3 198 32591 897 59202 17.3 18.8 17.79 0.02
270000.0 310 31.59 0.15 101262 9543.27 0.36 15277 1725.1 0.19 4568319 1127368.35 19.83 310 50.82 0.19 100512 27357.99 19.83 109 3 198 32700 900 59400 17.3 18.7 17.77 0.02
270900.0 376 31.74 0.15 101638 9575.01 0.36 15336 1725.12 0.19 4583655 1129093.47 19.83 370 50.86 0.19 100882 27408.85 19.83 109 3 198 32809 903 59598 17.3 18.7 17.77 0.02
271800.0 354 32.37 0.36 101992 9607.38 0.36 15313 1723.16 0.19 4598968 1130816.63 19.83 350 50.83 0.19 101232 27459.68 19.83 109 3 198 32918 906 59796 17.3 18.7 17.77 0.02
272700.0 310 31.59 0.15 102302 9638.97 0.36 15274 1723.25 0.19 4614242 1132539.88 19.83 310 50.79 0.19 101542 27510.47 19.83 109 3 198 33027 909 59994 17.3 18.7 17.75 0.02
273600.0 310 31.59 0.15 102612 9670.56 0.36 15274 1723.28 0.19 4629516 1134263.15 19.83 310 50.79 0.19 101852 27561.26 19.83 109 3 198 33136 912 60192 17.3 18.6 17.74 0.02
274500.0 376 31.74 0.15 102988 9702.3 0.36 15333 1723.29 0.19 4644849 1135986.45 19.83 370 50.83 0.19 102222 27612.09 19.83 109 3 198 33245 915 60390 17.3 18.6 17.74 0.02
275400.0 354 32.37 0.36 103342 9734.67 0.36 15311 1726.4 0.19 4660160 1137712.84 19.83 350 50.89 0.19 102572 27662.98 19.83 109 3 198 33354 918 60588 17.3 18.6 17.74 0.02
276300.0 310 31.59 0.15 103652 9766.27 0.36 15272 1724.57 0.19 4675432 1139437.42 19.83 310 50.82 0.19 102882 27713.8 19.83 109 3 198 33463 921 60786 17.3 18.6 17.73 0.02
277200.0 310 31.59 0.15 103962 9797.86 0.36 15271 1724.59 0.19 4690703 1141162.01 19.83 310 50.82 0.19 103192 27764.62 19.83 109 3 198 33572 924 60984 17.3 18.5 17.71 0.02
278100.0 376 31.73 0.15 104338 9829.59 0.36 15331 1724.6 0.19 4706034 1142886.61 19.83 370 50.85 0.19 103562 27815.47 19.83 109 3 198 33681 927 61182 17.3 18.5 17.71 0.02
279000.0 354 32.37 0.36 104692 9861.96 0.36 15306 1722.64 0.19 4721340 1144609.25 19.83 350 50.83 0.19 103912 27866.3 19.83 109 3 198 33790 930 61380 17.3 18.5 17.71 0.02
279900.0 310 31.59 0.15 105002 9893.55 0.36 15266 1723.95 0.19 4736606 1146333.2 19.83 310 50.82 0.19 104222 27917.13 19.83 109 3 198 33899 933 61578 17.3 18.5 17.7 0.02
280800.0 310 31.59 0.15 105312 9925.15 0.36 15267 1723.98 0.19 4751873 1148057.18 19.83 310 50.82 0.19 104532 27967.95 19.83 109 3 198 34008 936 61776 17.3 18.4 17.69 0.01
281700.0 376 31.74 0.15 105688 9956.88 0.36 15325 1723.84 0.19 4767198 1149781.02 19.83 370 50.86 0.19 104902 28018.81 19.83 109 3 198 34117 939 61974 17.3 18.4 17.69 0.01
282600.0 354 32.37 0.36 106042 9989.25 0.36 15302 1722.75 0.19 4782500 1151503.77 19.83 350 50.84 0.19 105252 28069.65 19.83 109 3 198 34226 942 62172 17.3 18.4 17.69 0.01
283500.0 310 31.59 0.15 106352 10020.84 0.36 15266 1720.77 0.19 4797766 1153224.53 19.83 310 50.75 0.19 105562 28120.41 19.83 109 3 198 34335 945 62370 17.3 18.4 17.68 0.01
284400.0 310 31.59 0.15 106662 10052.43 0.36 15263 1720.65 0.19 4813029 1154945.18 19.83 310 50.75 0.19 105872 28171.16 19.83 109 3 198 34444 948 62568 17.3 18.3 17.68 0.01
285300.0 376 31.73 0.15 107038 10084.17 0.36 15320 1720.65 0.19 4828349 1156665.83 19.83 370 50.79 0.19 106242 28221.95 19.83 109 3 198 34553 951 62766 17.3 18.3 17.68 0.01
286200.0 354 32.37 0.36 107392 10116.54 0.36 15296 1719.42 0.19 4843645 1158385.25 19.83 350 50.78 0.19 106592 28272.73 19.83 109 3 198 34662 954 62964 17.3 18.3 17.68 0.01
287100.0 310 31.59 0.15 107702 10148.13 0.36 15255 1720.05 0.19 4858900 1160105.3 19.83 310 50.76 0.19 106902 28323.49 19.83 109 3 198 34771 957 63162 17.3 18.3 17.67 0.01
288000.0 310 31.59 0.15 108012 10179.72 0.36 15255 1720.23 0.19 4874155 1161825.53 19.83 310 50.75 0.19 107212 28374.24 19.83 109 3 198 34880 960 63360 17.3 18.2 17.67 0.01
288900.0 376 31.73 0.15 108388 10211.45 0.36 15315 1720.26 0.19 4889470 1163545.79 19.83 370 50.79 0.19 107582 28425.03 19.83 109 3 198 34989 963 63558 17.3 18.2 17.67 0.01
289800.0 354 32.37 0.36 108742 10243.82 0.36 15289 1723.35 0.19 4904759 1165269.14 19.83 350 50.86 0.19 107932 28475.89 19.83 109 3 198 35098 966 63756 17.3 18.2 17.67 0.01
290700.0 310 31.6 0.15 109052 10275.41 0.36 15248 1724.88 0.19 4920007 1166994.02 19.83 310 50.85 0.19 108242 28526.75 19.83 109 3 198 35207 969 63954 17.3 18.2 17.66 0.01
291600.0 310 31.6 0.15 109362 10307.01 0.36 15246 1724.6 0.19 4935253 1168718.62 19.83 310 50.85 0.19 108552 28577.6 19.83 109 3 198 35316 972 64152 17.3 18.1 17.66 0.01
292500.0 376 31.74 0.15 109738 10338.75 0.36 15305 1724.61 0.19 4950558 1170443.23 19.83 370 50.89 0.19 108922 28628.49 19.83 109 3 198 35425 975 64350 17.3 18.1 17.66 0.01
293400.0 354 32.37 0.36 110092 10371.12 0.36 15283 1724.64 0.19 4965841 1172167.87 19.83 350 50.89 0.19 109272 28679.39 19.83 109 3 198 35534 978 64548 17.3 18.1 17.66 0.01
294300.0 310 31.59 0.15 110402 10402.71 0.36 15248 1722.39 0.19 4981089 1173890.26 19.83 310 50.8 0.19 109582 28730.19 19.83 109 3 198 35643 981 64746 17.4 18.1 17.66 0.01
295200.0 310 31.59 0.15 110712 10434.31 0.36 15249 1722.27 0.19 4996338 1175612.53 19.83 310 50.8 0.19 109892 28780.99 19.83 109 3 198 35752 984 64944 17.4 18.0 17.66 0.01
296100.0 376 31.74 0.15 111088 10466.04 0.36 15309 1722.28 0.19 5011647 1177334.81 19.83 370 50.84 0.19 110262 28831.83 19.83 109 3 198 35861 987 65142 17.4 18.0 17.66 0.01
297000.0 354 32.37 0.36 111442 10498.41 0.36 15286 1722.15 0.19 5026933 1179056.96 19.83 350 50.84 0.19 110612 28882.67 19.83 109 3 198 35970 990 65340 17.4 18.0 17.66 0.01
297900.0 310 31.6 0.15 111752 10530.01 0.36 15241 1724.89 0.19 5042174 1180781.85 19.83 310 50.85 0.19 110922 28933.52 19.83 109 3 198 36079 993 65538 17.4 18.0 17.66 0.01
298800.0 310 31.6 0.15 112062 10561.61 0.36 15238 1724.6 0.19 5057412 1182506.44 19.83 310 50.85 0.19 111232 28984.37 19.83 109 3 198 36188 996 65736 17.4 18.0 17.66 0.01
299700.0 376 31.74 0.15 112438 10593.34 0.36 15298 1724.61 0.19 5072710 1184231.06 19.83 370 50.89 0.19 111602 29035.27 19.83 109 3 198 36297 999 65934 17.4 18.0 17.66 0.01
300600.0 354 32.37 0.36 112792 10625.72 0.36 15276 1724.48 0.19 5087986 1185955.53 19.83 350 50.89 0.19 111952 29086.16 19.83 109 3 198 36406 1002 66132 17.4 18.0 17.66 0.01
301500.0 310 31.59 0.15 113102 10657.31 0.36 15242 1722.19 0.19 5103228 1187677.73 19.83 310 50.8 0.19 112262 29136.96 19.83 109 3 198 36515 1005 66330 17.4 18.0 17.66 0.01
302400.0 310 31.59 0.15 113412 10688.9 0.36 15243 1722.06 0.19 5118471 1189399.79 19.83 310 50.8 0.19 112572 29187.76 19.83 109 3 198 36624 1008 66528 17.4 17.9 17.67 0.01
303300.0 376 31.74 0.15 113788 10720.64 0.36 15295 1721.59 0.19 5133766 1191121.38 19.83 370 50.84 0.19 112942 29238.6 19.83 109 3 198 36733 1011 66726 17.4 17.9 17.67 0.01
304200.0 354 32.37 0.36 114142 10753.01 0.36 15269 1719.57 0.19 5149035 1192840.95 19.83 350 50.81 0.19 113292 29289.4 19.83 109 3 198 36842 1014 66924 17.4 17.9 17.67 0.01
305100.0 310 31.59 0.15 114452 10784.6 0.36 15229 1722.19 0.19 5164264 1194563.14 19.83 310 50.82 0.19 113602 29340.23 19.83 109 3 198 36951 1017 67122 17.4 17.9 17.67 0.01
306000.0 310 31.59 0.15 114762 10816.19 0.36 15228 1722.22 0.19 5179492 1196285.36 19.83 310 50.82 0.19 113912 29391.05 19.83 109 3 198 37060 1020 67320 17.4 17.8 17.67 0.01
306900.0 376 31.74 0.15 115138 10847.93 0.36 15288 1722.24 0.19 5194780 1198007.6 19.83 370 50.86 0.19 114282 29441.91 19.83 109 3 198 37169 1023 67518 17.4 17.9 17.67 0.01
307800.0 354 32.37 0.36 115492 10880.3 0.36 15264 1723.68 0.19 5210044 1199731.27 19.83 350 50.89 0.19 114632 29492.8 19.83 109 3 198 37278 1026 67716 17.4 17.9 17.67 0.01
308700.0 310 31.6 0.15 115802 10911.9 0.36 15226 1723.93 0.19 5225270 1201455.2 19.83 310 50.85 0.19 114942 29543.66 19.83 109 3 198 37387 1029 67914 17.4 17.9 17.67 0.01
309600.0 310 31.6 0.15 116112 10943.49 0.36 15230 1724.12 0.19 5240500 1203179.31 19.83 310 50.85 0.19 115252 29594.51 19.83 109 3 198 37496 1032 68112 17.4 17.9 17.67 0.01
310500.0 376 31.74 0.15 116488 10975.23 0.36 15285 1723.49 0.19 5255785 1204902.81 19.83 370 50.89 0.19 115622 29645.4 19.83 109 3 198 37605 1035 68310 17.4 17.9 17.67 0.01
311400.0 354 32.37 0.36 116842 11007.6 0.36 15258 1722.88 0.19 5271043 1206625.68 19.83 350 50.89 0.19 115972 29696.3 19.83 109 3 198 37714 1038 68508 17.4 17.9 17.67 0.01
312300.0 310 31.59 0.15 117152 11039.2 0.36 15217 1719.83 0.19 5286260 1208345.52 19.83 310 50.8 0.19 116282 29747.1 19.83 109 3 198 37823 1041 68706 17.4 17.9 17.67 0.01
313200.0 310 31.59 0.15 117462 11070.79 0.36 15220 1720.19 0.19 5301480 1210065.71 19.83 310 50.8 0.19 116592 29797.9 19.83 109 3 198 37932 1044 68904 17.4 18.0 17.69 0.01
314100.0 376 31.74 0.15 117838 11102.53 0.36 15278 1720.04 0.19 5316758 1211785.74 19.83 370 50.84 0.19 116962 29848.74 19.83 109 3 198 38041 1047 69102 17.3 18.0 17.69 0.01
315000.0 354 32.37 0.36 118192 11134.9 0.36 15249 1719.75 0.19 5332007 1213505.49 19.83 350 50.84 0.19 117312 29899.58 19.83 109 3 198 38150 1050 69300 17.3 18.0 17.69 0.01
315900.0 310 31.59 0.15 118502 11166.49 0.36 15210 1721.53 0.19 5347217 1215227.03 19.83 310 50.82 0.19 117622 29950.4 19.83 109 3 198 38259 1053 69498 17.3 18.0 17.7 0.01
316800.0 310 31.59 0.15 118812 11198.08 0.36 15216 1721.71 0.19 5362433 1216948.74 19.83 310 50.82 0.19 117932 30001.22 19.83 109 3 198 38368 1056 69696 17.3 18.1 17.71 0.01
317700.0 376 31.74 0.15 119188 11229.82 0.36 15273 1721.58 0.19 5377706 1218670.31 19.83 370 50.86 0.19 118302 30052.08 19.83 109 3 198 38477 1059 69894 17.3 18.1 17.71 0.01
318600.0 354 32.37 0.36 119542 11262.19 0.36 15241 1720.31 0.19 5392947 1220390.63 19.83 350 50.86 0.19 118652 30102.94 19.83 109 3 198 38586 1062 70092 17.3 18.1 17.71 0.01
319500.0 310 31.6 0.15 119852 11293.78 0.36 15194 1721.52 0.19 5408141 1222112.15 19.83 310 50.85 0.19 118962 30153.79 19.83 109 3 198 38695 1065 70290 17.3 18.1 17.71 0.01
320400.0 310 31.6 0.15 120162 11325.38 0.36 15195 1721.24 0.19 5423336 1223833.38 19.83 310 50.85 0.19 119272 30204.64 19.83 109 3 198 38804 1068 70488 17.3 18.2 17.71 0.02
321300.0 376 31.74 0.15 120538 11357.12 0.36 15254 1721.25 0.19 5438590 1225554.63 19.83 370 50.89 0.19 119642 30255.54 19.83 109 3 198 38913 1071 70686 17.3 18.2 17.71 0.02
322200.0 354 32.37 0.36 120892 11389.48 0.36 15224 1715.73 0.19 5453814 1227270.37 19.83 350 50.79 0.19 119992 30306.33 19.83 109 3 198 39022 1074 70884 17.3 18.2 17.71 0.02
323100.0 310 31.59 0.15 121202 11421.07 0.36 15180 1711.3 0.19 5468994 1228981.67 19.83 310 50.66 0.19 120302 30356.99 19.83 109 3 198 39131 1077 71082 17.3 18.2 17.72 0.02
324000.0 310 31.59 0.15 121512 11452.66 0.36 15185 1711.77 0.19 5484179 1230693.44 19.83 310 50.66 0.19 120612 30407.64 19.83 109 3 198 39240 1080 71280 17.3 18.2 17.72 0.02
324900.0 376 31.73 0.15 121888 11484.39 0.36 15242 1711.5 0.19 5499421 1232404.94 19.83 370 50.7 0.19 120982 30458.34 19.83 109 3 198 39349 1083 71478 17.3 18.2 17.72 0.02
325800.0 354 32.37 0.36 122242 11516.76 0.36 15219 1718.26 0.19 5514640 1234123.2 19.83 350 50.84 0.19 121332 30509.18 19.83 109 3 198 39458 1086 71676 17.3 18.2 17.72 0.02
326700.0 310 31.6 0.15 122552 11548.35 0.36 15183 1720.72 0.19 5529823 1235843.92 19.83 310 50.85 0.19 121642 30560.04 19.83 109 3 198 39567 1089 71874 17.3 18.2 17.73 0.02
327600.0 310 31.6 0.15 122862 11579.95 0.36 15192 1720.92 0.19 5545015 1237564.84 19.83 310 50.85 0.19 121952 30610.89 19.83 109 3 198 39676 1092 72072 17.3 18.3 17.74 0.02
328500.0 376 31.74 0.15 123238 11611.69 0.36 15251 1720.77 0.19 5560266 1239285.61 19.83 370 50.89 0.19 122322 30661.78 19.83 109 3 198 39785 1095 72270 17.2 18.3 17.74 0.02
329400.0 354 32.37 0.36 123592 11644.06 0.36 15220 1720.32 0.19 5575486 1241005.93 19.83 350 50.89 0.19 122672 30712.68 19.83 109 3 198 39894 1098 72468 17.2 18.3 17.74 0.02
330300.0 310 31.6 0.15 123902 11675.65 0.36 15180 1720.89 0.19 5590666 1242726.81 19.83 310 50.85 0.19 122982 30763.53 19.83 109 3 198 40003 1101 72666 17.2 18.3 17.74 0.02
331200.0 310 31.6 0.15 124212 11707.25 0.36 15190 1720.76 0.19 5605856 1244447.57 19.83 310 50.85 0.19 123292 30814.38 19.83 109 3 198 40112 1104 72864 17.2 18.4 17.75 0.02
332100.0 376 31.74 0.15 124588 11738.99 0.36 15248 1720.61 0.19 5621104 1246168.18 19.83 370 50.89 0.19 123662 30865.28 19.83 109 3 198 40221 1107 73062 17.2 18.4 17.75 0.02
333000.0 354 32.37 0.36 124942 11771.36 0.36 15199 1717.14 0.19 5636303 1247885.32 19.83 350 50.86 0.19 124012 30916.14 19.83 109 3 198 40330 1110 73260 17.2 18.4 17.75 0.02
333900.0 310 31.59 0.15 125252 11802.95 0.36 15147 1717.23 0.19 5651450 1249602.55 19.83 310 50.82 0.19 124322 30966.96 19.83 109 3 198 40439 1113 73458 17.2 18.4 17.75 0.03
334800.0 310 31.59 0.15 125562 11834.54 0.36 15140 1716.46 0.19 5666590 1251319.01 19.83 310 50.82 0.19 124632 31017.78 19.83 109 3 198 40548 1116 73656 17.2 18.5 17.76 0.03
335700.0 376 31.74 0.15 125938 11866.28 0.36 15194 1716.16 0.19 5681784 1253035.17 19.83 370 50.86 0.19 125002 31068.65 19.83 109 3 198 40657 1119 73854 17.2 18.5 17.76 0.03
336600.0 354 32.37 0.36 126292 11898.65 0.36 15158 1717.12 0.19 5696942 1254752.28 19.83 350 50.89 0.19 125352 31119.54 19.83 109 3 198 40766 1122 74052 17.2 18.5 17.76 0.03
337500.0 310 31.6 0.15 126602 11930.25 0.36 15124 1717.36 0.19 5712066 1256469.65 19.83 310 50.85 0.19 125662 31170.39 19.83 109 3 198 40875 1125 74250 17.2 18.5 17.77 0.03
338400.0 310 31.6 0.15 126912 11961.84 0.36 15131 1718.03 0.19 5727197 1258187.68 19.83 310 50.85 0.19 125972 31221.25 19.83 109 3 198 40984 1128 74448 17.2 18.5 17.77 0.03
339300.0 376 31.74 0.15 127288 11993.58 0.36 15181 1717.73 0.19 5742378 1259905.41 19.83 370 50.89 0.19 126342 31272.14 19.83 109 3 198 41093 1131 74646 17.2 18.5 17.77 0.03
340200.0 354 32.37 0.36 127642 12025.95 0.36 15138 1713.24 0.19 5757516 1261618.65 19.83 350 50.83 0.19 126692 31322.97 19.83 109 3 198 41202 1134 74844 17.2 18.5 17.77 0.03
341100.0 310 31.59 0.15 127952 12057.54 0.36 15078 1711.89 0.19 5772594 1263330.54 19.83 310 50.79 0.19 127002 31373.76 19.83 109 3 198 41311 1137 75042 17.2 18.5 17.78 0.03
342000.0 310 31.59 0.15 128262 12089.14 0.36 15080 1712.07 0.19 5787674 1265042.61 19.83 310 50.79 0.19 127312 31424.54 19.83 109 3 198 41420 1140 75240 17.2 18.5 17.78 0.03
342900.0 376 31.73 0.15 128638 12120.87 0.36 15136 1711.76 0.19 5802810 1266754.37 19.83 370 50.82 0.19 127682 31475.36 19.83 109 3 198 41529 1143 75438 17.2 18.5 17.78 0.03
343800.0 354 32.37 0.36 128992 12153.24 0.36 15108 1709.29 0.19 5817918 1268463.66 19.83 350 50.78 0.19 128032 31526.15 19.83 109 3 198 41638 1146 75636 17.2 18.5 17.78 0.03
344700.0 310 31.59 0.15 129302 12184.83 0.36 15058 1708.42 0.19 5832976 1270172.07 19.83 310 50.74 0.19 128342 31576.89 19.83 109 3 198 41747 1149 75834 17.2 18.5 17.78 0.03
345600.0 310 31.59 0.15 129612 12216.42 0.36 15057 1708.12 0.19 5848033 1271880.19 19.83 310 50.74 0.19 128652 31627.63 19.83 109 3 198 41856 1152 76032 17.2 18.6 17.78 0.04
