# seed = 4, gamma = 0.66, beta = 0.33, dee = 10.0, dcc = 100.0, dec = 300.0, dsCnd = 150.0, dLocalhost = 0.02, hostBroker = CLOUD 
#
# The columns have the following meaning: 
# instant[SECONDS] commCountUploadPartial delaySumUploadPartial[SECONDS] delayMaxUploadPartial[SECONDS] commCountUploadTot delaySumUploadTot[SECONDS] delayMaxUploadTot[SECONDS] commCountDownloadPartial delaySumDownloadPartial[SECONDS] delayMaxDownloadPartial[SECONDS] commCountDownloadTot delaySumDownloadTot[SECONDS] delayMaxDownloadTot[SECONDS] commCountDownloadMaxPartial delaySumDownloadMaxPartial[SECONDS] delayMaxDownloadMaxPartial[SECONDS] commCountDownloadMaxTot delaySumDownloadMaxTot[SECONDS] delayMaxDownloadMaxTot[SECONDS] runOnCloudPartial runOnEdgePartial runOnSmartphonePartial runOnCloudTot runOnEdgeTot runOnSmartphoneTot minTemp maxTemp avgTemp varianceTemp
0.0 0 0.0 0.0 0 0.0 0.0 0 0.0 0.0 0 0.0 0.0 0 0.0 0.0 0 0.0 0.0 0 0 0 0 0 0 17.0 25.0 21.0 0.0
900.0 376 66.37 0.45 376 66.37 0.45 15178 3335.28 0.48 15178 3335.28 0.48 370 142.05 0.48 370 142.05 0.48 205 6 99 205 6 99 18.9 21.0 19.37 0.77
1800.0 356 67.2 0.46 732 133.57 0.46 15458 150543.03 19.9 30636 153878.31 19.9 352 3132.04 19.9 722 3274.1 19.9 205 6 99 410 12 198 18.7 21.0 18.91 0.01
2700.0 310 66.27 0.46 1042 199.84 0.46 15115 3352.27 0.48 45751 157230.58 19.9 310 142.31 0.48 1032 3416.41 19.9 205 6 99 615 18 297 17.6 21.0 18.31 0.08
3600.0 310 66.27 0.46 1352 266.11 0.46 15112 3350.02 0.48 60863 160580.6 19.9 310 142.31 0.48 1342 3558.72 19.9 205 6 99 820 24 396 17.6 21.0 18.25 0.08
4500.0 376 66.41 0.46 1728 332.52 0.46 15171 3350.12 0.48 76034 163930.72 19.9 370 142.42 0.48 1712 3701.14 19.9 205 6 99 1025 30 495 17.6 21.0 18.24 0.07
5400.0 356 67.21 0.46 2084 399.73 0.46 15473 9457.83 19.94 91507 173388.55 19.94 352 162.55 19.94 2064 3863.69 19.94 205 6 99 1230 36 594 17.6 21.0 18.24 0.07
6300.0 310 66.27 0.46 2394 466.0 0.46 15137 3357.13 0.48 106644 176745.68 19.94 310 142.3 0.48 2374 4005.99 19.94 205 6 99 1435 42 693 17.6 21.0 18.24 0.07
7200.0 310 66.27 0.46 2704 532.27 0.46 15138 3358.03 0.48 121782 180103.71 19.94 310 142.3 0.48 2684 4148.29 19.94 205 6 99 1640 48 792 17.6 21.0 18.26 0.06
8100.0 376 66.42 0.46 3080 598.69 0.46 15195 3356.79 0.48 136977 183460.5 19.94 370 142.4 0.48 3054 4290.69 19.94 205 6 99 1845 54 891 17.6 21.0 18.26 0.06
9000.0 356 67.2 0.46 3436 665.89 0.46 15494 9470.32 19.97 152471 192930.82 19.97 352 162.52 19.97 3406 4453.21 19.97 205 6 99 2050 60 990 17.6 21.0 18.26 0.06
9900.0 310 66.27 0.46 3746 732.16 0.46 15154 3358.2 0.49 167625 196289.02 19.97 310 142.3 0.49 3716 4595.51 19.97 205 6 99 2255 66 1089 17.6 21.0 18.24 0.06
10800.0 310 66.27 0.46 4056 798.43 0.46 15161 3359.57 0.49 182786 199648.59 19.97 310 142.3 0.49 4026 4737.81 19.97 205 6 99 2460 72 1188 17.6 21.0 18.16 0.07
11700.0 376 66.41 0.46 4432 864.85 0.46 15221 3359.67 0.49 198007 203008.26 19.97 370 142.4 0.49 4396 4880.21 19.97 205 6 99 2665 78 1287 17.6 21.0 18.16 0.07
12600.0 354 67.05 0.46 4786 931.9 0.46 15177 3353.18 0.49 213184 206361.44 19.97 350 142.65 0.49 4746 5022.86 19.97 205 6 99 2870 84 1386 17.6 21.0 18.16 0.07
13500.0 310 66.27 0.46 5096 998.17 0.46 15101 3342.96 0.49 228285 209704.39 19.97 310 142.34 0.49 5056 5165.2 19.97 205 6 99 3075 90 1485 17.6 21.0 18.15 0.07
14400.0 310 66.27 0.46 5406 1064.44 0.46 15105 3344.32 0.49 243390 213048.71 19.97 310 142.34 0.49 5366 5307.54 19.97 205 6 99 3280 96 1584 17.6 21.0 18.14 0.07
15300.0 376 66.42 0.46 5782 1130.86 0.46 15165 3344.41 0.49 258555 216393.12 19.97 370 142.44 0.49 5736 5449.98 19.97 205 6 99 3485 102 1683 17.6 21.0 18.14 0.07
16200.0 354 67.05 0.46 6136 1197.91 0.46 15136 3342.08 0.49 273691 219735.2 19.97 350 142.64 0.49 6086 5592.61 19.97 205 6 99 3690 108 1782 17.6 21.0 18.14 0.07
17100.0 310 66.27 0.46 6446 1264.17 0.46 15099 3341.04 0.48 288790 223076.24 19.97 310 142.3 0.48 6396 5734.91 19.97 205 6 99 3895 114 1881 17.6 21.0 18.12 0.06
18000.0 310 66.27 0.46 6756 1330.44 0.46 15100 3341.5 0.48 303890 226417.75 19.97 310 142.3 0.48 6706 5877.21 19.97 205 6 99 4100 120 1980 17.6 21.0 18.11 0.07
18900.0 376 66.41 0.46 7132 1396.85 0.46 15159 3341.59 0.48 319049 229759.34 19.97 370 142.4 0.48 7076 6019.62 19.97 205 6 99 4305 126 2079 17.6 21.0 18.11 0.07
19800.0 354 67.05 0.46 7486 1463.89 0.46 15132 3340.18 0.49 334181 233099.52 19.97 350 142.63 0.49 7426 6162.25 19.97 205 6 99 4510 132 2178 17.6 21.0 18.11 0.07
20700.0 310 66.27 0.46 7796 1530.17 0.46 15102 3342.12 0.49 349283 236441.65 19.97 310 142.32 0.49 7736 6304.57 19.97 205 6 99 4715 138 2277 17.6 21.0 18.09 0.06
21600.0 310 66.27 0.46 8106 1596.44 0.46 15101 3341.23 0.49 364384 239782.87 19.97 310 142.32 0.49 8046 6446.89 19.97 205 6 99 4920 144 2376 17.6 21.0 18.08 0.06
22500.0 376 66.41 0.46 8482 1662.85 0.46 15160 3340.88 0.49 379544 243123.75 19.97 370 142.42 0.49 8416 6589.31 19.97 205 6 99 5125 150 2475 17.6 21.0 18.08 0.06
23400.0 354 67.05 0.46 8836 1729.9 0.46 15128 3340.3 0.49 394672 246464.04 19.97 350 142.66 0.49 8766 6731.97 19.97 205 6 99 5330 156 2574 17.6 21.0 18.08 0.06
24300.0 310 66.28 0.46 9146 1796.18 0.46 15084 3339.92 0.49 409756 249803.97 19.97 310 142.39 0.49 9076 6874.36 19.97 205 6 99 5535 162 2673 17.5 21.0 18.07 0.06
25200.0 310 66.28 0.46 9456 1862.45 0.46 15095 3343.53 0.49 424851 253147.5 19.97 310 142.39 0.49 9386 7016.74 19.97 205 6 99 5740 168 2772 17.5 21.0 18.05 0.06
26100.0 376 66.42 0.46 9832 1928.87 0.46 15155 3343.63 0.49 440006 256491.12 19.97 370 142.49 0.49 9756 7159.23 19.97 205 6 99 5945 174 2871 17.5 21.0 18.05 0.06
27000.0 354 67.05 0.46 10186 1995.93 0.46 15127 3341.6 0.49 455133 259832.72 19.97 350 142.7 0.49 10106 7301.93 19.97 205 6 99 6150 180 2970 17.5 21.0 18.05 0.06
27900.0 310 66.27 0.46 10496 2062.2 0.46 15088 3338.01 0.49 470221 263170.73 19.97 310 142.35 0.49 10416 7444.28 19.97 205 6 99 6355 186 3069 17.5 21.0 18.02 0.06
28800.0 310 66.27 0.46 10806 2128.47 0.46 15096 3341.61 0.49 485317 266512.35 19.97 310 142.35 0.49 10726 7586.63 19.97 205 6 99 6560 192 3168 17.5 21.0 18.01 0.06
29700.0 376 66.42 0.46 11182 2194.89 0.46 15155 3341.71 0.49 500472 269854.06 19.97 370 142.45 0.49 11096 7729.08 19.97 205 6 99 6765 198 3267 17.5 21.0 18.01 0.06
30600.0 354 67.05 0.46 11536 2261.94 0.46 15118 3338.33 0.49 515590 273192.38 19.97 350 142.66 0.49 11446 7871.73 19.97 205 6 99 6970 204 3366 17.5 21.0 18.01 0.06
31500.0 310 66.28 0.46 11846 2328.22 0.46 15086 3340.37 0.49 530676 276532.75 19.97 310 142.39 0.49 11756 8014.12 19.97 205 6 99 7175 210 3465 17.4 21.0 17.98 0.06
32400.0 310 66.28 0.46 12156 2394.49 0.46 15090 3342.18 0.49 545766 279874.93 19.97 310 142.39 0.49 12066 8156.51 19.97 205 6 99 7380 216 3564 17.4 21.0 17.97 0.06
33300.0 376 66.42 0.46 12532 2460.91 0.46 15150 3342.28 0.49 560916 283217.21 19.97 370 142.49 0.49 12436 8299.0 19.97 205 6 99 7585 222 3663 17.4 21.0 17.97 0.06
34200.0 354 67.05 0.46 12886 2527.97 0.46 15112 3337.55 0.49 576028 286554.76 19.97 350 142.7 0.49 12786 8441.69 19.97 205 6 99 7790 228 3762 17.4 21.0 17.97 0.06
35100.0 310 66.28 0.46 13196 2594.24 0.46 15080 3337.22 0.49 591108 289891.98 19.97 310 142.39 0.49 13096 8584.08 19.97 205 6 99 7995 234 3861 17.4 21.0 17.95 0.06
36000.0 310 66.28 0.46 13506 2660.52 0.46 15095 3342.18 0.49 606203 293234.16 19.97 310 142.39 0.49 13406 8726.47 19.97 205 6 99 8200 240 3960 17.4 21.0 17.92 0.06
36900.0 376 66.42 0.46 13882 2726.94 0.46 15155 3342.28 0.49 621358 296576.44 19.97 370 142.49 0.49 13776 8868.96 19.97 205 6 99 8405 246 4059 17.4 21.0 17.92 0.06
37800.0 354 67.05 0.46 14236 2793.99 0.46 15116 3334.51 0.49 636474 299910.95 19.97 350 142.61 0.49 14126 9011.56 19.97 205 6 99 8610 252 4158 17.4 21.0 17.92 0.06
38700.0 310 66.27 0.46 14546 2860.26 0.46 15079 3333.74 0.49 651553 303244.68 19.97 310 142.3 0.49 14436 9153.86 19.97 205 6 99 8815 258 4257 17.3 21.0 17.9 0.07
39600.0 310 66.27 0.46 14856 2926.53 0.46 15089 3337.79 0.49 666642 306582.47 19.97 310 142.3 0.49 14746 9296.15 19.97 205 6 99 9020 264 4356 17.3 21.0 17.89 0.07
40500.0 376 66.41 0.46 15232 2992.94 0.46 15147 3336.99 0.49 681789 309919.46 19.97 370 142.4 0.49 15116 9438.55 19.97 205 6 99 9225 270 4455 17.3 21.0 17.89 0.07
41400.0 354 67.05 0.46 15586 3059.99 0.46 15110 3337.09 0.49 696899 313256.55 19.97 350 142.7 0.49 15466 9581.25 19.97 205 6 99 9430 276 4554 17.3 21.0 17.89 0.07
42300.0 310 66.27 0.46 15896 3126.27 0.46 15086 3339.53 0.49 711985 316596.09 19.97 310 142.35 0.49 15776 9723.6 19.97 205 6 99 9635 282 4653 17.3 21.0 17.86 0.07
43200.0 310 66.27 0.46 16206 3192.54 0.46 15089 3339.98 0.49 727074 319936.07 19.97 310 142.35 0.49 16086 9865.95 19.97 205 6 99 9840 288 4752 17.3 21.0 17.85 0.08
44100.0 376 66.42 0.46 16582 3258.96 0.46 15148 3340.08 0.49 742222 323276.15 19.97 370 142.45 0.49 16456 10008.41 19.97 205 6 99 10045 294 4851 17.2 21.0 17.85 0.08
45000.0 354 67.05 0.46 16936 3326.01 0.46 15100 3331.75 0.49 757322 326607.9 19.97 350 142.66 0.49 16806 10151.07 19.97 205 6 99 10250 300 4950 17.2 21.0 17.85 0.08
45900.0 310 66.27 0.46 17246 3392.28 0.46 15072 3334.8 0.49 772394 329942.7 19.97 310 142.35 0.49 17116 10293.41 19.97 205 6 99 10455 306 5049 17.2 21.0 17.82 0.09
46800.0 310 66.27 0.46 17556 3458.55 0.46 15082 3337.96 0.49 787476 333280.66 19.97 310 142.35 0.49 17426 10435.76 19.97 205 6 99 10660 312 5148 17.2 21.0 17.81 0.09
47700.0 376 66.42 0.46 17932 3524.97 0.46 15142 3338.05 0.49 802618 336618.71 19.97 370 142.45 0.49 17796 10578.21 19.97 205 6 99 10865 318 5247 17.2 21.0 17.81 0.09
48600.0 354 67.05 0.46 18286 3592.02 0.46 15099 3331.52 0.49 817717 339950.23 19.97 350 142.66 0.49 18146 10720.86 19.97 205 6 99 11070 324 5346 17.2 21.0 17.81 0.09
49500.0 310 66.28 0.46 18596 3658.3 0.46 15076 3336.77 0.49 832793 343287.0 19.97 310 142.39 0.49 18456 10863.25 19.97 205 6 99 11275 330 5445 17.1 21.0 17.78 0.09
50400.0 310 66.28 0.46 18906 3724.57 0.46 15096 3342.63 0.49 847889 346629.63 19.97 310 142.39 0.49 18766 11005.64 19.97 205 6 99 11480 336 5544 17.1 21.0 17.76 0.1
51300.0 376 66.42 0.46 19282 3790.99 0.46 15156 3342.73 0.49 863045 349972.36 19.97 370 142.49 0.49 19136 11148.13 19.97 205 6 99 11685 342 5643 17.1 21.0 17.76 0.1
52200.0 354 67.05 0.46 19636 3858.05 0.46 15109 3336.2 0.49 878154 353308.55 19.97 350 142.7 0.49 19486 11290.82 19.97 205 6 99 11890 348 5742 17.1 21.0 17.76 0.1
53100.0 310 66.28 0.46 19946 3924.33 0.46 15060 3333.62 0.49 893214 356642.18 19.97 310 142.39 0.49 19796 11433.21 19.97 205 6 99 12095 354 5841 17.1 21.0 17.75 0.11
54000.0 310 66.28 0.46 20256 3990.6 0.46 15066 3336.78 0.49 908280 359978.96 19.97 310 142.39 0.49 20106 11575.6 19.97 205 6 99 12300 360 5940 17.1 21.0 17.74 0.11
54900.0 376 66.42 0.46 20632 4057.02 0.46 15125 3336.88 0.49 923405 363315.83 19.97 370 142.49 0.49 20476 11718.09 19.97 205 6 99 12505 366 6039 17.1 21.0 17.74 0.11
55800.0 354 67.05 0.46 20986 4124.08 0.46 15094 3333.05 0.49 938499 366648.88 19.97 350 142.7 0.49 20826 11860.78 19.97 205 6 99 12710 372 6138 17.1 21.0 17.74 0.11
56700.0 310 66.28 0.46 21296 4190.35 0.46 15070 3334.52 0.49 953569 369983.4 19.97 310 142.39 0.49 21136 12003.17 19.97 205 6 99 12915 378 6237 17.1 21.0 17.72 0.12
57600.0 310 66.28 0.46 21606 4256.63 0.46 15077 3335.88 0.49 968646 373319.29 19.97 310 142.39 0.49 21446 12145.56 19.97 205 6 99 13120 384 6336 17.1 21.0 17.7 0.12
58500.0 376 66.42 0.46 21982 4323.05 0.46 15137 3335.98 0.49 983783 376655.26 19.97 370 142.49 0.49 21816 12288.05 19.97 205 6 99 13325 390 6435 17.1 21.0 17.7 0.12
59400.0 354 67.05 0.46 22336 4390.1 0.46 15087 3327.08 0.49 998870 379982.34 19.97 350 142.65 0.49 22166 12430.69 19.97 205 6 99 13530 396 6534 17.1 21.0 17.7 0.12
60300.0 310 66.27 0.46 22646 4456.37 0.46 15059 3331.71 0.49 1013929 383314.05 19.97 310 142.34 0.49 22476 12573.03 19.97 205 6 99 13735 402 6633 17.0 21.0 17.68 0.13
61200.0 310 66.27 0.46 22956 4522.65 0.46 15073 3335.32 0.49 1029002 386649.36 19.97 310 142.34 0.49 22786 12715.37 19.97 205 6 99 13940 408 6732 17.0 21.0 17.67 0.13
62100.0 376 66.42 0.46 23332 4589.06 0.46 15131 3335.41 0.49 1044133 389984.77 19.97 370 142.44 0.49 23156 12857.81 19.97 205 6 99 14145 414 6831 17.0 21.0 17.67 0.13
63000.0 354 67.04 0.46 23686 4656.11 0.46 15091 3326.57 0.48 1059224 393311.34 19.97 350 142.6 0.48 23506 13000.41 19.97 205 6 99 14350 420 6930 17.0 21.0 17.67 0.13
63900.0 310 66.26 0.46 23996 4722.37 0.46 15063 3328.89 0.48 1074287 396640.24 19.97 310 142.26 0.48 23816 13142.68 19.97 205 6 99 14555 426 7029 17.0 21.0 17.66 0.14
64800.0 310 66.26 0.46 24306 4788.63 0.46 15067 3330.25 0.48 1089354 399970.49 19.97 310 142.26 0.48 24126 13284.94 19.97 205 6 99 14760 432 7128 17.0 21.0 17.65 0.14
65700.0 376 66.4 0.46 24682 4855.04 0.46 15127 3330.34 0.48 1104481 403300.83 19.97 370 142.37 0.48 24496 13427.31 19.97 205 6 99 14965 438 7227 17.0 21.0 17.65 0.14
66600.0 354 67.04 0.46 25036 4922.08 0.46 15084 3322.75 0.48 1119565 406623.59 19.97 350 142.56 0.48 24846 13569.87 19.97 205 6 99 15170 444 7326 17.0 21.0 17.65 0.14
67500.0 310 66.26 0.46 25346 4988.34 0.46 15039 3320.47 0.48 1134604 409944.05 19.97 310 142.22 0.48 25156 13712.09 19.97 205 6 99 15375 450 7425 17.0 21.0 17.64 0.15
68400.0 310 66.26 0.46 25656 5054.6 0.46 15046 3322.74 0.48 1149650 413266.8 19.97 310 142.22 0.48 25466 13854.31 19.97 205 6 99 15580 456 7524 17.0 21.0 17.63 0.15
69300.0 376 66.4 0.46 26032 5121.0 0.46 15106 3322.82 0.48 1164756 416589.61 19.97 370 142.32 0.48 25836 13996.63 19.97 205 6 99 15785 462 7623 17.0 21.0 17.63 0.15
70200.0 354 67.04 0.46 26386 5188.04 0.46 15079 3321.95 0.48 1179835 419911.57 19.97 350 142.56 0.48 26186 14139.19 19.97 205 6 99 15990 468 7722 17.0 21.0 17.63 0.15
71100.0 310 66.26 0.46 26696 5254.31 0.46 15048 3323.64 0.48 1194883 423235.21 19.97 310 142.26 0.48 26496 14281.45 19.97 205 6 99 16195 474 7821 17.0 21.0 17.63 0.15
72000.0 310 66.26 0.46 27006 5320.57 0.46 15052 3324.55 0.48 1209935 426559.75 19.97 310 142.26 0.48 26806 14423.71 19.97 205 6 99 16400 480 7920 17.0 21.0 17.62 0.16
72900.0 376 66.4 0.46 27382 5386.97 0.46 15107 3322.39 0.48 1225042 429882.15 19.97 370 142.36 0.48 27176 14566.07 19.97 205 6 99 16605 486 8019 17.0 21.0 17.62 0.16
73800.0 354 67.04 0.46 27736 5454.01 0.46 15075 3319.91 0.48 1240117 433202.05 19.97 350 142.57 0.48 27526 14708.64 19.97 205 6 99 16810 492 8118 17.0 21.0 17.62 0.16
74700.0 310 66.27 0.46 28046 5520.28 0.46 15037 3322.24 0.48 1255154 436524.29 19.97 310 142.29 0.48 27836 14850.93 19.97 205 6 99 17015 498 8217 17.0 21.0 17.61 0.16
75600.0 310 66.27 0.46 28356 5586.55 0.46 15036 3321.36 0.48 1270190 439845.65 19.97 310 142.29 0.48 28146 14993.22 19.97 205 6 99 17220 504 8316 17.0 21.0 17.6 0.16
76500.0 376 66.41 0.46 28732 5652.96 0.46 15096 3321.45 0.48 1285286 443167.1 19.97 370 142.4 0.48 28516 15135.62 19.97 205 6 99 17425 510 8415 17.0 21.0 17.6 0.16
77400.0 354 67.04 0.46 29086 5720.0 0.46 15066 3317.51 0.48 1300352 446484.61 19.97 350 142.57 0.48 28866 15278.19 19.97 205 6 99 17630 516 8514 17.0 21.0 17.6 0.16
78300.0 310 66.26 0.46 29396 5786.26 0.46 15026 3318.09 0.48 1315378 449802.7 19.97 310 142.26 0.48 29176 15420.46 19.97 205 6 99 17835 522 8613 17.0 21.0 17.6 0.16
79200.0 310 66.26 0.46 29706 5852.52 0.46 15032 3320.35 0.48 1330410 453123.05 19.97 310 142.26 0.48 29486 15562.72 19.97 205 6 99 18040 528 8712 17.0 21.0 17.6 0.16
80100.0 376 66.4 0.46 30082 5918.93 0.46 15092 3320.44 0.48 1345502 456443.49 19.97 370 142.37 0.48 29856 15705.09 19.97 205 6 99 18245 534 8811 17.0 21.0 17.6 0.16
81000.0 354 67.04 0.46 30436 5985.97 0.46 15058 3317.73 0.48 1360560 459761.22 19.97 350 142.6 0.48 30206 15847.69 19.97 205 6 99 18450 540 8910 17.0 21.0 17.6 0.16
81900.0 310 66.27 0.46 30746 6052.24 0.46 15019 3320.09 0.49 1375579 463081.31 19.97 310 142.33 0.49 30516 15990.02 19.97 205 6 99 18655 546 9009 17.0 21.0 17.59 0.15
82800.0 310 66.27 0.46 31056 6118.51 0.46 15019 3319.66 0.49 1390598 466400.96 19.97 310 142.33 0.49 30826 16132.35 19.97 205 6 99 18860 552 9108 17.0 21.0 17.59 0.15
83700.0 376 66.41 0.46 31432 6184.92 0.46 15075 3318.39 0.49 1405673 469719.36 19.97 370 142.44 0.49 31196 16274.79 19.97 205 6 99 19065 558 9207 17.0 21.0 17.59 0.15
84600.0 354 67.05 0.46 31786 6251.97 0.46 15050 3316.37 0.49 1420723 473035.72 19.97 350 142.64 0.49 31546 16417.43 19.97 205 6 99 19270 564 9306 17.0 21.0 17.59 0.15
85500.0 310 66.27 0.46 32096 6318.24 0.46 15015 3315.42 0.48 1435738 476351.14 19.97 310 142.29 0.48 31856 16559.73 19.97 205 6 99 19475 570 9405 17.0 21.0 17.6 0.14
86400.0 310 66.27 0.46 32406 6384.51 0.46 15015 3315.43 0.48 1450753 479666.58 19.97 310 142.29 0.48 32166 16702.02 19.97 205 6 99 19680 576 9504 17.0 21.0 17.6 0.14
87300.0 376 66.41 0.46 32782 6450.92 0.46 15075 3315.52 0.48 1465828 482982.09 19.97 370 142.4 0.48 32536 16844.41 19.97 205 6 99 19885 582 9603 17.0 21.0 17.6 0.14
88200.0 354 67.05 0.46 33136 6517.97 0.46 15045 3316.22 0.49 1480873 486298.31 19.97 350 142.66 0.49 32886 16987.07 19.97 205 6 99 20090 588 9702 17.0 21.0 17.6 0.14
89100.0 310 66.28 0.46 33446 6584.24 0.46 15063 3334.97 0.49 1495936 489633.28 19.97 310 142.39 0.49 33196 17129.46 19.97 205 6 99 20295 594 9801 17.1 21.0 17.62 0.11
90000.0 310 66.28 0.46 33756 6650.52 0.46 15097 3342.63 0.49 1511033 492975.91 19.97 310 142.39 0.49 33506 17271.84 19.97 205 6 99 20500 600 9900 17.1 21.0 17.7 0.08
90900.0 376 66.42 0.46 34132 6716.94 0.46 15157 3342.73 0.49 1526190 496318.64 19.97 370 142.49 0.49 33876 17414.33 19.97 205 6 99 20705 606 9999 17.1 21.0 17.7 0.08
91800.0 354 67.04 0.46 34486 6783.98 0.46 15111 3329.7 0.48 1541301 499648.34 19.97 350 142.58 0.48 34226 17556.92 19.97 205 6 99 20910 612 10098 17.1 21.0 17.7 0.08
92700.0 310 66.26 0.46 34796 6850.24 0.46 15140 3350.18 0.48 1556441 502998.52 19.97 310 142.21 0.48 34536 17699.13 19.97 205 6 99 21115 618 10197 17.1 23.8 19.24 2.1
93600.0 310 66.26 0.46 35106 6916.5 0.46 15144 3351.1 0.48 1571585 506349.62 19.97 310 142.21 0.48 34846 17841.34 19.97 205 6 99 21320 624 10296 17.1 23.8 20.51 4.69
94500.0 376 66.4 0.46 35482 6982.9 0.46 15199 3349.82 0.48 1586784 509699.44 19.97 370 142.31 0.48 35216 17983.65 19.97 205 6 99 21525 630 10395 17.1 23.8 20.55 4.71
95400.0 354 67.04 0.46 35836 7049.94 0.46 15173 3347.81 0.48 1601957 513047.25 19.97 350 142.52 0.48 35566 18126.18 19.97 205 6 99 21730 636 10494 17.1 23.8 20.55 4.71
96300.0 310 66.26 0.46 36146 7116.2 0.46 15136 3347.47 0.48 1617093 516394.72 19.97 310 142.21 0.48 35876 18268.39 19.97 205 6 99 21935 642 10593 17.1 24.0 20.94 4.55
97200.0 310 66.26 0.46 36456 7182.46 0.46 15131 3346.15 0.48 1632224 519740.86 19.97 310 142.21 0.48 36186 18410.6 19.97 205 6 99 22140 648 10692 17.4 24.0 21.06 4.69
98100.0 376 66.4 0.46 36832 7248.86 0.46 15190 3345.77 0.48 1647414 523086.64 19.97 370 142.31 0.48 36556 18552.91 19.97 205 6 99 22345 654 10791 17.4 24.0 21.06 4.69
99000.0 354 67.03 0.46 37186 7315.89 0.46 15168 3341.9 0.48 1662582 526428.53 19.97 350 142.46 0.48 36906 18695.37 19.97 205 6 99 22550 660 10890 17.4 24.0 21.06 4.69
99900.0 310 66.25 0.46 37496 7382.14 0.46 15135 3343.81 0.48 1677717 529772.34 19.97 310 142.15 0.48 37216 18837.52 19.97 205 6 99 22755 666 10989 17.5 24.0 21.37 3.92
100800.0 310 66.25 0.46 37806 7448.39 0.46 15135 3343.83 0.48 1692852 533116.18 19.97 310 142.15 0.48 37526 18979.67 19.97 205 6 99 22960 672 11088 17.7 24.0 21.42 3.89
101700.0 376 66.4 0.46 38182 7514.79 0.46 15195 3343.91 0.48 1708047 536460.09 19.97 370 142.25 0.48 37896 19121.92 19.97 205 6 99 23165 678 11187 17.8 24.0 21.43 3.88
102600.0 354 67.03 0.46 38536 7581.82 0.46 15163 3339.47 0.48 1723210 539799.56 19.97 350 142.45 0.48 38246 19264.37 19.97 205 6 99 23370 684 11286 17.8 24.0 21.43 3.88
103500.0 310 66.25 0.46 38846 7648.07 0.46 15132 3342.74 0.48 1738342 543142.3 19.97 310 142.15 0.48 38556 19406.52 19.97 205 6 99 23575 690 11385 18.0 24.0 21.67 3.14
104400.0 310 66.25 0.46 39156 7714.32 0.46 15131 3342.75 0.48 1753473 546485.05 19.97 310 142.14 0.48 38866 19548.66 19.97 205 6 99 23780 696 11484 18.2 24.0 21.73 3.12
105300.0 376 66.4 0.46 39532 7780.72 0.46 15187 3341.49 0.48 1768660 549826.55 19.97 370 142.25 0.48 39236 19690.91 19.97 205 6 99 23985 702 11583 18.5 24.0 21.73 3.11
106200.0 354 67.02 0.45 39886 7847.74 0.46 15164 3338.01 0.48 1783824 553164.56 19.97 350 142.41 0.48 39586 19833.31 19.97 205 6 99 24190 708 11682 18.5 24.0 21.73 3.11
107100.0 310 66.24 0.45 40196 7913.98 0.46 15123 3335.74 0.48 1798947 556500.3 19.97 310 142.07 0.48 39896 19975.38 19.97 205 6 99 24395 714 11781 18.8 24.0 21.73 2.87
108000.0 310 66.24 0.45 40506 7980.22 0.46 15122 3335.76 0.48 1814069 559836.06 19.97 310 142.07 0.48 40206 20117.45 19.97 205 6 99 24600 720 11880 18.8 24.0 21.74 2.86
108900.0 376 66.39 0.45 40882 8046.61 0.46 15181 3335.39 0.48 1829250 563171.45 19.97 370 142.17 0.48 40576 20259.62 19.97 205 6 99 24805 726 11979 18.9 24.0 21.74 2.86
109800.0 354 67.02 0.45 41236 8113.63 0.46 15160 3335.16 0.48 1844410 566506.61 19.97 350 142.37 0.48 40926 20401.99 19.97 205 6 99 25010 732 12078 18.9 24.0 21.74 2.86
110700.0 310 66.24 0.45 41546 8179.87 0.46 15119 3334.39 0.48 1859529 569840.99 19.97 310 142.07 0.48 41236 20544.05 19.97 205 6 99 25215 738 12177 18.9 24.0 21.63 2.79
111600.0 310 66.24 0.45 41856 8246.11 0.46 15114 3333.51 0.48 1874643 573174.5 19.97 310 142.07 0.48 41546 20686.12 19.97 205 6 99 25420 744 12276 18.9 24.0 21.56 2.66
112500.0 376 66.39 0.45 42232 8312.49 0.46 15173 3333.14 0.48 1889816 576507.64 19.97 370 142.17 0.48 41916 20828.29 19.97 205 6 99 25625 750 12375 18.9 23.9 21.56 2.66
113400.0 354 67.02 0.45 42586 8379.51 0.46 15152 3333.37 0.48 1904968 579841.01 19.97 350 142.38 0.48 42266 20970.67 19.97 205 6 99 25830 756 12474 18.9 23.9 21.56 2.66
114300.0 310 66.24 0.45 42896 8445.76 0.46 15114 3333.04 0.48 1920082 583174.05 19.97 310 142.07 0.48 42576 21112.74 19.97 205 6 99 26035 762 12573 18.9 24.0 23.31 0.23
115200.0 310 66.24 0.45 43206 8512.0 0.46 15114 3333.06 0.48 1935196 586507.11 19.97 310 142.07 0.48 42886 21254.8 19.97 205 6 99 26240 768 12672 18.9 24.0 23.49 0.12
116100.0 376 66.39 0.45 43582 8578.38 0.46 15174 3333.14 0.48 1950370 589840.25 19.97 370 142.17 0.48 43256 21396.97 19.97 205 6 99 26445 774 12771 21.0 24.0 23.5 0.05
117000.0 354 67.02 0.45 43936 8645.4 0.46 15153 3333.37 0.48 1965523 593173.62 19.97 350 142.38 0.48 43606 21539.35 19.97 205 6 99 26650 780 12870 21.0 24.0 23.5 0.05
117900.0 310 66.24 0.45 44246 8711.64 0.46 15113 3333.04 0.48 1980636 596506.66 19.97 310 142.07 0.48 43916 21681.42 19.97 205 6 99 26855 786 12969 21.0 24.0 23.56 0.04
118800.0 310 66.24 0.45 44556 8777.89 0.46 15113 3333.06 0.48 1995749 599839.71 19.97 310 142.07 0.48 44226 21823.48 19.97 205 6 99 27060 792 13068 21.0 24.0 23.59 0.04
119700.0 376 66.39 0.45 44932 8844.27 0.46 15171 3332.69 0.48 2010920 603172.41 19.97 370 142.17 0.48 44596 21965.65 19.97 205 6 99 27265 798 13167 21.0 24.0 23.59 0.04
120600.0 354 67.02 0.45 45286 8911.29 0.46 15151 3332.91 0.48 2026071 606505.31 19.97 350 142.37 0.48 44946 22108.02 19.97 205 6 99 27470 804 13266 21.0 24.0 23.59 0.04
121500.0 310 66.24 0.45 45596 8977.53 0.46 15110 3332.14 0.48 2041181 609837.45 19.97 310 142.07 0.48 45256 22250.09 19.97 205 6 99 27675 810 13365 21.0 24.0 23.63 0.03
122400.0 310 66.24 0.45 45906 9043.77 0.46 15103 3329.91 0.48 2056284 613167.36 19.97 310 142.07 0.48 45566 22392.15 19.97 205 6 99 27880 816 13464 21.0 24.0 23.65 0.03
123300.0 376 66.39 0.45 46282 9110.16 0.46 15163 3329.99 0.48 2071447 616497.35 19.97 370 142.17 0.48 45936 22534.33 19.97 205 6 99 28085 822 13563 21.0 24.0 23.65 0.03
124200.0 354 67.02 0.45 46636 9177.18 0.46 15143 3330.22 0.48 2086590 619827.57 19.97 350 142.38 0.48 46286 22676.7 19.97 205 6 99 28290 828 13662 21.0 24.0 23.65 0.03
125100.0 310 66.24 0.45 46946 9243.42 0.46 15100 3329.44 0.48 2101690 623157.01 19.97 310 142.07 0.48 46596 22818.77 19.97 205 6 99 28495 834 13761 21.0 24.0 23.69 0.03
126000.0 310 66.24 0.45 47256 9309.66 0.46 15099 3329.01 0.48 2116789 626486.02 19.97 310 142.07 0.48 46906 22960.84 19.97 205 6 99 28700 840 13860 21.0 24.0 23.71 0.03
126900.0 376 66.39 0.45 47632 9376.05 0.46 15155 3327.74 0.48 2131944 629813.76 19.97 370 142.17 0.48 47276 23103.01 19.97 205 6 99 28905 846 13959 21.0 24.0 23.71 0.03
127800.0 354 67.02 0.45 47986 9443.06 0.46 15133 3327.51 0.48 2147077 633141.27 19.97 350 142.37 0.48 47626 23245.37 19.97 205 6 99 29110 852 14058 21.0 24.0 23.71 0.03
128700.0 310 66.24 0.45 48296 9509.31 0.46 15093 3327.19 0.48 2162170 636468.46 19.97 310 142.07 0.48 47936 23387.44 19.97 205 6 99 29315 858 14157 21.0 24.0 23.74 0.03
129600.0 310 66.24 0.45 48606 9575.55 0.46 15093 3327.21 0.48 2177263 639795.66 19.97 310 142.07 0.48 48246 23529.51 19.97 205 6 99 29520 864 14256 21.0 24.0 23.76 0.03
130500.0 376 66.39 0.45 48982 9641.93 0.46 15153 3327.29 0.48 2192416 643122.95 19.97 370 142.17 0.48 48616 23671.68 19.97 205 6 99 29725 870 14355 21.0 24.0 23.76 0.03
131400.0 354 67.02 0.45 49336 9708.95 0.46 15132 3327.07 0.48 2207548 646450.02 19.97 350 142.38 0.48 48966 23814.05 19.97 205 6 99 29930 876 14454 21.0 24.0 23.76 0.03
132300.0 310 66.24 0.45 49646 9775.19 0.46 15091 3326.74 0.48 2222639 649776.76 19.97 310 142.07 0.48 49276 23956.12 19.97 205 6 99 30135 882 14553 21.0 24.0 23.78 0.03
133200.0 310 66.24 0.45 49956 9841.44 0.46 15088 3326.31 0.48 2237727 653103.07 19.97 310 142.07 0.48 49586 24098.19 19.97 205 6 99 30340 888 14652 21.0 24.0 23.79 0.03
134100.0 376 66.39 0.45 50332 9907.82 0.46 15147 3325.94 0.48 2252874 656429.01 19.97 370 142.17 0.48 49956 24240.36 19.97 205 6 99 30545 894 14751 21.0 24.0 23.79 0.03
135000.0 354 67.02 0.45 50686 9974.84 0.46 15127 3326.16 0.48 2268001 659755.17 19.97 350 142.37 0.48 50306 24382.73 19.97 205 6 99 30750 900 14850 21.0 24.0 23.79 0.03
135900.0 310 66.24 0.45 50996 10041.08 0.46 15084 3324.94 0.48 2283085 663080.11 19.97 310 142.07 0.48 50616 24524.8 19.97 205 6 99 30955 906 14949 21.0 24.0 23.82 0.03
136800.0 310 66.24 0.45 51306 10107.32 0.46 15084 3324.96 0.48 2298169 666405.07 19.97 310 142.07 0.48 50926 24666.86 19.97 205 6 99 31160 912 15048 21.0 24.0 23.83 0.03
137700.0 376 66.39 0.45 51682 10173.71 0.46 15144 3325.04 0.48 2313313 669730.11 19.97 370 142.17 0.48 51296 24809.03 19.97 205 6 99 31365 918 15147 21.0 24.0 23.83 0.03
138600.0 354 67.02 0.45 52036 10240.73 0.46 15121 3324.37 0.48 2328434 673054.47 19.97 350 142.38 0.48 51646 24951.41 19.97 205 6 99 31570 924 15246 21.0 24.0 23.83 0.03
139500.0 310 66.24 0.45 52346 10306.97 0.46 15081 3324.04 0.48 2343515 676378.51 19.97 310 142.07 0.48 51956 25093.48 19.97 205 6 99 31775 930 15345 21.0 24.0 23.84 0.03
140400.0 310 66.24 0.45 52656 10373.21 0.46 15080 3323.61 0.48 2358595 679702.12 19.97 310 142.07 0.48 52266 25235.54 19.97 205 6 99 31980 936 15444 21.0 24.0 23.85 0.03
141300.0 376 66.39 0.45 53032 10439.6 0.46 15137 3322.34 0.48 2373732 683024.46 19.97 370 142.17 0.48 52636 25377.71 19.97 205 6 99 32185 942 15543 21.0 24.0 23.85 0.03
142200.0 354 67.02 0.45 53386 10506.62 0.46 15117 3322.56 0.48 2388849 686347.02 19.97 350 142.37 0.48 52986 25520.08 19.97 205 6 99 32390 948 15642 21.0 24.0 23.85 0.03
143100.0 310 66.24 0.45 53696 10572.86 0.46 15077 3322.24 0.48 2403926 689669.26 19.97 310 142.07 0.48 53296 25662.15 19.97 205 6 99 32595 954 15741 21.0 24.0 23.87 0.03
144000.0 310 66.24 0.45 54006 10639.1 0.46 15075 3321.36 0.48 2419001 692990.62 19.97 310 142.07 0.48 53606 25804.21 19.97 205 6 99 32800 960 15840 21.0 24.0 23.88 0.03
144900.0 376 66.39 0.45 54382 10705.48 0.46 15135 3321.44 0.48 2434136 696312.06 19.97 370 142.17 0.48 53976 25946.39 19.97 205 6 99 33005 966 15939 21.0 24.0 23.88 0.03
145800.0 354 67.02 0.45 54736 10772.5 0.46 15115 3321.67 0.48 2449251 699633.73 19.97 350 142.38 0.48 54326 26088.76 19.97 205 6 99 33210 972 16038 21.0 24.0 23.88 0.03
146700.0 310 66.24 0.45 55046 10838.75 0.46 15066 3318.19 0.48 2464317 702951.91 19.97 310 142.07 0.48 54636 26230.83 19.97 205 6 99 33415 978 16137 21.0 24.0 23.88 0.03
147600.0 310 66.24 0.45 55356 10904.99 0.46 15066 3318.21 0.48 2479383 706270.12 19.97 310 142.07 0.48 54946 26372.9 19.97 205 6 99 33620 984 16236 21.0 24.0 23.88 0.03
148500.0 376 66.39 0.45 55732 10971.37 0.46 15126 3318.29 0.48 2494509 709588.41 19.97 370 142.17 0.48 55316 26515.07 19.97 205 6 99 33825 990 16335 21.0 24.0 23.88 0.03
149400.0 354 67.02 0.45 56086 11038.39 0.46 15105 3318.06 0.48 2509614 712906.47 19.97 350 142.37 0.48 55666 26657.43 19.97 205 6 99 34030 996 16434 21.0 24.0 23.88 0.03
150300.0 310 66.24 0.45 56396 11104.63 0.46 15065 3317.74 0.48 2524679 716224.21 19.97 310 142.07 0.48 55976 26799.5 19.97 205 6 99 34235 1002 16533 21.0 24.0 23.88 0.03
151200.0 310 66.24 0.45 56706 11170.87 0.46 15064 3317.31 0.48 2539743 719541.52 19.97 310 142.07 0.48 56286 26941.57 19.97 205 6 99 34440 1008 16632 21.0 24.0 23.89 0.03
152100.0 376 66.39 0.45 57082 11237.26 0.46 15120 3316.49 0.48 2554863 722858.01 19.97 370 142.17 0.48 56656 27083.74 19.97 205 6 99 34645 1014 16731 21.0 24.0 23.89 0.03
153000.0 354 67.02 0.45 57436 11304.28 0.46 15100 3316.72 0.48 2569963 726174.73 19.97 350 142.38 0.48 57006 27226.11 19.97 205 6 99 34850 1020 16830 21.0 24.0 23.89 0.03
153900.0 310 66.24 0.45 57746 11370.52 0.46 15059 3316.39 0.48 2585022 729491.11 19.97 310 142.07 0.48 57316 27368.18 19.97 205 6 99 35055 1026 16929 21.0 24.0 23.88 0.04
154800.0 310 66.24 0.45 58056 11436.76 0.46 15056 3315.96 0.48 2600078 732807.07 19.97 310 142.07 0.48 57626 27510.25 19.97 205 6 99 35260 1032 17028 21.0 24.0 23.88 0.04
155700.0 376 66.39 0.45 58432 11503.15 0.46 15116 3316.04 0.48 2615194 736123.11 19.97 370 142.17 0.48 57996 27652.42 19.97 205 6 99 35465 1038 17127 21.0 24.0 23.88 0.04
156600.0 354 67.02 0.45 58786 11570.17 0.46 15095 3316.26 0.48 2630289 739439.37 19.97 350 142.37 0.48 58346 27794.79 19.97 205 6 99 35670 1044 17226 21.0 24.0 23.88 0.04
157500.0 310 66.24 0.45 59096 11636.41 0.46 15053 3315.49 0.48 2645342 742754.86 19.97 310 142.07 0.48 58656 27936.86 19.97 205 6 99 35875 1050 17325 21.0 24.0 23.88 0.04
158400.0 310 66.24 0.45 59406 11702.65 0.46 15053 3315.51 0.48 2660395 746070.37 19.97 310 142.07 0.48 58966 28078.92 19.97 205 6 99 36080 1056 17424 21.0 24.0 23.88 0.04
159300.0 376 66.39 0.45 59782 11769.04 0.46 15112 3315.59 0.48 2675507 749385.96 19.97 370 142.17 0.48 59336 28221.09 19.97 205 6 99 36285 1062 17523 21.0 24.0 23.88 0.04
160200.0 354 67.02 0.45 60136 11836.05 0.46 15090 3314.92 0.48 2690597 752700.88 19.97 350 142.38 0.48 59686 28363.47 19.97 205 6 99 36490 1068 17622 21.0 24.0 23.88 0.04
161100.0 310 66.24 0.45 60446 11902.3 0.46 15050 3314.59 0.48 2705647 756015.47 19.97 310 142.07 0.48 59996 28505.54 19.97 205 6 99 36695 1074 17721 21.0 24.0 23.85 0.04
162000.0 310 66.24 0.45 60756 11968.54 0.46 15049 3314.61 0.48 2720696 759330.07 19.97 310 142.07 0.48 60306 28647.6 19.97 205 6 99 36900 1080 17820 21.0 24.0 23.85 0.04
162900.0 376 66.38 0.45 61132 12034.92 0.46 15105 3313.79 0.48 2735801 762643.86 19.97 370 142.17 0.48 60676 28789.77 19.97 205 6 99 37105 1086 17919 21.0 24.0 23.85 0.04
163800.0 354 67.02 0.45 61486 12101.94 0.46 15085 3314.01 0.48 2750886 765957.87 19.97 350 142.37 0.48 61026 28932.14 19.97 205 6 99 37310 1092 18018 21.0 24.0 23.85 0.04
164700.0 310 66.24 0.45 61796 12168.18 0.46 15045 3313.69 0.48 2765931 769271.56 19.97 310 142.07 0.48 61336 29074.21 19.97 205 6 99 37515 1098 18117 21.0 24.0 23.83 0.05
165600.0 310 66.24 0.45 62106 12234.42 0.46 15043 3313.26 0.48 2780974 772584.82 19.97 310 142.07 0.48 61646 29216.27 19.97 205 6 99 37720 1104 18216 21.0 24.0 23.82 0.04
166500.0 376 66.39 0.45 62482 12300.81 0.46 15103 3313.34 0.48 2796077 775898.16 19.97 370 142.17 0.48 62016 29358.45 19.97 205 6 99 37925 1110 18315 21.0 24.0 23.82 0.04
167400.0 354 67.02 0.45 62836 12367.83 0.46 15083 3313.57 0.48 2811160 779211.73 19.97 350 142.38 0.48 62366 29500.82 19.97 205 6 99 38130 1116 18414 21.0 24.0 23.82 0.04
168300.0 310 66.24 0.45 63146 12434.07 0.46 15038 3311.44 0.48 2826198 782523.17 19.97 310 142.07 0.48 62676 29642.89 19.97 205 6 99 38335 1122 18513 21.0 24.0 23.8 0.05
169200.0 310 66.24 0.45 63456 12500.31 0.46 15039 3311.91 0.48 2841237 785835.07 19.97 310 142.07 0.48 62986 29784.96 19.97 205 6 99 38540 1128 18612 21.0 24.0 23.79 0.05
170100.0 376 66.38 0.45 63832 12566.69 0.46 15098 3311.54 0.48 2856335 789146.61 19.97 370 142.17 0.48 63356 29927.13 19.97 205 6 99 38745 1134 18711 21.0 24.0 23.79 0.05
171000.0 354 67.02 0.45 64186 12633.71 0.46 15076 3311.31 0.48 2871411 792457.92 19.97 350 142.37 0.48 63706 30069.49 19.97 205 6 99 38950 1140 18810 21.0 24.0 23.79 0.05
171900.0 310 66.24 0.45 64496 12699.95 0.46 15033 3310.09 0.48 2886444 795768.01 19.97 310 142.07 0.48 64016 30211.56 19.97 205 6 99 39155 1146 18909 21.0 24.0 23.75 0.05
172800.0 310 66.24 0.45 64806 12766.19 0.46 15033 3310.11 0.48 2901477 799078.12 19.97 310 142.07 0.48 64326 30353.63 19.97 205 6 99 39360 1152 19008 21.0 24.0 23.74 0.05
173700.0 376 66.39 0.45 65182 12832.58 0.46 15089 3309.29 0.48 2916566 802387.41 19.97 370 142.17 0.48 64696 30495.8 19.97 205 6 99 39565 1158 19107 21.0 24.0 23.74 0.05
174600.0 354 67.02 0.45 65536 12899.6 0.46 15067 3308.62 0.48 2931633 805696.03 19.97 350 142.38 0.48 65046 30638.17 19.97 205 6 99 39770 1164 19206 21.0 24.0 23.74 0.05
175500.0 310 66.24 0.45 65846 12965.84 0.46 15027 3307.84 0.48 2946660 809003.86 19.97 310 142.07 0.48 65356 30780.24 19.97 205 6 99 39975 1170 19305 21.0 24.0 23.7 0.05
176400.0 310 66.24 0.45 66156 13032.08 0.46 15027 3308.31 0.48 2961687 812312.17 19.97 310 142.07 0.48 65666 30922.31 19.97 205 6 99 40180 1176 19404 21.0 23.9 23.68 0.05
177300.0 376 66.39 0.45 66532 13098.47 0.46 15087 3308.39 0.48 2976774 815620.56 19.97 370 142.17 0.48 66036 31064.48 19.97 205 6 99 40385 1182 19503 21.0 23.9 23.68 0.05
178200.0 354 67.02 0.45 66886 13165.49 0.46 15065 3308.17 0.48 2991839 818928.73 19.97 350 142.38 0.48 66386 31206.86 19.97 205 6 99 40590 1188 19602 21.0 23.9 23.68 0.05
179100.0 310 66.24 0.45 67196 13231.73 0.46 15018 3305.59 0.48 3006857 822234.32 19.97 310 142.07 0.48 66696 31348.93 19.97 205 6 99 40795 1194 19701 21.0 23.9 23.61 0.05
180000.0 310 66.24 0.45 67506 13297.97 0.46 15024 3307.41 0.48 3021881 825541.73 19.97 310 142.07 0.48 67006 31490.99 19.97 205 6 99 41000 1200 19800 21.0 23.9 23.58 0.05
180900.0 376 66.39 0.45 67882 13364.36 0.46 15083 3307.49 0.48 3036964 828849.22 19.97 370 142.17 0.48 67376 31633.16 19.97 205 6 99 41205 1206 19899 21.0 23.9 23.58 0.05
181800.0 354 67.02 0.45 68236 13431.37 0.46 15056 3304.57 0.48 3052020 832153.78 19.97 350 142.38 0.48 67726 31775.54 19.97 205 6 99 41410 1212 19998 21.0 23.9 23.58 0.05
182700.0 310 66.24 0.45 68546 13497.62 0.46 15013 3303.34 0.48 3067033 835457.12 19.97 310 142.07 0.48 68036 31917.61 19.97 205 6 99 41615 1218 20097 21.0 23.8 23.5 0.05
183600.0 310 66.24 0.45 68856 13563.86 0.46 15019 3305.61 0.48 3082052 838762.73 19.97 310 142.07 0.48 68346 32059.67 19.97 205 6 99 41820 1224 20196 21.0 23.8 23.45 0.04
184500.0 376 66.39 0.45 69232 13630.24 0.46 15071 3302.99 0.48 3097123 842065.72 19.97 370 142.17 0.48 68716 32201.84 19.97 205 6 99 42025 1230 20295 21.0 23.8 23.45 0.04
185400.0 354 67.02 0.45 69586 13697.26 0.46 15045 3301.87 0.48 3112168 845367.59 19.97 350 142.38 0.48 69066 32344.22 19.97 205 6 99 42230 1236 20394 21.0 23.8 23.45 0.04
186300.0 310 66.24 0.45 69896 13763.5 0.46 15010 3303.34 0.48 3127178 848670.93 19.97 310 142.07 0.48 69376 32486.29 19.97 205 6 99 42435 1242 20493 21.0 23.7 23.33 0.05
187200.0 310 66.24 0.45 70206 13829.75 0.46 15004 3301.56 0.48 3142182 851972.48 19.97 310 142.07 0.48 69686 32628.35 19.97 205 6 99 42640 1248 20592 21.0 23.7 23.27 0.04
188100.0 376 66.39 0.45 70582 13896.13 0.46 15063 3301.64 0.48 3157245 855274.12 19.97 370 142.17 0.48 70056 32770.52 19.97 205 6 99 42845 1254 20691 21.0 23.7 23.27 0.04
189000.0 354 67.02 0.45 70936 13963.15 0.46 15040 3300.97 0.48 3172285 858575.09 19.97 350 142.38 0.48 70406 32912.9 19.97 205 6 99 43050 1260 20790 21.0 23.7 23.27 0.04
189900.0 310 66.24 0.45 71246 14029.39 0.46 14998 3298.84 0.48 3187283 861873.93 19.97 310 142.07 0.48 70716 33054.97 19.97 205 6 99 43255 1266 20889 21.0 23.5 23.11 0.05
190800.0 310 66.24 0.45 71556 14095.63 0.46 14998 3299.31 0.48 3202281 865173.24 19.97 310 142.07 0.48 71026 33197.03 19.97 205 6 99 43460 1272 20988 21.0 23.5 23.02 0.04
191700.0 376 66.39 0.45 71932 14162.02 0.46 15056 3298.94 0.48 3217337 868472.18 19.97 370 142.17 0.48 71396 33339.2 19.97 205 6 99 43665 1278 21087 21.0 23.5 23.02 0.04
192600.0 354 67.02 0.45 72286 14229.04 0.46 15024 3295.12 0.48 3232361 871767.29 19.97 350 142.38 0.48 71746 33481.58 19.97 205 6 99 43870 1284 21186 21.0 23.5 23.02 0.04
193500.0 310 66.24 0.45 72596 14295.28 0.46 14989 3296.14 0.48 3247350 875063.43 19.97 310 142.07 0.48 72056 33623.65 19.97 205 6 99 44075 1290 21285 21.0 23.3 22.83 0.04
194400.0 310 66.24 0.45 72906 14361.52 0.46 14991 3297.51 0.48 3262341 878360.94 19.97 310 142.07 0.48 72366 33765.71 19.97 205 6 99 44280 1296 21384 21.0 23.3 22.74 0.04
195300.0 376 66.39 0.45 73282 14427.91 0.46 15043 3294.89 0.48 3277384 881655.83 19.97 370 142.17 0.48 72736 33907.89 19.97 205 6 99 44485 1302 21483 21.0 23.3 22.74 0.03
196200.0 354 67.02 0.45 73636 14494.93 0.46 15020 3293.77 0.48 3292404 884949.6 19.97 350 142.38 0.48 73086 34050.26 19.97 205 6 99 44690 1308 21582 21.0 23.3 22.74 0.03
197100.0 310 66.24 0.45 73946 14561.17 0.46 14981 3295.24 0.48 3307385 888244.84 19.97 310 142.07 0.48 73396 34192.33 19.97 205 6 99 44895 1314 21681 21.0 23.1 22.54 0.03
198000.0 310 66.24 0.45 74256 14627.41 0.46 14968 3288.96 0.48 3322353 891533.79 19.97 310 142.07 0.48 73706 34334.4 19.97 205 6 99 45100 1320 21780 21.0 23.1 22.43 0.03
198900.0 376 66.39 0.45 74632 14693.79 0.46 15028 3289.04 0.48 3337381 894822.83 19.97 370 142.17 0.48 74076 34476.57 19.97 205 6 99 45305 1326 21879 21.0 23.1 22.43 0.03
199800.0 354 67.02 0.45 74986 14760.81 0.46 15006 3288.36 0.48 3352387 898111.19 19.97 350 142.37 0.48 74426 34618.93 19.97 205 6 99 45510 1332 21978 21.0 23.1 22.43 0.03
200700.0 310 66.24 0.45 75296 14827.06 0.46 14973 3290.74 0.48 3367360 901401.93 19.97 310 142.07 0.48 74736 34761.0 19.97 205 6 99 45715 1338 22077 21.0 22.8 22.27 0.02
201600.0 310 66.24 0.45 75606 14893.3 0.46 14971 3290.76 0.48 3382331 904692.69 19.97 310 142.07 0.48 75046 34903.07 19.97 205 6 99 45920 1344 22176 21.0 22.8 22.2 0.03
202500.0 376 66.39 0.45 75982 14959.68 0.46 15031 3290.84 0.48 3397362 907983.53 19.97 370 142.17 0.48 75416 35045.24 19.97 205 6 99 46125 1350 22275 21.0 22.8 22.2 0.03
203400.0 354 67.02 0.45 76336 15026.7 0.46 15007 3289.72 0.48 3412369 911273.24 19.97 350 142.38 0.48 75766 35187.61 19.97 205 6 99 46330 1356 22374 21.0 22.8 22.2 0.03
204300.0 310 66.24 0.45 76646 15092.94 0.46 14975 3291.19 0.48 3427344 914564.43 19.97 310 142.07 0.48 76076 35329.68 19.97 205 6 99 46535 1362 22473 21.0 22.6 22.07 0.02
205200.0 310 66.24 0.45 76956 15159.19 0.46 14976 3291.66 0.48 3442320 917856.09 19.97 310 142.07 0.48 76386 35471.75 19.97 205 6 99 46740 1368 22572 21.0 22.6 22.07 0.02
206100.0 376 66.38 0.45 77332 15225.57 0.46 15034 3291.29 0.48 3457354 921147.38 19.97 370 142.17 0.48 76756 35613.92 19.97 205 6 99 46945 1374 22671 21.0 22.6 22.07 0.02
207000.0 354 67.02 0.45 77686 15292.59 0.46 15007 3289.71 0.48 3472361 924437.09 19.97 350 142.37 0.48 77106 35756.29 19.97 205 6 99 47150 1380 22770 21.0 22.6 22.07 0.02
207900.0 310 66.24 0.45 77996 15358.83 0.46 14973 3290.74 0.48 3487334 927727.83 19.97 310 142.07 0.48 77416 35898.36 19.97 205 6 99 47355 1386 22869 21.0 22.2 22.02 0.01
208800.0 310 66.24 0.45 78306 15425.07 0.46 14972 3290.31 0.48 3502306 931018.13 19.97 310 142.07 0.48 77726 36040.42 19.97 205 6 99 47560 1392 22968 21.0 22.2 22.02 0.01
209700.0 376 66.39 0.45 78682 15491.45 0.46 15031 3289.94 0.48 3517337 934308.07 19.97 370 142.17 0.48 78096 36182.59 19.97 205 6 99 47765 1398 23067 21.0 22.2 22.02 0.01
210600.0 354 67.02 0.45 79036 15558.47 0.46 15001 3287.02 0.48 3532338 937595.09 19.97 350 142.38 0.48 78446 36324.97 19.97 205 6 99 47970 1404 23166 21.0 22.2 22.02 0.01
211500.0 310 66.24 0.45 79346 15624.72 0.46 14960 3287.14 0.48 3547298 940882.23 19.97 310 142.07 0.48 78756 36467.04 19.97 205 6 99 48175 1410 23265 21.0 22.0 22.0 0.0
212400.0 310 66.24 0.45 79656 15690.96 0.46 14960 3287.16 0.48 3562258 944169.39 19.97 310 142.07 0.48 79066 36609.1 19.97 205 6 99 48380 1416 23364 21.0 22.0 22.0 0.0
213300.0 376 66.38 0.45 80032 15757.34 0.46 15018 3286.34 0.48 3577276 947455.73 19.97 370 142.17 0.48 79436 36751.27 19.97 205 6 99 48585 1422 23463 21.0 22.0 22.0 0.0
214200.0 354 67.02 0.45 80386 15824.36 0.46 14984 3282.96 0.48 3592260 950738.69 19.97 350 142.37 0.48 79786 36893.64 19.97 205 6 99 48790 1428 23562 21.0 22.0 22.0 0.0
215100.0 310 66.24 0.45 80696 15890.6 0.46 14944 3282.64 0.48 3607204 954021.32 19.97 310 142.07 0.48 80096 37035.71 19.97 205 6 99 48995 1434 23661 21.0 22.0 22.0 0.0
216000.0 310 66.24 0.45 81006 15956.84 0.46 14941 3281.76 0.48 3622145 957303.08 19.97 310 142.07 0.48 80406 37177.77 19.97 205 6 99 49200 1440 23760 21.0 22.0 22.0 0.0
216900.0 376 66.39 0.45 81382 16023.23 0.46 14997 3280.94 0.48 3637142 960584.02 19.97 370 142.17 0.48 80776 37319.95 19.97 205 6 99 49405 1446 23859 21.0 22.0 22.0 0.0
217800.0 354 67.02 0.45 81736 16090.25 0.46 14976 3280.72 0.48 3652118 963864.74 19.97 350 142.38 0.48 81126 37462.32 19.97 205 6 99 49610 1452 23958 21.0 22.0 22.0 0.0
218700.0 310 66.24 0.45 82046 16156.49 0.46 14928 3278.59 0.48 3667046 967143.33 19.97 310 142.07 0.48 81436 37604.39 19.97 205 6 99 49815 1458 24057 21.0 22.0 22.0 0.0
219600.0 310 66.24 0.45 82356 16222.73 0.46 14927 3278.16 0.48 3681973 970421.48 19.97 310 142.07 0.48 81746 37746.46 19.97 205 6 99 50020 1464 24156 21.0 22.0 22.0 0.0
220500.0 376 66.39 0.45 82732 16289.11 0.46 14978 3275.99 0.48 3696951 973697.47 19.97 370 142.17 0.48 82116 37888.63 19.97 205 6 99 50225 1470 24255 21.0 22.0 22.0 0.0
221400.0 354 67.02 0.45 83086 16356.14 0.46 14955 3275.19 0.48 3711906 976972.66 19.97 350 142.38 0.48 82466 38031.01 19.97 205 6 99 50430 1476 24354 21.0 22.0 22.0 0.0
222300.0 310 66.25 0.45 83396 16422.38 0.46 15007 3302.43 0.48 3726913 980275.09 19.97 310 142.08 0.48 82776 38173.09 19.97 205 6 99 50635 1482 24453 19.8 22.0 21.12 0.08
223200.0 310 66.25 0.45 83706 16488.63 0.46 15035 3311.44 0.48 3741948 983586.53 19.97 310 142.08 0.48 83086 38315.17 19.97 205 6 99 50840 1488 24552 19.8 22.0 20.59 0.17
224100.0 376 66.39 0.45 84082 16555.02 0.46 15095 3311.53 0.48 3757043 986898.06 19.97 370 142.19 0.48 83456 38457.36 19.97 205 6 99 51045 1494 24651 19.8 21.8 20.57 0.15
225000.0 354 67.02 0.45 84436 16622.04 0.46 15075 3312.11 0.48 3772118 990210.17 19.97 350 142.39 0.48 83806 38599.75 19.97 205 6 99 51250 1500 24750 19.8 21.8 20.57 0.15
225900.0 310 66.25 0.45 84746 16688.29 0.46 15037 3312.15 0.48 3787155 993522.32 19.97 310 142.09 0.48 84116 38741.84 19.97 205 6 99 51455 1506 24849 19.8 21.7 20.51 0.14
226800.0 310 66.25 0.45 85056 16754.53 0.46 15037 3312.16 0.48 3802192 996834.48 19.97 310 142.09 0.48 84426 38883.93 19.97 205 6 99 51660 1512 24948 19.8 21.7 20.48 0.16
227700.0 376 66.39 0.45 85432 16820.92 0.46 15097 3312.25 0.48 3817289 1000146.73 19.97 370 142.2 0.48 84796 39026.13 19.97 205 6 99 51865 1518 25047 19.8 21.7 20.48 0.16
228600.0 354 67.02 0.45 85786 16887.94 0.46 15073 3311.73 0.48 3832362 1003458.46 19.97 350 142.4 0.48 85146 39168.53 19.97 205 6 99 52070 1524 25146 19.8 21.7 20.48 0.16
229500.0 310 66.25 0.45 86096 16954.19 0.46 15035 3311.57 0.48 3847397 1006770.03 19.97 310 142.09 0.48 85456 39310.61 19.97 205 6 99 52275 1530 25245 19.8 21.6 20.48 0.15
230400.0 310 66.25 0.45 86406 17020.44 0.46 15035 3310.69 0.48 3862432 1010080.72 19.97 310 142.08 0.48 85766 39452.7 19.97 205 6 99 52480 1536 25344 19.9 21.6 20.46 0.16
231300.0 376 66.39 0.45 86782 17086.82 0.46 15093 3310.77 0.48 3877525 1013391.5 19.97 370 142.19 0.48 86136 39594.89 19.97 205 6 99 52685 1542 25443 19.8 21.6 20.46 0.16
232200.0 354 67.02 0.45 87136 17153.84 0.46 15070 3310.66 0.48 3892595 1016702.15 19.97 350 142.4 0.48 86486 39737.29 19.97 205 6 99 52890 1548 25542 19.8 21.6 20.46 0.16
233100.0 310 66.25 0.45 87446 17220.09 0.46 15033 3311.06 0.48 3907628 1020013.22 19.97 310 142.1 0.48 86796 39879.38 19.97 205 6 99 53095 1554 25641 19.8 21.5 20.51 0.16
234000.0 310 66.25 0.45 87756 17286.34 0.46 15030 3311.08 0.48 3922658 1023324.29 19.97 310 142.09 0.48 87106 40021.48 19.97 205 6 99 53300 1560 25740 19.8 21.5 20.5 0.17
234900.0 376 66.39 0.45 88132 17352.73 0.46 15090 3311.17 0.48 3937748 1026635.46 19.97 370 142.2 0.48 87476 40163.68 19.97 205 6 99 53505 1566 25839 19.8 21.5 20.5 0.17
235800.0 354 67.02 0.45 88486 17419.75 0.46 15061 3307.47 0.48 3952809 1029942.93 19.97 350 142.39 0.48 87826 40306.07 19.97 205 6 99 53710 1572 25938 19.8 21.5 20.5 0.17
236700.0 310 66.24 0.45 88796 17485.99 0.46 15030 3308.57 0.48 3967839 1033251.5 19.97 310 142.08 0.48 88136 40448.15 19.97 205 6 99 53915 1578 26037 19.8 21.4 20.55 0.16
237600.0 310 66.24 0.45 89106 17552.23 0.46 15029 3308.59 0.48 3982868 1036560.1 19.97 310 142.08 0.48 88446 40590.23 19.97 205 6 99 54120 1584 26136 19.8 21.4 20.55 0.16
238500.0 376 66.38 0.45 89482 17618.62 0.46 15080 3306.87 0.48 3997948 1039866.97 19.97 370 142.19 0.48 88816 40732.42 19.97 205 6 99 54325 1590 26235 19.7 21.4 20.55 0.16
239400.0 354 67.02 0.45 89836 17685.64 0.46 15038 3300.52 0.48 4012986 1043167.49 19.97 350 142.39 0.48 89166 40874.81 19.97 205 6 99 54530 1596 26334 19.7 21.4 20.55 0.16
240300.0 310 66.24 0.45 90146 17751.88 0.46 15017 3306.04 0.48 4028003 1046473.54 19.97 310 142.08 0.48 89476 41016.89 19.97 205 6 99 54735 1602 26433 19.7 21.6 20.6 0.17
241200.0 310 66.24 0.45 90456 17818.13 0.46 15012 3304.26 0.48 4043015 1049777.8 19.97 310 142.08 0.48 89786 41158.98 19.97 205 6 99 54940 1608 26532 19.7 21.6 20.6 0.17
242100.0 376 66.39 0.45 90832 17884.52 0.46 15071 3303.89 0.48 4058086 1053081.7 19.97 370 142.19 0.48 90156 41301.16 19.97 205 6 99 55145 1614 26631 19.7 21.6 20.6 0.17
243000.0 354 67.02 0.45 91186 17951.54 0.46 15034 3298.81 0.48 4073120 1056380.5 19.97 350 142.39 0.48 90506 41443.55 19.97 205 6 99 55350 1620 26730 19.7 21.6 20.6 0.17
243900.0 310 66.25 0.45 91496 18017.78 0.46 15009 3303.73 0.48 4088129 1059684.23 19.97 310 142.08 0.48 90816 41585.64 19.97 205 6 99 55555 1626 26829 19.7 21.8 20.65 0.18
244800.0 310 66.25 0.45 91806 18084.03 0.46 15007 3303.3 0.48 4103136 1062987.53 19.97 310 142.08 0.48 91126 41727.72 19.97 205 6 99 55760 1632 26928 19.7 21.8 20.64 0.18
245700.0 376 66.39 0.45 92182 18150.42 0.46 15067 3303.38 0.48 4118203 1066290.9 19.97 370 142.19 0.48 91496 41869.9 19.97 205 6 99 55965 1638 27027 19.6 21.8 20.64 0.18
246600.0 354 67.02 0.45 92536 18217.44 0.46 15023 3295.75 0.48 4133226 1069586.66 19.97 350 142.39 0.48 91846 42012.29 19.97 205 6 99 56170 1644 27126 19.6 21.8 20.64 0.18
247500.0 310 66.25 0.45 92846 18283.69 0.46 15001 3300.25 0.48 4148227 1072886.91 19.97 310 142.08 0.48 92156 42154.36 19.97 205 6 99 56375 1650 27225 19.6 21.9 20.63 0.19
248400.0 310 66.25 0.45 93156 18349.93 0.46 14999 3299.36 0.48 4163226 1076186.27 19.97 310 142.07 0.48 92466 42296.44 19.97 205 6 99 56580 1656 27324 19.6 21.9 20.63 0.2
249300.0 376 66.39 0.45 93532 18416.32 0.46 15049 3296.3 0.48 4178275 1079482.57 19.97 370 142.18 0.48 92836 42438.61 19.97 205 6 99 56785 1662 27423 19.5 21.9 20.63 0.2
250200.0 354 67.02 0.45 93886 18483.34 0.46 15014 3292.55 0.48 4193289 1082775.12 19.97 350 142.39 0.48 93186 42581.0 19.97 205 6 99 56990 1668 27522 19.5 21.9 20.63 0.2
251100.0 310 66.24 0.45 94196 18549.59 0.46 14998 3299.85 0.48 4208287 1086074.97 19.97 310 142.08 0.48 93496 42723.08 19.97 205 6 99 57195 1674 27621 19.5 22.0 20.6 0.21
252000.0 310 66.24 0.45 94506 18615.83 0.46 15005 3300.77 0.48 4223292 1089375.75 19.97 310 142.07 0.48 93806 42865.15 19.97 205 6 99 57400 1680 27720 19.5 22.0 20.57 0.23
252900.0 376 66.39 0.45 94882 18682.22 0.46 15064 3300.4 0.48 4238356 1092676.15 19.97 370 142.18 0.48 94176 43007.33 19.97 205 6 99 57605 1686 27819 19.5 22.0 20.57 0.24
253800.0 354 67.02 0.45 95236 18749.24 0.46 15024 3293.78 0.48 4253380 1095969.93 19.97 350 142.37 0.48 94526 43149.71 19.97 205 6 99 57810 1692 27918 19.5 22.0 20.57 0.24
254700.0 310 66.25 0.45 95546 18815.49 0.46 15032 3309.35 0.48 4268412 1099279.28 19.97 310 142.08 0.48 94836 43291.78 19.97 205 6 99 58015 1698 28017 19.5 21.8 20.44 0.23
255600.0 310 66.25 0.45 95856 18881.73 0.46 15037 3311.62 0.48 4283449 1102590.91 19.97 310 142.08 0.48 95146 43433.86 19.97 205 6 99 58220 1704 28116 19.5 21.8 20.4 0.24
256500.0 376 66.39 0.45 96232 18948.12 0.46 15097 3311.71 0.48 4298546 1105902.61 19.97 370 142.18 0.48 95516 43576.04 19.97 205 6 99 58425 1710 28215 19.3 21.8 20.4 0.24
257400.0 354 67.02 0.45 96586 19015.14 0.46 15056 3306.53 0.48 4313602 1109209.14 19.97 350 142.39 0.48 95866 43718.43 19.97 205 6 99 58630 1716 28314 19.3 21.8 20.4 0.24
258300.0 310 66.25 0.45 96896 19081.39 0.46 15044 3313.7 0.48 4328646 1112522.84 19.97 310 142.09 0.48 96176 43860.52 19.97 205 6 99 58835 1722 28413 19.3 21.8 20.23 0.24
259200.0 310 66.25 0.45 97206 19147.63 0.46 15045 3314.16 0.48 4343691 1115837.0 19.97 310 142.08 0.48 96486 44002.6 19.97 205 6 99 59040 1728 28512 19.3 21.6 20.17 0.27
260100.0 376 66.39 0.45 97582 19214.02 0.46 15105 3314.25 0.48 4358796 1119151.25 19.97 370 142.19 0.48 96856 44144.79 19.97 205 6 99 59245 1734 28611 19.2 21.6 20.16 0.27
261000.0 356 67.18 0.45 97938 19281.2 0.46 15392 151703.86 19.97 4374188 1270855.11 19.97 352 3151.81 19.97 97208 47296.6 19.97 205 6 99 59450 1740 28710 19.2 21.6 20.16 0.27
261900.0 310 66.24 0.46 98248 19347.45 0.46 15063 3319.28 0.48 4389251 1274174.39 19.97 310 142.09 0.48 97518 47438.69 19.97 205 6 99 59655 1746 28809 18.9 21.6 19.71 0.21
262800.0 310 66.24 0.46 98558 19413.69 0.46 15066 3319.75 0.48 4404317 1277494.14 19.97 310 142.09 0.48 97828 47580.78 19.97 205 6 99 59860 1752 28908 18.9 21.0 19.65 0.25
263700.0 376 66.39 0.46 98934 19480.08 0.46 15126 3319.83 0.48 4419443 1280813.97 19.97 370 142.19 0.48 98198 47722.97 19.97 205 6 99 60065 1758 29007 18.9 21.0 19.65 0.25
264600.0 356 67.2 0.46 99290 19547.28 0.46 15415 152069.22 19.99 4434858 1432883.18 19.99 352 3159.47 19.99 98550 50882.44 19.99 205 6 99 60270 1764 29106 18.9 21.0 19.64 0.25
265500.0 310 66.28 0.46 99600 19613.55 0.46 15140 3363.57 0.49 4449998 1436246.75 19.99 310 142.55 0.49 98860 51024.99 19.99 205 6 99 60475 1770 29205 17.3 21.0 18.15 0.15
266400.0 310 66.28 0.46 99910 19679.83 0.46 15148 3366.25 0.49 4465146 1439613.0 19.99 310 142.55 0.49 99170 51167.54 19.99 205 6 99 60680 1776 29304 17.3 21.0 17.84 0.08
267300.0 376 66.42 0.46 100286 19746.25 0.46 15208 3366.38 0.49 4480354 1442979.38 19.99 370 142.65 0.49 99540 51310.19 19.99 205 6 99 60885 1782 29403 17.3 21.0 17.83 0.05
268200.0 356 67.22 0.46 100642 19813.47 0.46 15496 152087.95 19.98 4495850 1595067.33 19.99 352 3157.73 19.98 99892 54467.92 19.99 205 6 99 61090 1788 29502 17.3 21.0 17.83 0.05
269100.0 310 66.27 0.46 100952 19879.75 0.46 15141 3363.54 0.49 4510991 1598430.87 19.99 310 142.54 0.49 100202 54610.46 19.99 205 6 99 61295 1794 29601 17.3 21.0 17.8 0.05
270000.0 310 66.27 0.46 101262 19946.02 0.46 15141 3363.49 0.49 4526132 1601794.36 19.99 310 142.53 0.49 100512 54752.99 19.99 205 6 99 61500 1800 29700 17.3 21.0 17.78 0.06
270900.0 376 66.42 0.46 101638 20012.44 0.46 15200 3363.18 0.49 4541332 1605157.54 19.99 370 142.64 0.49 100882 54895.63 19.99 205 6 99 61705 1806 29799 17.3 21.0 17.78 0.06
271800.0 354 67.05 0.46 101992 20079.49 0.46 15177 3362.08 0.49 4556509 1608519.62 19.99 350 142.83 0.49 101232 55038.46 19.99 205 6 99 61910 1812 29898 17.3 21.0 17.78 0.06
272700.0 310 66.27 0.46 102302 20145.77 0.46 15141 3363.62 0.49 4571650 1611883.24 19.99 310 142.53 0.49 101542 55180.99 19.99 205 6 99 62115 1818 29997 17.3 21.0 17.77 0.06
273600.0 310 66.27 0.46 102612 20212.04 0.46 15141 3363.58 0.49 4586791 1615246.82 19.99 310 142.53 0.49 101852 55323.51 19.99 205 6 99 62320 1824 30096 17.3 21.0 17.76 0.06
274500.0 376 66.42 0.46 102988 20278.46 0.46 15198 3362.37 0.49 4601989 1618609.19 19.99 370 142.63 0.49 102222 55466.15 19.99 205 6 99 62525 1830 30195 17.3 21.0 17.76 0.06
275400.0 354 67.06 0.46 103342 20345.51 0.46 15174 3362.55 0.49 4617163 1621971.74 19.99 350 142.87 0.49 102572 55609.02 19.99 205 6 99 62730 1836 30294 17.3 21.0 17.76 0.06
276300.0 310 66.27 0.46 103652 20411.79 0.46 15132 3359.51 0.49 4632295 1625331.25 19.99 310 142.52 0.49 102882 55751.54 19.99 205 6 99 62935 1842 30393 17.3 21.0 17.75 0.05
277200.0 310 66.27 0.46 103962 20478.06 0.46 15135 3360.82 0.49 4647430 1628692.07 19.99 310 142.52 0.49 103192 55894.06 19.99 205 6 99 63140 1848 30492 17.3 21.0 17.73 0.05
278100.0 376 66.41 0.46 104338 20544.48 0.46 15195 3360.96 0.49 4662625 1632053.02 19.99 370 142.62 0.49 103562 56036.68 19.99 205 6 99 63345 1854 30591 17.3 21.0 17.73 0.05
279000.0 354 67.05 0.46 104692 20611.52 0.46 15172 3358.33 0.49 4677797 1635411.35 19.99 350 142.8 0.49 103912 56179.47 19.99 205 6 99 63550 1860 30690 17.3 21.0 17.73 0.05
279900.0 310 66.27 0.46 105002 20677.8 0.46 15129 3359.48 0.49 4692926 1638770.83 19.99 310 142.54 0.49 104222 56322.01 19.99 205 6 99 63755 1866 30789 17.3 21.0 17.72 0.05
280800.0 310 66.27 0.46 105312 20744.07 0.46 15131 3360.34 0.49 4708057 1642131.17 19.99 310 142.53 0.49 104532 56464.54 19.99 205 6 99 63960 1872 30888 17.3 21.0 17.71 0.05
281700.0 376 66.42 0.46 105688 20810.49 0.46 15188 3360.48 0.49 4723245 1645491.65 19.99 370 142.64 0.49 104902 56607.18 19.99 205 6 99 64165 1878 30987 17.3 21.0 17.71 0.05
282600.0 354 67.05 0.46 106042 20877.54 0.46 15166 3359.22 0.49 4738411 1648850.87 19.99 350 142.83 0.49 105252 56750.02 19.99 205 6 99 64370 1884 31086 17.3 21.0 17.71 0.05
283500.0 310 66.27 0.46 106352 20943.81 0.46 15126 3356.62 0.49 4753537 1652207.49 19.99 310 142.49 0.49 105562 56892.5 19.99 205 6 99 64575 1890 31185 17.3 21.0 17.7 0.05
284400.0 310 66.27 0.46 106662 21010.08 0.46 15127 3357.03 0.49 4768664 1655564.52 19.99 310 142.48 0.49 105872 57034.99 19.99 205 6 99 64780 1896 31284 17.3 21.0 17.69 0.05
285300.0 376 66.41 0.46 107038 21076.5 0.46 15187 3357.17 0.49 4783851 1658921.68 19.99 370 142.59 0.49 106242 57177.58 19.99 205 6 99 64985 1902 31383 17.3 21.0 17.69 0.05
286200.0 354 67.05 0.46 107392 21143.55 0.46 15165 3357.06 0.49 4799016 1662278.75 19.99 350 142.8 0.49 106592 57320.38 19.99 205 6 99 65190 1908 31482 17.3 21.0 17.69 0.05
287100.0 310 66.27 0.46 107702 21209.82 0.46 15125 3355.89 0.49 4814141 1665634.63 19.99 310 142.48 0.49 106902 57462.86 19.99 205 6 99 65395 1914 31581 17.3 21.0 17.69 0.05
288000.0 310 66.27 0.46 108012 21276.09 0.46 15125 3355.86 0.49 4829266 1668990.49 19.99 310 142.48 0.49 107212 57605.34 19.99 205 6 99 65600 1920 31680 17.3 21.0 17.68 0.05
288900.0 376 66.41 0.46 108388 21342.5 0.46 15185 3355.99 0.49 4844451 1672346.48 19.99 370 142.58 0.49 107582 57747.92 19.99 205 6 99 65805 1926 31779 17.3 21.0 17.68 0.05
289800.0 354 67.05 0.46 108742 21409.55 0.46 15156 3355.28 0.49 4859607 1675701.76 19.99 350 142.83 0.49 107932 57890.75 19.99 205 6 99 66010 1932 31878 17.3 21.0 17.68 0.05
290700.0 310 66.28 0.46 109052 21475.83 0.46 15118 3358.23 0.49 4874725 1679059.99 19.99 310 142.57 0.49 108242 58033.31 19.99 205 6 99 66215 1938 31977 17.3 21.0 17.69 0.04
291600.0 310 66.28 0.46 109362 21542.11 0.46 15119 3358.2 0.49 4889844 1682418.18 19.99 310 142.56 0.49 108552 58175.88 19.99 205 6 99 66420 1944 32076 17.3 21.0 17.68 0.04
292500.0 376 66.42 0.46 109738 21608.53 0.46 15176 3357.88 0.49 4905020 1685776.07 19.99 370 142.67 0.49 108922 58318.55 19.99 205 6 99 66625 1950 32175 17.3 21.0 17.68 0.04
293400.0 354 67.05 0.46 110092 21675.58 0.46 15154 3355.75 0.49 4920174 1689131.82 19.99 350 142.85 0.49 109272 58461.39 19.99 205 6 99 66830 1956 32274 17.3 21.0 17.68 0.04
294300.0 310 66.27 0.46 110402 21741.86 0.46 15116 3356.82 0.49 4935290 1692488.64 19.99 310 142.54 0.49 109582 58603.93 19.99 205 6 99 67035 1962 32373 17.4 21.0 17.69 0.04
295200.0 310 66.27 0.46 110712 21808.13 0.46 15111 3355.44 0.49 4950401 1695844.08 19.99 310 142.54 0.49 109892 58746.47 19.99 205 6 99 67240 1968 32472 17.4 21.0 17.68 0.04
296100.0 376 66.42 0.46 111088 21874.55 0.46 15171 3355.58 0.49 4965572 1699199.65 19.99 370 142.64 0.49 110262 58889.11 19.99 205 6 99 67445 1974 32571 17.4 21.0 17.68 0.04
297000.0 354 67.06 0.46 111442 21941.6 0.46 15147 3355.35 0.49 4980719 1702555.01 19.99 350 142.87 0.49 110612 59031.98 19.99 205 6 99 67650 1980 32670 17.4 21.0 17.68 0.04
297900.0 310 66.28 0.46 111752 22007.88 0.46 15106 3354.63 0.49 4995825 1705909.64 19.99 310 142.57 0.49 110922 59174.55 19.99 205 6 99 67855 1986 32769 17.4 21.0 17.68 0.04
298800.0 310 66.28 0.46 112062 22074.16 0.46 15108 3355.05 0.49 5010933 1709264.68 19.99 310 142.56 0.49 111232 59317.11 19.99 205 6 99 68060 1992 32868 17.4 21.0 17.68 0.04
299700.0 376 66.42 0.46 112438 22140.58 0.46 15168 3355.18 0.49 5026101 1712619.87 19.99 370 142.67 0.49 111602 59459.78 19.99 205 6 99 68265 1998 32967 17.4 21.0 17.68 0.04
300600.0 354 67.06 0.46 112792 22207.64 0.46 15143 3354.91 0.49 5041244 1715974.77 19.99 350 142.87 0.49 111952 59602.66 19.99 205 6 99 68470 2004 33066 17.4 21.0 17.68 0.04
301500.0 310 66.27 0.46 113102 22273.91 0.46 15107 3353.15 0.49 5056351 1719327.93 19.99 310 142.53 0.49 112262 59745.18 19.99 205 6 99 68675 2010 33165 17.4 21.0 17.69 0.04
302400.0 310 66.27 0.46 113412 22340.19 0.46 15107 3352.66 0.49 5071458 1722680.59 19.99 310 142.52 0.49 112572 59887.71 19.99 205 6 99 68880 2016 33264 17.4 21.0 17.68 0.04
303300.0 376 66.42 0.46 113788 22406.6 0.46 15164 3351.45 0.49 5086622 1726032.04 19.99 370 142.63 0.49 112942 60030.34 19.99 205 6 99 69085 2022 33363 17.4 21.0 17.68 0.04
304200.0 354 67.05 0.46 114142 22473.65 0.46 15139 3349.27 0.49 5101761 1729381.31 19.99 350 142.8 0.49 113292 60173.14 19.99 205 6 99 69290 2028 33462 17.4 21.0 17.68 0.04
305100.0 310 66.27 0.46 114452 22539.93 0.46 15105 3353.62 0.49 5116866 1732734.93 19.99 310 142.54 0.49 113602 60315.68 19.99 205 6 99 69495 2034 33561 17.4 21.0 17.69 0.04
306000.0 310 66.27 0.46 114762 22606.2 0.46 15105 3353.59 0.49 5131971 1736088.53 19.99 310 142.53 0.49 113912 60458.21 19.99 205 6 99 69700 2040 33660 17.4 21.0 17.68 0.04
306900.0 376 66.42 0.46 115138 22672.62 0.46 15165 3353.73 0.49 5147136 1739442.26 19.99 370 142.64 0.49 114282 60600.85 19.99 205 6 99 69905 2046 33759 17.4 21.0 17.68 0.04
307800.0 354 67.06 0.46 115492 22739.67 0.46 15135 3351.75 0.49 5162271 1742794.01 19.99 350 142.87 0.49 114632 60743.73 19.99 205 6 99 70110 2052 33858 17.4 21.0 17.68 0.04
308700.0 310 66.28 0.46 115802 22805.95 0.46 15097 3351.48 0.49 5177368 1746145.49 19.99 310 142.57 0.49 114942 60886.29 19.99 205 6 99 70315 2058 33957 17.4 21.0 17.7 0.04
309600.0 310 66.28 0.46 116112 22872.23 0.46 15096 3351.0 0.49 5192464 1749496.49 19.99 310 142.56 0.49 115252 61028.86 19.99 205 6 99 70520 2064 34056 17.4 21.0 17.69 0.04
310500.0 376 66.42 0.46 116488 22938.65 0.46 15155 3351.13 0.49 5207619 1752847.62 19.99 370 142.67 0.49 115622 61171.53 19.99 205 6 99 70725 2070 34155 17.4 21.0 17.69 0.04
311400.0 354 67.05 0.46 116842 23005.7 0.46 15125 3347.2 0.49 5222744 1756194.82 19.99 350 142.85 0.49 115972 61314.37 19.99 205 6 99 70930 2076 34254 17.4 21.0 17.69 0.04
312300.0 310 66.27 0.46 117152 23071.98 0.46 15095 3350.52 0.49 5237839 1759545.35 19.99 310 142.54 0.49 116282 61456.91 19.99 205 6 99 71135 2082 34353 17.4 21.0 17.7 0.05
313200.0 310 66.27 0.46 117462 23138.25 0.46 15093 3350.04 0.49 5252932 1762895.38 19.99 310 142.54 0.49 116592 61599.45 19.99 205 6 99 71340 2088 34452 17.4 21.0 17.71 0.05
314100.0 376 66.42 0.46 117838 23204.67 0.46 15147 3347.48 0.49 5268079 1766242.86 19.99 370 142.64 0.49 116962 61742.09 19.99 205 6 99 71545 2094 34551 17.3 21.0 17.71 0.05
315000.0 354 67.06 0.46 118192 23271.73 0.46 15115 3345.0 0.49 5283194 1769587.86 19.99 350 142.87 0.49 117312 61884.96 19.99 205 6 99 71750 2100 34650 17.3 21.0 17.71 0.05
315900.0 310 66.27 0.46 118502 23338.0 0.46 15076 3342.41 0.49 5298270 1772930.27 19.99 310 142.52 0.49 117622 62027.48 19.99 205 6 99 71955 2106 34749 17.3 21.0 17.72 0.05
316800.0 310 66.27 0.46 118812 23404.27 0.46 15071 3341.02 0.49 5313341 1776271.29 19.99 310 142.52 0.49 117932 62170.0 19.99 205 6 99 72160 2112 34848 17.3 21.0 17.72 0.05
317700.0 376 66.42 0.46 119188 23470.69 0.46 15126 3340.26 0.49 5328467 1779611.54 19.99 370 142.62 0.49 118302 62312.62 19.99 205 6 99 72365 2118 34947 17.3 21.0 17.72 0.05
318600.0 354 67.05 0.46 119542 23537.74 0.46 15100 3339.08 0.49 5343567 1782950.62 19.99 350 142.83 0.49 118652 62455.44 19.99 205 6 99 72570 2124 35046 17.3 21.0 17.72 0.05
319500.0 310 66.28 0.46 119852 23604.02 0.46 15070 3344.73 0.49 5358637 1786295.35 19.99 310 142.57 0.49 118962 62598.01 19.99 205 6 99 72775 2130 35145 17.3 21.0 17.73 0.05
320400.0 310 66.28 0.46 120162 23670.3 0.46 15067 3343.35 0.49 5373704 1789638.7 19.99 310 142.56 0.49 119272 62740.57 19.99 205 6 99 72980 2136 35244 17.3 21.0 17.72 0.05
321300.0 376 66.42 0.46 120538 23736.72 0.46 15124 3343.03 0.49 5388828 1792981.73 19.99 370 142.67 0.49 119642 62883.24 19.99 205 6 99 73185 2142 35343 17.3 21.0 17.72 0.05
322200.0 354 67.04 0.46 120892 23803.76 0.46 15088 3331.59 0.49 5403916 1796313.32 19.99 350 142.75 0.49 119992 63026.0 19.99 205 6 99 73390 2148 35442 17.3 21.0 17.72 0.05
323100.0 310 66.26 0.46 121202 23870.03 0.46 15055 3326.05 0.49 5418971 1799639.38 19.99 310 142.29 0.49 120302 63168.29 19.99 205 6 99 73595 2154 35541 17.3 21.0 17.73 0.05
324000.0 310 66.26 0.46 121512 23936.29 0.46 15063 3329.19 0.49 5434034 1802968.56 19.99 310 142.29 0.49 120612 63310.58 19.99 205 6 99 73800 2160 35640 17.3 21.0 17.74 0.06
324900.0 376 66.41 0.46 121888 24002.7 0.46 15123 3329.3 0.49 5449157 1806297.87 19.99 370 142.39 0.49 120982 63452.97 19.99 205 6 99 74005 2166 35739 17.3 21.0 17.74 0.06
325800.0 354 67.05 0.46 122242 24069.75 0.46 15092 3337.22 0.49 5464249 1809635.09 19.99 350 142.83 0.49 121332 63595.8 19.99 205 6 99 74210 2172 35838 17.3 21.0 17.74 0.06
326700.0 310 66.28 0.46 122552 24136.03 0.46 15057 3340.68 0.49 5479306 1812975.77 19.99 310 142.57 0.49 121642 63738.37 19.99 205 6 99 74415 2178 35937 17.3 21.0 17.75 0.06
327600.0 310 66.28 0.46 122862 24202.31 0.46 15053 3339.75 0.49 5494359 1816315.51 19.99 310 142.56 0.49 121952 63880.93 19.99 205 6 99 74620 2184 36036 17.3 21.0 17.75 0.06
328500.0 376 66.42 0.46 123238 24268.73 0.46 15112 3339.43 0.49 5509471 1819654.95 19.99 370 142.67 0.49 122322 64023.6 19.99 205 6 99 74825 2190 36135 17.2 21.0 17.75 0.06
329400.0 354 67.06 0.46 123592 24335.78 0.46 15073 3333.76 0.49 5524544 1822988.7 19.99 350 142.87 0.49 122672 64166.48 19.99 205 6 99 75030 2196 36234 17.2 21.0 17.75 0.06
330300.0 310 66.28 0.46 123902 24402.06 0.46 15044 3337.53 0.49 5539588 1826326.23 19.99 310 142.57 0.49 122982 64309.05 19.99 205 6 99 75235 2202 36333 17.2 21.0 17.77 0.06
331200.0 310 66.28 0.46 124212 24468.34 0.46 15042 3336.6 0.49 5554630 1829662.83 19.99 310 142.56 0.49 123292 64451.61 19.99 205 6 99 75440 2208 36432 17.2 21.0 17.77 0.06
332100.0 376 66.42 0.46 124588 24534.76 0.46 15099 3335.83 0.49 5569729 1832998.66 19.99 370 142.67 0.49 123662 64594.28 19.99 205 6 99 75645 2214 36531 17.2 21.0 17.77 0.06
333000.0 354 67.05 0.46 124942 24601.81 0.46 15047 3324.2 0.49 5584776 1836322.86 19.99 350 142.84 0.49 124012 64737.12 19.99 205 6 99 75850 2220 36630 17.2 21.0 17.77 0.06
333900.0 310 66.27 0.46 125252 24668.09 0.46 15000 3321.23 0.49 5599776 1839644.09 19.99 310 142.54 0.49 124322 64879.66 19.99 205 6 99 76055 2226 36729 17.2 21.0 17.77 0.07
334800.0 310 66.27 0.46 125562 24734.36 0.46 15004 3322.99 0.49 5614780 1842967.08 19.99 310 142.53 0.49 124632 65022.19 19.99 205 6 99 76260 2232 36828 17.2 21.0 17.77 0.07
335700.0 376 66.42 0.46 125938 24800.78 0.46 15054 3320.43 0.49 5629834 1846287.51 19.99 370 142.64 0.49 125002 65164.83 19.99 205 6 99 76465 2238 36927 17.2 21.0 17.77 0.07
336600.0 354 67.06 0.46 126292 24867.84 0.46 15016 3316.65 0.49 5644850 1849604.17 19.99 350 142.87 0.49 125352 65307.71 19.99 205 6 99 76670 2244 37026 17.2 21.0 17.77 0.07
337500.0 310 66.28 0.46 126602 24934.11 0.46 14985 3317.73 0.49 5659835 1852921.9 19.99 310 142.57 0.49 125662 65450.27 19.99 205 6 99 76875 2250 37125 17.2 21.0 17.78 0.07
338400.0 310 66.28 0.46 126912 25000.39 0.46 14991 3319.05 0.49 5674826 1856240.94 19.99 310 142.56 0.49 125972 65592.84 19.99 205 6 99 77080 2256 37224 17.2 21.0 17.79 0.07
339300.0 376 66.42 0.46 127288 25066.81 0.46 15043 3317.38 0.49 5689869 1859558.33 19.99 370 142.67 0.49 126342 65735.51 19.99 205 6 99 77285 2262 37323 17.2 21.0 17.79 0.07
340200.0 354 67.05 0.46 127642 25133.86 0.46 14993 3306.29 0.49 5704862 1862864.62 19.99 350 142.84 0.49 126692 65878.35 19.99 205 6 99 77490 2268 37422 17.2 21.0 17.79 0.07
341100.0 310 66.27 0.46 127952 25200.14 0.46 14943 3305.12 0.49 5719805 1866169.74 19.99 310 142.53 0.49 127002 66020.87 19.99 205 6 99 77695 2274 37521 17.2 21.0 17.8 0.07
342000.0 310 66.27 0.46 128262 25266.41 0.46 14941 3305.08 0.49 5734746 1869474.82 19.99 310 142.53 0.49 127312 66163.4 19.99 205 6 99 77900 2280 37620 17.2 21.0 17.8 0.07
342900.0 376 66.41 0.46 128638 25332.83 0.46 14995 3303.42 0.49 5749741 1872778.23 19.99 370 142.63 0.49 127682 66306.03 19.99 205 6 99 78105 2286 37719 17.2 21.0 17.8 0.07
343800.0 354 67.05 0.46 128992 25399.88 0.46 14957 3295.49 0.49 5764698 1876073.72 19.99 350 142.81 0.49 128032 66448.84 19.99 205 6 99 78310 2292 37818 17.2 21.0 17.8 0.07
344700.0 310 66.27 0.46 129302 25466.15 0.46 14924 3296.55 0.49 5779622 1879370.27 19.99 310 142.5 0.49 128342 66591.35 19.99 205 6 99 78515 2298 37917 17.2 21.0 17.8 0.08
345600.0 310 66.27 0.46 129612 25532.42 0.46 14921 3295.18 0.49 5794543 1882665.45 19.99 310 142.5 0.49 128652 66733.84 19.99 205 6 99 78720 2304 38016 17.2 21.0 17.8 0.08
