# seed = 1, gamma = 0.66, beta = 1.0, dee = 1.0, dcc = 25.0, dec = 10.0, dsCnd = 150.0, dLocalhost = 0.02, hostBroker = CLOUD 
#
# The columns have the following meaning: 
# instant[SECONDS] commCountUploadPartial delaySumUploadPartial[SECONDS] delayMaxUploadPartial[SECONDS] commCountUploadTot delaySumUploadTot[SECONDS] delayMaxUploadTot[SECONDS] commCountDownloadPartial delaySumDownloadPartial[SECONDS] delayMaxDownloadPartial[SECONDS] commCountDownloadTot delaySumDownloadTot[SECONDS] delayMaxDownloadTot[SECONDS] commCountDownloadMaxPartial delaySumDownloadMaxPartial[SECONDS] delayMaxDownloadMaxPartial[SECONDS] commCountDownloadMaxTot delaySumDownloadMaxTot[SECONDS] delayMaxDownloadMaxTot[SECONDS] runOnCloudPartial runOnEdgePartial runOnSmartphonePartial runOnCloudTot runOnEdgeTot runOnSmartphoneTot minTemp maxTemp avgTemp varianceTemp
0.0 0 0.0 0.0 0 0.0 0.0 0 0.0 0.0 0 0.0 0.0 0 0.0 0.0 0 0.0 0.0 0 0 0 0 0 0 17.0 25.0 21.0 0.0
900.0 376 49.43 0.16 376 49.43 0.16 16500 3324.78 0.27 16500 3324.78 0.27 370 65.45 0.27 370 65.45 0.27 4 6 300 4 6 300 18.9 21.0 19.37 0.77
1800.0 356 50.19 0.36 732 99.63 0.36 16788 187652.81 21.29 33288 190977.59 21.29 352 3524.69 21.29 722 3590.15 21.29 4 6 300 8 12 600 18.9 18.9 18.9 0.0
2700.0 310 49.34 0.17 1042 148.96 0.36 16438 3389.62 0.28 49726 194367.2 21.29 310 66.64 0.28 1032 3656.78 21.29 4 6 300 12 18 900 17.6 18.9 18.27 0.05
3600.0 310 49.34 0.17 1352 198.3 0.36 16440 3389.66 0.28 66166 197756.86 21.29 310 66.64 0.28 1342 3723.42 21.29 4 6 300 16 24 1200 17.6 18.9 18.21 0.05
4500.0 376 49.47 0.17 1728 247.77 0.36 16496 3389.65 0.28 82662 201146.51 21.29 370 66.66 0.28 1712 3790.09 21.29 4 6 300 20 30 1500 17.6 18.7 18.21 0.05
5400.0 356 50.21 0.36 2084 297.98 0.36 16824 10026.37 21.39 99486 211172.88 21.39 352 88.17 21.39 2064 3878.26 21.39 4 6 300 24 36 1800 17.6 18.7 18.21 0.05
6300.0 310 49.34 0.17 2394 347.32 0.36 16514 3416.44 0.28 116000 214589.32 21.39 310 66.95 0.28 2374 3945.2 21.39 4 6 300 28 42 2100 17.6 18.7 18.21 0.04
7200.0 310 49.34 0.17 2704 396.67 0.36 16516 3416.51 0.28 132516 218005.83 21.39 310 66.95 0.28 2684 4012.15 21.39 4 6 300 32 48 2400 17.6 18.7 18.23 0.04
8100.0 376 49.49 0.17 3080 446.15 0.36 16574 3416.48 0.28 149090 221422.32 21.39 370 66.97 0.28 3054 4079.13 21.39 4 6 300 36 54 2700 17.6 18.7 18.23 0.04
9000.0 356 50.21 0.36 3436 496.36 0.36 16856 10028.31 21.38 165946 231450.63 21.39 352 88.17 21.38 3406 4167.3 21.39 4 6 300 40 60 3000 17.6 18.7 18.23 0.04
9900.0 310 49.34 0.17 3746 545.69 0.36 16498 3403.69 0.28 182444 234854.32 21.39 310 66.75 0.28 3716 4234.05 21.39 4 6 300 44 66 3300 17.6 18.7 18.22 0.04
10800.0 310 49.34 0.17 4056 595.03 0.36 16502 3403.75 0.28 198946 238258.06 21.39 310 66.75 0.28 4026 4300.8 21.39 4 6 300 48 72 3600 17.6 18.7 18.13 0.04
11700.0 376 49.48 0.17 4432 644.51 0.36 16561 3403.72 0.28 215507 241661.79 21.39 370 66.78 0.28 4396 4367.58 21.39 4 6 300 52 78 3900 17.6 18.7 18.13 0.04
12600.0 354 50.12 0.36 4786 694.63 0.36 16523 3412.38 0.28 232030 245074.17 21.39 350 66.99 0.28 4746 4434.57 21.39 4 6 300 56 84 4200 17.6 18.7 18.13 0.04
13500.0 310 49.34 0.17 5096 743.97 0.36 16438 3412.25 0.28 248468 248486.42 21.39 310 66.91 0.28 5056 4501.48 21.39 4 6 300 60 90 4500 17.6 18.7 18.13 0.04
14400.0 310 49.34 0.17 5406 793.31 0.36 16436 3412.31 0.28 264904 251898.73 21.39 310 66.92 0.28 5366 4568.4 21.39 4 6 300 64 96 4800 17.6 18.7 18.12 0.04
15300.0 376 49.48 0.17 5782 842.8 0.36 16496 3412.28 0.28 281400 255311.01 21.39 370 66.94 0.28 5736 4635.34 21.39 4 6 300 68 102 5100 17.6 18.7 18.12 0.04
16200.0 354 50.11 0.36 6136 892.91 0.36 16470 3404.79 0.28 297870 258715.8 21.39 350 66.85 0.28 6086 4702.19 21.39 4 6 300 72 108 5400 17.6 18.7 18.12 0.04
17100.0 310 49.33 0.17 6446 942.24 0.36 16433 3399.55 0.28 314303 262115.35 21.39 310 66.67 0.28 6396 4768.86 21.39 4 6 300 76 114 5700 17.6 18.7 18.1 0.03
18000.0 310 49.33 0.17 6756 991.58 0.36 16437 3399.56 0.28 330740 265514.91 21.39 310 66.67 0.28 6706 4835.53 21.39 4 6 300 80 120 6000 17.6 18.7 18.09 0.04
18900.0 376 49.48 0.17 7132 1041.05 0.36 16497 3399.58 0.28 347237 268914.49 21.39 370 66.7 0.28 7076 4902.23 21.39 4 6 300 84 126 6300 17.6 18.6 18.09 0.04
19800.0 354 50.11 0.36 7486 1091.17 0.36 16471 3405.2 0.28 363708 272319.69 21.39 350 66.86 0.28 7426 4969.09 21.39 4 6 300 88 132 6600 17.6 18.6 18.09 0.04
20700.0 310 49.34 0.17 7796 1140.5 0.36 16435 3405.08 0.28 380143 275724.76 21.39 310 66.78 0.28 7736 5035.87 21.39 4 6 300 92 138 6900 17.6 18.6 18.07 0.03
21600.0 310 49.34 0.17 8106 1189.84 0.36 16438 3405.13 0.28 396581 279129.89 21.39 310 66.78 0.28 8046 5102.65 21.39 4 6 300 96 144 7200 17.6 18.6 18.06 0.03
22500.0 376 49.48 0.17 8482 1239.32 0.36 16497 3405.1 0.28 413078 282535.0 21.39 370 66.8 0.28 8416 5169.45 21.39 4 6 300 100 150 7500 17.6 18.6 18.06 0.03
23400.0 354 50.12 0.36 8836 1289.44 0.36 16464 3410.75 0.28 429542 285945.74 21.39 350 66.96 0.28 8766 5236.41 21.39 4 6 300 104 156 7800 17.6 18.6 18.06 0.03
24300.0 310 49.34 0.17 9146 1338.78 0.36 16421 3416.43 0.28 445963 289362.17 21.39 310 66.99 0.28 9076 5303.4 21.39 4 6 300 108 162 8100 17.5 18.6 18.05 0.03
25200.0 310 49.34 0.17 9456 1388.13 0.36 16428 3416.48 0.28 462391 292778.65 21.39 310 66.99 0.28 9386 5370.4 21.39 4 6 300 112 168 8400 17.5 18.6 18.03 0.03
26100.0 376 49.49 0.17 9832 1437.61 0.36 16487 3416.46 0.28 478878 296195.11 21.39 370 67.02 0.28 9756 5437.42 21.39 4 6 300 116 174 8700 17.5 18.6 18.02 0.03
27000.0 354 50.12 0.36 10186 1487.73 0.36 16460 3416.56 0.28 495338 299611.66 21.39 350 67.07 0.28 10106 5504.49 21.39 4 6 300 120 180 9000 17.5 18.6 18.02 0.03
27900.0 310 49.34 0.17 10496 1537.07 0.36 16430 3410.34 0.28 511768 303022.01 21.39 310 66.88 0.28 10416 5571.36 21.39 4 6 300 124 186 9300 17.5 18.6 18.0 0.03
28800.0 310 49.34 0.17 10806 1586.42 0.36 16437 3410.39 0.28 528205 306432.4 21.39 310 66.88 0.28 10726 5638.24 21.39 4 6 300 128 192 9600 17.5 18.6 17.99 0.03
29700.0 376 49.48 0.17 11182 1635.9 0.36 16495 3410.37 0.28 544700 309842.76 21.39 370 66.9 0.28 11096 5705.15 21.39 4 6 300 132 198 9900 17.5 18.6 17.99 0.03
30600.0 354 50.12 0.36 11536 1686.02 0.36 16458 3410.46 0.28 561158 313253.23 21.39 350 66.96 0.28 11446 5772.1 21.39 4 6 300 136 204 10200 17.5 18.6 17.99 0.03
31500.0 310 49.34 0.17 11846 1735.36 0.36 16425 3416.42 0.28 577583 316669.65 21.39 310 66.99 0.28 11756 5839.09 21.39 4 6 300 140 210 10500 17.4 18.6 17.96 0.03
32400.0 310 49.34 0.17 12156 1784.71 0.36 16431 3416.48 0.28 594014 320086.13 21.39 310 66.99 0.28 12066 5906.09 21.39 4 6 300 144 216 10800 17.4 18.6 17.95 0.03
33300.0 376 49.49 0.17 12532 1834.19 0.36 16491 3416.46 0.28 610505 323502.59 21.39 370 67.02 0.28 12436 5973.11 21.39 4 6 300 148 222 11100 17.4 18.5 17.95 0.03
34200.0 354 50.12 0.36 12886 1884.31 0.36 16456 3416.56 0.28 626961 326919.15 21.39 350 67.07 0.28 12786 6040.18 21.39 4 6 300 152 228 11400 17.4 18.5 17.95 0.03
35100.0 310 49.34 0.17 13196 1933.66 0.36 16420 3416.43 0.28 643381 330335.58 21.39 310 66.99 0.28 13096 6107.17 21.39 4 6 300 156 234 11700 17.4 18.5 17.93 0.03
36000.0 310 49.34 0.17 13506 1983.0 0.36 16434 3416.48 0.28 659815 333752.06 21.39 310 66.99 0.28 13406 6174.16 21.39 4 6 300 160 240 12000 17.4 18.5 17.91 0.03
36900.0 376 49.49 0.17 13882 2032.49 0.36 16494 3416.46 0.28 676309 337168.51 21.39 370 67.02 0.28 13776 6241.18 21.39 4 6 300 164 246 12300 17.4 18.5 17.91 0.03
37800.0 354 50.11 0.36 14236 2082.61 0.36 16457 3406.32 0.28 692766 340574.83 21.39 350 66.88 0.28 14126 6308.06 21.39 4 6 300 168 252 12600 17.4 18.5 17.91 0.03
38700.0 310 49.34 0.17 14546 2131.94 0.36 16410 3406.18 0.28 709176 343981.01 21.39 310 66.8 0.28 14436 6374.85 21.39 4 6 300 172 258 12900 17.3 18.5 17.89 0.03
39600.0 310 49.34 0.17 14856 2181.28 0.36 16426 3406.24 0.28 725602 347387.25 21.39 310 66.8 0.28 14746 6441.65 21.39 4 6 300 176 264 13200 17.3 18.5 17.88 0.04
40500.0 376 49.48 0.17 15232 2230.76 0.36 16483 3406.21 0.28 742085 350793.46 21.39 370 66.83 0.28 15116 6508.48 21.39 4 6 300 180 270 13500 17.3 18.5 17.87 0.04
41400.0 354 50.12 0.36 15586 2280.88 0.36 16456 3416.55 0.28 758541 354210.01 21.39 350 67.07 0.28 15466 6575.55 21.39 4 6 300 184 276 13800 17.3 18.5 17.87 0.04
42300.0 310 49.34 0.17 15896 2330.22 0.36 16421 3410.62 0.28 774962 357620.64 21.39 310 66.88 0.28 15776 6642.43 21.39 4 6 300 188 282 14100 17.3 18.5 17.85 0.04
43200.0 310 49.34 0.17 16206 2379.56 0.36 16431 3410.67 0.28 791393 361031.31 21.39 310 66.88 0.28 16086 6709.32 21.39 4 6 300 192 288 14400 17.3 18.5 17.83 0.05
44100.0 376 49.48 0.17 16582 2429.05 0.36 16491 3410.65 0.28 807884 364441.96 21.39 370 66.91 0.28 16456 6776.23 21.39 4 6 300 196 294 14700 17.2 18.4 17.83 0.05
45000.0 354 50.12 0.36 16936 2479.16 0.36 16450 3410.75 0.28 824334 367852.71 21.39 350 66.96 0.28 16806 6843.19 21.39 4 6 300 200 300 15000 17.2 18.4 17.83 0.05
45900.0 310 49.34 0.17 17246 2528.51 0.36 16414 3409.9 0.28 840748 371262.6 21.39 310 66.87 0.28 17116 6910.05 21.39 4 6 300 204 306 15300 17.2 18.5 17.81 0.05
46800.0 310 49.34 0.17 17556 2577.85 0.36 16425 3409.95 0.28 857173 374672.55 21.39 310 66.87 0.28 17426 6976.93 21.39 4 6 300 208 312 15600 17.2 18.5 17.8 0.06
47700.0 376 49.48 0.17 17932 2627.33 0.36 16485 3409.92 0.28 873658 378082.48 21.39 370 66.9 0.28 17796 7043.82 21.39 4 6 300 212 318 15900 17.2 18.5 17.8 0.06
48600.0 354 50.12 0.36 18286 2677.45 0.36 16444 3410.02 0.28 890102 381492.5 21.39 350 66.95 0.28 18146 7110.77 21.39 4 6 300 216 324 16200 17.2 18.5 17.8 0.06
49500.0 310 49.34 0.17 18596 2726.79 0.36 16415 3416.43 0.28 906517 384908.93 21.39 310 66.99 0.28 18456 7177.76 21.39 4 6 300 220 330 16500 17.1 18.5 17.77 0.06
50400.0 310 49.34 0.17 18906 2776.14 0.36 16435 3416.48 0.28 922952 388325.41 21.39 310 66.99 0.28 18766 7244.75 21.39 4 6 300 224 336 16800 17.1 18.5 17.75 0.07
51300.0 376 49.49 0.17 19282 2825.62 0.36 16495 3416.46 0.28 939447 391741.87 21.39 370 67.02 0.28 19136 7311.77 21.39 4 6 300 228 342 17100 17.1 18.5 17.75 0.07
52200.0 354 50.12 0.36 19636 2875.75 0.36 16452 3416.56 0.28 955899 395158.42 21.39 350 67.07 0.28 19486 7378.84 21.39 4 6 300 232 348 17400 17.1 18.5 17.75 0.07
53100.0 310 49.34 0.17 19946 2925.09 0.36 16398 3416.43 0.28 972297 398574.85 21.39 310 66.99 0.28 19796 7445.83 21.39 4 6 300 236 354 17700 17.1 18.6 17.74 0.07
54000.0 310 49.34 0.17 20256 2974.43 0.36 16404 3416.48 0.28 988701 401991.33 21.39 310 66.99 0.28 20106 7512.83 21.39 4 6 300 240 360 18000 17.1 18.6 17.73 0.08
54900.0 376 49.49 0.17 20632 3023.92 0.36 16464 3416.46 0.28 1005165 405407.79 21.39 370 67.02 0.28 20476 7579.84 21.39 4 6 300 244 366 18300 17.1 18.6 17.73 0.08
55800.0 354 50.12 0.36 20986 3074.04 0.36 16439 3416.56 0.28 1021604 408824.34 21.39 350 67.07 0.28 20826 7646.91 21.39 4 6 300 248 372 18600 17.1 18.6 17.73 0.08
56700.0 310 49.34 0.17 21296 3123.39 0.36 16414 3416.43 0.28 1038018 412240.77 21.39 310 66.99 0.28 21136 7713.91 21.39 4 6 300 252 378 18900 17.1 18.6 17.71 0.08
57600.0 310 49.34 0.17 21606 3172.73 0.36 16425 3416.48 0.28 1054443 415657.25 21.39 310 66.99 0.28 21446 7780.9 21.39 4 6 300 256 384 19200 17.1 18.6 17.69 0.09
58500.0 376 49.49 0.17 21982 3222.22 0.36 16484 3416.46 0.28 1070927 419073.71 21.39 370 67.02 0.28 21816 7847.92 21.39 4 6 300 260 390 19500 17.1 18.6 17.69 0.09
59400.0 354 50.12 0.36 22336 3272.34 0.36 16433 3412.38 0.28 1087360 422486.09 21.39 350 66.99 0.28 22166 7914.91 21.39 4 6 300 264 396 19800 17.1 18.6 17.69 0.09
60300.0 310 49.34 0.17 22646 3321.68 0.36 16400 3412.25 0.28 1103760 425898.34 21.39 310 66.91 0.28 22476 7981.82 21.39 4 6 300 268 402 20100 17.0 18.6 17.68 0.1
61200.0 310 49.34 0.17 22956 3371.02 0.36 16413 3412.31 0.28 1120173 429310.65 21.39 310 66.92 0.28 22786 8048.74 21.39 4 6 300 272 408 20400 17.0 18.6 17.66 0.1
62100.0 376 49.48 0.17 23332 3420.51 0.36 16470 3412.28 0.28 1136643 432722.93 21.39 370 66.94 0.28 23156 8115.68 21.39 4 6 300 276 414 20700 17.0 18.6 17.66 0.1
63000.0 354 50.11 0.36 23686 3470.62 0.36 16433 3398.32 0.28 1153076 436121.25 21.39 350 66.73 0.28 23506 8182.4 21.39 4 6 300 280 420 21000 17.0 18.6 17.66 0.1
63900.0 310 49.33 0.17 23996 3519.94 0.36 16393 3392.87 0.28 1169469 439514.12 21.39 310 66.55 0.28 23816 8248.95 21.39 4 6 300 284 426 21300 17.0 18.6 17.65 0.11
64800.0 310 49.33 0.17 24306 3569.27 0.36 16398 3392.91 0.28 1185867 442907.03 21.39 310 66.55 0.28 24126 8315.51 21.39 4 6 300 288 432 21600 17.0 18.6 17.64 0.11
65700.0 376 49.47 0.17 24682 3618.74 0.36 16458 3392.9 0.28 1202325 446299.93 21.39 370 66.58 0.28 24496 8382.08 21.39 4 6 300 292 438 21900 17.0 18.6 17.64 0.11
66600.0 354 50.11 0.36 25036 3668.85 0.36 16424 3391.76 0.28 1218749 449691.69 21.39 350 66.61 0.28 24846 8448.69 21.39 4 6 300 296 444 22200 17.0 18.6 17.64 0.11
67500.0 310 49.32 0.17 25346 3718.17 0.36 16390 3385.38 0.28 1235139 453077.08 21.39 310 66.41 0.28 25156 8515.1 21.39 4 6 300 300 450 22500 17.0 18.7 17.63 0.11
68400.0 310 49.32 0.17 25656 3767.5 0.36 16392 3385.43 0.28 1251531 456462.5 21.39 310 66.41 0.28 25466 8581.51 21.39 4 6 300 304 456 22800 17.0 18.7 17.63 0.11
69300.0 376 49.47 0.17 26032 3816.96 0.36 16451 3385.41 0.28 1267982 459847.91 21.39 370 66.44 0.28 25836 8647.95 21.39 4 6 300 308 462 23100 17.0 18.7 17.63 0.11
70200.0 354 50.11 0.36 26386 3867.07 0.36 16409 3391.97 0.28 1284391 463239.88 21.39 350 66.61 0.28 26186 8714.56 21.39 4 6 300 312 468 23400 17.0 18.7 17.63 0.11
71100.0 310 49.33 0.17 26696 3916.4 0.36 16380 3392.58 0.28 1300771 466632.46 21.39 310 66.54 0.28 26496 8781.1 21.39 4 6 300 316 474 23700 17.0 18.7 17.63 0.12
72000.0 310 49.33 0.17 27006 3965.73 0.36 16389 3392.61 0.28 1317160 470025.07 21.39 310 66.55 0.28 26806 8847.65 21.39 4 6 300 320 480 24000 17.0 18.7 17.61 0.12
72900.0 376 49.47 0.17 27382 4015.19 0.36 16448 3392.61 0.28 1333608 473417.68 21.39 370 66.57 0.28 27176 8914.22 21.39 4 6 300 324 486 24300 17.0 18.7 17.61 0.12
73800.0 354 50.11 0.36 27736 4065.3 0.36 16416 3392.68 0.28 1350024 476810.36 21.39 350 66.62 0.28 27526 8980.85 21.39 4 6 300 328 492 24600 17.0 18.7 17.61 0.12
74700.0 310 49.33 0.17 28046 4114.63 0.36 16377 3398.4 0.28 1366401 480208.76 21.39 310 66.65 0.28 27836 9047.5 21.39 4 6 300 332 498 24900 17.0 18.7 17.6 0.12
75600.0 310 49.33 0.17 28356 4163.96 0.36 16375 3398.44 0.28 1382776 483607.2 21.39 310 66.66 0.28 28146 9114.16 21.39 4 6 300 336 504 25200 17.0 18.7 17.6 0.12
76500.0 376 49.48 0.17 28732 4213.44 0.36 16435 3398.43 0.28 1399211 487005.63 21.39 370 66.68 0.28 28516 9180.84 21.39 4 6 300 340 510 25500 17.0 18.7 17.6 0.12
77400.0 354 50.11 0.36 29086 4263.55 0.36 16405 3392.99 0.28 1415616 490398.62 21.39 350 66.63 0.28 28866 9247.47 21.39 4 6 300 344 516 25800 17.0 18.7 17.6 0.12
78300.0 310 49.33 0.17 29396 4312.87 0.36 16369 3392.87 0.28 1431985 493791.49 21.39 310 66.55 0.28 29176 9314.02 21.39 4 6 300 348 522 26100 17.0 18.6 17.6 0.12
79200.0 310 49.33 0.17 29706 4362.2 0.36 16372 3392.91 0.28 1448357 497184.39 21.39 310 66.55 0.28 29486 9380.57 21.39 4 6 300 352 528 26400 17.0 18.6 17.59 0.12
80100.0 376 49.47 0.17 30082 4411.67 0.36 16432 3392.9 0.28 1464789 500577.29 21.39 370 66.58 0.28 29856 9447.14 21.39 4 6 300 356 534 26700 17.0 18.6 17.59 0.12
81000.0 354 50.11 0.36 30436 4461.78 0.36 16401 3396.19 0.28 1481190 503973.48 21.39 350 66.69 0.28 30206 9513.83 21.39 4 6 300 360 540 27000 17.0 18.6 17.59 0.12
81900.0 310 49.34 0.17 30746 4511.12 0.36 16362 3401.59 0.28 1497552 507375.07 21.39 310 66.71 0.28 30516 9580.55 21.39 4 6 300 364 546 27300 17.0 18.6 17.59 0.12
82800.0 310 49.34 0.17 31056 4560.45 0.36 16366 3401.66 0.28 1513918 510776.73 21.39 310 66.72 0.28 30826 9647.26 21.39 4 6 300 368 552 27600 17.0 18.6 17.59 0.11
83700.0 376 49.48 0.17 31432 4609.93 0.36 16424 3401.62 0.28 1530342 514178.35 21.39 370 66.74 0.28 31196 9714.0 21.39 4 6 300 372 558 27900 17.0 18.6 17.59 0.11
84600.0 354 50.11 0.36 31786 4660.04 0.36 16397 3401.73 0.28 1546739 517580.09 21.39 350 66.79 0.28 31546 9780.8 21.39 4 6 300 376 564 28200 17.0 18.6 17.59 0.11
85500.0 310 49.33 0.17 32096 4709.37 0.36 16363 3395.17 0.28 1563102 520975.26 21.39 310 66.59 0.28 31856 9847.39 21.39 4 6 300 380 570 28500 17.0 18.6 17.59 0.11
86400.0 310 49.33 0.17 32406 4758.7 0.36 16361 3395.22 0.28 1579463 524370.48 21.39 310 66.59 0.28 32166 9913.98 21.39 4 6 300 384 576 28800 17.0 18.6 17.59 0.11
87300.0 376 49.47 0.17 32782 4808.18 0.36 16421 3395.2 0.28 1595884 527765.67 21.39 370 66.62 0.28 32536 9980.6 21.39 4 6 300 388 582 29100 17.0 18.6 17.59 0.11
88200.0 354 50.12 0.36 33136 4858.3 0.36 16391 3410.02 0.28 1612275 531175.69 21.39 350 66.95 0.28 32886 10047.55 21.39 4 6 300 392 588 29400 17.0 18.6 17.59 0.11
89100.0 310 49.34 0.17 33446 4907.64 0.36 16399 3416.43 0.28 1628674 534592.12 21.39 310 66.99 0.28 33196 10114.54 21.39 4 6 300 396 594 29700 17.1 18.5 17.6 0.07
90000.0 310 49.34 0.17 33756 4956.99 0.36 16450 3416.48 0.28 1645124 538008.6 21.39 310 66.99 0.28 33506 10181.53 21.39 4 6 300 400 600 30000 17.1 18.5 17.68 0.05
90900.0 376 49.49 0.17 34132 5006.47 0.36 16509 3416.46 0.28 1661633 541425.06 21.39 370 67.02 0.28 33876 10248.55 21.39 4 6 300 404 606 30300 17.1 18.5 17.68 0.05
91800.0 354 50.11 0.36 34486 5056.58 0.36 16466 3395.97 0.28 1678099 544821.03 21.39 350 66.68 0.28 34226 10315.24 21.39 4 6 300 408 612 30600 17.1 18.5 17.68 0.05
92700.0 310 49.32 0.17 34796 5105.91 0.36 16472 3383.79 0.28 1694571 548204.82 21.39 310 66.38 0.28 34536 10381.62 21.39 4 6 300 412 618 30900 17.1 23.8 19.22 2.14
93600.0 310 49.32 0.17 35106 5155.23 0.36 16477 3383.83 0.28 1711048 551588.65 21.39 310 66.38 0.28 34846 10448.0 21.39 4 6 300 416 624 31200 17.1 23.8 20.45 4.63
94500.0 376 49.47 0.17 35482 5204.7 0.36 16534 3383.81 0.28 1727582 554972.47 21.39 370 66.41 0.28 35216 10514.41 21.39 4 6 300 420 630 31500 17.1 23.8 20.49 4.66
95400.0 354 50.1 0.36 35836 5254.8 0.36 16509 3383.91 0.28 1744091 558356.37 21.39 350 66.46 0.28 35566 10580.87 21.39 4 6 300 424 636 31800 17.1 23.8 20.49 4.66
96300.0 310 49.32 0.17 36146 5304.12 0.36 16474 3383.79 0.28 1760565 561740.16 21.39 310 66.38 0.28 35876 10647.25 21.39 4 6 300 428 642 32100 17.4 24.0 20.9 4.52
97200.0 310 49.32 0.17 36456 5353.44 0.36 16474 3383.83 0.28 1777039 565123.99 21.39 310 66.38 0.28 36186 10713.63 21.39 4 6 300 432 648 32400 17.4 24.0 21.02 4.64
98100.0 376 49.47 0.17 36832 5402.91 0.36 16527 3383.81 0.28 1793566 568507.81 21.39 370 66.41 0.28 36556 10780.04 21.39 4 6 300 436 654 32700 17.4 24.0 21.02 4.64
99000.0 354 50.09 0.36 37186 5453.0 0.36 16502 3375.03 0.28 1810068 571882.84 21.39 350 66.29 0.28 36906 10846.33 21.39 4 6 300 440 660 33000 17.4 24.0 21.02 4.64
99900.0 310 49.32 0.17 37496 5502.32 0.36 16470 3374.92 0.28 1826538 575257.76 21.39 310 66.22 0.28 37216 10912.55 21.39 4 6 300 444 666 33300 17.7 24.0 21.33 3.92
100800.0 310 49.32 0.17 37806 5551.64 0.36 16466 3374.95 0.28 1843004 578632.72 21.39 310 66.21 0.28 37526 10978.76 21.39 4 6 300 448 672 33600 17.7 24.0 21.4 3.88
101700.0 376 49.46 0.17 38182 5601.1 0.36 16526 3374.95 0.28 1859530 582007.67 21.39 370 66.24 0.28 37896 11045.0 21.39 4 6 300 452 678 33900 17.8 24.0 21.4 3.87
102600.0 354 50.09 0.36 38536 5651.19 0.36 16502 3372.43 0.28 1876032 585380.1 21.39 350 66.24 0.28 38246 11111.25 21.39 4 6 300 456 684 34200 17.8 24.0 21.4 3.87
103500.0 310 49.32 0.17 38846 5700.51 0.36 16466 3372.3 0.28 1892498 588752.4 21.39 310 66.17 0.28 38556 11177.41 21.39 4 6 300 460 690 34500 18.2 24.0 21.64 3.12
104400.0 310 49.32 0.17 39156 5749.82 0.36 16465 3372.36 0.28 1908963 592124.76 21.39 310 66.17 0.28 38866 11243.58 21.39 4 6 300 464 696 34800 18.2 24.0 21.7 3.08
105300.0 376 49.46 0.17 39532 5799.28 0.36 16524 3372.33 0.28 1925487 595497.09 21.39 370 66.19 0.28 39236 11309.77 21.39 4 6 300 468 702 35100 18.5 24.0 21.7 3.06
106200.0 354 50.09 0.36 39886 5849.37 0.36 16500 3363.06 0.27 1941987 598860.14 21.39 350 66.08 0.27 39586 11375.86 21.39 4 6 300 472 708 35400 18.5 24.0 21.7 3.06
107100.0 310 49.3 0.17 40196 5898.67 0.36 16463 3357.54 0.27 1958450 602217.69 21.39 310 65.9 0.27 39896 11441.76 21.39 4 6 300 476 714 35700 18.8 24.0 21.7 2.83
108000.0 310 49.3 0.17 40506 5947.98 0.36 16462 3357.47 0.27 1974912 605575.16 21.39 310 65.9 0.27 40206 11507.66 21.39 4 6 300 480 720 36000 18.8 24.0 21.7 2.81
108900.0 376 49.45 0.17 40882 5997.42 0.36 16518 3357.57 0.27 1991430 608932.73 21.39 370 65.93 0.27 40576 11573.59 21.39 4 6 300 484 726 36300 18.9 24.0 21.7 2.81
109800.0 354 50.08 0.36 41236 6047.5 0.36 16494 3357.55 0.27 2007924 612290.28 21.39 350 65.97 0.27 40926 11639.56 21.39 4 6 300 488 732 36600 18.9 24.0 21.7 2.81
110700.0 310 49.3 0.17 41546 6096.81 0.36 16454 3357.54 0.27 2024378 615647.82 21.39 310 65.9 0.27 41236 11705.47 21.39 4 6 300 492 738 36900 18.9 24.0 21.59 2.75
111600.0 310 49.3 0.17 41856 6146.11 0.36 16451 3357.47 0.27 2040829 619005.29 21.39 310 65.9 0.27 41546 11771.36 21.39 4 6 300 496 744 37200 18.9 24.0 21.53 2.63
112500.0 376 49.45 0.17 42232 6195.56 0.36 16510 3357.57 0.27 2057339 622362.86 21.39 370 65.93 0.27 41916 11837.29 21.39 4 6 300 500 750 37500 18.9 23.9 21.53 2.62
113400.0 354 50.08 0.36 42586 6245.64 0.36 16487 3357.55 0.27 2073826 625720.4 21.39 350 65.97 0.27 42266 11903.27 21.39 4 6 300 504 756 37800 18.9 23.9 21.53 2.62
114300.0 310 49.3 0.17 42896 6294.95 0.36 16448 3357.54 0.27 2090274 629077.95 21.39 310 65.9 0.27 42576 11969.17 21.39 4 6 300 508 762 38100 18.9 24.0 23.29 0.19
115200.0 310 49.3 0.17 43206 6344.25 0.36 16448 3357.47 0.27 2106722 632435.42 21.39 310 65.9 0.27 42886 12035.07 21.39 4 6 300 512 768 38400 18.9 24.0 23.48 0.1
116100.0 376 49.45 0.17 43582 6393.7 0.36 16507 3357.57 0.27 2123229 635792.99 21.39 370 65.93 0.27 43256 12101.0 21.39 4 6 300 516 774 38700 22.6 24.0 23.49 0.04
117000.0 354 50.08 0.36 43936 6443.78 0.36 16487 3357.55 0.27 2139716 639150.53 21.39 350 65.97 0.27 43606 12166.98 21.39 4 6 300 520 780 39000 22.6 24.0 23.49 0.04
117900.0 310 49.3 0.17 44246 6493.09 0.36 16447 3357.54 0.27 2156163 642508.07 21.39 310 65.9 0.27 43916 12232.88 21.39 4 6 300 524 786 39300 22.7 24.0 23.55 0.02
118800.0 310 49.3 0.17 44556 6542.39 0.36 16447 3357.47 0.27 2172610 645865.55 21.39 310 65.9 0.27 44226 12298.78 21.39 4 6 300 528 792 39600 22.7 24.0 23.58 0.02
119700.0 376 49.45 0.17 44932 6591.84 0.36 16502 3357.57 0.27 2189112 649223.11 21.39 370 65.93 0.27 44596 12364.71 21.39 4 6 300 532 798 39900 22.7 24.0 23.59 0.02
120600.0 354 50.08 0.36 45286 6641.92 0.36 16482 3357.55 0.27 2205594 652580.66 21.39 350 65.97 0.27 44946 12430.68 21.39 4 6 300 536 804 40200 22.7 24.0 23.59 0.02
121500.0 310 49.3 0.17 45596 6691.22 0.36 16441 3357.54 0.27 2222035 655938.2 21.39 310 65.9 0.27 45256 12496.59 21.39 4 6 300 540 810 40500 22.8 24.0 23.63 0.01
122400.0 310 49.3 0.17 45906 6740.53 0.36 16440 3357.47 0.27 2238475 659295.67 21.39 310 65.9 0.27 45566 12562.49 21.39 4 6 300 544 816 40800 22.8 24.0 23.66 0.01
123300.0 376 49.45 0.17 46282 6789.98 0.36 16500 3357.57 0.27 2254975 662653.24 21.39 370 65.93 0.27 45936 12628.42 21.39 4 6 300 548 822 41100 22.8 24.0 23.66 0.01
124200.0 354 50.08 0.36 46636 6840.06 0.36 16479 3357.55 0.27 2271454 666010.79 21.39 350 65.97 0.27 46286 12694.39 21.39 4 6 300 552 828 41400 22.8 24.0 23.66 0.01
125100.0 310 49.3 0.17 46946 6889.36 0.36 16436 3357.54 0.27 2287890 669368.33 21.39 310 65.9 0.27 46596 12760.29 21.39 4 6 300 556 834 41700 22.9 24.0 23.69 0.01
126000.0 310 49.3 0.17 47256 6938.67 0.36 16434 3357.47 0.27 2304324 672725.8 21.39 310 65.9 0.27 46906 12826.19 21.39 4 6 300 560 840 42000 22.9 24.0 23.72 0.01
126900.0 376 49.45 0.17 47632 6988.12 0.36 16493 3357.57 0.27 2320817 676083.37 21.39 370 65.93 0.27 47276 12892.12 21.39 4 6 300 564 846 42300 22.9 24.0 23.72 0.01
127800.0 354 50.08 0.36 47986 7038.2 0.36 16471 3357.55 0.27 2337288 679440.92 21.39 350 65.97 0.27 47626 12958.1 21.39 4 6 300 568 852 42600 22.9 24.0 23.72 0.01
128700.0 310 49.3 0.17 48296 7087.5 0.36 16431 3357.54 0.27 2353719 682798.46 21.39 310 65.9 0.27 47936 13024.0 21.39 4 6 300 572 858 42900 23.1 24.0 23.75 0.01
129600.0 310 49.3 0.17 48606 7136.81 0.36 16430 3357.47 0.27 2370149 686155.93 21.39 310 65.9 0.27 48246 13089.9 21.39 4 6 300 576 864 43200 23.1 24.0 23.76 0.01
130500.0 376 49.45 0.17 48982 7186.25 0.36 16486 3357.57 0.27 2386635 689513.5 21.39 370 65.93 0.27 48616 13155.83 21.39 4 6 300 580 870 43500 23.1 24.0 23.77 0.01
131400.0 354 50.08 0.36 49336 7236.33 0.36 16466 3357.55 0.27 2403101 692871.04 21.39 350 65.97 0.27 48966 13221.8 21.39 4 6 300 584 876 43800 23.1 24.0 23.77 0.01
132300.0 310 49.3 0.17 49646 7285.64 0.36 16426 3357.54 0.27 2419527 696228.59 21.39 310 65.9 0.27 49276 13287.71 21.39 4 6 300 588 882 44100 23.2 24.0 23.79 0.01
133200.0 310 49.3 0.17 49956 7334.94 0.36 16425 3357.47 0.27 2435952 699586.06 21.39 310 65.9 0.27 49586 13353.61 21.39 4 6 300 592 888 44400 23.2 24.0 23.81 0.01
134100.0 376 49.45 0.17 50332 7384.39 0.36 16483 3357.57 0.27 2452435 702943.62 21.39 370 65.93 0.27 49956 13419.54 21.39 4 6 300 596 894 44700 23.2 24.0 23.81 0.01
135000.0 354 50.08 0.36 50686 7434.47 0.36 16463 3357.55 0.27 2468898 706301.17 21.39 350 65.97 0.27 50306 13485.51 21.39 4 6 300 600 900 45000 23.2 24.0 23.81 0.01
135900.0 310 49.3 0.17 50996 7483.78 0.36 16421 3357.54 0.27 2485319 709658.71 21.39 310 65.9 0.27 50616 13551.41 21.39 4 6 300 604 906 45300 23.3 24.0 23.83 0.01
136800.0 310 49.3 0.17 51306 7533.08 0.36 16419 3357.47 0.27 2501738 713016.18 21.39 310 65.9 0.27 50926 13617.31 21.39 4 6 300 608 912 45600 23.3 24.0 23.84 0.01
137700.0 376 49.45 0.17 51682 7582.53 0.36 16478 3357.57 0.27 2518216 716373.75 21.39 370 65.93 0.27 51296 13683.24 21.39 4 6 300 612 918 45900 23.3 24.0 23.84 0.01
138600.0 354 50.08 0.36 52036 7632.61 0.36 16456 3357.55 0.27 2534672 719731.3 21.39 350 65.97 0.27 51646 13749.22 21.39 4 6 300 616 924 46200 23.3 24.0 23.84 0.01
139500.0 310 49.3 0.17 52346 7681.92 0.36 16416 3357.54 0.27 2551088 723088.84 21.39 310 65.9 0.27 51956 13815.12 21.39 4 6 300 620 930 46500 23.4 24.0 23.85 0.01
140400.0 310 49.3 0.17 52656 7731.22 0.36 16415 3357.47 0.27 2567503 726446.31 21.39 310 65.9 0.27 52266 13881.02 21.39 4 6 300 624 936 46800 23.4 24.0 23.86 0.01
141300.0 376 49.45 0.17 53032 7780.67 0.36 16473 3357.57 0.27 2583976 729803.88 21.39 370 65.93 0.27 52636 13946.95 21.39 4 6 300 628 942 47100 23.4 24.0 23.86 0.01
142200.0 354 50.08 0.36 53386 7830.75 0.36 16453 3357.55 0.27 2600429 733161.43 21.39 350 65.97 0.27 52986 14012.93 21.39 4 6 300 632 948 47400 23.4 24.0 23.86 0.01
143100.0 310 49.3 0.17 53696 7880.05 0.36 16413 3357.54 0.27 2616842 736518.97 21.39 310 65.9 0.27 53296 14078.83 21.39 4 6 300 636 954 47700 23.5 24.0 23.88 0.01
144000.0 310 49.3 0.17 54006 7929.36 0.36 16412 3357.47 0.27 2633254 739876.44 21.39 310 65.9 0.27 53606 14144.73 21.39 4 6 300 640 960 48000 23.5 24.0 23.88 0.01
144900.0 376 49.45 0.17 54382 7978.81 0.36 16471 3357.57 0.27 2649725 743234.0 21.39 370 65.93 0.27 53976 14210.66 21.39 4 6 300 644 966 48300 23.5 24.0 23.88 0.01
145800.0 354 50.08 0.36 54736 8028.89 0.36 16450 3357.55 0.27 2666175 746591.55 21.39 350 65.97 0.27 54326 14276.63 21.39 4 6 300 648 972 48600 23.5 24.0 23.88 0.01
146700.0 310 49.3 0.17 55046 8078.19 0.36 16409 3357.54 0.27 2682584 749949.09 21.39 310 65.9 0.27 54636 14342.54 21.39 4 6 300 652 978 48900 23.6 24.0 23.89 0.01
147600.0 310 49.3 0.17 55356 8127.5 0.36 16409 3357.47 0.27 2698993 753306.56 21.39 310 65.9 0.27 54946 14408.43 21.39 4 6 300 656 984 49200 23.6 24.0 23.89 0.01
148500.0 376 49.45 0.17 55732 8176.95 0.36 16469 3357.57 0.27 2715462 756664.13 21.39 370 65.93 0.27 55316 14474.36 21.39 4 6 300 660 990 49500 23.6 24.0 23.89 0.01
149400.0 354 50.08 0.36 56086 8227.03 0.36 16448 3357.55 0.27 2731910 760021.68 21.39 350 65.97 0.27 55666 14540.34 21.39 4 6 300 664 996 49800 23.6 24.0 23.89 0.01
150300.0 310 49.3 0.17 56396 8276.33 0.36 16408 3357.54 0.27 2748318 763379.22 21.39 310 65.9 0.27 55976 14606.24 21.39 4 6 300 668 1002 50100 23.7 24.0 23.89 0.01
151200.0 310 49.3 0.17 56706 8325.64 0.36 16406 3357.47 0.27 2764724 766736.69 21.39 310 65.9 0.27 56286 14672.14 21.39 4 6 300 672 1008 50400 23.7 24.0 23.9 0.01
152100.0 376 49.45 0.17 57082 8375.08 0.36 16464 3357.57 0.27 2781188 770094.26 21.39 370 65.93 0.27 56656 14738.07 21.39 4 6 300 676 1014 50700 23.7 24.0 23.9 0.01
153000.0 354 50.08 0.36 57436 8425.17 0.36 16444 3357.55 0.27 2797632 773451.8 21.39 350 65.97 0.27 57006 14804.05 21.39 4 6 300 680 1020 51000 23.7 24.0 23.9 0.01
153900.0 310 49.3 0.17 57746 8474.47 0.36 16401 3357.54 0.27 2814033 776809.34 21.39 310 65.9 0.27 57316 14869.95 21.39 4 6 300 684 1026 51300 23.6 24.0 23.89 0.01
154800.0 310 49.3 0.17 58056 8523.77 0.36 16400 3357.47 0.27 2830433 780166.81 21.39 310 65.9 0.27 57626 14935.85 21.39 4 6 300 688 1032 51600 23.6 24.0 23.89 0.01
155700.0 376 49.45 0.17 58432 8573.22 0.36 16460 3357.57 0.27 2846893 783524.38 21.39 370 65.93 0.27 57996 15001.78 21.39 4 6 300 692 1038 51900 23.6 24.0 23.89 0.01
156600.0 354 50.08 0.36 58786 8623.3 0.36 16440 3357.55 0.27 2863333 786881.93 21.39 350 65.97 0.27 58346 15067.75 21.39 4 6 300 696 1044 52200 23.6 24.0 23.89 0.01
157500.0 310 49.3 0.17 59096 8672.61 0.36 16397 3357.54 0.27 2879730 790239.47 21.39 310 65.9 0.27 58656 15133.66 21.39 4 6 300 700 1050 52500 23.5 24.0 23.88 0.01
158400.0 310 49.3 0.17 59406 8721.91 0.36 16397 3357.47 0.27 2896127 793596.94 21.39 310 65.9 0.27 58966 15199.55 21.39 4 6 300 704 1056 52800 23.5 24.0 23.88 0.01
159300.0 376 49.45 0.17 59782 8771.36 0.36 16455 3357.57 0.27 2912582 796954.51 21.39 370 65.93 0.27 59336 15265.49 21.39 4 6 300 708 1062 53100 23.5 24.0 23.88 0.01
160200.0 354 50.08 0.36 60136 8821.44 0.36 16434 3357.55 0.27 2929016 800312.06 21.39 350 65.97 0.27 59686 15331.46 21.39 4 6 300 712 1068 53400 23.5 24.0 23.88 0.01
161100.0 310 49.3 0.17 60446 8870.75 0.36 16394 3357.54 0.27 2945410 803669.6 21.39 310 65.9 0.27 59996 15397.36 21.39 4 6 300 716 1074 53700 23.4 24.0 23.85 0.01
162000.0 310 49.3 0.17 60756 8920.05 0.36 16394 3357.47 0.27 2961804 807027.07 21.39 310 65.9 0.27 60306 15463.26 21.39 4 6 300 720 1080 54000 23.4 24.0 23.85 0.01
162900.0 376 49.44 0.17 61132 8969.5 0.36 16452 3357.57 0.27 2978256 810384.63 21.39 370 65.93 0.27 60676 15529.19 21.39 4 6 300 724 1086 54300 23.4 24.0 23.85 0.01
163800.0 354 50.08 0.36 61486 9019.58 0.36 16432 3357.55 0.27 2994688 813742.18 21.39 350 65.97 0.27 61026 15595.17 21.39 4 6 300 728 1092 54600 23.4 24.0 23.85 0.01
164700.0 310 49.3 0.17 61796 9068.88 0.36 16390 3357.54 0.27 3011078 817099.72 21.39 310 65.9 0.27 61336 15661.07 21.39 4 6 300 732 1098 54900 23.3 24.0 23.83 0.02
165600.0 310 49.3 0.17 62106 9118.19 0.36 16386 3357.47 0.27 3027464 820457.19 21.39 310 65.9 0.27 61646 15726.97 21.39 4 6 300 736 1104 55200 23.3 24.0 23.82 0.02
166500.0 376 49.45 0.17 62482 9167.63 0.36 16446 3357.57 0.27 3043910 823814.76 21.39 370 65.93 0.27 62016 15792.9 21.39 4 6 300 740 1110 55500 23.3 24.0 23.82 0.02
167400.0 354 50.08 0.36 62836 9217.72 0.36 16424 3357.55 0.27 3060334 827172.31 21.39 350 65.97 0.27 62366 15858.87 21.39 4 6 300 744 1116 55800 23.3 24.0 23.82 0.02
168300.0 310 49.3 0.17 63146 9267.02 0.36 16380 3357.54 0.27 3076714 830529.85 21.39 310 65.9 0.27 62676 15924.78 21.39 4 6 300 748 1122 56100 23.2 24.0 23.8 0.03
169200.0 310 49.3 0.17 63456 9316.32 0.36 16380 3357.47 0.27 3093094 833887.32 21.39 310 65.9 0.27 62986 15990.68 21.39 4 6 300 752 1128 56400 23.2 24.0 23.79 0.02
170100.0 376 49.44 0.17 63832 9365.77 0.36 16439 3357.57 0.27 3109533 837244.88 21.39 370 65.93 0.27 63356 16056.61 21.39 4 6 300 756 1134 56700 23.2 24.0 23.79 0.02
171000.0 354 50.08 0.36 64186 9415.85 0.36 16418 3357.55 0.27 3125951 840602.43 21.39 350 65.97 0.27 63706 16122.58 21.39 4 6 300 760 1140 57000 23.2 24.0 23.79 0.02
171900.0 310 49.3 0.17 64496 9465.15 0.36 16376 3357.54 0.27 3142327 843959.97 21.39 310 65.9 0.27 64016 16188.48 21.39 4 6 300 764 1146 57300 23.1 24.0 23.76 0.03
172800.0 310 49.3 0.17 64806 9514.46 0.36 16377 3357.47 0.27 3158704 847317.44 21.39 310 65.9 0.27 64326 16254.38 21.39 4 6 300 768 1152 57600 23.1 24.0 23.74 0.02
173700.0 376 49.45 0.17 65182 9563.91 0.36 16433 3357.57 0.27 3175137 850675.01 21.39 370 65.93 0.27 64696 16320.31 21.39 4 6 300 772 1158 57900 23.1 24.0 23.74 0.02
174600.0 354 50.08 0.36 65536 9613.99 0.36 16412 3357.55 0.27 3191549 854032.55 21.39 350 65.97 0.27 65046 16386.29 21.39 4 6 300 776 1164 58200 23.1 24.0 23.74 0.02
175500.0 310 49.3 0.17 65846 9663.29 0.36 16369 3357.54 0.27 3207918 857390.09 21.39 310 65.9 0.27 65356 16452.19 21.39 4 6 300 780 1170 58500 22.9 23.9 23.69 0.03
176400.0 310 49.3 0.17 66156 9712.6 0.36 16367 3357.47 0.27 3224285 860747.56 21.39 310 65.9 0.27 65666 16518.09 21.39 4 6 300 784 1176 58800 22.9 23.9 23.68 0.03
177300.0 376 49.45 0.17 66532 9762.05 0.36 16427 3357.57 0.27 3240712 864105.13 21.39 370 65.93 0.27 66036 16584.02 21.39 4 6 300 788 1182 59100 22.9 23.9 23.68 0.03
178200.0 354 50.08 0.36 66886 9812.13 0.36 16407 3357.55 0.27 3257119 867462.68 21.39 350 65.97 0.27 66386 16649.99 21.39 4 6 300 792 1188 59400 22.9 23.9 23.68 0.03
179100.0 310 49.3 0.17 67196 9861.43 0.36 16363 3357.54 0.27 3273482 870820.22 21.39 310 65.9 0.27 66696 16715.9 21.39 4 6 300 796 1194 59700 22.8 23.9 23.61 0.03
180000.0 310 49.3 0.17 67506 9910.74 0.36 16365 3357.47 0.27 3289847 874177.69 21.39 310 65.9 0.27 67006 16781.8 21.39 4 6 300 800 1200 60000 22.8 23.9 23.58 0.03
180900.0 376 49.45 0.17 67882 9960.18 0.36 16423 3357.57 0.27 3306270 877535.26 21.39 370 65.93 0.27 67376 16847.73 21.39 4 6 300 804 1206 60300 22.8 23.9 23.58 0.03
181800.0 354 50.08 0.36 68236 10010.27 0.36 16393 3357.55 0.27 3322663 880892.8 21.39 350 65.97 0.27 67726 16913.7 21.39 4 6 300 808 1212 60600 22.8 23.9 23.58 0.03
182700.0 310 49.3 0.17 68546 10059.57 0.36 16357 3357.54 0.27 3339020 884250.34 21.39 310 65.9 0.27 68036 16979.6 21.39 4 6 300 812 1218 60900 22.7 23.8 23.49 0.03
183600.0 310 49.3 0.17 68856 10108.87 0.36 16356 3357.47 0.27 3355376 887607.81 21.39 310 65.9 0.27 68346 17045.5 21.39 4 6 300 816 1224 61200 22.7 23.8 23.44 0.02
184500.0 376 49.45 0.17 69232 10158.32 0.36 16408 3357.57 0.27 3371784 890965.38 21.39 370 65.93 0.27 68716 17111.43 21.39 4 6 300 820 1230 61500 22.7 23.8 23.44 0.02
185400.0 354 50.08 0.36 69586 10208.4 0.36 16379 3357.55 0.27 3388163 894322.92 21.39 350 65.97 0.27 69066 17177.41 21.39 4 6 300 824 1236 61800 22.7 23.8 23.44 0.02
186300.0 310 49.3 0.17 69896 10257.71 0.36 16346 3357.54 0.27 3404509 897680.46 21.39 310 65.9 0.27 69376 17243.31 21.39 4 6 300 828 1242 62100 22.4 23.7 23.32 0.03
187200.0 310 49.3 0.17 70206 10307.01 0.36 16349 3357.47 0.27 3420858 901037.93 21.39 310 65.9 0.27 69686 17309.21 21.39 4 6 300 832 1248 62400 22.4 23.7 23.26 0.02
188100.0 376 49.45 0.17 70582 10356.46 0.36 16408 3357.57 0.27 3437266 904395.5 21.39 370 65.93 0.27 70056 17375.14 21.39 4 6 300 836 1254 62700 22.4 23.7 23.26 0.02
189000.0 354 50.08 0.36 70936 10406.54 0.36 16384 3357.55 0.27 3453650 907753.05 21.39 350 65.97 0.27 70406 17441.12 21.39 4 6 300 840 1260 63000 22.4 23.7 23.26 0.02
189900.0 310 49.3 0.17 71246 10455.85 0.36 16348 3357.54 0.27 3469998 911110.59 21.39 310 65.9 0.27 70716 17507.02 21.39 4 6 300 844 1266 63300 22.1 23.5 23.09 0.04
190800.0 310 49.3 0.17 71556 10505.15 0.36 16347 3357.47 0.27 3486345 914468.06 21.39 310 65.9 0.27 71026 17572.92 21.39 4 6 300 848 1272 63600 22.1 23.5 23.01 0.03
191700.0 376 49.45 0.17 71932 10554.6 0.36 16407 3357.57 0.27 3502752 917825.62 21.39 370 65.93 0.27 71396 17638.85 21.39 4 6 300 852 1278 63900 22.1 23.5 23.01 0.03
192600.0 354 50.08 0.36 72286 10604.68 0.36 16369 3357.55 0.27 3519121 921183.17 21.39 350 65.97 0.27 71746 17704.82 21.39 4 6 300 856 1284 64200 22.1 23.5 23.01 0.03
193500.0 310 49.3 0.17 72596 10653.99 0.36 16336 3357.54 0.27 3535457 924540.71 21.39 310 65.9 0.27 72056 17770.73 21.39 4 6 300 860 1290 64500 22.0 23.3 22.82 0.03
194400.0 310 49.3 0.17 72906 10703.29 0.36 16336 3357.47 0.27 3551793 927898.18 21.39 310 65.9 0.27 72366 17836.62 21.39 4 6 300 864 1296 64800 22.0 23.3 22.73 0.03
195300.0 376 49.45 0.17 73282 10752.74 0.36 16388 3357.57 0.27 3568181 931255.74 21.39 370 65.93 0.27 72736 17902.55 21.39 4 6 300 868 1302 65100 22.0 23.3 22.72 0.02
196200.0 354 50.08 0.36 73636 10802.82 0.36 16366 3357.55 0.27 3584547 934613.29 21.39 350 65.97 0.27 73086 17968.53 21.39 4 6 300 872 1308 65400 22.0 23.3 22.72 0.02
197100.0 310 49.3 0.17 73946 10852.12 0.36 16332 3357.54 0.27 3600879 937970.83 21.39 310 65.9 0.27 73396 18034.43 21.39 4 6 300 876 1314 65700 22.0 23.1 22.53 0.03
198000.0 310 49.3 0.17 74256 10901.43 0.36 16310 3357.47 0.27 3617189 941328.3 21.39 310 65.9 0.27 73706 18100.33 21.39 4 6 300 880 1320 66000 22.0 23.1 22.42 0.02
198900.0 376 49.45 0.17 74632 10950.88 0.36 16370 3357.57 0.27 3633559 944685.87 21.39 370 65.93 0.27 74076 18166.26 21.39 4 6 300 884 1326 66300 22.0 23.1 22.41 0.02
199800.0 354 50.08 0.36 74986 11000.96 0.36 16348 3357.55 0.27 3649907 948043.41 21.39 350 65.97 0.27 74426 18232.24 21.39 4 6 300 888 1332 66600 22.0 23.1 22.41 0.02
200700.0 310 49.3 0.17 75296 11050.26 0.36 16317 3357.54 0.27 3666224 951400.95 21.39 310 65.9 0.27 74736 18298.14 21.39 4 6 300 892 1338 66900 22.0 22.8 22.26 0.01
201600.0 310 49.3 0.17 75606 11099.57 0.36 16319 3357.47 0.27 3682543 954758.42 21.39 310 65.9 0.27 75046 18364.04 21.39 4 6 300 896 1344 67200 22.0 22.8 22.19 0.02
202500.0 376 49.45 0.17 75982 11149.01 0.36 16379 3357.57 0.27 3698922 958115.99 21.39 370 65.93 0.27 75416 18429.97 21.39 4 6 300 900 1350 67500 22.0 22.8 22.18 0.02
203400.0 354 50.08 0.36 76336 11199.1 0.36 16355 3357.55 0.27 3715277 961473.53 21.39 350 65.97 0.27 75766 18495.94 21.39 4 6 300 904 1356 67800 22.0 22.8 22.18 0.02
204300.0 310 49.3 0.17 76646 11248.4 0.36 16322 3357.54 0.27 3731599 964831.07 21.39 310 65.9 0.27 76076 18561.85 21.39 4 6 300 908 1362 68100 22.0 22.6 22.06 0.01
205200.0 310 49.3 0.17 76956 11297.7 0.36 16321 3357.47 0.27 3747920 968188.54 21.39 310 65.9 0.27 76386 18627.74 21.39 4 6 300 912 1368 68400 22.0 22.6 22.06 0.01
206100.0 376 49.44 0.17 77332 11347.15 0.36 16379 3357.57 0.27 3764299 971546.11 21.39 370 65.93 0.27 76756 18693.68 21.39 4 6 300 916 1374 68700 22.0 22.6 22.06 0.01
207000.0 354 50.08 0.36 77686 11397.23 0.36 16349 3357.55 0.27 3780648 974903.65 21.39 350 65.97 0.27 77106 18759.65 21.39 4 6 300 920 1380 69000 22.0 22.6 22.06 0.01
207900.0 310 49.3 0.17 77996 11446.54 0.36 16318 3357.54 0.27 3796966 978261.19 21.39 310 65.9 0.27 77416 18825.55 21.39 4 6 300 924 1386 69300 22.0 22.2 22.02 0.0
208800.0 310 49.3 0.17 78306 11495.84 0.36 16315 3357.47 0.27 3813281 981618.66 21.39 310 65.9 0.27 77726 18891.45 21.39 4 6 300 928 1392 69600 22.0 22.2 22.02 0.0
209700.0 376 49.45 0.17 78682 11545.29 0.36 16373 3357.57 0.27 3829654 984976.23 21.39 370 65.93 0.27 78096 18957.38 21.39 4 6 300 932 1398 69900 22.0 22.2 22.02 0.0
210600.0 354 50.08 0.36 79036 11595.37 0.36 16340 3357.55 0.27 3845994 988333.77 21.39 350 65.97 0.27 78446 19023.36 21.39 4 6 300 936 1404 70200 22.0 22.2 22.02 0.0
211500.0 310 49.3 0.17 79346 11644.67 0.36 16300 3357.54 0.27 3862294 991691.31 21.39 310 65.9 0.27 78756 19089.26 21.39 4 6 300 940 1410 70500 22.0 22.0 22.0 0.0
212400.0 310 49.3 0.17 79656 11693.98 0.36 16299 3357.47 0.27 3878593 995048.78 21.39 310 65.9 0.27 79066 19155.16 21.39 4 6 300 944 1416 70800 22.0 22.0 22.0 0.0
213300.0 376 49.44 0.17 80032 11743.42 0.36 16358 3357.57 0.27 3894951 998406.35 21.39 370 65.93 0.27 79436 19221.09 21.39 4 6 300 948 1422 71100 22.0 22.0 22.0 0.0
214200.0 354 50.08 0.36 80386 11793.5 0.36 16328 3357.54 0.27 3911279 1001763.89 21.39 350 65.97 0.27 79786 19287.06 21.39 4 6 300 952 1428 71400 22.0 22.0 22.0 0.0
215100.0 310 49.3 0.17 80696 11842.81 0.36 16285 3357.54 0.27 3927564 1005121.43 21.39 310 65.9 0.27 80096 19352.97 21.39 4 6 300 956 1434 71700 22.0 22.0 22.0 0.0
216000.0 310 49.3 0.17 81006 11892.11 0.36 16276 3357.47 0.27 3943840 1008478.9 21.39 310 65.9 0.27 80406 19418.87 21.39 4 6 300 960 1440 72000 22.0 22.0 22.0 0.0
216900.0 376 49.45 0.17 81382 11941.56 0.36 16335 3357.57 0.27 3960175 1011836.47 21.39 370 65.93 0.27 80776 19484.8 21.39 4 6 300 964 1446 72300 22.0 22.0 22.0 0.0
217800.0 354 50.08 0.36 81736 11991.64 0.36 16312 3357.54 0.27 3976487 1015194.01 21.39 350 65.97 0.27 81126 19550.77 21.39 4 6 300 968 1452 72600 22.0 22.0 22.0 0.0
218700.0 310 49.3 0.17 82046 12040.95 0.36 16264 3357.54 0.27 3992751 1018551.55 21.39 310 65.9 0.27 81436 19616.67 21.39 4 6 300 972 1458 72900 22.0 22.0 22.0 0.0
219600.0 310 49.3 0.17 82356 12090.25 0.36 16263 3357.47 0.27 4009014 1021909.02 21.39 310 65.9 0.27 81746 19682.57 21.39 4 6 300 976 1464 73200 22.0 22.0 22.0 0.0
220500.0 376 49.45 0.17 82732 12139.7 0.36 16312 3357.57 0.27 4025326 1025266.58 21.39 370 65.93 0.27 82116 19748.5 21.39 4 6 300 980 1470 73500 22.0 22.0 22.0 0.0
221400.0 354 50.08 0.36 83086 12189.78 0.36 16289 3361.69 0.27 4041615 1028628.27 21.39 350 66.05 0.27 82466 19814.56 21.39 4 6 300 984 1476 73800 22.0 22.0 22.0 0.0
222300.0 310 49.31 0.17 83396 12239.09 0.36 16353 3363.54 0.27 4057968 1031991.81 21.39 310 66.02 0.27 82776 19880.57 21.39 4 6 300 988 1482 74100 19.8 22.0 21.07 0.07
223200.0 310 49.31 0.17 83706 12288.4 0.36 16373 3363.45 0.27 4074341 1035355.27 21.39 310 66.01 0.27 83086 19946.59 21.39 4 6 300 992 1488 74400 19.8 22.0 20.55 0.13
224100.0 376 49.45 0.17 84082 12337.86 0.36 16433 3363.57 0.27 4090774 1038718.84 21.39 370 66.04 0.27 83456 20012.63 21.39 4 6 300 996 1494 74700 19.8 21.8 20.53 0.11
225000.0 354 50.09 0.36 84436 12387.94 0.36 16413 3363.05 0.27 4107187 1042081.89 21.39 350 66.08 0.27 83806 20078.71 21.39 4 6 300 1000 1500 75000 19.8 21.8 20.53 0.11
225900.0 310 49.31 0.17 84746 12437.25 0.36 16372 3363.76 0.27 4123559 1045445.65 21.39 310 66.02 0.27 84116 20144.73 21.39 4 6 300 1004 1506 75300 19.8 21.7 20.47 0.11
226800.0 310 49.31 0.17 85056 12486.56 0.36 16376 3363.68 0.27 4139935 1048809.33 21.39 310 66.02 0.27 84426 20210.75 21.39 4 6 300 1008 1512 75600 19.8 21.7 20.44 0.12
227700.0 376 49.45 0.17 85432 12536.01 0.36 16435 3363.79 0.27 4156370 1052173.12 21.39 370 66.05 0.27 84796 20276.8 21.39 4 6 300 1012 1518 75900 19.8 21.7 20.44 0.12
228600.0 354 50.09 0.36 85786 12586.1 0.36 16413 3364.54 0.27 4172783 1055537.66 21.39 350 66.11 0.27 85146 20342.9 21.39 4 6 300 1016 1524 76200 19.8 21.7 20.44 0.12
229500.0 310 49.31 0.17 86096 12635.41 0.36 16372 3363.64 0.27 4189155 1058901.3 21.39 310 66.02 0.27 85456 20408.92 21.39 4 6 300 1020 1530 76500 19.9 21.6 20.44 0.11
230400.0 310 49.31 0.17 86406 12684.71 0.36 16373 3363.54 0.27 4205528 1062264.84 21.39 310 66.01 0.27 85766 20474.93 21.39 4 6 300 1024 1536 76800 19.9 21.6 20.43 0.12
231300.0 376 49.45 0.17 86782 12734.16 0.36 16432 3363.67 0.27 4221960 1065628.51 21.39 370 66.05 0.27 86136 20540.98 21.39 4 6 300 1028 1542 77100 19.8 21.6 20.43 0.12
232200.0 354 50.09 0.36 87136 12784.25 0.36 16409 3363.94 0.27 4238369 1068992.45 21.39 350 66.1 0.27 86486 20607.08 21.39 4 6 300 1032 1548 77400 19.8 21.6 20.43 0.12
233100.0 310 49.31 0.17 87446 12833.56 0.36 16371 3364.86 0.27 4254740 1072357.31 21.39 310 66.04 0.27 86796 20673.12 21.39 4 6 300 1036 1554 77700 19.8 21.5 20.48 0.13
234000.0 310 49.31 0.17 87756 12882.87 0.36 16370 3364.78 0.27 4271110 1075722.1 21.39 310 66.04 0.27 87106 20739.16 21.39 4 6 300 1040 1560 78000 19.8 21.5 20.47 0.13
234900.0 376 49.45 0.17 88132 12932.32 0.36 16430 3364.89 0.27 4287540 1079086.99 21.39 370 66.07 0.27 87476 20805.23 21.39 4 6 300 1044 1566 78300 19.8 21.5 20.47 0.13
235800.0 354 50.08 0.36 88486 12982.41 0.36 16403 3361.36 0.27 4303943 1082448.35 21.39 350 66.05 0.27 87826 20871.27 21.39 4 6 300 1048 1572 78600 19.8 21.5 20.47 0.13
236700.0 310 49.31 0.17 88796 13031.71 0.36 16366 3360.08 0.27 4320309 1085808.42 21.39 310 65.95 0.27 88136 20937.23 21.39 4 6 300 1052 1578 78900 19.8 21.4 20.53 0.14
237600.0 310 49.31 0.17 89106 13081.02 0.36 16365 3360.0 0.27 4336674 1089168.43 21.39 310 65.95 0.27 88446 21003.17 21.39 4 6 300 1056 1584 79200 19.8 21.4 20.53 0.14
238500.0 376 49.45 0.17 89482 13130.46 0.36 16422 3360.1 0.27 4353096 1092528.53 21.39 370 65.98 0.27 88816 21069.15 21.39 4 6 300 1060 1590 79500 19.7 21.4 20.53 0.14
239400.0 354 50.08 0.36 89836 13180.55 0.36 16392 3361.9 0.27 4369488 1095890.43 21.39 350 66.06 0.27 89166 21135.21 21.39 4 6 300 1064 1596 79800 19.7 21.4 20.53 0.14
240300.0 310 49.31 0.17 90146 13229.86 0.36 16359 3361.91 0.27 4385847 1099252.34 21.39 310 65.99 0.27 89476 21201.19 21.39 4 6 300 1068 1602 80100 19.7 21.6 20.59 0.15
241200.0 310 49.31 0.17 90456 13279.16 0.36 16351 3361.83 0.27 4402198 1102614.17 21.39 310 65.98 0.27 89786 21267.17 21.39 4 6 300 1072 1608 80400 19.7 21.6 20.59 0.15
242100.0 376 49.45 0.17 90832 13328.62 0.36 16409 3361.94 0.27 4418607 1105976.11 21.39 370 66.01 0.27 90156 21333.19 21.39 4 6 300 1076 1614 80700 19.7 21.6 20.59 0.15
243000.0 354 50.08 0.36 91186 13378.7 0.36 16380 3362.05 0.27 4434987 1109338.16 21.39 350 66.06 0.27 90506 21399.25 21.39 4 6 300 1080 1620 81000 19.7 21.6 20.59 0.15
243900.0 310 49.31 0.17 91496 13428.01 0.36 16353 3362.74 0.27 4451340 1112700.9 21.39 310 66.0 0.27 90816 21465.25 21.39 4 6 300 1084 1626 81300 19.7 21.8 20.65 0.17
244800.0 310 49.31 0.17 91806 13477.32 0.36 16349 3362.64 0.27 4467689 1116063.55 21.39 310 66.0 0.27 91126 21531.24 21.39 4 6 300 1088 1632 81600 19.7 21.8 20.64 0.17
245700.0 376 49.45 0.17 92182 13526.77 0.36 16408 3362.77 0.27 4484097 1119426.31 21.39 370 66.03 0.27 91496 21597.27 21.39 4 6 300 1092 1638 81900 19.6 21.8 20.64 0.17
246600.0 354 50.09 0.36 92536 13576.85 0.36 16373 3363.02 0.27 4500470 1122789.34 21.39 350 66.08 0.27 91846 21663.35 21.39 4 6 300 1096 1644 82200 19.6 21.8 20.64 0.17
247500.0 310 49.31 0.17 92846 13626.16 0.36 16342 3362.59 0.27 4516812 1126151.93 21.39 310 66.0 0.27 92156 21729.35 21.39 4 6 300 1100 1650 82500 19.6 21.9 20.64 0.18
248400.0 310 49.31 0.17 93156 13675.47 0.36 16340 3362.5 0.27 4533152 1129514.43 21.39 310 66.0 0.27 92466 21795.35 21.39 4 6 300 1104 1656 82800 19.6 21.9 20.63 0.19
249300.0 376 49.45 0.17 93532 13724.92 0.36 16391 3362.62 0.27 4549543 1132877.04 21.39 370 66.03 0.27 92836 21861.37 21.39 4 6 300 1108 1662 83100 19.5 21.9 20.63 0.19
250200.0 354 50.08 0.36 93886 13775.01 0.36 16359 3362.02 0.27 4565902 1136239.07 21.39 350 66.06 0.27 93186 21927.43 21.39 4 6 300 1112 1668 83400 19.5 21.9 20.63 0.19
251100.0 310 49.31 0.17 94196 13824.32 0.36 16339 3361.96 0.27 4582241 1139601.02 21.39 310 65.99 0.27 93496 21993.42 21.39 4 6 300 1116 1674 83700 19.5 22.0 20.61 0.2
252000.0 310 49.31 0.17 94506 13873.62 0.36 16336 3361.86 0.27 4598577 1142962.88 21.39 310 65.98 0.27 93806 22059.4 21.39 4 6 300 1120 1680 84000 19.5 22.0 20.57 0.22
252900.0 376 49.45 0.17 94882 13923.08 0.36 16396 3361.98 0.27 4614973 1146324.87 21.39 370 66.01 0.27 94176 22125.41 21.39 4 6 300 1124 1686 84300 19.5 22.0 20.57 0.22
253800.0 354 50.08 0.36 95236 13973.16 0.36 16359 3362.42 0.27 4631332 1149687.29 21.39 350 66.07 0.27 94526 22191.48 21.39 4 6 300 1128 1692 84600 19.5 22.0 20.57 0.22
254700.0 310 49.31 0.17 95546 14022.47 0.36 16371 3362.98 0.27 4647703 1153050.28 21.39 310 66.01 0.27 94836 22257.48 21.39 4 6 300 1132 1698 84900 19.5 21.8 20.45 0.22
255600.0 310 49.31 0.17 95856 14071.78 0.36 16379 3362.89 0.27 4664082 1156413.16 21.39 310 66.0 0.27 95146 22323.48 21.39 4 6 300 1136 1704 85200 19.5 21.8 20.41 0.24
256500.0 376 49.45 0.17 96232 14121.23 0.36 16439 3363.01 0.27 4680521 1159776.17 21.39 370 66.03 0.27 95516 22389.52 21.39 4 6 300 1140 1710 85500 19.3 21.8 20.41 0.24
257400.0 354 50.08 0.36 96586 14171.31 0.36 16385 3361.73 0.27 4696906 1163137.9 21.39 350 66.06 0.27 95866 22455.57 21.39 4 6 300 1144 1716 85800 19.3 21.8 20.41 0.24
258300.0 310 49.31 0.17 96896 14220.62 0.36 16389 3362.67 0.27 4713295 1166500.58 21.39 310 66.0 0.27 96176 22521.57 21.39 4 6 300 1148 1722 86100 19.3 21.6 20.23 0.22
259200.0 310 49.31 0.17 97206 14269.93 0.36 16391 3362.59 0.27 4729686 1169863.17 21.39 310 66.0 0.27 96486 22587.57 21.39 4 6 300 1152 1728 86400 19.3 21.6 20.17 0.26
260100.0 376 49.45 0.17 97582 14319.38 0.36 16451 3362.7 0.27 4746137 1173225.87 21.39 370 66.03 0.27 96856 22653.6 21.39 4 6 300 1156 1734 86700 19.2 21.6 20.17 0.26
261000.0 356 50.18 0.36 97938 14369.56 0.36 16737 189765.24 21.4 4762874 1362991.11 21.4 352 3558.14 21.4 97208 26211.74 21.4 4 6 300 1160 1740 87000 19.2 21.6 20.17 0.26
261900.0 310 49.31 0.17 98248 14418.87 0.36 16425 3369.8 0.27 4779299 1366360.92 21.4 310 66.09 0.27 97518 26277.83 21.4 4 6 300 1164 1746 87300 18.9 20.8 19.69 0.17
262800.0 310 49.31 0.17 98558 14468.18 0.36 16423 3369.69 0.27 4795722 1369730.6 21.4 310 66.08 0.27 97828 26343.91 21.4 4 6 300 1168 1752 87600 18.9 20.8 19.65 0.23
263700.0 376 49.45 0.17 98934 14517.63 0.36 16483 3369.84 0.27 4812205 1373100.44 21.4 370 66.12 0.27 98198 26410.03 21.4 4 6 300 1172 1758 87900 18.9 20.8 19.65 0.24
264600.0 356 50.2 0.36 99290 14567.82 0.36 16774 189401.3 21.37 4828979 1562501.74 21.4 352 3548.98 21.37 98550 29959.01 21.4 4 6 300 1176 1764 88200 18.9 20.8 19.65 0.24
265500.0 310 49.34 0.17 99600 14617.17 0.36 16449 3415.38 0.28 4845428 1565917.12 21.4 310 66.99 0.28 98860 30026.0 21.4 4 6 300 1180 1770 88500 17.3 20.2 18.12 0.13
266400.0 310 49.34 0.17 99910 14666.51 0.36 16461 3415.38 0.28 4861889 1569332.5 21.4 310 66.99 0.28 99170 30092.99 21.4 4 6 300 1184 1776 88800 17.3 18.9 17.81 0.03
267300.0 376 49.48 0.17 100286 14715.99 0.36 16521 3415.4 0.28 4878410 1572747.89 21.4 370 67.02 0.28 99540 30160.01 21.4 4 6 300 1188 1782 89100 17.3 18.8 17.8 0.02
268200.0 356 50.22 0.36 100642 14766.21 0.36 16812 189180.38 21.37 4895222 1761928.27 21.4 352 3547.9 21.37 99892 33707.92 21.4 4 6 300 1192 1788 89400 17.3 18.8 17.8 0.02
269100.0 310 49.34 0.17 100952 14815.55 0.36 16458 3410.65 0.28 4911680 1765338.92 21.4 310 66.91 0.28 100202 33774.83 21.4 4 6 300 1196 1794 89700 17.3 18.7 17.78 0.02
270000.0 310 49.34 0.17 101262 14864.89 0.36 16460 3410.64 0.28 4928140 1768749.56 21.4 310 66.91 0.28 100512 33841.74 21.4 4 6 300 1200 1800 90000 17.3 18.7 17.76 0.02
270900.0 376 49.48 0.17 101638 14914.37 0.36 16520 3410.67 0.28 4944660 1772160.23 21.4 370 66.94 0.28 100882 33908.68 21.4 4 6 300 1204 1806 90300 17.3 18.7 17.76 0.02
271800.0 354 50.12 0.36 101992 14964.49 0.36 16496 3407.69 0.28 4961156 1775567.92 21.4 350 66.93 0.28 101232 33975.61 21.4 4 6 300 1208 1812 90600 17.3 18.7 17.76 0.02
272700.0 310 49.34 0.17 102302 15013.82 0.36 16455 3407.63 0.28 4977611 1778975.55 21.4 310 66.86 0.28 101542 34042.47 21.4 4 6 300 1212 1818 90900 17.3 18.6 17.74 0.02
273600.0 310 49.34 0.17 102612 15063.16 0.36 16454 3407.61 0.28 4994065 1782383.16 21.4 310 66.85 0.28 101852 34109.32 21.4 4 6 300 1216 1824 91200 17.3 18.6 17.73 0.02
274500.0 376 49.48 0.17 102988 15112.64 0.36 16513 3407.66 0.28 5010578 1785790.82 21.4 370 66.88 0.28 102222 34176.21 21.4 4 6 300 1220 1830 91500 17.3 18.6 17.73 0.02
275400.0 354 50.12 0.36 103342 15162.76 0.36 16492 3416.25 0.28 5027070 1789207.07 21.4 350 67.09 0.28 102572 34243.3 21.4 4 6 300 1224 1836 91800 17.3 18.6 17.73 0.02
276300.0 310 49.34 0.17 103652 15212.1 0.36 16451 3410.82 0.28 5043521 1792617.9 21.4 310 66.92 0.28 102882 34310.22 21.4 4 6 300 1228 1842 92100 17.3 18.5 17.71 0.02
277200.0 310 49.34 0.17 103962 15261.44 0.36 16451 3410.8 0.28 5059972 1796028.7 21.4 310 66.91 0.28 103192 34377.13 21.4 4 6 300 1232 1848 92400 17.3 18.5 17.7 0.02
278100.0 376 49.48 0.17 104338 15310.92 0.36 16511 3410.85 0.28 5076483 1799439.55 21.4 370 66.94 0.28 103562 34444.08 21.4 4 6 300 1236 1854 92700 17.3 18.5 17.7 0.02
279000.0 354 50.11 0.36 104692 15361.04 0.36 16491 3405.34 0.28 5092974 1802844.89 21.4 350 66.89 0.28 103912 34510.96 21.4 4 6 300 1240 1860 93000 17.3 18.5 17.7 0.02
279900.0 310 49.34 0.17 105002 15410.38 0.36 16453 3410.64 0.28 5109427 1806255.54 21.4 310 66.91 0.28 104222 34577.88 21.4 4 6 300 1244 1866 93300 17.3 18.4 17.69 0.01
280800.0 310 49.34 0.17 105312 15459.72 0.36 16453 3410.64 0.28 5125880 1809666.17 21.4 310 66.91 0.28 104532 34644.79 21.4 4 6 300 1248 1872 93600 17.3 18.4 17.68 0.01
281700.0 376 49.48 0.17 105688 15509.2 0.36 16511 3410.67 0.28 5142391 1813076.84 21.4 370 66.94 0.28 104902 34711.73 21.4 4 6 300 1252 1878 93900 17.3 18.4 17.68 0.01
282600.0 354 50.12 0.36 106042 15559.31 0.36 16483 3410.25 0.28 5158874 1816487.09 21.4 350 66.98 0.28 105252 34778.71 21.4 4 6 300 1256 1884 94200 17.3 18.4 17.68 0.01
283500.0 310 49.34 0.17 106352 15608.65 0.36 16444 3404.4 0.28 5175318 1819891.49 21.4 310 66.8 0.28 105562 34845.51 21.4 4 6 300 1260 1890 94500 17.3 18.3 17.68 0.01
284400.0 310 49.34 0.17 106662 15657.98 0.36 16441 3404.37 0.28 5191759 1823295.87 21.4 310 66.79 0.28 105872 34912.3 21.4 4 6 300 1264 1896 94800 17.3 18.3 17.67 0.01
285300.0 376 49.48 0.17 107038 15707.46 0.36 16500 3404.42 0.28 5208259 1826700.29 21.4 370 66.82 0.28 106242 34979.12 21.4 4 6 300 1268 1902 95100 17.3 18.3 17.67 0.01
286200.0 354 50.11 0.36 107392 15757.57 0.36 16479 3401.9 0.28 5224738 1830102.18 21.4 350 66.82 0.28 106592 35045.95 21.4 4 6 300 1272 1908 95400 17.3 18.3 17.67 0.01
287100.0 310 49.33 0.17 107702 15806.91 0.36 16439 3402.25 0.28 5241177 1833504.44 21.4 310 66.76 0.28 106902 35112.7 21.4 4 6 300 1276 1914 95700 17.3 18.2 17.67 0.01
288000.0 310 49.33 0.17 108012 15856.24 0.36 16440 3402.24 0.28 5257617 1836906.67 21.4 310 66.75 0.28 107212 35179.46 21.4 4 6 300 1280 1920 96000 17.3 18.2 17.66 0.01
288900.0 376 49.48 0.17 108388 15905.72 0.36 16500 3402.28 0.28 5274117 1840308.96 21.4 370 66.78 0.28 107582 35246.24 21.4 4 6 300 1284 1926 96300 17.3 18.2 17.66 0.01
289800.0 354 50.12 0.36 108742 15955.84 0.36 16474 3410.88 0.28 5290591 1843719.83 21.4 350 66.99 0.28 107932 35313.23 21.4 4 6 300 1288 1932 96600 17.3 18.2 17.66 0.01
290700.0 310 49.34 0.17 109052 16005.18 0.36 16434 3416.2 0.28 5307025 1847136.03 21.4 310 67.02 0.28 108242 35380.25 21.4 4 6 300 1292 1938 96900 17.3 18.1 17.66 0.01
291600.0 310 49.34 0.17 109362 16054.53 0.36 16433 3416.18 0.28 5323458 1850552.21 21.4 310 67.02 0.28 108552 35447.26 21.4 4 6 300 1296 1944 97200 17.3 18.1 17.66 0.01
292500.0 376 49.49 0.17 109738 16104.01 0.36 16490 3416.22 0.28 5339948 1853968.43 21.4 370 67.05 0.28 108922 35514.31 21.4 4 6 300 1300 1950 97500 17.3 18.1 17.66 0.01
293400.0 354 50.12 0.36 110092 16154.13 0.36 16469 3410.13 0.28 5356417 1857378.56 21.4 350 66.98 0.28 109272 35581.29 21.4 4 6 300 1304 1956 97800 17.3 18.1 17.66 0.01
294300.0 310 49.34 0.17 110402 16203.47 0.36 16429 3410.07 0.28 5372846 1860788.63 21.4 310 66.9 0.28 109582 35648.19 21.4 4 6 300 1308 1962 98100 17.4 18.0 17.66 0.01
295200.0 310 49.34 0.17 110712 16252.81 0.36 16427 3410.05 0.28 5389273 1864198.67 21.4 310 66.9 0.28 109892 35715.09 21.4 4 6 300 1312 1968 98400 17.4 18.0 17.66 0.01
296100.0 376 49.48 0.17 111088 16302.29 0.36 16487 3410.1 0.28 5405760 1867608.77 21.4 370 66.93 0.28 110262 35782.02 21.4 4 6 300 1316 1974 98700 17.4 18.0 17.66 0.01
297000.0 354 50.12 0.36 111442 16352.41 0.36 16466 3416.25 0.28 5422226 1871025.02 21.4 350 67.09 0.28 110612 35849.11 21.4 4 6 300 1320 1980 99000 17.4 18.0 17.66 0.01
297900.0 310 49.34 0.17 111752 16401.75 0.36 16423 3416.2 0.28 5438649 1874441.22 21.4 310 67.02 0.28 110922 35916.13 21.4 4 6 300 1324 1986 99300 17.4 18.0 17.66 0.01
298800.0 310 49.34 0.17 112062 16451.1 0.36 16424 3416.18 0.28 5455073 1877857.4 21.4 310 67.02 0.28 111232 35983.14 21.4 4 6 300 1328 1992 99600 17.4 18.0 17.66 0.01
299700.0 376 49.49 0.17 112438 16500.58 0.36 16484 3416.22 0.28 5471557 1881273.62 21.4 370 67.05 0.28 111602 36050.19 21.4 4 6 300 1332 1998 99900 17.4 18.0 17.66 0.01
300600.0 354 50.12 0.36 112792 16550.7 0.36 16460 3416.26 0.28 5488017 1884689.87 21.4 350 67.09 0.28 111952 36117.28 21.4 4 6 300 1336 2004 100200 17.4 18.0 17.66 0.01
301500.0 310 49.34 0.17 113102 16600.04 0.36 16426 3409.51 0.28 5504443 1888099.39 21.4 310 66.89 0.28 112262 36184.17 21.4 4 6 300 1340 2010 100500 17.4 17.9 17.67 0.01
302400.0 310 49.34 0.17 113412 16649.38 0.36 16427 3409.5 0.28 5520870 1891508.89 21.4 310 66.89 0.28 112572 36251.06 21.4 4 6 300 1344 2016 100800 17.4 17.9 17.67 0.01
303300.0 376 49.48 0.17 113788 16698.87 0.36 16482 3409.54 0.28 5537352 1894918.43 21.4 370 66.92 0.28 112942 36317.98 21.4 4 6 300 1348 2022 101100 17.4 17.9 17.67 0.01
304200.0 354 50.11 0.36 114142 16748.98 0.36 16455 3404.03 0.28 5553807 1898322.46 21.4 350 66.86 0.28 113292 36384.84 21.4 4 6 300 1352 2028 101400 17.4 17.9 17.67 0.01
305100.0 310 49.34 0.17 114452 16798.32 0.36 16421 3410.64 0.28 5570228 1901733.1 21.4 310 66.91 0.28 113602 36451.76 21.4 4 6 300 1356 2034 101700 17.4 17.8 17.67 0.01
306000.0 310 49.34 0.17 114762 16847.66 0.36 16418 3410.64 0.28 5586646 1905143.74 21.4 310 66.91 0.28 113912 36518.67 21.4 4 6 300 1360 2040 102000 17.4 17.8 17.67 0.01
306900.0 376 49.48 0.17 115138 16897.14 0.36 16478 3410.67 0.28 5603124 1908554.41 21.4 370 66.94 0.28 114282 36585.61 21.4 4 6 300 1364 2046 102300 17.4 17.9 17.67 0.01
307800.0 354 50.12 0.36 115492 16947.26 0.36 16451 3416.25 0.28 5619575 1911970.66 21.4 350 67.09 0.28 114632 36652.7 21.4 4 6 300 1368 2052 102600 17.4 17.9 17.67 0.01
308700.0 310 49.34 0.17 115802 16996.6 0.36 16414 3416.2 0.28 5635989 1915386.86 21.4 310 67.02 0.28 114942 36719.72 21.4 4 6 300 1372 2058 102900 17.4 17.9 17.68 0.01
309600.0 310 49.34 0.17 116112 17045.95 0.36 16415 3416.18 0.28 5652404 1918803.04 21.4 310 67.02 0.28 115252 36786.74 21.4 4 6 300 1376 2064 103200 17.4 17.9 17.68 0.01
310500.0 376 49.49 0.17 116488 17095.43 0.36 16473 3416.22 0.28 5668877 1922219.26 21.4 370 67.05 0.28 115622 36853.78 21.4 4 6 300 1380 2070 103500 17.4 17.9 17.68 0.01
311400.0 354 50.12 0.36 116842 17145.55 0.36 16442 3410.12 0.28 5685319 1925629.39 21.4 350 66.98 0.28 115972 36920.76 21.4 4 6 300 1384 2076 103800 17.4 17.9 17.68 0.01
312300.0 310 49.34 0.17 117152 17194.89 0.36 16407 3410.07 0.28 5701726 1929039.46 21.4 310 66.9 0.28 116282 36987.66 21.4 4 6 300 1388 2082 104100 17.4 18.0 17.69 0.01
313200.0 310 49.34 0.17 117462 17244.23 0.36 16408 3410.05 0.28 5718134 1932449.5 21.4 310 66.9 0.28 116592 37054.56 21.4 4 6 300 1392 2088 104400 17.3 18.0 17.69 0.01
314100.0 376 49.48 0.17 117838 17293.71 0.36 16468 3410.1 0.28 5734602 1935859.6 21.4 370 66.93 0.28 116962 37121.49 21.4 4 6 300 1396 2094 104700 17.3 18.0 17.69 0.01
315000.0 354 50.12 0.36 118192 17343.83 0.36 16439 3416.25 0.28 5751041 1939275.85 21.4 350 67.09 0.28 117312 37188.58 21.4 4 6 300 1400 2100 105000 17.3 18.0 17.69 0.01
315900.0 310 49.34 0.17 118502 17393.17 0.36 16406 3410.82 0.28 5767447 1942686.67 21.4 310 66.92 0.28 117622 37255.5 21.4 4 6 300 1404 2106 105300 17.3 18.1 17.71 0.01
316800.0 310 49.34 0.17 118812 17442.51 0.36 16405 3410.8 0.28 5783852 1946097.47 21.4 310 66.91 0.28 117932 37322.42 21.4 4 6 300 1408 2112 105600 17.3 18.1 17.71 0.01
317700.0 376 49.48 0.17 119188 17491.99 0.36 16459 3410.85 0.28 5800311 1949508.32 21.4 370 66.94 0.28 118302 37389.36 21.4 4 6 300 1412 2118 105900 17.3 18.1 17.71 0.01
318600.0 354 50.12 0.36 119542 17542.11 0.36 16423 3410.88 0.28 5816734 1952919.2 21.4 350 66.99 0.28 118652 37456.35 21.4 4 6 300 1416 2124 106200 17.3 18.1 17.71 0.01
319500.0 310 49.34 0.17 119852 17591.45 0.36 16388 3416.2 0.28 5833122 1956335.4 21.4 310 67.02 0.28 118962 37523.37 21.4 4 6 300 1420 2130 106500 17.3 18.2 17.72 0.02
320400.0 310 49.34 0.17 120162 17640.8 0.36 16389 3416.18 0.28 5849511 1959751.58 21.4 310 67.02 0.28 119272 37590.38 21.4 4 6 300 1424 2136 106800 17.3 18.2 17.72 0.02
321300.0 376 49.49 0.17 120538 17690.28 0.36 16449 3416.22 0.28 5865960 1963167.8 21.4 370 67.05 0.28 119642 37657.43 21.4 4 6 300 1428 2142 107100 17.3 18.2 17.72 0.02
322200.0 354 50.11 0.36 120892 17740.39 0.36 16414 3399.79 0.28 5882374 1966567.6 21.4 350 66.78 0.28 119992 37724.21 21.4 4 6 300 1432 2148 107400 17.3 18.2 17.72 0.02
323100.0 310 49.33 0.17 121202 17789.72 0.36 16372 3390.07 0.28 5898746 1969957.67 21.4 310 66.53 0.28 120302 37790.74 21.4 4 6 300 1436 2154 107700 17.3 18.2 17.73 0.02
324000.0 310 49.33 0.17 121512 17839.05 0.36 16373 3390.06 0.28 5915119 1973347.73 21.4 310 66.52 0.28 120612 37857.26 21.4 4 6 300 1440 2160 108000 17.3 18.2 17.73 0.02
324900.0 376 49.47 0.17 121888 17888.52 0.36 16431 3390.1 0.28 5931550 1976737.83 21.4 370 66.55 0.28 120982 37923.81 21.4 4 6 300 1444 2166 108300 17.3 18.2 17.73 0.02
325800.0 354 50.12 0.36 122242 17938.64 0.36 16400 3409.57 0.28 5947950 1980147.39 21.4 350 66.97 0.28 121332 37990.77 21.4 4 6 300 1448 2172 108600 17.3 18.2 17.73 0.02
326700.0 310 49.34 0.17 122552 17987.98 0.36 16374 3416.19 0.28 5964324 1983563.59 21.4 310 67.02 0.28 121642 38057.79 21.4 4 6 300 1452 2178 108900 17.3 18.3 17.75 0.02
327600.0 310 49.34 0.17 122862 18037.33 0.36 16370 3416.18 0.28 5980694 1986979.77 21.4 310 67.02 0.28 121952 38124.81 21.4 4 6 300 1456 2184 109200 17.2 18.3 17.75 0.02
328500.0 376 49.49 0.17 123238 18086.81 0.36 16427 3416.22 0.28 5997121 1990395.99 21.4 370 67.05 0.28 122322 38191.85 21.4 4 6 300 1460 2190 109500 17.2 18.3 17.75 0.02
329400.0 354 50.12 0.36 123592 18136.93 0.36 16389 3416.25 0.28 6013510 1993812.24 21.4 350 67.09 0.28 122672 38258.95 21.4 4 6 300 1464 2196 109800 17.2 18.3 17.75 0.02
330300.0 310 49.34 0.17 123902 18186.28 0.36 16359 3416.2 0.28 6029869 1997228.44 21.4 310 67.02 0.28 122982 38325.97 21.4 4 6 300 1468 2202 110100 17.2 18.4 17.76 0.03
331200.0 310 49.34 0.17 124212 18235.62 0.36 16358 3416.18 0.28 6046227 2000644.62 21.4 310 67.02 0.28 123292 38392.98 21.4 4 6 300 1472 2208 110400 17.2 18.4 17.76 0.03
332100.0 376 49.49 0.17 124588 18285.11 0.36 16418 3416.22 0.28 6062645 2004060.84 21.4 370 67.05 0.28 123662 38460.03 21.4 4 6 300 1476 2214 110700 17.2 18.4 17.76 0.03
333000.0 354 50.12 0.36 124942 18335.22 0.36 16363 3410.71 0.28 6079008 2007471.55 21.4 350 66.99 0.28 124012 38527.01 21.4 4 6 300 1480 2220 111000 17.2 18.4 17.76 0.03
333900.0 310 49.34 0.17 125252 18384.56 0.36 16330 3410.64 0.28 6095338 2010882.2 21.4 310 66.91 0.28 124322 38593.93 21.4 4 6 300 1484 2226 111300 17.2 18.5 17.77 0.03
334800.0 310 49.34 0.17 125562 18433.9 0.36 16333 3410.64 0.28 6111671 2014292.83 21.4 310 66.91 0.28 124632 38660.84 21.4 4 6 300 1488 2232 111600 17.2 18.5 17.77 0.03
335700.0 376 49.48 0.17 125938 18483.38 0.36 16380 3410.67 0.28 6128051 2017703.5 21.4 370 66.94 0.28 125002 38727.78 21.4 4 6 300 1492 2238 111900 17.2 18.5 17.77 0.03
336600.0 354 50.12 0.36 126292 18533.5 0.36 16338 3416.25 0.28 6144389 2021119.75 21.4 350 67.09 0.28 125352 38794.87 21.4 4 6 300 1496 2244 112200 17.2 18.5 17.77 0.03
337500.0 310 49.34 0.17 126602 18582.85 0.36 16323 3416.19 0.28 6160712 2024535.95 21.4 310 67.02 0.28 125662 38861.89 21.4 4 6 300 1500 2250 112500 17.2 18.5 17.79 0.03
338400.0 310 49.34 0.17 126912 18632.19 0.36 16316 3416.18 0.28 6177028 2027952.13 21.4 310 67.02 0.28 125972 38928.91 21.4 4 6 300 1504 2256 112800 17.2 18.5 17.79 0.04
339300.0 376 49.49 0.17 127288 18681.68 0.36 16369 3416.22 0.28 6193397 2031368.35 21.4 370 67.05 0.28 126342 38995.95 21.4 4 6 300 1508 2262 113100 17.2 18.5 17.79 0.04
340200.0 354 50.12 0.36 127642 18731.79 0.36 16305 3407.69 0.28 6209702 2034776.04 21.4 350 66.93 0.28 126692 39062.88 21.4 4 6 300 1512 2268 113400 17.2 18.5 17.79 0.04
341100.0 310 49.34 0.17 127952 18781.13 0.36 16256 3407.63 0.28 6225958 2038183.67 21.4 310 66.86 0.28 127002 39129.74 21.4 4 6 300 1516 2274 113700 17.2 18.5 17.8 0.04
342000.0 310 49.34 0.17 128262 18830.47 0.36 16255 3407.61 0.28 6242213 2041591.27 21.4 310 66.85 0.28 127312 39196.59 21.4 4 6 300 1520 2280 114000 17.2 18.5 17.8 0.04
342900.0 376 49.48 0.17 128638 18879.95 0.36 16312 3407.65 0.28 6258525 2044998.93 21.4 370 66.88 0.28 127682 39263.48 21.4 4 6 300 1524 2286 114300 17.2 18.5 17.8 0.04
343800.0 354 50.11 0.36 128992 18930.06 0.36 16280 3400.3 0.28 6274805 2048399.23 21.4 350 66.79 0.28 128032 39330.27 21.4 4 6 300 1528 2292 114600 17.2 18.5 17.8 0.04
344700.0 310 49.33 0.17 129302 18979.39 0.36 16241 3400.25 0.28 6291046 2051799.48 21.4 310 66.72 0.28 128342 39396.99 21.4 4 6 300 1532 2298 114900 17.2 18.6 17.8 0.04
345600.0 310 49.33 0.17 129612 19028.73 0.36 16238 3400.22 0.28 6307284 2055199.7 21.4 310 66.72 0.28 128652 39463.71 21.4 4 6 300 1536 2304 115200 17.2 18.6 17.8 0.04
