# seed = 1, gamma = 0.0, beta = 0.66, dee = 1.0, dcc = 100.0, dec = 300.0, dsCnd = 150.0, dLocalhost = 0.02, hostBroker = EDGE 
#
# The columns have the following meaning: 
# instant[SECONDS] commCountUploadPartial delaySumUploadPartial[SECONDS] delayMaxUploadPartial[SECONDS] commCountUploadTot delaySumUploadTot[SECONDS] delayMaxUploadTot[SECONDS] commCountDownloadPartial delaySumDownloadPartial[SECONDS] delayMaxDownloadPartial[SECONDS] commCountDownloadTot delaySumDownloadTot[SECONDS] delayMaxDownloadTot[SECONDS] commCountDownloadMaxPartial delaySumDownloadMaxPartial[SECONDS] delayMaxDownloadMaxPartial[SECONDS] commCountDownloadMaxTot delaySumDownloadMaxTot[SECONDS] delayMaxDownloadMaxTot[SECONDS] runOnCloudPartial runOnEdgePartial runOnSmartphonePartial runOnCloudTot runOnEdgeTot runOnSmartphoneTot minTemp maxTemp avgTemp varianceTemp
0.0 0 0.0 0.0 0 0.0 0.0 0 0.0 0.0 0 0.0 0.0 0 0.0 0.0 0 0.0 0.0 0 0 0 0 0 0 17.0 25.0 21.0 0.0
900.0 376 64.83 0.3 376 64.83 0.3 16500 3570.54 0.45 16500 3570.54 0.45 370 99.18 0.34 370 99.18 0.34 112 0 198 112 0 198 18.9 21.0 19.37 0.77
1800.0 356 65.86 0.36 732 130.7 0.36 16788 196428.79 21.43 33288 199999.33 21.43 352 3722.66 21.43 722 3821.85 21.43 112 0 198 224 0 396 18.9 18.9 18.9 0.0
2700.0 310 64.73 0.31 1042 195.43 0.36 16440 3600.66 0.45 49728 203599.99 21.43 310 97.98 0.35 1032 3919.82 21.43 112 0 198 336 0 594 17.7 18.9 18.42 0.03
3600.0 310 64.73 0.31 1352 260.16 0.36 16440 3600.69 0.45 66168 207200.67 21.43 310 97.98 0.35 1342 4017.81 21.43 112 0 198 448 0 792 17.7 18.9 18.22 0.05
4500.0 376 64.87 0.31 1728 325.04 0.36 16496 3601.12 0.45 82664 210801.8 21.43 370 99.78 0.35 1712 4117.59 21.43 112 0 198 560 0 990 17.6 18.7 18.21 0.05
5400.0 356 65.88 0.36 2084 390.92 0.36 16824 10259.03 21.53 99488 221060.83 21.53 352 120.75 21.53 2064 4238.33 21.53 112 0 198 672 0 1188 17.6 18.7 18.21 0.05
6300.0 310 64.74 0.31 2394 455.66 0.36 16514 3627.1 0.45 116002 224687.93 21.53 310 98.12 0.35 2374 4336.45 21.53 112 0 198 784 0 1386 17.6 18.7 18.21 0.04
7200.0 310 64.74 0.31 2704 520.4 0.36 16516 3627.59 0.45 132518 228315.52 21.53 310 98.12 0.35 2684 4434.58 21.53 112 0 198 896 0 1584 17.6 18.7 18.23 0.04
8100.0 376 64.89 0.31 3080 585.29 0.36 16575 3629.37 0.45 149093 231944.89 21.53 370 99.92 0.35 3054 4534.5 21.53 112 0 198 1008 0 1782 17.6 18.7 18.23 0.04
9000.0 356 65.88 0.36 3436 651.17 0.36 16856 10260.33 21.52 165949 242205.22 21.53 352 120.73 21.52 3406 4655.23 21.53 112 0 198 1120 0 1980 17.6 18.7 18.23 0.04
9900.0 310 64.74 0.31 3746 715.9 0.36 16498 3618.76 0.45 182447 245823.98 21.53 310 98.02 0.35 3716 4753.25 21.53 112 0 198 1232 0 2178 17.6 18.7 18.22 0.04
10800.0 310 64.74 0.31 4056 780.64 0.36 16503 3619.26 0.45 198950 249443.24 21.53 310 98.02 0.35 4026 4851.27 21.53 112 0 198 1344 0 2376 17.6 18.7 18.13 0.04
11700.0 376 64.88 0.31 4432 845.52 0.36 16562 3621.03 0.45 215512 253064.27 21.53 370 99.82 0.35 4396 4951.09 21.53 112 0 198 1456 0 2574 17.6 18.7 18.13 0.04
12600.0 354 65.52 0.36 4786 911.04 0.36 16523 3622.78 0.45 232035 256687.06 21.53 350 99.3 0.35 4746 5050.39 21.53 112 0 198 1568 0 2772 17.6 18.7 18.13 0.04
13500.0 310 64.74 0.31 5096 975.78 0.36 16439 3614.8 0.45 248474 260301.86 21.53 310 98.1 0.35 5056 5148.49 21.53 112 0 198 1680 0 2970 17.6 18.7 18.12 0.04
14400.0 310 64.74 0.31 5406 1040.52 0.36 16436 3614.84 0.45 264910 263916.69 21.53 310 98.1 0.35 5366 5246.59 21.53 112 0 198 1792 0 3168 17.6 18.7 18.12 0.04
15300.0 376 64.88 0.31 5782 1105.4 0.36 16496 3616.6 0.45 281406 267533.3 21.53 370 99.9 0.35 5736 5346.49 21.53 112 0 198 1904 0 3366 17.6 18.7 18.12 0.04
16200.0 354 65.52 0.36 6136 1170.92 0.36 16469 3614.08 0.45 297875 271147.38 21.53 350 99.28 0.35 6086 5445.77 21.53 112 0 198 2016 0 3564 17.6 18.7 18.12 0.04
17100.0 310 64.73 0.31 6446 1235.65 0.36 16432 3609.11 0.45 314307 274756.48 21.53 310 97.98 0.35 6396 5543.75 21.53 112 0 198 2128 0 3762 17.6 18.7 18.1 0.03
18000.0 310 64.73 0.31 6756 1300.38 0.36 16437 3610.45 0.45 330744 278366.93 21.53 310 97.98 0.35 6706 5641.72 21.53 112 0 198 2240 0 3960 17.6 18.7 18.09 0.04
18900.0 376 64.87 0.31 7132 1365.26 0.36 16497 3612.25 0.45 347241 281979.18 21.53 370 99.78 0.35 7076 5741.51 21.53 112 0 198 2352 0 4158 17.6 18.6 18.09 0.04
19800.0 354 65.51 0.36 7486 1430.76 0.36 16472 3610.41 0.45 363713 285589.59 21.53 350 99.17 0.35 7426 5840.68 21.53 112 0 198 2464 0 4356 17.6 18.6 18.09 0.04
20700.0 310 64.74 0.31 7796 1495.5 0.36 16435 3611.24 0.45 380148 289200.83 21.53 310 98.02 0.35 7736 5938.7 21.53 112 0 198 2576 0 4554 17.6 18.6 18.06 0.03
21600.0 310 64.74 0.31 8106 1560.24 0.36 16438 3611.28 0.45 396586 292812.12 21.53 310 98.02 0.35 8046 6036.72 21.53 112 0 198 2688 0 4752 17.6 18.6 18.06 0.03
22500.0 376 64.88 0.31 8482 1625.11 0.36 16497 3612.6 0.45 413083 296424.72 21.53 370 99.82 0.35 8416 6136.55 21.53 112 0 198 2800 0 4950 17.6 18.6 18.06 0.03
23400.0 354 65.52 0.36 8836 1690.63 0.36 16464 3613.27 0.45 429547 300037.98 21.53 350 99.28 0.35 8766 6235.83 21.53 112 0 198 2912 0 5148 17.6 18.6 18.06 0.03
24300.0 310 64.74 0.31 9146 1755.37 0.36 16423 3615.41 0.45 445970 303653.4 21.53 310 98.13 0.35 9076 6333.96 21.53 112 0 198 3024 0 5346 17.5 18.6 18.04 0.03
25200.0 310 64.74 0.31 9456 1820.12 0.36 16428 3616.35 0.45 462398 307269.75 21.53 310 98.14 0.35 9386 6432.1 21.53 112 0 198 3136 0 5544 17.5 18.6 18.03 0.03
26100.0 376 64.89 0.31 9832 1885.0 0.36 16487 3618.12 0.45 478885 310887.87 21.53 370 99.94 0.35 9756 6532.03 21.53 112 0 198 3248 0 5742 17.5 18.6 18.02 0.03
27000.0 354 65.52 0.36 10186 1950.53 0.36 16458 3616.2 0.45 495343 314504.07 21.53 350 99.34 0.35 10106 6631.37 21.53 112 0 198 3360 0 5940 17.5 18.6 18.02 0.03
27900.0 310 64.74 0.31 10496 2015.26 0.36 16430 3615.1 0.45 511773 318119.17 21.53 310 98.08 0.35 10416 6729.45 21.53 112 0 198 3472 0 6138 17.5 18.6 18.0 0.03
28800.0 310 64.74 0.31 10806 2080.0 0.36 16437 3616.03 0.45 528210 321735.2 21.53 310 98.08 0.35 10726 6827.53 21.53 112 0 198 3584 0 6336 17.5 18.6 17.99 0.03
29700.0 376 64.88 0.31 11182 2144.89 0.36 16495 3616.9 0.45 544705 325352.1 21.53 370 99.88 0.35 11096 6927.41 21.53 112 0 198 3696 0 6534 17.5 18.6 17.99 0.03
30600.0 354 65.52 0.36 11536 2210.4 0.36 16458 3612.28 0.45 561163 328964.38 21.53 350 99.28 0.35 11446 7026.69 21.53 112 0 198 3808 0 6732 17.5 18.6 17.99 0.03
31500.0 310 64.74 0.31 11846 2275.15 0.36 16426 3615.41 0.45 577589 332579.79 21.53 310 98.13 0.35 11756 7124.82 21.53 112 0 198 3920 0 6930 17.4 18.6 17.96 0.03
32400.0 310 64.74 0.31 12156 2339.89 0.36 16431 3616.8 0.45 594020 336196.59 21.53 310 98.14 0.35 12066 7222.96 21.53 112 0 198 4032 0 7128 17.4 18.6 17.95 0.03
33300.0 376 64.89 0.31 12532 2404.78 0.36 16491 3618.57 0.45 610511 339815.16 21.53 370 99.94 0.35 12436 7322.89 21.53 112 0 198 4144 0 7326 17.4 18.5 17.95 0.03
34200.0 354 65.52 0.36 12886 2470.3 0.36 16456 3615.75 0.45 626967 343430.92 21.53 350 99.34 0.35 12786 7422.23 21.53 112 0 198 4256 0 7524 17.4 18.5 17.95 0.03
35100.0 310 64.74 0.31 13196 2535.04 0.36 16421 3614.52 0.45 643388 347045.43 21.53 310 98.13 0.35 13096 7520.37 21.53 112 0 198 4368 0 7722 17.4 18.5 17.92 0.03
36000.0 310 64.74 0.31 13506 2599.78 0.36 16434 3616.35 0.45 659822 350661.79 21.53 310 98.14 0.35 13406 7618.5 21.53 112 0 198 4480 0 7920 17.4 18.5 17.91 0.03
36900.0 376 64.89 0.31 13882 2664.67 0.36 16494 3618.12 0.45 676316 354279.91 21.53 370 99.94 0.35 13776 7718.44 21.53 112 0 198 4592 0 8118 17.4 18.5 17.91 0.03
37800.0 354 65.51 0.36 14236 2730.18 0.36 16456 3609.42 0.45 692772 357889.32 21.53 350 99.24 0.35 14126 7817.68 21.53 112 0 198 4704 0 8316 17.4 18.5 17.91 0.03
38700.0 310 64.74 0.31 14546 2794.92 0.36 16414 3608.62 0.45 709186 361497.95 21.53 310 98.04 0.35 14436 7915.72 21.53 112 0 198 4816 0 8514 17.3 18.5 17.89 0.03
39600.0 310 64.74 0.31 14856 2859.66 0.36 16426 3609.56 0.45 725612 365107.51 21.53 310 98.04 0.35 14746 8013.76 21.53 112 0 198 4928 0 8712 17.3 18.5 17.88 0.04
40500.0 376 64.88 0.31 15232 2924.54 0.36 16483 3610.43 0.45 742095 368717.93 21.53 370 99.84 0.35 15116 8113.6 21.53 112 0 198 5040 0 8910 17.3 18.5 17.87 0.04
41400.0 354 65.52 0.36 15586 2990.06 0.36 16453 3613.05 0.45 758548 372330.98 21.53 350 99.34 0.35 15466 8212.94 21.53 112 0 198 5152 0 9108 17.3 18.5 17.87 0.04
42300.0 310 64.74 0.31 15896 3054.8 0.36 16423 3612.94 0.45 774971 375943.92 21.53 310 98.08 0.35 15776 8311.02 21.53 112 0 198 5264 0 9306 17.3 18.5 17.85 0.04
43200.0 310 64.74 0.31 16206 3119.54 0.36 16431 3613.42 0.45 791402 379557.34 21.53 310 98.08 0.35 16086 8409.1 21.53 112 0 198 5376 0 9504 17.3 18.5 17.83 0.05
44100.0 376 64.88 0.31 16582 3184.42 0.36 16491 3615.19 0.45 807893 383172.52 21.53 370 99.88 0.35 16456 8508.98 21.53 112 0 198 5488 0 9702 17.2 18.4 17.83 0.05
45000.0 354 65.52 0.36 16936 3249.94 0.36 16448 3609.22 0.45 824341 386781.74 21.53 350 99.28 0.35 16806 8608.26 21.53 112 0 198 5600 0 9900 17.2 18.4 17.83 0.05
45900.0 310 64.74 0.31 17246 3314.68 0.36 16415 3609.99 0.45 840756 390391.72 21.53 310 98.07 0.35 17116 8706.34 21.53 112 0 198 5712 0 10098 17.2 18.4 17.81 0.05
46800.0 310 64.74 0.31 17556 3379.42 0.36 16425 3611.37 0.45 857181 394003.09 21.53 310 98.08 0.35 17426 8804.41 21.53 112 0 198 5824 0 10296 17.2 18.5 17.8 0.06
47700.0 376 64.88 0.31 17932 3444.3 0.36 16485 3613.14 0.45 873666 397616.23 21.53 370 99.88 0.35 17796 8904.29 21.53 112 0 198 5936 0 10494 17.2 18.5 17.8 0.06
48600.0 354 65.52 0.36 18286 3509.81 0.36 16443 3608.97 0.45 890109 401225.2 21.53 350 99.28 0.35 18146 9003.57 21.53 112 0 198 6048 0 10692 17.2 18.5 17.8 0.06
49500.0 310 64.74 0.31 18596 3574.56 0.36 16419 3612.71 0.45 906528 404837.91 21.53 310 98.13 0.35 18456 9101.7 21.53 112 0 198 6160 0 10890 17.1 18.5 17.77 0.06
50400.0 310 64.74 0.31 18906 3639.3 0.36 16435 3614.55 0.45 922963 408452.47 21.53 310 98.14 0.35 18766 9199.84 21.53 112 0 198 6272 0 11088 17.1 18.5 17.75 0.07
51300.0 376 64.89 0.31 19282 3704.19 0.36 16495 3616.32 0.45 939458 412068.79 21.53 370 99.94 0.35 19136 9299.77 21.53 112 0 198 6384 0 11286 17.1 18.5 17.75 0.07
52200.0 354 65.52 0.36 19636 3769.71 0.36 16447 3612.6 0.45 955905 415681.39 21.53 350 99.34 0.35 19486 9399.11 21.53 112 0 198 6496 0 11484 17.1 18.5 17.75 0.07
53100.0 310 64.74 0.31 19946 3834.45 0.36 16396 3611.37 0.45 972301 419292.76 21.53 310 98.13 0.35 19796 9497.24 21.53 112 0 198 6608 0 11682 17.1 18.5 17.74 0.07
54000.0 310 64.74 0.31 20256 3899.2 0.36 16404 3612.75 0.45 988705 422905.51 21.53 310 98.14 0.35 20106 9595.38 21.53 112 0 198 6720 0 11880 17.1 18.6 17.73 0.08
54900.0 376 64.89 0.31 20632 3964.08 0.36 16464 3614.52 0.45 1005169 426520.03 21.53 370 99.94 0.35 20476 9695.32 21.53 112 0 198 6832 0 12078 17.1 18.6 17.73 0.08
55800.0 354 65.52 0.36 20986 4029.6 0.36 16439 3612.15 0.45 1021608 430132.18 21.53 350 99.34 0.35 20826 9794.65 21.53 112 0 198 6944 0 12276 17.1 18.6 17.73 0.08
56700.0 310 64.74 0.31 21296 4094.35 0.36 16417 3612.72 0.45 1038025 433744.9 21.53 310 98.13 0.35 21136 9892.79 21.53 112 0 198 7056 0 12474 17.1 18.6 17.7 0.08
57600.0 310 64.74 0.31 21606 4159.09 0.36 16425 3614.55 0.45 1054450 437359.45 21.53 310 98.14 0.35 21446 9990.92 21.53 112 0 198 7168 0 12672 17.1 18.6 17.69 0.09
58500.0 376 64.89 0.31 21982 4223.98 0.36 16484 3615.87 0.45 1070934 440975.32 21.53 370 99.94 0.35 21816 10090.86 21.53 112 0 198 7280 0 12870 17.1 18.6 17.69 0.09
59400.0 354 65.52 0.36 22336 4289.49 0.36 16432 3608.84 0.45 1087366 444584.16 21.53 350 99.3 0.35 22166 10190.16 21.53 112 0 198 7392 0 13068 17.1 18.6 17.69 0.09
60300.0 310 64.74 0.31 22646 4354.23 0.36 16401 3608.95 0.45 1103767 448193.11 21.53 310 98.1 0.35 22476 10288.26 21.53 112 0 198 7504 0 13266 17.0 18.6 17.67 0.1
61200.0 310 64.74 0.31 22956 4418.98 0.36 16413 3611.24 0.45 1120180 451804.35 21.53 310 98.1 0.35 22786 10386.36 21.53 112 0 198 7616 0 13464 17.0 18.6 17.66 0.1
62100.0 376 64.88 0.31 23332 4483.86 0.36 16470 3612.55 0.45 1136650 455416.9 21.53 370 99.9 0.35 23156 10486.25 21.53 112 0 198 7728 0 13662 17.0 18.6 17.66 0.1
63000.0 354 65.51 0.36 23686 4549.37 0.36 16431 3601.68 0.45 1153081 459018.58 21.53 350 99.16 0.35 23506 10585.42 21.53 112 0 198 7840 0 13860 17.0 18.6 17.66 0.1
63900.0 310 64.73 0.31 23996 4614.1 0.36 16392 3597.09 0.45 1169473 462615.66 21.53 310 97.91 0.35 23816 10683.33 21.53 112 0 198 7952 0 14058 17.0 18.6 17.65 0.11
64800.0 310 64.73 0.31 24306 4678.82 0.36 16398 3598.9 0.45 1185871 466214.56 21.53 310 97.92 0.35 24126 10781.25 21.53 112 0 198 8064 0 14256 17.0 18.6 17.64 0.11
65700.0 376 64.87 0.31 24682 4743.69 0.36 16458 3600.68 0.45 1202329 469815.24 21.53 370 99.72 0.35 24496 10880.96 21.53 112 0 198 8176 0 14454 17.0 18.6 17.64 0.11
66600.0 354 65.5 0.36 25036 4809.19 0.36 16423 3598.27 0.45 1218752 473413.51 21.53 350 99.12 0.35 24846 10980.08 21.53 112 0 198 8288 0 14652 17.0 18.6 17.64 0.11
67500.0 310 64.72 0.31 25346 4873.92 0.36 16388 3594.89 0.45 1235140 477008.41 21.53 310 97.86 0.35 25156 11077.94 21.53 112 0 198 8400 0 14850 17.0 18.6 17.63 0.11
68400.0 310 64.72 0.31 25656 4938.64 0.36 16392 3595.82 0.45 1251532 480604.22 21.53 310 97.86 0.35 25466 11175.8 21.53 112 0 198 8512 0 15048 17.0 18.7 17.63 0.11
69300.0 376 64.87 0.31 26032 5003.51 0.36 16451 3597.59 0.45 1267983 484201.81 21.53 370 99.66 0.35 25836 11275.46 21.53 112 0 198 8624 0 15246 17.0 18.7 17.63 0.11
70200.0 354 65.5 0.36 26386 5069.01 0.36 16408 3595.89 0.45 1284391 487797.7 21.53 350 99.11 0.35 26186 11374.57 21.53 112 0 198 8736 0 15444 17.0 18.7 17.63 0.11
71100.0 310 64.73 0.31 26696 5133.74 0.36 16376 3595.37 0.45 1300767 491393.07 21.53 310 97.92 0.35 26496 11472.49 21.53 112 0 198 8848 0 15642 17.0 18.7 17.62 0.12
72000.0 310 64.73 0.31 27006 5198.47 0.36 16389 3596.73 0.45 1317156 494989.8 21.53 310 97.92 0.35 26806 11570.4 21.53 112 0 198 8960 0 15840 17.0 18.7 17.61 0.12
72900.0 376 64.87 0.31 27382 5263.34 0.36 16448 3598.52 0.45 1333604 498588.32 21.53 370 99.72 0.35 27176 11670.12 21.53 112 0 198 9072 0 16038 17.0 18.7 17.61 0.12
73800.0 354 65.5 0.36 27736 5328.84 0.36 16416 3596.58 0.45 1350020 502184.91 21.53 350 99.12 0.35 27526 11769.24 21.53 112 0 198 9184 0 16236 17.0 18.7 17.61 0.12
74700.0 310 64.73 0.31 28046 5393.57 0.36 16377 3598.26 0.45 1366397 505783.17 21.53 310 97.97 0.35 27836 11867.21 21.53 112 0 198 9296 0 16434 17.0 18.7 17.6 0.12
75600.0 310 64.73 0.31 28356 5458.3 0.36 16375 3596.93 0.45 1382772 509380.1 21.53 310 97.97 0.35 28146 11965.18 21.53 112 0 198 9408 0 16632 17.0 18.7 17.6 0.12
76500.0 376 64.87 0.31 28732 5523.18 0.36 16435 3598.72 0.45 1399207 512978.82 21.53 370 99.77 0.35 28516 12064.95 21.53 112 0 198 9520 0 16830 17.0 18.7 17.6 0.12
77400.0 354 65.5 0.36 29086 5588.68 0.36 16402 3594.25 0.45 1415609 516573.07 21.53 350 99.12 0.35 28866 12164.07 21.53 112 0 198 9632 0 17028 17.0 18.7 17.6 0.12
78300.0 310 64.73 0.31 29396 5653.41 0.36 16368 3595.73 0.45 1431977 520168.8 21.53 310 97.91 0.35 29176 12261.98 21.53 112 0 198 9744 0 17226 17.0 18.7 17.59 0.12
79200.0 310 64.73 0.31 29706 5718.14 0.36 16372 3596.2 0.45 1448349 523764.99 21.53 310 97.92 0.35 29486 12359.9 21.53 112 0 198 9856 0 17424 17.0 18.6 17.59 0.12
80100.0 376 64.87 0.31 30082 5783.0 0.36 16432 3597.98 0.45 1464781 527362.98 21.53 370 99.72 0.35 29856 12459.62 21.53 112 0 198 9968 0 17622 17.0 18.6 17.59 0.12
81000.0 354 65.51 0.36 30436 5848.51 0.36 16399 3595.32 0.45 1481180 530958.29 21.53 350 99.15 0.35 30206 12558.76 21.53 112 0 198 10080 0 17820 17.0 18.6 17.59 0.12
81900.0 310 64.73 0.31 30746 5913.25 0.36 16362 3597.23 0.45 1497542 534555.53 21.53 310 97.99 0.35 30516 12656.76 21.53 112 0 198 10192 0 18018 17.0 18.6 17.59 0.12
82800.0 310 64.73 0.31 31056 5977.98 0.36 16366 3597.27 0.45 1513908 538152.8 21.53 310 98.0 0.35 30826 12754.75 21.53 112 0 198 10304 0 18216 17.0 18.6 17.59 0.11
83700.0 376 64.88 0.31 31432 6042.86 0.36 16424 3599.04 0.45 1530332 541751.84 21.53 370 99.8 0.35 31196 12854.55 21.53 112 0 198 10416 0 18414 17.0 18.6 17.59 0.11
84600.0 354 65.51 0.36 31786 6108.37 0.36 16397 3597.57 0.45 1546729 545349.41 21.53 350 99.2 0.35 31546 12953.75 21.53 112 0 198 10528 0 18612 17.0 18.6 17.59 0.11
85500.0 310 64.73 0.31 32096 6173.1 0.36 16365 3595.06 0.45 1563094 548944.47 21.53 310 97.94 0.35 31856 13051.68 21.53 112 0 198 10640 0 18810 17.0 18.6 17.59 0.11
86400.0 310 64.73 0.31 32406 6237.83 0.36 16361 3594.63 0.45 1579455 552539.1 21.53 310 97.94 0.35 32166 13149.62 21.53 112 0 198 10752 0 19008 17.0 18.6 17.59 0.11
87300.0 376 64.87 0.31 32782 6302.71 0.36 16421 3596.41 0.45 1595876 556135.51 21.53 370 99.74 0.35 32536 13249.36 21.53 112 0 198 10864 0 19206 17.0 18.6 17.59 0.11
88200.0 354 65.52 0.36 33136 6368.22 0.36 16391 3601.31 0.45 1612267 559736.82 21.53 350 99.28 0.35 32886 13348.64 21.53 112 0 198 10976 0 19404 17.0 18.6 17.59 0.11
89100.0 310 64.74 0.31 33446 6432.97 0.36 16398 3610.46 0.45 1628665 563347.28 21.53 310 98.13 0.35 33196 13446.77 21.53 112 0 198 11088 0 19602 17.0 18.6 17.62 0.08
90000.0 310 64.74 0.31 33756 6497.71 0.36 16450 3619.95 0.45 1645115 566967.23 21.53 310 98.14 0.35 33506 13544.91 21.53 112 0 198 11200 0 19800 17.1 18.5 17.68 0.05
90900.0 376 64.89 0.31 34132 6562.6 0.36 16509 3621.27 0.45 1661624 570588.5 21.53 370 99.94 0.35 33876 13644.84 21.53 112 0 198 11312 0 19998 17.1 18.5 17.68 0.05
91800.0 354 65.51 0.36 34486 6628.1 0.36 16465 3606.51 0.45 1678089 574195.01 21.53 350 99.15 0.35 34226 13744.0 21.53 112 0 198 11424 0 20196 17.1 18.5 17.68 0.05
92700.0 310 64.72 0.31 34796 6692.83 0.36 16478 3606.28 0.45 1694567 577801.29 21.53 310 97.84 0.35 34536 13841.84 21.53 112 0 198 11536 0 20394 17.1 23.8 19.33 1.89
93600.0 310 64.72 0.31 35106 6757.55 0.36 16477 3605.84 0.45 1711044 581407.13 21.53 310 97.84 0.35 34846 13939.68 21.53 112 0 198 11648 0 20592 17.1 23.8 20.46 4.61
94500.0 376 64.87 0.31 35482 6822.41 0.36 16534 3607.62 0.45 1727578 585014.76 21.53 370 99.64 0.35 35216 14039.33 21.53 112 0 198 11760 0 20790 17.1 23.8 20.49 4.66
95400.0 354 65.5 0.36 35836 6887.91 0.36 16513 3607.05 0.45 1744091 588621.8 21.53 350 99.05 0.35 35566 14138.37 21.53 112 0 198 11872 0 20988 17.1 23.8 20.49 4.66
96300.0 310 64.72 0.31 36146 6952.64 0.36 16473 3605.82 0.45 1760564 592227.62 21.53 310 97.84 0.35 35876 14236.22 21.53 112 0 198 11984 0 21186 17.1 24.0 20.84 4.62
97200.0 310 64.72 0.31 36456 7017.36 0.36 16474 3606.29 0.45 1777038 595833.92 21.53 310 97.84 0.35 36186 14334.06 21.53 112 0 198 12096 0 21384 17.1 24.0 21.02 4.65
98100.0 376 64.87 0.31 36832 7082.22 0.36 16527 3607.62 0.45 1793565 599441.54 21.53 370 99.64 0.35 36556 14433.71 21.53 112 0 198 12208 0 21582 17.4 24.0 21.02 4.64
99000.0 354 65.49 0.36 37186 7147.72 0.36 16504 3602.79 0.45 1810069 603044.33 21.53 350 98.97 0.35 36906 14532.67 21.53 112 0 198 12320 0 21780 17.4 24.0 21.02 4.64
99900.0 310 64.72 0.31 37496 7212.43 0.36 16463 3601.12 0.45 1826532 606645.45 21.53 310 97.76 0.35 37216 14630.44 21.53 112 0 198 12432 0 21978 17.4 24.0 21.25 4.09
100800.0 310 64.72 0.31 37806 7277.15 0.36 16466 3602.04 0.45 1842998 610247.49 21.53 310 97.76 0.35 37526 14728.2 21.53 112 0 198 12544 0 22176 17.5 24.0 21.39 3.89
101700.0 376 64.86 0.31 38182 7342.01 0.36 16526 3603.82 0.45 1859524 613851.31 21.53 370 99.57 0.35 37896 14827.76 21.53 112 0 198 12656 0 22374 17.8 24.0 21.4 3.87
102600.0 354 65.49 0.36 38536 7407.5 0.36 16502 3600.89 0.45 1876026 617452.2 21.53 350 98.94 0.35 38246 14926.7 21.53 112 0 198 12768 0 22572 17.8 24.0 21.4 3.87
103500.0 310 64.72 0.31 38846 7472.21 0.36 16465 3601.01 0.45 1892491 621053.21 21.53 310 97.74 0.35 38556 15024.44 21.53 112 0 198 12880 0 22770 17.8 24.0 21.54 3.3
104400.0 310 64.72 0.31 39156 7536.93 0.36 16465 3601.04 0.45 1908956 624654.25 21.53 310 97.74 0.35 38866 15122.18 21.53 112 0 198 12992 0 22968 18.0 24.0 21.7 3.09
105300.0 376 64.86 0.31 39532 7601.79 0.36 16524 3602.81 0.45 1925480 628257.06 21.53 370 99.54 0.35 39236 15221.72 21.53 112 0 198 13104 0 23166 18.5 24.0 21.7 3.06
106200.0 354 65.49 0.36 39886 7667.27 0.36 16502 3600.12 0.45 1941982 631857.18 21.53 350 98.91 0.35 39586 15320.63 21.53 112 0 198 13216 0 23364 18.5 24.0 21.7 3.06
107100.0 310 64.7 0.3 40196 7731.98 0.36 16464 3594.2 0.45 1958446 635451.38 21.53 310 97.62 0.35 39896 15418.25 21.53 112 0 198 13328 0 23562 18.5 24.0 21.69 2.85
108000.0 310 64.7 0.3 40506 7796.68 0.36 16463 3593.71 0.45 1974909 639045.09 21.53 310 97.62 0.35 40206 15515.87 21.53 112 0 198 13440 0 23760 18.8 24.0 21.7 2.82
108900.0 376 64.85 0.3 40882 7861.53 0.36 16519 3595.09 0.45 1991428 642640.18 21.53 370 99.42 0.35 40576 15615.29 21.53 112 0 198 13552 0 23958 18.9 24.0 21.7 2.81
109800.0 354 65.48 0.36 41236 7927.01 0.36 16495 3594.46 0.45 2007923 646234.63 21.53 350 98.82 0.35 40926 15714.11 21.53 112 0 198 13664 0 24156 18.9 24.0 21.7 2.81
110700.0 310 64.7 0.3 41546 7991.71 0.36 16454 3593.29 0.45 2024377 649827.92 21.53 310 97.62 0.35 41236 15811.73 21.53 112 0 198 13776 0 24354 18.9 24.0 21.59 2.76
111600.0 310 64.7 0.3 41856 8056.42 0.36 16451 3592.81 0.45 2040828 653420.73 21.53 310 97.62 0.35 41546 15909.35 21.53 112 0 198 13888 0 24552 18.9 24.0 21.53 2.63
112500.0 376 64.85 0.3 42232 8121.26 0.36 16510 3594.64 0.45 2057338 657015.37 21.53 370 99.42 0.35 41916 16008.77 21.53 112 0 198 14000 0 24750 18.9 23.9 21.53 2.62
113400.0 354 65.48 0.36 42586 8186.74 0.36 16487 3593.11 0.45 2073825 660608.47 21.53 350 98.82 0.35 42266 16107.59 21.53 112 0 198 14112 0 24948 18.9 23.9 21.53 2.62
114300.0 310 64.7 0.3 42896 8251.45 0.36 16448 3591.94 0.45 2090273 664200.41 21.53 310 97.62 0.35 42576 16205.21 21.53 112 0 198 14224 0 25146 18.9 23.9 22.82 0.88
115200.0 310 64.7 0.3 43206 8316.15 0.36 16448 3591.91 0.45 2106721 667792.32 21.53 310 97.62 0.35 42886 16302.83 21.53 112 0 198 14336 0 25344 18.9 24.0 23.46 0.17
116100.0 376 64.85 0.3 43582 8381.0 0.36 16507 3593.74 0.45 2123228 671386.06 21.53 370 99.42 0.35 43256 16402.25 21.53 112 0 198 14448 0 25542 22.6 24.0 23.49 0.04
117000.0 354 65.48 0.36 43936 8446.48 0.36 16487 3593.11 0.45 2139715 674979.16 21.53 350 98.82 0.35 43606 16501.07 21.53 112 0 198 14560 0 25740 22.6 24.0 23.49 0.04
117900.0 310 64.7 0.3 44246 8511.18 0.36 16447 3591.94 0.45 2156162 678571.1 21.53 310 97.62 0.35 43916 16598.69 21.53 112 0 198 14672 0 25938 22.6 24.0 23.54 0.02
118800.0 310 64.7 0.3 44556 8575.88 0.36 16447 3591.91 0.45 2172609 682163.01 21.53 310 97.62 0.35 44226 16696.31 21.53 112 0 198 14784 0 26136 22.7 24.0 23.58 0.02
119700.0 376 64.85 0.3 44932 8640.73 0.36 16502 3592.39 0.45 2189111 685755.4 21.53 370 99.42 0.35 44596 16795.73 21.53 112 0 198 14896 0 26334 22.7 24.0 23.59 0.02
120600.0 354 65.48 0.36 45286 8706.21 0.36 16482 3591.76 0.45 2205593 689347.15 21.53 350 98.82 0.35 44946 16894.56 21.53 112 0 198 15008 0 26532 22.7 24.0 23.59 0.02
121500.0 310 64.7 0.3 45596 8770.92 0.36 16441 3590.14 0.45 2222034 692937.29 21.53 310 97.62 0.35 45256 16992.17 21.53 112 0 198 15120 0 26730 22.7 24.0 23.63 0.01
122400.0 310 64.7 0.3 45906 8835.62 0.36 16440 3589.66 0.45 2238474 696526.94 21.53 310 97.62 0.35 45566 17089.79 21.53 112 0 198 15232 0 26928 22.8 24.0 23.66 0.01
123300.0 376 64.85 0.3 46282 8900.47 0.36 16500 3591.49 0.45 2254974 700118.43 21.53 370 99.42 0.35 45936 17189.22 21.53 112 0 198 15344 0 27126 22.8 24.0 23.66 0.01
124200.0 354 65.48 0.36 46636 8965.95 0.36 16479 3590.41 0.45 2271453 703708.84 21.53 350 98.82 0.35 46286 17288.04 21.53 112 0 198 15456 0 27324 22.8 24.0 23.66 0.01
125100.0 310 64.7 0.3 46946 9030.65 0.36 16436 3589.24 0.45 2287889 707298.08 21.53 310 97.62 0.35 46596 17385.66 21.53 112 0 198 15568 0 27522 22.8 24.0 23.69 0.01
126000.0 310 64.7 0.3 47256 9095.35 0.36 16434 3588.76 0.45 2304323 710886.83 21.53 310 97.62 0.35 46906 17483.28 21.53 112 0 198 15680 0 27720 22.9 24.0 23.72 0.01
126900.0 376 64.85 0.3 47632 9160.2 0.36 16493 3590.59 0.45 2320816 714477.42 21.53 370 99.42 0.35 47276 17582.7 21.53 112 0 198 15792 0 27918 22.9 24.0 23.72 0.01
127800.0 354 65.48 0.36 47986 9225.68 0.36 16471 3589.96 0.45 2337287 718067.38 21.53 350 98.82 0.35 47626 17681.52 21.53 112 0 198 15904 0 28116 22.9 24.0 23.72 0.01
128700.0 310 64.7 0.3 48296 9290.38 0.36 16431 3588.79 0.45 2353718 721656.17 21.53 310 97.62 0.35 47936 17779.14 21.53 112 0 198 16016 0 28314 22.9 24.0 23.75 0.01
129600.0 310 64.7 0.3 48606 9355.09 0.36 16429 3588.75 0.45 2370147 725244.92 21.53 310 97.62 0.35 48246 17876.76 21.53 112 0 198 16128 0 28512 23.1 24.0 23.76 0.01
130500.0 376 64.85 0.3 48982 9419.93 0.36 16486 3590.14 0.45 2386633 728835.06 21.53 370 99.42 0.35 48616 17976.18 21.53 112 0 198 16240 0 28710 23.1 24.0 23.77 0.01
131400.0 354 65.48 0.36 49336 9485.41 0.36 16466 3589.51 0.45 2403099 732424.57 21.53 350 98.82 0.35 48966 18075.0 21.53 112 0 198 16352 0 28908 23.1 24.0 23.77 0.01
132300.0 310 64.7 0.3 49646 9550.12 0.36 16426 3588.34 0.45 2419525 736012.91 21.53 310 97.62 0.35 49276 18172.62 21.53 112 0 198 16464 0 29106 23.1 24.0 23.79 0.01
133200.0 310 64.7 0.3 49956 9614.82 0.36 16425 3588.3 0.45 2435950 739601.21 21.53 310 97.62 0.35 49586 18270.24 21.53 112 0 198 16576 0 29304 23.2 24.0 23.81 0.01
134100.0 376 64.85 0.3 50332 9679.67 0.36 16483 3590.14 0.45 2452433 743191.35 21.53 370 99.42 0.35 49956 18369.66 21.53 112 0 198 16688 0 29502 23.2 24.0 23.81 0.01
135000.0 354 65.48 0.36 50686 9745.15 0.36 16463 3589.51 0.45 2468896 746780.86 21.53 350 98.82 0.35 50306 18468.48 21.53 112 0 198 16800 0 29700 23.2 24.0 23.81 0.01
135900.0 310 64.7 0.3 50996 9809.85 0.36 16421 3587.89 0.45 2485317 750368.75 21.53 310 97.62 0.35 50616 18566.1 21.53 112 0 198 16912 0 29898 23.2 24.0 23.83 0.01
136800.0 310 64.7 0.3 51306 9874.56 0.36 16419 3587.4 0.45 2501736 753956.15 21.53 310 97.62 0.35 50926 18663.72 21.53 112 0 198 17024 0 30096 23.3 24.0 23.84 0.01
137700.0 376 64.85 0.3 51682 9939.4 0.36 16477 3589.24 0.45 2518213 757545.39 21.53 370 99.42 0.35 51296 18763.14 21.53 112 0 198 17136 0 30294 23.3 24.0 23.84 0.01
138600.0 354 65.48 0.36 52036 10004.88 0.36 16456 3588.16 0.45 2534669 761133.55 21.53 350 98.82 0.35 51646 18861.97 21.53 112 0 198 17248 0 30492 23.3 24.0 23.84 0.01
139500.0 310 64.7 0.3 52346 10069.59 0.36 16416 3586.99 0.45 2551085 764720.53 21.53 310 97.62 0.35 51956 18959.59 21.53 112 0 198 17360 0 30690 23.3 24.0 23.85 0.01
140400.0 310 64.7 0.3 52656 10134.29 0.36 16415 3586.95 0.45 2567500 768307.49 21.53 310 97.62 0.35 52266 19057.21 21.53 112 0 198 17472 0 30888 23.4 24.0 23.86 0.01
141300.0 376 64.85 0.3 53032 10199.14 0.36 16473 3587.89 0.45 2583973 771895.38 21.53 370 99.42 0.35 52636 19156.63 21.53 112 0 198 17584 0 31086 23.4 24.0 23.86 0.01
142200.0 354 65.48 0.36 53386 10264.62 0.36 16453 3587.26 0.45 2600426 775482.63 21.53 350 98.82 0.35 52986 19255.45 21.53 112 0 198 17696 0 31284 23.4 24.0 23.86 0.01
143100.0 310 64.7 0.3 53696 10329.32 0.36 16413 3586.09 0.45 2616839 779068.72 21.53 310 97.62 0.35 53296 19353.07 21.53 112 0 198 17808 0 31482 23.4 24.0 23.88 0.01
144000.0 310 64.7 0.3 54006 10394.02 0.36 16412 3586.05 0.45 2633251 782654.78 21.53 310 97.62 0.35 53606 19450.69 21.53 112 0 198 17920 0 31680 23.5 24.0 23.88 0.01
144900.0 376 64.85 0.3 54382 10458.87 0.36 16471 3587.89 0.45 2649722 786242.67 21.53 370 99.42 0.35 53976 19550.11 21.53 112 0 198 18032 0 31878 23.5 24.0 23.88 0.01
145800.0 354 65.48 0.36 54736 10524.35 0.36 16450 3587.26 0.45 2666172 789829.92 21.53 350 98.82 0.35 54326 19648.93 21.53 112 0 198 18144 0 32076 23.5 24.0 23.88 0.01
146700.0 310 64.7 0.3 55046 10589.06 0.36 16409 3585.64 0.45 2682581 793415.56 21.53 310 97.62 0.35 54636 19746.55 21.53 112 0 198 18256 0 32274 23.5 24.0 23.89 0.01
147600.0 310 64.7 0.3 55356 10653.76 0.36 16409 3585.6 0.45 2698990 797001.17 21.53 310 97.62 0.35 54946 19844.17 21.53 112 0 198 18368 0 32472 23.6 24.0 23.89 0.01
148500.0 376 64.85 0.3 55732 10718.61 0.36 16469 3587.44 0.45 2715459 800588.6 21.53 370 99.42 0.35 55316 19943.59 21.53 112 0 198 18480 0 32670 23.6 24.0 23.89 0.01
149400.0 354 65.48 0.36 56086 10784.09 0.36 16448 3586.81 0.45 2731907 804175.41 21.53 350 98.82 0.35 55666 20042.41 21.53 112 0 198 18592 0 32868 23.6 24.0 23.89 0.01
150300.0 310 64.7 0.3 56396 10848.79 0.36 16408 3585.64 0.45 2748315 807761.05 21.53 310 97.62 0.35 55976 20140.03 21.53 112 0 198 18704 0 33066 23.6 24.0 23.89 0.01
151200.0 310 64.7 0.3 56706 10913.49 0.36 16406 3585.15 0.45 2764721 811346.2 21.53 310 97.62 0.35 56286 20237.65 21.53 112 0 198 18816 0 33264 23.7 24.0 23.9 0.01
152100.0 376 64.85 0.3 57082 10978.34 0.36 16464 3586.09 0.45 2781185 814932.29 21.53 370 99.42 0.35 56656 20337.07 21.53 112 0 198 18928 0 33462 23.7 24.0 23.9 0.01
153000.0 354 65.48 0.36 57436 11043.82 0.36 16444 3585.46 0.45 2797629 818517.75 21.53 350 98.82 0.35 57006 20435.89 21.53 112 0 198 19040 0 33660 23.7 24.0 23.9 0.01
153900.0 310 64.7 0.3 57746 11108.52 0.36 16401 3583.84 0.45 2814030 822101.59 21.53 310 97.62 0.35 57316 20533.51 21.53 112 0 198 19152 0 33858 23.6 24.0 23.89 0.01
154800.0 310 64.7 0.3 58056 11173.23 0.36 16400 3583.8 0.45 2830430 825685.39 21.53 310 97.62 0.35 57626 20631.13 21.53 112 0 198 19264 0 34056 23.6 24.0 23.89 0.01
155700.0 376 64.85 0.3 58432 11238.07 0.36 16460 3585.64 0.45 2846890 829271.03 21.53 370 99.42 0.35 57996 20730.56 21.53 112 0 198 19376 0 34254 23.6 24.0 23.89 0.01
156600.0 354 65.48 0.36 58786 11303.55 0.36 16440 3585.01 0.45 2863330 832856.04 21.53 350 98.82 0.35 58346 20829.38 21.53 112 0 198 19488 0 34452 23.6 24.0 23.89 0.01
157500.0 310 64.7 0.3 59096 11368.26 0.36 16397 3583.39 0.45 2879727 836439.42 21.53 310 97.62 0.35 58656 20927.0 21.53 112 0 198 19600 0 34650 23.6 24.0 23.88 0.01
158400.0 310 64.7 0.3 59406 11432.96 0.36 16397 3583.35 0.45 2896124 840022.78 21.53 310 97.62 0.35 58966 21024.62 21.53 112 0 198 19712 0 34848 23.5 24.0 23.88 0.01
159300.0 376 64.85 0.3 59782 11497.81 0.36 16456 3585.19 0.45 2912580 843607.97 21.53 370 99.42 0.35 59336 21124.04 21.53 112 0 198 19824 0 35046 23.5 24.0 23.88 0.01
160200.0 354 65.48 0.36 60136 11563.29 0.36 16434 3583.66 0.45 2929014 847191.62 21.53 350 98.82 0.35 59686 21222.86 21.53 112 0 198 19936 0 35244 23.5 24.0 23.88 0.01
161100.0 310 64.7 0.3 60446 11627.99 0.36 16394 3582.49 0.45 2945408 850774.11 21.53 310 97.62 0.35 59996 21320.48 21.53 112 0 198 20048 0 35442 23.5 24.0 23.85 0.01
162000.0 310 64.7 0.3 60756 11692.7 0.36 16394 3582.45 0.45 2961802 854356.57 21.53 310 97.62 0.35 60306 21418.1 21.53 112 0 198 20160 0 35640 23.4 24.0 23.85 0.01
162900.0 376 64.84 0.3 61132 11757.54 0.36 16452 3584.29 0.45 2978254 857940.86 21.53 370 99.42 0.35 60676 21517.52 21.53 112 0 198 20272 0 35838 23.4 24.0 23.85 0.01
163800.0 354 65.48 0.36 61486 11823.02 0.36 16432 3583.66 0.45 2994686 861524.51 21.53 350 98.82 0.35 61026 21616.34 21.53 112 0 198 20384 0 36036 23.4 24.0 23.85 0.01
164700.0 310 64.7 0.3 61796 11887.72 0.36 16390 3582.04 0.45 3011076 865106.55 21.53 310 97.62 0.35 61336 21713.96 21.53 112 0 198 20496 0 36234 23.4 24.0 23.83 0.02
165600.0 310 64.7 0.3 62106 11952.43 0.36 16386 3581.55 0.45 3027462 868688.1 21.53 310 97.62 0.35 61646 21811.58 21.53 112 0 198 20608 0 36432 23.3 24.0 23.82 0.02
166500.0 376 64.85 0.3 62482 12017.27 0.36 16446 3583.39 0.45 3043908 872271.49 21.53 370 99.42 0.35 62016 21911.0 21.53 112 0 198 20720 0 36630 23.3 24.0 23.82 0.02
167400.0 354 65.48 0.36 62836 12082.75 0.36 16424 3582.31 0.45 3060332 875853.8 21.53 350 98.82 0.35 62366 22009.82 21.53 112 0 198 20832 0 36828 23.3 24.0 23.82 0.02
168300.0 310 64.7 0.3 63146 12147.46 0.36 16380 3579.79 0.45 3076712 879433.59 21.53 310 97.62 0.35 62676 22107.44 21.53 112 0 198 20944 0 37026 23.3 24.0 23.8 0.02
169200.0 310 64.7 0.3 63456 12212.16 0.36 16380 3579.75 0.45 3093092 883013.34 21.53 310 97.62 0.35 62986 22205.06 21.53 112 0 198 21056 0 37224 23.2 24.0 23.79 0.02
170100.0 376 64.84 0.3 63832 12277.0 0.36 16439 3581.14 0.45 3109531 886594.48 21.53 370 99.42 0.35 63356 22304.48 21.53 112 0 198 21168 0 37422 23.2 24.0 23.79 0.02
171000.0 354 65.48 0.36 64186 12342.48 0.36 16418 3580.06 0.45 3125949 890174.54 21.53 350 98.82 0.35 63706 22403.31 21.53 112 0 198 21280 0 37620 23.2 24.0 23.79 0.02
171900.0 310 64.7 0.3 64496 12407.19 0.36 16376 3578.44 0.45 3142325 893752.97 21.53 310 97.62 0.35 64016 22500.93 21.53 112 0 198 21392 0 37818 23.2 24.0 23.76 0.03
172800.0 310 64.7 0.3 64806 12471.89 0.36 16377 3578.85 0.45 3158702 897331.83 21.53 310 97.62 0.35 64326 22598.55 21.53 112 0 198 21504 0 38016 23.1 24.0 23.74 0.02
173700.0 376 64.85 0.3 65182 12536.74 0.36 16433 3579.79 0.45 3175135 900911.62 21.53 370 99.42 0.35 64696 22697.97 21.53 112 0 198 21616 0 38214 23.1 24.0 23.74 0.02
174600.0 354 65.48 0.36 65536 12602.22 0.36 16412 3579.16 0.45 3191547 904490.77 21.53 350 98.82 0.35 65046 22796.79 21.53 112 0 198 21728 0 38412 23.1 24.0 23.74 0.02
175500.0 310 64.7 0.3 65846 12666.92 0.36 16370 3577.54 0.45 3207917 908068.31 21.53 310 97.62 0.35 65356 22894.41 21.53 112 0 198 21840 0 38610 23.1 24.0 23.7 0.03
176400.0 310 64.7 0.3 66156 12731.63 0.36 16367 3577.5 0.45 3224284 911645.82 21.53 310 97.62 0.35 65666 22992.03 21.53 112 0 198 21952 0 38808 22.9 24.0 23.68 0.03
177300.0 376 64.85 0.3 66532 12796.47 0.36 16427 3579.34 0.45 3240711 915225.15 21.53 370 99.42 0.35 66036 23091.45 21.53 112 0 198 22064 0 39006 22.9 23.9 23.68 0.03
178200.0 354 65.48 0.36 66886 12861.95 0.36 16407 3578.71 0.45 3257118 918803.86 21.53 350 98.82 0.35 66386 23190.27 21.53 112 0 198 22176 0 39204 22.9 23.9 23.68 0.03
179100.0 310 64.7 0.3 67196 12926.66 0.36 16363 3577.99 0.45 3273481 922381.85 21.53 310 97.62 0.35 66696 23287.89 21.53 112 0 198 22288 0 39402 22.9 23.9 23.62 0.03
180000.0 310 64.7 0.3 67506 12991.36 0.36 16364 3577.5 0.45 3289845 925959.35 21.53 310 97.62 0.35 67006 23385.51 21.53 112 0 198 22400 0 39600 22.8 23.9 23.58 0.03
180900.0 376 64.85 0.3 67882 13056.21 0.36 16423 3579.34 0.45 3306268 929538.69 21.53 370 99.42 0.35 67376 23484.93 21.53 112 0 198 22512 0 39798 22.8 23.9 23.58 0.03
181800.0 354 65.48 0.36 68236 13121.69 0.36 16393 3577.36 0.45 3322661 933116.05 21.53 350 98.82 0.35 67726 23583.75 21.53 112 0 198 22624 0 39996 22.8 23.9 23.58 0.03
182700.0 310 64.7 0.3 68546 13186.39 0.36 16355 3577.54 0.45 3339016 936693.58 21.53 310 97.62 0.35 68036 23681.37 21.53 112 0 198 22736 0 40194 22.8 23.8 23.51 0.03
183600.0 310 64.7 0.3 68856 13251.09 0.36 16356 3577.5 0.45 3355372 940271.09 21.53 310 97.62 0.35 68346 23778.99 21.53 112 0 198 22848 0 40392 22.7 23.8 23.44 0.02
184500.0 376 64.85 0.3 69232 13315.94 0.36 16408 3577.99 0.45 3371780 943849.08 21.53 370 99.42 0.35 68716 23878.41 21.53 112 0 198 22960 0 40590 22.7 23.8 23.44 0.02
185400.0 354 65.48 0.36 69586 13381.42 0.36 16381 3575.56 0.45 3388161 947424.63 21.53 350 98.82 0.35 69066 23977.23 21.53 112 0 198 23072 0 40788 22.7 23.8 23.44 0.02
186300.0 310 64.7 0.3 69896 13446.13 0.36 16345 3575.29 0.45 3404506 950999.92 21.53 310 97.62 0.35 69376 24074.85 21.53 112 0 198 23184 0 40986 22.7 23.7 23.35 0.03
187200.0 310 64.7 0.3 70206 13510.83 0.36 16349 3574.8 0.45 3420855 954574.72 21.53 310 97.62 0.35 69686 24172.47 21.53 112 0 198 23296 0 41184 22.4 23.7 23.26 0.02
188100.0 376 64.85 0.3 70582 13575.68 0.36 16408 3576.64 0.45 3437263 958151.36 21.53 370 99.42 0.35 70056 24271.9 21.53 112 0 198 23408 0 41382 22.4 23.7 23.26 0.02
189000.0 354 65.48 0.36 70936 13641.16 0.36 16384 3574.66 0.45 3453647 961726.02 21.53 350 98.82 0.35 70406 24370.72 21.53 112 0 198 23520 0 41580 22.4 23.7 23.26 0.02
189900.0 310 64.7 0.3 71246 13705.86 0.36 16344 3573.94 0.45 3469991 965299.96 21.53 310 97.62 0.35 70716 24468.34 21.53 112 0 198 23632 0 41778 22.4 23.6 23.13 0.03
190800.0 310 64.7 0.3 71556 13770.56 0.36 16347 3574.8 0.45 3486338 968874.76 21.53 310 97.62 0.35 71026 24565.96 21.53 112 0 198 23744 0 41976 22.1 23.5 23.01 0.03
191700.0 376 64.85 0.3 71932 13835.41 0.36 16407 3576.64 0.45 3502745 972451.4 21.53 370 99.42 0.35 71396 24665.38 21.53 112 0 198 23856 0 42174 22.1 23.5 23.01 0.03
192600.0 354 65.48 0.36 72286 13900.89 0.36 16373 3573.76 0.45 3519118 976025.15 21.53 350 98.82 0.35 71746 24764.2 21.53 112 0 198 23968 0 42372 22.1 23.5 23.01 0.03
193500.0 310 64.7 0.3 72596 13965.59 0.36 16333 3573.04 0.45 3535451 979598.19 21.53 310 97.62 0.35 72056 24861.82 21.53 112 0 198 24080 0 42570 22.1 23.4 22.86 0.03
194400.0 310 64.7 0.3 72906 14030.3 0.36 16336 3573.9 0.45 3551787 983172.09 21.53 310 97.62 0.35 72366 24959.44 21.53 112 0 198 24192 0 42768 22.0 23.3 22.73 0.03
195300.0 376 64.85 0.3 73282 14095.14 0.36 16388 3574.84 0.45 3568175 986746.93 21.53 370 99.42 0.35 72736 25058.86 21.53 112 0 198 24304 0 42966 22.0 23.3 22.72 0.02
196200.0 354 65.48 0.36 73636 14160.62 0.36 16367 3573.76 0.45 3584542 990320.69 21.53 350 98.82 0.35 73086 25157.68 21.53 112 0 198 24416 0 43164 22.0 23.3 22.72 0.02
197100.0 310 64.7 0.3 73946 14225.33 0.36 16332 3573.04 0.45 3600874 993893.73 21.53 310 97.62 0.35 73396 25255.3 21.53 112 0 198 24528 0 43362 22.0 23.1 22.57 0.02
198000.0 310 64.7 0.3 74256 14290.03 0.36 16311 3570.75 0.45 3617185 997464.48 21.53 310 97.62 0.35 73706 25352.92 21.53 112 0 198 24640 0 43560 22.0 23.1 22.42 0.02
198900.0 376 64.85 0.3 74632 14354.88 0.36 16371 3572.59 0.45 3633556 1001037.07 21.53 370 99.42 0.35 74076 25452.34 21.53 112 0 198 24752 0 43758 22.0 23.1 22.41 0.02
199800.0 354 65.48 0.36 74986 14420.36 0.36 16350 3571.51 0.45 3649906 1004608.57 21.53 350 98.82 0.35 74426 25551.16 21.53 112 0 198 24864 0 43956 22.0 23.1 22.41 0.02
200700.0 310 64.7 0.3 75296 14485.06 0.36 16317 3572.14 0.45 3666223 1008180.71 21.53 310 97.62 0.35 74736 25648.78 21.53 112 0 198 24976 0 44154 22.0 22.8 22.26 0.01
201600.0 310 64.7 0.3 75606 14549.77 0.36 16319 3572.1 0.45 3682542 1011752.81 21.53 310 97.62 0.35 75046 25746.4 21.53 112 0 198 25088 0 44352 22.0 22.8 22.19 0.02
202500.0 376 64.85 0.3 75982 14614.61 0.36 16379 3573.94 0.45 3698921 1015326.75 21.53 370 99.42 0.35 75416 25845.82 21.53 112 0 198 25200 0 44550 22.0 22.8 22.18 0.02
203400.0 354 65.48 0.36 76336 14680.09 0.36 16355 3572.86 0.45 3715276 1018899.61 21.53 350 98.82 0.35 75766 25944.65 21.53 112 0 198 25312 0 44748 22.0 22.8 22.18 0.02
204300.0 310 64.7 0.3 76646 14744.8 0.36 16322 3573.49 0.45 3731598 1022473.09 21.53 310 97.62 0.35 76076 26042.27 21.53 112 0 198 25424 0 44946 22.0 22.6 22.06 0.01
205200.0 310 64.7 0.3 76956 14809.5 0.36 16321 3573.0 0.45 3747919 1026046.1 21.53 310 97.62 0.35 76386 26139.89 21.53 112 0 198 25536 0 45144 22.0 22.6 22.06 0.01
206100.0 376 64.84 0.3 77332 14874.34 0.36 16379 3573.94 0.45 3764298 1029620.04 21.53 370 99.42 0.35 76756 26239.31 21.53 112 0 198 25648 0 45342 22.0 22.6 22.06 0.01
207000.0 354 65.48 0.36 77686 14939.82 0.36 16349 3571.96 0.45 3780647 1033191.99 21.53 350 98.82 0.35 77106 26338.13 21.53 112 0 198 25760 0 45540 22.0 22.6 22.06 0.01
207900.0 310 64.7 0.3 77996 15004.53 0.36 16319 3572.14 0.45 3796966 1036764.13 21.53 310 97.62 0.35 77416 26435.75 21.53 112 0 198 25872 0 45738 22.0 22.2 22.02 0.0
208800.0 310 64.7 0.3 78306 15069.23 0.36 16315 3571.2 0.45 3813281 1040335.33 21.53 310 97.62 0.35 77726 26533.37 21.53 112 0 198 25984 0 45936 22.0 22.2 22.02 0.0
209700.0 376 64.85 0.3 78682 15134.08 0.36 16373 3573.04 0.45 3829654 1043908.37 21.53 370 99.42 0.35 78096 26632.79 21.53 112 0 198 26096 0 46134 22.0 22.2 22.02 0.0
210600.0 354 65.48 0.36 79036 15199.56 0.36 16341 3571.96 0.45 3845995 1047480.33 21.53 350 98.82 0.35 78446 26731.61 21.53 112 0 198 26208 0 46332 22.0 22.2 22.02 0.0
211500.0 310 64.7 0.3 79346 15264.26 0.36 16300 3569.89 0.45 3862295 1051050.21 21.53 310 97.62 0.35 78756 26829.23 21.53 112 0 198 26320 0 46530 22.0 22.0 22.0 0.0
212400.0 310 64.7 0.3 79656 15328.97 0.36 16299 3569.4 0.45 3878594 1054619.62 21.53 310 97.62 0.35 79066 26926.85 21.53 112 0 198 26432 0 46728 22.0 22.0 22.0 0.0
213300.0 376 64.84 0.3 80032 15393.81 0.36 16358 3571.24 0.45 3894952 1058190.85 21.53 370 99.42 0.35 79436 27026.27 21.53 112 0 198 26544 0 46926 22.0 22.0 22.0 0.0
214200.0 354 65.48 0.36 80386 15459.29 0.36 16329 3569.7 0.45 3911281 1061760.56 21.53 350 98.82 0.35 79786 27125.09 21.53 112 0 198 26656 0 47124 22.0 22.0 22.0 0.0
215100.0 310 64.7 0.3 80696 15523.99 0.36 16286 3567.19 0.45 3927567 1065327.75 21.53 310 97.62 0.35 80096 27222.71 21.53 112 0 198 26768 0 47322 22.0 22.0 22.0 0.0
216000.0 310 64.7 0.3 81006 15588.7 0.36 16278 3565.8 0.45 3943845 1068893.55 21.53 310 97.62 0.35 80406 27320.33 21.53 112 0 198 26880 0 47520 22.0 22.0 22.0 0.0
216900.0 376 64.85 0.3 81382 15653.54 0.36 16336 3567.64 0.45 3960181 1072461.19 21.53 370 99.42 0.35 80776 27419.75 21.53 112 0 198 26992 0 47718 22.0 22.0 22.0 0.0
217800.0 354 65.48 0.36 81736 15719.02 0.36 16314 3566.55 0.45 3976495 1076027.74 21.53 350 98.82 0.35 81126 27518.57 21.53 112 0 198 27104 0 47916 22.0 22.0 22.0 0.0
218700.0 310 64.7 0.3 82046 15783.73 0.36 16264 3562.24 0.45 3992759 1079589.98 21.53 310 97.62 0.35 81436 27616.19 21.53 112 0 198 27216 0 48114 22.0 22.0 22.0 0.0
219600.0 310 64.7 0.3 82356 15848.43 0.36 16263 3561.75 0.45 4009022 1083151.73 21.53 310 97.62 0.35 81746 27713.81 21.53 112 0 198 27328 0 48312 22.0 22.0 22.0 0.0
220500.0 376 64.85 0.3 82732 15913.28 0.36 16314 3561.34 0.45 4025336 1086713.07 21.53 370 99.42 0.35 82116 27813.24 21.53 112 0 198 27440 0 48510 22.0 22.0 22.0 0.0
221400.0 354 65.48 0.36 83086 15978.76 0.36 16289 3561.76 0.45 4041625 1090274.83 21.53 350 98.85 0.35 82466 27912.08 21.53 112 0 198 27552 0 48708 22.0 22.0 22.0 0.0
222300.0 310 64.71 0.3 83396 16043.47 0.36 16345 3577.4 0.45 4057970 1093852.23 21.53 310 97.67 0.35 82776 28009.75 21.53 112 0 198 27664 0 48906 20.4 22.0 21.3 0.07
223200.0 310 64.71 0.3 83706 16108.18 0.36 16373 3581.41 0.45 4074343 1097433.65 21.53 310 97.67 0.35 83086 28107.42 21.53 112 0 198 27776 0 49104 19.9 22.0 20.56 0.14
224100.0 376 64.85 0.3 84082 16173.03 0.36 16433 3583.25 0.45 4090776 1101016.9 21.53 370 99.47 0.35 83456 28206.89 21.53 112 0 198 27888 0 49302 19.8 21.8 20.53 0.11
225000.0 354 65.48 0.36 84436 16238.51 0.36 16413 3582.64 0.45 4107189 1104599.54 21.53 350 98.87 0.35 83806 28305.76 21.53 112 0 198 28000 0 49500 19.8 21.8 20.53 0.11
225900.0 310 64.71 0.3 84746 16303.22 0.36 16372 3581.4 0.45 4123561 1108180.94 21.53 310 97.67 0.35 84116 28403.44 21.53 112 0 198 28112 0 49698 19.8 21.7 20.48 0.11
226800.0 310 64.71 0.3 85056 16367.93 0.36 16376 3582.27 0.45 4139937 1111763.21 21.53 310 97.68 0.35 84426 28501.11 21.53 112 0 198 28224 0 49896 19.8 21.7 20.44 0.12
227700.0 376 64.85 0.3 85432 16432.78 0.36 16435 3584.1 0.45 4156372 1115347.3 21.53 370 99.48 0.35 84796 28600.59 21.53 112 0 198 28336 0 50094 19.8 21.7 20.44 0.12
228600.0 354 65.49 0.36 85786 16498.27 0.36 16413 3584.24 0.45 4172785 1118931.55 21.53 350 98.89 0.35 85146 28699.48 21.53 112 0 198 28448 0 50292 19.8 21.7 20.44 0.12
229500.0 310 64.71 0.3 86096 16562.97 0.36 16371 3581.71 0.45 4189156 1122513.26 21.53 310 97.67 0.35 85456 28797.15 21.53 112 0 198 28560 0 50490 19.8 21.6 20.42 0.12
230400.0 310 64.71 0.3 86406 16627.68 0.36 16373 3582.58 0.45 4205529 1126095.83 21.53 310 97.67 0.35 85766 28894.83 21.53 112 0 198 28672 0 50688 19.8 21.6 20.43 0.12
231300.0 376 64.85 0.3 86782 16692.53 0.36 16432 3584.41 0.45 4221961 1129680.24 21.53 370 99.47 0.35 86136 28994.3 21.53 112 0 198 28784 0 50886 19.8 21.6 20.43 0.12
232200.0 354 65.48 0.36 87136 16758.01 0.36 16410 3583.09 0.45 4238371 1133263.33 21.53 350 98.87 0.35 86486 29093.17 21.53 112 0 198 28896 0 51084 19.8 21.6 20.43 0.12
233100.0 310 64.71 0.3 87446 16822.72 0.36 16367 3581.93 0.45 4254738 1136845.26 21.53 310 97.68 0.35 86796 29190.86 21.53 112 0 198 29008 0 51282 19.8 21.5 20.46 0.13
234000.0 310 64.71 0.3 87756 16887.43 0.36 16369 3581.91 0.45 4271107 1140427.16 21.53 310 97.69 0.35 87106 29288.54 21.53 112 0 198 29120 0 51480 19.8 21.5 20.47 0.13
234900.0 376 64.85 0.3 88132 16952.28 0.36 16429 3583.74 0.45 4287536 1144010.9 21.53 370 99.49 0.35 87476 29388.03 21.53 112 0 198 29232 0 51678 19.8 21.5 20.47 0.13
235800.0 354 65.48 0.36 88486 17017.77 0.36 16407 3581.81 0.45 4303943 1147592.71 21.53 350 98.86 0.35 87826 29486.89 21.53 112 0 198 29344 0 51876 19.8 21.5 20.47 0.13
236700.0 310 64.71 0.3 88796 17082.47 0.36 16363 3578.32 0.45 4320306 1151171.02 21.53 310 97.64 0.35 88136 29584.54 21.53 112 0 198 29456 0 52074 19.8 21.4 20.49 0.15
237600.0 310 64.71 0.3 89106 17147.18 0.36 16365 3578.73 0.45 4336671 1154749.75 21.53 310 97.64 0.35 88446 29682.18 21.53 112 0 198 29568 0 52272 19.8 21.4 20.53 0.14
238500.0 376 64.84 0.3 89482 17212.02 0.36 16422 3579.67 0.45 4353093 1158329.42 21.53 370 99.44 0.35 88816 29781.62 21.53 112 0 198 29680 0 52470 19.7 21.4 20.53 0.14
239400.0 354 65.48 0.36 89836 17277.51 0.36 16395 3578.81 0.45 4369488 1161908.23 21.53 350 98.86 0.35 89166 29880.48 21.53 112 0 198 29792 0 52668 19.7 21.4 20.53 0.14
240300.0 310 64.71 0.3 90146 17342.21 0.36 16357 3578.1 0.45 4385845 1165486.33 21.53 310 97.66 0.35 89476 29978.14 21.53 112 0 198 29904 0 52866 19.7 21.5 20.55 0.16
241200.0 310 64.71 0.3 90456 17406.92 0.36 16354 3578.06 0.45 4402199 1169064.38 21.53 310 97.66 0.35 89786 30075.79 21.53 112 0 198 30016 0 53064 19.7 21.6 20.59 0.15
242100.0 376 64.85 0.3 90832 17471.77 0.36 16412 3579.9 0.45 4418611 1172644.29 21.53 370 99.46 0.35 90156 30175.25 21.53 112 0 198 30128 0 53262 19.7 21.6 20.59 0.15
243000.0 354 65.48 0.36 91186 17537.25 0.36 16388 3578.81 0.45 4434999 1176223.09 21.53 350 98.86 0.35 90506 30274.11 21.53 112 0 198 30240 0 53460 19.7 21.6 20.59 0.15
243900.0 310 64.71 0.3 91496 17601.96 0.36 16345 3577.7 0.45 4451344 1179800.79 21.53 310 97.66 0.35 90816 30371.77 21.53 112 0 198 30352 0 53658 19.7 21.7 20.61 0.17
244800.0 310 64.71 0.3 91806 17666.67 0.36 16349 3578.12 0.45 4467693 1183378.91 21.53 310 97.67 0.35 91126 30469.44 21.53 112 0 198 30464 0 53856 19.7 21.8 20.64 0.17
245700.0 376 64.85 0.3 92182 17731.52 0.36 16408 3579.95 0.45 4484101 1186958.86 21.53 370 99.47 0.35 91496 30568.9 21.53 112 0 198 30576 0 54054 19.6 21.8 20.64 0.17
246600.0 354 65.49 0.36 92536 17797.0 0.36 16378 3577.85 0.45 4500479 1190536.72 21.53 350 98.87 0.35 91846 30667.78 21.53 112 0 198 30688 0 54252 19.6 21.8 20.64 0.17
247500.0 310 64.71 0.3 92846 17861.71 0.36 16344 3576.45 0.45 4516823 1194113.17 21.53 310 97.66 0.35 92156 30765.43 21.53 112 0 198 30800 0 54450 19.6 21.8 20.61 0.18
248400.0 310 64.71 0.3 93156 17926.42 0.36 16340 3576.41 0.45 4533163 1197689.59 21.53 310 97.66 0.35 92466 30863.09 21.53 112 0 198 30912 0 54648 19.6 21.9 20.63 0.18
249300.0 376 64.85 0.3 93532 17991.27 0.36 16392 3577.8 0.45 4549555 1201267.39 21.53 370 99.46 0.35 92836 30962.55 21.53 112 0 198 31024 0 54846 19.5 21.9 20.63 0.19
250200.0 354 65.48 0.36 93886 18056.75 0.36 16361 3575.57 0.45 4565916 1204842.96 21.53 350 98.86 0.35 93186 31061.41 21.53 112 0 198 31136 0 55044 19.5 21.9 20.63 0.19
251100.0 310 64.71 0.3 94196 18121.46 0.36 16334 3575.5 0.45 4582250 1208418.46 21.53 310 97.66 0.35 93496 31159.06 21.53 112 0 198 31248 0 55242 19.5 21.9 20.59 0.2
252000.0 310 64.71 0.3 94506 18186.17 0.36 16337 3575.92 0.45 4598587 1211994.39 21.53 310 97.66 0.35 93806 31256.72 21.53 112 0 198 31360 0 55440 19.5 22.0 20.57 0.22
252900.0 376 64.85 0.3 94882 18251.02 0.36 16396 3577.75 0.45 4614983 1215572.14 21.53 370 99.46 0.35 94176 31356.18 21.53 112 0 198 31472 0 55638 19.5 22.0 20.57 0.22
253800.0 354 65.48 0.36 95236 18316.5 0.36 16359 3575.12 0.45 4631342 1219147.26 21.53 350 98.86 0.35 94526 31455.04 21.53 112 0 198 31584 0 55836 19.5 22.0 20.57 0.22
254700.0 310 64.71 0.3 95546 18381.21 0.36 16371 3580.05 0.45 4647713 1222727.31 21.53 310 97.67 0.35 94836 31552.71 21.53 112 0 198 31696 0 56034 19.5 22.0 20.45 0.22
255600.0 310 64.71 0.3 95856 18445.92 0.36 16379 3581.82 0.45 4664092 1226309.14 21.53 310 97.67 0.35 95146 31650.38 21.53 112 0 198 31808 0 56232 19.5 21.8 20.41 0.24
256500.0 376 64.85 0.3 96232 18510.77 0.36 16439 3583.66 0.45 4680531 1229892.79 21.53 370 99.47 0.35 95516 31749.85 21.53 112 0 198 31920 0 56430 19.3 21.8 20.41 0.24
257400.0 354 65.48 0.36 96586 18576.25 0.36 16384 3577.74 0.45 4696915 1233470.53 21.53 350 98.85 0.35 95866 31848.7 21.53 112 0 198 32032 0 56628 19.3 21.8 20.41 0.24
258300.0 310 64.71 0.3 96896 18640.96 0.36 16386 3583.55 0.45 4713301 1237054.08 21.53 310 97.66 0.35 96176 31946.37 21.53 112 0 198 32144 0 56826 19.3 21.8 20.26 0.23
259200.0 310 64.71 0.3 97206 18705.66 0.36 16391 3583.53 0.45 4729692 1240637.61 21.53 310 97.67 0.35 96486 32044.03 21.53 112 0 198 32256 0 57024 19.3 21.8 20.17 0.26
260100.0 376 64.85 0.3 97582 18770.51 0.36 16451 3585.36 0.45 4746143 1244222.97 21.53 370 99.47 0.35 96856 32143.5 21.53 112 0 198 32368 0 57222 19.2 21.6 20.17 0.26
261000.0 356 65.85 0.36 97938 18836.37 0.36 16737 198557.48 21.54 4762880 1442780.45 21.54 352 3756.25 21.54 97208 35899.75 21.54 112 0 198 32480 0 57420 19.2 21.6 20.17 0.26
261900.0 310 64.71 0.3 98248 18901.07 0.36 16421 3593.56 0.45 4779301 1446374.01 21.54 310 97.69 0.35 97518 35997.44 21.54 112 0 198 32592 0 57618 18.9 21.6 19.83 0.22
262800.0 310 64.71 0.3 98558 18965.78 0.36 16423 3593.51 0.45 4795724 1449967.52 21.54 310 97.69 0.35 97828 36095.13 21.54 112 0 198 32704 0 57816 18.9 21.6 19.66 0.24
263700.0 376 64.85 0.3 98934 19030.63 0.36 16483 3595.37 0.45 4812207 1453562.89 21.54 370 99.49 0.35 98198 36194.63 21.54 112 0 198 32816 0 58014 18.9 20.8 19.65 0.24
264600.0 356 65.87 0.36 99290 19096.5 0.36 16774 198198.63 21.51 4828981 1651761.52 21.54 352 3746.97 21.51 98550 39941.59 21.54 112 0 198 32928 0 58212 18.9 20.8 19.65 0.24
265500.0 310 64.74 0.31 99600 19161.24 0.36 16439 3614.88 0.45 4845420 1655376.4 21.54 310 98.09 0.35 98860 40039.69 21.54 112 0 198 33040 0 58410 17.3 20.8 18.41 0.26
266400.0 310 64.74 0.31 99910 19225.98 0.36 16461 3618.46 0.45 4861881 1658994.86 21.54 310 98.09 0.35 99170 40137.77 21.54 112 0 198 33152 0 58608 17.3 20.2 17.83 0.06
267300.0 376 64.88 0.31 100286 19290.87 0.36 16521 3620.29 0.45 4878402 1662615.16 21.54 370 99.89 0.35 99540 40237.67 21.54 112 0 198 33264 0 58806 17.3 18.8 17.8 0.02
268200.0 356 65.89 0.36 100642 19356.75 0.36 16812 197981.33 21.51 4895214 1860596.48 21.54 352 3746.0 21.51 99892 43983.66 21.54 112 0 198 33376 0 59004 17.3 18.8 17.8 0.02
269100.0 310 64.74 0.31 100952 19421.49 0.36 16457 3615.75 0.45 4911671 1864212.23 21.54 310 98.07 0.35 100202 44081.74 21.54 112 0 198 33488 0 59202 17.3 18.8 17.78 0.02
270000.0 310 64.74 0.31 101262 19486.23 0.36 16460 3615.71 0.45 4928131 1867827.94 21.54 310 98.07 0.35 100512 44179.81 21.54 112 0 198 33600 0 59400 17.3 18.7 17.76 0.02
270900.0 376 64.88 0.31 101638 19551.11 0.36 16520 3617.54 0.45 4944651 1871445.48 21.54 370 99.87 0.35 100882 44279.68 21.54 112 0 198 33712 0 59598 17.3 18.7 17.76 0.02
271800.0 354 65.51 0.36 101992 19616.63 0.36 16497 3615.82 0.45 4961148 1875061.3 21.54 350 99.25 0.35 101232 44378.94 21.54 112 0 198 33824 0 59796 17.3 18.7 17.76 0.02
272700.0 310 64.74 0.31 102302 19681.36 0.36 16455 3615.09 0.45 4977603 1878676.39 21.54 310 98.05 0.35 101542 44476.99 21.54 112 0 198 33936 0 59994 17.3 18.7 17.74 0.02
273600.0 310 64.74 0.31 102612 19746.1 0.36 16454 3614.62 0.45 4994057 1882291.01 21.54 310 98.05 0.35 101852 44575.04 21.54 112 0 198 34048 0 60192 17.3 18.6 17.73 0.02
274500.0 376 64.88 0.31 102988 19810.98 0.36 16513 3616.44 0.45 5010570 1885907.45 21.54 370 99.85 0.35 102222 44674.89 21.54 112 0 198 34160 0 60390 17.3 18.6 17.73 0.02
275400.0 354 65.52 0.36 103342 19876.5 0.36 16492 3619.49 0.45 5027062 1889526.94 21.54 350 99.33 0.35 102572 44774.22 21.54 112 0 198 34272 0 60588 17.3 18.6 17.73 0.02
276300.0 310 64.74 0.31 103652 19941.24 0.36 16452 3615.89 0.45 5043514 1893142.84 21.54 310 98.08 0.35 102882 44872.31 21.54 112 0 198 34384 0 60786 17.3 18.6 17.71 0.02
277200.0 310 64.74 0.31 103962 20005.98 0.36 16451 3615.41 0.45 5059965 1896758.25 21.54 310 98.08 0.35 103192 44970.39 21.54 112 0 198 34496 0 60984 17.3 18.5 17.7 0.02
278100.0 376 64.88 0.31 104338 20070.86 0.36 16511 3617.24 0.45 5076476 1900375.5 21.54 370 99.89 0.35 103562 45070.28 21.54 112 0 198 34608 0 61182 17.3 18.5 17.7 0.02
279000.0 354 65.51 0.36 104692 20136.37 0.36 16491 3613.58 0.45 5092967 1903989.08 21.54 350 99.23 0.35 103912 45169.5 21.54 112 0 198 34720 0 61380 17.3 18.5 17.7 0.02
279900.0 310 64.74 0.31 105002 20201.11 0.36 16453 3616.18 0.45 5109420 1907605.26 21.54 310 98.07 0.35 104222 45267.58 21.54 112 0 198 34832 0 61578 17.3 18.5 17.69 0.02
280800.0 310 64.74 0.31 105312 20265.85 0.36 16453 3616.16 0.45 5125873 1911221.42 21.54 310 98.07 0.35 104532 45365.65 21.54 112 0 198 34944 0 61776 17.3 18.4 17.68 0.01
281700.0 376 64.88 0.31 105688 20330.73 0.36 16511 3617.99 0.45 5142384 1914839.41 21.54 370 99.87 0.35 104902 45465.52 21.54 112 0 198 35056 0 61974 17.3 18.4 17.68 0.01
282600.0 354 65.52 0.36 106042 20396.24 0.36 16483 3615.61 0.45 5158867 1918455.01 21.54 350 99.27 0.35 105252 45564.79 21.54 112 0 198 35168 0 62172 17.3 18.4 17.68 0.01
283500.0 310 64.73 0.31 106352 20460.98 0.36 16446 3611.63 0.45 5175313 1922066.64 21.54 310 98.02 0.35 105562 45662.82 21.54 112 0 198 35280 0 62370 17.3 18.4 17.67 0.01
284400.0 310 64.73 0.31 106662 20525.71 0.36 16445 3611.59 0.45 5191758 1925678.24 21.54 310 98.02 0.35 105872 45760.83 21.54 112 0 198 35392 0 62568 17.3 18.3 17.67 0.01
285300.0 376 64.88 0.31 107038 20590.59 0.36 16500 3612.98 0.45 5208258 1929291.22 21.54 370 99.82 0.35 106242 45860.66 21.54 112 0 198 35504 0 62766 17.3 18.3 17.67 0.01
286200.0 354 65.51 0.36 107392 20656.1 0.36 16477 3611.21 0.45 5224735 1932902.42 21.54 350 99.2 0.35 106592 45959.85 21.54 112 0 198 35616 0 62964 17.3 18.3 17.67 0.01
287100.0 310 64.73 0.31 107702 20720.83 0.36 16440 3610.41 0.45 5241175 1936512.83 21.54 310 98.01 0.35 106902 46057.86 21.54 112 0 198 35728 0 63162 17.3 18.3 17.66 0.01
288000.0 310 64.73 0.31 108012 20785.57 0.36 16440 3610.38 0.45 5257615 1940123.22 21.54 310 98.0 0.35 107212 46155.87 21.54 112 0 198 35840 0 63360 17.3 18.2 17.66 0.01
288900.0 376 64.88 0.31 108388 20850.44 0.36 16500 3612.21 0.45 5274115 1943735.43 21.54 370 99.81 0.35 107582 46255.67 21.54 112 0 198 35952 0 63558 17.3 18.2 17.66 0.01
289800.0 354 65.52 0.36 108742 20915.96 0.36 16476 3615.26 0.45 5290591 1947350.69 21.54 350 99.28 0.35 107932 46354.96 21.54 112 0 198 36064 0 63756 17.3 18.2 17.66 0.01
290700.0 310 64.74 0.31 109052 20980.7 0.36 16435 3616.07 0.45 5307026 1950966.76 21.54 310 98.13 0.35 108242 46453.09 21.54 112 0 198 36176 0 63954 17.3 18.2 17.66 0.01
291600.0 310 64.74 0.31 109362 21045.44 0.36 16433 3616.05 0.45 5323459 1954582.81 21.54 310 98.13 0.35 108552 46551.22 21.54 112 0 198 36288 0 64152 17.3 18.1 17.66 0.01
292500.0 376 64.89 0.31 109738 21110.33 0.36 16490 3616.53 0.45 5339949 1958199.34 21.54 370 99.93 0.35 108922 46651.15 21.54 112 0 198 36400 0 64350 17.3 18.1 17.66 0.01
293400.0 354 65.52 0.36 110092 21175.85 0.36 16469 3615.45 0.45 5356418 1961814.78 21.54 350 99.33 0.35 109272 46750.48 21.54 112 0 198 36512 0 64548 17.3 18.1 17.66 0.01
294300.0 310 64.74 0.31 110402 21240.59 0.36 16428 3611.24 0.45 5372846 1965426.02 21.54 310 98.07 0.35 109582 46848.55 21.54 112 0 198 36624 0 64746 17.3 18.1 17.66 0.01
295200.0 310 64.74 0.31 110712 21305.33 0.36 16428 3611.65 0.45 5389274 1969037.67 21.54 310 98.07 0.35 109892 46946.62 21.54 112 0 198 36736 0 64944 17.4 18.0 17.66 0.01
296100.0 376 64.88 0.31 111088 21370.21 0.36 16487 3613.48 0.45 5405761 1972651.16 21.54 370 99.87 0.35 110262 47046.5 21.54 112 0 198 36848 0 65142 17.4 18.0 17.66 0.01
297000.0 354 65.52 0.36 111442 21435.72 0.36 16467 3612.85 0.45 5422228 1976264.01 21.54 350 99.27 0.35 110612 47145.77 21.54 112 0 198 36960 0 65340 17.4 18.0 17.66 0.01
297900.0 310 64.74 0.31 111752 21500.47 0.36 16423 3614.27 0.45 5438651 1979878.28 21.54 310 98.13 0.35 110922 47243.9 21.54 112 0 198 37072 0 65538 17.4 18.0 17.66 0.01
298800.0 310 64.74 0.31 112062 21565.21 0.36 16424 3614.7 0.45 5455075 1983492.98 21.54 310 98.13 0.35 111232 47342.03 21.54 112 0 198 37184 0 65736 17.4 18.0 17.66 0.01
299700.0 376 64.89 0.31 112438 21630.09 0.36 16484 3616.53 0.45 5471559 1987109.51 21.54 370 99.93 0.35 111602 47441.96 21.54 112 0 198 37296 0 65934 17.4 18.0 17.66 0.01
300600.0 354 65.52 0.36 112792 21695.61 0.36 16460 3615.45 0.45 5488019 1990724.95 21.54 350 99.33 0.35 111952 47541.29 21.54 112 0 198 37408 0 66132 17.4 18.0 17.66 0.01
301500.0 310 64.74 0.31 113102 21760.35 0.36 16423 3610.53 0.45 5504442 1994335.49 21.54 310 98.07 0.35 112262 47639.36 21.54 112 0 198 37520 0 66330 17.4 18.0 17.66 0.01
302400.0 310 64.74 0.31 113412 21825.09 0.36 16427 3610.5 0.45 5520869 1997945.99 21.54 310 98.07 0.35 112572 47737.43 21.54 112 0 198 37632 0 66528 17.4 17.9 17.67 0.01
303300.0 376 64.88 0.31 113788 21889.97 0.36 16482 3611.43 0.45 5537351 2001557.42 21.54 370 99.87 0.35 112942 47837.3 21.54 112 0 198 37744 0 66726 17.4 17.9 17.67 0.01
304200.0 354 65.51 0.36 114142 21955.48 0.36 16459 3607.77 0.45 5553810 2005165.19 21.54 350 99.21 0.35 113292 47936.51 21.54 112 0 198 37856 0 66924 17.4 17.9 17.67 0.01
305100.0 310 64.74 0.31 114452 22020.22 0.36 16419 3610.78 0.45 5570229 2008775.97 21.54 310 98.07 0.35 113602 48034.58 21.54 112 0 198 37968 0 67122 17.4 17.9 17.66 0.01
306000.0 310 64.74 0.31 114762 22084.96 0.36 16418 3610.31 0.45 5586647 2012386.28 21.54 310 98.07 0.35 113912 48132.65 21.54 112 0 198 38080 0 67320 17.4 17.8 17.67 0.01
306900.0 376 64.88 0.31 115138 22149.84 0.36 16478 3612.14 0.45 5603125 2015998.42 21.54 370 99.87 0.35 114282 48232.53 21.54 112 0 198 38192 0 67518 17.4 17.9 17.67 0.01
307800.0 354 65.52 0.36 115492 22215.36 0.36 16454 3614.1 0.45 5619579 2019612.51 21.54 350 99.33 0.35 114632 48331.86 21.54 112 0 198 38304 0 67716 17.4 17.9 17.67 0.01
308700.0 310 64.74 0.31 115802 22280.1 0.36 16408 3613.37 0.45 5635987 2023225.89 21.54 310 98.13 0.35 114942 48429.99 21.54 112 0 198 38416 0 67914 17.4 17.9 17.67 0.01
309600.0 310 64.74 0.31 116112 22344.85 0.36 16415 3613.8 0.45 5652402 2026839.68 21.54 310 98.13 0.35 115252 48528.12 21.54 112 0 198 38528 0 68112 17.4 17.9 17.68 0.01
310500.0 376 64.89 0.31 116488 22409.73 0.36 16473 3615.63 0.45 5668875 2030455.31 21.54 370 99.93 0.35 115622 48628.05 21.54 112 0 198 38640 0 68310 17.4 17.9 17.68 0.01
311400.0 354 65.52 0.36 116842 22475.25 0.36 16448 3613.2 0.45 5685323 2034068.51 21.54 350 99.33 0.35 115972 48727.38 21.54 112 0 198 38752 0 68508 17.4 17.9 17.68 0.01
312300.0 310 64.74 0.31 117152 22539.99 0.36 16403 3609.44 0.45 5701726 2037677.94 21.54 310 98.07 0.35 116282 48825.45 21.54 112 0 198 38864 0 68706 17.4 17.9 17.68 0.01
313200.0 310 64.74 0.31 117462 22604.73 0.36 16409 3610.3 0.45 5718135 2041288.24 21.54 310 98.07 0.35 116592 48923.52 21.54 112 0 198 38976 0 68904 17.4 18.0 17.69 0.01
314100.0 376 64.88 0.31 117838 22669.61 0.36 16468 3612.13 0.45 5734603 2044900.38 21.54 370 99.87 0.35 116962 49023.4 21.54 112 0 198 39088 0 69102 17.3 18.0 17.69 0.01
315000.0 354 65.52 0.36 118192 22735.13 0.36 16446 3611.05 0.45 5751049 2048511.43 21.54 350 99.27 0.35 117312 49122.67 21.54 112 0 198 39200 0 69300 17.3 18.0 17.69 0.01
315900.0 310 64.74 0.31 118502 22799.86 0.36 16402 3609.59 0.45 5767451 2052121.02 21.54 310 98.08 0.35 117622 49220.75 21.54 112 0 198 39312 0 69498 17.3 18.0 17.7 0.01
316800.0 310 64.74 0.31 118812 22864.6 0.36 16406 3609.56 0.45 5783857 2055730.58 21.54 310 98.08 0.35 117932 49318.84 21.54 112 0 198 39424 0 69696 17.3 18.1 17.71 0.01
317700.0 376 64.88 0.31 119188 22929.49 0.36 16459 3609.59 0.45 5800316 2059340.18 21.54 370 99.89 0.35 118302 49418.72 21.54 112 0 198 39536 0 69894 17.3 18.1 17.71 0.01
318600.0 354 65.52 0.36 119542 22995.0 0.36 16428 3607.16 0.45 5816744 2062947.34 21.54 350 99.28 0.35 118652 49518.01 21.54 112 0 198 39648 0 70092 17.3 18.1 17.71 0.01
319500.0 310 64.74 0.31 119852 23059.74 0.36 16383 3607.52 0.45 5833127 2066554.87 21.54 310 98.13 0.35 118962 49616.14 21.54 112 0 198 39760 0 70290 17.3 18.1 17.72 0.01
320400.0 310 64.74 0.31 120162 23124.49 0.36 16389 3608.85 0.45 5849516 2070163.71 21.54 310 98.13 0.35 119272 49714.27 21.54 112 0 198 39872 0 70488 17.3 18.2 17.72 0.02
321300.0 376 64.89 0.31 120538 23189.37 0.36 16449 3610.68 0.45 5865965 2073774.39 21.54 370 99.93 0.35 119642 49814.2 21.54 112 0 198 39984 0 70686 17.3 18.2 17.72 0.02
322200.0 354 65.51 0.36 120892 23254.88 0.36 16421 3600.77 0.45 5882386 2077375.16 21.54 350 99.18 0.35 119992 49913.38 21.54 112 0 198 40096 0 70884 17.3 18.2 17.72 0.02
323100.0 310 64.73 0.31 121202 23319.61 0.36 16371 3592.45 0.45 5898757 2080967.61 21.54 310 97.88 0.35 120302 50011.26 21.54 112 0 198 40208 0 71082 17.3 18.2 17.72 0.02
324000.0 310 64.73 0.31 121512 23384.33 0.36 16373 3592.41 0.45 5915130 2084560.01 21.54 310 97.88 0.35 120612 50109.13 21.54 112 0 198 40320 0 71280 17.3 18.2 17.73 0.02
324900.0 376 64.87 0.31 121888 23449.21 0.36 16431 3593.79 0.45 5931561 2088153.81 21.54 370 99.68 0.35 120982 50208.82 21.54 112 0 198 40432 0 71478 17.3 18.2 17.73 0.02
325800.0 354 65.52 0.36 122242 23514.72 0.36 16404 3602.25 0.45 5947965 2091756.06 21.54 350 99.27 0.35 121332 50308.08 21.54 112 0 198 40544 0 71676 17.3 18.2 17.73 0.02
326700.0 310 64.74 0.31 122552 23579.46 0.36 16363 3603.92 0.45 5964328 2095359.97 21.54 310 98.13 0.35 121642 50406.21 21.54 112 0 198 40656 0 71874 17.3 18.2 17.74 0.02
327600.0 310 64.74 0.31 122862 23644.21 0.36 16370 3605.25 0.45 5980698 2098965.22 21.54 310 98.13 0.35 121952 50504.34 21.54 112 0 198 40768 0 72072 17.3 18.3 17.75 0.02
328500.0 376 64.89 0.31 123238 23709.09 0.36 16427 3606.18 0.45 5997125 2102571.4 21.54 370 99.93 0.35 122322 50604.27 21.54 112 0 198 40880 0 72270 17.2 18.3 17.75 0.02
329400.0 354 65.52 0.36 123592 23774.61 0.36 16400 3605.1 0.45 6013525 2106176.49 21.54 350 99.33 0.35 122672 50703.6 21.54 112 0 198 40992 0 72468 17.2 18.3 17.75 0.02
330300.0 310 64.74 0.31 123902 23839.35 0.36 16352 3602.57 0.45 6029877 2109779.07 21.54 310 98.13 0.35 122982 50801.73 21.54 112 0 198 41104 0 72666 17.2 18.3 17.75 0.02
331200.0 310 64.74 0.31 124212 23904.1 0.36 16358 3604.8 0.45 6046235 2113383.86 21.54 310 98.13 0.35 123292 50899.86 21.54 112 0 198 41216 0 72864 17.2 18.4 17.76 0.03
332100.0 376 64.89 0.31 124588 23968.98 0.36 16418 3606.63 0.45 6062653 2116990.49 21.54 370 99.93 0.35 123662 50999.8 21.54 112 0 198 41328 0 73062 17.2 18.4 17.76 0.03
333000.0 354 65.52 0.36 124942 24034.5 0.36 16372 3597.56 0.45 6079025 2120588.05 21.54 350 99.27 0.35 124012 51099.07 21.54 112 0 198 41440 0 73260 17.2 18.4 17.76 0.03
333900.0 310 64.74 0.31 125252 24099.23 0.36 16324 3595.03 0.45 6095349 2124183.08 21.54 310 98.07 0.35 124322 51197.14 21.54 112 0 198 41552 0 73458 17.2 18.4 17.76 0.03
334800.0 310 64.74 0.31 125562 24163.97 0.36 16333 3596.36 0.45 6111682 2127779.44 21.54 310 98.07 0.35 124632 51295.21 21.54 112 0 198 41664 0 73656 17.2 18.5 17.77 0.03
335700.0 376 64.88 0.31 125938 24228.85 0.36 16381 3595.49 0.45 6128063 2131374.93 21.54 370 99.87 0.35 125002 51395.09 21.54 112 0 198 41776 0 73854 17.2 18.5 17.77 0.03
336600.0 354 65.52 0.36 126292 24294.37 0.36 16347 3595.65 0.45 6144410 2134970.57 21.54 350 99.33 0.35 125352 51494.42 21.54 112 0 198 41888 0 74052 17.2 18.5 17.77 0.03
337500.0 310 64.74 0.31 126602 24359.12 0.36 16315 3595.82 0.45 6160725 2138566.4 21.54 310 98.13 0.35 125662 51592.55 21.54 112 0 198 42000 0 74250 17.2 18.5 17.78 0.03
338400.0 310 64.74 0.31 126912 24423.86 0.36 16317 3596.7 0.45 6177042 2142163.09 21.54 310 98.13 0.35 125972 51690.68 21.54 112 0 198 42112 0 74448 17.2 18.5 17.79 0.04
339300.0 376 64.89 0.31 127288 24488.74 0.36 16370 3597.63 0.45 6193412 2145760.72 21.54 370 99.93 0.35 126342 51790.61 21.54 112 0 198 42224 0 74646 17.2 18.5 17.79 0.04
340200.0 354 65.51 0.36 127642 24554.26 0.36 16319 3587.92 0.45 6209731 2149348.64 21.54 350 99.25 0.35 126692 51889.86 21.54 112 0 198 42336 0 74844 17.2 18.5 17.79 0.04
341100.0 310 64.74 0.31 127952 24619.0 0.36 16252 3581.34 0.45 6225983 2152929.98 21.54 310 98.05 0.35 127002 51987.91 21.54 112 0 198 42448 0 75042 17.2 18.5 17.79 0.04
342000.0 310 64.74 0.31 128262 24683.73 0.36 16256 3582.21 0.45 6242239 2156512.19 21.54 310 98.05 0.35 127312 52085.96 21.54 112 0 198 42560 0 75240 17.2 18.5 17.8 0.04
342900.0 376 64.88 0.31 128638 24748.61 0.36 16313 3584.04 0.45 6258552 2160096.23 21.54 370 99.85 0.35 127682 52185.82 21.54 112 0 198 42672 0 75438 17.2 18.5 17.8 0.04
343800.0 354 65.51 0.36 128992 24814.12 0.36 16286 3578.72 0.45 6274838 2163674.95 21.54 350 99.18 0.35 128032 52285.0 21.54 112 0 198 42784 0 75636 17.2 18.5 17.8 0.04
344700.0 310 64.73 0.31 129302 24878.85 0.36 16237 3575.31 0.45 6291075 2167250.25 21.54 310 97.98 0.35 128342 52382.98 21.54 112 0 198 42896 0 75834 17.2 18.5 17.79 0.04
345600.0 310 64.73 0.31 129612 24943.59 0.36 16238 3575.71 0.45 6307313 2170825.97 21.54 310 97.98 0.35 128652 52480.96 21.54 112 0 198 43008 0 76032 17.2 18.6 17.8 0.04
