# seed = 2, gamma = 0.0, beta = 1.0, dee = 10.0, dcc = 5.0, dec = 1000.0, dsCnd = 500.0, dLocalhost = 0.02, hostBroker = CLOUD 
#
# The columns have the following meaning: 
# instant[SECONDS] commCountUploadPartial delaySumUploadPartial[SECONDS] delayMaxUploadPartial[SECONDS] commCountUploadTot delaySumUploadTot[SECONDS] delayMaxUploadTot[SECONDS] commCountDownloadPartial delaySumDownloadPartial[SECONDS] delayMaxDownloadPartial[SECONDS] commCountDownloadTot delaySumDownloadTot[SECONDS] delayMaxDownloadTot[SECONDS] commCountDownloadMaxPartial delaySumDownloadMaxPartial[SECONDS] delayMaxDownloadMaxPartial[SECONDS] commCountDownloadMaxTot delaySumDownloadMaxTot[SECONDS] delayMaxDownloadMaxTot[SECONDS] runOnCloudPartial runOnEdgePartial runOnSmartphonePartial runOnCloudTot runOnEdgeTot runOnSmartphoneTot minTemp maxTemp avgTemp varianceTemp
0.0 0 0.0 0.0 0 0.0 0.0 0 0.0 0.0 0 0.0 0.0 0 0.0 0.0 0 0.0 0.0 0 0 0 0 0 0 17.0 25.0 21.0 0.0
900.0 376 451.37 1.5 376 451.37 1.5 15284 22199.4 1.59 15284 22199.4 1.59 370 479.11 1.59 370 479.11 1.59 10 0 300 10 0 300 18.9 21.0 19.35 0.75
1800.0 356 452.11 1.51 732 903.48 1.51 15569 150752.12 21.06 30853 172951.52 21.06 352 3051.31 21.06 722 3530.42 21.06 10 0 300 20 0 600 18.7 18.9 18.9 0.0
2700.0 310 451.27 1.51 1042 1354.75 1.51 15222 22251.24 1.6 46075 195202.76 21.06 310 480.17 1.6 1032 4010.59 21.06 10 0 300 30 0 900 17.7 18.9 18.29 0.06
3600.0 310 451.27 1.51 1352 1806.02 1.51 15221 22251.17 1.6 61296 217453.93 21.06 310 480.16 1.6 1342 4490.75 21.06 10 0 300 40 0 1200 17.6 18.9 18.22 0.05
4500.0 376 451.43 1.51 1728 2257.45 1.51 15277 22251.28 1.6 76573 239705.21 21.06 370 480.2 1.6 1712 4970.95 21.06 10 0 300 50 0 1500 17.6 18.7 18.22 0.05
5400.0 356 452.12 1.51 2084 2709.57 1.51 15606 28802.16 21.16 92179 268507.36 21.16 352 501.43 21.16 2064 5472.38 21.16 10 0 300 60 0 1800 17.6 18.7 18.22 0.05
6300.0 310 451.28 1.51 2394 3160.85 1.51 15297 22331.53 1.6 107476 290838.9 21.16 310 480.6 1.6 2374 5952.98 21.16 10 0 300 70 0 2100 17.6 18.7 18.23 0.05
7200.0 310 451.28 1.51 2704 3612.13 1.51 15294 22331.45 1.6 122770 313170.35 21.16 310 480.6 1.6 2684 6433.58 21.16 10 0 300 80 0 2400 17.6 18.7 18.25 0.04
8100.0 376 451.42 1.51 3080 4063.55 1.51 15352 22331.57 1.6 138122 335501.92 21.16 370 480.63 1.6 3054 6914.21 21.16 10 0 300 90 0 2700 17.6 18.7 18.25 0.04
9000.0 356 452.12 1.51 3436 4515.67 1.51 15621 28850.35 21.12 153743 364352.28 21.16 352 501.47 21.12 3406 7415.68 21.16 10 0 300 100 0 3000 17.6 18.7 18.25 0.04
9900.0 310 451.27 1.51 3746 4966.94 1.51 15254 22283.23 1.6 168997 386635.5 21.16 310 480.17 1.6 3716 7895.85 21.16 10 0 300 110 0 3300 17.6 18.7 18.22 0.04
10800.0 310 451.27 1.51 4056 5418.21 1.51 15263 22283.23 1.6 184260 408918.73 21.16 310 480.17 1.6 4026 8376.02 21.16 10 0 300 120 0 3600 17.6 18.7 18.15 0.05
11700.0 376 451.41 1.51 4432 5869.63 1.51 15321 22283.27 1.6 199581 431202.0 21.16 370 480.2 1.6 4396 8856.21 21.16 10 0 300 130 0 3900 17.6 18.7 18.15 0.05
12600.0 354 452.05 1.51 4786 6321.68 1.51 15284 22290.22 1.6 214865 453492.22 21.16 350 480.34 1.6 4746 9336.55 21.16 10 0 300 140 0 4200 17.6 18.7 18.15 0.05
13500.0 310 451.28 1.51 5096 6772.95 1.51 15205 22290.21 1.6 230070 475782.43 21.16 310 480.31 1.6 5056 9816.86 21.16 10 0 300 150 0 4500 17.6 18.7 18.14 0.05
14400.0 310 451.28 1.51 5406 7224.23 1.51 15207 22290.2 1.6 245277 498072.63 21.16 310 480.31 1.6 5366 10297.18 21.16 10 0 300 160 0 4800 17.6 18.7 18.13 0.05
15300.0 376 451.42 1.51 5782 7675.65 1.51 15266 22290.24 1.6 260543 520362.87 21.16 370 480.34 1.6 5736 10777.52 21.16 10 0 300 170 0 5100 17.6 18.7 18.13 0.05
16200.0 354 452.05 1.51 6136 8127.7 1.51 15237 22284.64 1.6 275780 542647.51 21.16 350 480.22 1.6 6086 11257.74 21.16 10 0 300 180 0 5400 17.6 18.7 18.13 0.05
17100.0 310 451.27 1.51 6446 8578.96 1.51 15205 22281.15 1.6 290985 564928.66 21.16 310 480.13 1.6 6396 11737.87 21.16 10 0 300 190 0 5700 17.6 18.7 18.11 0.04
18000.0 310 451.27 1.51 6756 9030.23 1.51 15209 22281.09 1.6 306194 587209.75 21.16 310 480.13 1.6 6706 12218.0 21.16 10 0 300 200 0 6000 17.6 18.7 18.1 0.04
18900.0 376 451.41 1.51 7132 9481.64 1.51 15268 22281.18 1.6 321462 609490.92 21.16 370 480.16 1.6 7076 12698.16 21.16 10 0 300 210 0 6300 17.6 18.6 18.1 0.04
19800.0 354 452.05 1.51 7486 9933.69 1.51 15236 22284.81 1.6 336698 631775.73 21.16 350 480.22 1.6 7426 13178.38 21.16 10 0 300 220 0 6600 17.6 18.6 18.1 0.04
20700.0 310 451.27 1.51 7796 10384.96 1.51 15198 22284.79 1.6 351896 654060.52 21.16 310 480.2 1.6 7736 13658.58 21.16 10 0 300 230 0 6900 17.6 18.6 18.08 0.03
21600.0 310 451.27 1.51 8106 10836.23 1.51 15202 22284.79 1.6 367098 676345.31 21.16 310 480.2 1.6 8046 14138.78 21.16 10 0 300 240 0 7200 17.6 18.6 18.07 0.03
22500.0 376 451.41 1.51 8482 11287.65 1.51 15260 22284.82 1.6 382358 698630.13 21.16 370 480.23 1.6 8416 14619.01 21.16 10 0 300 250 0 7500 17.6 18.6 18.07 0.03
23400.0 354 452.05 1.51 8836 11739.7 1.51 15232 22289.4 1.6 397590 720919.52 21.16 350 480.32 1.6 8766 15099.33 21.16 10 0 300 260 0 7800 17.6 18.6 18.07 0.03
24300.0 310 451.28 1.51 9146 12190.98 1.51 15196 22293.61 1.6 412786 743213.13 21.16 310 480.38 1.6 9076 15579.71 21.16 10 0 300 270 0 8100 17.5 18.6 18.05 0.03
25200.0 310 451.28 1.51 9456 12642.26 1.51 15206 22293.6 1.6 427992 765506.73 21.16 310 480.39 1.6 9386 16060.1 21.16 10 0 300 280 0 8400 17.5 18.6 18.04 0.03
26100.0 376 451.42 1.51 9832 13093.68 1.51 15264 22293.64 1.6 443256 787800.37 21.16 370 480.42 1.6 9756 16540.51 21.16 10 0 300 290 0 8700 17.5 18.6 18.04 0.03
27000.0 354 452.06 1.51 10186 13545.73 1.51 15231 22293.62 1.6 458487 810093.99 21.16 350 480.41 1.6 10106 17020.92 21.16 10 0 300 300 0 9000 17.5 18.6 18.04 0.03
27900.0 310 451.27 1.51 10496 13997.01 1.51 15193 22289.47 1.6 473680 832383.46 21.16 310 480.3 1.6 10416 17501.22 21.16 10 0 300 310 0 9300 17.5 18.6 18.01 0.03
28800.0 310 451.27 1.51 10806 14448.28 1.51 15201 22289.46 1.6 488881 854672.92 21.16 310 480.3 1.6 10726 17981.52 21.16 10 0 300 320 0 9600 17.5 18.6 17.99 0.03
29700.0 376 451.42 1.51 11182 14899.7 1.51 15260 22289.5 1.6 504141 876962.42 21.16 370 480.33 1.6 11096 18461.85 21.16 10 0 300 330 0 9900 17.5 18.6 17.99 0.03
30600.0 354 452.05 1.51 11536 15351.75 1.51 15224 22289.49 1.6 519365 899251.91 21.16 350 480.32 1.6 11446 18942.17 21.16 10 0 300 340 0 10200 17.5 18.6 17.99 0.03
31500.0 310 451.28 1.51 11846 15803.03 1.51 15194 22293.61 1.6 534559 921545.52 21.16 310 480.38 1.6 11756 19422.55 21.16 10 0 300 350 0 10500 17.4 18.6 17.97 0.03
32400.0 310 451.28 1.51 12156 16254.31 1.51 15203 22293.6 1.6 549762 943839.11 21.16 310 480.39 1.6 12066 19902.94 21.16 10 0 300 360 0 10800 17.4 18.6 17.95 0.03
33300.0 376 451.42 1.51 12532 16705.73 1.51 15262 22293.64 1.6 565024 966132.75 21.16 370 480.42 1.6 12436 20383.35 21.16 10 0 300 370 0 11100 17.4 18.5 17.95 0.03
34200.0 354 452.06 1.51 12886 17157.79 1.51 15222 22293.62 1.6 580246 988426.37 21.16 350 480.41 1.6 12786 20863.76 21.16 10 0 300 380 0 11400 17.4 18.5 17.95 0.03
35100.0 310 451.28 1.51 13196 17609.06 1.51 15185 22293.61 1.6 595431 1010719.98 21.16 310 480.38 1.6 13096 21344.15 21.16 10 0 300 390 0 11700 17.4 18.5 17.94 0.03
36000.0 310 451.28 1.51 13506 18060.34 1.51 15195 22293.6 1.6 610626 1033013.58 21.16 310 480.39 1.6 13406 21824.53 21.16 10 0 300 400 0 12000 17.4 18.5 17.91 0.04
36900.0 376 451.42 1.51 13882 18511.76 1.51 15255 22293.64 1.6 625881 1055307.22 21.16 370 480.42 1.6 13776 22304.95 21.16 10 0 300 410 0 12300 17.4 18.5 17.91 0.04
37800.0 354 452.05 1.51 14236 18963.81 1.51 15220 22286.36 1.6 641101 1077593.58 21.16 350 480.26 1.6 14126 22785.2 21.16 10 0 300 420 0 12600 17.4 18.5 17.91 0.04
38700.0 310 451.27 1.51 14546 19415.08 1.51 15188 22286.35 1.6 656289 1099879.93 21.16 310 480.23 1.6 14436 23265.43 21.16 10 0 300 430 0 12900 17.3 18.5 17.89 0.04
39600.0 310 451.27 1.51 14856 19866.36 1.51 15198 22286.34 1.6 671487 1122166.27 21.16 310 480.23 1.6 14746 23745.67 21.16 10 0 300 440 0 13200 17.3 18.5 17.87 0.04
40500.0 376 451.42 1.51 15232 20317.77 1.51 15256 22286.38 1.6 686743 1144452.65 21.16 370 480.26 1.6 15116 24225.93 21.16 10 0 300 450 0 13500 17.3 18.5 17.87 0.04
41400.0 354 452.06 1.51 15586 20769.83 1.51 15217 22293.62 1.6 701960 1166746.27 21.16 350 480.41 1.6 15466 24706.34 21.16 10 0 300 460 0 13800 17.3 18.5 17.87 0.04
42300.0 310 451.27 1.51 15896 21221.1 1.51 15189 22289.39 1.6 717149 1189035.66 21.16 310 480.3 1.6 15776 25186.63 21.16 10 0 300 470 0 14100 17.3 18.5 17.85 0.04
43200.0 310 451.27 1.51 16206 21672.38 1.51 15198 22289.38 1.6 732347 1211325.04 21.16 310 480.3 1.6 16086 25666.93 21.16 10 0 300 480 0 14400 17.3 18.5 17.83 0.05
44100.0 376 451.42 1.51 16582 22123.79 1.51 15258 22289.42 1.6 747605 1233614.46 21.16 370 480.33 1.6 16456 26147.26 21.16 10 0 300 490 0 14700 17.2 18.4 17.83 0.05
45000.0 354 452.05 1.51 16936 22575.85 1.51 15215 22289.4 1.6 762820 1255903.86 21.16 350 480.32 1.6 16806 26627.58 21.16 10 0 300 500 0 15000 17.2 18.4 17.83 0.05
45900.0 310 451.27 1.51 17246 23027.12 1.51 15180 22288.49 1.6 778000 1278192.35 21.16 310 480.28 1.6 17116 27107.86 21.16 10 0 300 510 0 15300 17.2 18.5 17.81 0.06
46800.0 310 451.27 1.51 17556 23478.4 1.51 15192 22288.48 1.6 793192 1300480.82 21.16 310 480.28 1.6 17426 27588.13 21.16 10 0 300 520 0 15600 17.2 18.5 17.8 0.06
47700.0 376 451.42 1.51 17932 23929.81 1.51 15250 22288.52 1.6 808442 1322769.34 21.16 370 480.31 1.6 17796 28068.44 21.16 10 0 300 530 0 15900 17.2 18.5 17.8 0.06
48600.0 354 452.05 1.51 18286 24381.86 1.51 15211 22288.5 1.6 823653 1345057.84 21.16 350 480.3 1.6 18146 28548.74 21.16 10 0 300 540 0 16200 17.2 18.5 17.8 0.06
49500.0 310 451.28 1.51 18596 24833.14 1.51 15189 22293.61 1.6 838842 1367351.44 21.16 310 480.38 1.6 18456 29029.13 21.16 10 0 300 550 0 16500 17.1 18.5 17.77 0.07
50400.0 310 451.28 1.51 18906 25284.42 1.51 15203 22293.6 1.6 854045 1389645.04 21.16 310 480.39 1.6 18766 29509.51 21.16 10 0 300 560 0 16800 17.1 18.5 17.75 0.07
51300.0 376 451.42 1.51 19282 25735.84 1.51 15261 22293.64 1.6 869306 1411938.68 21.16 370 480.42 1.6 19136 29989.93 21.16 10 0 300 570 0 17100 17.1 18.5 17.75 0.07
52200.0 354 452.06 1.51 19636 26187.9 1.51 15213 22293.62 1.6 884519 1434232.3 21.16 350 480.41 1.6 19486 30470.34 21.16 10 0 300 580 0 17400 17.1 18.5 17.75 0.07
53100.0 310 451.28 1.51 19946 26639.18 1.51 15172 22293.61 1.6 899691 1456525.91 21.16 310 480.38 1.6 19796 30950.72 21.16 10 0 300 590 0 17700 17.1 18.6 17.74 0.08
54000.0 310 451.28 1.51 20256 27090.45 1.51 15179 22293.6 1.6 914870 1478819.51 21.16 310 480.39 1.6 20106 31431.11 21.16 10 0 300 600 0 18000 17.1 18.6 17.73 0.08
54900.0 376 451.42 1.51 20632 27541.88 1.51 15237 22293.64 1.6 930107 1501113.15 21.16 370 480.42 1.6 20476 31911.52 21.16 10 0 300 610 0 18300 17.1 18.6 17.73 0.08
55800.0 354 452.06 1.51 20986 27993.93 1.51 15203 22293.62 1.6 945310 1523406.77 21.16 350 480.41 1.6 20826 32391.93 21.16 10 0 300 620 0 18600 17.1 18.6 17.73 0.08
56700.0 310 451.28 1.51 21296 28445.21 1.51 15186 22293.61 1.6 960496 1545700.38 21.16 310 480.38 1.6 21136 32872.31 21.16 10 0 300 630 0 18900 17.1 18.6 17.7 0.09
57600.0 310 451.28 1.51 21606 28896.49 1.51 15194 22293.6 1.6 975690 1567993.98 21.16 310 480.39 1.6 21446 33352.7 21.16 10 0 300 640 0 19200 17.1 18.6 17.69 0.09
58500.0 376 451.42 1.51 21982 29347.91 1.51 15254 22293.64 1.6 990944 1590287.62 21.16 370 480.42 1.6 21816 33833.11 21.16 10 0 300 650 0 19500 17.1 18.6 17.69 0.09
59400.0 354 452.05 1.51 22336 29799.96 1.51 15198 22290.22 1.6 1006142 1612577.83 21.16 350 480.34 1.6 22166 34313.45 21.16 10 0 300 660 0 19800 17.1 18.6 17.69 0.09
60300.0 310 451.28 1.51 22646 30251.24 1.51 15171 22290.21 1.6 1021313 1634868.04 21.16 310 480.31 1.6 22476 34793.76 21.16 10 0 300 670 0 20100 17.0 18.6 17.67 0.1
61200.0 310 451.28 1.51 22956 30702.51 1.51 15185 22290.2 1.6 1036498 1657158.24 21.16 310 480.31 1.6 22786 35274.08 21.16 10 0 300 680 0 20400 17.0 18.6 17.65 0.1
62100.0 376 451.42 1.51 23332 31153.93 1.51 15244 22290.24 1.6 1051742 1679448.48 21.16 370 480.34 1.6 23156 35754.42 21.16 10 0 300 690 0 20700 17.0 18.6 17.65 0.11
63000.0 354 452.04 1.51 23686 31605.97 1.51 15203 22279.55 1.6 1066945 1701728.03 21.16 350 480.11 1.6 23506 36234.54 21.16 10 0 300 700 0 21000 17.0 18.6 17.65 0.11
63900.0 310 451.27 1.51 23996 32057.24 1.51 15167 22276.12 1.6 1082112 1724004.16 21.16 310 480.02 1.6 23816 36714.56 21.16 10 0 300 710 0 21300 17.0 18.6 17.64 0.11
64800.0 310 451.27 1.51 24306 32508.5 1.51 15173 22276.06 1.6 1097285 1746280.21 21.16 310 480.02 1.6 24126 37194.58 21.16 10 0 300 720 0 21600 17.0 18.6 17.63 0.11
65700.0 376 451.42 1.51 24682 32959.93 1.51 15233 22276.15 1.6 1112518 1768556.37 21.16 370 480.05 1.6 24496 37674.63 21.16 10 0 300 730 0 21900 17.0 18.6 17.63 0.11
66600.0 354 452.04 1.51 25036 33411.97 1.51 15193 22275.73 1.6 1127711 1790832.1 21.16 350 480.04 1.6 24846 38154.67 21.16 10 0 300 740 0 22200 17.0 18.6 17.63 0.11
67500.0 310 451.26 1.51 25346 33863.23 1.51 15158 22271.25 1.6 1142869 1813103.34 21.16 310 479.92 1.6 25156 38634.59 21.16 10 0 300 750 0 22500 17.0 18.7 17.62 0.12
68400.0 310 451.26 1.51 25656 34314.49 1.51 15159 22271.16 1.6 1158028 1835374.51 21.16 310 479.92 1.6 25466 39114.51 21.16 10 0 300 760 0 22800 17.0 18.7 17.62 0.12
69300.0 376 451.4 1.51 26032 34765.9 1.51 15219 22271.28 1.6 1173247 1857645.79 21.16 370 479.95 1.6 25836 39594.46 21.16 10 0 300 770 0 23100 17.0 18.7 17.62 0.12
70200.0 354 452.04 1.51 26386 35217.94 1.51 15186 22275.54 1.6 1188433 1879921.32 21.16 350 480.03 1.6 26186 40074.49 21.16 10 0 300 780 0 23400 17.0 18.7 17.62 0.12
71100.0 310 451.26 1.51 26696 35669.2 1.51 15158 22276.48 1.6 1203591 1902197.8 21.16 310 480.03 1.6 26496 40554.52 21.16 10 0 300 790 0 23700 17.0 18.7 17.61 0.12
72000.0 310 451.26 1.51 27006 36120.47 1.51 15163 22276.4 1.6 1218754 1924474.2 21.16 310 480.03 1.6 26806 41034.55 21.16 10 0 300 800 0 24000 17.0 18.7 17.6 0.12
72900.0 376 451.42 1.51 27382 36571.89 1.51 15221 22276.51 1.6 1233975 1946750.71 21.16 370 480.06 1.6 27176 41514.61 21.16 10 0 300 810 0 24300 17.0 18.7 17.6 0.12
73800.0 354 452.04 1.51 27736 37023.93 1.51 15189 22276.43 1.6 1249164 1969027.13 21.16 350 480.05 1.6 27526 41994.66 21.16 10 0 300 820 0 24600 17.0 18.7 17.6 0.12
74700.0 310 451.27 1.51 28046 37475.2 1.51 15150 22280.72 1.6 1264314 1991307.85 21.16 310 480.12 1.6 27836 42474.77 21.16 10 0 300 830 0 24900 17.0 18.7 17.6 0.13
75600.0 310 451.27 1.51 28356 37926.47 1.51 15148 22280.64 1.6 1279462 2013588.49 21.16 310 480.12 1.6 28146 42954.89 21.16 10 0 300 840 0 25200 17.0 18.7 17.59 0.12
76500.0 376 451.41 1.51 28732 38377.88 1.51 15208 22280.75 1.6 1294670 2035869.24 21.16 370 480.15 1.6 28516 43435.04 21.16 10 0 300 850 0 25500 17.0 18.7 17.59 0.12
77400.0 354 452.04 1.51 29086 38829.92 1.51 15177 22276.08 1.6 1309847 2058145.32 21.16 350 480.04 1.6 28866 43915.08 21.16 10 0 300 860 0 25800 17.0 18.7 17.59 0.12
78300.0 310 451.27 1.51 29396 39281.19 1.51 15138 22276.12 1.6 1324985 2080421.44 21.16 310 480.02 1.6 29176 44395.1 21.16 10 0 300 870 0 26100 17.0 18.6 17.58 0.12
79200.0 310 451.27 1.51 29706 39732.45 1.51 15145 22276.05 1.6 1340130 2102697.49 21.16 310 480.02 1.6 29486 44875.13 21.16 10 0 300 880 0 26400 17.0 18.6 17.58 0.12
80100.0 376 451.42 1.51 30082 40183.87 1.51 15205 22276.15 1.6 1355335 2124973.65 21.16 370 480.05 1.6 29856 45355.18 21.16 10 0 300 890 0 26700 17.0 18.6 17.58 0.12
81000.0 354 452.04 1.51 30436 40635.92 1.51 15173 22276.96 1.6 1370508 2147250.61 21.16 350 480.06 1.6 30206 45835.24 21.16 10 0 300 900 0 27000 17.0 18.6 17.58 0.12
81900.0 310 451.27 1.51 30746 41087.19 1.51 15139 22280.79 1.6 1385647 2169531.4 21.16 310 480.12 1.6 30516 46315.36 21.16 10 0 300 910 0 27300 17.0 18.6 17.57 0.12
82800.0 310 451.27 1.51 31056 41538.46 1.51 15140 22280.77 1.6 1400787 2191812.17 21.16 310 480.12 1.6 30826 46795.48 21.16 10 0 300 920 0 27600 17.0 18.6 17.58 0.12
83700.0 376 451.41 1.51 31432 41989.87 1.51 15195 22280.83 1.6 1415982 2214093.0 21.16 370 480.15 1.6 31196 47275.63 21.16 10 0 300 930 0 27900 17.0 18.6 17.58 0.12
84600.0 354 452.05 1.51 31786 42441.92 1.51 15164 22280.79 1.6 1431146 2236373.78 21.16 350 480.14 1.6 31546 47755.77 21.16 10 0 300 940 0 28200 17.0 18.6 17.58 0.12
85500.0 310 451.27 1.51 32096 42893.19 1.51 15136 22275.68 1.6 1446282 2258649.46 21.16 310 480.01 1.6 31856 48235.78 21.16 10 0 300 950 0 28500 17.0 18.6 17.58 0.11
86400.0 310 451.27 1.51 32406 43344.45 1.51 15135 22275.65 1.6 1461417 2280925.11 21.16 310 480.01 1.6 32166 48715.79 21.16 10 0 300 960 0 28800 17.0 18.6 17.58 0.1
87300.0 376 451.41 1.51 32782 43795.86 1.51 15195 22275.71 1.6 1476612 2303200.82 21.16 370 480.04 1.6 32536 49195.83 21.16 10 0 300 970 0 29100 17.0 18.6 17.58 0.1
88200.0 354 452.05 1.51 33136 44247.91 1.51 15160 22288.49 1.6 1491772 2325489.31 21.16 350 480.3 1.6 32886 49676.13 21.16 10 0 300 980 0 29400 17.0 18.6 17.58 0.1
89100.0 310 451.28 1.51 33446 44699.19 1.51 15175 22293.61 1.6 1506947 2347782.92 21.16 310 480.38 1.6 33196 50156.52 21.16 10 0 300 990 0 29700 17.1 18.5 17.6 0.08
90000.0 310 451.28 1.51 33756 45150.47 1.51 15209 22293.6 1.6 1522156 2370076.52 21.16 310 480.39 1.6 33506 50636.9 21.16 10 0 300 1000 0 30000 17.1 18.5 17.68 0.05
90900.0 376 451.42 1.51 34132 45601.89 1.51 15269 22293.64 1.6 1537425 2392370.16 21.16 370 480.42 1.6 33876 51117.32 21.16 10 0 300 1010 0 30300 17.1 18.5 17.68 0.05
91800.0 354 452.04 1.51 34486 46053.94 1.51 15225 22278.37 1.6 1552650 2414648.53 21.16 350 480.09 1.6 34226 51597.41 21.16 10 0 300 1020 0 30600 17.1 18.5 17.68 0.05
92700.0 310 451.26 1.51 34796 46505.2 1.51 15244 22270.1 1.6 1567894 2436918.62 21.16 310 479.89 1.6 34536 52077.3 21.16 10 0 300 1030 0 30900 17.1 23.8 19.33 2.5
93600.0 310 451.26 1.51 35106 46956.46 1.51 15245 22270.01 1.6 1583139 2459188.63 21.16 310 479.9 1.6 34846 52557.2 21.16 10 0 300 1040 0 31200 17.1 23.8 20.53 5.0
94500.0 376 451.4 1.51 35482 47407.86 1.51 15301 22270.12 1.6 1598440 2481458.76 21.16 370 479.93 1.6 35216 53037.13 21.16 10 0 300 1050 0 31500 17.1 23.8 20.55 5.01
95400.0 354 452.04 1.51 35836 47859.9 1.51 15272 22270.03 1.6 1613712 2503728.79 21.16 350 479.92 1.6 35566 53517.04 21.16 10 0 300 1060 0 31800 17.1 23.8 20.55 5.01
96300.0 310 451.26 1.51 36146 48311.16 1.51 15244 22270.09 1.6 1628956 2525998.88 21.16 310 479.89 1.6 35876 53996.94 21.16 10 0 300 1070 0 32100 17.1 24.0 20.95 4.81
97200.0 310 451.26 1.51 36456 48762.42 1.51 15242 22270.01 1.6 1644198 2548268.89 21.16 310 479.9 1.6 36186 54476.83 21.16 10 0 300 1080 0 32400 17.4 24.0 21.06 4.89
98100.0 376 451.4 1.51 36832 49213.82 1.51 15300 22270.12 1.6 1659498 2570539.01 21.16 370 479.93 1.6 36556 54956.76 21.16 10 0 300 1090 0 32700 17.4 24.0 21.06 4.89
99000.0 354 452.03 1.51 37186 49665.85 1.51 15279 22262.75 1.6 1674777 2592801.76 21.16 350 479.77 1.6 36906 55436.53 21.16 10 0 300 1100 0 33000 17.4 24.0 21.06 4.89
99900.0 310 451.25 1.51 37496 50117.1 1.51 15240 22262.77 1.6 1690017 2615064.53 21.16 310 479.74 1.6 37216 55916.27 21.16 10 0 300 1110 0 33300 17.5 24.0 21.37 4.11
100800.0 310 451.25 1.51 37806 50568.36 1.51 15236 22262.73 1.6 1705253 2637327.26 21.16 310 479.74 1.6 37526 56396.01 21.16 10 0 300 1120 0 33600 17.7 24.0 21.42 4.03
101700.0 376 451.4 1.51 38182 51019.76 1.51 15295 22262.81 1.6 1720548 2659590.07 21.16 370 479.77 1.6 37896 56875.79 21.16 10 0 300 1130 0 33900 17.8 24.0 21.42 4.02
102600.0 354 452.03 1.51 38536 51471.79 1.51 15267 22260.09 1.6 1735815 2681850.15 21.16 350 479.71 1.6 38246 57355.49 21.16 10 0 300 1140 0 34200 17.8 24.0 21.42 4.02
103500.0 310 451.25 1.51 38846 51923.04 1.51 15233 22260.11 1.6 1751048 2704110.26 21.16 310 479.68 1.6 38556 57835.18 21.16 10 0 300 1150 0 34500 18.0 24.0 21.67 3.27
104400.0 310 451.25 1.51 39156 52374.29 1.51 15233 22260.07 1.6 1766281 2726370.33 21.16 310 479.69 1.6 38866 58314.87 21.16 10 0 300 1160 0 34800 18.2 24.0 21.73 3.18
105300.0 376 451.4 1.51 39532 52825.69 1.51 15292 22260.14 1.6 1781573 2748630.46 21.16 370 479.72 1.6 39236 58794.58 21.16 10 0 300 1170 0 35100 18.5 24.0 21.73 3.17
106200.0 354 452.02 1.51 39886 53277.71 1.51 15271 22251.11 1.59 1796844 2770881.58 21.16 350 479.53 1.59 39586 59274.11 21.16 10 0 300 1180 0 35400 18.5 24.0 21.73 3.17
107100.0 310 451.24 1.51 40196 53728.95 1.51 15231 22247.27 1.59 1812075 2793128.84 21.16 310 479.43 1.59 39896 59753.54 21.16 10 0 300 1190 0 35700 18.8 24.0 21.73 2.95
108000.0 310 451.24 1.51 40506 54180.2 1.51 15230 22247.23 1.59 1827305 2815376.08 21.16 310 479.43 1.59 40206 60232.97 21.16 10 0 300 1200 0 36000 18.8 24.0 21.73 2.94
108900.0 376 451.39 1.51 40882 54631.58 1.51 15288 22247.3 1.59 1842593 2837623.37 21.16 370 479.46 1.59 40576 60712.42 21.16 10 0 300 1210 0 36300 18.9 24.0 21.73 2.93
109800.0 354 452.02 1.51 41236 55083.6 1.51 15268 22247.25 1.59 1857861 2859870.63 21.16 350 479.45 1.59 40926 61191.88 21.16 10 0 300 1220 0 36600 18.9 24.0 21.73 2.93
110700.0 310 451.24 1.51 41546 55534.84 1.51 15226 22247.27 1.59 1873087 2882117.89 21.16 310 479.43 1.59 41236 61671.3 21.16 10 0 300 1230 0 36900 18.9 24.0 21.63 2.86
111600.0 310 451.24 1.51 41856 55986.09 1.51 15225 22247.23 1.59 1888312 2904365.12 21.16 310 479.43 1.59 41546 62150.73 21.16 10 0 300 1240 0 37200 18.9 24.0 21.57 2.74
112500.0 376 451.39 1.51 42232 56437.47 1.51 15285 22247.3 1.59 1903597 2926612.42 21.16 370 479.46 1.59 41916 62630.19 21.16 10 0 300 1250 0 37500 18.9 23.9 21.57 2.74
113400.0 354 452.02 1.51 42586 56889.49 1.51 15263 22247.25 1.59 1918860 2948859.67 21.16 350 479.45 1.59 42266 63109.64 21.16 10 0 300 1260 0 37800 18.9 23.9 21.57 2.74
114300.0 310 451.24 1.51 42896 57340.73 1.51 15223 22247.27 1.59 1934083 2971106.94 21.16 310 479.43 1.59 42576 63589.06 21.16 10 0 300 1270 0 38100 18.9 24.0 23.31 0.25
115200.0 310 451.24 1.51 43206 57791.98 1.51 15222 22247.23 1.59 1949305 2993354.17 21.16 310 479.43 1.59 42886 64068.49 21.16 10 0 300 1280 0 38400 18.9 24.0 23.5 0.1
116100.0 376 451.39 1.51 43582 58243.36 1.51 15282 22247.3 1.59 1964587 3015601.47 21.16 370 479.46 1.59 43256 64547.95 21.16 10 0 300 1290 0 38700 22.6 24.0 23.51 0.04
117000.0 354 452.02 1.51 43936 58695.38 1.51 15259 22247.25 1.59 1979846 3037848.72 21.16 350 479.45 1.59 43606 65027.4 21.16 10 0 300 1300 0 39000 22.6 24.0 23.51 0.04
117900.0 310 451.24 1.51 44246 59146.62 1.51 15219 22247.27 1.59 1995065 3060095.99 21.16 310 479.43 1.59 43916 65506.83 21.16 10 0 300 1310 0 39300 22.7 24.0 23.57 0.02
118800.0 310 451.24 1.51 44556 59597.87 1.51 15218 22247.23 1.59 2010283 3082343.22 21.16 310 479.43 1.59 44226 65986.26 21.16 10 0 300 1320 0 39600 22.7 24.0 23.6 0.02
119700.0 376 451.39 1.51 44932 60049.25 1.51 15275 22247.3 1.59 2025558 3104590.51 21.16 370 479.46 1.59 44596 66465.72 21.16 10 0 300 1330 0 39900 22.7 24.0 23.6 0.02
120600.0 354 452.02 1.51 45286 60501.27 1.51 15255 22247.25 1.59 2040813 3126837.77 21.16 350 479.45 1.59 44946 66945.17 21.16 10 0 300 1340 0 40200 22.7 24.0 23.6 0.02
121500.0 310 451.24 1.51 45596 60952.51 1.51 15215 22247.27 1.59 2056028 3149085.03 21.16 310 479.43 1.59 45256 67424.59 21.16 10 0 300 1350 0 40500 22.8 24.0 23.64 0.01
122400.0 310 451.24 1.51 45906 61403.76 1.51 15213 22247.23 1.59 2071241 3171332.26 21.16 310 479.43 1.59 45566 67904.02 21.16 10 0 300 1360 0 40800 22.8 24.0 23.67 0.01
123300.0 376 451.39 1.51 46282 61855.14 1.51 15273 22247.3 1.59 2086514 3193579.56 21.16 370 479.46 1.59 45936 68383.48 21.16 10 0 300 1370 0 41100 22.8 24.0 23.67 0.01
124200.0 354 452.02 1.51 46636 62307.16 1.51 15253 22247.25 1.59 2101767 3215826.81 21.16 350 479.45 1.59 46286 68862.93 21.16 10 0 300 1380 0 41400 22.8 24.0 23.67 0.01
125100.0 310 451.24 1.51 46946 62758.41 1.51 15210 22247.27 1.59 2116977 3238074.08 21.16 310 479.43 1.59 46596 69342.36 21.16 10 0 300 1390 0 41700 22.9 24.0 23.7 0.01
126000.0 310 451.24 1.51 47256 63209.65 1.51 15208 22247.23 1.59 2132185 3260321.31 21.16 310 479.43 1.59 46906 69821.79 21.16 10 0 300 1400 0 42000 22.9 24.0 23.72 0.01
126900.0 376 451.39 1.51 47632 63661.03 1.51 15267 22247.3 1.59 2147452 3282568.61 21.16 370 479.46 1.59 47276 70301.24 21.16 10 0 300 1410 0 42300 22.9 24.0 23.73 0.01
127800.0 354 452.02 1.51 47986 64113.05 1.51 15245 22247.25 1.59 2162697 3304815.86 21.16 350 479.45 1.59 47626 70780.69 21.16 10 0 300 1420 0 42600 22.9 24.0 23.73 0.01
128700.0 310 451.24 1.51 48296 64564.3 1.51 15205 22247.27 1.59 2177902 3327063.12 21.16 310 479.43 1.59 47936 71260.12 21.16 10 0 300 1430 0 42900 23.1 24.0 23.75 0.01
129600.0 310 451.24 1.51 48606 65015.54 1.51 15203 22247.23 1.59 2193105 3349310.35 21.16 310 479.43 1.59 48246 71739.55 21.16 10 0 300 1440 0 43200 23.1 24.0 23.77 0.01
130500.0 376 451.39 1.51 48982 65466.92 1.51 15258 22247.3 1.59 2208363 3371557.65 21.16 370 479.46 1.59 48616 72219.01 21.16 10 0 300 1450 0 43500 23.1 24.0 23.77 0.01
131400.0 354 452.02 1.51 49336 65918.94 1.51 15238 22247.25 1.59 2223601 3393804.9 21.16 350 479.45 1.59 48966 72698.46 21.16 10 0 300 1460 0 43800 23.1 24.0 23.77 0.01
132300.0 310 451.24 1.51 49646 66370.19 1.51 15197 22247.27 1.59 2238798 3416052.17 21.16 310 479.43 1.59 49276 73177.88 21.16 10 0 300 1470 0 44100 23.2 24.0 23.79 0.01
133200.0 310 451.24 1.51 49956 66821.43 1.51 15197 22247.23 1.59 2253995 3438299.4 21.16 310 479.43 1.59 49586 73657.31 21.16 10 0 300 1480 0 44400 23.2 24.0 23.8 0.01
134100.0 376 451.39 1.51 50332 67272.81 1.51 15257 22247.3 1.59 2269252 3460546.7 21.16 370 479.46 1.59 49956 74136.77 21.16 10 0 300 1490 0 44700 23.2 24.0 23.8 0.01
135000.0 354 452.02 1.51 50686 67724.83 1.51 15235 22247.25 1.59 2284487 3482793.95 21.16 350 479.45 1.59 50306 74616.22 21.16 10 0 300 1500 0 45000 23.2 24.0 23.8 0.01
135900.0 310 451.24 1.51 50996 68176.08 1.51 15192 22247.27 1.59 2299679 3505041.21 21.16 310 479.43 1.59 50616 75095.65 21.16 10 0 300 1510 0 45300 23.3 24.0 23.84 0.01
136800.0 310 451.24 1.51 51306 68627.32 1.51 15190 22247.23 1.59 2314869 3527288.44 21.16 310 479.43 1.59 50926 75575.08 21.16 10 0 300 1520 0 45600 23.3 24.0 23.84 0.01
137700.0 376 451.39 1.51 51682 69078.7 1.51 15249 22247.3 1.59 2330118 3549535.74 21.16 370 479.46 1.59 51296 76054.53 21.16 10 0 300 1530 0 45900 23.3 24.0 23.85 0.01
138600.0 354 452.02 1.51 52036 69530.72 1.51 15226 22247.25 1.59 2345344 3571782.99 21.16 350 479.45 1.59 51646 76533.99 21.16 10 0 300 1540 0 46200 23.3 24.0 23.85 0.01
139500.0 310 451.24 1.51 52346 69981.97 1.51 15186 22247.27 1.59 2360530 3594030.26 21.16 310 479.43 1.59 51956 77013.41 21.16 10 0 300 1550 0 46500 23.4 24.0 23.85 0.01
140400.0 310 451.24 1.51 52656 70433.21 1.51 15185 22247.23 1.59 2375715 3616277.49 21.16 310 479.43 1.59 52266 77492.84 21.16 10 0 300 1560 0 46800 23.4 24.0 23.86 0.01
141300.0 376 451.39 1.51 53032 70884.59 1.51 15241 22247.3 1.59 2390956 3638524.79 21.16 370 479.46 1.59 52636 77972.3 21.16 10 0 300 1570 0 47100 23.4 24.0 23.86 0.01
142200.0 354 452.02 1.51 53386 71336.61 1.51 15221 22247.25 1.59 2406177 3660772.04 21.16 350 479.45 1.59 52986 78451.75 21.16 10 0 300 1580 0 47400 23.4 24.0 23.86 0.01
143100.0 310 451.24 1.51 53696 71787.86 1.51 15181 22247.27 1.59 2421358 3683019.3 21.16 310 479.43 1.59 53296 78931.17 21.16 10 0 300 1590 0 47700 23.5 24.0 23.88 0.01
144000.0 310 451.24 1.51 54006 72239.1 1.51 15179 22247.23 1.59 2436537 3705266.53 21.16 310 479.43 1.59 53606 79410.6 21.16 10 0 300 1600 0 48000 23.5 24.0 23.88 0.01
144900.0 376 451.39 1.51 54382 72690.48 1.51 15239 22247.3 1.59 2451776 3727513.83 21.16 370 479.46 1.59 53976 79890.06 21.16 10 0 300 1610 0 48300 23.5 24.0 23.88 0.01
145800.0 354 452.02 1.51 54736 73142.5 1.51 15219 22247.25 1.59 2466995 3749761.08 21.16 350 479.45 1.59 54326 80369.51 21.16 10 0 300 1620 0 48600 23.5 24.0 23.88 0.01
146700.0 310 451.24 1.51 55046 73593.75 1.51 15177 22247.27 1.59 2482172 3772008.35 21.16 310 479.43 1.59 54636 80848.94 21.16 10 0 300 1630 0 48900 23.6 24.0 23.89 0.01
147600.0 310 451.24 1.51 55356 74044.99 1.51 15176 22247.23 1.59 2497348 3794255.58 21.16 310 479.43 1.59 54946 81328.37 21.16 10 0 300 1640 0 49200 23.6 24.0 23.89 0.01
148500.0 376 451.39 1.51 55732 74496.38 1.51 15235 22247.3 1.59 2512583 3816502.87 21.16 370 479.46 1.59 55316 81807.83 21.16 10 0 300 1650 0 49500 23.6 24.0 23.89 0.01
149400.0 354 452.02 1.51 56086 74948.39 1.51 15211 22247.25 1.59 2527794 3838750.13 21.16 350 479.45 1.59 55666 82287.28 21.16 10 0 300 1660 0 49800 23.6 24.0 23.89 0.01
150300.0 310 451.24 1.51 56396 75399.64 1.51 15171 22247.26 1.59 2542965 3860997.39 21.16 310 479.43 1.59 55976 82766.7 21.16 10 0 300 1670 0 50100 23.7 24.0 23.89 0.01
151200.0 310 451.24 1.51 56706 75850.88 1.51 15169 22247.23 1.59 2558134 3883244.62 21.16 310 479.43 1.59 56286 83246.13 21.16 10 0 300 1680 0 50400 23.7 24.0 23.9 0.01
152100.0 376 451.39 1.51 57082 76302.27 1.51 15227 22247.3 1.59 2573361 3905491.92 21.16 370 479.46 1.59 56656 83725.59 21.16 10 0 300 1690 0 50700 23.7 24.0 23.9 0.01
153000.0 354 452.02 1.51 57436 76754.28 1.51 15207 22247.25 1.59 2588568 3927739.17 21.16 350 479.45 1.59 57006 84205.04 21.16 10 0 300 1700 0 51000 23.7 24.0 23.9 0.01
153900.0 310 451.24 1.51 57746 77205.53 1.51 15164 22247.26 1.59 2603732 3949986.43 21.16 310 479.43 1.59 57316 84684.47 21.16 10 0 300 1710 0 51300 23.6 24.0 23.89 0.01
154800.0 310 451.24 1.51 58056 77656.77 1.51 15162 22247.23 1.59 2618894 3972233.67 21.16 310 479.43 1.59 57626 85163.9 21.16 10 0 300 1720 0 51600 23.6 24.0 23.89 0.01
155700.0 376 451.39 1.51 58432 78108.16 1.51 15222 22247.3 1.59 2634116 3994480.96 21.16 370 479.46 1.59 57996 85643.35 21.16 10 0 300 1730 0 51900 23.6 24.0 23.89 0.01
156600.0 354 452.02 1.51 58786 78560.17 1.51 15201 22247.25 1.59 2649317 4016728.21 21.16 350 479.45 1.59 58346 86122.8 21.16 10 0 300 1740 0 52200 23.6 24.0 23.89 0.01
157500.0 310 451.24 1.51 59096 79011.42 1.51 15159 22247.26 1.59 2664476 4038975.48 21.16 310 479.43 1.59 58656 86602.23 21.16 10 0 300 1750 0 52500 23.5 24.0 23.88 0.01
158400.0 310 451.24 1.51 59406 79462.66 1.51 15159 22247.23 1.59 2679635 4061222.71 21.16 310 479.43 1.59 58966 87081.66 21.16 10 0 300 1760 0 52800 23.5 24.0 23.88 0.01
159300.0 376 451.39 1.51 59782 79914.05 1.51 15219 22247.3 1.59 2694854 4083470.0 21.16 370 479.46 1.59 59336 87561.12 21.16 10 0 300 1770 0 53100 23.5 24.0 23.88 0.01
160200.0 354 452.02 1.51 60136 80366.07 1.51 15197 22247.25 1.59 2710051 4105717.26 21.16 350 479.45 1.59 59686 88040.57 21.16 10 0 300 1780 0 53400 23.5 24.0 23.88 0.01
161100.0 310 451.24 1.51 60446 80817.31 1.51 15157 22247.26 1.59 2725208 4127964.52 21.16 310 479.43 1.59 59996 88519.99 21.16 10 0 300 1790 0 53700 23.4 24.0 23.86 0.01
162000.0 310 451.24 1.51 60756 81268.55 1.51 15157 22247.23 1.59 2740365 4150211.75 21.16 310 479.43 1.59 60306 88999.42 21.16 10 0 300 1800 0 54000 23.4 24.0 23.86 0.01
162900.0 376 451.4 1.51 61132 81719.95 1.51 15217 22245.83 1.59 2755582 4172457.58 21.16 370 479.43 1.59 60676 89478.85 21.16 10 0 300 1810 0 54300 23.4 24.0 23.86 0.01
163800.0 354 452.02 1.51 61486 82171.97 1.51 15197 22247.25 1.59 2770779 4194704.83 21.16 350 479.45 1.59 61026 89958.3 21.16 10 0 300 1820 0 54600 23.4 24.0 23.86 0.01
164700.0 310 451.24 1.51 61796 82623.21 1.51 15156 22247.26 1.59 2785935 4216952.1 21.16 310 479.43 1.59 61336 90437.73 21.16 10 0 300 1830 0 54900 23.3 24.0 23.83 0.02
165600.0 310 451.24 1.51 62106 83074.46 1.51 15152 22247.23 1.59 2801087 4239199.33 21.16 310 479.43 1.59 61646 90917.16 21.16 10 0 300 1840 0 55200 23.3 24.0 23.82 0.02
166500.0 376 451.39 1.51 62482 83525.84 1.51 15212 22247.3 1.59 2816299 4261446.62 21.16 370 479.46 1.59 62016 91396.61 21.16 10 0 300 1850 0 55500 23.3 24.0 23.82 0.02
167400.0 354 452.02 1.51 62836 83977.86 1.51 15191 22247.25 1.59 2831490 4283693.87 21.16 350 479.45 1.59 62366 91876.07 21.16 10 0 300 1860 0 55800 23.3 24.0 23.82 0.02
168300.0 310 451.24 1.51 63146 84429.1 1.51 15151 22247.26 1.59 2846641 4305941.14 21.16 310 479.43 1.59 62676 92355.49 21.16 10 0 300 1870 0 56100 23.2 24.0 23.8 0.02
169200.0 310 451.24 1.51 63456 84880.35 1.51 15149 22247.23 1.59 2861790 4328188.37 21.16 310 479.43 1.59 62986 92834.92 21.16 10 0 300 1880 0 56400 23.2 24.0 23.79 0.02
170100.0 376 451.4 1.51 63832 85331.75 1.51 15208 22245.83 1.59 2876998 4350434.2 21.16 370 479.43 1.59 63356 93314.35 21.16 10 0 300 1890 0 56700 23.2 24.0 23.79 0.02
171000.0 354 452.02 1.51 64186 85783.77 1.51 15186 22247.25 1.59 2892184 4372681.45 21.16 350 479.45 1.59 63706 93793.8 21.16 10 0 300 1900 0 57000 23.2 24.0 23.79 0.02
171900.0 310 451.24 1.51 64496 86235.01 1.51 15145 22247.26 1.59 2907329 4394928.71 21.16 310 479.43 1.59 64016 94273.22 21.16 10 0 300 1910 0 57300 23.1 24.0 23.76 0.03
172800.0 310 451.24 1.51 64806 86686.25 1.51 15143 22247.23 1.59 2922472 4417175.94 21.16 310 479.43 1.59 64326 94752.65 21.16 10 0 300 1920 0 57600 23.1 24.0 23.74 0.03
173700.0 376 451.39 1.51 65182 87137.64 1.51 15201 22247.3 1.59 2937673 4439423.24 21.16 370 479.46 1.59 64696 95232.11 21.16 10 0 300 1930 0 57900 23.1 24.0 23.74 0.02
174600.0 354 452.02 1.51 65536 87589.66 1.51 15180 22247.25 1.59 2952853 4461670.49 21.16 350 479.45 1.59 65046 95711.56 21.16 10 0 300 1940 0 58200 23.1 24.0 23.74 0.02
175500.0 310 451.24 1.51 65846 88040.9 1.51 15139 22247.26 1.59 2967992 4483917.75 21.16 310 479.43 1.59 65356 96190.99 21.16 10 0 300 1950 0 58500 22.9 24.0 23.7 0.03
176400.0 310 451.24 1.51 66156 88492.14 1.51 15135 22247.23 1.59 2983127 4506164.98 21.16 310 479.43 1.59 65666 96670.42 21.16 10 0 300 1960 0 58800 22.9 23.9 23.68 0.03
177300.0 376 451.39 1.51 66532 88943.53 1.51 15190 22247.3 1.59 2998317 4528412.28 21.16 370 479.46 1.59 66036 97149.88 21.16 10 0 300 1970 0 59100 22.9 23.9 23.68 0.03
178200.0 354 452.02 1.51 66886 89395.55 1.51 15167 22247.25 1.59 3013484 4550659.53 21.16 350 479.45 1.59 66386 97629.33 21.16 10 0 300 1980 0 59400 22.9 23.9 23.68 0.03
179100.0 310 451.24 1.51 67196 89846.79 1.51 15126 22247.26 1.59 3028610 4572906.79 21.16 310 479.43 1.59 66696 98108.75 21.16 10 0 300 1990 0 59700 22.8 23.9 23.61 0.03
180000.0 310 451.24 1.51 67506 90298.03 1.51 15128 22247.23 1.59 3043738 4595154.02 21.16 310 479.43 1.59 67006 98588.18 21.16 10 0 300 2000 0 60000 22.8 23.9 23.58 0.02
180900.0 376 451.39 1.51 67882 90749.42 1.51 15188 22247.3 1.59 3058926 4617401.32 21.16 370 479.46 1.59 67376 99067.64 21.16 10 0 300 2010 0 60300 22.8 23.9 23.58 0.02
181800.0 354 452.02 1.51 68236 91201.44 1.51 15162 22247.25 1.59 3074088 4639648.57 21.16 350 479.45 1.59 67726 99547.09 21.16 10 0 300 2020 0 60600 22.8 23.9 23.58 0.02
182700.0 310 451.24 1.51 68546 91652.68 1.51 15124 22247.26 1.59 3089212 4661895.84 21.16 310 479.43 1.59 68036 100026.52 21.16 10 0 300 2030 0 60900 22.7 23.8 23.49 0.03
183600.0 310 451.24 1.51 68856 92103.92 1.51 15127 22247.23 1.59 3104339 4684143.06 21.16 310 479.43 1.59 68346 100505.95 21.16 10 0 300 2040 0 61200 22.7 23.8 23.44 0.02
184500.0 376 451.39 1.51 69232 92555.31 1.51 15186 22247.3 1.59 3119525 4706390.36 21.16 370 479.46 1.59 68716 100985.4 21.16 10 0 300 2050 0 61500 22.7 23.8 23.44 0.02
185400.0 354 452.02 1.51 69586 93007.33 1.51 15160 22247.25 1.59 3134685 4728637.61 21.16 350 479.45 1.59 69066 101464.85 21.16 10 0 300 2060 0 61800 22.7 23.8 23.44 0.02
186300.0 310 451.24 1.51 69896 93458.57 1.51 15128 22247.26 1.59 3149813 4750884.88 21.16 310 479.43 1.59 69376 101944.28 21.16 10 0 300 2070 0 62100 22.4 23.7 23.32 0.03
187200.0 310 451.24 1.51 70206 93909.81 1.51 15124 22247.23 1.59 3164937 4773132.11 21.16 310 479.43 1.59 69686 102423.71 21.16 10 0 300 2080 0 62400 22.4 23.7 23.26 0.02
188100.0 376 451.39 1.51 70582 94361.2 1.51 15183 22247.3 1.59 3180120 4795379.4 21.16 370 479.46 1.59 70056 102903.17 21.16 10 0 300 2090 0 62700 22.4 23.7 23.26 0.02
189000.0 354 452.02 1.51 70936 94813.22 1.51 15160 22247.25 1.59 3195280 4817626.65 21.16 350 479.45 1.59 70406 103382.62 21.16 10 0 300 2100 0 63000 22.4 23.7 23.26 0.02
189900.0 310 451.24 1.51 71246 95264.46 1.51 15110 22247.26 1.59 3210390 4839873.92 21.16 310 479.43 1.59 70716 103862.04 21.16 10 0 300 2110 0 63300 22.1 23.5 23.1 0.04
190800.0 310 451.24 1.51 71556 95715.7 1.51 15110 22247.23 1.59 3225500 4862121.15 21.16 310 479.43 1.59 71026 104341.47 21.16 10 0 300 2120 0 63600 22.1 23.5 23.01 0.03
191700.0 376 451.39 1.51 71932 96167.09 1.51 15168 22247.3 1.59 3240668 4884368.44 21.16 370 479.46 1.59 71396 104820.93 21.16 10 0 300 2130 0 63900 22.1 23.5 23.01 0.03
192600.0 354 452.02 1.51 72286 96619.11 1.51 15135 22247.25 1.59 3255803 4906615.69 21.16 350 479.45 1.59 71746 105300.38 21.16 10 0 300 2140 0 64200 22.1 23.5 23.01 0.03
193500.0 310 451.24 1.51 72596 97070.35 1.51 15103 22247.26 1.59 3270906 4928862.96 21.16 310 479.43 1.59 72056 105779.81 21.16 10 0 300 2150 0 64500 22.0 23.3 22.82 0.03
194400.0 310 451.24 1.51 72906 97521.59 1.51 15104 22247.23 1.59 3286010 4951110.19 21.16 310 479.43 1.59 72366 106259.24 21.16 10 0 300 2160 0 64800 22.0 23.3 22.73 0.03
195300.0 376 451.39 1.51 73282 97972.98 1.51 15154 22247.3 1.59 3301164 4973357.48 21.16 370 479.46 1.59 72736 106738.69 21.16 10 0 300 2170 0 65100 22.0 23.3 22.73 0.02
196200.0 354 452.02 1.51 73636 98425.0 1.51 15131 22247.25 1.59 3316295 4995604.73 21.16 350 479.45 1.59 73086 107218.15 21.16 10 0 300 2180 0 65400 22.0 23.3 22.73 0.02
197100.0 310 451.24 1.51 73946 98876.24 1.51 15100 22247.26 1.59 3331395 5017852.0 21.16 310 479.43 1.59 73396 107697.57 21.16 10 0 300 2190 0 65700 22.0 23.1 22.53 0.02
198000.0 310 451.24 1.51 74256 99327.48 1.51 15082 22247.23 1.59 3346477 5040099.22 21.16 310 479.43 1.59 73706 108177.0 21.16 10 0 300 2200 0 66000 22.0 23.1 22.42 0.03
198900.0 376 451.39 1.51 74632 99778.87 1.51 15139 22247.3 1.59 3361616 5062346.52 21.16 370 479.46 1.59 74076 108656.46 21.16 10 0 300 2210 0 66300 22.0 23.1 22.42 0.03
199800.0 354 452.02 1.51 74986 100230.89 1.51 15117 22247.25 1.59 3376733 5084593.77 21.16 350 479.45 1.59 74426 109135.91 21.16 10 0 300 2220 0 66600 22.0 23.1 22.41 0.03
200700.0 310 451.24 1.51 75296 100682.13 1.51 15081 22247.26 1.59 3391814 5106841.03 21.16 310 479.43 1.59 74736 109615.34 21.16 10 0 300 2230 0 66900 22.0 22.8 22.26 0.01
201600.0 310 451.24 1.51 75606 101133.37 1.51 15082 22247.23 1.59 3406896 5129088.26 21.16 310 479.43 1.59 75046 110094.76 21.16 10 0 300 2240 0 67200 22.0 22.8 22.18 0.02
202500.0 376 451.39 1.51 75982 101584.76 1.51 15142 22247.3 1.59 3422038 5151335.56 21.16 370 479.46 1.59 75416 110574.22 21.16 10 0 300 2250 0 67500 22.0 22.8 22.18 0.02
203400.0 354 452.02 1.51 76336 102036.78 1.51 15115 22247.25 1.59 3437153 5173582.81 21.16 350 479.45 1.59 75766 111053.67 21.16 10 0 300 2260 0 67800 22.0 22.8 22.18 0.02
204300.0 310 451.24 1.51 76646 102488.02 1.51 15087 22247.26 1.59 3452240 5195830.07 21.16 310 479.43 1.59 76076 111533.1 21.16 10 0 300 2270 0 68100 22.0 22.6 22.07 0.01
205200.0 310 451.24 1.51 76956 102939.26 1.51 15087 22247.23 1.59 3467327 5218077.3 21.16 310 479.43 1.59 76386 112012.53 21.16 10 0 300 2280 0 68400 22.0 22.6 22.06 0.01
206100.0 376 451.4 1.51 77332 103390.66 1.51 15145 22245.83 1.59 3482472 5240323.13 21.16 370 479.43 1.59 76756 112491.96 21.16 10 0 300 2290 0 68700 22.0 22.6 22.06 0.01
207000.0 354 452.02 1.51 77686 103842.68 1.51 15110 22247.25 1.59 3497582 5262570.38 21.16 350 479.45 1.59 77106 112971.41 21.16 10 0 300 2300 0 69000 22.0 22.6 22.06 0.01
207900.0 310 451.24 1.51 77996 104293.93 1.51 15081 22247.26 1.59 3512663 5284817.64 21.16 310 479.43 1.59 77416 113450.83 21.16 10 0 300 2310 0 69300 22.0 22.2 22.02 0.0
208800.0 310 451.24 1.51 78306 104745.17 1.51 15078 22247.23 1.59 3527741 5307064.87 21.16 310 479.43 1.59 77726 113930.26 21.16 10 0 300 2320 0 69600 22.0 22.2 22.02 0.0
209700.0 376 451.39 1.51 78682 105196.55 1.51 15137 22247.3 1.59 3542878 5329312.17 21.16 370 479.46 1.59 78096 114409.72 21.16 10 0 300 2330 0 69900 22.0 22.2 22.02 0.0
210600.0 354 452.02 1.51 79036 105648.57 1.51 15105 22247.25 1.59 3557983 5351559.42 21.16 350 479.45 1.59 78446 114889.17 21.16 10 0 300 2340 0 70200 22.0 22.2 22.02 0.0
211500.0 310 451.24 1.51 79346 106099.82 1.51 15067 22247.26 1.59 3573050 5373806.68 21.16 310 479.43 1.59 78756 115368.6 21.16 10 0 300 2350 0 70500 22.0 22.0 22.0 0.0
212400.0 310 451.24 1.51 79656 106551.06 1.51 15066 22247.23 1.59 3588116 5396053.91 21.16 310 479.43 1.59 79066 115848.03 21.16 10 0 300 2360 0 70800 22.0 22.0 22.0 0.0
213300.0 376 451.4 1.51 80032 107002.46 1.51 15120 22245.83 1.59 3603236 5418299.73 21.16 370 479.43 1.59 79436 116327.45 21.16 10 0 300 2370 0 71100 22.0 22.0 22.0 0.0
214200.0 354 452.02 1.51 80386 107454.48 1.51 15090 22247.25 1.59 3618326 5440546.98 21.16 350 479.45 1.59 79786 116806.9 21.16 10 0 300 2380 0 71400 22.0 22.0 22.0 0.0
215100.0 310 451.24 1.51 80696 107905.72 1.51 15049 22247.26 1.59 3633375 5462794.25 21.16 310 479.43 1.59 80096 117286.33 21.16 10 0 300 2390 0 71700 22.0 22.0 22.0 0.0
216000.0 310 451.24 1.51 81006 108356.96 1.51 15043 22247.23 1.59 3648418 5485041.48 21.16 310 479.43 1.59 80406 117765.76 21.16 10 0 300 2400 0 72000 22.0 22.0 22.0 0.0
216900.0 376 451.39 1.51 81382 108808.35 1.51 15101 22247.3 1.59 3663519 5507288.77 21.16 370 479.46 1.59 80776 118245.22 21.16 10 0 300 2410 0 72300 22.0 22.0 22.0 0.0
217800.0 354 452.02 1.51 81736 109260.37 1.51 15078 22247.25 1.59 3678597 5529536.02 21.16 350 479.45 1.59 81126 118724.67 21.16 10 0 300 2420 0 72600 22.0 22.0 22.0 0.0
218700.0 310 451.24 1.51 82046 109711.61 1.51 15031 22247.26 1.59 3693628 5551783.28 21.16 310 479.43 1.59 81436 119204.09 21.16 10 0 300 2430 0 72900 22.0 22.0 22.0 0.0
219600.0 310 451.24 1.51 82356 110162.85 1.51 15027 22247.23 1.59 3708655 5574030.51 21.16 310 479.43 1.59 81746 119683.52 21.16 10 0 300 2440 0 73200 22.0 22.0 22.0 0.0
220500.0 376 451.39 1.51 82732 110614.24 1.51 15075 22247.29 1.59 3723730 5596277.81 21.16 370 479.46 1.59 82116 120162.98 21.16 10 0 300 2450 0 73500 22.0 22.0 22.0 0.0
221400.0 354 452.02 1.51 83086 111066.26 1.51 15052 22249.89 1.59 3738782 5618527.69 21.16 350 479.5 1.59 82466 120642.48 21.16 10 0 300 2460 0 73800 21.8 22.0 22.0 0.0
222300.0 310 451.25 1.51 83396 111517.51 1.51 15123 22251.26 1.59 3753905 5640778.95 21.16 310 479.51 1.59 82776 121121.99 21.16 10 0 300 2470 0 74100 20.4 22.0 21.08 0.08
223200.0 310 451.25 1.51 83706 111968.76 1.51 15143 22251.16 1.59 3769048 5663030.11 21.16 310 479.51 1.59 83086 121601.5 21.16 10 0 300 2480 0 74400 19.8 22.0 20.56 0.15
224100.0 376 451.39 1.51 84082 112420.15 1.51 15203 22251.29 1.59 3784251 5685281.4 21.16 370 479.54 1.59 83456 122081.03 21.16 10 0 300 2490 0 74700 19.8 21.8 20.55 0.13
225000.0 354 452.02 1.51 84436 112872.17 1.51 15181 22251.21 1.59 3799432 5707532.61 21.16 350 479.53 1.59 83806 122560.57 21.16 10 0 300 2500 0 75000 19.8 21.8 20.55 0.13
225900.0 310 451.25 1.51 84746 113323.42 1.51 15142 22251.44 1.59 3814574 5729784.05 21.16 310 479.51 1.59 84116 123040.08 21.16 10 0 300 2510 0 75300 19.8 21.7 20.49 0.12
226800.0 310 451.25 1.51 85056 113774.66 1.51 15144 22251.37 1.59 3829718 5752035.41 21.16 310 479.51 1.59 84426 123519.59 21.16 10 0 300 2520 0 75600 19.8 21.7 20.45 0.14
227700.0 376 451.39 1.51 85432 114226.05 1.51 15204 22251.47 1.59 3844922 5774286.89 21.16 370 479.54 1.59 84796 123999.14 21.16 10 0 300 2530 0 75900 19.8 21.7 20.45 0.14
228600.0 354 452.02 1.51 85786 114678.07 1.51 15180 22251.88 1.59 3860102 5796538.77 21.16 350 479.55 1.59 85146 124478.68 21.16 10 0 300 2540 0 76200 19.8 21.7 20.45 0.14
229500.0 310 451.25 1.51 86096 115129.32 1.51 15141 22251.32 1.59 3875243 5818790.09 21.16 310 479.51 1.59 85456 124958.19 21.16 10 0 300 2550 0 76500 19.8 21.6 20.46 0.13
230400.0 310 451.25 1.51 86406 115580.57 1.51 15140 22251.21 1.59 3890383 5841041.3 21.16 310 479.51 1.59 85766 125437.7 21.16 10 0 300 2560 0 76800 19.9 21.6 20.44 0.14
231300.0 376 451.4 1.51 86782 116031.97 1.51 15199 22251.0 1.59 3905582 5863292.3 21.16 370 479.53 1.59 86136 125917.23 21.16 10 0 300 2570 0 77100 19.8 21.6 20.44 0.14
232200.0 354 452.02 1.51 87136 116484.0 1.51 15175 22251.78 1.59 3920757 5885544.08 21.16 350 479.54 1.59 86486 126396.78 21.16 10 0 300 2580 0 77400 19.8 21.6 20.44 0.14
233100.0 310 451.25 1.51 87446 116935.24 1.51 15137 22252.47 1.6 3935894 5907796.55 21.16 310 479.53 1.6 86796 126876.31 21.16 10 0 300 2590 0 77700 19.8 21.5 20.49 0.14
234000.0 310 451.25 1.51 87756 117386.49 1.51 15135 22252.4 1.6 3951029 5930048.95 21.16 310 479.54 1.6 87106 127355.85 21.16 10 0 300 2600 0 78000 19.8 21.5 20.48 0.15
234900.0 376 451.39 1.51 88132 117837.88 1.51 15195 22252.51 1.6 3966224 5952301.46 21.16 370 479.57 1.6 87476 127835.41 21.16 10 0 300 2610 0 78300 19.8 21.5 20.48 0.15
235800.0 354 452.02 1.51 88486 118289.9 1.51 15168 22249.48 1.59 3981392 5974550.94 21.16 350 479.49 1.59 87826 128314.91 21.16 10 0 300 2620 0 78600 19.8 21.5 20.48 0.15
236700.0 310 451.24 1.51 88796 118741.15 1.51 15135 22249.03 1.59 3996527 5996799.97 21.16 310 479.46 1.59 88136 128794.37 21.16 10 0 300 2630 0 78900 19.8 21.4 20.53 0.15
237600.0 310 451.24 1.51 89106 119192.39 1.51 15134 22249.0 1.59 4011661 6019048.96 21.16 310 479.47 1.59 88446 129273.84 21.16 10 0 300 2640 0 79200 19.8 21.4 20.54 0.15
238500.0 376 451.4 1.51 89482 119643.79 1.51 15189 22247.6 1.59 4026850 6041296.57 21.16 370 479.46 1.59 88816 129753.3 21.16 10 0 300 2650 0 79500 19.7 21.4 20.54 0.15
239400.0 354 452.02 1.51 89836 120095.81 1.51 15156 22250.41 1.59 4042006 6063546.98 21.16 350 479.52 1.59 89166 130232.81 21.16 10 0 300 2660 0 79800 19.7 21.4 20.54 0.15
240300.0 310 451.25 1.51 90146 120547.06 1.51 15123 22250.47 1.59 4057129 6085797.44 21.16 310 479.49 1.59 89476 130712.31 21.16 10 0 300 2670 0 80100 19.7 21.6 20.59 0.15
241200.0 310 451.25 1.51 90456 120998.3 1.51 15115 22250.39 1.59 4072244 6108047.83 21.16 310 479.49 1.59 89786 131191.8 21.16 10 0 300 2680 0 80400 19.7 21.6 20.59 0.15
242100.0 376 451.39 1.51 90832 121449.69 1.51 15174 22250.5 1.59 4087418 6130298.33 21.16 370 479.52 1.59 90156 131671.32 21.16 10 0 300 2690 0 80700 19.7 21.6 20.59 0.15
243000.0 354 452.02 1.51 91186 121901.72 1.51 15143 22250.36 1.59 4102561 6152548.69 21.16 350 479.51 1.59 90506 132150.84 21.16 10 0 300 2700 0 81000 19.7 21.6 20.59 0.15
243900.0 310 451.25 1.51 91496 122352.96 1.51 15116 22250.64 1.59 4117677 6174799.33 21.16 310 479.5 1.59 90816 132630.33 21.16 10 0 300 2710 0 81300 19.7 21.8 20.64 0.16
244800.0 310 451.25 1.51 91806 122804.21 1.51 15117 22250.53 1.59 4132794 6197049.86 21.16 310 479.5 1.59 91126 133109.83 21.16 10 0 300 2720 0 81600 19.7 21.8 20.64 0.16
245700.0 376 451.39 1.51 92182 123255.6 1.51 15177 22250.67 1.59 4147971 6219300.53 21.16 370 479.53 1.59 91496 133589.36 21.16 10 0 300 2730 0 81900 19.6 21.8 20.64 0.17
246600.0 354 452.02 1.51 92536 123707.62 1.51 15135 22250.95 1.59 4163106 6241551.48 21.16 350 479.52 1.59 91846 134068.88 21.16 10 0 300 2740 0 82200 19.6 21.8 20.64 0.17
247500.0 310 451.25 1.51 92846 124158.87 1.51 15104 22250.7 1.59 4178210 6263802.18 21.16 310 479.49 1.59 92156 134548.38 21.16 10 0 300 2750 0 82500 19.6 21.9 20.63 0.18
248400.0 310 451.25 1.51 93156 124610.11 1.51 15102 22250.6 1.59 4193312 6286052.78 21.16 310 479.5 1.59 92466 135027.87 21.16 10 0 300 2760 0 82800 19.6 21.9 20.62 0.18
249300.0 376 451.39 1.51 93532 125061.5 1.51 15159 22250.73 1.59 4208471 6308303.51 21.16 370 479.53 1.59 92836 135507.4 21.16 10 0 300 2770 0 83100 19.5 21.9 20.62 0.18
250200.0 354 452.02 1.51 93886 125513.52 1.51 15122 22249.95 1.59 4223593 6330553.46 21.16 350 479.5 1.59 93186 135986.9 21.16 10 0 300 2780 0 83400 19.5 21.9 20.62 0.18
251100.0 310 451.25 1.51 94196 125964.77 1.51 15100 22249.89 1.59 4238693 6352803.36 21.16 310 479.48 1.59 93496 136466.38 21.16 10 0 300 2790 0 83700 19.5 22.0 20.6 0.19
252000.0 310 451.25 1.51 94506 126416.02 1.51 15101 22249.79 1.59 4253794 6375053.14 21.16 310 479.48 1.59 93806 136945.86 21.16 10 0 300 2800 0 84000 19.5 22.0 20.57 0.21
252900.0 376 451.39 1.51 94882 126867.4 1.51 15161 22249.92 1.59 4268955 6397303.07 21.16 370 479.51 1.59 94176 137425.38 21.16 10 0 300 2810 0 84300 19.5 22.0 20.57 0.21
253800.0 354 452.02 1.51 95236 127319.43 1.51 15128 22250.38 1.59 4284083 6419553.44 21.16 350 479.51 1.59 94526 137904.89 21.16 10 0 300 2820 0 84600 19.5 22.0 20.57 0.21
254700.0 310 451.25 1.51 95546 127770.67 1.51 15135 22250.93 1.59 4299218 6441804.38 21.16 310 479.5 1.59 94836 138384.39 21.16 10 0 300 2830 0 84900 19.5 21.8 20.44 0.21
255600.0 310 451.25 1.51 95856 128221.92 1.51 15144 22250.83 1.59 4314362 6464055.2 21.16 310 479.5 1.59 95146 138863.9 21.16 10 0 300 2840 0 85200 19.5 21.8 20.4 0.22
256500.0 376 451.39 1.51 96232 128673.31 1.51 15204 22250.96 1.59 4329566 6486306.17 21.16 370 479.53 1.59 95516 139343.43 21.16 10 0 300 2850 0 85500 19.3 21.8 20.4 0.23
257400.0 354 452.02 1.51 96586 129125.33 1.51 15155 22249.86 1.59 4344721 6508556.03 21.16 350 479.5 1.59 95866 139822.93 21.16 10 0 300 2860 0 85800 19.3 21.8 20.4 0.23
258300.0 310 451.25 1.51 96896 129576.58 1.51 15152 22250.55 1.59 4359873 6530806.57 21.16 310 479.49 1.59 96176 140302.43 21.16 10 0 300 2870 0 86100 19.3 21.8 20.22 0.21
259200.0 310 451.25 1.51 97206 130027.82 1.51 15157 22250.48 1.59 4375030 6553057.05 21.16 310 479.49 1.59 96486 140781.92 21.16 10 0 300 2880 0 86400 19.3 21.6 20.15 0.25
260100.0 376 451.39 1.51 97582 130479.21 1.51 15217 22250.58 1.59 4390247 6575307.63 21.16 370 479.53 1.59 96856 141261.45 21.16 10 0 300 2890 0 86700 19.2 21.6 20.15 0.25
261000.0 356 452.09 1.51 97938 130931.3 1.51 15505 151988.06 21.13 4405752 6727295.69 21.16 352 3072.52 21.13 97208 144333.97 21.16 10 0 300 2900 0 87000 19.2 21.6 20.15 0.25
261900.0 310 451.24 1.51 98248 131382.55 1.51 15183 22260.66 1.59 4420935 6749556.35 21.16 310 479.59 1.59 97518 144813.56 21.16 10 0 300 2910 0 87300 18.9 21.6 19.68 0.19
262800.0 310 451.24 1.51 98558 131833.79 1.51 15184 22260.6 1.59 4436119 6771816.95 21.16 310 479.59 1.59 97828 145293.15 21.16 10 0 300 2920 0 87600 18.9 20.8 19.64 0.24
263700.0 376 451.39 1.51 98934 132285.18 1.51 15244 22260.69 1.59 4451363 6794077.65 21.16 370 479.62 1.59 98198 145772.76 21.16 10 0 300 2930 0 87900 18.9 20.8 19.64 0.24
264600.0 356 452.11 1.51 99290 132737.29 1.51 15532 151972.92 21.13 4466895 6946050.57 21.16 352 3071.4 21.13 98550 148844.16 21.16 10 0 300 2940 0 88200 18.9 20.8 19.64 0.24
265500.0 310 451.28 1.51 99600 133188.56 1.51 15230 22296.74 1.6 4482125 6968347.3 21.16 310 480.42 1.6 98860 149324.59 21.16 10 0 300 2950 0 88500 17.3 20.2 18.11 0.14
266400.0 310 451.28 1.51 99910 133639.84 1.51 15241 22296.75 1.6 4497366 6990644.06 21.16 310 480.43 1.6 99170 149805.01 21.16 10 0 300 2960 0 88800 17.3 18.9 17.82 0.03
267300.0 376 451.42 1.51 100286 134091.26 1.51 15301 22296.77 1.6 4512667 7012940.82 21.16 370 480.45 1.6 99540 150285.47 21.16 10 0 300 2970 0 89100 17.3 18.8 17.81 0.02
268200.0 356 452.13 1.51 100642 134543.39 1.51 15590 151813.95 21.12 4528257 7164754.78 21.16 352 3068.77 21.12 99892 153354.24 21.16 10 0 300 2980 0 89400 17.3 18.8 17.81 0.02
269100.0 310 451.27 1.51 100952 134994.66 1.51 15232 22284.88 1.6 4543489 7187039.66 21.16 310 480.27 1.6 100202 153834.5 21.16 10 0 300 2990 0 89700 17.3 18.7 17.79 0.02
270000.0 310 451.27 1.51 101262 135445.93 1.51 15234 22284.92 1.6 4558723 7209324.58 21.16 310 480.27 1.6 100512 154314.78 21.16 10 0 300 3000 0 90000 17.3 18.7 17.77 0.02
270900.0 376 451.42 1.51 101638 135897.35 1.51 15294 22284.91 1.6 4574017 7231609.49 21.16 370 480.3 1.6 100882 154795.08 21.16 10 0 300 3010 0 90300 17.3 18.7 17.77 0.02
271800.0 354 452.05 1.51 101992 136349.4 1.51 15269 22282.55 1.6 4589286 7253892.04 21.16 350 480.25 1.6 101232 155275.33 21.16 10 0 300 3020 0 90600 17.3 18.7 17.77 0.02
272700.0 310 451.27 1.51 102302 136800.68 1.51 15232 22282.49 1.6 4604518 7276174.53 21.16 310 480.22 1.6 101542 155755.55 21.16 10 0 300 3030 0 90900 17.3 18.6 17.75 0.02
273600.0 310 451.27 1.51 102612 137251.95 1.51 15232 22282.52 1.6 4619750 7298457.05 21.16 310 480.22 1.6 101852 156235.77 21.16 10 0 300 3040 0 91200 17.3 18.6 17.74 0.02
274500.0 376 451.42 1.51 102988 137703.37 1.51 15291 22282.52 1.6 4635041 7320739.58 21.16 370 480.25 1.6 102222 156716.02 21.16 10 0 300 3050 0 91500 17.3 18.6 17.74 0.02
275400.0 354 452.05 1.51 103342 138155.42 1.51 15266 22289.53 1.6 4650307 7343029.11 21.16 350 480.39 1.6 102572 157196.42 21.16 10 0 300 3060 0 91800 17.3 18.6 17.74 0.02
276300.0 310 451.27 1.51 103652 138606.7 1.51 15223 22285.48 1.6 4665530 7365314.59 21.16 310 480.28 1.6 102882 157676.7 21.16 10 0 300 3070 0 92100 17.3 18.5 17.72 0.02
277200.0 310 451.27 1.51 103962 139057.97 1.51 15224 22285.51 1.6 4680754 7387600.1 21.16 310 480.29 1.6 103192 158156.98 21.16 10 0 300 3080 0 92400 17.3 18.5 17.71 0.02
278100.0 376 451.43 1.51 104338 139509.4 1.51 15284 22285.51 1.6 4696038 7409885.62 21.16 370 480.31 1.6 103562 158637.3 21.16 10 0 300 3090 0 92700 17.3 18.5 17.71 0.02
279000.0 354 452.05 1.51 104692 139961.45 1.51 15264 22280.94 1.6 4711302 7432166.55 21.16 350 480.21 1.6 103912 159117.51 21.16 10 0 300 3100 0 93000 17.3 18.5 17.71 0.02
279900.0 310 451.27 1.51 105002 140412.73 1.51 15223 22284.88 1.6 4726525 7454451.43 21.16 310 480.27 1.6 104222 159597.78 21.16 10 0 300 3110 0 93300 17.3 18.4 17.7 0.02
280800.0 310 451.27 1.51 105312 140864.0 1.51 15228 22284.92 1.6 4741753 7476736.35 21.16 310 480.27 1.6 104532 160078.05 21.16 10 0 300 3120 0 93600 17.3 18.4 17.69 0.02
281700.0 376 451.42 1.51 105688 141315.42 1.51 15288 22284.91 1.6 4757041 7499021.27 21.16 370 480.3 1.6 104902 160558.36 21.16 10 0 300 3130 0 93900 17.3 18.4 17.69 0.02
282600.0 354 452.05 1.51 106042 141767.47 1.51 15266 22285.7 1.6 4772307 7521306.96 21.16 350 480.31 1.6 105252 161038.67 21.16 10 0 300 3140 0 94200 17.3 18.4 17.69 0.02
283500.0 310 451.27 1.51 106352 142218.74 1.51 15223 22281.63 1.6 4787530 7543588.59 21.16 310 480.2 1.6 105562 161518.87 21.16 10 0 300 3150 0 94500 17.3 18.3 17.68 0.01
284400.0 310 451.27 1.51 106662 142670.01 1.51 15223 22281.68 1.6 4802753 7565870.27 21.16 310 480.21 1.6 105872 161999.08 21.16 10 0 300 3160 0 94800 17.3 18.3 17.68 0.01
285300.0 376 451.41 1.51 107038 143121.43 1.51 15281 22281.66 1.6 4818034 7588151.93 21.16 370 480.23 1.6 106242 162479.31 21.16 10 0 300 3170 0 95100 17.3 18.3 17.68 0.01
286200.0 354 452.05 1.51 107392 143573.47 1.51 15259 22278.55 1.6 4833293 7610430.47 21.16 350 480.16 1.6 106592 162959.48 21.16 10 0 300 3180 0 95400 17.3 18.3 17.68 0.01
287100.0 310 451.27 1.51 107702 144024.74 1.51 15214 22278.49 1.6 4848507 7632708.96 21.16 310 480.14 1.6 106902 163439.61 21.16 10 0 300 3190 0 95700 17.3 18.2 17.67 0.01
288000.0 310 451.27 1.51 108012 144476.01 1.51 15213 22278.52 1.6 4863720 7654987.48 21.16 310 480.14 1.6 107212 163919.75 21.16 10 0 300 3200 0 96000 17.3 18.2 17.67 0.01
288900.0 376 451.41 1.51 108388 144927.43 1.51 15273 22278.52 1.6 4878993 7677266.0 21.16 370 480.17 1.6 107582 164399.92 21.16 10 0 300 3210 0 96300 17.3 18.2 17.67 0.01
289800.0 354 452.05 1.51 108742 145379.48 1.51 15250 22285.53 1.6 4894243 7699551.53 21.16 350 480.31 1.6 107932 164880.23 21.16 10 0 300 3220 0 96600 17.3 18.2 17.67 0.01
290700.0 310 451.28 1.51 109052 145830.76 1.51 15210 22289.48 1.6 4909453 7721841.01 21.16 310 480.37 1.6 108242 165360.59 21.16 10 0 300 3230 0 96900 17.3 18.1 17.67 0.01
291600.0 310 451.28 1.51 109362 146282.03 1.51 15211 22289.52 1.6 4924664 7744130.53 21.16 310 480.37 1.6 108552 165840.97 21.16 10 0 300 3240 0 97200 17.3 18.1 17.66 0.01
292500.0 376 451.42 1.51 109738 146733.45 1.51 15268 22289.51 1.6 4939932 7766420.04 21.16 370 480.4 1.6 108922 166321.36 21.16 10 0 300 3250 0 97500 17.3 18.1 17.66 0.01
293400.0 354 452.05 1.51 110092 147185.5 1.51 15247 22284.01 1.6 4955179 7788704.05 21.16 350 480.28 1.6 109272 166801.64 21.16 10 0 300 3260 0 97800 17.3 18.1 17.66 0.01
294300.0 310 451.27 1.51 110402 147636.78 1.51 15207 22283.96 1.6 4970386 7810988.01 21.16 310 480.25 1.6 109582 167281.89 21.16 10 0 300 3270 0 98100 17.4 18.0 17.67 0.01
295200.0 310 451.27 1.51 110712 148088.05 1.51 15203 22283.99 1.6 4985589 7833272.0 21.16 310 480.26 1.6 109892 167762.15 21.16 10 0 300 3280 0 98400 17.4 18.0 17.66 0.01
296100.0 376 451.42 1.51 111088 148539.47 1.51 15263 22283.99 1.6 5000852 7855555.99 21.16 370 480.28 1.6 110262 168242.43 21.16 10 0 300 3290 0 98700 17.4 18.0 17.66 0.01
297000.0 354 452.05 1.51 111442 148991.52 1.51 15242 22289.54 1.6 5016094 7877845.52 21.16 350 480.39 1.6 110612 168722.82 21.16 10 0 300 3300 0 99000 17.4 18.0 17.66 0.01
297900.0 310 451.28 1.51 111752 149442.8 1.51 15199 22289.48 1.6 5031293 7900135.0 21.16 310 480.37 1.6 110922 169203.19 21.16 10 0 300 3310 0 99300 17.4 18.0 17.67 0.01
298800.0 310 451.28 1.51 112062 149894.08 1.51 15200 22289.52 1.6 5046493 7922424.52 21.16 310 480.37 1.6 111232 169683.56 21.16 10 0 300 3320 0 99600 17.4 18.0 17.66 0.01
299700.0 376 451.42 1.51 112438 150345.5 1.51 15260 22289.51 1.6 5061753 7944714.03 21.16 370 480.4 1.6 111602 170163.96 21.16 10 0 300 3330 0 99900 17.4 18.0 17.66 0.01
300600.0 354 452.05 1.51 112792 150797.56 1.51 15232 22289.54 1.6 5076985 7967003.57 21.16 350 480.39 1.6 111952 170644.35 21.16 10 0 300 3340 0 100200 17.4 18.0 17.66 0.01
301500.0 310 451.27 1.51 113102 151248.83 1.51 15193 22284.34 1.6 5092178 7989287.91 21.16 310 480.26 1.6 112262 171124.61 21.16 10 0 300 3350 0 100500 17.4 17.9 17.67 0.01
302400.0 310 451.27 1.51 113412 151700.1 1.51 15195 22284.38 1.6 5107373 8011572.29 21.16 310 480.26 1.6 112572 171604.87 21.16 10 0 300 3360 0 100800 17.4 17.9 17.67 0.01
303300.0 376 451.42 1.51 113788 152151.52 1.51 15253 22284.37 1.6 5122626 8033856.66 21.16 370 480.29 1.6 112942 172085.16 21.16 10 0 300 3370 0 101100 17.4 17.9 17.67 0.01
304200.0 354 452.05 1.51 114142 152603.57 1.51 15229 22279.81 1.6 5137855 8056136.47 21.16 350 480.19 1.6 113292 172565.35 21.16 10 0 300 3380 0 101400 17.4 17.9 17.67 0.01
305100.0 310 451.27 1.51 114452 153054.84 1.51 15191 22284.88 1.6 5153046 8078421.34 21.16 310 480.27 1.6 113602 173045.62 21.16 10 0 300 3390 0 101700 17.4 17.8 17.67 0.01
306000.0 310 451.27 1.51 114762 153506.12 1.51 15190 22284.92 1.6 5168236 8100706.26 21.16 310 480.27 1.6 113912 173525.89 21.16 10 0 300 3400 0 102000 17.4 17.9 17.67 0.01
306900.0 376 451.42 1.51 115138 153957.53 1.51 15250 22284.91 1.6 5183486 8122991.17 21.16 370 480.3 1.6 114282 174006.19 21.16 10 0 300 3410 0 102300 17.4 17.9 17.67 0.01
307800.0 354 452.05 1.51 115492 154409.59 1.51 15226 22289.54 1.6 5198712 8145280.71 21.16 350 480.39 1.6 114632 174486.59 21.16 10 0 300 3420 0 102600 17.4 17.9 17.67 0.01
308700.0 310 451.28 1.51 115802 154860.87 1.51 15187 22289.48 1.6 5213899 8167570.19 21.16 310 480.37 1.6 114942 174966.95 21.16 10 0 300 3430 0 102900 17.4 17.9 17.68 0.01
309600.0 310 451.28 1.51 116112 155312.15 1.51 15187 22289.52 1.6 5229086 8189859.71 21.16 310 480.37 1.6 115252 175447.32 21.16 10 0 300 3440 0 103200 17.4 17.9 17.68 0.01
310500.0 376 451.42 1.51 116488 155763.57 1.51 15244 22289.51 1.6 5244330 8212149.22 21.16 370 480.4 1.6 115622 175927.72 21.16 10 0 300 3450 0 103500 17.4 17.9 17.68 0.01
311400.0 354 452.05 1.51 116842 156215.62 1.51 15214 22284.01 1.6 5259544 8234433.23 21.16 350 480.28 1.6 115972 176408.0 21.16 10 0 300 3460 0 103800 17.4 17.9 17.68 0.01
312300.0 310 451.27 1.51 117152 156666.89 1.51 15184 22283.96 1.6 5274728 8256717.19 21.16 310 480.25 1.6 116282 176888.25 21.16 10 0 300 3470 0 104100 17.4 18.0 17.69 0.01
313200.0 310 451.27 1.51 117462 157118.16 1.51 15181 22283.99 1.6 5289909 8279001.17 21.16 310 480.26 1.6 116592 177368.5 21.16 10 0 300 3480 0 104400 17.3 18.0 17.69 0.01
314100.0 376 451.42 1.51 117838 157569.58 1.51 15239 22283.99 1.6 5305148 8301285.16 21.16 370 480.28 1.6 116962 177848.79 21.16 10 0 300 3490 0 104700 17.3 18.0 17.69 0.01
315000.0 354 452.05 1.51 118192 158021.64 1.51 15205 22289.53 1.6 5320353 8323574.7 21.16 350 480.39 1.6 117312 178329.18 21.16 10 0 300 3500 0 105000 17.3 18.0 17.69 0.01
315900.0 310 451.27 1.51 118502 158472.91 1.51 15172 22285.48 1.6 5335525 8345860.18 21.16 310 480.28 1.6 117622 178809.46 21.16 10 0 300 3510 0 105300 17.3 18.1 17.7 0.01
316800.0 310 451.27 1.51 118812 158924.18 1.51 15171 22285.51 1.6 5350696 8368145.69 21.16 310 480.29 1.6 117932 179289.75 21.16 10 0 300 3520 0 105600 17.3 18.1 17.71 0.02
317700.0 376 451.42 1.51 119188 159375.6 1.51 15230 22285.51 1.6 5365926 8390431.2 21.16 370 480.31 1.6 118302 179770.06 21.16 10 0 300 3530 0 105900 17.3 18.1 17.71 0.02
318600.0 354 452.05 1.51 119542 159827.65 1.51 15197 22285.53 1.6 5381123 8412716.73 21.16 350 480.31 1.6 118652 180250.37 21.16 10 0 300 3540 0 106200 17.3 18.1 17.71 0.02
319500.0 310 451.28 1.51 119852 160278.93 1.51 15170 22289.48 1.6 5396293 8435006.21 21.16 310 480.37 1.6 118962 180730.74 21.16 10 0 300 3550 0 106500 17.3 18.2 17.72 0.02
320400.0 310 451.28 1.51 120162 160730.21 1.51 15168 22289.52 1.6 5411461 8457295.73 21.16 310 480.37 1.6 119272 181211.11 21.16 10 0 300 3560 0 106800 17.3 18.2 17.72 0.02
321300.0 376 451.42 1.51 120538 161181.63 1.51 15226 22289.51 1.6 5426687 8479585.24 21.16 370 480.4 1.6 119642 181691.51 21.16 10 0 300 3570 0 107100 17.3 18.2 17.72 0.02
322200.0 354 452.04 1.51 120892 161633.67 1.51 15185 22276.74 1.6 5441872 8501861.98 21.16 350 480.13 1.6 119992 182171.63 21.16 10 0 300 3580 0 107400 17.3 18.2 17.72 0.02
323100.0 310 451.26 1.51 121202 162084.94 1.51 15149 22272.02 1.6 5457021 8524133.99 21.16 310 480.0 1.6 120302 182651.63 21.16 10 0 300 3590 0 107700 17.3 18.2 17.72 0.02
324000.0 310 451.26 1.51 121512 162536.2 1.51 15152 22272.06 1.6 5472173 8546406.06 21.16 310 480.01 1.6 120612 183131.64 21.16 10 0 300 3600 0 108000 17.3 18.2 17.73 0.02
324900.0 376 451.41 1.51 121888 162987.61 1.51 15205 22272.05 1.6 5487378 8568678.1 21.16 370 480.03 1.6 120982 183611.67 21.16 10 0 300 3610 0 108300 17.3 18.2 17.73 0.02
325800.0 354 452.05 1.51 122242 163439.66 1.51 15176 22284.4 1.6 5502554 8590962.5 21.16 350 480.28 1.6 121332 184091.95 21.16 10 0 300 3620 0 108600 17.3 18.2 17.73 0.02
326700.0 310 451.28 1.51 122552 163890.94 1.51 15154 22289.48 1.6 5517708 8613251.98 21.16 310 480.37 1.6 121642 184572.32 21.16 10 0 300 3630 0 108900 17.3 18.3 17.74 0.03
327600.0 310 451.28 1.51 122862 164342.22 1.51 15153 22289.52 1.6 5532861 8635541.49 21.16 310 480.37 1.6 121952 185052.69 21.16 10 0 300 3640 0 109200 17.2 18.3 17.74 0.03
328500.0 376 451.42 1.51 123238 164793.64 1.51 15212 22289.51 1.6 5548073 8657831.01 21.16 370 480.4 1.6 122322 185533.09 21.16 10 0 300 3650 0 109500 17.2 18.3 17.74 0.03
329400.0 354 452.05 1.51 123592 165245.69 1.51 15169 22289.54 1.6 5563242 8680120.54 21.16 350 480.39 1.6 122672 186013.48 21.16 10 0 300 3660 0 109800 17.2 18.3 17.74 0.03
330300.0 310 451.28 1.51 123902 165696.97 1.51 15148 22289.48 1.6 5578390 8702410.02 21.16 310 480.37 1.6 122982 186493.85 21.16 10 0 300 3670 0 110100 17.2 18.4 17.76 0.03
331200.0 310 451.28 1.51 124212 166148.25 1.51 15144 22289.52 1.6 5593534 8724699.54 21.16 310 480.37 1.6 123292 186974.22 21.16 10 0 300 3680 0 110400 17.2 18.4 17.76 0.03
332100.0 376 451.42 1.51 124588 166599.67 1.51 15200 22289.51 1.6 5608734 8746989.05 21.16 370 480.4 1.6 123662 187454.62 21.16 10 0 300 3690 0 110700 17.2 18.4 17.76 0.03
333000.0 354 452.05 1.51 124942 167051.72 1.51 15138 22284.94 1.6 5623872 8769273.99 21.16 350 480.3 1.6 124012 187934.91 21.16 10 0 300 3700 0 111000 17.2 18.4 17.76 0.03
333900.0 310 451.27 1.51 125252 167502.99 1.51 15101 22284.88 1.6 5638973 8791558.87 21.16 310 480.27 1.6 124322 188415.18 21.16 10 0 300 3710 0 111300 17.2 18.5 17.77 0.04
334800.0 310 451.27 1.51 125562 167954.27 1.51 15101 22284.92 1.6 5654074 8813843.79 21.16 310 480.27 1.6 124632 188895.46 21.16 10 0 300 3720 0 111600 17.2 18.5 17.77 0.04
335700.0 376 451.42 1.51 125938 168405.69 1.51 15150 22284.91 1.6 5669224 8836128.7 21.16 370 480.3 1.6 125002 189375.76 21.16 10 0 300 3730 0 111900 17.2 18.5 17.77 0.04
336600.0 354 452.05 1.51 126292 168857.74 1.51 15109 22289.53 1.6 5684333 8858418.23 21.16 350 480.39 1.6 125352 189856.15 21.16 10 0 300 3740 0 112200 17.2 18.5 17.77 0.04
337500.0 310 451.28 1.51 126602 169309.02 1.51 15082 22289.48 1.6 5699415 8880707.71 21.16 310 480.37 1.6 125662 190336.52 21.16 10 0 300 3750 0 112500 17.2 18.5 17.78 0.04
338400.0 310 451.28 1.51 126912 169760.3 1.51 15082 22289.51 1.6 5714497 8902997.22 21.16 310 480.37 1.6 125972 190816.89 21.16 10 0 300 3760 0 112800 17.2 18.5 17.78 0.04
339300.0 376 451.42 1.51 127288 170211.72 1.51 15132 22289.51 1.6 5729629 8925286.73 21.16 370 480.4 1.6 126342 191297.29 21.16 10 0 300 3770 0 113100 17.2 18.5 17.78 0.04
340200.0 354 452.05 1.51 127642 170663.77 1.51 15078 22282.54 1.6 5744707 8947569.28 21.16 350 480.25 1.6 126692 191777.53 21.16 10 0 300 3780 0 113400 17.2 18.5 17.78 0.04
341100.0 310 451.27 1.51 127952 171115.04 1.51 15040 22282.49 1.6 5759747 8969851.77 21.16 310 480.22 1.6 127002 192257.75 21.16 10 0 300 3790 0 113700 17.2 18.5 17.78 0.04
342000.0 310 451.27 1.51 128262 171566.32 1.51 15039 22282.52 1.6 5774786 8992134.29 21.16 310 480.22 1.6 127312 192737.98 21.16 10 0 300 3800 0 114000 17.2 18.5 17.79 0.04
342900.0 376 451.43 1.51 128638 172017.75 1.51 15093 22282.52 1.6 5789879 9014416.81 21.16 370 480.25 1.6 127682 193218.23 21.16 10 0 300 3810 0 114300 17.2 18.5 17.79 0.04
343800.0 354 452.05 1.51 128992 172469.79 1.51 15058 22275.75 1.6 5804937 9036692.55 21.16 350 480.1 1.6 128032 193698.33 21.16 10 0 300 3820 0 114600 17.2 18.5 17.79 0.04
344700.0 310 451.27 1.51 129302 172921.06 1.51 15015 22275.7 1.6 5819952 9058968.25 21.16 310 480.08 1.6 128342 194178.41 21.16 10 0 300 3830 0 114900 17.2 18.6 17.79 0.05
345600.0 310 451.27 1.51 129612 173372.33 1.51 15012 22275.73 1.6 5834964 9081243.98 21.16 310 480.08 1.6 128652 194658.49 21.16 10 0 300 3840 0 115200 17.2 18.6 17.79 0.05
