# seed = 8, gamma = 0.66, beta = 0.0, dee = 1.0, dcc = 100.0, dec = 10.0, dsCnd = 500.0, dLocalhost = 0.02, hostBroker = EDGE 
#
# The columns have the following meaning: 
# instant[SECONDS] commCountUploadPartial delaySumUploadPartial[SECONDS] delayMaxUploadPartial[SECONDS] commCountUploadTot delaySumUploadTot[SECONDS] delayMaxUploadTot[SECONDS] commCountDownloadPartial delaySumDownloadPartial[SECONDS] delayMaxDownloadPartial[SECONDS] commCountDownloadTot delaySumDownloadTot[SECONDS] delayMaxDownloadTot[SECONDS] commCountDownloadMaxPartial delaySumDownloadMaxPartial[SECONDS] delayMaxDownloadMaxPartial[SECONDS] commCountDownloadMaxTot delaySumDownloadMaxTot[SECONDS] delayMaxDownloadMaxTot[SECONDS] runOnCloudPartial runOnEdgePartial runOnSmartphonePartial runOnCloudTot runOnEdgeTot runOnSmartphoneTot minTemp maxTemp avgTemp varianceTemp
0.0 0 0.0 0.0 0 0.0 0.0 0 0.0 0.0 0 0.0 0.0 0 0.0 0.0 0 0.0 0.0 0 0 0 0 0 0 17.0 25.0 21.0 0.0
900.0 376 3.32 0.02 376 3.32 0.02 15771 1024.84 0.51 15771 1024.84 0.51 370 17.9 0.11 370 17.9 0.11 304 6 0 304 6 0 18.9 21.0 19.05 0.29
1800.0 356 4.03 0.36 732 7.34 0.36 16060 165407.33 20.2 31831 166432.17 20.2 352 3228.46 20.2 722 3246.37 20.2 304 6 0 608 12 0 18.9 18.9 18.9 0.0
2700.0 310 3.18 0.01 1042 10.52 0.36 15712 1077.96 0.51 47543 167510.12 20.2 310 18.77 0.11 1032 3265.14 20.2 304 6 0 912 18 0 17.6 18.9 18.27 0.06
3600.0 310 3.18 0.01 1352 13.7 0.36 15712 1077.97 0.51 63255 168588.09 20.2 310 18.77 0.11 1342 3283.91 20.2 304 6 0 1216 24 0 17.6 18.9 18.24 0.06
4500.0 376 3.32 0.02 1728 17.02 0.36 15768 1075.93 0.51 79023 169664.03 20.2 370 18.79 0.11 1712 3302.7 20.2 304 6 0 1520 30 0 17.6 18.7 18.24 0.05
5400.0 356 4.03 0.36 2084 21.05 0.36 16084 7362.3 20.26 95107 177026.32 20.26 352 39.13 20.26 2064 3341.83 20.26 304 6 0 1824 36 0 17.6 18.7 18.24 0.05
6300.0 310 3.18 0.01 2394 24.23 0.36 15761 1091.24 0.51 110868 178117.56 20.26 310 19.06 0.12 2374 3360.89 20.26 304 6 0 2128 42 0 17.6 18.7 18.25 0.05
7200.0 310 3.18 0.01 2704 27.41 0.36 15759 1090.19 0.51 126627 179207.75 20.26 310 19.06 0.12 2684 3379.94 20.26 304 6 0 2432 48 0 17.6 18.7 18.25 0.04
8100.0 376 3.32 0.02 3080 30.73 0.36 15814 1088.46 0.51 142441 180296.22 20.26 370 19.28 0.12 3054 3399.23 20.26 304 6 0 2736 54 0 17.6 18.7 18.25 0.04
9000.0 356 4.03 0.36 3436 34.76 0.36 16113 7371.14 20.29 158554 187667.36 20.29 352 39.24 20.29 3406 3438.46 20.29 304 6 0 3040 60 0 17.6 18.7 18.25 0.04
9900.0 310 3.18 0.01 3746 37.93 0.36 15775 1093.52 0.51 174329 188760.88 20.29 310 19.13 0.12 3716 3457.59 20.29 304 6 0 3344 66 0 17.6 18.7 18.22 0.04
10800.0 310 3.18 0.01 4056 41.11 0.36 15776 1094.03 0.51 190105 189854.9 20.29 310 19.12 0.12 4026 3476.72 20.29 304 6 0 3648 72 0 17.6 18.7 18.15 0.05
11700.0 376 3.32 0.02 4432 44.43 0.36 15836 1094.84 0.51 205941 190949.75 20.29 370 19.35 0.12 4396 3496.07 20.29 304 6 0 3952 78 0 17.6 18.7 18.15 0.05
12600.0 354 3.96 0.36 4786 48.39 0.36 15793 1086.46 0.51 221734 192036.2 20.29 350 19.24 0.12 4746 3515.31 20.29 304 6 0 4256 84 0 17.6 18.7 18.15 0.05
13500.0 310 3.18 0.01 5096 51.57 0.36 15723 1071.16 0.51 237457 193107.36 20.29 310 19.21 0.12 5056 3534.52 20.29 304 6 0 4560 90 0 17.6 18.7 18.14 0.05
14400.0 310 3.18 0.01 5406 54.75 0.36 15726 1072.66 0.51 253183 194180.02 20.29 310 19.21 0.12 5366 3553.73 20.29 304 6 0 4864 96 0 17.6 18.7 18.13 0.05
15300.0 376 3.32 0.02 5782 58.07 0.36 15785 1072.97 0.51 268968 195252.99 20.29 370 19.44 0.12 5736 3573.17 20.29 304 6 0 5168 102 0 17.6 18.7 18.13 0.05
16200.0 354 3.96 0.36 6136 62.02 0.36 15757 1058.46 0.51 284725 196311.45 20.29 350 19.04 0.12 6086 3592.21 20.29 304 6 0 5472 108 0 17.6 18.7 18.13 0.05
17100.0 310 3.18 0.01 6446 65.2 0.36 15717 1052.84 0.51 300442 197364.29 20.29 310 18.91 0.12 6396 3611.12 20.29 304 6 0 5776 114 0 17.6 18.7 18.11 0.04
18000.0 310 3.18 0.01 6756 68.38 0.36 15720 1054.33 0.51 316162 198418.62 20.29 310 18.9 0.12 6706 3630.02 20.29 304 6 0 6080 120 0 17.6 18.7 18.1 0.04
18900.0 376 3.32 0.02 7132 71.7 0.36 15779 1054.65 0.51 331941 199473.27 20.29 370 19.13 0.12 7076 3649.15 20.29 304 6 0 6384 126 0 17.6 18.6 18.1 0.04
19800.0 354 3.96 0.36 7486 75.65 0.36 15753 1060.43 0.51 347694 200533.7 20.29 350 19.13 0.12 7426 3668.27 20.29 304 6 0 6688 132 0 17.6 18.6 18.1 0.04
20700.0 310 3.18 0.01 7796 78.83 0.36 15721 1064.53 0.51 363415 201598.22 20.29 310 19.1 0.12 7736 3687.37 20.29 304 6 0 6992 138 0 17.6 18.6 18.08 0.03
21600.0 310 3.18 0.01 8106 82.01 0.36 15723 1065.51 0.51 379138 202663.73 20.29 310 19.09 0.12 8046 3706.47 20.29 304 6 0 7296 144 0 17.6 18.6 18.07 0.03
22500.0 376 3.32 0.02 8482 85.33 0.36 15783 1066.34 0.51 394921 203730.07 20.29 370 19.32 0.12 8416 3725.79 20.29 304 6 0 7600 150 0 17.6 18.6 18.07 0.03
23400.0 354 3.96 0.36 8836 89.28 0.36 15752 1063.02 0.51 410673 204793.08 20.29 350 19.19 0.12 8766 3744.98 20.29 304 6 0 7904 156 0 17.6 18.6 18.07 0.03
24300.0 310 3.18 0.01 9146 92.46 0.36 15717 1071.19 0.51 426390 205864.27 20.29 310 19.28 0.12 9076 3764.25 20.29 304 6 0 8208 162 0 17.5 18.6 18.05 0.03
25200.0 310 3.18 0.01 9456 95.64 0.36 15723 1074.22 0.51 442113 206938.5 20.29 310 19.27 0.12 9386 3783.52 20.29 304 6 0 8512 168 0 17.5 18.6 18.04 0.03
26100.0 376 3.32 0.02 9832 98.96 0.36 15781 1074.03 0.51 457894 208012.52 20.29 370 19.5 0.12 9756 3803.02 20.29 304 6 0 8816 174 0 17.5 18.6 18.03 0.03
27000.0 354 3.96 0.36 10186 102.92 0.36 15755 1070.17 0.51 473649 209082.7 20.29 350 19.3 0.12 10106 3822.32 20.29 304 6 0 9120 180 0 17.5 18.6 18.03 0.03
27900.0 310 3.18 0.01 10496 106.1 0.36 15717 1064.6 0.51 489366 210147.3 20.29 310 19.14 0.12 10416 3841.47 20.29 304 6 0 9424 186 0 17.5 18.6 18.0 0.03
28800.0 310 3.18 0.01 10806 109.28 0.36 15727 1069.67 0.51 505093 211216.97 20.29 310 19.14 0.12 10726 3860.6 20.29 304 6 0 9728 192 0 17.5 18.6 17.99 0.03
29700.0 376 3.32 0.02 11182 112.6 0.36 15782 1067.94 0.51 520875 212284.91 20.29 370 19.37 0.12 11096 3879.97 20.29 304 6 0 10032 198 0 17.5 18.6 17.99 0.03
30600.0 354 3.96 0.36 11536 116.55 0.36 15750 1061.03 0.51 536625 213345.95 20.29 350 19.17 0.12 11446 3899.14 20.29 304 6 0 10336 204 0 17.5 18.6 17.99 0.03
31500.0 310 3.18 0.01 11846 119.73 0.36 15716 1070.68 0.51 552341 214416.63 20.29 310 19.28 0.12 11756 3918.41 20.29 304 6 0 10640 210 0 17.4 18.6 17.97 0.03
32400.0 310 3.18 0.01 12156 122.91 0.36 15722 1073.71 0.51 568063 215490.34 20.29 310 19.27 0.12 12066 3937.68 20.29 304 6 0 10944 216 0 17.4 18.6 17.95 0.03
33300.0 376 3.32 0.02 12532 126.23 0.36 15782 1074.54 0.51 583845 216564.88 20.29 370 19.5 0.12 12436 3957.18 20.29 304 6 0 11248 222 0 17.4 18.5 17.95 0.03
34200.0 354 3.96 0.36 12886 130.19 0.36 15743 1064.05 0.51 599588 217628.94 20.29 350 19.3 0.12 12786 3976.49 20.29 304 6 0 11552 228 0 17.4 18.5 17.95 0.03
35100.0 310 3.18 0.01 13196 133.37 0.36 15709 1067.12 0.51 615297 218696.05 20.29 310 19.28 0.12 13096 3995.76 20.29 304 6 0 11856 234 0 17.4 18.5 17.93 0.03
36000.0 310 3.18 0.01 13506 136.55 0.36 15722 1073.71 0.51 631019 219769.77 20.29 310 19.27 0.12 13406 4015.03 20.29 304 6 0 12160 240 0 17.4 18.5 17.91 0.03
36900.0 376 3.32 0.02 13882 139.87 0.36 15781 1074.03 0.51 646800 220843.79 20.29 370 19.5 0.12 13776 4034.53 20.29 304 6 0 12464 246 0 17.4 18.5 17.91 0.03
37800.0 354 3.96 0.36 14236 143.82 0.36 15740 1053.24 0.51 662540 221897.04 20.29 350 19.11 0.12 14126 4053.65 20.29 304 6 0 12768 252 0 17.4 18.5 17.91 0.03
38700.0 310 3.18 0.01 14546 147.0 0.36 15709 1057.83 0.51 678249 222954.86 20.29 310 19.09 0.12 14436 4072.74 20.29 304 6 0 13072 258 0 17.3 18.5 17.88 0.03
39600.0 310 3.18 0.01 14856 150.18 0.36 15722 1064.43 0.51 693971 224019.3 20.29 310 19.08 0.12 14746 4091.82 20.29 304 6 0 13376 264 0 17.3 18.5 17.87 0.04
40500.0 376 3.32 0.02 15232 153.5 0.36 15779 1063.72 0.51 709750 225083.01 20.29 370 19.31 0.12 15116 4111.13 20.29 304 6 0 13680 270 0 17.3 18.5 17.87 0.04
41400.0 354 3.96 0.36 15586 157.45 0.36 15737 1060.99 0.51 725487 226144.01 20.29 350 19.3 0.12 15466 4130.43 20.29 304 6 0 13984 276 0 17.3 18.5 17.87 0.04
42300.0 310 3.18 0.01 15896 160.63 0.36 15701 1057.42 0.51 741188 227201.43 20.29 310 19.16 0.12 15776 4149.59 20.29 304 6 0 14288 282 0 17.3 18.5 17.84 0.04
43200.0 310 3.18 0.01 16206 163.81 0.36 15714 1064.0 0.51 756902 228265.43 20.29 310 19.16 0.12 16086 4168.75 20.29 304 6 0 14592 288 0 17.3 18.5 17.83 0.04
44100.0 376 3.32 0.02 16582 167.13 0.36 15773 1064.33 0.51 772675 229329.76 20.29 370 19.39 0.12 16456 4188.14 20.29 304 6 0 14896 294 0 17.2 18.4 17.82 0.04
45000.0 354 3.96 0.36 16936 171.09 0.36 15738 1055.88 0.51 788413 230385.63 20.29 350 19.19 0.12 16806 4207.32 20.29 304 6 0 15200 300 0 17.2 18.4 17.82 0.05
45900.0 310 3.18 0.01 17246 174.27 0.36 15704 1058.27 0.51 804117 231443.91 20.29 310 19.15 0.12 17116 4226.47 20.29 304 6 0 15504 306 0 17.2 18.5 17.8 0.05
46800.0 310 3.18 0.01 17556 177.45 0.36 15713 1062.83 0.51 819830 232506.74 20.29 310 19.14 0.12 17426 4245.62 20.29 304 6 0 15808 312 0 17.2 18.5 17.79 0.06
47700.0 376 3.32 0.02 17932 180.77 0.36 15770 1062.13 0.51 835600 233568.87 20.29 370 19.37 0.12 17796 4264.99 20.29 304 6 0 16112 318 0 17.2 18.5 17.78 0.06
48600.0 354 3.96 0.36 18286 184.72 0.36 15730 1051.14 0.51 851330 234620.0 20.29 350 19.17 0.12 18146 4284.16 20.29 304 6 0 16416 324 0 17.2 18.5 17.78 0.06
49500.0 310 3.18 0.01 18596 187.9 0.36 15705 1065.08 0.51 867035 235685.08 20.29 310 19.28 0.12 18456 4303.44 20.29 304 6 0 16720 330 0 17.1 18.5 17.75 0.06
50400.0 310 3.18 0.01 18906 191.08 0.36 15719 1072.18 0.51 882754 236757.26 20.29 310 19.27 0.12 18766 4322.71 20.29 304 6 0 17024 336 0 17.1 18.5 17.74 0.07
51300.0 376 3.32 0.02 19282 194.4 0.36 15778 1072.5 0.51 898532 237829.76 20.29 370 19.5 0.12 19136 4342.21 20.29 304 6 0 17328 342 0 17.1 18.5 17.74 0.07
52200.0 354 3.96 0.36 19636 198.36 0.36 15735 1059.97 0.51 914267 238889.73 20.29 350 19.3 0.12 19486 4361.51 20.29 304 6 0 17632 348 0 17.1 18.5 17.73 0.07
53100.0 310 3.18 0.01 19946 201.54 0.36 15693 1058.96 0.51 929960 239948.69 20.29 310 19.28 0.12 19796 4380.79 20.29 304 6 0 17936 354 0 17.1 18.6 17.72 0.07
54000.0 310 3.18 0.01 20256 204.71 0.36 15702 1063.51 0.51 945662 241012.2 20.29 310 19.27 0.12 20106 4400.06 20.29 304 6 0 18240 360 0 17.1 18.6 17.71 0.08
54900.0 376 3.32 0.02 20632 208.04 0.36 15759 1062.81 0.51 961421 242075.01 20.29 370 19.5 0.12 20476 4419.56 20.29 304 6 0 18544 366 0 17.1 18.6 17.71 0.08
55800.0 354 3.96 0.36 20986 211.99 0.36 15728 1056.4 0.51 977149 243131.42 20.29 350 19.3 0.12 20826 4438.86 20.29 304 6 0 18848 372 0 17.1 18.6 17.71 0.08
56700.0 310 3.18 0.01 21296 215.17 0.36 15697 1061.0 0.51 992846 244192.41 20.29 310 19.28 0.12 21136 4458.13 20.29 304 6 0 19152 378 0 17.1 18.6 17.69 0.09
57600.0 310 3.18 0.01 21606 218.35 0.36 15712 1068.61 0.51 1008558 245261.02 20.29 310 19.27 0.12 21446 4477.4 20.29 304 6 0 19456 384 0 17.1 18.6 17.67 0.09
58500.0 376 3.32 0.02 21982 221.67 0.36 15771 1068.93 0.51 1024329 246329.95 20.29 370 19.5 0.12 21816 4496.9 20.29 304 6 0 19760 390 0 17.1 18.6 17.67 0.09
59400.0 354 3.96 0.36 22336 225.63 0.36 15728 1053.31 0.51 1040057 247383.26 20.29 350 19.24 0.12 22166 4516.14 20.29 304 6 0 20064 396 0 17.1 18.6 17.67 0.09
60300.0 310 3.18 0.01 22646 228.8 0.36 15692 1055.35 0.51 1055749 248438.61 20.29 310 19.21 0.12 22476 4535.36 20.29 304 6 0 20368 402 0 17.0 18.6 17.65 0.1
61200.0 310 3.18 0.01 22956 231.98 0.36 15701 1059.91 0.51 1071450 249498.52 20.29 310 19.21 0.12 22786 4554.56 20.29 304 6 0 20672 408 0 17.0 18.6 17.64 0.1
62100.0 376 3.32 0.02 23332 235.3 0.36 15757 1058.69 0.51 1087207 250557.2 20.29 370 19.44 0.12 23156 4574.0 20.29 304 6 0 20976 414 0 17.0 18.6 17.64 0.1
63000.0 354 3.95 0.36 23686 239.26 0.36 15717 1038.19 0.51 1102924 251595.39 20.29 350 19.05 0.12 23506 4593.05 20.29 304 6 0 21280 420 0 17.0 18.6 17.64 0.1
63900.0 310 3.18 0.01 23996 242.44 0.36 15687 1037.19 0.51 1118611 252632.58 20.29 310 18.9 0.12 23816 4611.95 20.29 304 6 0 21584 426 0 17.0 18.6 17.63 0.11
64800.0 310 3.18 0.01 24306 245.61 0.36 15694 1040.74 0.51 1134305 253673.32 20.29 310 18.89 0.12 24126 4630.84 20.29 304 6 0 21888 432 0 17.0 18.6 17.62 0.12
65700.0 376 3.32 0.02 24682 248.93 0.36 15753 1040.26 0.51 1150058 254713.58 20.29 370 18.91 0.12 24496 4649.75 20.29 304 6 0 22192 438 0 17.0 18.6 17.62 0.12
66600.0 354 3.95 0.36 25036 252.89 0.36 15714 1028.54 0.51 1165772 255742.12 20.29 350 18.88 0.11 24846 4668.64 20.29 304 6 0 22496 444 0 17.0 18.6 17.62 0.12
67500.0 310 3.18 0.01 25346 256.06 0.36 15672 1021.21 0.51 1181444 256763.34 20.29 310 18.73 0.11 25156 4687.37 20.29 304 6 0 22800 450 0 17.0 18.7 17.61 0.12
68400.0 310 3.18 0.01 25656 259.24 0.36 15675 1022.73 0.51 1197119 257786.06 20.29 310 18.73 0.11 25466 4706.09 20.29 304 6 0 23104 456 0 17.0 18.7 17.6 0.12
69300.0 376 3.32 0.02 26032 262.56 0.36 15734 1023.02 0.51 1212853 258809.08 20.29 370 18.95 0.11 25836 4725.04 20.29 304 6 0 23408 462 0 17.0 18.7 17.6 0.12
70200.0 354 3.95 0.36 26386 266.51 0.36 15702 1021.25 0.51 1228555 259830.33 20.29 350 18.86 0.11 26186 4743.9 20.29 304 6 0 23712 468 0 17.0 18.7 17.6 0.12
71100.0 310 3.18 0.01 26696 269.69 0.36 15669 1025.48 0.51 1244224 260855.81 20.29 310 18.85 0.11 26496 4762.75 20.29 304 6 0 24016 474 0 17.0 18.7 17.6 0.13
72000.0 310 3.18 0.01 27006 272.87 0.36 15673 1027.49 0.51 1259897 261883.3 20.29 310 18.84 0.11 26806 4781.59 20.29 304 6 0 24320 480 0 17.0 18.7 17.59 0.13
72900.0 376 3.32 0.02 27382 276.19 0.36 15730 1026.0 0.51 1275627 262909.3 20.29 370 18.86 0.11 27176 4800.45 20.29 304 6 0 24624 486 0 17.0 18.7 17.58 0.13
73800.0 354 3.95 0.36 27736 280.14 0.36 15703 1022.42 0.51 1291330 263931.72 20.29 350 18.87 0.11 27526 4819.33 20.29 304 6 0 24928 492 0 17.0 18.7 17.58 0.13
74700.0 310 3.18 0.01 28046 283.32 0.36 15664 1028.54 0.51 1306994 264960.26 20.29 310 18.96 0.12 27836 4838.29 20.29 304 6 0 25232 498 0 17.0 18.7 17.58 0.13
75600.0 310 3.18 0.01 28356 286.5 0.36 15660 1026.49 0.51 1322654 265986.75 20.29 310 18.96 0.12 28146 4857.25 20.29 304 6 0 25536 504 0 17.0 18.7 17.57 0.13
76500.0 376 3.32 0.02 28732 289.82 0.36 15719 1026.78 0.51 1338373 267013.53 20.29 370 19.18 0.12 28516 4876.43 20.29 304 6 0 25840 510 0 17.0 18.7 17.57 0.13
77400.0 354 3.95 0.36 29086 293.77 0.36 15687 1016.8 0.51 1354060 268030.33 20.29 350 18.92 0.12 28866 4895.35 20.29 304 6 0 26144 516 0 17.0 18.7 17.57 0.13
78300.0 310 3.18 0.01 29396 296.95 0.36 15650 1018.32 0.51 1369710 269048.65 20.29 310 18.9 0.12 29176 4914.25 20.29 304 6 0 26448 522 0 17.0 18.6 17.57 0.13
79200.0 310 3.18 0.01 29706 300.13 0.36 15653 1019.83 0.51 1385363 270068.48 20.29 310 18.89 0.12 29486 4933.14 20.29 304 6 0 26752 528 0 17.0 18.6 17.56 0.13
80100.0 376 3.32 0.02 30082 303.44 0.36 15713 1019.86 0.51 1401076 271088.34 20.29 370 18.91 0.12 29856 4952.06 20.29 304 6 0 27056 534 0 17.0 18.6 17.56 0.13
81000.0 354 3.95 0.36 30436 307.4 0.36 15683 1019.03 0.51 1416759 272107.38 20.29 350 19.01 0.12 30206 4971.07 20.29 304 6 0 27360 540 0 17.0 18.6 17.56 0.13
81900.0 310 3.18 0.01 30746 310.58 0.36 15649 1028.18 0.51 1432408 273135.55 20.29 310 19.11 0.12 30516 4990.17 20.29 304 6 0 27664 546 0 17.0 18.6 17.56 0.12
82800.0 310 3.18 0.01 31056 313.76 0.36 15650 1028.66 0.51 1448058 274164.21 20.29 310 19.1 0.12 30826 5009.28 20.29 304 6 0 27968 552 0 17.0 18.6 17.56 0.12
83700.0 376 3.32 0.02 31432 317.08 0.36 15706 1027.44 0.51 1463764 275191.65 20.29 370 19.33 0.12 31196 5028.61 20.29 304 6 0 28272 558 0 17.0 18.6 17.56 0.12
84600.0 354 3.96 0.36 31786 321.03 0.36 15679 1023.08 0.51 1479443 276214.73 20.29 350 19.13 0.12 31546 5047.74 20.29 304 6 0 28576 564 0 17.0 18.6 17.56 0.12
85500.0 310 3.18 0.01 32096 324.21 0.36 15647 1020.87 0.51 1495090 277235.6 20.29 310 18.98 0.12 31856 5066.72 20.29 304 6 0 28880 570 0 17.0 18.6 17.57 0.12
86400.0 310 3.18 0.01 32406 327.39 0.36 15650 1022.37 0.51 1510740 278257.97 20.29 310 18.98 0.12 32166 5085.7 20.29 304 6 0 29184 576 0 17.0 18.6 17.57 0.11
87300.0 376 3.32 0.02 32782 330.71 0.36 15707 1021.66 0.51 1526447 279279.63 20.29 370 19.2 0.12 32536 5104.9 20.29 304 6 0 29488 582 0 17.0 18.6 17.57 0.11
88200.0 354 3.96 0.36 33136 334.66 0.36 15678 1024.61 0.51 1542125 280304.24 20.29 350 19.17 0.12 32886 5124.07 20.29 304 6 0 29792 588 0 17.0 18.6 17.57 0.11
89100.0 310 3.18 0.01 33446 337.84 0.36 15696 1060.49 0.51 1557821 281364.73 20.29 310 19.28 0.12 33196 5143.35 20.29 304 6 0 30096 594 0 17.0 18.5 17.6 0.08
90000.0 310 3.18 0.01 33756 341.02 0.36 15730 1077.79 0.51 1573551 282442.52 20.29 310 19.27 0.12 33506 5162.62 20.29 304 6 0 30400 600 0 17.1 18.5 17.67 0.05
90900.0 376 3.32 0.02 34132 344.34 0.36 15789 1078.11 0.51 1589340 283520.63 20.29 370 19.5 0.12 33876 5182.12 20.29 304 6 0 30704 606 0 17.1 18.5 17.67 0.05
91800.0 354 3.95 0.36 34486 348.3 0.36 15747 1050.66 0.51 1605087 284571.29 20.29 350 18.99 0.12 34226 5201.11 20.29 304 6 0 31008 612 0 17.1 22.0 17.79 0.3
92700.0 310 3.18 0.01 34796 351.47 0.36 15757 1063.27 0.51 1620844 285634.56 20.29 310 18.71 0.11 34536 5219.81 20.29 304 6 0 31312 618 0 17.1 23.8 19.49 2.99
93600.0 310 3.18 0.01 35106 354.65 0.36 15757 1063.25 0.51 1636601 286697.8 20.29 310 18.7 0.11 34846 5238.51 20.29 304 6 0 31616 624 0 17.1 23.8 20.69 5.01
94500.0 376 3.32 0.02 35482 357.97 0.36 15811 1060.98 0.51 1652412 287758.79 20.29 370 18.92 0.11 35216 5257.44 20.29 304 6 0 31920 630 0 17.1 23.8 20.72 5.03
95400.0 354 3.95 0.36 35836 361.92 0.36 15789 1059.2 0.51 1668201 288817.99 20.29 350 18.73 0.11 35566 5276.17 20.29 304 6 0 32224 636 0 17.1 23.9 20.75 5.01
96300.0 310 3.18 0.01 36146 365.1 0.36 15761 1065.3 0.51 1683962 289883.29 20.29 310 18.71 0.11 35876 5294.87 20.29 304 6 0 32528 642 0 17.1 24.0 21.1 4.83
97200.0 310 3.18 0.01 36456 368.28 0.36 15760 1064.78 0.51 1699722 290948.07 20.29 310 18.7 0.11 36186 5313.57 20.29 304 6 0 32832 648 0 17.4 24.0 21.22 4.92
98100.0 376 3.32 0.02 36832 371.6 0.36 15819 1065.06 0.51 1715541 292013.14 20.29 370 18.92 0.11 36556 5332.49 20.29 304 6 0 33136 654 0 17.4 24.0 21.22 4.92
99000.0 354 3.95 0.36 37186 375.55 0.36 15795 1056.08 0.51 1731336 293069.21 20.29 350 18.61 0.11 36906 5351.1 20.29 304 6 0 33440 660 0 17.4 24.0 21.25 4.88
99900.0 310 3.18 0.01 37496 378.73 0.36 15757 1057.07 0.51 1747093 294126.29 20.29 310 18.58 0.11 37216 5369.68 20.29 304 6 0 33744 666 0 17.5 24.0 21.51 4.13
100800.0 310 3.18 0.01 37806 381.9 0.36 15752 1054.52 0.51 1762845 295180.8 20.29 310 18.57 0.11 37526 5388.25 20.29 304 6 0 34048 672 0 17.7 24.0 21.56 4.07
101700.0 376 3.32 0.02 38182 385.22 0.36 15812 1055.31 0.51 1778657 296236.11 20.29 370 18.8 0.11 37896 5407.05 20.29 304 6 0 34352 678 0 17.8 24.0 21.56 4.06
102600.0 354 3.95 0.36 38536 389.17 0.36 15785 1049.54 0.51 1794442 297285.65 20.29 350 18.58 0.11 38246 5425.63 20.29 304 6 0 34656 684 0 17.8 24.0 21.58 4.03
103500.0 310 3.18 0.01 38846 392.35 0.36 15752 1053.09 0.51 1810194 298338.74 20.29 310 18.55 0.11 38556 5444.18 20.29 304 6 0 34960 690 0 18.0 24.0 21.8 3.27
104400.0 310 3.18 0.01 39156 395.53 0.36 15753 1053.59 0.51 1825947 299392.33 20.29 310 18.55 0.11 38866 5462.72 20.29 304 6 0 35264 696 0 18.2 24.0 21.86 3.18
105300.0 376 3.32 0.02 39532 398.84 0.36 15810 1052.86 0.51 1841757 300445.19 20.29 370 18.77 0.11 39236 5481.49 20.29 304 6 0 35568 702 0 18.5 24.0 21.86 3.17
106200.0 354 3.95 0.36 39886 402.8 0.36 15787 1040.93 0.51 1857544 301486.12 20.29 350 18.38 0.11 39586 5499.87 20.29 304 6 0 35872 708 0 18.5 24.0 21.86 3.16
107100.0 310 3.18 0.01 40196 405.97 0.36 15748 1035.8 0.51 1873292 302521.92 20.29 310 18.24 0.11 39896 5518.12 20.29 304 6 0 36176 714 0 18.8 24.0 21.86 2.96
108000.0 310 3.18 0.01 40506 409.15 0.36 15746 1034.75 0.51 1889038 303556.67 20.29 310 18.24 0.11 40206 5536.36 20.29 304 6 0 36480 720 0 18.8 24.0 21.86 2.95
108900.0 376 3.32 0.02 40882 412.46 0.36 15804 1034.53 0.51 1904842 304591.2 20.29 370 18.46 0.11 40576 5554.81 20.29 304 6 0 36784 726 0 18.9 24.0 21.86 2.95
109800.0 354 3.95 0.36 41236 416.42 0.36 15782 1032.74 0.51 1920624 305623.95 20.29 350 18.27 0.11 40926 5573.08 20.29 304 6 0 37088 732 0 18.9 24.0 21.86 2.95
110700.0 310 3.18 0.01 41546 419.59 0.36 15745 1034.27 0.51 1936369 306658.21 20.29 310 18.24 0.11 41236 5591.33 20.29 304 6 0 37392 738 0 18.9 24.0 21.75 2.85
111600.0 310 3.18 0.01 41856 422.77 0.36 15738 1030.67 0.51 1952107 307688.88 20.29 310 18.24 0.11 41546 5609.56 20.29 304 6 0 37696 744 0 18.9 24.0 21.69 2.75
112500.0 376 3.32 0.02 42232 426.08 0.36 15796 1030.46 0.51 1967903 308719.34 20.29 370 18.46 0.11 41916 5628.02 20.29 304 6 0 38000 750 0 18.9 23.9 21.69 2.75
113400.0 354 3.95 0.36 42586 430.04 0.36 15770 1026.62 0.51 1983673 309745.96 20.29 350 18.27 0.11 42266 5646.29 20.29 304 6 0 38304 756 0 18.9 23.9 21.77 2.78
114300.0 310 3.18 0.01 42896 433.21 0.36 15738 1030.7 0.51 1999411 310776.66 20.29 310 18.24 0.11 42576 5664.53 20.29 304 6 0 38608 762 0 18.9 24.0 23.31 0.26
115200.0 310 3.18 0.01 43206 436.39 0.36 15737 1030.16 0.51 2015148 311806.82 20.29 310 18.24 0.11 42886 5682.77 20.29 304 6 0 38912 768 0 18.9 24.0 23.5 0.1
116100.0 376 3.32 0.02 43582 439.7 0.36 15797 1030.97 0.51 2030945 312837.79 20.29 370 18.46 0.11 43256 5701.23 20.29 304 6 0 39216 774 0 22.6 24.0 23.52 0.04
117000.0 354 3.95 0.36 43936 443.66 0.36 15776 1029.68 0.51 2046721 313867.47 20.29 350 18.27 0.11 43606 5719.5 20.29 304 6 0 39520 780 0 22.6 24.0 23.52 0.04
117900.0 310 3.18 0.01 44246 446.83 0.36 15736 1029.68 0.51 2062457 314897.15 20.29 310 18.24 0.11 43916 5737.74 20.29 304 6 0 39824 786 0 22.7 24.0 23.57 0.02
118800.0 310 3.18 0.01 44556 450.01 0.36 15735 1029.14 0.51 2078192 315926.29 20.29 310 18.24 0.11 44226 5755.98 20.29 304 6 0 40128 792 0 22.7 24.0 23.6 0.02
119700.0 376 3.32 0.02 44932 453.32 0.36 15791 1027.91 0.51 2093983 316954.19 20.29 370 18.46 0.11 44596 5774.43 20.29 304 6 0 40432 798 0 22.7 24.0 23.6 0.02
120600.0 354 3.95 0.36 45286 457.27 0.36 15771 1027.13 0.51 2109754 317981.33 20.29 350 18.27 0.11 44946 5792.7 20.29 304 6 0 40736 804 0 22.7 24.0 23.6 0.02
121500.0 310 3.18 0.01 45596 460.45 0.36 15728 1025.6 0.51 2125482 319006.92 20.29 310 18.24 0.11 45256 5810.95 20.29 304 6 0 41040 810 0 22.7 24.0 23.64 0.01
122400.0 310 3.18 0.01 45906 463.63 0.36 15726 1024.55 0.51 2141208 320031.47 20.29 310 18.24 0.11 45566 5829.18 20.29 304 6 0 41344 816 0 22.8 24.0 23.67 0.01
123300.0 376 3.32 0.02 46282 466.94 0.36 15786 1025.36 0.51 2156994 321056.83 20.29 370 18.46 0.11 45936 5847.64 20.29 304 6 0 41648 822 0 22.8 24.0 23.67 0.01
124200.0 354 3.95 0.36 46636 470.89 0.36 15765 1024.07 0.51 2172759 322080.9 20.29 350 18.27 0.11 46286 5865.91 20.29 304 6 0 41952 828 0 22.8 24.0 23.67 0.01
125100.0 310 3.18 0.01 46946 474.07 0.36 15719 1021.01 0.51 2188478 323101.91 20.29 310 18.24 0.11 46596 5884.15 20.29 304 6 0 42256 834 0 22.8 24.0 23.7 0.01
126000.0 310 3.18 0.01 47256 477.24 0.36 15719 1020.98 0.51 2204197 324122.89 20.29 310 18.24 0.11 46906 5902.39 20.29 304 6 0 42560 840 0 22.9 24.0 23.73 0.01
126900.0 376 3.32 0.02 47632 480.56 0.36 15778 1021.28 0.51 2219975 325144.17 20.29 370 18.46 0.11 47276 5920.85 20.29 304 6 0 42864 846 0 22.9 24.0 23.73 0.01
127800.0 354 3.95 0.36 47986 484.51 0.36 15755 1018.97 0.51 2235730 326163.14 20.29 350 18.27 0.11 47626 5939.12 20.29 304 6 0 43168 852 0 22.9 24.0 23.73 0.01
128700.0 310 3.18 0.01 48296 487.69 0.36 15715 1018.97 0.51 2251445 327182.11 20.29 310 18.24 0.11 47936 5957.36 20.29 304 6 0 43472 858 0 22.9 24.0 23.75 0.01
129600.0 310 3.18 0.01 48606 490.86 0.36 15714 1018.43 0.51 2267159 328200.54 20.29 310 18.24 0.11 48246 5975.6 20.29 304 6 0 43776 864 0 23.1 24.0 23.77 0.01
130500.0 376 3.32 0.02 48982 494.18 0.36 15772 1018.22 0.51 2282931 329218.75 20.29 370 18.46 0.11 48616 5994.05 20.29 304 6 0 44080 870 0 23.1 24.0 23.77 0.01
131400.0 354 3.95 0.36 49336 498.13 0.36 15752 1017.44 0.51 2298683 330236.19 20.29 350 18.27 0.11 48966 6012.32 20.29 304 6 0 44384 876 0 23.1 24.0 23.77 0.01
132300.0 310 3.18 0.01 49646 501.31 0.36 15711 1016.93 0.51 2314394 331253.12 20.29 310 18.24 0.11 49276 6030.57 20.29 304 6 0 44688 882 0 23.1 24.0 23.79 0.01
133200.0 310 3.18 0.01 49956 504.48 0.36 15710 1016.39 0.51 2330104 332269.51 20.29 310 18.24 0.11 49586 6048.81 20.29 304 6 0 44992 888 0 23.2 24.0 23.81 0.01
134100.0 376 3.32 0.02 50332 507.8 0.36 15770 1017.2 0.51 2345874 333286.71 20.29 370 18.46 0.11 49956 6067.26 20.29 304 6 0 45296 894 0 23.2 24.0 23.81 0.01
135000.0 354 3.95 0.36 50686 511.75 0.36 15749 1015.91 0.51 2361623 334302.62 20.29 350 18.27 0.11 50306 6085.53 20.29 304 6 0 45600 900 0 23.2 24.0 23.81 0.01
135900.0 310 3.18 0.01 50996 514.93 0.36 15708 1015.4 0.51 2377331 335318.02 20.29 310 18.24 0.11 50616 6103.77 20.29 304 6 0 45904 906 0 23.2 24.0 23.83 0.01
136800.0 310 3.18 0.01 51306 518.1 0.36 15708 1015.37 0.51 2393039 336333.39 20.29 310 18.24 0.11 50926 6122.01 20.29 304 6 0 46208 912 0 23.3 24.0 23.84 0.01
137700.0 376 3.32 0.02 51682 521.42 0.36 15768 1016.18 0.51 2408807 337349.56 20.29 370 18.46 0.11 51296 6140.47 20.29 304 6 0 46512 918 0 23.3 24.0 23.84 0.01
138600.0 354 3.95 0.36 52036 525.37 0.36 15747 1014.89 0.51 2424554 338364.46 20.29 350 18.27 0.11 51646 6158.74 20.29 304 6 0 46816 924 0 23.3 24.0 23.84 0.01
139500.0 310 3.18 0.01 52346 528.55 0.36 15707 1014.89 0.51 2440261 339379.34 20.29 310 18.24 0.11 51956 6176.98 20.29 304 6 0 47120 930 0 23.3 24.0 23.85 0.01
140400.0 310 3.18 0.01 52656 531.72 0.36 15706 1014.35 0.51 2455967 340393.7 20.29 310 18.24 0.11 52266 6195.22 20.29 304 6 0 47424 936 0 23.4 24.0 23.86 0.01
141300.0 376 3.32 0.02 53032 535.04 0.36 15764 1014.14 0.51 2471731 341407.83 20.29 370 18.46 0.11 52636 6213.67 20.29 304 6 0 47728 942 0 23.4 24.0 23.86 0.01
142200.0 354 3.95 0.36 53386 538.99 0.36 15744 1013.36 0.51 2487475 342421.19 20.29 350 18.27 0.11 52986 6231.94 20.29 304 6 0 48032 948 0 23.4 24.0 23.86 0.01
143100.0 310 3.18 0.01 53696 542.17 0.36 15703 1012.85 0.51 2503178 343434.04 20.29 310 18.24 0.11 53296 6250.19 20.29 304 6 0 48336 954 0 23.4 24.0 23.88 0.01
144000.0 310 3.18 0.01 54006 545.34 0.36 15700 1011.29 0.51 2518878 344445.33 20.29 310 18.24 0.11 53606 6268.43 20.29 304 6 0 48640 960 0 23.5 24.0 23.89 0.01
144900.0 376 3.32 0.02 54382 548.66 0.36 15760 1012.1 0.51 2534638 345457.43 20.29 370 18.46 0.11 53976 6286.88 20.29 304 6 0 48944 966 0 23.5 24.0 23.89 0.01
145800.0 354 3.95 0.36 54736 552.61 0.36 15740 1011.32 0.51 2550378 346468.75 20.29 350 18.27 0.11 54326 6305.15 20.29 304 6 0 49248 972 0 23.5 24.0 23.89 0.01
146700.0 310 3.18 0.01 55046 555.79 0.36 15698 1010.3 0.51 2566076 347479.05 20.29 310 18.24 0.11 54636 6323.4 20.29 304 6 0 49552 978 0 23.5 24.0 23.89 0.01
147600.0 310 3.18 0.01 55356 558.96 0.36 15698 1010.27 0.51 2581774 348489.32 20.29 310 18.24 0.11 54946 6341.63 20.29 304 6 0 49856 984 0 23.6 24.0 23.89 0.01
148500.0 376 3.32 0.02 55732 562.28 0.36 15755 1009.55 0.51 2597529 349498.86 20.29 370 18.46 0.11 55316 6360.09 20.29 304 6 0 50160 990 0 23.6 24.0 23.89 0.01
149400.0 354 3.95 0.36 56086 566.23 0.36 15734 1008.26 0.51 2613263 350507.13 20.29 350 18.27 0.11 55666 6378.36 20.29 304 6 0 50464 996 0 23.6 24.0 23.89 0.01
150300.0 310 3.18 0.01 56396 569.4 0.36 15694 1008.26 0.51 2628957 351515.38 20.29 310 18.24 0.11 55976 6396.6 20.29 304 6 0 50768 1002 0 23.6 24.0 23.89 0.01
151200.0 310 3.18 0.01 56706 572.58 0.36 15692 1007.21 0.51 2644649 352522.6 20.29 310 18.24 0.11 56286 6414.84 20.29 304 6 0 51072 1008 0 23.7 24.0 23.9 0.01
152100.0 376 3.32 0.02 57082 575.9 0.36 15749 1006.49 0.51 2660398 353529.08 20.29 370 18.46 0.11 56656 6433.3 20.29 304 6 0 51376 1014 0 23.7 24.0 23.9 0.01
153000.0 354 3.95 0.36 57436 579.85 0.36 15729 1005.71 0.51 2676127 354534.79 20.29 350 18.27 0.11 57006 6451.57 20.29 304 6 0 51680 1020 0 23.7 24.0 23.9 0.01
153900.0 310 3.18 0.01 57746 583.02 0.36 15688 1005.2 0.51 2691815 355539.99 20.29 310 18.24 0.11 57316 6469.81 20.29 304 6 0 51984 1026 0 23.6 24.0 23.89 0.01
154800.0 310 3.18 0.01 58056 586.2 0.36 15684 1003.13 0.51 2707499 356543.12 20.29 310 18.24 0.11 57626 6488.05 20.29 304 6 0 52288 1032 0 23.6 24.0 23.9 0.01
155700.0 376 3.32 0.02 58432 589.52 0.36 15744 1003.94 0.51 2723243 357547.06 20.29 370 18.46 0.11 57996 6506.5 20.29 304 6 0 52592 1038 0 23.6 24.0 23.9 0.01
156600.0 354 3.95 0.36 58786 593.47 0.36 15724 1003.16 0.51 2738967 358550.22 20.29 350 18.27 0.11 58346 6524.77 20.29 304 6 0 52896 1044 0 23.6 24.0 23.89 0.01
157500.0 310 3.18 0.01 59096 596.64 0.36 15684 1003.16 0.51 2754651 359553.38 20.29 310 18.24 0.11 58656 6543.02 20.29 304 6 0 53200 1050 0 23.5 24.0 23.89 0.01
158400.0 310 3.18 0.01 59406 599.82 0.36 15684 1003.13 0.51 2770335 360556.51 20.29 310 18.24 0.11 58966 6561.25 20.29 304 6 0 53504 1056 0 23.5 24.0 23.89 0.01
159300.0 376 3.32 0.02 59782 603.14 0.36 15742 1002.92 0.51 2786077 361559.42 20.29 370 18.46 0.11 59336 6579.71 20.29 304 6 0 53808 1062 0 23.5 24.0 23.89 0.01
160200.0 354 3.95 0.36 60136 607.09 0.36 15721 1001.63 0.51 2801798 362561.06 20.29 350 18.27 0.11 59686 6597.98 20.29 304 6 0 54112 1068 0 23.5 24.0 23.89 0.01
161100.0 310 3.18 0.01 60446 610.26 0.36 15681 1001.63 0.51 2817479 363562.68 20.29 310 18.24 0.11 59996 6616.22 20.29 304 6 0 54416 1074 0 23.4 24.0 23.87 0.02
162000.0 310 3.18 0.01 60756 613.44 0.36 15677 999.56 0.51 2833156 364562.24 20.29 310 18.24 0.11 60306 6634.46 20.29 304 6 0 54720 1080 0 23.4 24.0 23.87 0.02
162900.0 376 3.31 0.02 61132 616.75 0.36 15735 998.58 0.51 2848891 365560.82 20.29 370 18.26 0.11 60676 6652.72 20.29 304 6 0 55024 1086 0 23.4 24.0 23.87 0.02
163800.0 354 3.95 0.36 61486 620.7 0.36 15715 998.57 0.51 2864606 366559.4 20.29 350 18.27 0.11 61026 6670.99 20.29 304 6 0 55328 1092 0 23.4 24.0 23.87 0.02
164700.0 310 3.18 0.01 61796 623.88 0.36 15675 998.57 0.51 2880281 367557.96 20.29 310 18.24 0.11 61336 6689.23 20.29 304 6 0 55632 1098 0 23.3 24.0 23.85 0.02
165600.0 310 3.18 0.01 62106 627.06 0.36 15674 998.03 0.51 2895955 368555.99 20.29 310 18.24 0.11 61646 6707.47 20.29 304 6 0 55936 1104 0 23.3 24.0 23.84 0.02
166500.0 376 3.32 0.02 62482 630.37 0.36 15733 998.33 0.51 2911688 369554.32 20.29 370 18.46 0.11 62016 6725.92 20.29 304 6 0 56240 1110 0 23.3 24.0 23.83 0.02
167400.0 354 3.95 0.36 62836 634.32 0.36 15711 996.53 0.51 2927399 370550.85 20.29 350 18.27 0.11 62366 6744.19 20.29 304 6 0 56544 1116 0 23.3 24.0 23.83 0.02
168300.0 310 3.18 0.01 63146 637.5 0.36 15669 995.51 0.51 2943068 371546.36 20.29 310 18.24 0.11 62676 6762.44 20.29 304 6 0 56848 1122 0 23.2 24.0 23.81 0.03
169200.0 310 3.18 0.01 63456 640.67 0.36 15669 995.48 0.51 2958737 372541.84 20.29 310 18.24 0.11 62986 6780.68 20.29 304 6 0 57152 1128 0 23.2 24.0 23.8 0.02
170100.0 376 3.31 0.02 63832 643.99 0.36 15728 995.01 0.51 2974465 373536.85 20.29 370 18.26 0.11 63356 6798.93 20.29 304 6 0 57456 1134 0 23.2 24.0 23.8 0.02
171000.0 354 3.95 0.36 64186 647.94 0.36 15707 994.49 0.51 2990172 374531.34 20.29 350 18.27 0.11 63706 6817.2 20.29 304 6 0 57760 1140 0 23.2 24.0 23.8 0.02
171900.0 310 3.18 0.01 64496 651.12 0.36 15664 992.96 0.51 3005836 375524.3 20.29 310 18.24 0.11 64016 6835.45 20.29 304 6 0 58064 1146 0 23.1 24.0 23.78 0.03
172800.0 310 3.18 0.01 64806 654.29 0.36 15663 992.42 0.51 3021499 376516.72 20.29 310 18.24 0.11 64326 6853.68 20.29 304 6 0 58368 1152 0 23.1 24.0 23.76 0.03
173700.0 376 3.32 0.02 65182 657.61 0.36 15718 990.68 0.51 3037217 377507.4 20.29 370 18.46 0.11 64696 6872.14 20.29 304 6 0 58672 1158 0 23.1 24.0 23.76 0.03
174600.0 354 3.95 0.36 65536 661.56 0.36 15695 988.37 0.51 3052912 378495.77 20.29 350 18.27 0.11 65046 6890.41 20.29 304 6 0 58976 1164 0 23.1 24.0 23.76 0.03
175500.0 310 3.18 0.01 65846 664.74 0.36 15651 986.33 0.51 3068563 379482.1 20.29 310 18.24 0.11 65356 6908.65 20.29 304 6 0 59280 1170 0 22.9 24.0 23.71 0.03
176400.0 310 3.18 0.01 66156 667.91 0.36 15645 983.24 0.51 3084208 380465.34 20.29 310 18.24 0.11 65666 6926.89 20.29 304 6 0 59584 1176 0 22.9 23.9 23.7 0.03
177300.0 376 3.32 0.02 66532 671.23 0.36 15704 983.54 0.51 3099912 381448.87 20.29 370 18.46 0.11 66036 6945.35 20.29 304 6 0 59888 1182 0 22.9 23.9 23.7 0.03
178200.0 354 3.95 0.36 66886 675.18 0.36 15681 981.23 0.51 3115593 382430.11 20.29 350 18.27 0.11 66386 6963.62 20.29 304 6 0 60192 1188 0 22.9 23.9 23.7 0.03
179100.0 310 3.18 0.01 67196 678.36 0.36 15645 983.27 0.51 3131238 383413.37 20.29 310 18.24 0.11 66696 6981.86 20.29 304 6 0 60496 1194 0 22.8 23.9 23.64 0.03
180000.0 310 3.18 0.01 67506 681.53 0.36 15650 985.79 0.51 3146888 384399.16 20.29 310 18.24 0.11 67006 7000.1 20.29 304 6 0 60800 1200 0 22.8 23.9 23.6 0.03
180900.0 376 3.32 0.02 67882 684.85 0.36 15709 986.09 0.51 3162597 385385.25 20.29 370 18.46 0.11 67376 7018.55 20.29 304 6 0 61104 1206 0 22.8 23.9 23.6 0.03
181800.0 354 3.95 0.36 68236 688.8 0.36 15674 977.66 0.51 3178271 386362.91 20.29 350 18.27 0.11 67726 7036.82 20.29 304 6 0 61408 1212 0 22.8 23.9 23.6 0.03
182700.0 310 3.18 0.01 68546 691.97 0.36 15646 983.78 0.51 3193917 387346.69 20.29 310 18.24 0.11 68036 7055.07 20.29 304 6 0 61712 1218 0 22.7 23.8 23.51 0.03
183600.0 310 3.18 0.01 68856 695.15 0.36 15647 984.26 0.51 3209564 388330.95 20.29 310 18.24 0.11 68346 7073.31 20.29 304 6 0 62016 1224 0 22.7 23.8 23.47 0.02
184500.0 376 3.32 0.02 69232 698.47 0.36 15701 982.01 0.51 3225265 389312.96 20.29 370 18.46 0.11 68716 7091.76 20.29 304 6 0 62320 1230 0 22.7 23.8 23.47 0.02
185400.0 354 3.95 0.36 69586 702.42 0.36 15675 978.17 0.51 3240940 390291.13 20.29 350 18.27 0.11 69066 7110.03 20.29 304 6 0 62624 1236 0 22.7 23.8 23.46 0.03
186300.0 310 3.18 0.01 69896 705.59 0.36 15638 979.7 0.51 3256578 391270.83 20.29 310 18.24 0.11 69376 7128.27 20.29 304 6 0 62928 1242 0 22.4 23.7 23.34 0.03
187200.0 310 3.18 0.01 70206 708.77 0.36 15634 977.63 0.51 3272212 392248.46 20.29 310 18.24 0.11 69686 7146.51 20.29 304 6 0 63232 1248 0 22.4 23.7 23.29 0.03
188100.0 376 3.32 0.02 70582 712.09 0.36 15692 977.42 0.51 3287904 393225.87 20.29 370 18.46 0.11 70056 7164.97 20.29 304 6 0 63536 1254 0 22.4 23.7 23.29 0.03
189000.0 354 3.95 0.36 70936 716.04 0.36 15670 975.62 0.51 3303574 394201.49 20.29 350 18.27 0.11 70406 7183.24 20.29 304 6 0 63840 1260 0 22.4 23.7 23.28 0.03
189900.0 310 3.18 0.01 71246 719.21 0.36 15627 974.09 0.51 3319201 395175.58 20.29 310 18.24 0.11 70716 7201.48 20.29 304 6 0 64144 1266 0 22.1 23.6 23.12 0.04
190800.0 310 3.18 0.01 71556 722.39 0.36 15628 974.57 0.51 3334829 396150.15 20.29 310 18.24 0.11 71026 7219.72 20.29 304 6 0 64448 1272 0 22.1 23.5 23.04 0.03
191700.0 376 3.32 0.02 71932 725.71 0.36 15686 974.36 0.51 3350515 397124.51 20.29 370 18.46 0.11 71396 7238.17 20.29 304 6 0 64752 1278 0 22.1 23.5 23.03 0.03
192600.0 354 3.95 0.36 72286 729.66 0.36 15658 969.5 0.51 3366173 398094.01 20.29 350 18.27 0.11 71746 7256.44 20.29 304 6 0 65056 1284 0 22.1 23.5 23.03 0.03
193500.0 310 3.18 0.01 72596 732.83 0.36 15619 970.01 0.51 3381792 399064.02 20.29 310 18.24 0.11 72056 7274.69 20.29 304 6 0 65360 1290 0 22.0 23.4 22.84 0.04
194400.0 310 3.18 0.01 72906 736.01 0.36 15623 972.02 0.51 3397415 400036.04 20.29 310 18.24 0.11 72366 7292.93 20.29 304 6 0 65664 1296 0 22.0 23.3 22.74 0.03
195300.0 376 3.32 0.02 73282 739.32 0.36 15679 970.79 0.51 3413094 401006.82 20.29 370 18.46 0.11 72736 7311.38 20.29 304 6 0 65968 1302 0 22.0 23.3 22.74 0.03
196200.0 354 3.95 0.36 73636 743.28 0.36 15658 969.5 0.51 3428752 401976.33 20.29 350 18.27 0.11 73086 7329.65 20.29 304 6 0 66272 1308 0 22.0 23.3 22.73 0.03
197100.0 310 3.18 0.01 73946 746.45 0.36 15611 965.93 0.51 3444363 402942.25 20.29 310 18.24 0.11 73396 7347.9 20.29 304 6 0 66576 1314 0 22.0 23.1 22.54 0.03
198000.0 310 3.18 0.01 74256 749.63 0.36 15587 953.66 0.51 3459950 403895.92 20.29 310 18.24 0.11 73706 7366.13 20.29 304 6 0 66880 1320 0 22.0 23.1 22.43 0.03
198900.0 376 3.32 0.02 74632 752.94 0.36 15646 953.96 0.51 3475596 404849.87 20.29 370 18.46 0.11 74076 7384.59 20.29 304 6 0 67184 1326 0 22.0 23.1 22.42 0.03
199800.0 354 3.95 0.36 74986 756.9 0.36 15622 951.14 0.51 3491218 405801.01 20.29 350 18.27 0.11 74426 7402.86 20.29 304 6 0 67488 1332 0 22.0 23.1 22.42 0.03
200700.0 310 3.18 0.01 75296 760.07 0.36 15604 962.36 0.51 3506822 406763.37 20.29 310 18.24 0.11 74736 7421.1 20.29 304 6 0 67792 1338 0 22.0 22.8 22.26 0.02
201600.0 310 3.18 0.01 75606 763.25 0.36 15603 961.82 0.51 3522425 407725.19 20.29 310 18.24 0.11 75046 7439.34 20.29 304 6 0 68096 1344 0 22.0 22.8 22.18 0.02
202500.0 376 3.32 0.02 75982 766.56 0.36 15662 962.12 0.51 3538087 408687.31 20.29 370 18.46 0.11 75416 7457.8 20.29 304 6 0 68400 1350 0 22.0 22.8 22.18 0.02
203400.0 354 3.95 0.36 76336 770.52 0.36 15630 955.22 0.51 3553717 409642.53 20.29 350 18.27 0.11 75766 7476.07 20.29 304 6 0 68704 1356 0 22.0 22.8 22.18 0.02
204300.0 310 3.18 0.01 76646 773.69 0.36 15601 960.83 0.51 3569318 410603.36 20.29 310 18.24 0.11 76076 7494.31 20.29 304 6 0 69008 1362 0 22.0 22.6 22.07 0.01
205200.0 310 3.18 0.01 76956 776.87 0.36 15600 960.29 0.51 3584918 411563.65 20.29 310 18.24 0.11 76386 7512.55 20.29 304 6 0 69312 1368 0 22.0 22.6 22.06 0.01
206100.0 376 3.31 0.02 77332 780.18 0.36 15659 959.82 0.51 3600577 412523.47 20.29 370 18.26 0.11 76756 7530.8 20.29 304 6 0 69616 1374 0 22.0 22.6 22.06 0.01
207000.0 354 3.95 0.36 77686 784.13 0.36 15626 953.18 0.51 3616203 413476.65 20.29 350 18.27 0.11 77106 7549.07 20.29 304 6 0 69920 1380 0 22.0 22.6 22.06 0.01
207900.0 310 3.18 0.01 77996 787.31 0.36 15598 959.3 0.51 3631801 414435.95 20.29 310 18.24 0.11 77416 7567.32 20.29 304 6 0 70224 1386 0 22.0 22.2 22.02 0.0
208800.0 310 3.18 0.01 78306 790.48 0.36 15592 956.21 0.51 3647393 415392.16 20.29 310 18.24 0.11 77726 7585.56 20.29 304 6 0 70528 1392 0 22.0 22.2 22.02 0.0
209700.0 376 3.32 0.02 78682 793.8 0.36 15652 957.02 0.51 3663045 416349.17 20.29 370 18.46 0.11 78096 7604.01 20.29 304 6 0 70832 1398 0 22.0 22.2 22.02 0.0
210600.0 354 3.95 0.36 79036 797.75 0.36 15619 949.61 0.51 3678664 417298.79 20.29 350 18.27 0.11 78446 7622.28 20.29 304 6 0 71136 1404 0 22.0 22.2 22.02 0.0
211500.0 310 3.18 0.01 79346 800.93 0.36 15575 947.57 0.51 3694239 418246.35 20.29 310 18.24 0.11 78756 7640.52 20.29 304 6 0 71440 1410 0 22.0 22.0 22.0 0.0
212400.0 310 3.18 0.01 79656 804.1 0.36 15575 947.54 0.51 3709814 419193.89 20.29 310 18.24 0.11 79066 7658.76 20.29 304 6 0 71744 1416 0 22.0 22.0 22.0 0.0
213300.0 376 3.31 0.02 80032 807.42 0.36 15630 945.03 0.51 3725444 420138.92 20.29 370 18.26 0.11 79436 7677.02 20.29 304 6 0 72048 1422 0 22.0 22.0 22.0 0.0
214200.0 354 3.95 0.36 80386 811.37 0.36 15604 941.96 0.51 3741048 421080.89 20.29 350 18.27 0.11 79786 7695.29 20.29 304 6 0 72352 1428 0 22.0 22.0 22.0 0.0
215100.0 310 3.18 0.01 80696 814.54 0.36 15563 941.45 0.51 3756611 422022.33 20.29 310 18.24 0.11 80096 7713.53 20.29 304 6 0 72656 1434 0 22.0 22.0 22.0 0.0
216000.0 310 3.18 0.01 81006 817.72 0.36 15557 938.36 0.51 3772168 422960.69 20.29 310 18.24 0.11 80406 7731.77 20.29 304 6 0 72960 1440 0 22.0 22.0 22.0 0.0
216900.0 376 3.32 0.02 81382 821.04 0.36 15614 937.64 0.51 3787782 423898.33 20.29 370 18.46 0.11 80776 7750.23 20.29 304 6 0 73264 1446 0 22.0 22.0 22.0 0.0
217800.0 354 3.95 0.36 81736 824.99 0.36 15593 936.35 0.51 3803375 424834.68 20.29 350 18.27 0.11 81126 7768.5 20.29 304 6 0 73568 1452 0 22.0 22.0 22.0 0.0
218700.0 310 3.18 0.01 82046 828.16 0.36 15549 934.31 0.51 3818924 425768.99 20.29 310 18.24 0.11 81436 7786.74 20.29 304 6 0 73872 1458 0 22.0 22.0 22.0 0.0
219600.0 310 3.18 0.01 82356 831.34 0.36 15545 932.24 0.51 3834469 426701.23 20.29 310 18.24 0.11 81746 7804.98 20.29 304 6 0 74176 1464 0 22.0 22.0 22.0 0.0
220500.0 376 3.32 0.02 82732 834.66 0.36 15599 929.99 0.51 3850068 427631.22 20.29 370 18.46 0.11 82116 7823.43 20.29 304 6 0 74480 1470 0 22.0 22.0 22.0 0.0
221400.0 354 3.95 0.36 83086 838.61 0.36 15584 936.16 0.51 3865652 428567.37 20.29 350 18.36 0.11 82466 7841.79 20.29 304 6 0 74784 1476 0 20.7 22.0 21.97 0.02
222300.0 310 3.18 0.01 83396 841.78 0.36 15642 988.01 0.51 3881294 429555.38 20.29 310 18.37 0.11 82776 7860.16 20.29 304 6 0 75088 1482 0 19.8 22.0 21.08 0.1
223200.0 310 3.18 0.01 83706 844.96 0.36 15665 999.72 0.51 3896959 430555.1 20.29 310 18.36 0.11 83086 7878.53 20.29 304 6 0 75392 1488 0 19.8 22.0 20.55 0.16
224100.0 376 3.32 0.02 84082 848.28 0.36 15725 1000.52 0.51 3912684 431555.62 20.29 370 18.58 0.11 83456 7897.11 20.29 304 6 0 75696 1494 0 19.8 21.8 20.53 0.15
225000.0 354 3.95 0.36 84436 852.23 0.36 15705 998.45 0.51 3928389 432554.07 20.29 350 18.37 0.11 83806 7915.48 20.29 304 6 0 76000 1500 0 19.8 21.8 20.53 0.15
225900.0 310 3.18 0.01 84746 855.41 0.36 15666 999.92 0.51 3944055 433554.0 20.29 310 18.36 0.11 84116 7933.84 20.29 304 6 0 76304 1506 0 19.8 21.7 20.48 0.13
226800.0 310 3.18 0.01 85056 858.58 0.36 15667 1000.41 0.51 3959722 434554.41 20.29 310 18.36 0.11 84426 7952.2 20.29 304 6 0 76608 1512 0 19.8 21.7 20.44 0.15
227700.0 376 3.32 0.02 85432 861.9 0.36 15727 1001.21 0.51 3975449 435555.62 20.29 370 18.58 0.11 84796 7970.78 20.29 304 6 0 76912 1518 0 19.8 21.7 20.44 0.15
228600.0 354 3.95 0.36 85786 865.85 0.36 15702 998.1 0.51 3991151 436553.72 20.29 350 18.39 0.11 85146 7989.17 20.29 304 6 0 77216 1524 0 19.8 21.7 20.44 0.15
229500.0 310 3.18 0.01 86096 869.03 0.36 15662 997.16 0.51 4006813 437550.88 20.29 310 18.35 0.11 85456 8007.52 20.29 304 6 0 77520 1530 0 19.8 21.6 20.44 0.14
230400.0 310 3.18 0.01 86406 872.2 0.36 15662 997.13 0.51 4022475 438548.0 20.29 310 18.34 0.11 85766 8025.86 20.29 304 6 0 77824 1536 0 19.9 21.6 20.42 0.14
231300.0 376 3.32 0.02 86782 875.52 0.36 15721 996.66 0.51 4038196 439544.66 20.29 370 18.36 0.11 86136 8044.22 20.29 304 6 0 78128 1542 0 19.8 21.6 20.42 0.14
232200.0 354 3.95 0.36 87136 879.47 0.36 15699 995.85 0.51 4053895 440540.51 20.29 350 18.38 0.11 86486 8062.6 20.29 304 6 0 78432 1548 0 19.8 21.6 20.42 0.14
233100.0 310 3.18 0.01 87446 882.65 0.36 15661 997.8 0.51 4069556 441538.31 20.29 310 18.37 0.11 86796 8080.98 20.29 304 6 0 78736 1554 0 19.8 21.5 20.47 0.15
234000.0 310 3.18 0.01 87756 885.82 0.36 15659 996.76 0.51 4085215 442535.07 20.29 310 18.37 0.11 87106 8099.34 20.29 304 6 0 79040 1560 0 19.8 21.5 20.46 0.15
234900.0 376 3.32 0.02 88132 889.14 0.36 15719 997.56 0.51 4100934 443532.63 20.29 370 18.59 0.11 87476 8117.93 20.29 304 6 0 79344 1566 0 19.8 21.5 20.46 0.15
235800.0 354 3.95 0.36 88486 893.09 0.36 15692 990.96 0.51 4116626 444523.59 20.29 350 18.35 0.11 87826 8136.28 20.29 304 6 0 79648 1572 0 19.8 21.5 20.46 0.15
236700.0 310 3.18 0.01 88796 896.27 0.36 15659 992.69 0.51 4132285 445516.28 20.29 310 18.29 0.11 88136 8154.57 20.29 304 6 0 79952 1578 0 19.8 21.4 20.51 0.15
237600.0 310 3.18 0.01 89106 899.44 0.36 15659 992.66 0.51 4147944 446508.95 20.29 310 18.28 0.11 88446 8172.85 20.29 304 6 0 80256 1584 0 19.8 21.4 20.52 0.15
238500.0 376 3.32 0.02 89482 902.76 0.36 15713 989.64 0.51 4163657 447498.59 20.29 370 18.3 0.11 88816 8191.16 20.29 304 6 0 80560 1590 0 19.7 21.4 20.52 0.15
239400.0 354 3.95 0.36 89836 906.71 0.36 15681 985.16 0.51 4179338 448483.75 20.29 350 18.35 0.11 89166 8209.51 20.29 304 6 0 80864 1596 0 19.7 21.4 20.52 0.15
240300.0 310 3.18 0.01 90146 909.88 0.36 15644 986.69 0.51 4194982 449470.44 20.29 310 18.32 0.11 89476 8227.83 20.29 304 6 0 81168 1602 0 19.7 21.6 20.56 0.16
241200.0 310 3.18 0.01 90456 913.06 0.36 15637 983.09 0.51 4210619 450453.53 20.29 310 18.32 0.11 89786 8246.15 20.29 304 6 0 81472 1608 0 19.7 21.6 20.56 0.16
242100.0 376 3.32 0.02 90832 916.38 0.36 15696 983.39 0.51 4226315 451436.92 20.29 370 18.54 0.11 90156 8264.68 20.29 304 6 0 81776 1614 0 19.7 21.6 20.56 0.16
243000.0 354 3.95 0.36 91186 920.33 0.36 15662 975.89 0.51 4241977 452412.82 20.29 350 18.36 0.11 90506 8283.04 20.29 304 6 0 82080 1620 0 19.7 21.6 20.57 0.16
243900.0 310 3.18 0.01 91496 923.51 0.36 15645 988.44 0.51 4257622 453401.26 20.29 310 18.35 0.11 90816 8301.39 20.29 304 6 0 82384 1626 0 19.7 21.8 20.61 0.18
244800.0 310 3.18 0.01 91806 926.68 0.36 15640 985.86 0.51 4273262 454387.12 20.29 310 18.34 0.11 91126 8319.73 20.29 304 6 0 82688 1632 0 19.7 21.8 20.61 0.18
245700.0 376 3.32 0.02 92182 930.0 0.36 15699 986.16 0.51 4288961 455373.28 20.29 370 18.56 0.11 91496 8338.29 20.29 304 6 0 82992 1638 0 19.6 21.8 20.61 0.18
246600.0 354 3.95 0.36 92536 933.95 0.36 15653 971.86 0.51 4304614 456345.14 20.29 350 18.37 0.11 91846 8356.66 20.29 304 6 0 83296 1644 0 19.6 21.8 20.62 0.18
247500.0 310 3.18 0.01 92846 937.13 0.36 15629 979.58 0.51 4320243 457324.71 20.29 310 18.33 0.11 92156 8374.99 20.29 304 6 0 83600 1650 0 19.6 21.9 20.6 0.19
248400.0 310 3.18 0.01 93156 940.3 0.36 15630 980.06 0.51 4335873 458304.78 20.29 310 18.33 0.11 92466 8393.32 20.29 304 6 0 83904 1656 0 19.6 21.9 20.6 0.2
249300.0 376 3.32 0.02 93532 943.62 0.36 15683 977.3 0.51 4351556 459282.07 20.29 370 18.55 0.11 92836 8411.87 20.29 304 6 0 84208 1662 0 19.5 21.9 20.6 0.2
250200.0 354 3.95 0.36 93886 947.57 0.36 15642 965.92 0.51 4367198 460247.99 20.29 350 18.36 0.11 93186 8430.23 20.29 304 6 0 84512 1668 0 19.5 21.9 20.6 0.2
251100.0 310 3.18 0.01 94196 950.75 0.36 15625 977.62 0.51 4382823 461225.61 20.29 310 18.34 0.11 93496 8448.57 20.29 304 6 0 84816 1674 0 19.5 22.0 20.57 0.21
252000.0 310 3.18 0.01 94506 953.92 0.36 15635 982.69 0.51 4398458 462208.3 20.29 310 18.33 0.11 93806 8466.9 20.29 304 6 0 85120 1680 0 19.5 22.0 20.54 0.23
252900.0 376 3.32 0.02 94882 957.24 0.36 15694 982.99 0.51 4414152 463191.29 20.29 370 18.55 0.11 94176 8485.44 20.29 304 6 0 85424 1686 0 19.5 22.0 20.53 0.24
253800.0 354 3.95 0.36 95236 961.19 0.36 15652 970.68 0.51 4429804 464161.97 20.29 350 18.35 0.11 94526 8503.8 20.29 304 6 0 85728 1692 0 19.5 22.0 20.53 0.24
254700.0 310 3.18 0.01 95546 964.37 0.36 15659 995.1 0.51 4445463 465157.07 20.29 310 18.34 0.11 94836 8522.14 20.29 304 6 0 86032 1698 0 19.5 21.8 20.41 0.24
255600.0 310 3.18 0.01 95856 967.54 0.36 15665 998.14 0.51 4461128 466155.2 20.29 310 18.33 0.11 95146 8540.47 20.29 304 6 0 86336 1704 0 19.5 21.8 20.37 0.25
256500.0 376 3.32 0.02 96232 970.86 0.36 15724 998.43 0.51 4476852 467153.63 20.29 370 18.55 0.11 95516 8559.02 20.29 304 6 0 86640 1710 0 19.3 21.8 20.37 0.26
257400.0 354 3.95 0.36 96586 974.81 0.36 15673 981.53 0.51 4492525 468135.16 20.29 350 18.36 0.11 95866 8577.38 20.29 304 6 0 86944 1716 0 19.3 21.8 20.36 0.26
258300.0 310 3.18 0.01 96896 977.99 0.36 15672 1002.43 0.51 4508197 469137.59 20.29 310 18.35 0.11 96176 8595.73 20.29 304 6 0 87248 1722 0 19.3 21.8 20.18 0.24
259200.0 310 3.18 0.01 97206 981.16 0.36 15675 1003.93 0.51 4523872 470141.52 20.29 310 18.35 0.11 96486 8614.08 20.29 304 6 0 87552 1728 0 19.3 21.6 20.12 0.28
260100.0 376 3.32 0.02 97582 984.48 0.36 15735 1004.74 0.51 4539607 471146.26 20.29 370 18.56 0.11 96856 8632.64 20.29 304 6 0 87856 1734 0 19.2 21.6 20.12 0.28
261000.0 356 4.03 0.36 97938 988.51 0.36 16023 167028.39 20.28 4555630 638174.65 20.29 352 3254.65 20.28 97208 11887.29 20.29 304 6 0 88160 1740 0 19.2 21.6 20.12 0.28
261900.0 310 3.18 0.01 98248 991.68 0.36 15691 1010.1 0.51 4571321 639184.76 20.29 310 18.28 0.11 97518 11905.57 20.29 304 6 0 88464 1746 0 18.9 21.6 19.6 0.24
262800.0 310 3.18 0.01 98558 994.86 0.36 15690 1009.54 0.51 4587011 640194.29 20.29 310 18.27 0.11 97828 11923.84 20.29 304 6 0 88768 1752 0 18.9 20.8 19.59 0.24
263700.0 376 3.32 0.02 98934 998.18 0.36 15750 1010.37 0.51 4602761 641204.67 20.29 370 18.49 0.11 98198 11942.32 20.29 304 6 0 89072 1758 0 18.9 20.8 19.59 0.24
264600.0 356 4.03 0.36 99290 1002.21 0.36 16038 166867.74 20.27 4618799 808072.4 20.29 352 3251.93 20.27 98550 15194.25 20.29 304 6 0 89376 1764 0 18.9 20.8 19.59 0.24
265500.0 310 3.18 0.01 99600 1005.38 0.36 15729 1076.49 0.51 4634528 809148.89 20.29 310 19.11 0.12 98860 15213.36 20.29 304 6 0 89680 1770 0 17.3 20.2 17.99 0.1
266400.0 310 3.18 0.01 99910 1008.56 0.36 15745 1084.55 0.51 4650273 810233.44 20.29 310 19.1 0.12 99170 15232.46 20.29 304 6 0 89984 1776 0 17.3 18.9 17.8 0.03
267300.0 376 3.32 0.02 100286 1011.88 0.36 15805 1085.44 0.51 4666078 811318.88 20.29 370 19.33 0.12 99540 15251.79 20.29 304 6 0 90288 1782 0 17.3 18.8 17.8 0.02
268200.0 356 4.03 0.36 100642 1015.92 0.36 16095 166752.58 20.27 4682173 978071.46 20.29 352 3250.02 20.27 99892 18501.82 20.29 304 6 0 90592 1788 0 17.3 18.8 17.8 0.02
269100.0 310 3.18 0.01 100952 1019.09 0.36 15733 1078.81 0.51 4697906 979150.27 20.29 310 19.06 0.12 100202 18520.88 20.29 304 6 0 90896 1794 0 17.3 18.7 17.76 0.02
270000.0 310 3.18 0.01 101262 1022.27 0.36 15734 1079.24 0.51 4713640 980229.52 20.29 310 19.05 0.12 100512 18539.93 20.29 304 6 0 91200 1800 0 17.3 18.7 17.75 0.02
270900.0 376 3.32 0.02 101638 1025.59 0.36 15794 1080.11 0.51 4729434 981309.63 20.29 370 19.28 0.12 100882 18559.21 20.29 304 6 0 91504 1806 0 17.3 18.7 17.75 0.02
271800.0 354 3.96 0.36 101992 1029.55 0.36 15772 1077.22 0.51 4745206 982386.84 20.29 350 19.06 0.12 101232 18578.27 20.29 304 6 0 91808 1812 0 17.3 18.7 17.75 0.02
272700.0 310 3.18 0.01 102302 1032.73 0.36 15732 1077.25 0.51 4760938 983464.1 20.29 310 19.04 0.12 101542 18597.3 20.29 304 6 0 92112 1818 0 17.3 18.6 17.74 0.02
273600.0 310 3.18 0.01 102612 1035.91 0.36 15731 1076.68 0.51 4776669 984540.77 20.29 310 19.03 0.12 101852 18616.33 20.29 304 6 0 92416 1824 0 17.3 18.6 17.73 0.02
274500.0 376 3.32 0.02 102988 1039.23 0.36 15787 1075.49 0.51 4792456 985616.26 20.29 370 19.26 0.12 102222 18635.59 20.29 304 6 0 92720 1830 0 17.3 18.6 17.73 0.02
275400.0 354 3.96 0.36 103342 1043.18 0.36 15767 1078.79 0.51 4808223 986695.06 20.29 350 19.14 0.12 102572 18654.74 20.29 304 6 0 93024 1836 0 17.3 18.6 17.73 0.02
276300.0 310 3.18 0.01 103652 1046.36 0.36 15726 1074.5 0.51 4823949 987769.56 20.29 310 19.04 0.12 102882 18673.78 20.29 304 6 0 93328 1842 0 17.3 18.5 17.71 0.02
277200.0 310 3.18 0.01 103962 1049.54 0.36 15726 1074.43 0.51 4839675 988843.99 20.29 310 19.04 0.12 103192 18692.81 20.29 304 6 0 93632 1848 0 17.3 18.5 17.7 0.02
278100.0 376 3.32 0.02 104338 1052.86 0.36 15785 1074.01 0.51 4855460 989918.0 20.29 370 19.05 0.12 103562 18711.87 20.29 304 6 0 93936 1854 0 17.3 18.5 17.7 0.02
279000.0 354 3.96 0.36 104692 1056.81 0.36 15763 1069.85 0.51 4871223 990987.84 20.29 350 19.0 0.12 103912 18730.87 20.29 304 6 0 94240 1860 0 17.3 18.5 17.7 0.02
279900.0 310 3.18 0.01 105002 1059.99 0.36 15722 1073.2 0.51 4886945 992061.04 20.29 310 19.06 0.12 104222 18749.93 20.29 304 6 0 94544 1866 0 17.3 18.4 17.69 0.02
280800.0 310 3.18 0.01 105312 1063.17 0.36 15725 1074.65 0.51 4902670 993135.7 20.29 310 19.05 0.12 104532 18768.98 20.29 304 6 0 94848 1872 0 17.3 18.4 17.68 0.02
281700.0 376 3.32 0.02 105688 1066.49 0.36 15783 1074.5 0.51 4918453 994210.19 20.29 370 19.28 0.12 104902 18788.26 20.29 304 6 0 95152 1878 0 17.3 18.4 17.68 0.02
282600.0 354 3.96 0.36 106042 1070.44 0.36 15760 1069.12 0.51 4934213 995279.31 20.29 350 19.02 0.12 105252 18807.28 20.29 304 6 0 95456 1884 0 17.3 18.4 17.68 0.02
283500.0 310 3.18 0.01 106352 1073.62 0.36 15718 1061.63 0.51 4949931 996340.94 20.29 310 18.87 0.11 105562 18826.15 20.29 304 6 0 95760 1890 0 17.3 18.3 17.67 0.01
284400.0 310 3.18 0.01 106662 1076.8 0.36 15719 1062.07 0.51 4965650 997403.01 20.29 310 18.86 0.11 105872 18845.01 20.29 304 6 0 96064 1896 0 17.3 18.3 17.67 0.01
285300.0 376 3.32 0.02 107038 1080.12 0.36 15778 1062.41 0.51 4981428 998465.43 20.29 370 19.09 0.11 106242 18864.09 20.29 304 6 0 96368 1902 0 17.3 18.3 17.67 0.01
286200.0 354 3.95 0.36 107392 1084.07 0.36 15757 1063.06 0.51 4997185 999528.49 20.29 350 18.93 0.12 106592 18883.02 20.29 304 6 0 96672 1908 0 17.3 18.3 17.66 0.01
287100.0 310 3.18 0.01 107702 1087.25 0.36 15710 1062.21 0.51 5012895 1000590.7 20.29 310 18.96 0.12 106902 18901.98 20.29 304 6 0 96976 1914 0 17.3 18.2 17.66 0.01
288000.0 310 3.18 0.01 108012 1090.43 0.36 15710 1062.15 0.51 5028605 1001652.84 20.29 310 18.95 0.12 107212 18920.93 20.29 304 6 0 97280 1920 0 17.3 18.2 17.66 0.01
288900.0 376 3.32 0.02 108388 1093.75 0.36 15770 1063.0 0.51 5044375 1002715.84 20.29 370 19.18 0.12 107582 18940.12 20.29 304 6 0 97584 1926 0 17.3 18.2 17.66 0.01
289800.0 354 3.96 0.36 108742 1097.71 0.36 15747 1064.77 0.51 5060122 1003780.62 20.29 350 19.07 0.12 107932 18959.18 20.29 304 6 0 97888 1932 0 17.3 18.2 17.66 0.01
290700.0 310 3.18 0.01 109052 1100.89 0.36 15712 1071.19 0.51 5075834 1004851.8 20.29 310 19.12 0.12 108242 18978.3 20.29 304 6 0 98192 1938 0 17.3 18.2 17.66 0.01
291600.0 310 3.18 0.01 109362 1104.06 0.36 15716 1073.15 0.51 5091550 1005924.95 20.29 310 19.11 0.12 108552 18997.42 20.29 304 6 0 98496 1944 0 17.3 18.1 17.65 0.01
292500.0 376 3.32 0.02 109738 1107.38 0.36 15771 1071.47 0.51 5107321 1006996.42 20.29 370 19.34 0.12 108922 19016.76 20.29 304 6 0 98800 1950 0 17.3 18.1 17.65 0.01
293400.0 354 3.96 0.36 110092 1111.34 0.36 15745 1061.1 0.51 5123066 1008057.52 20.29 350 19.01 0.12 109272 19035.77 20.29 304 6 0 99104 1956 0 17.3 18.1 17.66 0.01
294300.0 310 3.18 0.01 110402 1114.52 0.36 15707 1062.17 0.51 5138773 1009119.69 20.29 310 18.99 0.12 109582 19054.76 20.29 304 6 0 99408 1962 0 17.3 18.1 17.66 0.01
295200.0 310 3.18 0.01 110712 1117.7 0.36 15705 1061.07 0.51 5154478 1010180.76 20.29 310 18.98 0.12 109892 19073.74 20.29 304 6 0 99712 1968 0 17.4 18.0 17.66 0.01
296100.0 376 3.32 0.02 111088 1121.02 0.36 15765 1061.94 0.51 5170243 1011242.7 20.29 370 19.21 0.12 110262 19092.96 20.29 304 6 0 100016 1974 0 17.4 18.0 17.66 0.01
297000.0 354 3.96 0.36 111442 1124.97 0.36 15739 1064.51 0.51 5185982 1012307.21 20.29 350 19.14 0.12 110612 19112.1 20.29 304 6 0 100320 1980 0 17.4 18.0 17.66 0.01
297900.0 310 3.18 0.01 111752 1128.15 0.36 15696 1063.03 0.51 5201678 1013370.23 20.29 310 19.12 0.12 110922 19131.22 20.29 304 6 0 100624 1986 0 17.4 18.0 17.66 0.01
298800.0 310 3.18 0.01 112062 1131.33 0.36 15697 1063.46 0.51 5217375 1014433.69 20.29 310 19.11 0.12 111232 19150.33 20.29 304 6 0 100928 1992 0 17.4 18.0 17.66 0.01
299700.0 376 3.32 0.02 112438 1134.65 0.36 15757 1064.33 0.51 5233132 1015498.02 20.29 370 19.34 0.12 111602 19169.68 20.29 304 6 0 101232 1998 0 17.4 18.0 17.66 0.01
300600.0 354 3.96 0.36 112792 1138.61 0.36 15733 1061.45 0.51 5248865 1016559.48 20.29 350 19.14 0.12 111952 19188.82 20.29 304 6 0 101536 2004 0 17.4 18.0 17.66 0.01
301500.0 310 3.18 0.01 113102 1141.78 0.36 15698 1057.76 0.51 5264563 1017617.23 20.29 310 18.99 0.12 112262 19207.81 20.29 304 6 0 101840 2010 0 17.4 18.0 17.67 0.01
302400.0 310 3.18 0.01 113412 1144.96 0.36 15700 1058.7 0.51 5280263 1018675.94 20.29 310 18.99 0.12 112572 19226.8 20.29 304 6 0 102144 2016 0 17.4 17.9 17.67 0.01
303300.0 376 3.32 0.02 113788 1148.28 0.36 15755 1057.02 0.51 5296018 1019732.96 20.29 370 19.22 0.12 112942 19246.01 20.29 304 6 0 102448 2022 0 17.4 17.9 17.67 0.01
304200.0 354 3.95 0.36 114142 1152.24 0.36 15731 1051.06 0.51 5311749 1020784.01 20.29 350 18.95 0.12 113292 19264.97 20.29 304 6 0 102752 2028 0 17.4 17.9 17.67 0.01
305100.0 310 3.18 0.01 114452 1155.42 0.36 15690 1056.88 0.51 5327439 1021840.89 20.29 310 19.06 0.12 113602 19284.03 20.29 304 6 0 103056 2034 0 17.4 17.9 17.67 0.01
306000.0 310 3.18 0.01 114762 1158.6 0.36 15691 1057.31 0.51 5343130 1022898.21 20.29 310 19.05 0.12 113912 19303.08 20.29 304 6 0 103360 2040 0 17.4 17.8 17.67 0.01
306900.0 376 3.32 0.02 115138 1161.92 0.36 15751 1058.18 0.51 5358881 1023956.39 20.29 370 19.28 0.12 114282 19322.36 20.29 304 6 0 103664 2046 0 17.4 17.9 17.67 0.01
307800.0 354 3.96 0.36 115492 1165.87 0.36 15729 1059.41 0.51 5374610 1025015.8 20.29 350 19.14 0.12 114632 19341.5 20.29 304 6 0 103968 2052 0 17.4 17.9 17.68 0.01
308700.0 310 3.18 0.01 115802 1169.05 0.36 15696 1063.03 0.51 5390306 1026078.82 20.29 310 19.12 0.12 114942 19360.62 20.29 304 6 0 104272 2058 0 17.4 17.9 17.69 0.01
309600.0 310 3.18 0.01 116112 1172.23 0.36 15702 1066.01 0.51 5406008 1027144.84 20.29 310 19.11 0.12 115252 19379.73 20.29 304 6 0 104576 2064 0 17.4 17.9 17.69 0.01
310500.0 376 3.32 0.02 116488 1175.55 0.36 15758 1064.84 0.51 5421766 1028209.67 20.29 370 19.34 0.12 115622 19399.08 20.29 304 6 0 104880 2070 0 17.4 17.9 17.69 0.01
311400.0 354 3.96 0.36 116842 1179.5 0.36 15725 1050.9 0.51 5437491 1029260.58 20.29 350 19.01 0.12 115972 19418.09 20.29 304 6 0 105184 2076 0 17.4 17.9 17.69 0.01
312300.0 310 3.18 0.01 117152 1182.68 0.36 15686 1051.46 0.51 5453177 1030312.04 20.29 310 18.99 0.12 116282 19437.08 20.29 304 6 0 105488 2082 0 17.4 18.0 17.7 0.01
313200.0 310 3.18 0.01 117462 1185.86 0.36 15685 1050.87 0.51 5468862 1031362.9 20.29 310 18.98 0.12 116592 19456.06 20.29 304 6 0 105792 2088 0 17.4 18.0 17.7 0.01
314100.0 376 3.32 0.02 117838 1189.18 0.36 15742 1050.21 0.51 5484604 1032413.11 20.29 370 19.21 0.12 116962 19475.27 20.29 304 6 0 106096 2094 0 17.3 18.0 17.7 0.01
315000.0 354 3.96 0.36 118192 1193.14 0.36 15714 1051.76 0.51 5500318 1033464.87 20.29 350 19.14 0.12 117312 19494.42 20.29 304 6 0 106400 2100 0 17.3 18.0 17.7 0.01
315900.0 310 3.18 0.01 118502 1196.32 0.36 15676 1049.0 0.51 5515994 1034513.88 20.29 310 19.04 0.12 117622 19513.46 20.29 304 6 0 106704 2106 0 17.3 18.1 17.71 0.02
316800.0 310 3.18 0.01 118812 1199.49 0.36 15673 1047.4 0.51 5531667 1035561.28 20.29 310 19.04 0.12 117932 19532.5 20.29 304 6 0 107008 2112 0 17.3 18.1 17.72 0.02
317700.0 376 3.32 0.02 119188 1202.81 0.36 15729 1046.23 0.51 5547396 1036607.5 20.29 370 19.27 0.12 118302 19551.76 20.29 304 6 0 107312 2118 0 17.3 18.1 17.72 0.02
318600.0 354 3.96 0.36 119542 1206.77 0.36 15697 1039.27 0.51 5563093 1037646.78 20.29 350 19.07 0.12 118652 19570.83 20.29 304 6 0 107616 2124 0 17.3 18.1 17.72 0.02
319500.0 310 3.18 0.01 119852 1209.95 0.36 15661 1045.18 0.51 5578754 1038691.95 20.29 310 19.12 0.12 118962 19589.95 20.29 304 6 0 107920 2130 0 17.3 18.2 17.73 0.02
320400.0 310 3.18 0.01 120162 1213.13 0.36 15660 1044.59 0.51 5594414 1039736.55 20.29 310 19.11 0.12 119272 19609.06 20.29 304 6 0 108224 2136 0 17.3 18.2 17.73 0.02
321300.0 376 3.32 0.02 120538 1216.45 0.36 15717 1043.93 0.51 5610131 1040780.48 20.29 370 19.34 0.12 119642 19628.41 20.29 304 6 0 108528 2142 0 17.3 18.2 17.73 0.02
322200.0 354 3.95 0.36 120892 1220.4 0.36 15685 1025.59 0.51 5625816 1041806.06 20.29 350 18.91 0.11 119992 19647.32 20.29 304 6 0 108832 2148 0 17.3 18.2 17.73 0.02
323100.0 310 3.18 0.01 121202 1223.58 0.36 15658 1025.96 0.51 5641474 1042832.02 20.29 310 18.76 0.11 120302 19666.08 20.29 304 6 0 109136 2154 0 17.3 18.2 17.74 0.02
324000.0 310 3.18 0.01 121512 1226.76 0.36 15657 1025.38 0.51 5657131 1043857.41 20.29 310 18.76 0.11 120612 19684.84 20.29 304 6 0 109440 2160 0 17.3 18.2 17.74 0.02
324900.0 376 3.32 0.02 121888 1230.08 0.36 15714 1024.71 0.51 5672845 1044882.12 20.29 370 18.98 0.11 120982 19703.82 20.29 304 6 0 109744 2166 0 17.3 18.2 17.74 0.02
325800.0 354 3.96 0.36 122242 1234.03 0.36 15687 1031.7 0.51 5688532 1045913.82 20.29 350 19.02 0.12 121332 19722.84 20.29 304 6 0 110048 2172 0 17.3 18.2 17.74 0.02
326700.0 310 3.18 0.01 122552 1237.21 0.36 15651 1040.08 0.51 5704183 1046953.9 20.29 310 19.12 0.12 121642 19741.96 20.29 304 6 0 110352 2178 0 17.3 18.3 17.76 0.03
327600.0 310 3.18 0.01 122862 1240.39 0.36 15652 1040.51 0.51 5719835 1047994.41 20.29 310 19.11 0.12 121952 19761.07 20.29 304 6 0 110656 2184 0 17.3 18.3 17.76 0.03
328500.0 376 3.32 0.02 123238 1243.71 0.36 15705 1037.81 0.51 5735540 1049032.22 20.29 370 19.34 0.12 122322 19780.41 20.29 304 6 0 110960 2190 0 17.2 18.3 17.76 0.03
329400.0 354 3.96 0.36 123592 1247.67 0.36 15676 1032.38 0.51 5751216 1050064.6 20.29 350 19.14 0.12 122672 19799.56 20.29 304 6 0 111264 2196 0 17.2 18.3 17.76 0.03
330300.0 310 3.18 0.01 123902 1250.85 0.36 15637 1032.94 0.51 5766853 1051097.54 20.29 310 19.12 0.12 122982 19818.68 20.29 304 6 0 111568 2202 0 17.2 18.4 17.77 0.03
331200.0 310 3.18 0.01 124212 1254.02 0.36 15634 1031.33 0.51 5782487 1052128.87 20.29 310 19.11 0.12 123292 19837.79 20.29 304 6 0 111872 2208 0 17.2 18.4 17.77 0.04
332100.0 376 3.32 0.02 124588 1257.34 0.36 15687 1028.63 0.51 5798174 1053157.5 20.29 370 19.34 0.12 123662 19857.13 20.29 304 6 0 112176 2214 0 17.2 18.4 17.77 0.04
333000.0 354 3.96 0.36 124942 1261.3 0.36 15639 1010.42 0.51 5813813 1054167.93 20.29 350 19.08 0.12 124012 19876.22 20.29 304 6 0 112480 2220 0 17.2 18.4 17.77 0.04
333900.0 310 3.18 0.01 125252 1264.48 0.36 15595 1008.43 0.51 5829408 1055176.35 20.29 310 19.06 0.12 124322 19895.27 20.29 304 6 0 112784 2226 0 17.2 18.5 17.78 0.04
334800.0 310 3.18 0.01 125562 1267.66 0.36 15596 1008.86 0.51 5845004 1056185.22 20.29 310 19.05 0.12 124632 19914.32 20.29 304 6 0 113088 2232 0 17.2 18.5 17.78 0.04
335700.0 376 3.32 0.02 125938 1270.98 0.36 15647 1005.14 0.51 5860651 1057190.36 20.29 370 19.28 0.12 125002 19933.6 20.29 304 6 0 113392 2238 0 17.2 18.5 17.78 0.04
336600.0 354 3.96 0.36 126292 1274.93 0.36 15612 999.74 0.51 5876263 1058190.1 20.29 350 19.14 0.12 125352 19952.75 20.29 304 6 0 113696 2244 0 17.2 18.5 17.78 0.04
337500.0 310 3.18 0.01 126602 1278.11 0.36 15575 1001.32 0.51 5891838 1059191.42 20.29 310 19.12 0.12 125662 19971.87 20.29 304 6 0 114000 2250 0 17.2 18.5 17.79 0.04
338400.0 310 3.18 0.01 126912 1281.29 0.36 15578 1002.77 0.51 5907416 1060194.19 20.29 310 19.11 0.12 125972 19990.98 20.29 304 6 0 114304 2256 0 17.2 18.5 17.8 0.05
339300.0 376 3.32 0.02 127288 1284.61 0.36 15627 998.03 0.51 5923043 1061192.22 20.29 370 19.34 0.12 126342 20010.32 20.29 304 6 0 114608 2262 0 17.2 18.5 17.8 0.05
340200.0 354 3.96 0.36 127642 1288.57 0.36 15587 982.87 0.51 5938630 1062175.09 20.29 350 19.06 0.12 126692 20029.39 20.29 304 6 0 114912 2268 0 17.2 18.5 17.8 0.05
341100.0 310 3.18 0.01 127952 1291.75 0.36 15540 979.33 0.51 5954170 1063154.42 20.29 310 19.04 0.12 127002 20048.42 20.29 304 6 0 115216 2274 0 17.2 18.5 17.8 0.05
342000.0 310 3.18 0.01 128262 1294.92 0.36 15533 975.7 0.51 5969703 1064130.12 20.29 310 19.03 0.12 127312 20067.45 20.29 304 6 0 115520 2280 0 17.2 18.5 17.8 0.05
342900.0 376 3.32 0.02 128638 1298.24 0.36 15584 971.19 0.51 5985287 1065101.3 20.29 370 19.05 0.12 127682 20086.5 20.29 304 6 0 115824 2286 0 17.2 18.5 17.8 0.05
343800.0 354 3.96 0.36 128992 1302.2 0.36 15548 958.47 0.51 6000835 1066059.77 20.29 350 18.97 0.12 128032 20105.47 20.29 304 6 0 116128 2292 0 17.2 18.5 17.8 0.05
344700.0 310 3.18 0.01 129302 1305.38 0.36 15512 960.55 0.51 6016347 1067020.33 20.29 310 18.95 0.12 128342 20124.41 20.29 304 6 0 116432 2298 0 17.2 18.6 17.81 0.05
345600.0 310 3.18 0.01 129612 1308.55 0.36 15510 959.46 0.51 6031857 1067979.78 20.29 310 18.94 0.12 128652 20143.35 20.29 304 6 0 116736 2304 0 17.2 18.6 17.81 0.05
