# seed = 1, gamma = 0.33, beta = 1.0, dee = 10.0, dcc = 100.0, dec = 50.0, dsCnd = 150.0, dLocalhost = 0.02, hostBroker = CLOUD 
#
# The columns have the following meaning: 
# instant[SECONDS] commCountUploadPartial delaySumUploadPartial[SECONDS] delayMaxUploadPartial[SECONDS] commCountUploadTot delaySumUploadTot[SECONDS] delayMaxUploadTot[SECONDS] commCountDownloadPartial delaySumDownloadPartial[SECONDS] delayMaxDownloadPartial[SECONDS] commCountDownloadTot delaySumDownloadTot[SECONDS] delayMaxDownloadTot[SECONDS] commCountDownloadMaxPartial delaySumDownloadMaxPartial[SECONDS] delayMaxDownloadMaxPartial[SECONDS] commCountDownloadMaxTot delaySumDownloadMaxTot[SECONDS] delayMaxDownloadMaxTot[SECONDS] runOnCloudPartial runOnEdgePartial runOnSmartphonePartial runOnCloudTot runOnEdgeTot runOnSmartphoneTot minTemp maxTemp avgTemp varianceTemp
0.0 0 0.0 0.0 0 0.0 0.0 0 0.0 0.0 0 0.0 0.0 0 0.0 0.0 0 0.0 0.0 0 0 0 0 0 0 17.0 25.0 21.0 0.0
900.0 376 62.03 0.2 376 62.03 0.2 16500 3981.41 0.31 16500 3981.41 0.31 370 78.13 0.31 370 78.13 0.31 7 3 300 7 3 300 18.9 21.0 19.37 0.77
1800.0 356 62.87 0.36 732 124.9 0.36 16788 190021.34 21.33 33288 194002.75 21.33 352 3570.33 21.33 722 3648.46 21.33 7 3 300 14 6 600 18.9 18.9 18.9 0.0
2700.0 310 61.94 0.21 1042 186.84 0.36 16440 4045.99 0.32 49728 198048.74 21.33 310 79.04 0.32 1032 3727.49 21.33 7 3 300 21 9 900 17.7 18.9 18.41 0.03
3600.0 310 61.94 0.21 1352 248.77 0.36 16440 4046.04 0.32 66168 202094.78 21.33 310 79.04 0.32 1342 3806.53 21.33 7 3 300 28 12 1200 17.7 18.9 18.22 0.05
4500.0 376 62.08 0.21 1728 310.85 0.36 16496 4046.3 0.32 82664 206141.08 21.33 370 79.34 0.32 1712 3885.87 21.33 7 3 300 35 15 1500 17.6 18.7 18.21 0.05
5400.0 356 62.88 0.36 2084 373.73 0.36 16824 10698.53 21.43 99488 216839.61 21.43 352 100.94 21.43 2064 3986.81 21.43 7 3 300 42 18 1800 17.6 18.7 18.21 0.05
6300.0 310 61.94 0.21 2394 435.67 0.36 16514 4077.44 0.32 116002 220917.05 21.43 310 79.35 0.32 2374 4066.15 21.43 7 3 300 49 21 2100 17.6 18.7 18.21 0.04
7200.0 310 61.94 0.21 2704 497.62 0.36 16516 4077.52 0.32 132518 224994.57 21.43 310 79.35 0.32 2684 4145.5 21.43 7 3 300 56 24 2400 17.6 18.7 18.23 0.04
8100.0 376 62.09 0.21 3080 559.7 0.36 16575 4077.76 0.32 149093 229072.33 21.43 370 79.65 0.32 3054 4225.15 21.43 7 3 300 63 27 2700 17.6 18.7 18.23 0.04
9000.0 356 62.88 0.36 3436 622.58 0.36 16856 10701.64 21.42 165949 239773.96 21.43 352 100.93 21.42 3406 4326.09 21.43 7 3 300 70 30 3000 17.6 18.7 18.23 0.04
9900.0 310 61.94 0.21 3746 684.52 0.36 16498 4063.89 0.32 182447 243837.86 21.43 310 79.15 0.32 3716 4405.24 21.43 7 3 300 77 33 3300 17.6 18.7 18.22 0.04
10800.0 310 61.94 0.21 4056 746.46 0.36 16503 4063.95 0.32 198950 247901.81 21.43 310 79.15 0.32 4026 4484.39 21.43 7 3 300 84 36 3600 17.6 18.7 18.13 0.04
11700.0 376 62.08 0.21 4432 808.54 0.36 16562 4064.21 0.32 215512 251966.02 21.43 370 79.45 0.32 4396 4563.84 21.43 7 3 300 91 39 3900 17.6 18.7 18.13 0.04
12600.0 354 62.72 0.36 4786 871.26 0.36 16523 4072.91 0.32 232035 256038.93 21.43 350 79.72 0.32 4746 4643.56 21.43 7 3 300 98 42 4200 17.6 18.7 18.13 0.04
13500.0 310 61.94 0.21 5096 933.2 0.36 16439 4072.46 0.32 248474 260111.39 21.43 310 79.31 0.32 5056 4722.87 21.43 7 3 300 105 45 4500 17.6 18.7 18.12 0.04
14400.0 310 61.94 0.21 5406 995.14 0.36 16436 4072.51 0.32 264910 264183.9 21.43 310 79.32 0.32 5366 4802.19 21.43 7 3 300 112 48 4800 17.6 18.7 18.12 0.04
15300.0 376 62.09 0.21 5782 1057.23 0.36 16496 4072.76 0.32 281406 268256.66 21.43 370 79.61 0.32 5736 4881.8 21.43 7 3 300 119 51 5100 17.6 18.7 18.12 0.04
16200.0 354 62.72 0.36 6136 1119.95 0.36 16469 4071.02 0.32 297875 272327.69 21.43 350 79.68 0.32 6086 4961.48 21.43 7 3 300 126 54 5400 17.6 18.7 18.12 0.04
17100.0 310 61.93 0.21 6446 1181.88 0.36 16432 4059.76 0.32 314307 276387.45 21.43 310 79.07 0.32 6396 5040.56 21.43 7 3 300 133 57 5700 17.6 18.7 18.1 0.03
18000.0 310 61.93 0.21 6756 1243.81 0.36 16437 4059.77 0.32 330744 280447.22 21.43 310 79.07 0.32 6706 5119.63 21.43 7 3 300 140 60 6000 17.6 18.7 18.09 0.04
18900.0 376 62.08 0.21 7132 1305.89 0.36 16497 4060.06 0.32 347241 284507.28 21.43 370 79.38 0.32 7076 5199.01 21.43 7 3 300 147 63 6300 17.6 18.6 18.09 0.04
19800.0 354 62.71 0.36 7486 1368.6 0.36 16472 4060.3 0.32 363713 288567.58 21.43 350 79.48 0.32 7426 5278.48 21.43 7 3 300 154 66 6600 17.6 18.6 18.09 0.04
20700.0 310 61.94 0.21 7796 1430.54 0.36 16435 4065.28 0.32 380148 292632.86 21.43 310 79.18 0.32 7736 5357.66 21.43 7 3 300 161 69 6900 17.6 18.6 18.06 0.03
21600.0 310 61.94 0.21 8106 1492.48 0.36 16438 4065.34 0.32 396586 296698.2 21.43 310 79.18 0.32 8046 5436.84 21.43 7 3 300 168 72 7200 17.6 18.6 18.06 0.03
22500.0 376 62.08 0.21 8482 1554.56 0.36 16497 4065.58 0.32 413083 300763.78 21.43 370 79.48 0.32 8416 5516.32 21.43 7 3 300 175 75 7500 17.6 18.6 18.06 0.03
23400.0 354 62.72 0.36 8836 1617.27 0.36 16464 4071.28 0.32 429547 304835.06 21.43 350 79.69 0.32 8766 5596.0 21.43 7 3 300 182 78 7800 17.6 18.6 18.06 0.03
24300.0 310 61.95 0.21 9146 1679.22 0.36 16423 4076.63 0.32 445970 308911.69 21.43 310 79.39 0.32 9076 5675.4 21.43 7 3 300 189 81 8100 17.5 18.6 18.04 0.03
25200.0 310 61.95 0.21 9456 1741.16 0.36 16428 4076.69 0.32 462398 312988.38 21.43 310 79.39 0.32 9386 5754.79 21.43 7 3 300 196 84 8400 17.5 18.6 18.03 0.03
26100.0 376 62.09 0.21 9832 1803.25 0.36 16487 4076.94 0.32 478885 317065.32 21.43 370 79.69 0.32 9756 5834.48 21.43 7 3 300 203 87 8700 17.5 18.6 18.02 0.03
27000.0 354 62.72 0.36 10186 1865.98 0.36 16458 4077.09 0.32 495343 321142.41 21.43 350 79.8 0.32 10106 5914.28 21.43 7 3 300 210 90 9000 17.5 18.6 18.02 0.03
27900.0 310 61.94 0.21 10496 1927.92 0.36 16430 4070.55 0.32 511773 325212.96 21.43 310 79.28 0.32 10416 5993.55 21.43 7 3 300 217 93 9300 17.5 18.6 18.0 0.03
28800.0 310 61.94 0.21 10806 1989.86 0.36 16437 4070.6 0.32 528210 329283.55 21.43 310 79.28 0.32 10726 6072.83 21.43 7 3 300 224 96 9600 17.5 18.6 17.99 0.03
29700.0 376 62.08 0.21 11182 2051.94 0.36 16495 4070.85 0.32 544705 333354.4 21.43 370 79.58 0.32 11096 6152.41 21.43 7 3 300 231 99 9900 17.5 18.6 17.99 0.03
30600.0 354 62.72 0.36 11536 2114.66 0.36 16458 4071.0 0.32 561163 337425.4 21.43 350 79.68 0.32 11446 6232.09 21.43 7 3 300 238 102 10200 17.5 18.6 17.99 0.03
31500.0 310 61.95 0.21 11846 2176.6 0.36 16426 4076.63 0.32 577589 341502.03 21.43 310 79.39 0.32 11756 6311.48 21.43 7 3 300 245 105 10500 17.4 18.6 17.96 0.03
32400.0 310 61.95 0.21 12156 2238.55 0.36 16431 4076.69 0.32 594020 345578.72 21.43 310 79.39 0.32 12066 6390.88 21.43 7 3 300 252 108 10800 17.4 18.6 17.95 0.03
33300.0 376 62.09 0.21 12532 2300.64 0.36 16491 4076.94 0.32 610511 349655.66 21.43 370 79.69 0.32 12436 6470.57 21.43 7 3 300 259 111 11100 17.4 18.5 17.95 0.03
34200.0 354 62.72 0.36 12886 2363.36 0.36 16456 4077.09 0.32 626967 353732.75 21.43 350 79.8 0.32 12786 6550.37 21.43 7 3 300 266 114 11400 17.4 18.5 17.95 0.03
35100.0 310 61.95 0.21 13196 2425.31 0.36 16421 4076.64 0.32 643388 357809.38 21.43 310 79.39 0.32 13096 6629.76 21.43 7 3 300 273 117 11700 17.4 18.5 17.92 0.03
36000.0 310 61.95 0.21 13506 2487.25 0.36 16434 4076.69 0.32 659822 361886.07 21.43 310 79.39 0.32 13406 6709.15 21.43 7 3 300 280 120 12000 17.4 18.5 17.91 0.03
36900.0 376 62.09 0.21 13882 2549.34 0.36 16494 4076.94 0.32 676316 365963.01 21.43 370 79.69 0.32 13776 6788.85 21.43 7 3 300 287 123 12300 17.4 18.5 17.91 0.03
37800.0 354 62.72 0.36 14236 2612.05 0.36 16456 4066.85 0.32 692772 370029.86 21.43 350 79.6 0.32 14126 6868.45 21.43 7 3 300 294 126 12600 17.4 18.5 17.91 0.03
38700.0 310 61.94 0.21 14546 2673.99 0.36 16414 4066.39 0.32 709186 374096.25 21.43 310 79.2 0.32 14436 6947.65 21.43 7 3 300 301 129 12900 17.3 18.5 17.89 0.03
39600.0 310 61.94 0.21 14856 2735.93 0.36 16426 4066.44 0.32 725612 378162.69 21.43 310 79.2 0.32 14746 7026.85 21.43 7 3 300 308 132 13200 17.3 18.5 17.88 0.04
40500.0 376 62.08 0.21 15232 2798.01 0.36 16483 4066.69 0.32 742095 382229.39 21.43 370 79.5 0.32 15116 7106.35 21.43 7 3 300 315 135 13500 17.3 18.5 17.87 0.04
41400.0 354 62.72 0.36 15586 2860.73 0.36 16453 4077.08 0.32 758548 386306.47 21.43 350 79.8 0.32 15466 7186.14 21.43 7 3 300 322 138 13800 17.3 18.5 17.87 0.04
42300.0 310 61.94 0.21 15896 2922.68 0.36 16423 4070.83 0.32 774971 390377.3 21.43 310 79.28 0.32 15776 7265.42 21.43 7 3 300 329 141 14100 17.3 18.5 17.85 0.04
43200.0 310 61.94 0.21 16206 2984.62 0.36 16431 4070.88 0.32 791402 394448.18 21.43 310 79.28 0.32 16086 7344.71 21.43 7 3 300 336 144 14400 17.3 18.5 17.83 0.05
44100.0 376 62.08 0.21 16582 3046.7 0.36 16491 4071.13 0.32 807893 398519.31 21.43 370 79.58 0.32 16456 7424.29 21.43 7 3 300 343 147 14700 17.2 18.4 17.83 0.05
45000.0 354 62.72 0.36 16936 3109.42 0.36 16448 4071.28 0.32 824341 402590.59 21.43 350 79.69 0.32 16806 7503.98 21.43 7 3 300 350 150 15000 17.2 18.4 17.83 0.05
45900.0 310 61.94 0.21 17246 3171.36 0.36 16415 4070.11 0.32 840756 406660.7 21.43 310 79.27 0.32 17116 7583.25 21.43 7 3 300 357 153 15300 17.2 18.4 17.81 0.05
46800.0 310 61.94 0.21 17556 3233.3 0.36 16425 4070.15 0.32 857181 410730.85 21.43 310 79.27 0.32 17426 7662.52 21.43 7 3 300 364 156 15600 17.2 18.5 17.8 0.06
47700.0 376 62.08 0.21 17932 3295.39 0.36 16485 4070.41 0.32 873666 414801.26 21.43 370 79.57 0.32 17796 7742.09 21.43 7 3 300 371 159 15900 17.2 18.5 17.8 0.06
48600.0 354 62.72 0.36 18286 3358.1 0.36 16443 4070.56 0.32 890109 418871.81 21.43 350 79.67 0.32 18146 7821.76 21.43 7 3 300 378 162 16200 17.2 18.5 17.8 0.06
49500.0 310 61.95 0.21 18596 3420.05 0.36 16419 4076.63 0.32 906528 422948.45 21.43 310 79.39 0.32 18456 7901.15 21.43 7 3 300 385 165 16500 17.1 18.5 17.77 0.06
50400.0 310 61.95 0.21 18906 3482.0 0.36 16435 4076.69 0.32 922963 427025.13 21.43 310 79.39 0.32 18766 7980.54 21.43 7 3 300 392 168 16800 17.1 18.5 17.75 0.07
51300.0 376 62.09 0.21 19282 3544.08 0.36 16495 4076.94 0.32 939458 431102.07 21.43 370 79.69 0.32 19136 8060.24 21.43 7 3 300 399 171 17100 17.1 18.5 17.75 0.07
52200.0 354 62.72 0.36 19636 3606.81 0.36 16447 4077.09 0.32 955905 435179.16 21.43 350 79.8 0.32 19486 8140.03 21.43 7 3 300 406 174 17400 17.1 18.5 17.75 0.07
53100.0 310 61.95 0.21 19946 3668.75 0.36 16396 4076.64 0.32 972301 439255.8 21.43 310 79.39 0.32 19796 8219.42 21.43 7 3 300 413 177 17700 17.1 18.5 17.74 0.07
54000.0 310 61.95 0.21 20256 3730.7 0.36 16404 4076.69 0.32 988705 443332.48 21.43 310 79.39 0.32 20106 8298.82 21.43 7 3 300 420 180 18000 17.1 18.6 17.73 0.08
54900.0 376 62.09 0.21 20632 3792.78 0.36 16464 4076.94 0.32 1005169 447409.42 21.43 370 79.69 0.32 20476 8378.51 21.43 7 3 300 427 183 18300 17.1 18.6 17.73 0.08
55800.0 354 62.72 0.36 20986 3855.51 0.36 16439 4077.09 0.32 1021608 451486.51 21.43 350 79.8 0.32 20826 8458.31 21.43 7 3 300 434 186 18600 17.1 18.6 17.73 0.08
56700.0 310 61.95 0.21 21296 3917.45 0.36 16417 4076.64 0.32 1038025 455563.15 21.43 310 79.39 0.32 21136 8537.7 21.43 7 3 300 441 189 18900 17.1 18.6 17.7 0.08
57600.0 310 61.95 0.21 21606 3979.4 0.36 16425 4076.69 0.32 1054450 459639.83 21.43 310 79.39 0.32 21446 8617.09 21.43 7 3 300 448 192 19200 17.1 18.6 17.69 0.09
58500.0 376 62.09 0.21 21982 4041.48 0.36 16484 4076.94 0.32 1070934 463716.77 21.43 370 79.69 0.32 21816 8696.78 21.43 7 3 300 455 195 19500 17.1 18.6 17.69 0.09
59400.0 354 62.72 0.36 22336 4104.2 0.36 16432 4072.92 0.32 1087366 467789.69 21.43 350 79.72 0.32 22166 8776.5 21.43 7 3 300 462 198 19800 17.1 18.6 17.69 0.09
60300.0 310 61.94 0.21 22646 4166.15 0.36 16401 4072.46 0.32 1103767 471862.15 21.43 310 79.31 0.32 22476 8855.81 21.43 7 3 300 469 201 20100 17.0 18.6 17.67 0.1
61200.0 310 61.94 0.21 22956 4228.09 0.36 16413 4072.51 0.32 1120180 475934.66 21.43 310 79.32 0.32 22786 8935.13 21.43 7 3 300 476 204 20400 17.0 18.6 17.66 0.1
62100.0 376 62.09 0.21 23332 4290.17 0.36 16470 4072.76 0.32 1136650 480007.42 21.43 370 79.61 0.32 23156 9014.74 21.43 7 3 300 483 207 20700 17.0 18.6 17.66 0.1
63000.0 354 62.71 0.36 23686 4352.88 0.36 16431 4058.85 0.32 1153081 484066.27 21.43 350 79.45 0.32 23506 9094.2 21.43 7 3 300 490 210 21000 17.0 18.6 17.66 0.1
63900.0 310 61.93 0.21 23996 4414.81 0.36 16392 4053.08 0.32 1169473 488119.35 21.43 310 78.95 0.32 23816 9173.15 21.43 7 3 300 497 213 21300 17.0 18.6 17.65 0.11
64800.0 310 61.93 0.21 24306 4476.74 0.36 16398 4053.12 0.32 1185871 492172.47 21.43 310 78.95 0.32 24126 9252.1 21.43 7 3 300 504 216 21600 17.0 18.6 17.64 0.11
65700.0 376 62.07 0.21 24682 4538.81 0.36 16458 4053.38 0.32 1202329 496225.85 21.43 370 79.25 0.32 24496 9331.35 21.43 7 3 300 511 219 21900 17.0 18.6 17.64 0.11
66600.0 354 62.71 0.36 25036 4601.52 0.36 16423 4052.3 0.32 1218752 500278.14 21.43 350 79.33 0.32 24846 9410.68 21.43 7 3 300 518 222 22200 17.0 18.6 17.64 0.11
67500.0 310 61.93 0.21 25346 4663.44 0.36 16388 4045.59 0.32 1235140 504323.74 21.43 310 78.81 0.32 25156 9489.49 21.43 7 3 300 525 225 22500 17.0 18.6 17.63 0.11
68400.0 310 61.93 0.21 25656 4725.37 0.36 16392 4045.64 0.32 1251532 508369.37 21.43 310 78.81 0.32 25466 9568.3 21.43 7 3 300 532 228 22800 17.0 18.7 17.63 0.11
69300.0 376 62.07 0.21 26032 4787.44 0.36 16451 4045.89 0.32 1267983 512415.26 21.43 370 79.11 0.32 25836 9647.42 21.43 7 3 300 539 231 23100 17.0 18.7 17.63 0.11
70200.0 354 62.71 0.36 26386 4850.14 0.36 16408 4052.5 0.32 1284391 516467.77 21.43 350 79.33 0.32 26186 9726.75 21.43 7 3 300 546 234 23400 17.0 18.7 17.63 0.11
71100.0 310 61.93 0.21 26696 4912.07 0.36 16376 4052.79 0.32 1300767 520520.55 21.43 310 78.94 0.32 26496 9805.7 21.43 7 3 300 553 237 23700 17.0 18.7 17.62 0.12
72000.0 310 61.93 0.21 27006 4974.0 0.36 16389 4052.81 0.32 1317156 524573.37 21.43 310 78.95 0.32 26806 9884.64 21.43 7 3 300 560 240 24000 17.0 18.7 17.61 0.12
72900.0 376 62.07 0.21 27382 5036.07 0.36 16448 4053.09 0.32 1333604 528626.46 21.43 370 79.25 0.32 27176 9963.89 21.43 7 3 300 567 243 24300 17.0 18.7 17.61 0.12
73800.0 354 62.71 0.36 27736 5098.78 0.36 16416 4053.22 0.32 1350020 532679.67 21.43 350 79.35 0.32 27526 10043.24 21.43 7 3 300 574 246 24600 17.0 18.7 17.61 0.12
74700.0 310 61.93 0.21 28046 5160.71 0.36 16377 4058.61 0.32 1366397 536738.28 21.43 310 79.05 0.32 27836 10122.29 21.43 7 3 300 581 249 24900 17.0 18.7 17.6 0.12
75600.0 310 61.93 0.21 28356 5222.64 0.36 16375 4058.64 0.32 1382772 540796.92 21.43 310 79.06 0.32 28146 10201.35 21.43 7 3 300 588 252 25200 17.0 18.7 17.6 0.12
76500.0 376 62.08 0.21 28732 5284.72 0.36 16435 4058.91 0.32 1399207 544855.84 21.43 370 79.36 0.32 28516 10280.7 21.43 7 3 300 595 255 25500 17.0 18.7 17.6 0.12
77400.0 354 62.71 0.36 29086 5347.42 0.36 16402 4053.52 0.32 1415609 548909.35 21.43 350 79.35 0.32 28866 10360.06 21.43 7 3 300 602 258 25800 17.0 18.7 17.6 0.12
78300.0 310 61.93 0.21 29396 5409.35 0.36 16368 4053.08 0.32 1431977 552962.43 21.43 310 78.95 0.32 29176 10439.01 21.43 7 3 300 609 261 26100 17.0 18.7 17.59 0.12
79200.0 310 61.93 0.21 29706 5471.28 0.36 16372 4053.12 0.32 1448349 557015.54 21.43 310 78.95 0.32 29486 10517.96 21.43 7 3 300 616 264 26400 17.0 18.6 17.59 0.12
80100.0 376 62.07 0.21 30082 5533.35 0.36 16432 4053.38 0.32 1464781 561068.92 21.43 370 79.25 0.32 29856 10597.21 21.43 7 3 300 623 267 26700 17.0 18.6 17.59 0.12
81000.0 354 62.71 0.36 30436 5596.06 0.36 16399 4056.72 0.32 1481180 565125.65 21.43 350 79.41 0.32 30206 10676.62 21.43 7 3 300 630 270 27000 17.0 18.6 17.59 0.12
81900.0 310 61.94 0.21 30746 5658.0 0.36 16362 4061.8 0.32 1497542 569187.45 21.43 310 79.11 0.32 30516 10755.74 21.43 7 3 300 637 273 27300 17.0 18.6 17.59 0.12
82800.0 310 61.94 0.21 31056 5719.93 0.36 16366 4061.86 0.32 1513908 573249.31 21.43 310 79.12 0.32 30826 10834.85 21.43 7 3 300 644 276 27600 17.0 18.6 17.59 0.11
83700.0 376 62.08 0.21 31432 5782.01 0.36 16424 4062.11 0.32 1530332 577311.41 21.43 370 79.42 0.32 31196 10914.27 21.43 7 3 300 651 279 27900 17.0 18.6 17.59 0.11
84600.0 354 62.71 0.36 31786 5844.73 0.36 16397 4062.26 0.32 1546729 581373.68 21.43 350 79.52 0.32 31546 10993.79 21.43 7 3 300 658 282 28200 17.0 18.6 17.59 0.11
85500.0 310 61.93 0.21 32096 5906.66 0.36 16365 4055.38 0.32 1563094 585429.06 21.43 310 78.99 0.32 31856 11072.78 21.43 7 3 300 665 285 28500 17.0 18.6 17.59 0.11
86400.0 310 61.93 0.21 32406 5968.59 0.36 16361 4055.43 0.32 1579455 589484.49 21.43 310 78.99 0.32 32166 11151.77 21.43 7 3 300 672 288 28800 17.0 18.6 17.59 0.11
87300.0 376 62.08 0.21 32782 6030.67 0.36 16421 4055.68 0.32 1595876 593540.17 21.43 370 79.29 0.32 32536 11231.07 21.43 7 3 300 679 291 29100 17.0 18.6 17.59 0.11
88200.0 354 62.72 0.36 33136 6093.38 0.36 16391 4070.55 0.32 1612267 597610.71 21.43 350 79.67 0.32 32886 11310.74 21.43 7 3 300 686 294 29400 17.0 18.6 17.59 0.11
89100.0 310 61.95 0.21 33446 6155.33 0.36 16398 4076.63 0.32 1628665 601687.34 21.43 310 79.39 0.32 33196 11390.13 21.43 7 3 300 693 297 29700 17.0 18.6 17.62 0.08
90000.0 310 61.95 0.21 33756 6217.27 0.36 16450 4076.69 0.32 1645115 605764.03 21.43 310 79.39 0.32 33506 11469.53 21.43 7 3 300 700 300 30000 17.1 18.5 17.68 0.05
90900.0 376 62.09 0.21 34132 6279.36 0.36 16509 4076.94 0.32 1661624 609840.97 21.43 370 79.69 0.32 33876 11549.22 21.43 7 3 300 707 303 30300 17.1 18.5 17.68 0.05
91800.0 354 62.71 0.36 34486 6342.07 0.36 16465 4056.51 0.32 1678089 613897.48 21.43 350 79.41 0.32 34226 11628.63 21.43 7 3 300 714 306 30600 17.1 18.5 17.68 0.05
92700.0 310 61.92 0.21 34796 6404.0 0.36 16478 4044.0 0.32 1694567 617941.48 21.43 310 78.78 0.32 34536 11707.41 21.43 7 3 300 721 309 30900 17.1 23.8 19.35 1.94
93600.0 310 61.92 0.21 35106 6465.92 0.36 16477 4044.04 0.32 1711044 621985.52 21.43 310 78.78 0.32 34846 11786.19 21.43 7 3 300 728 312 31200 17.1 23.8 20.46 4.61
94500.0 376 62.07 0.21 35482 6527.99 0.36 16534 4044.29 0.32 1727578 626029.81 21.43 370 79.08 0.32 35216 11865.27 21.43 7 3 300 735 315 31500 17.1 23.8 20.49 4.66
95400.0 354 62.7 0.36 35836 6590.69 0.36 16513 4044.44 0.32 1744091 630074.25 21.43 350 79.18 0.32 35566 11944.46 21.43 7 3 300 742 318 31800 17.1 23.8 20.49 4.66
96300.0 310 61.92 0.21 36146 6652.61 0.36 16473 4043.99 0.32 1760564 634118.25 21.43 310 78.78 0.32 35876 12023.24 21.43 7 3 300 749 321 32100 17.1 24.0 20.84 4.63
97200.0 310 61.92 0.21 36456 6714.54 0.36 16474 4044.04 0.32 1777038 638162.28 21.43 310 78.78 0.32 36186 12102.02 21.43 7 3 300 756 324 32400 17.1 24.0 21.02 4.65
98100.0 376 62.07 0.21 36832 6776.6 0.36 16527 4044.29 0.32 1793565 642206.58 21.43 370 79.08 0.32 36556 12181.1 21.43 7 3 300 763 327 32700 17.4 24.0 21.02 4.64
99000.0 354 62.69 0.36 37186 6839.3 0.36 16504 4035.56 0.32 1810069 646242.14 21.43 350 79.02 0.32 36906 12260.12 21.43 7 3 300 770 330 33000 17.4 24.0 21.02 4.64
99900.0 310 61.92 0.21 37496 6901.22 0.36 16463 4035.13 0.32 1826532 650277.27 21.43 310 78.62 0.32 37216 12338.74 21.43 7 3 300 777 333 33300 17.4 24.0 21.25 4.09
100800.0 310 61.92 0.21 37806 6963.13 0.36 16466 4035.16 0.32 1842998 654312.44 21.43 310 78.61 0.32 37526 12417.35 21.43 7 3 300 784 336 33600 17.5 24.0 21.39 3.89
101700.0 376 62.06 0.21 38182 7025.19 0.36 16526 4035.43 0.32 1859524 658347.87 21.43 370 78.92 0.32 37896 12496.27 21.43 7 3 300 791 339 33900 17.8 24.0 21.4 3.87
102600.0 354 62.69 0.36 38536 7087.89 0.36 16502 4032.97 0.32 1876026 662380.84 21.43 350 78.97 0.32 38246 12575.24 21.43 7 3 300 798 342 34200 17.8 24.0 21.4 3.87
103500.0 310 61.92 0.21 38846 7149.8 0.36 16465 4032.51 0.32 1892491 666413.35 21.43 310 78.57 0.32 38556 12653.8 21.43 7 3 300 805 345 34500 17.8 24.0 21.54 3.3
104400.0 310 61.92 0.21 39156 7211.72 0.36 16465 4032.57 0.32 1908956 670445.91 21.43 310 78.57 0.32 38866 12732.37 21.43 7 3 300 812 348 34800 18.0 24.0 21.7 3.09
105300.0 376 62.06 0.21 39532 7273.78 0.36 16524 4032.81 0.32 1925480 674478.72 21.43 370 78.87 0.32 39236 12811.24 21.43 7 3 300 819 351 35100 18.5 24.0 21.7 3.06
106200.0 354 62.69 0.36 39886 7336.47 0.36 16502 4028.74 0.31 1941982 678507.46 21.43 350 78.89 0.31 39586 12890.13 21.43 7 3 300 826 354 35400 18.5 24.0 21.7 3.06
107100.0 310 61.91 0.21 40196 7398.38 0.36 16464 4017.76 0.31 1958446 682525.22 21.43 310 78.3 0.31 39896 12968.44 21.43 7 3 300 833 357 35700 18.5 24.0 21.69 2.85
108000.0 310 61.91 0.21 40506 7460.28 0.36 16463 4017.68 0.31 1974909 686542.89 21.43 310 78.3 0.31 40206 13046.74 21.43 7 3 300 840 360 36000 18.8 24.0 21.7 2.82
108900.0 376 62.05 0.21 40882 7522.33 0.36 16519 4018.05 0.31 1991428 690560.94 21.43 370 78.61 0.31 40576 13125.34 21.43 7 3 300 847 363 36300 18.9 24.0 21.7 2.81
109800.0 354 62.68 0.36 41236 7585.01 0.36 16495 4018.08 0.31 2007923 694579.02 21.43 350 78.7 0.31 40926 13204.04 21.43 7 3 300 854 366 36600 18.9 24.0 21.7 2.81
110700.0 310 61.91 0.21 41546 7646.92 0.36 16454 4017.75 0.31 2024377 698596.77 21.43 310 78.3 0.31 41236 13282.34 21.43 7 3 300 861 369 36900 18.9 24.0 21.59 2.76
111600.0 310 61.91 0.21 41856 7708.82 0.36 16451 4017.68 0.31 2040828 702614.45 21.43 310 78.3 0.31 41546 13360.64 21.43 7 3 300 868 372 37200 18.9 24.0 21.53 2.63
112500.0 376 62.05 0.21 42232 7770.87 0.36 16510 4018.05 0.31 2057338 706632.5 21.43 370 78.61 0.31 41916 13439.25 21.43 7 3 300 875 375 37500 18.9 23.9 21.53 2.62
113400.0 354 62.68 0.36 42586 7833.55 0.36 16487 4018.08 0.31 2073825 710650.58 21.43 350 78.7 0.31 42266 13517.95 21.43 7 3 300 882 378 37800 18.9 23.9 21.53 2.62
114300.0 310 61.91 0.21 42896 7895.46 0.36 16448 4017.75 0.31 2090273 714668.33 21.43 310 78.3 0.31 42576 13596.25 21.43 7 3 300 889 381 38100 18.9 23.9 22.82 0.88
115200.0 310 61.91 0.21 43206 7957.36 0.36 16448 4017.68 0.31 2106721 718686.01 21.43 310 78.3 0.31 42886 13674.55 21.43 7 3 300 896 384 38400 18.9 24.0 23.46 0.17
116100.0 376 62.05 0.21 43582 8019.41 0.36 16507 4018.05 0.31 2123228 722704.06 21.43 370 78.61 0.31 43256 13753.16 21.43 7 3 300 903 387 38700 22.6 24.0 23.49 0.04
117000.0 354 62.68 0.36 43936 8082.09 0.36 16487 4018.08 0.31 2139715 726722.14 21.43 350 78.7 0.31 43606 13831.85 21.43 7 3 300 910 390 39000 22.6 24.0 23.49 0.04
117900.0 310 61.91 0.21 44246 8144.0 0.36 16447 4017.75 0.31 2156162 730739.89 21.43 310 78.3 0.31 43916 13910.16 21.43 7 3 300 917 393 39300 22.6 24.0 23.54 0.02
118800.0 310 61.91 0.21 44556 8205.9 0.36 16447 4017.68 0.31 2172609 734757.56 21.43 310 78.3 0.31 44226 13988.46 21.43 7 3 300 924 396 39600 22.7 24.0 23.58 0.02
119700.0 376 62.05 0.21 44932 8267.95 0.36 16502 4018.05 0.31 2189111 738775.61 21.43 370 78.61 0.31 44596 14067.06 21.43 7 3 300 931 399 39900 22.7 24.0 23.59 0.02
120600.0 354 62.68 0.36 45286 8330.63 0.36 16482 4018.08 0.31 2205593 742793.69 21.43 350 78.7 0.31 44946 14145.76 21.43 7 3 300 938 402 40200 22.7 24.0 23.59 0.02
121500.0 310 61.91 0.21 45596 8392.54 0.36 16441 4017.75 0.31 2222034 746811.44 21.43 310 78.3 0.31 45256 14224.07 21.43 7 3 300 945 405 40500 22.7 24.0 23.63 0.01
122400.0 310 61.91 0.21 45906 8454.45 0.36 16440 4017.68 0.31 2238474 750829.12 21.43 310 78.3 0.31 45566 14302.36 21.43 7 3 300 952 408 40800 22.8 24.0 23.66 0.01
123300.0 376 62.05 0.21 46282 8516.49 0.36 16500 4018.05 0.31 2254974 754847.17 21.43 370 78.61 0.31 45936 14380.97 21.43 7 3 300 959 411 41100 22.8 24.0 23.66 0.01
124200.0 354 62.68 0.36 46636 8579.18 0.36 16479 4018.08 0.31 2271453 758865.25 21.43 350 78.7 0.31 46286 14459.67 21.43 7 3 300 966 414 41400 22.8 24.0 23.66 0.01
125100.0 310 61.91 0.21 46946 8641.08 0.36 16436 4017.75 0.31 2287889 762883.0 21.43 310 78.3 0.31 46596 14537.97 21.43 7 3 300 973 417 41700 22.8 24.0 23.69 0.01
126000.0 310 61.91 0.21 47256 8702.99 0.36 16434 4017.68 0.31 2304323 766900.67 21.43 310 78.3 0.31 46906 14616.27 21.43 7 3 300 980 420 42000 22.9 24.0 23.72 0.01
126900.0 376 62.05 0.21 47632 8765.03 0.36 16493 4018.05 0.31 2320816 770918.73 21.43 370 78.61 0.31 47276 14694.88 21.43 7 3 300 987 423 42300 22.9 24.0 23.72 0.01
127800.0 354 62.68 0.36 47986 8827.72 0.36 16471 4018.08 0.31 2337287 774936.8 21.43 350 78.7 0.31 47626 14773.58 21.43 7 3 300 994 426 42600 22.9 24.0 23.72 0.01
128700.0 310 61.91 0.21 48296 8889.62 0.36 16431 4017.75 0.31 2353718 778954.55 21.43 310 78.3 0.31 47936 14851.88 21.43 7 3 300 1001 429 42900 22.9 24.0 23.75 0.01
129600.0 310 61.91 0.21 48606 8951.53 0.36 16429 4017.68 0.31 2370147 782972.23 21.43 310 78.3 0.31 48246 14930.18 21.43 7 3 300 1008 432 43200 23.1 24.0 23.76 0.01
130500.0 376 62.05 0.21 48982 9013.58 0.36 16486 4018.05 0.31 2386633 786990.28 21.43 370 78.61 0.31 48616 15008.78 21.43 7 3 300 1015 435 43500 23.1 24.0 23.77 0.01
131400.0 354 62.68 0.36 49336 9076.26 0.36 16466 4018.08 0.31 2403099 791008.36 21.43 350 78.7 0.31 48966 15087.48 21.43 7 3 300 1022 438 43800 23.1 24.0 23.77 0.01
132300.0 310 61.91 0.21 49646 9138.16 0.36 16426 4017.75 0.31 2419525 795026.11 21.43 310 78.3 0.31 49276 15165.79 21.43 7 3 300 1029 441 44100 23.1 24.0 23.79 0.01
133200.0 310 61.91 0.21 49956 9200.07 0.36 16425 4017.68 0.31 2435950 799043.79 21.43 310 78.3 0.31 49586 15244.08 21.43 7 3 300 1036 444 44400 23.2 24.0 23.81 0.01
134100.0 376 62.05 0.21 50332 9262.12 0.36 16483 4018.05 0.31 2452433 803061.84 21.43 370 78.61 0.31 49956 15322.69 21.43 7 3 300 1043 447 44700 23.2 24.0 23.81 0.01
135000.0 354 62.68 0.36 50686 9324.8 0.36 16463 4018.08 0.31 2468896 807079.91 21.43 350 78.7 0.31 50306 15401.39 21.43 7 3 300 1050 450 45000 23.2 24.0 23.81 0.01
135900.0 310 61.91 0.21 50996 9386.7 0.36 16421 4017.75 0.31 2485317 811097.66 21.43 310 78.3 0.31 50616 15479.69 21.43 7 3 300 1057 453 45300 23.2 24.0 23.83 0.01
136800.0 310 61.91 0.21 51306 9448.61 0.36 16419 4017.68 0.31 2501736 815115.34 21.43 310 78.3 0.31 50926 15557.99 21.43 7 3 300 1064 456 45600 23.3 24.0 23.84 0.01
137700.0 376 62.05 0.21 51682 9510.66 0.36 16477 4018.05 0.31 2518213 819133.39 21.43 370 78.61 0.31 51296 15636.6 21.43 7 3 300 1071 459 45900 23.3 24.0 23.84 0.01
138600.0 354 62.68 0.36 52036 9573.34 0.36 16456 4018.08 0.31 2534669 823151.47 21.43 350 78.7 0.31 51646 15715.3 21.43 7 3 300 1078 462 46200 23.3 24.0 23.84 0.01
139500.0 310 61.91 0.21 52346 9635.24 0.36 16416 4017.75 0.31 2551085 827169.22 21.43 310 78.3 0.31 51956 15793.6 21.43 7 3 300 1085 465 46500 23.3 24.0 23.85 0.01
140400.0 310 61.91 0.21 52656 9697.15 0.36 16415 4017.68 0.31 2567500 831186.89 21.43 310 78.3 0.31 52266 15871.9 21.43 7 3 300 1092 468 46800 23.4 24.0 23.86 0.01
141300.0 376 62.05 0.21 53032 9759.2 0.36 16473 4018.05 0.31 2583973 835204.94 21.43 370 78.61 0.31 52636 15950.5 21.43 7 3 300 1099 471 47100 23.4 24.0 23.86 0.01
142200.0 354 62.68 0.36 53386 9821.88 0.36 16453 4018.08 0.31 2600426 839223.02 21.43 350 78.7 0.31 52986 16029.2 21.43 7 3 300 1106 474 47400 23.4 24.0 23.86 0.01
143100.0 310 61.91 0.21 53696 9883.79 0.36 16413 4017.75 0.31 2616839 843240.77 21.43 310 78.3 0.31 53296 16107.51 21.43 7 3 300 1113 477 47700 23.4 24.0 23.88 0.01
144000.0 310 61.91 0.21 54006 9945.69 0.36 16412 4017.68 0.31 2633251 847258.45 21.43 310 78.3 0.31 53606 16185.8 21.43 7 3 300 1120 480 48000 23.5 24.0 23.88 0.01
144900.0 376 62.05 0.21 54382 10007.74 0.36 16471 4018.05 0.31 2649722 851276.5 21.43 370 78.61 0.31 53976 16264.41 21.43 7 3 300 1127 483 48300 23.5 24.0 23.88 0.01
145800.0 354 62.68 0.36 54736 10070.42 0.36 16450 4018.08 0.31 2666172 855294.58 21.43 350 78.7 0.31 54326 16343.11 21.43 7 3 300 1134 486 48600 23.5 24.0 23.88 0.01
146700.0 310 61.91 0.21 55046 10132.33 0.36 16409 4017.75 0.31 2682581 859312.33 21.43 310 78.3 0.31 54636 16421.41 21.43 7 3 300 1141 489 48900 23.5 24.0 23.89 0.01
147600.0 310 61.91 0.21 55356 10194.23 0.36 16409 4017.68 0.31 2698990 863330.0 21.43 310 78.3 0.31 54946 16499.71 21.43 7 3 300 1148 492 49200 23.6 24.0 23.89 0.01
148500.0 376 62.05 0.21 55732 10256.28 0.36 16469 4018.05 0.31 2715459 867348.05 21.43 370 78.61 0.31 55316 16578.32 21.43 7 3 300 1155 495 49500 23.6 24.0 23.89 0.01
149400.0 354 62.68 0.36 56086 10318.96 0.36 16448 4018.08 0.31 2731907 871366.13 21.43 350 78.7 0.31 55666 16657.02 21.43 7 3 300 1162 498 49800 23.6 24.0 23.89 0.01
150300.0 310 61.91 0.21 56396 10380.87 0.36 16408 4017.75 0.31 2748315 875383.88 21.43 310 78.3 0.31 55976 16735.32 21.43 7 3 300 1169 501 50100 23.6 24.0 23.89 0.01
151200.0 310 61.91 0.21 56706 10442.77 0.36 16406 4017.68 0.31 2764721 879401.56 21.43 310 78.3 0.31 56286 16813.62 21.43 7 3 300 1176 504 50400 23.7 24.0 23.9 0.01
152100.0 376 62.05 0.21 57082 10504.82 0.36 16464 4018.05 0.31 2781185 883419.61 21.43 370 78.61 0.31 56656 16892.22 21.43 7 3 300 1183 507 50700 23.7 24.0 23.9 0.01
153000.0 354 62.68 0.36 57436 10567.5 0.36 16444 4018.08 0.31 2797629 887437.69 21.43 350 78.7 0.31 57006 16970.92 21.43 7 3 300 1190 510 51000 23.7 24.0 23.9 0.01
153900.0 310 61.91 0.21 57746 10629.41 0.36 16401 4017.75 0.31 2814030 891455.43 21.43 310 78.3 0.31 57316 17049.23 21.43 7 3 300 1197 513 51300 23.6 24.0 23.89 0.01
154800.0 310 61.91 0.21 58056 10691.31 0.36 16400 4017.68 0.31 2830430 895473.11 21.43 310 78.3 0.31 57626 17127.53 21.43 7 3 300 1204 516 51600 23.6 24.0 23.89 0.01
155700.0 376 62.05 0.21 58432 10753.36 0.36 16460 4018.05 0.31 2846890 899491.16 21.43 370 78.61 0.31 57996 17206.13 21.43 7 3 300 1211 519 51900 23.6 24.0 23.89 0.01
156600.0 354 62.68 0.36 58786 10816.04 0.36 16440 4018.08 0.31 2863330 903509.24 21.43 350 78.7 0.31 58346 17284.83 21.43 7 3 300 1218 522 52200 23.6 24.0 23.89 0.01
157500.0 310 61.91 0.21 59096 10877.95 0.36 16397 4017.75 0.31 2879727 907526.99 21.43 310 78.3 0.31 58656 17363.13 21.43 7 3 300 1225 525 52500 23.6 24.0 23.88 0.01
158400.0 310 61.91 0.21 59406 10939.85 0.36 16397 4017.68 0.31 2896124 911544.66 21.43 310 78.3 0.31 58966 17441.43 21.43 7 3 300 1232 528 52800 23.5 24.0 23.88 0.01
159300.0 376 62.05 0.21 59782 11001.9 0.36 16456 4018.05 0.31 2912580 915562.71 21.43 370 78.61 0.31 59336 17520.04 21.43 7 3 300 1239 531 53100 23.5 24.0 23.88 0.01
160200.0 354 62.68 0.36 60136 11064.59 0.36 16434 4018.08 0.31 2929014 919580.79 21.43 350 78.7 0.31 59686 17598.74 21.43 7 3 300 1246 534 53400 23.5 24.0 23.88 0.01
161100.0 310 61.91 0.21 60446 11126.49 0.36 16394 4017.75 0.31 2945408 923598.54 21.43 310 78.3 0.31 59996 17677.04 21.43 7 3 300 1253 537 53700 23.5 24.0 23.85 0.01
162000.0 310 61.91 0.21 60756 11188.4 0.36 16394 4017.68 0.31 2961802 927616.22 21.43 310 78.3 0.31 60306 17755.34 21.43 7 3 300 1260 540 54000 23.4 24.0 23.85 0.01
162900.0 376 62.05 0.21 61132 11250.44 0.36 16452 4018.05 0.31 2978254 931634.27 21.43 370 78.61 0.31 60676 17833.94 21.43 7 3 300 1267 543 54300 23.4 24.0 23.85 0.01
163800.0 354 62.68 0.36 61486 11313.12 0.36 16432 4018.08 0.31 2994686 935652.35 21.43 350 78.7 0.31 61026 17912.64 21.43 7 3 300 1274 546 54600 23.4 24.0 23.85 0.01
164700.0 310 61.91 0.21 61796 11375.03 0.36 16390 4017.75 0.31 3011076 939670.09 21.43 310 78.3 0.31 61336 17990.95 21.43 7 3 300 1281 549 54900 23.4 24.0 23.83 0.02
165600.0 310 61.91 0.21 62106 11436.93 0.36 16386 4017.68 0.31 3027462 943687.77 21.43 310 78.3 0.31 61646 18069.25 21.43 7 3 300 1288 552 55200 23.3 24.0 23.82 0.02
166500.0 376 62.05 0.21 62482 11498.98 0.36 16446 4018.05 0.31 3043908 947705.82 21.43 370 78.61 0.31 62016 18147.85 21.43 7 3 300 1295 555 55500 23.3 24.0 23.82 0.02
167400.0 354 62.68 0.36 62836 11561.66 0.36 16424 4018.08 0.31 3060332 951723.9 21.43 350 78.7 0.31 62366 18226.55 21.43 7 3 300 1302 558 55800 23.3 24.0 23.82 0.02
168300.0 310 61.91 0.21 63146 11623.57 0.36 16380 4017.75 0.31 3076712 955741.65 21.43 310 78.3 0.31 62676 18304.85 21.43 7 3 300 1309 561 56100 23.3 24.0 23.8 0.02
169200.0 310 61.91 0.21 63456 11685.47 0.36 16380 4017.68 0.31 3093092 959759.32 21.43 310 78.3 0.31 62986 18383.15 21.43 7 3 300 1316 564 56400 23.2 24.0 23.79 0.02
170100.0 376 62.05 0.21 63832 11747.52 0.36 16439 4018.05 0.31 3109531 963777.37 21.43 370 78.61 0.31 63356 18461.76 21.43 7 3 300 1323 567 56700 23.2 24.0 23.79 0.02
171000.0 354 62.68 0.36 64186 11810.2 0.36 16418 4018.08 0.31 3125949 967795.45 21.43 350 78.7 0.31 63706 18540.46 21.43 7 3 300 1330 570 57000 23.2 24.0 23.79 0.02
171900.0 310 61.91 0.21 64496 11872.11 0.36 16376 4017.75 0.31 3142325 971813.2 21.43 310 78.3 0.31 64016 18618.76 21.43 7 3 300 1337 573 57300 23.2 24.0 23.76 0.03
172800.0 310 61.91 0.21 64806 11934.01 0.36 16377 4017.68 0.31 3158702 975830.88 21.43 310 78.3 0.31 64326 18697.06 21.43 7 3 300 1344 576 57600 23.1 24.0 23.74 0.02
173700.0 376 62.05 0.21 65182 11996.06 0.36 16433 4018.05 0.31 3175135 979848.93 21.43 370 78.61 0.31 64696 18775.67 21.43 7 3 300 1351 579 57900 23.1 24.0 23.74 0.02
174600.0 354 62.68 0.36 65536 12058.74 0.36 16412 4018.08 0.31 3191547 983867.0 21.43 350 78.7 0.31 65046 18854.37 21.43 7 3 300 1358 582 58200 23.1 24.0 23.74 0.02
175500.0 310 61.91 0.21 65846 12120.65 0.36 16370 4017.75 0.31 3207917 987884.75 21.43 310 78.3 0.31 65356 18932.67 21.43 7 3 300 1365 585 58500 23.1 24.0 23.7 0.03
176400.0 310 61.91 0.21 66156 12182.55 0.36 16367 4017.68 0.31 3224284 991902.43 21.43 310 78.3 0.31 65666 19010.97 21.43 7 3 300 1372 588 58800 22.9 24.0 23.68 0.03
177300.0 376 62.05 0.21 66532 12244.6 0.36 16427 4018.05 0.31 3240711 995920.48 21.43 370 78.61 0.31 66036 19089.57 21.43 7 3 300 1379 591 59100 22.9 23.9 23.68 0.03
178200.0 354 62.68 0.36 66886 12307.28 0.36 16407 4018.08 0.31 3257118 999938.55 21.43 350 78.7 0.31 66386 19168.27 21.43 7 3 300 1386 594 59400 22.9 23.9 23.68 0.03
179100.0 310 61.91 0.21 67196 12369.19 0.36 16363 4017.75 0.31 3273481 1003956.3 21.43 310 78.3 0.31 66696 19246.58 21.43 7 3 300 1393 597 59700 22.9 23.9 23.62 0.03
180000.0 310 61.91 0.21 67506 12431.09 0.36 16364 4017.68 0.31 3289845 1007973.98 21.43 310 78.3 0.31 67006 19324.87 21.43 7 3 300 1400 600 60000 22.8 23.9 23.58 0.03
180900.0 376 62.05 0.21 67882 12493.14 0.36 16423 4018.05 0.31 3306268 1011992.03 21.43 370 78.61 0.31 67376 19403.48 21.43 7 3 300 1407 603 60300 22.8 23.9 23.58 0.03
181800.0 354 62.68 0.36 68236 12555.82 0.36 16393 4018.08 0.31 3322661 1016010.11 21.43 350 78.7 0.31 67726 19482.18 21.43 7 3 300 1414 606 60600 22.8 23.9 23.58 0.03
182700.0 310 61.91 0.21 68546 12617.73 0.36 16355 4017.75 0.31 3339016 1020027.85 21.43 310 78.3 0.31 68036 19560.48 21.43 7 3 300 1421 609 60900 22.8 23.8 23.51 0.03
183600.0 310 61.91 0.21 68856 12679.63 0.36 16356 4017.68 0.31 3355372 1024045.53 21.43 310 78.3 0.31 68346 19638.78 21.43 7 3 300 1428 612 61200 22.7 23.8 23.44 0.02
184500.0 376 62.05 0.21 69232 12741.68 0.36 16408 4018.05 0.31 3371780 1028063.58 21.43 370 78.61 0.31 68716 19717.39 21.43 7 3 300 1435 615 61500 22.7 23.8 23.44 0.02
185400.0 354 62.68 0.36 69586 12804.37 0.36 16381 4018.08 0.31 3388161 1032081.66 21.43 350 78.7 0.31 69066 19796.09 21.43 7 3 300 1442 618 61800 22.7 23.8 23.44 0.02
186300.0 310 61.91 0.21 69896 12866.27 0.36 16345 4017.75 0.31 3404506 1036099.4 21.43 310 78.3 0.31 69376 19874.39 21.43 7 3 300 1449 621 62100 22.7 23.7 23.35 0.03
187200.0 310 61.91 0.21 70206 12928.18 0.36 16349 4017.68 0.31 3420855 1040117.08 21.43 310 78.3 0.31 69686 19952.69 21.43 7 3 300 1456 624 62400 22.4 23.7 23.26 0.02
188100.0 376 62.05 0.21 70582 12990.22 0.36 16408 4018.05 0.31 3437263 1044135.13 21.43 370 78.61 0.31 70056 20031.29 21.43 7 3 300 1463 627 62700 22.4 23.7 23.26 0.02
189000.0 354 62.68 0.36 70936 13052.91 0.36 16384 4018.08 0.31 3453647 1048153.21 21.43 350 78.7 0.31 70406 20109.99 21.43 7 3 300 1470 630 63000 22.4 23.7 23.26 0.02
189900.0 310 61.91 0.21 71246 13114.81 0.36 16344 4017.75 0.31 3469991 1052170.95 21.43 310 78.3 0.31 70716 20188.3 21.43 7 3 300 1477 633 63300 22.4 23.6 23.13 0.03
190800.0 310 61.91 0.21 71556 13176.72 0.36 16347 4017.68 0.31 3486338 1056188.63 21.43 310 78.3 0.31 71026 20266.59 21.43 7 3 300 1484 636 63600 22.1 23.5 23.01 0.03
191700.0 376 62.05 0.21 71932 13238.77 0.36 16407 4018.05 0.31 3502745 1060206.68 21.43 370 78.61 0.31 71396 20345.2 21.43 7 3 300 1491 639 63900 22.1 23.5 23.01 0.03
192600.0 354 62.68 0.36 72286 13301.45 0.36 16373 4018.08 0.31 3519118 1064224.76 21.43 350 78.7 0.31 71746 20423.9 21.43 7 3 300 1498 642 64200 22.1 23.5 23.01 0.03
193500.0 310 61.91 0.21 72596 13363.35 0.36 16333 4017.75 0.31 3535451 1068242.5 21.43 310 78.3 0.31 72056 20502.2 21.43 7 3 300 1505 645 64500 22.1 23.4 22.86 0.03
194400.0 310 61.91 0.21 72906 13425.26 0.36 16336 4017.68 0.31 3551787 1072260.18 21.43 310 78.3 0.31 72366 20580.5 21.43 7 3 300 1512 648 64800 22.0 23.3 22.73 0.03
195300.0 376 62.05 0.21 73282 13487.31 0.36 16388 4018.05 0.31 3568175 1076278.23 21.43 370 78.61 0.31 72736 20659.11 21.43 7 3 300 1519 651 65100 22.0 23.3 22.72 0.02
196200.0 354 62.68 0.36 73636 13549.99 0.36 16367 4018.08 0.31 3584542 1080296.31 21.43 350 78.7 0.31 73086 20737.81 21.43 7 3 300 1526 654 65400 22.0 23.3 22.72 0.02
197100.0 310 61.91 0.21 73946 13611.89 0.36 16332 4017.75 0.31 3600874 1084314.05 21.43 310 78.3 0.31 73396 20816.11 21.43 7 3 300 1533 657 65700 22.0 23.1 22.57 0.02
198000.0 310 61.91 0.21 74256 13673.8 0.36 16311 4017.68 0.31 3617185 1088331.73 21.43 310 78.3 0.31 73706 20894.41 21.43 7 3 300 1540 660 66000 22.0 23.1 22.42 0.02
198900.0 376 62.05 0.21 74632 13735.85 0.36 16371 4018.05 0.31 3633556 1092349.78 21.43 370 78.61 0.31 74076 20973.01 21.43 7 3 300 1547 663 66300 22.0 23.1 22.41 0.02
199800.0 354 62.68 0.36 74986 13798.53 0.36 16350 4018.08 0.31 3649906 1096367.86 21.43 350 78.7 0.31 74426 21051.71 21.43 7 3 300 1554 666 66600 22.0 23.1 22.41 0.02
200700.0 310 61.91 0.21 75296 13860.43 0.36 16317 4017.75 0.31 3666223 1100385.6 21.43 310 78.3 0.31 74736 21130.02 21.43 7 3 300 1561 669 66900 22.0 22.8 22.26 0.01
201600.0 310 61.91 0.21 75606 13922.34 0.36 16319 4017.68 0.31 3682542 1104403.28 21.43 310 78.3 0.31 75046 21208.32 21.43 7 3 300 1568 672 67200 22.0 22.8 22.19 0.02
202500.0 376 62.05 0.21 75982 13984.39 0.36 16379 4018.05 0.31 3698921 1108421.33 21.43 370 78.61 0.31 75416 21286.92 21.43 7 3 300 1575 675 67500 22.0 22.8 22.18 0.02
203400.0 354 62.68 0.36 76336 14047.07 0.36 16355 4018.08 0.31 3715276 1112439.4 21.43 350 78.7 0.31 75766 21365.62 21.43 7 3 300 1582 678 67800 22.0 22.8 22.18 0.02
204300.0 310 61.91 0.21 76646 14108.98 0.36 16322 4017.75 0.31 3731598 1116457.15 21.43 310 78.3 0.31 76076 21443.92 21.43 7 3 300 1589 681 68100 22.0 22.6 22.06 0.01
205200.0 310 61.91 0.21 76956 14170.88 0.36 16321 4017.68 0.31 3747919 1120474.83 21.43 310 78.3 0.31 76386 21522.22 21.43 7 3 300 1596 684 68400 22.0 22.6 22.06 0.01
206100.0 376 62.05 0.21 77332 14232.93 0.36 16379 4018.05 0.31 3764298 1124492.88 21.43 370 78.61 0.31 76756 21600.83 21.43 7 3 300 1603 687 68700 22.0 22.6 22.06 0.01
207000.0 354 62.68 0.36 77686 14295.61 0.36 16349 4018.08 0.31 3780647 1128510.95 21.43 350 78.7 0.31 77106 21679.53 21.43 7 3 300 1610 690 69000 22.0 22.6 22.06 0.01
207900.0 310 61.91 0.21 77996 14357.51 0.36 16319 4017.75 0.31 3796966 1132528.7 21.43 310 78.3 0.31 77416 21757.83 21.43 7 3 300 1617 693 69300 22.0 22.2 22.02 0.0
208800.0 310 61.91 0.21 78306 14419.42 0.36 16315 4017.68 0.31 3813281 1136546.37 21.43 310 78.3 0.31 77726 21836.13 21.43 7 3 300 1624 696 69600 22.0 22.2 22.02 0.0
209700.0 376 62.05 0.21 78682 14481.47 0.36 16373 4018.05 0.31 3829654 1140564.42 21.43 370 78.61 0.31 78096 21914.73 21.43 7 3 300 1631 699 69900 22.0 22.2 22.02 0.0
210600.0 354 62.68 0.36 79036 14544.15 0.36 16341 4018.08 0.31 3845995 1144582.5 21.43 350 78.7 0.31 78446 21993.43 21.43 7 3 300 1638 702 70200 22.0 22.2 22.02 0.0
211500.0 310 61.91 0.21 79346 14606.05 0.36 16300 4017.75 0.31 3862295 1148600.25 21.43 310 78.3 0.31 78756 22071.74 21.43 7 3 300 1645 705 70500 22.0 22.0 22.0 0.0
212400.0 310 61.91 0.21 79656 14667.96 0.36 16299 4017.68 0.31 3878594 1152617.92 21.43 310 78.3 0.31 79066 22150.04 21.43 7 3 300 1652 708 70800 22.0 22.0 22.0 0.0
213300.0 376 62.05 0.21 80032 14730.0 0.36 16358 4018.05 0.31 3894952 1156635.97 21.43 370 78.61 0.31 79436 22228.64 21.43 7 3 300 1659 711 71100 22.0 22.0 22.0 0.0
214200.0 354 62.68 0.36 80386 14792.69 0.36 16329 4018.08 0.31 3911281 1160654.05 21.43 350 78.7 0.31 79786 22307.34 21.43 7 3 300 1666 714 71400 22.0 22.0 22.0 0.0
215100.0 310 61.91 0.21 80696 14854.59 0.36 16286 4017.75 0.31 3927567 1164671.79 21.43 310 78.3 0.31 80096 22385.64 21.43 7 3 300 1673 717 71700 22.0 22.0 22.0 0.0
216000.0 310 61.91 0.21 81006 14916.5 0.36 16278 4017.68 0.31 3943845 1168689.47 21.43 310 78.3 0.31 80406 22463.94 21.43 7 3 300 1680 720 72000 22.0 22.0 22.0 0.0
216900.0 376 62.05 0.21 81382 14978.55 0.36 16336 4018.05 0.31 3960181 1172707.52 21.43 370 78.61 0.31 80776 22542.55 21.43 7 3 300 1687 723 72300 22.0 22.0 22.0 0.0
217800.0 354 62.68 0.36 81736 15041.23 0.36 16314 4018.08 0.31 3976495 1176725.59 21.43 350 78.7 0.31 81126 22621.25 21.43 7 3 300 1694 726 72600 22.0 22.0 22.0 0.0
218700.0 310 61.91 0.21 82046 15103.13 0.36 16264 4017.75 0.31 3992759 1180743.34 21.43 310 78.3 0.31 81436 22699.55 21.43 7 3 300 1701 729 72900 22.0 22.0 22.0 0.0
219600.0 310 61.91 0.21 82356 15165.04 0.36 16263 4017.68 0.31 4009022 1184761.02 21.43 310 78.3 0.31 81746 22777.85 21.43 7 3 300 1708 732 73200 22.0 22.0 22.0 0.0
220500.0 376 62.05 0.21 82732 15227.09 0.36 16314 4018.05 0.31 4025336 1188779.06 21.43 370 78.61 0.31 82116 22856.45 21.43 7 3 300 1715 735 73500 22.0 22.0 22.0 0.0
221400.0 354 62.69 0.36 83086 15289.77 0.36 16289 4021.59 0.31 4041625 1192800.65 21.43 350 78.77 0.31 82466 22935.22 21.43 7 3 300 1722 738 73800 22.0 22.0 22.0 0.0
222300.0 310 61.91 0.21 83396 15351.68 0.36 16345 4023.75 0.31 4057970 1196824.4 21.43 310 78.42 0.31 82776 23013.64 21.43 7 3 300 1729 741 74100 20.4 22.0 21.3 0.06
223200.0 310 61.91 0.21 83706 15413.59 0.36 16373 4023.66 0.31 4074343 1200848.06 21.43 310 78.41 0.31 83086 23092.05 21.43 7 3 300 1736 744 74400 19.9 22.0 20.56 0.14
224100.0 376 62.05 0.21 84082 15475.64 0.36 16433 4024.05 0.31 4090776 1204872.11 21.43 370 78.72 0.31 83456 23170.77 21.43 7 3 300 1743 747 74700 19.8 21.8 20.53 0.11
225000.0 354 62.69 0.36 84436 15538.33 0.36 16413 4023.58 0.31 4107189 1208895.69 21.43 350 78.81 0.31 83806 23249.57 21.43 7 3 300 1750 750 75000 19.8 21.8 20.53 0.11
225900.0 310 61.91 0.21 84746 15600.24 0.36 16372 4023.97 0.31 4123561 1212919.66 21.43 310 78.42 0.31 84116 23328.0 21.43 7 3 300 1757 753 75300 19.8 21.7 20.48 0.11
226800.0 310 61.91 0.21 85056 15662.15 0.36 16376 4023.89 0.31 4139937 1216943.55 21.43 310 78.42 0.31 84426 23406.41 21.43 7 3 300 1764 756 75600 19.8 21.7 20.44 0.12
227700.0 376 62.05 0.21 85432 15724.2 0.36 16435 4024.27 0.31 4156372 1220967.82 21.43 370 78.72 0.31 84796 23485.14 21.43 7 3 300 1771 759 75900 19.8 21.7 20.44 0.12
228600.0 354 62.69 0.36 85786 15786.89 0.36 16413 4026.02 0.31 4172785 1224993.84 21.43 350 78.85 0.31 85146 23563.98 21.43 7 3 300 1778 762 76200 19.8 21.7 20.44 0.12
229500.0 310 61.91 0.21 86096 15848.8 0.36 16371 4023.85 0.31 4189156 1229017.69 21.43 310 78.42 0.31 85456 23642.4 21.43 7 3 300 1785 765 76500 19.8 21.6 20.42 0.12
230400.0 310 61.91 0.21 86406 15910.71 0.36 16373 4023.75 0.31 4205529 1233041.44 21.43 310 78.41 0.31 85766 23720.82 21.43 7 3 300 1792 768 76800 19.8 21.6 20.43 0.12
231300.0 376 62.05 0.21 86782 15972.76 0.36 16432 4024.15 0.31 4221961 1237065.59 21.43 370 78.72 0.31 86136 23799.54 21.43 7 3 300 1799 771 77100 19.8 21.6 20.43 0.12
232200.0 354 62.69 0.36 87136 16035.44 0.36 16410 4023.52 0.31 4238371 1241089.11 21.43 350 78.8 0.31 86486 23878.34 21.43 7 3 300 1806 774 77400 19.8 21.6 20.43 0.12
233100.0 310 61.91 0.21 87446 16097.35 0.36 16367 4025.07 0.31 4254738 1245114.18 21.43 310 78.44 0.31 86796 23956.78 21.43 7 3 300 1813 777 77700 19.8 21.5 20.46 0.13
234000.0 310 61.91 0.21 87756 16159.26 0.36 16369 4024.99 0.31 4271107 1249139.17 21.43 310 78.44 0.31 87106 24035.22 21.43 7 3 300 1820 780 78000 19.8 21.5 20.47 0.13
234900.0 376 62.05 0.21 88132 16221.32 0.36 16429 4025.37 0.31 4287536 1253164.54 21.43 370 78.74 0.31 87476 24113.96 21.43 7 3 300 1827 783 78300 19.8 21.5 20.47 0.13
235800.0 354 62.69 0.36 88486 16284.0 0.36 16407 4022.84 0.31 4303943 1257187.39 21.43 350 78.79 0.31 87826 24192.75 21.43 7 3 300 1834 786 78600 19.8 21.5 20.47 0.13
236700.0 310 61.91 0.21 88796 16345.91 0.36 16363 4020.28 0.31 4320306 1261207.67 21.43 310 78.35 0.31 88136 24271.11 21.43 7 3 300 1841 789 78900 19.8 21.4 20.49 0.15
237600.0 310 61.91 0.21 89106 16407.82 0.36 16365 4020.21 0.31 4336671 1265227.88 21.43 310 78.35 0.31 88446 24349.45 21.43 7 3 300 1848 792 79200 19.8 21.4 20.53 0.14
238500.0 376 62.05 0.21 89482 16469.86 0.36 16422 4020.58 0.31 4353093 1269248.46 21.43 370 78.65 0.31 88816 24428.11 21.43 7 3 300 1855 795 79500 19.7 21.4 20.53 0.14
239400.0 354 62.69 0.36 89836 16532.55 0.36 16395 4022.44 0.31 4369488 1273270.9 21.43 350 78.78 0.31 89166 24506.89 21.43 7 3 300 1862 798 79800 19.7 21.4 20.53 0.14
240300.0 310 61.91 0.21 90146 16594.46 0.36 16357 4022.12 0.31 4385845 1277293.02 21.43 310 78.39 0.31 89476 24585.27 21.43 7 3 300 1869 801 80100 19.7 21.5 20.55 0.16
241200.0 310 61.91 0.21 90456 16656.37 0.36 16354 4022.04 0.31 4402199 1281315.05 21.43 310 78.38 0.31 89786 24663.65 21.43 7 3 300 1876 804 80400 19.7 21.6 20.59 0.15
242100.0 376 62.05 0.21 90832 16718.42 0.36 16412 4022.42 0.31 4418611 1285337.47 21.43 370 78.69 0.31 90156 24742.34 21.43 7 3 300 1883 807 80700 19.7 21.6 20.59 0.15
243000.0 354 62.68 0.36 91186 16781.1 0.36 16388 4021.96 0.31 4434999 1289359.43 21.43 350 78.77 0.31 90506 24821.11 21.43 7 3 300 1890 810 81000 19.7 21.6 20.59 0.15
243900.0 310 61.91 0.21 91496 16843.01 0.36 16345 4022.95 0.31 4451344 1293382.38 21.43 310 78.4 0.31 90816 24899.51 21.43 7 3 300 1897 813 81300 19.7 21.7 20.61 0.17
244800.0 310 61.91 0.21 91806 16904.92 0.36 16349 4022.85 0.31 4467693 1297405.22 21.43 310 78.4 0.31 91126 24977.91 21.43 7 3 300 1904 816 81600 19.7 21.8 20.64 0.17
245700.0 376 62.05 0.21 92182 16966.97 0.36 16408 4023.25 0.31 4484101 1301428.47 21.43 370 78.7 0.31 91496 25056.61 21.43 7 3 300 1911 819 81900 19.6 21.8 20.64 0.17
246600.0 354 62.69 0.36 92536 17029.66 0.36 16378 4024.51 0.31 4500479 1305452.98 21.43 350 78.82 0.31 91846 25135.44 21.43 7 3 300 1918 822 82200 19.6 21.8 20.64 0.17
247500.0 310 61.91 0.21 92846 17091.57 0.36 16344 4022.8 0.31 4516823 1309475.78 21.43 310 78.4 0.31 92156 25213.83 21.43 7 3 300 1925 825 82500 19.6 21.8 20.61 0.18
248400.0 310 61.91 0.21 93156 17153.48 0.36 16340 4022.71 0.31 4533163 1313498.49 21.43 310 78.4 0.31 92466 25292.23 21.43 7 3 300 1932 828 82800 19.6 21.9 20.63 0.18
249300.0 376 62.05 0.21 93532 17215.53 0.36 16392 4023.1 0.31 4549555 1317521.58 21.43 370 78.7 0.31 92836 25370.93 21.43 7 3 300 1939 831 83100 19.5 21.9 20.63 0.19
250200.0 354 62.69 0.36 93886 17278.22 0.36 16361 4022.08 0.31 4565916 1321543.66 21.43 350 78.77 0.31 93186 25449.71 21.43 7 3 300 1946 834 83400 19.5 21.9 20.63 0.19
251100.0 310 61.91 0.21 94196 17340.13 0.36 16334 4022.16 0.31 4582250 1325565.83 21.43 310 78.39 0.31 93496 25528.09 21.43 7 3 300 1953 837 83700 19.5 21.9 20.59 0.2
252000.0 310 61.91 0.21 94506 17402.03 0.36 16337 4022.07 0.31 4598587 1329587.9 21.43 310 78.38 0.31 93806 25606.47 21.43 7 3 300 1960 840 84000 19.5 22.0 20.57 0.22
252900.0 376 62.05 0.21 94882 17464.09 0.36 16396 4022.47 0.31 4614983 1333610.36 21.43 370 78.69 0.31 94176 25685.16 21.43 7 3 300 1967 843 84300 19.5 22.0 20.57 0.22
253800.0 354 62.69 0.36 95236 17526.77 0.36 16359 4022.96 0.31 4631342 1337633.32 21.43 350 78.79 0.31 94526 25763.95 21.43 7 3 300 1974 846 84600 19.5 22.0 20.57 0.22
254700.0 310 61.91 0.21 95546 17588.68 0.36 16371 4023.19 0.31 4647713 1341656.51 21.43 310 78.41 0.31 94836 25842.36 21.43 7 3 300 1981 849 84900 19.5 22.0 20.45 0.22
255600.0 310 61.91 0.21 95856 17650.59 0.36 16379 4023.09 0.31 4664092 1345679.6 21.43 310 78.4 0.31 95146 25920.76 21.43 7 3 300 1988 852 85200 19.5 21.8 20.41 0.24
256500.0 376 62.05 0.21 96232 17712.64 0.36 16439 4023.49 0.31 4680531 1349703.09 21.43 370 78.71 0.31 95516 25999.47 21.43 7 3 300 1995 855 85500 19.3 21.8 20.41 0.24
257400.0 354 62.68 0.36 96586 17775.33 0.36 16385 4021.79 0.31 4696916 1353724.88 21.43 350 78.77 0.31 95866 26078.24 21.43 7 3 300 2002 858 85800 19.3 21.8 20.41 0.24
258300.0 310 61.91 0.21 96896 17837.24 0.36 16386 4022.88 0.31 4713302 1357747.76 21.43 310 78.4 0.31 96176 26156.64 21.43 7 3 300 2009 861 86100 19.3 21.8 20.26 0.23
259200.0 310 61.91 0.21 97206 17899.14 0.36 16391 4022.8 0.31 4729693 1361770.56 21.43 310 78.4 0.31 96486 26235.04 21.43 7 3 300 2016 864 86400 19.3 21.8 20.17 0.26
260100.0 376 62.05 0.21 97582 17961.2 0.36 16451 4023.18 0.31 4746144 1365793.74 21.43 370 78.7 0.31 96856 26313.74 21.43 7 3 300 2023 867 86700 19.2 21.6 20.17 0.26
261000.0 356 62.85 0.36 97938 18024.05 0.36 16737 192148.61 21.44 4762881 1557942.36 21.44 352 3603.92 21.44 97208 29917.66 21.44 7 3 300 2030 870 87000 19.2 21.6 20.17 0.26
261900.0 310 61.91 0.21 98248 18085.96 0.36 16421 4031.23 0.31 4779302 1561973.59 21.44 310 78.49 0.31 97518 29996.15 21.44 7 3 300 2037 873 87300 18.9 21.6 19.83 0.23
262800.0 310 61.91 0.21 98558 18147.87 0.36 16423 4031.12 0.31 4795725 1566004.71 21.44 310 78.48 0.31 97828 30074.64 21.44 7 3 300 2044 876 87600 18.9 21.6 19.66 0.24
263700.0 376 62.05 0.21 98934 18209.92 0.36 16483 4031.54 0.31 4812208 1570036.25 21.44 370 78.79 0.31 98198 30153.43 21.44 7 3 300 2051 879 87900 18.9 20.8 19.65 0.24
264600.0 356 62.87 0.36 99290 18272.79 0.36 16774 191779.85 21.41 4828982 1761816.11 21.44 352 3594.62 21.41 98550 33748.06 21.44 7 3 300 2058 882 88200 18.9 20.8 19.65 0.24
265500.0 310 61.94 0.21 99600 18334.73 0.36 16439 4075.01 0.32 4845421 1765891.12 21.44 310 79.39 0.32 98860 33827.45 21.44 7 3 300 2065 885 88500 17.3 20.8 18.4 0.26
266400.0 310 61.94 0.21 99910 18396.68 0.36 16461 4075.03 0.32 4861882 1769966.14 21.44 310 79.39 0.32 99170 33906.84 21.44 7 3 300 2072 888 88800 17.3 20.2 17.83 0.06
267300.0 376 62.09 0.21 100286 18458.76 0.36 16521 4075.32 0.32 4878403 1774041.46 21.44 370 79.7 0.32 99540 33986.54 21.44 7 3 300 2079 891 89100 17.3 18.8 17.8 0.02
268200.0 356 62.89 0.36 100642 18521.65 0.36 16812 191561.8 21.41 4895215 1965603.26 21.44 352 3593.67 21.41 99892 37580.2 21.44 7 3 300 2086 894 89400 17.3 18.8 17.8 0.02
269100.0 310 61.94 0.21 100952 18583.59 0.36 16457 4070.11 0.32 4911672 1969673.38 21.44 310 79.31 0.32 100202 37659.52 21.44 7 3 300 2093 897 89700 17.3 18.8 17.78 0.02
270000.0 310 61.94 0.21 101262 18645.53 0.36 16460 4070.09 0.32 4928132 1973743.47 21.44 310 79.31 0.32 100512 37738.83 21.44 7 3 300 2100 900 90000 17.3 18.7 17.76 0.02
270900.0 376 62.08 0.21 101638 18707.62 0.36 16520 4070.4 0.32 4944652 1977813.88 21.44 370 79.62 0.32 100882 37818.44 21.44 7 3 300 2107 903 90300 17.3 18.7 17.76 0.02
271800.0 354 62.72 0.36 101992 18770.33 0.36 16497 4067.47 0.32 4961149 1981881.35 21.44 350 79.66 0.32 101232 37898.1 21.44 7 3 300 2114 906 90600 17.3 18.7 17.76 0.02
272700.0 310 61.94 0.21 102302 18832.27 0.36 16455 4067.09 0.32 4977604 1985948.44 21.44 310 79.26 0.32 101542 37977.36 21.44 7 3 300 2121 909 90900 17.3 18.7 17.74 0.02
273600.0 310 61.94 0.21 102612 18894.21 0.36 16454 4067.07 0.32 4994058 1990015.51 21.44 310 79.25 0.32 101852 38056.61 21.44 7 3 300 2128 912 91200 17.3 18.6 17.73 0.02
274500.0 376 62.08 0.21 102988 18956.29 0.36 16513 4067.39 0.32 5010571 1994082.89 21.44 370 79.56 0.32 102222 38136.17 21.44 7 3 300 2135 915 91500 17.3 18.6 17.73 0.02
275400.0 354 62.72 0.36 103342 19019.01 0.36 16492 4076.03 0.32 5027063 1998158.93 21.44 350 79.82 0.32 102572 38215.99 21.44 7 3 300 2142 918 91800 17.3 18.6 17.73 0.02
276300.0 310 61.94 0.21 103652 19080.95 0.36 16452 4070.28 0.32 5043515 2002229.21 21.44 310 79.32 0.32 102882 38295.31 21.44 7 3 300 2149 921 92100 17.3 18.6 17.71 0.02
277200.0 310 61.94 0.21 103962 19142.89 0.36 16451 4070.26 0.32 5059966 2006299.47 21.44 310 79.31 0.32 103192 38374.62 21.44 7 3 300 2156 924 92400 17.3 18.5 17.7 0.02
278100.0 376 62.08 0.21 104338 19204.97 0.36 16511 4070.58 0.32 5076477 2010370.05 21.44 370 79.62 0.32 103562 38454.24 21.44 7 3 300 2163 927 92700 17.3 18.5 17.7 0.02
279000.0 354 62.71 0.36 104692 19267.69 0.36 16491 4065.12 0.32 5092968 2014435.17 21.44 350 79.61 0.32 103912 38533.85 21.44 7 3 300 2170 930 93000 17.3 18.5 17.7 0.02
279900.0 310 61.94 0.21 105002 19329.63 0.36 16453 4070.1 0.32 5109421 2018505.28 21.44 310 79.31 0.32 104222 38613.16 21.44 7 3 300 2177 933 93300 17.3 18.5 17.69 0.02
280800.0 310 61.94 0.21 105312 19391.57 0.36 16453 4070.09 0.32 5125874 2022575.37 21.44 310 79.31 0.32 104532 38692.48 21.44 7 3 300 2184 936 93600 17.3 18.4 17.68 0.01
281700.0 376 62.08 0.21 105688 19453.65 0.36 16511 4070.4 0.32 5142385 2026645.77 21.44 370 79.62 0.32 104902 38772.09 21.44 7 3 300 2191 939 93900 17.3 18.4 17.68 0.01
282600.0 354 62.72 0.36 106042 19516.37 0.36 16483 4070.03 0.32 5158868 2030715.81 21.44 350 79.7 0.32 105252 38851.8 21.44 7 3 300 2198 942 94200 17.3 18.4 17.68 0.01
283500.0 310 61.94 0.21 106352 19578.3 0.36 16446 4063.86 0.32 5175314 2034779.66 21.44 310 79.2 0.32 105562 38930.99 21.44 7 3 300 2205 945 94500 17.3 18.4 17.67 0.01
284400.0 310 61.94 0.21 106662 19640.24 0.36 16445 4063.83 0.32 5191759 2038843.49 21.44 310 79.19 0.32 105872 39010.19 21.44 7 3 300 2212 948 94800 17.3 18.3 17.67 0.01
285300.0 376 62.08 0.21 107038 19702.32 0.36 16500 4064.16 0.32 5208259 2042907.65 21.44 370 79.5 0.32 106242 39089.69 21.44 7 3 300 2219 951 95100 17.3 18.3 17.67 0.01
286200.0 354 62.71 0.36 107392 19765.03 0.36 16477 4061.68 0.32 5224736 2046969.32 21.44 350 79.55 0.32 106592 39169.23 21.44 7 3 300 2226 954 95400 17.3 18.3 17.67 0.01
287100.0 310 61.94 0.21 107702 19826.97 0.36 16440 4061.71 0.32 5241176 2051031.04 21.44 310 79.16 0.32 106902 39248.39 21.44 7 3 300 2233 957 95700 17.3 18.3 17.66 0.01
288000.0 310 61.94 0.21 108012 19888.9 0.36 16440 4061.69 0.32 5257616 2055092.73 21.44 310 79.15 0.32 107212 39327.54 21.44 7 3 300 2240 960 96000 17.3 18.2 17.66 0.01
288900.0 376 62.08 0.21 108388 19950.98 0.36 16500 4062.02 0.32 5274116 2059154.74 21.44 370 79.46 0.32 107582 39407.0 21.44 7 3 300 2247 963 96300 17.3 18.2 17.66 0.01
289800.0 354 62.72 0.36 108742 20013.7 0.36 16476 4070.66 0.32 5290592 2063225.4 21.44 350 79.72 0.32 107932 39486.72 21.44 7 3 300 2254 966 96600 17.3 18.2 17.66 0.01
290700.0 310 61.94 0.21 109052 20075.64 0.36 16435 4075.65 0.32 5307027 2067301.05 21.44 310 79.42 0.32 108242 39566.13 21.44 7 3 300 2261 969 96900 17.3 18.2 17.66 0.01
291600.0 310 61.94 0.21 109362 20137.59 0.36 16433 4075.64 0.32 5323460 2071376.69 21.44 310 79.42 0.32 108552 39645.55 21.44 7 3 300 2268 972 97200 17.3 18.1 17.66 0.01
292500.0 376 62.09 0.21 109738 20199.67 0.36 16490 4075.96 0.32 5339950 2075452.65 21.44 370 79.72 0.32 108922 39725.27 21.44 7 3 300 2275 975 97500 17.3 18.1 17.66 0.01
293400.0 354 62.72 0.36 110092 20262.39 0.36 16469 4076.04 0.32 5356419 2079528.68 21.44 350 79.82 0.32 109272 39805.09 21.44 7 3 300 2282 978 97800 17.3 18.1 17.66 0.01
294300.0 310 61.94 0.21 110402 20324.33 0.36 16428 4069.53 0.32 5372847 2083598.21 21.44 310 79.3 0.32 109582 39884.39 21.44 7 3 300 2289 981 98100 17.3 18.1 17.66 0.01
295200.0 310 61.94 0.21 110712 20386.27 0.36 16428 4069.5 0.32 5389275 2087667.72 21.44 310 79.3 0.32 109892 39963.69 21.44 7 3 300 2296 984 98400 17.4 18.0 17.66 0.01
296100.0 376 62.08 0.21 111088 20448.36 0.36 16487 4069.83 0.32 5405762 2091737.54 21.44 370 79.61 0.32 110262 40043.3 21.44 7 3 300 2303 987 98700 17.4 18.0 17.66 0.01
297000.0 354 62.72 0.36 111442 20511.08 0.36 16467 4069.9 0.32 5422229 2095807.45 21.44 350 79.7 0.32 110612 40123.0 21.44 7 3 300 2310 990 99000 17.4 18.0 17.66 0.01
297900.0 310 61.94 0.21 111752 20573.02 0.36 16423 4075.65 0.32 5438652 2099883.1 21.44 310 79.42 0.32 110922 40202.42 21.44 7 3 300 2317 993 99300 17.4 18.0 17.66 0.01
298800.0 310 61.94 0.21 112062 20634.96 0.36 16424 4075.64 0.32 5455076 2103958.73 21.44 310 79.42 0.32 111232 40281.83 21.44 7 3 300 2324 996 99600 17.4 18.0 17.66 0.01
299700.0 376 62.09 0.21 112438 20697.05 0.36 16484 4075.96 0.32 5471560 2108034.69 21.44 370 79.72 0.32 111602 40361.55 21.44 7 3 300 2331 999 99900 17.4 18.0 17.66 0.01
300600.0 354 62.72 0.36 112792 20759.77 0.36 16460 4076.04 0.32 5488020 2112110.72 21.44 350 79.82 0.32 111952 40441.37 21.44 7 3 300 2338 1002 100200 17.4 18.0 17.66 0.01
301500.0 310 61.94 0.21 113102 20821.71 0.36 16423 4068.97 0.32 5504443 2116179.7 21.44 310 79.29 0.32 112262 40520.66 21.44 7 3 300 2345 1005 100500 17.4 18.0 17.66 0.01
302400.0 310 61.94 0.21 113412 20883.65 0.36 16427 4068.95 0.32 5520870 2120248.65 21.44 310 79.29 0.32 112572 40599.95 21.44 7 3 300 2352 1008 100800 17.4 17.9 17.67 0.01
303300.0 376 62.08 0.21 113788 20945.74 0.36 16482 4069.27 0.32 5537352 2124317.93 21.44 370 79.59 0.32 112942 40679.55 21.44 7 3 300 2359 1011 101100 17.4 17.9 17.67 0.01
304200.0 354 62.71 0.36 114142 21008.45 0.36 16459 4063.82 0.32 5553811 2128381.74 21.44 350 79.59 0.32 113292 40759.13 21.44 7 3 300 2366 1014 101400 17.4 17.9 17.67 0.01
305100.0 310 61.94 0.21 114452 21070.39 0.36 16419 4070.1 0.32 5570230 2132451.84 21.44 310 79.31 0.32 113602 40838.45 21.44 7 3 300 2373 1017 101700 17.4 17.9 17.66 0.01
306000.0 310 61.94 0.21 114762 21132.33 0.36 16418 4070.09 0.32 5586648 2136521.93 21.44 310 79.31 0.32 113912 40917.76 21.44 7 3 300 2380 1020 102000 17.4 17.8 17.67 0.01
306900.0 376 62.08 0.21 115138 21194.41 0.36 16478 4070.4 0.32 5603126 2140592.33 21.44 370 79.62 0.32 114282 40997.37 21.44 7 3 300 2387 1023 102300 17.4 17.9 17.67 0.01
307800.0 354 62.72 0.36 115492 21257.13 0.36 16454 4076.04 0.32 5619580 2144668.37 21.44 350 79.82 0.32 114632 41077.19 21.44 7 3 300 2394 1026 102600 17.4 17.9 17.67 0.01
308700.0 310 61.94 0.21 115802 21319.08 0.36 16408 4075.65 0.32 5635988 2148744.02 21.44 310 79.42 0.32 114942 41156.61 21.44 7 3 300 2401 1029 102900 17.4 17.9 17.67 0.01
309600.0 310 61.94 0.21 116112 21381.02 0.36 16415 4075.64 0.32 5652403 2152819.66 21.44 310 79.42 0.32 115252 41236.02 21.44 7 3 300 2408 1032 103200 17.4 17.9 17.68 0.01
310500.0 376 62.09 0.21 116488 21443.11 0.36 16473 4075.96 0.32 5668876 2156895.62 21.44 370 79.72 0.32 115622 41315.74 21.44 7 3 300 2415 1035 103500 17.4 17.9 17.68 0.01
311400.0 354 62.72 0.36 116842 21505.83 0.36 16448 4076.04 0.32 5685324 2160971.65 21.44 350 79.82 0.32 115972 41395.56 21.44 7 3 300 2422 1038 103800 17.4 17.9 17.68 0.01
312300.0 310 61.94 0.21 117152 21567.77 0.36 16403 4069.53 0.32 5701727 2165041.18 21.44 310 79.3 0.32 116282 41474.86 21.44 7 3 300 2429 1041 104100 17.4 17.9 17.68 0.01
313200.0 310 61.94 0.21 117462 21629.71 0.36 16409 4069.5 0.32 5718136 2169110.68 21.44 310 79.3 0.32 116592 41554.16 21.44 7 3 300 2436 1044 104400 17.4 18.0 17.69 0.01
314100.0 376 62.08 0.21 117838 21691.79 0.36 16468 4069.83 0.32 5734604 2173180.51 21.44 370 79.61 0.32 116962 41633.77 21.44 7 3 300 2443 1047 104700 17.3 18.0 17.69 0.01
315000.0 354 62.72 0.36 118192 21754.51 0.36 16446 4069.9 0.32 5751050 2177250.42 21.44 350 79.7 0.32 117312 41713.47 21.44 7 3 300 2450 1050 105000 17.3 18.0 17.69 0.01
315900.0 310 61.94 0.21 118502 21816.45 0.36 16402 4070.28 0.32 5767452 2181320.69 21.44 310 79.32 0.32 117622 41792.79 21.44 7 3 300 2457 1053 105300 17.3 18.0 17.7 0.01
316800.0 310 61.94 0.21 118812 21878.39 0.36 16406 4070.26 0.32 5783858 2185390.95 21.44 310 79.31 0.32 117932 41872.1 21.44 7 3 300 2464 1056 105600 17.3 18.1 17.71 0.01
317700.0 376 62.08 0.21 119188 21940.47 0.36 16459 4070.58 0.32 5800317 2189461.53 21.44 370 79.62 0.32 118302 41951.72 21.44 7 3 300 2471 1059 105900 17.3 18.1 17.71 0.01
318600.0 354 62.72 0.36 119542 22003.19 0.36 16428 4070.66 0.32 5816745 2193532.2 21.44 350 79.72 0.32 118652 42031.44 21.44 7 3 300 2478 1062 106200 17.3 18.1 17.71 0.01
319500.0 310 61.94 0.21 119852 22065.14 0.36 16383 4075.65 0.32 5833128 2197607.85 21.44 310 79.42 0.32 118962 42110.86 21.44 7 3 300 2485 1065 106500 17.3 18.1 17.72 0.01
320400.0 310 61.94 0.21 120162 22127.08 0.36 16389 4075.64 0.32 5849517 2201683.48 21.44 310 79.42 0.32 119272 42190.27 21.44 7 3 300 2492 1068 106800 17.3 18.2 17.72 0.02
321300.0 376 62.09 0.21 120538 22189.17 0.36 16449 4075.95 0.32 5865966 2205759.44 21.44 370 79.72 0.32 119642 42269.99 21.44 7 3 300 2499 1071 107100 17.3 18.2 17.72 0.02
322200.0 354 62.71 0.36 120892 22251.88 0.36 16421 4059.58 0.32 5882387 2209819.01 21.44 350 79.5 0.32 119992 42349.5 21.44 7 3 300 2506 1074 107400 17.3 18.2 17.72 0.02
323100.0 310 61.93 0.21 121202 22313.81 0.36 16371 4049.53 0.32 5898758 2213868.55 21.44 310 78.93 0.32 120302 42428.42 21.44 7 3 300 2513 1077 107700 17.3 18.2 17.72 0.02
324000.0 310 61.93 0.21 121512 22375.74 0.36 16373 4049.52 0.32 5915131 2217918.06 21.44 310 78.92 0.32 120612 42507.34 21.44 7 3 300 2520 1080 108000 17.3 18.2 17.73 0.02
324900.0 376 62.07 0.21 121888 22437.81 0.36 16431 4049.83 0.32 5931562 2221967.89 21.44 370 79.23 0.32 120982 42586.57 21.44 7 3 300 2527 1083 108300 17.3 18.2 17.73 0.02
325800.0 354 62.72 0.36 122242 22500.53 0.36 16404 4069.35 0.32 5947966 2226037.24 21.44 350 79.69 0.32 121332 42666.26 21.44 7 3 300 2534 1086 108600 17.3 18.2 17.73 0.02
326700.0 310 61.94 0.21 122552 22562.47 0.36 16363 4075.65 0.32 5964329 2230112.89 21.44 310 79.42 0.32 121642 42745.68 21.44 7 3 300 2541 1089 108900 17.3 18.2 17.74 0.02
327600.0 310 61.94 0.21 122862 22624.41 0.36 16370 4075.64 0.32 5980699 2234188.53 21.44 310 79.42 0.32 121952 42825.1 21.44 7 3 300 2548 1092 109200 17.3 18.3 17.75 0.02
328500.0 376 62.09 0.21 123238 22686.5 0.36 16427 4075.95 0.32 5997126 2238264.48 21.44 370 79.72 0.32 122322 42904.82 21.44 7 3 300 2555 1095 109500 17.2 18.3 17.75 0.02
329400.0 354 62.72 0.36 123592 22749.22 0.36 16400 4076.04 0.32 6013526 2242340.52 21.44 350 79.82 0.32 122672 42984.63 21.44 7 3 300 2562 1098 109800 17.2 18.3 17.75 0.02
330300.0 310 61.94 0.21 123902 22811.17 0.36 16352 4075.65 0.32 6029878 2246416.17 21.44 310 79.42 0.32 122982 43064.05 21.44 7 3 300 2569 1101 110100 17.2 18.3 17.75 0.02
331200.0 310 61.94 0.21 124212 22873.11 0.36 16358 4075.64 0.32 6046236 2250491.81 21.44 310 79.42 0.32 123292 43143.47 21.44 7 3 300 2576 1104 110400 17.2 18.4 17.76 0.03
332100.0 376 62.09 0.21 124588 22935.2 0.36 16418 4075.95 0.32 6062654 2254567.76 21.44 370 79.72 0.32 123662 43223.19 21.44 7 3 300 2583 1107 110700 17.2 18.4 17.76 0.03
333000.0 354 62.72 0.36 124942 22997.91 0.36 16372 4070.5 0.32 6079026 2258638.25 21.44 350 79.71 0.32 124012 43302.9 21.44 7 3 300 2590 1110 111000 17.2 18.4 17.76 0.03
333900.0 310 61.94 0.21 125252 23059.85 0.36 16324 4070.1 0.32 6095350 2262708.35 21.44 310 79.31 0.32 124322 43382.21 21.44 7 3 300 2597 1113 111300 17.2 18.4 17.76 0.03
334800.0 310 61.94 0.21 125562 23121.79 0.36 16333 4070.09 0.32 6111683 2266778.45 21.44 310 79.31 0.32 124632 43461.53 21.44 7 3 300 2604 1116 111600 17.2 18.5 17.77 0.03
335700.0 376 62.08 0.21 125938 23183.88 0.36 16380 4070.4 0.32 6128063 2270848.85 21.44 370 79.62 0.32 125002 43541.14 21.44 7 3 300 2611 1119 111900 17.2 18.5 17.77 0.03
336600.0 354 62.72 0.36 126292 23246.6 0.36 16347 4076.03 0.32 6144410 2274924.88 21.44 350 79.82 0.32 125352 43620.96 21.44 7 3 300 2618 1122 112200 17.2 18.5 17.77 0.03
337500.0 310 61.94 0.21 126602 23308.54 0.36 16315 4075.65 0.32 6160725 2279000.54 21.44 310 79.42 0.32 125662 43700.38 21.44 7 3 300 2625 1125 112500 17.2 18.5 17.78 0.03
338400.0 310 61.94 0.21 126912 23370.49 0.36 16317 4075.63 0.32 6177042 2283076.17 21.44 310 79.42 0.32 125972 43779.79 21.44 7 3 300 2632 1128 112800 17.2 18.5 17.79 0.04
339300.0 376 62.09 0.21 127288 23432.57 0.36 16370 4075.95 0.32 6193412 2287152.12 21.44 370 79.72 0.32 126342 43859.51 21.44 7 3 300 2639 1131 113100 17.2 18.5 17.79 0.04
340200.0 354 62.72 0.36 127642 23495.29 0.36 16319 4067.47 0.32 6209731 2291219.6 21.44 350 79.66 0.32 126692 43939.17 21.44 7 3 300 2646 1134 113400 17.2 18.5 17.79 0.04
341100.0 310 61.94 0.21 127952 23557.23 0.36 16252 4067.08 0.32 6225983 2295286.68 21.44 310 79.26 0.32 127002 44018.43 21.44 7 3 300 2653 1137 113700 17.2 18.5 17.79 0.04
342000.0 310 61.94 0.21 128262 23619.17 0.36 16256 4067.07 0.32 6242239 2299353.75 21.44 310 79.25 0.32 127312 44097.68 21.44 7 3 300 2660 1140 114000 17.2 18.5 17.8 0.04
342900.0 376 62.08 0.21 128638 23681.25 0.36 16313 4067.39 0.32 6258552 2303421.13 21.44 370 79.56 0.32 127682 44177.24 21.44 7 3 300 2667 1143 114300 17.2 18.5 17.8 0.04
343800.0 354 62.71 0.36 128992 23743.96 0.36 16286 4060.08 0.32 6274838 2307481.22 21.44 350 79.52 0.32 128032 44256.76 21.44 7 3 300 2674 1146 114600 17.2 18.5 17.8 0.04
344700.0 310 61.93 0.21 129302 23805.89 0.36 16237 4059.71 0.32 6291075 2311540.92 21.44 310 79.12 0.32 128342 44335.88 21.44 7 3 300 2681 1149 114900 17.2 18.5 17.79 0.04
345600.0 310 61.93 0.21 129612 23867.83 0.36 16238 4059.68 0.32 6307313 2315600.6 21.44 310 79.12 0.32 128652 44414.99 21.44 7 3 300 2688 1152 115200 17.2 18.6 17.8 0.04
