# seed = 6, gamma = 0.66, beta = 0.66, dee = 10.0, dcc = 5.0, dec = 1000.0, dsCnd = 50.0, dLocalhost = 0.02, hostBroker = EDGE 
#
# The columns have the following meaning: 
# instant[SECONDS] commCountUploadPartial delaySumUploadPartial[SECONDS] delayMaxUploadPartial[SECONDS] commCountUploadTot delaySumUploadTot[SECONDS] delayMaxUploadTot[SECONDS] commCountDownloadPartial delaySumDownloadPartial[SECONDS] delayMaxDownloadPartial[SECONDS] commCountDownloadTot delaySumDownloadTot[SECONDS] delayMaxDownloadTot[SECONDS] commCountDownloadMaxPartial delaySumDownloadMaxPartial[SECONDS] delayMaxDownloadMaxPartial[SECONDS] commCountDownloadMaxTot delaySumDownloadMaxTot[SECONDS] delayMaxDownloadMaxTot[SECONDS] runOnCloudPartial runOnEdgePartial runOnSmartphonePartial runOnCloudTot runOnEdgeTot runOnSmartphoneTot minTemp maxTemp avgTemp varianceTemp
0.0 0 0.0 0.0 0 0.0 0.0 0 0.0 0.0 0 0.0 0.0 0 0.0 0.0 0 0.0 0.0 0 0 0 0 0 0 17.0 25.0 21.0 0.0
900.0 376 118.92 1.0 376 118.92 1.0 15589 6160.26 1.05 15589 6160.26 1.05 370 313.99 1.03 370 313.99 1.03 106 6 198 106 6 198 18.9 21.0 19.45 0.85
1800.0 356 120.64 1.0 732 239.56 1.0 15876 189674.84 20.99 31465 195835.11 20.99 352 3962.37 20.99 722 4276.36 20.99 106 6 198 212 12 396 18.8 18.9 18.9 0.0
2700.0 310 118.81 1.0 1042 358.37 1.0 15534 6179.28 1.05 46999 202014.39 20.99 310 313.36 1.03 1032 4589.72 20.99 106 6 198 318 18 594 17.7 18.9 18.42 0.03
3600.0 310 118.81 1.0 1352 477.18 1.0 15534 6179.24 1.05 62533 208193.63 20.99 310 313.36 1.03 1342 4903.09 20.99 106 6 198 424 24 792 17.6 18.9 18.23 0.06
4500.0 376 118.79 1.0 1728 595.96 1.0 15589 6179.79 1.05 78122 214373.42 20.99 370 314.38 1.03 1712 5217.47 20.99 106 6 198 530 30 990 17.6 18.7 18.23 0.06
5400.0 356 120.65 1.0 2084 716.61 1.0 15904 12542.91 21.06 94026 226916.33 21.06 352 337.45 21.06 2064 5554.92 21.06 106 6 198 636 36 1188 17.6 18.7 18.23 0.06
6300.0 310 118.82 1.0 2394 835.43 1.0 15580 6219.76 1.05 109606 233136.09 21.06 310 313.57 1.04 2374 5868.49 21.06 106 6 198 742 42 1386 17.6 18.7 18.23 0.05
7200.0 310 118.82 1.0 2704 954.24 1.0 15584 6221.81 1.05 125190 239357.9 21.06 310 313.57 1.04 2684 6182.07 21.06 106 6 198 848 48 1584 17.6 18.7 18.25 0.04
8100.0 376 118.96 1.0 3080 1073.2 1.0 15641 6222.87 1.05 140831 245580.77 21.06 370 314.58 1.04 3054 6496.64 21.06 106 6 198 954 54 1782 17.6 18.7 18.25 0.04
9000.0 356 120.65 1.0 3436 1193.86 1.0 15934 12566.18 21.08 156765 258146.95 21.08 352 337.59 21.08 3406 6834.24 21.08 106 6 198 1060 60 1980 17.6 18.7 18.25 0.04
9900.0 310 118.81 1.0 3746 1312.67 1.0 15589 6227.84 1.05 172354 264374.79 21.08 310 313.51 1.04 3716 7147.74 21.08 106 6 198 1166 66 2178 17.6 18.7 18.23 0.04
10800.0 310 118.81 1.0 4056 1431.48 1.0 15590 6228.85 1.05 187944 270603.64 21.08 310 313.51 1.04 4026 7461.25 21.08 106 6 198 1272 72 2376 17.6 18.7 18.16 0.05
11700.0 376 118.96 1.0 4432 1550.44 1.0 15649 6229.91 1.05 203593 276833.55 21.08 370 314.51 1.04 4396 7775.76 21.08 106 6 198 1378 78 2574 17.6 18.7 18.16 0.05
12600.0 354 119.59 1.0 4786 1670.03 1.0 15620 6228.72 1.05 219213 283062.27 21.08 350 316.55 1.04 4746 8092.31 21.08 106 6 198 1484 84 2772 17.6 18.7 18.16 0.05
13500.0 310 118.82 1.0 5096 1788.84 1.0 15547 6212.13 1.05 234760 289274.39 21.08 310 313.55 1.04 5056 8405.87 21.08 106 6 198 1590 90 2970 17.6 18.7 18.14 0.05
14400.0 310 118.82 1.0 5406 1907.66 1.0 15544 6209.97 1.05 250304 295484.36 21.08 310 313.55 1.04 5366 8719.42 21.08 106 6 198 1696 96 3168 17.6 18.7 18.14 0.05
15300.0 376 118.96 1.0 5782 2026.62 1.0 15602 6209.98 1.05 265906 301694.34 21.08 370 314.55 1.04 5736 9033.97 21.08 106 6 198 1802 102 3366 17.6 18.7 18.14 0.05
16200.0 354 119.59 1.0 6136 2146.21 1.0 15577 6210.62 1.05 281483 307904.95 21.08 350 316.53 1.04 6086 9350.5 21.08 106 6 198 1908 108 3564 17.6 18.7 18.14 0.05
17100.0 310 118.81 1.0 6446 2265.02 1.0 15541 6204.87 1.05 297024 314109.83 21.08 310 313.43 1.04 6396 9663.92 21.08 106 6 198 2014 114 3762 17.6 18.7 18.12 0.04
18000.0 310 118.81 1.0 6756 2383.82 1.0 15543 6204.81 1.05 312567 320314.64 21.08 310 313.43 1.04 6706 9977.35 21.08 106 6 198 2120 120 3960 17.6 18.7 18.11 0.04
18900.0 376 118.95 1.0 7132 2502.77 1.0 15598 6201.67 1.05 328165 326516.31 21.08 370 314.43 1.04 7076 10291.78 21.08 106 6 198 2226 126 4158 17.6 18.6 18.11 0.04
19800.0 354 119.59 1.0 7486 2622.36 1.0 15574 6205.47 1.05 343739 332721.78 21.08 350 316.46 1.04 7426 10608.24 21.08 106 6 198 2332 132 4356 17.6 18.6 18.11 0.04
20700.0 310 118.81 1.0 7796 2741.17 1.0 15540 6206.72 1.05 359279 338928.5 21.08 310 313.51 1.04 7736 10921.75 21.08 106 6 198 2438 138 4554 17.6 18.6 18.08 0.03
21600.0 310 118.81 1.0 8106 2859.99 1.0 15540 6204.55 1.05 374819 345133.05 21.08 310 313.5 1.04 8046 11235.25 21.08 106 6 198 2544 144 4752 17.6 18.6 18.08 0.03
22500.0 376 118.96 1.0 8482 2978.94 1.0 15600 6205.63 1.05 390419 351338.68 21.08 370 314.51 1.04 8416 11549.76 21.08 106 6 198 2650 150 4950 17.6 18.6 18.08 0.03
23400.0 354 119.59 1.0 8836 3098.54 1.0 15570 6205.51 1.05 405989 357544.19 21.08 350 316.53 1.04 8766 11866.29 21.08 106 6 198 2756 156 5148 17.6 18.6 18.08 0.03
24300.0 310 118.82 1.0 9146 3217.35 1.0 15533 6206.73 1.05 421522 363750.92 21.08 310 313.57 1.04 9076 12179.86 21.08 106 6 198 2862 162 5346 17.5 18.6 18.05 0.03
25200.0 310 118.82 1.0 9456 3336.17 1.0 15536 6206.64 1.05 437058 369957.56 21.08 310 313.57 1.04 9386 12493.43 21.08 106 6 198 2968 168 5544 17.5 18.6 18.04 0.03
26100.0 376 118.96 1.0 9832 3455.13 1.0 15595 6207.73 1.05 452653 376165.3 21.08 370 314.57 1.04 9756 12808.0 21.08 106 6 198 3074 174 5742 17.5 18.6 18.04 0.03
27000.0 354 119.6 1.0 10186 3574.73 1.0 15566 6206.49 1.05 468219 382371.79 21.08 350 316.57 1.04 10106 13124.57 21.08 106 6 198 3180 180 5940 17.5 18.6 18.04 0.03
27900.0 310 118.82 1.0 10496 3693.54 1.0 15532 6202.52 1.05 483751 388574.31 21.08 310 313.53 1.04 10416 13438.1 21.08 106 6 198 3286 186 6138 17.5 18.6 18.01 0.03
28800.0 310 118.82 1.0 10806 3812.36 1.0 15537 6203.48 1.05 499288 394777.8 21.08 310 313.53 1.04 10726 13751.63 21.08 106 6 198 3392 192 6336 17.5 18.6 18.0 0.03
29700.0 376 118.96 1.0 11182 3931.32 1.0 15595 6202.47 1.05 514883 400980.26 21.08 370 314.53 1.04 11096 14066.16 21.08 106 6 198 3498 198 6534 17.5 18.6 18.0 0.03
30600.0 354 119.59 1.0 11536 4050.91 1.0 15565 6202.29 1.05 530448 407182.55 21.08 350 316.53 1.04 11446 14382.69 21.08 106 6 198 3604 204 6732 17.5 18.6 18.0 0.03
31500.0 310 118.82 1.0 11846 4169.73 1.0 15538 6208.83 1.05 545986 413391.38 21.08 310 313.57 1.04 11756 14696.26 21.08 106 6 198 3710 210 6930 17.4 18.6 17.97 0.03
32400.0 310 118.82 1.0 12156 4288.55 1.0 15538 6209.79 1.05 561524 419601.17 21.08 310 313.57 1.04 12066 15009.83 21.08 106 6 198 3816 216 7128 17.4 18.6 17.96 0.03
33300.0 376 118.96 1.0 12532 4407.51 1.0 15598 6210.88 1.05 577122 425812.06 21.08 370 314.57 1.04 12436 15324.4 21.08 106 6 198 3922 222 7326 17.4 18.5 17.96 0.03
34200.0 354 119.6 1.0 12886 4527.1 1.0 15558 6204.39 1.05 592680 432016.45 21.08 350 316.57 1.04 12786 15640.97 21.08 106 6 198 4028 228 7524 17.4 18.5 17.96 0.03
35100.0 310 118.82 1.0 13196 4645.92 1.0 15534 6204.63 1.05 608214 438221.08 21.08 310 313.57 1.04 13096 15954.54 21.08 106 6 198 4134 234 7722 17.4 18.5 17.93 0.03
36000.0 310 118.82 1.0 13506 4764.74 1.0 15538 6207.69 1.05 623752 444428.78 21.08 310 313.57 1.04 13406 16268.11 21.08 106 6 198 4240 240 7920 17.4 18.5 17.92 0.03
36900.0 376 118.96 1.0 13882 4883.7 1.0 15597 6208.78 1.05 639349 450637.56 21.08 370 314.57 1.04 13776 16582.68 21.08 106 6 198 4346 246 8118 17.4 18.5 17.92 0.03
37800.0 354 119.59 1.0 14236 5003.29 1.0 15554 6200.3 1.05 654903 456837.86 21.08 350 316.51 1.04 14126 16899.19 21.08 106 6 198 4452 252 8316 17.4 18.5 17.92 0.03
38700.0 310 118.81 1.0 14546 5122.1 1.0 15528 6201.54 1.05 670431 463039.4 21.08 310 313.51 1.04 14436 17212.7 21.08 106 6 198 4558 258 8514 17.3 18.5 17.89 0.03
39600.0 310 118.81 1.0 14856 5240.92 1.0 15538 6203.59 1.05 685969 469242.99 21.08 310 313.51 1.04 14746 17526.21 21.08 106 6 198 4664 264 8712 17.3 18.5 17.88 0.03
40500.0 376 118.96 1.0 15232 5359.87 1.0 15596 6203.6 1.05 701565 475446.59 21.08 370 314.51 1.04 15116 17840.72 21.08 106 6 198 4770 270 8910 17.3 18.5 17.88 0.03
41400.0 354 119.6 1.0 15586 5479.47 1.0 15557 6201.24 1.05 717122 481647.83 21.08 350 316.57 1.04 15466 18157.29 21.08 106 6 198 4876 276 9108 17.3 18.5 17.88 0.03
42300.0 310 118.82 1.0 15896 5598.28 1.0 15527 6203.65 1.05 732649 487851.47 21.08 310 313.53 1.04 15776 18470.82 21.08 106 6 198 4982 282 9306 17.3 18.5 17.85 0.04
43200.0 310 118.82 1.0 16206 5717.1 1.0 15531 6203.56 1.05 748180 494055.03 21.08 310 313.53 1.04 16086 18784.34 21.08 106 6 198 5088 288 9504 17.3 18.5 17.84 0.04
44100.0 376 118.96 1.0 16582 5836.06 1.0 15591 6204.64 1.05 763771 500259.68 21.08 370 314.53 1.04 16456 19098.87 21.08 106 6 198 5194 294 9702 17.2 18.4 17.83 0.04
45000.0 354 119.59 1.0 16936 5955.65 1.0 15550 6197.11 1.05 779321 506456.79 21.08 350 316.53 1.04 16806 19415.4 21.08 106 6 198 5300 300 9900 17.2 18.4 17.83 0.04
45900.0 310 118.82 1.0 17246 6074.46 1.0 15525 6203.38 1.05 794846 512660.17 21.08 310 313.54 1.04 17116 19728.95 21.08 106 6 198 5406 306 10098 17.2 18.5 17.81 0.05
46800.0 310 118.82 1.0 17556 6193.28 1.0 15534 6206.44 1.05 810380 518866.62 21.08 310 313.54 1.04 17426 20042.49 21.08 106 6 198 5512 312 10296 17.2 18.5 17.8 0.05
47700.0 376 118.96 1.0 17932 6312.24 1.0 15593 6207.53 1.05 825973 525074.15 21.08 370 314.55 1.04 17796 20357.04 21.08 106 6 198 5618 318 10494 17.2 18.5 17.8 0.05
48600.0 354 119.59 1.0 18286 6431.83 1.0 15548 6199.99 1.05 841521 531274.14 21.08 350 316.54 1.04 18146 20673.58 21.08 106 6 198 5724 324 10692 17.2 18.5 17.8 0.05
49500.0 310 118.82 1.0 18596 6550.65 1.0 15525 6204.63 1.05 857046 537478.77 21.08 310 313.57 1.04 18456 20987.15 21.08 106 6 198 5830 330 10890 17.1 18.5 17.76 0.06
50400.0 310 118.82 1.0 18906 6669.47 1.0 15534 6207.69 1.05 872580 543686.47 21.08 310 313.57 1.04 18766 21300.72 21.08 106 6 198 5936 336 11088 17.1 18.5 17.75 0.06
51300.0 376 118.96 1.0 19282 6788.43 1.0 15592 6206.68 1.05 888172 549893.15 21.08 370 314.57 1.04 19136 21615.29 21.08 106 6 198 6042 342 11286 17.1 18.5 17.75 0.06
52200.0 354 119.6 1.0 19636 6908.02 1.0 15547 6200.19 1.05 903719 556093.35 21.08 350 316.57 1.04 19486 21931.87 21.08 106 6 198 6148 348 11484 17.1 18.5 17.75 0.06
53100.0 310 118.82 1.0 19946 7026.84 1.0 15508 6198.33 1.05 919227 562291.68 21.08 310 313.57 1.04 19796 22245.44 21.08 106 6 198 6254 354 11682 17.1 18.6 17.73 0.07
54000.0 310 118.82 1.0 20256 7145.66 1.0 15517 6199.29 1.05 934744 568490.97 21.08 310 313.57 1.04 20106 22559.01 21.08 106 6 198 6360 360 11880 17.1 18.6 17.72 0.07
54900.0 376 118.96 1.0 20632 7264.62 1.0 15575 6199.33 1.05 950319 574690.3 21.08 370 314.57 1.04 20476 22873.58 21.08 106 6 198 6466 366 12078 17.1 18.6 17.72 0.07
55800.0 354 119.6 1.0 20986 7384.22 1.0 15545 6197.04 1.05 965864 580887.35 21.08 350 316.57 1.04 20826 23190.15 21.08 106 6 198 6572 372 12276 17.1 18.6 17.72 0.07
56700.0 310 118.82 1.0 21296 7503.04 1.0 15521 6203.58 1.05 981385 587090.93 21.08 310 313.57 1.04 21136 23503.72 21.08 106 6 198 6678 378 12474 17.1 18.6 17.69 0.08
57600.0 310 118.82 1.0 21606 7621.85 1.0 15529 6206.64 1.05 996914 593297.58 21.08 310 313.57 1.04 21446 23817.29 21.08 106 6 198 6784 384 12672 17.1 18.6 17.69 0.08
58500.0 376 118.96 1.0 21982 7740.82 1.0 15589 6207.73 1.05 1012503 599505.31 21.08 370 314.57 1.04 21816 24131.87 21.08 106 6 198 6890 390 12870 17.1 18.6 17.69 0.08
59400.0 354 119.59 1.0 22336 7860.41 1.0 15536 6197.22 1.05 1028039 605702.53 21.08 350 316.55 1.04 22166 24448.42 21.08 106 6 198 6996 396 13068 17.1 18.6 17.69 0.08
60300.0 310 118.82 1.0 22646 7979.22 1.0 15517 6202.67 1.05 1043556 611905.2 21.08 310 313.55 1.04 22476 24761.97 21.08 106 6 198 7102 402 13266 17.0 18.6 17.66 0.09
61200.0 310 118.82 1.0 22956 8098.04 1.0 15529 6208.92 1.05 1059085 618114.12 21.08 310 313.55 1.04 22786 25075.52 21.08 106 6 198 7208 408 13464 17.0 18.6 17.65 0.09
62100.0 376 118.96 1.0 23332 8217.0 1.0 15586 6208.93 1.05 1074671 624323.05 21.08 370 314.55 1.04 23156 25390.08 21.08 106 6 198 7314 414 13662 17.0 18.6 17.65 0.09
63000.0 354 119.59 1.0 23686 8336.59 1.0 15536 6195.11 1.05 1090207 630518.15 21.08 350 316.47 1.04 23506 25706.54 21.08 106 6 198 7420 420 13860 17.0 18.6 17.65 0.09
63900.0 310 118.81 1.0 23996 8455.39 1.0 15496 6186.03 1.05 1105703 636704.18 21.08 310 313.43 1.04 23816 26019.97 21.08 106 6 198 7526 426 14058 17.0 18.6 17.63 0.1
64800.0 310 118.81 1.0 24306 8574.2 1.0 15504 6190.15 1.05 1121207 642894.34 21.08 310 313.42 1.04 24126 26333.39 21.08 106 6 198 7632 432 14256 17.0 18.6 17.63 0.1
65700.0 376 118.79 1.0 24682 8692.99 1.0 15564 6190.76 1.05 1136771 649085.09 21.08 370 314.43 1.04 24496 26647.82 21.08 106 6 198 7738 438 14454 17.0 18.6 17.63 0.1
66600.0 354 119.58 1.0 25036 8812.57 1.0 15530 6187.64 1.05 1152301 655272.73 21.08 350 316.4 1.04 24846 26964.22 21.08 106 6 198 7844 444 14652 17.0 18.6 17.63 0.1
67500.0 310 118.8 1.0 25346 8931.37 1.0 15490 6182.4 1.05 1167791 661455.13 21.08 310 313.37 1.04 25156 27277.59 21.08 106 6 198 7950 450 14850 17.0 18.7 17.62 0.1
68400.0 310 118.8 1.0 25656 9050.17 1.0 15495 6184.42 1.05 1183286 667639.55 21.08 310 313.37 1.04 25466 27590.96 21.08 106 6 198 8056 456 15048 17.0 18.7 17.61 0.11
69300.0 376 118.95 1.0 26032 9169.12 1.0 15555 6185.5 1.05 1198841 673825.04 21.08 370 314.37 1.04 25836 27905.34 21.08 106 6 198 8162 462 15246 17.0 18.7 17.61 0.11
70200.0 354 119.58 1.0 26386 9288.7 1.0 15520 6185.9 1.05 1214361 680010.94 21.08 350 316.41 1.04 26186 28221.75 21.08 106 6 198 8268 468 15444 17.0 18.7 17.61 0.11
71100.0 310 118.8 1.0 26696 9407.51 1.0 15487 6184.3 1.05 1229848 686195.24 21.08 310 313.39 1.04 26496 28535.14 21.08 106 6 198 8374 474 15642 17.0 18.7 17.6 0.11
72000.0 310 118.8 1.0 27006 9526.31 1.0 15497 6188.44 1.05 1245345 692383.68 21.08 310 313.39 1.04 26806 28848.53 21.08 106 6 198 8480 480 15840 17.0 18.7 17.59 0.11
72900.0 376 118.78 1.0 27382 9645.09 1.0 15555 6188.92 1.05 1260900 698572.6 21.08 370 314.41 1.04 27176 29162.94 21.08 106 6 198 8586 486 16038 17.0 18.7 17.59 0.11
73800.0 354 119.58 1.0 27736 9764.68 1.0 15523 6186.19 1.05 1276423 704758.79 21.08 350 316.39 1.04 27526 29479.33 21.08 106 6 198 8692 492 16236 17.0 18.7 17.59 0.11
74700.0 310 118.81 1.0 28046 9883.49 1.0 15485 6187.14 1.05 1291908 710945.93 21.08 310 313.45 1.04 27836 29792.78 21.08 106 6 198 8798 498 16434 17.0 18.7 17.58 0.11
75600.0 310 118.81 1.0 28356 10002.3 1.0 15484 6187.07 1.05 1307392 717133.0 21.08 310 313.45 1.04 28146 30106.23 21.08 106 6 198 8904 504 16632 17.0 18.7 17.58 0.11
76500.0 376 118.95 1.0 28732 10121.25 1.0 15544 6188.14 1.05 1322936 723321.14 21.08 370 314.45 1.04 28516 30420.68 21.08 106 6 198 9010 510 16830 17.0 18.7 17.58 0.11
77400.0 354 119.58 1.0 29086 10240.83 1.0 15511 6183.7 1.05 1338447 729504.85 21.08 350 316.43 1.04 28866 30737.1 21.08 106 6 198 9116 516 17028 17.0 18.7 17.58 0.11
78300.0 310 118.81 1.0 29396 10359.64 1.0 15471 6179.73 1.05 1353918 735684.57 21.08 310 313.42 1.04 29176 31050.53 21.08 106 6 198 9222 522 17226 17.0 18.6 17.58 0.11
79200.0 310 118.81 1.0 29706 10478.45 1.0 15478 6181.75 1.05 1369396 741866.32 21.08 310 313.42 1.04 29486 31363.95 21.08 106 6 198 9328 528 17424 17.0 18.6 17.57 0.11
80100.0 376 118.79 1.0 30082 10597.24 1.0 15538 6182.36 1.05 1384934 748048.68 21.08 370 314.43 1.04 29856 31678.38 21.08 106 6 198 9434 534 17622 17.0 18.6 17.57 0.11
81000.0 354 119.59 1.0 30436 10716.83 1.0 15510 6183.84 1.05 1400444 754232.52 21.08 350 316.45 1.04 30206 31994.83 21.08 106 6 198 9540 540 17820 17.0 18.6 17.57 0.11
81900.0 310 118.81 1.0 30746 10835.64 1.0 15470 6182.87 1.05 1415914 760415.39 21.08 310 313.49 1.04 30516 32308.32 21.08 106 6 198 9646 546 18018 17.0 18.6 17.57 0.11
82800.0 310 118.81 1.0 31056 10954.45 1.0 15473 6182.79 1.05 1431387 766598.17 21.08 310 313.49 1.04 30826 32621.81 21.08 106 6 198 9752 552 18216 17.0 18.6 17.57 0.11
83700.0 376 118.96 1.0 31432 11073.41 1.0 15528 6180.72 1.05 1446915 772778.89 21.08 370 314.49 1.04 31196 32936.3 21.08 106 6 198 9858 558 18414 17.0 18.6 17.57 0.11
84600.0 354 119.59 1.0 31786 11193.0 1.0 15501 6180.54 1.05 1462416 778959.43 21.08 350 316.49 1.04 31546 33252.79 21.08 106 6 198 9964 564 18612 17.0 18.6 17.57 0.11
85500.0 310 118.81 1.0 32096 11311.81 1.0 15462 6178.47 1.05 1477878 785137.9 21.08 310 313.46 1.04 31856 33566.26 21.08 106 6 198 10070 570 18810 17.0 18.6 17.58 0.1
86400.0 310 118.81 1.0 32406 11430.62 1.0 15462 6180.49 1.05 1493340 791318.39 21.08 310 313.46 1.04 32166 33879.72 21.08 106 6 198 10176 576 19008 17.0 18.6 17.58 0.1
87300.0 376 118.95 1.0 32782 11549.57 1.0 15522 6181.57 1.05 1508862 797499.96 21.08 370 314.46 1.04 32536 34194.18 21.08 106 6 198 10282 582 19206 17.0 18.6 17.58 0.1
88200.0 354 119.59 1.0 33136 11669.17 1.0 15495 6184.24 1.05 1524357 803684.2 21.08 350 316.54 1.04 32886 34510.73 21.08 106 6 198 10388 588 19404 17.0 18.6 17.58 0.1
89100.0 310 118.82 1.0 33446 11787.98 1.0 15498 6194.13 1.05 1539855 809878.33 21.08 310 313.57 1.04 33196 34824.3 21.08 106 6 198 10494 594 19602 17.1 18.5 17.61 0.07
90000.0 310 118.82 1.0 33756 11906.8 1.0 15537 6208.74 1.05 1555392 816087.07 21.08 310 313.57 1.04 33506 35137.87 21.08 106 6 198 10600 600 19800 17.1 18.5 17.66 0.05
90900.0 376 118.96 1.0 34132 12025.76 1.0 15597 6209.83 1.05 1570989 822296.91 21.08 370 314.57 1.04 33876 35452.44 21.08 106 6 198 10706 606 19998 17.1 18.5 17.67 0.05
91800.0 354 119.59 1.0 34486 12145.35 1.0 15554 6199.53 1.05 1586543 828496.43 21.08 350 316.45 1.04 34226 35768.89 21.08 106 6 198 10812 612 20196 17.1 18.5 17.67 0.05
92700.0 310 118.8 1.0 34796 12264.15 1.0 15579 6217.62 1.05 1602122 834714.05 21.08 310 313.36 1.04 34536 36082.25 21.08 106 6 198 10918 618 20394 17.1 23.8 19.53 2.38
93600.0 310 118.8 1.0 35106 12382.95 1.0 15580 6219.64 1.05 1617702 840933.69 21.08 310 313.36 1.04 34846 36395.62 21.08 106 6 198 11024 624 20592 17.1 23.8 20.49 4.52
94500.0 376 118.94 1.0 35482 12501.9 1.0 15640 6220.71 1.05 1633342 847154.4 21.08 370 314.36 1.04 35216 36709.98 21.08 106 6 198 11130 630 20790 17.1 23.8 20.53 4.54
95400.0 354 119.58 1.0 35836 12621.48 1.0 15615 6220.54 1.05 1648957 853374.93 21.08 350 316.36 1.04 35566 37026.34 21.08 106 6 198 11236 636 20988 17.1 23.8 20.53 4.54
96300.0 310 118.8 1.0 36146 12740.28 1.0 15576 6219.71 1.05 1664533 859594.64 21.08 310 313.36 1.04 35876 37339.71 21.08 106 6 198 11342 642 21186 17.1 24.0 20.88 4.51
97200.0 310 118.8 1.0 36456 12859.08 1.0 15575 6218.59 1.05 1680108 865813.23 21.08 310 313.36 1.04 36186 37653.07 21.08 106 6 198 11448 648 21384 17.4 24.0 21.05 4.46
98100.0 376 118.94 1.0 36832 12978.02 1.0 15632 6218.61 1.05 1695740 872031.84 21.08 370 314.36 1.04 36556 37967.43 21.08 106 6 198 11554 654 21582 17.4 24.0 21.05 4.47
99000.0 354 119.57 1.0 37186 13097.6 1.0 15611 6218.56 1.05 1711351 878250.4 21.08 350 316.32 1.03 36906 38283.76 21.08 106 6 198 11660 660 21780 17.4 24.0 21.05 4.47
99900.0 310 118.8 1.0 37496 13216.39 1.0 15568 6215.61 1.05 1726919 884466.01 21.08 310 313.32 1.03 37216 38597.08 21.08 106 6 198 11766 666 21978 17.5 24.0 21.28 3.93
100800.0 310 118.8 1.0 37806 13335.19 1.0 15567 6211.36 1.05 1742486 890677.36 21.08 310 313.32 1.03 37526 38910.4 21.08 106 6 198 11872 672 22176 17.7 24.0 21.43 3.71
101700.0 376 118.94 1.0 38182 13454.13 1.0 15626 6212.41 1.05 1758112 896889.77 21.08 370 314.32 1.03 37896 39224.72 21.08 106 6 198 11978 678 22374 17.8 24.0 21.43 3.7
102600.0 354 119.57 1.0 38536 13573.7 1.0 15600 6212.48 1.05 1773712 903102.25 21.08 350 316.31 1.03 38246 39541.03 21.08 106 6 198 12084 684 22572 17.8 24.0 21.43 3.7
103500.0 310 118.8 1.0 38846 13692.5 1.0 15565 6210.57 1.05 1789277 909312.82 21.08 310 313.3 1.03 38556 39854.33 21.08 106 6 198 12190 690 22770 18.0 24.0 21.57 3.16
104400.0 310 118.8 1.0 39156 13811.3 1.0 15565 6209.47 1.05 1804842 915522.29 21.08 310 313.3 1.03 38866 40167.63 21.08 106 6 198 12296 696 22968 18.2 24.0 21.74 2.93
105300.0 376 118.94 1.0 39532 13930.24 1.0 15622 6208.42 1.05 1820464 921730.71 21.08 370 314.3 1.03 39236 40481.94 21.08 106 6 198 12402 702 23166 18.5 24.0 21.74 2.92
106200.0 354 119.57 1.0 39886 14049.81 1.0 15599 6208.26 1.05 1836063 927938.97 21.08 350 316.28 1.03 39586 40798.22 21.08 106 6 198 12508 708 23364 18.5 24.0 21.74 2.92
107100.0 310 118.79 1.0 40196 14168.59 1.0 15559 6202.31 1.05 1851622 934141.28 21.08 310 313.2 1.03 39896 41111.42 21.08 106 6 198 12614 714 23562 18.8 24.0 21.72 2.72
108000.0 310 118.79 1.0 40506 14287.38 1.0 15556 6202.28 1.05 1867178 940343.56 21.08 310 313.2 1.03 40206 41424.62 21.08 106 6 198 12720 720 23760 18.8 24.0 21.74 2.7
108900.0 376 118.93 1.0 40882 14406.31 1.0 15614 6202.26 1.05 1882792 946545.82 21.08 370 314.2 1.03 40576 41738.82 21.08 106 6 198 12826 726 23958 18.9 24.0 21.74 2.7
109800.0 354 119.57 1.0 41236 14525.88 1.0 15591 6203.18 1.05 1898383 952749.0 21.08 350 316.2 1.03 40926 42055.02 21.08 106 6 198 12932 732 24156 18.9 24.0 21.74 2.7
110700.0 310 118.79 1.0 41546 14644.67 1.0 15552 6199.16 1.05 1913935 958948.16 21.08 310 313.2 1.03 41236 42368.22 21.08 106 6 198 13038 738 24354 18.9 24.0 21.62 2.6
111600.0 310 118.79 1.0 41856 14763.46 1.0 15551 6199.13 1.05 1929486 965147.29 21.08 310 313.2 1.03 41546 42681.42 21.08 106 6 198 13144 744 24552 18.9 24.0 21.56 2.51
112500.0 376 118.93 1.0 42232 14882.39 1.0 15610 6199.11 1.05 1945096 971346.4 21.08 370 314.2 1.03 41916 42995.62 21.08 106 6 198 13250 750 24750 18.9 23.9 21.56 2.51
113400.0 354 119.56 1.0 42586 15001.95 1.0 15585 6200.03 1.05 1960681 977546.43 21.08 350 316.2 1.03 42266 43311.82 21.08 106 6 198 13356 756 24948 18.9 23.9 21.56 2.51
114300.0 310 118.79 1.0 42896 15120.74 1.0 15554 6198.11 1.05 1976235 983744.54 21.08 310 313.2 1.03 42576 43625.02 21.08 106 6 198 13462 762 25146 18.9 24.0 22.87 0.85
115200.0 310 118.79 1.0 43206 15239.53 1.0 15554 6198.08 1.05 1991789 989942.62 21.08 310 313.2 1.03 42886 43938.22 21.08 106 6 198 13568 768 25344 18.9 24.0 23.5 0.1
116100.0 376 118.93 1.0 43582 15358.46 1.0 15612 6198.06 1.05 2007401 996140.68 21.08 370 314.2 1.03 43256 44252.42 21.08 106 6 198 13674 774 25542 22.6 24.0 23.52 0.03
117000.0 354 119.56 1.0 43936 15478.02 1.0 15592 6200.03 1.05 2022993 1002340.71 21.08 350 316.2 1.03 43606 44568.62 21.08 106 6 198 13780 780 25740 22.6 24.0 23.52 0.03
117900.0 310 118.79 1.0 44246 15596.81 1.0 15552 6197.06 1.05 2038545 1008537.76 21.08 310 313.2 1.03 43916 44881.82 21.08 106 6 198 13886 786 25938 22.7 24.0 23.55 0.02
118800.0 310 118.79 1.0 44556 15715.6 1.0 15551 6195.98 1.05 2054096 1014733.75 21.08 310 313.2 1.03 44226 45195.02 21.08 106 6 198 13992 792 26136 22.7 24.0 23.6 0.02
119700.0 376 118.93 1.0 44932 15834.53 1.0 15611 6197.01 1.05 2069707 1020930.75 21.08 370 314.2 1.03 44596 45509.22 21.08 106 6 198 14098 798 26334 22.7 24.0 23.6 0.02
120600.0 354 119.57 1.0 45286 15954.1 1.0 15590 6198.98 1.05 2085297 1027129.74 21.08 350 316.2 1.03 44946 45825.42 21.08 106 6 198 14204 804 26532 22.7 24.0 23.6 0.02
121500.0 310 118.79 1.0 45596 16072.88 1.0 15549 6196.01 1.05 2100846 1033325.74 21.08 310 313.2 1.03 45256 46138.62 21.08 106 6 198 14310 810 26730 22.8 24.0 23.64 0.01
122400.0 310 118.79 1.0 45906 16191.67 1.0 15548 6194.93 1.05 2116394 1039520.67 21.08 310 313.2 1.03 45566 46451.81 21.08 106 6 198 14416 816 26928 22.8 24.0 23.66 0.01
123300.0 376 118.93 1.0 46282 16310.6 1.0 15607 6194.91 1.05 2132001 1045715.58 21.08 370 314.2 1.03 45936 46766.01 21.08 106 6 198 14522 822 27126 22.8 24.0 23.66 0.01
124200.0 354 119.56 1.0 46636 16430.17 1.0 15587 6196.88 1.05 2147588 1051912.47 21.08 350 316.2 1.03 46286 47082.22 21.08 106 6 198 14628 828 27324 22.8 24.0 23.66 0.01
125100.0 310 118.79 1.0 46946 16548.96 1.0 15542 6190.76 1.05 2163130 1058103.22 21.08 310 313.2 1.03 46596 47395.41 21.08 106 6 198 14734 834 27522 22.9 24.0 23.69 0.01
126000.0 310 118.79 1.0 47256 16667.75 1.0 15542 6190.73 1.05 2178672 1064293.95 21.08 310 313.2 1.03 46906 47708.61 21.08 106 6 198 14840 840 27720 22.9 24.0 23.72 0.01
126900.0 376 118.93 1.0 47632 16786.68 1.0 15602 6191.76 1.05 2194274 1070485.71 21.08 370 314.2 1.03 47276 48022.81 21.08 106 6 198 14946 846 27918 22.9 24.0 23.72 0.01
127800.0 354 119.57 1.0 47986 16906.24 1.0 15579 6193.73 1.05 2209853 1076679.44 21.08 350 316.2 1.03 47626 48339.01 21.08 106 6 198 15052 852 28116 22.9 24.0 23.72 0.01
128700.0 310 118.79 1.0 48296 17025.03 1.0 15539 6190.76 1.05 2225392 1082870.2 21.08 310 313.2 1.03 47936 48652.21 21.08 106 6 198 15158 858 28314 23.1 24.0 23.75 0.01
129600.0 310 118.79 1.0 48606 17143.82 1.0 15537 6190.73 1.05 2240929 1089060.93 21.08 310 313.2 1.03 48246 48965.41 21.08 106 6 198 15264 864 28512 23.1 24.0 23.76 0.01
130500.0 376 118.93 1.0 48982 17262.75 1.0 15595 6189.66 1.05 2256524 1095250.59 21.08 370 314.2 1.03 48616 49279.61 21.08 106 6 198 15370 870 28710 23.1 24.0 23.76 0.01
131400.0 354 119.56 1.0 49336 17382.31 1.0 15575 6191.63 1.05 2272099 1101442.22 21.08 350 316.2 1.03 48966 49595.81 21.08 106 6 198 15476 876 28908 23.1 24.0 23.76 0.01
132300.0 310 118.79 1.0 49646 17501.1 1.0 15534 6187.61 1.05 2287633 1107629.83 21.08 310 313.2 1.03 49276 49909.01 21.08 106 6 198 15582 882 29106 23.2 24.0 23.78 0.01
133200.0 310 118.79 1.0 49956 17619.89 1.0 15532 6187.58 1.05 2303165 1113817.41 21.08 310 313.2 1.03 49586 50222.21 21.08 106 6 198 15688 888 29304 23.2 24.0 23.8 0.01
134100.0 376 118.93 1.0 50332 17738.82 1.0 15592 6188.61 1.05 2318757 1120006.01 21.08 370 314.2 1.03 49956 50536.41 21.08 106 6 198 15794 894 29502 23.2 24.0 23.8 0.01
135000.0 354 119.57 1.0 50686 17858.39 1.0 15572 6190.58 1.05 2334329 1126196.6 21.08 350 316.2 1.03 50306 50852.61 21.08 106 6 198 15900 900 29700 23.2 24.0 23.8 0.01
135900.0 310 118.79 1.0 50996 17977.17 1.0 15528 6185.51 1.05 2349857 1132382.1 21.08 310 313.2 1.03 50616 51165.81 21.08 106 6 198 16006 906 29898 23.3 24.0 23.83 0.01
136800.0 310 118.79 1.0 51306 18095.96 1.0 15528 6185.48 1.05 2365385 1138567.58 21.08 310 313.2 1.03 50926 51479.01 21.08 106 6 198 16112 912 30096 23.3 24.0 23.84 0.01
137700.0 376 118.93 1.0 51682 18214.89 1.0 15587 6185.46 1.05 2380972 1144753.04 21.08 370 314.2 1.03 51296 51793.21 21.08 106 6 198 16218 918 30294 23.3 24.0 23.84 0.01
138600.0 354 119.56 1.0 52036 18334.46 1.0 15564 6185.33 1.05 2396536 1150938.37 21.08 350 316.2 1.03 51646 52109.41 21.08 106 6 198 16324 924 30492 23.3 24.0 23.84 0.01
139500.0 310 118.79 1.0 52346 18453.25 1.0 15524 6182.36 1.05 2412060 1157120.73 21.08 310 313.2 1.03 51956 52422.61 21.08 106 6 198 16430 930 30690 23.4 24.0 23.85 0.01
140400.0 310 118.79 1.0 52656 18572.04 1.0 15524 6182.33 1.05 2427584 1163303.06 21.08 310 313.2 1.03 52266 52735.81 21.08 106 6 198 16536 936 30888 23.4 24.0 23.85 0.01
141300.0 376 118.93 1.0 53032 18690.97 1.0 15583 6182.31 1.05 2443167 1169485.37 21.08 370 314.2 1.03 52636 53050.01 21.08 106 6 198 16642 942 31086 23.4 24.0 23.86 0.01
142200.0 354 119.57 1.0 53386 18810.53 1.0 15563 6184.28 1.05 2458730 1175669.65 21.08 350 316.2 1.03 52986 53366.21 21.08 106 6 198 16748 948 31284 23.4 24.0 23.86 0.01
143100.0 310 118.79 1.0 53696 18929.32 1.0 15522 6181.31 1.05 2474252 1181850.96 21.08 310 313.2 1.03 53296 53679.41 21.08 106 6 198 16854 954 31482 23.5 24.0 23.88 0.01
144000.0 310 118.79 1.0 54006 19048.11 1.0 15517 6181.28 1.05 2489769 1188032.24 21.08 310 313.2 1.03 53606 53992.61 21.08 106 6 198 16960 960 31680 23.5 24.0 23.88 0.01
144900.0 376 118.93 1.0 54382 19167.04 1.0 15577 6182.31 1.05 2505346 1194214.54 21.08 370 314.2 1.03 53976 54306.81 21.08 106 6 198 17066 966 31878 23.5 24.0 23.88 0.01
145800.0 354 119.56 1.0 54736 19286.6 1.0 15556 6184.28 1.05 2520902 1200398.83 21.08 350 316.2 1.03 54326 54623.01 21.08 106 6 198 17172 972 32076 23.5 24.0 23.88 0.01
146700.0 310 118.79 1.0 55046 19405.39 1.0 15514 6181.3 1.05 2536416 1206580.13 21.08 310 313.2 1.03 54636 54936.2 21.08 106 6 198 17278 978 32274 23.6 24.0 23.89 0.01
147600.0 310 118.79 1.0 55356 19524.18 1.0 15514 6181.28 1.05 2551930 1212761.41 21.08 310 313.2 1.03 54946 55249.4 21.08 106 6 198 17384 984 32472 23.6 24.0 23.89 0.01
148500.0 376 118.93 1.0 55732 19643.11 1.0 15574 6182.31 1.05 2567504 1218943.72 21.08 370 314.2 1.03 55316 55563.6 21.08 106 6 198 17490 990 32670 23.6 24.0 23.89 0.01
149400.0 354 119.57 1.0 56086 19762.68 1.0 15552 6183.23 1.05 2583056 1225126.95 21.08 350 316.2 1.03 55666 55879.81 21.08 106 6 198 17596 996 32868 23.6 24.0 23.89 0.01
150300.0 310 118.79 1.0 56396 19881.46 1.0 15512 6180.25 1.05 2598568 1231307.21 21.08 310 313.2 1.03 55976 56193.0 21.08 106 6 198 17702 1002 33066 23.7 24.0 23.89 0.01
151200.0 310 118.79 1.0 56706 20000.25 1.0 15512 6180.23 1.05 2614080 1237487.44 21.08 310 313.2 1.03 56286 56506.2 21.08 106 6 198 17808 1008 33264 23.7 24.0 23.89 0.01
152100.0 376 118.93 1.0 57082 20119.18 1.0 15567 6179.16 1.05 2629647 1243666.6 21.08 370 314.2 1.03 56656 56820.4 21.08 106 6 198 17914 1014 33462 23.7 24.0 23.89 0.01
153000.0 354 119.56 1.0 57436 20238.75 1.0 15547 6181.13 1.05 2645194 1249847.73 21.08 350 316.2 1.03 57006 57136.6 21.08 106 6 198 18020 1020 33660 23.7 24.0 23.89 0.01
153900.0 310 118.79 1.0 57746 20357.54 1.0 15507 6178.15 1.05 2660701 1256025.89 21.08 310 313.2 1.03 57316 57449.8 21.08 106 6 198 18126 1026 33858 23.6 24.0 23.89 0.01
154800.0 310 118.79 1.0 58056 20476.33 1.0 15504 6178.13 1.05 2676205 1262204.02 21.08 310 313.2 1.03 57626 57763.0 21.08 106 6 198 18232 1032 34056 23.6 24.0 23.89 0.01
155700.0 376 118.93 1.0 58432 20595.26 1.0 15564 6179.16 1.05 2691769 1268383.17 21.08 370 314.2 1.03 57996 58077.2 21.08 106 6 198 18338 1038 34254 23.6 24.0 23.89 0.01
156600.0 354 119.57 1.0 58786 20714.82 1.0 15544 6181.13 1.05 2707313 1274564.31 21.08 350 316.2 1.03 58346 58393.4 21.08 106 6 198 18444 1044 34452 23.6 24.0 23.89 0.01
157500.0 310 118.79 1.0 59096 20833.61 1.0 15503 6178.15 1.05 2722816 1280742.46 21.08 310 313.2 1.03 58656 58706.6 21.08 106 6 198 18550 1050 34650 23.5 24.0 23.88 0.01
158400.0 310 118.79 1.0 59406 20952.4 1.0 15503 6178.13 1.05 2738319 1286920.59 21.08 310 313.2 1.03 58966 59019.8 21.08 106 6 198 18656 1056 34848 23.5 24.0 23.88 0.01
159300.0 376 118.93 1.0 59782 21071.33 1.0 15561 6178.11 1.05 2753880 1293098.7 21.08 370 314.2 1.03 59336 59334.0 21.08 106 6 198 18762 1062 35046 23.5 24.0 23.88 0.01
160200.0 354 119.56 1.0 60136 21190.89 1.0 15539 6180.08 1.05 2769419 1299278.78 21.08 350 316.2 1.03 59686 59650.2 21.08 106 6 198 18868 1068 35244 23.5 24.0 23.88 0.01
161100.0 310 118.79 1.0 60446 21309.68 1.0 15498 6176.05 1.05 2784917 1305454.84 21.08 310 313.2 1.03 59996 59963.4 21.08 106 6 198 18974 1074 35442 23.4 24.0 23.86 0.01
162000.0 310 118.79 1.0 60756 21428.47 1.0 15497 6176.03 1.05 2800414 1311630.87 21.08 310 313.2 1.03 60306 60276.6 21.08 106 6 198 19080 1080 35640 23.4 24.0 23.86 0.01
162900.0 376 118.77 1.0 61132 21547.24 1.0 15552 6175.18 1.05 2815966 1317806.04 21.08 370 314.21 1.03 60676 60590.81 21.08 106 6 198 19186 1086 35838 23.4 24.0 23.86 0.01
163800.0 354 119.57 1.0 61486 21666.81 1.0 15532 6176.93 1.05 2831498 1323982.98 21.08 350 316.2 1.03 61026 60907.01 21.08 106 6 198 19292 1092 36036 23.4 24.0 23.86 0.01
164700.0 310 118.79 1.0 61796 21785.6 1.0 15491 6172.9 1.05 2846989 1330155.88 21.08 310 313.2 1.03 61336 61220.21 21.08 106 6 198 19398 1098 36234 23.3 24.0 23.83 0.02
165600.0 310 118.79 1.0 62106 21904.38 1.0 15488 6171.83 1.05 2862477 1336327.71 21.08 310 313.2 1.03 61646 61533.41 21.08 106 6 198 19504 1104 36432 23.3 24.0 23.83 0.02
166500.0 376 118.93 1.0 62482 22023.31 1.0 15548 6172.86 1.05 2878025 1342500.57 21.08 370 314.2 1.03 62016 61847.61 21.08 106 6 198 19610 1110 36630 23.3 24.0 23.83 0.02
167400.0 354 119.56 1.0 62836 22142.88 1.0 15527 6174.83 1.05 2893552 1348675.4 21.08 350 316.2 1.03 62366 62163.81 21.08 106 6 198 19716 1116 36828 23.3 24.0 23.83 0.02
168300.0 310 118.79 1.0 63146 22261.67 1.0 15483 6170.8 1.05 2909035 1354846.21 21.08 310 313.2 1.03 62676 62477.01 21.08 106 6 198 19822 1122 37026 23.2 24.0 23.81 0.02
169200.0 310 118.79 1.0 63456 22380.46 1.0 15482 6169.73 1.05 2924517 1361015.94 21.08 310 313.2 1.03 62986 62790.21 21.08 106 6 198 19928 1128 37224 23.2 24.0 23.8 0.02
170100.0 376 118.77 1.0 63832 22499.23 1.0 15541 6169.92 1.05 2940058 1367185.86 21.08 370 314.21 1.03 63356 63104.42 21.08 106 6 198 20034 1134 37422 23.2 24.0 23.8 0.02
171000.0 354 119.57 1.0 64186 22618.79 1.0 15520 6171.68 1.05 2955578 1373357.54 21.08 350 316.2 1.03 63706 63420.62 21.08 106 6 198 20140 1140 37620 23.2 24.0 23.8 0.02
171900.0 310 118.79 1.0 64496 22737.58 1.0 15480 6169.75 1.05 2971058 1379527.3 21.08 310 313.2 1.03 64016 63733.81 21.08 106 6 198 20246 1146 37818 23.1 24.0 23.77 0.02
172800.0 310 118.79 1.0 64806 22856.37 1.0 15479 6169.73 1.05 2986537 1385697.03 21.08 310 313.2 1.03 64326 64047.01 21.08 106 6 198 20352 1152 38016 23.1 24.0 23.75 0.02
173700.0 376 118.93 1.0 65182 22975.3 1.0 15536 6170.76 1.05 3002073 1391867.79 21.08 370 314.2 1.03 64696 64361.21 21.08 106 6 198 20458 1158 38214 23.1 24.0 23.75 0.02
174600.0 354 119.56 1.0 65536 23094.87 1.0 15513 6171.68 1.05 3017586 1398039.47 21.08 350 316.2 1.03 65046 64677.42 21.08 106 6 198 20564 1164 38412 23.1 24.0 23.75 0.02
175500.0 310 118.79 1.0 65846 23213.65 1.0 15473 6167.65 1.05 3033059 1404207.12 21.08 310 313.2 1.03 65356 64990.61 21.08 106 6 198 20670 1170 38610 22.9 24.0 23.72 0.03
176400.0 310 118.79 1.0 66156 23332.44 1.0 15468 6167.63 1.05 3048527 1410374.75 21.08 310 313.2 1.03 65666 65303.81 21.08 106 6 198 20776 1176 38808 22.9 23.9 23.69 0.03
177300.0 376 118.93 1.0 66532 23451.37 1.0 15525 6166.56 1.05 3064052 1416541.31 21.08 370 314.2 1.03 66036 65618.01 21.08 106 6 198 20882 1182 39006 22.9 23.9 23.69 0.03
178200.0 354 119.56 1.0 66886 23570.94 1.0 15501 6167.48 1.05 3079553 1422708.79 21.08 350 316.2 1.03 66386 65934.21 21.08 106 6 198 20988 1188 39204 22.9 23.9 23.69 0.03
179100.0 310 118.79 1.0 67196 23689.73 1.0 15464 6164.5 1.05 3095017 1428873.3 21.08 310 313.2 1.03 66696 66247.41 21.08 106 6 198 21094 1194 39402 22.8 23.9 23.63 0.03
180000.0 310 118.79 1.0 67506 23808.51 1.0 15468 6167.63 1.05 3110485 1435040.93 21.08 310 313.2 1.03 67006 66560.61 21.08 106 6 198 21200 1200 39600 22.8 23.9 23.6 0.02
180900.0 376 118.93 1.0 67882 23927.44 1.0 15526 6167.61 1.05 3126011 1441208.54 21.08 370 314.2 1.03 67376 66874.81 21.08 106 6 198 21306 1206 39798 22.8 23.9 23.6 0.02
181800.0 354 119.56 1.0 68236 24047.01 1.0 15490 6166.43 1.05 3141501 1447374.97 21.08 350 316.2 1.03 67726 67191.01 21.08 106 6 198 21412 1212 39996 22.8 23.9 23.6 0.02
182700.0 310 118.79 1.0 68546 24165.8 1.0 15454 6162.4 1.05 3156955 1453537.37 21.08 310 313.2 1.03 68036 67504.21 21.08 106 6 198 21518 1218 40194 22.7 23.8 23.52 0.03
183600.0 310 118.79 1.0 68856 24284.59 1.0 15462 6166.58 1.05 3172417 1459703.95 21.08 310 313.2 1.03 68346 67817.41 21.08 106 6 198 21624 1224 40392 22.7 23.8 23.46 0.02
184500.0 376 118.93 1.0 69232 24403.52 1.0 15519 6166.56 1.05 3187936 1465870.51 21.08 370 314.2 1.03 68716 68131.61 21.08 106 6 198 21730 1230 40590 22.7 23.8 23.46 0.02
185400.0 354 119.56 1.0 69586 24523.08 1.0 15488 6164.33 1.05 3203424 1472034.84 21.08 350 316.2 1.03 69066 68447.81 21.08 106 6 198 21836 1236 40788 22.7 23.8 23.46 0.02
186300.0 310 118.79 1.0 69896 24641.87 1.0 15453 6162.4 1.05 3218877 1478197.25 21.08 310 313.2 1.03 69376 68761.01 21.08 106 6 198 21942 1242 40986 22.4 23.7 23.36 0.03
187200.0 310 118.79 1.0 70206 24760.66 1.0 15448 6160.28 1.05 3234325 1484357.53 21.08 310 313.2 1.03 69686 69074.21 21.08 106 6 198 22048 1248 41184 22.4 23.7 23.28 0.02
188100.0 376 118.93 1.0 70582 24879.59 1.0 15508 6161.31 1.05 3249833 1490518.83 21.08 370 314.2 1.03 70056 69388.41 21.08 106 6 198 22154 1254 41382 22.4 23.7 23.28 0.02
189000.0 354 119.56 1.0 70936 24999.15 1.0 15482 6162.23 1.05 3265315 1496681.07 21.08 350 316.2 1.03 70406 69704.61 21.08 106 6 198 22260 1260 41580 22.4 23.7 23.28 0.02
189900.0 310 118.79 1.0 71246 25117.94 1.0 15445 6162.4 1.05 3280760 1502843.47 21.08 310 313.2 1.03 70716 70017.81 21.08 106 6 198 22366 1266 41778 22.1 23.5 23.15 0.03
190800.0 310 118.79 1.0 71556 25236.73 1.0 15446 6162.38 1.05 3296206 1509005.85 21.08 310 313.2 1.03 71026 70331.01 21.08 106 6 198 22472 1272 41976 22.1 23.5 23.03 0.03
191700.0 376 118.93 1.0 71932 25355.66 1.0 15506 6163.41 1.05 3311712 1515169.26 21.08 370 314.2 1.03 71396 70645.21 21.08 106 6 198 22578 1278 42174 22.1 23.5 23.03 0.03
192600.0 354 119.56 1.0 72286 25475.23 1.0 15478 6163.28 1.05 3327190 1521332.54 21.08 350 316.2 1.03 71746 70961.41 21.08 106 6 198 22684 1284 42372 22.1 23.5 23.03 0.03
193500.0 310 118.79 1.0 72596 25594.02 1.0 15444 6159.25 1.05 3342634 1527491.79 21.08 310 313.2 1.03 72056 71274.61 21.08 106 6 198 22790 1290 42570 22.0 23.3 22.88 0.03
194400.0 310 118.79 1.0 72906 25712.8 1.0 15443 6158.18 1.05 3358077 1533649.97 21.08 310 313.2 1.03 72366 71587.81 21.08 106 6 198 22896 1296 42768 22.0 23.3 22.75 0.03
195300.0 376 118.93 1.0 73282 25831.73 1.0 15494 6155.01 1.05 3373571 1539804.98 21.08 370 314.2 1.03 72736 71902.01 21.08 106 6 198 23002 1302 42966 22.0 23.3 22.75 0.03
196200.0 354 119.56 1.0 73636 25951.3 1.0 15470 6154.88 1.05 3389041 1545959.86 21.08 350 316.2 1.03 73086 72218.21 21.08 106 6 198 23108 1308 43164 22.0 23.3 22.75 0.03
197100.0 310 118.79 1.0 73946 26070.09 1.0 15438 6155.05 1.05 3404479 1552114.92 21.08 310 313.2 1.03 73396 72531.4 21.08 106 6 198 23214 1314 43362 22.0 23.1 22.58 0.02
198000.0 310 118.79 1.0 74256 26188.88 1.0 15396 6138.23 1.05 3419875 1558253.15 21.08 310 313.2 1.03 73706 72844.6 21.08 106 6 198 23320 1320 43560 22.0 23.1 22.44 0.03
198900.0 376 118.93 1.0 74632 26307.81 1.0 15456 6139.26 1.05 3435331 1564392.4 21.08 370 314.2 1.03 74076 73158.8 21.08 106 6 198 23426 1326 43758 22.0 23.1 22.44 0.03
199800.0 354 119.57 1.0 74986 26427.37 1.0 15435 6141.23 1.05 3450766 1570533.63 21.08 350 316.2 1.03 74426 73475.0 21.08 106 6 198 23532 1332 43956 22.0 23.1 22.44 0.03
200700.0 310 118.79 1.0 75296 26546.16 1.0 15399 6141.4 1.05 3466165 1576675.04 21.08 310 313.2 1.03 74736 73788.2 21.08 106 6 198 23638 1338 44154 22.0 22.8 22.27 0.02
201600.0 310 118.79 1.0 75606 26664.95 1.0 15408 6142.43 1.05 3481573 1582817.47 21.08 310 313.2 1.03 75046 74101.4 21.08 106 6 198 23744 1344 44352 22.0 22.8 22.2 0.02
202500.0 376 118.93 1.0 75982 26783.88 1.0 15467 6143.46 1.05 3497040 1588960.92 21.08 370 314.2 1.03 75416 74415.6 21.08 106 6 198 23850 1350 44550 22.0 22.8 22.2 0.02
203400.0 354 119.56 1.0 76336 26903.44 1.0 15442 6143.33 1.05 3512482 1595104.26 21.08 350 316.2 1.03 75766 74731.8 21.08 106 6 198 23956 1356 44748 22.0 22.8 22.2 0.02
204300.0 310 118.79 1.0 76646 27022.23 1.0 15407 6141.4 1.05 3527889 1601245.66 21.08 310 313.2 1.03 76076 75045.0 21.08 106 6 198 24062 1362 44946 22.0 22.6 22.07 0.01
205200.0 310 118.79 1.0 76956 27141.02 1.0 15405 6140.33 1.05 3543294 1607385.99 21.08 310 313.2 1.03 76386 75358.2 21.08 106 6 198 24168 1368 45144 22.0 22.6 22.07 0.01
206100.0 376 118.77 1.0 77332 27259.79 1.0 15464 6140.52 1.05 3558758 1613526.51 21.08 370 314.21 1.03 76756 75672.41 21.08 106 6 198 24274 1374 45342 22.0 22.6 22.07 0.01
207000.0 354 119.57 1.0 77686 27379.36 1.0 15431 6138.08 1.05 3574189 1619664.6 21.08 350 316.2 1.03 77106 75988.61 21.08 106 6 198 24380 1380 45540 22.0 22.6 22.07 0.01
207900.0 310 118.79 1.0 77996 27498.15 1.0 15398 6139.3 1.05 3589587 1625803.9 21.08 310 313.2 1.03 77416 76301.81 21.08 106 6 198 24486 1386 45738 22.0 22.2 22.03 0.0
208800.0 310 118.79 1.0 78306 27616.93 1.0 15395 6139.28 1.05 3604982 1631943.18 21.08 310 313.2 1.03 77726 76615.01 21.08 106 6 198 24592 1392 45936 22.0 22.2 22.03 0.0
209700.0 376 118.93 1.0 78682 27735.86 1.0 15452 6140.31 1.05 3620434 1638083.49 21.08 370 314.2 1.03 78096 76929.21 21.08 106 6 198 24698 1398 46134 22.0 22.2 22.03 0.0
210600.0 354 119.56 1.0 79036 27855.43 1.0 15421 6138.08 1.05 3635855 1644221.57 21.08 350 316.2 1.03 78446 77245.41 21.08 106 6 198 24804 1404 46332 22.0 22.2 22.03 0.0
211500.0 310 118.79 1.0 79346 27974.22 1.0 15386 6138.25 1.05 3651241 1650359.82 21.08 310 313.2 1.03 78756 77558.61 21.08 106 6 198 24910 1410 46530 22.0 22.0 22.0 0.0
212400.0 310 118.79 1.0 79656 28093.01 1.0 15386 6138.23 1.05 3666627 1656498.05 21.08 310 313.2 1.03 79066 77871.81 21.08 106 6 198 25016 1416 46728 22.0 22.0 22.0 0.0
213300.0 376 118.77 1.0 80032 28211.78 1.0 15443 6138.42 1.05 3682070 1662636.48 21.08 370 314.21 1.03 79436 78186.02 21.08 106 6 198 25122 1422 46926 22.0 22.0 22.0 0.0
214200.0 354 119.57 1.0 80386 28331.34 1.0 15409 6134.93 1.05 3697479 1668771.41 21.08 350 316.2 1.03 79786 78502.22 21.08 106 6 198 25228 1428 47124 22.0 22.0 22.0 0.0
215100.0 310 118.79 1.0 80696 28450.13 1.0 15367 6131.95 1.05 3712846 1674903.36 21.08 310 313.2 1.03 80096 78815.42 21.08 106 6 198 25334 1434 47322 22.0 22.0 22.0 0.0
216000.0 310 118.79 1.0 81006 28568.92 1.0 15363 6128.78 1.05 3728209 1681032.14 21.08 310 313.2 1.03 80406 79128.62 21.08 106 6 198 25440 1440 47520 22.0 22.0 22.0 0.0
216900.0 376 118.93 1.0 81382 28687.85 1.0 15422 6129.81 1.05 3743631 1687161.95 21.08 370 314.2 1.03 80776 79442.82 21.08 106 6 198 25546 1446 47718 22.0 22.0 22.0 0.0
217800.0 354 119.56 1.0 81736 28807.42 1.0 15399 6131.78 1.05 3759030 1693293.73 21.08 350 316.2 1.03 81126 79759.02 21.08 106 6 198 25652 1452 47916 22.0 22.0 22.0 0.0
218700.0 310 118.79 1.0 82046 28926.2 1.0 15356 6127.75 1.05 3774386 1699421.48 21.08 310 313.2 1.03 81436 80072.22 21.08 106 6 198 25758 1458 48114 22.0 22.0 22.0 0.0
219600.0 310 118.79 1.0 82356 29044.99 1.0 15354 6126.68 1.05 3789740 1705548.16 21.08 310 313.2 1.03 81746 80385.42 21.08 106 6 198 25864 1464 48312 22.0 22.0 22.0 0.0
220500.0 376 118.93 1.0 82732 29163.92 1.0 15408 6126.66 1.05 3805148 1711674.82 21.08 370 314.2 1.03 82116 80699.62 21.08 106 6 198 25970 1470 48510 22.0 22.0 22.0 0.0
221400.0 354 119.57 1.0 83086 29283.49 1.0 15386 6128.87 1.05 3820534 1717803.68 21.08 350 316.23 1.03 82466 81015.84 21.08 106 6 198 26076 1476 48708 22.0 22.0 22.0 0.0
222300.0 310 118.79 1.0 83396 29402.28 1.0 15441 6160.46 1.05 3835975 1723964.14 21.08 310 313.24 1.03 82776 81329.09 21.08 106 6 198 26182 1482 48906 20.4 22.0 21.3 0.06
223200.0 310 118.79 1.0 83706 29521.07 1.0 15475 6170.94 1.05 3851450 1730135.08 21.08 310 313.25 1.03 83086 81642.33 21.08 106 6 198 26288 1488 49104 19.8 22.0 20.59 0.16
224100.0 376 118.93 1.0 84082 29640.01 1.0 15535 6171.96 1.05 3866985 1736307.04 21.08 370 314.25 1.03 83456 81956.58 21.08 106 6 198 26394 1494 49302 19.8 21.8 20.57 0.15
225000.0 354 119.57 1.0 84436 29759.57 1.0 15515 6173.45 1.05 3882500 1742480.49 21.08 350 316.24 1.03 83806 82272.82 21.08 106 6 198 26500 1500 49500 19.8 21.8 20.57 0.15
225900.0 310 118.79 1.0 84746 29878.37 1.0 15476 6171.75 1.05 3897976 1748652.24 21.08 310 313.24 1.03 84116 82586.06 21.08 106 6 198 26606 1506 49698 19.8 21.7 20.51 0.13
226800.0 310 118.79 1.0 85056 29997.16 1.0 15479 6173.82 1.05 3913455 1754826.07 21.08 310 313.24 1.03 84426 82899.3 21.08 106 6 198 26712 1512 49896 19.8 21.7 20.48 0.16
227700.0 376 118.93 1.0 85432 30116.09 1.0 15539 6174.85 1.05 3928994 1761000.92 21.08 370 314.24 1.03 84796 83213.54 21.08 106 6 198 26818 1518 50094 19.8 21.7 20.48 0.16
228600.0 354 119.57 1.0 85786 30235.66 1.0 15515 6175.29 1.05 3944509 1767176.21 21.08 350 316.25 1.03 85146 83529.79 21.08 106 6 198 26924 1524 50292 19.8 21.7 20.48 0.16
229500.0 310 118.79 1.0 86096 30354.45 1.0 15476 6170.61 1.05 3959985 1773346.82 21.08 310 313.24 1.03 85456 83843.03 21.08 106 6 198 27030 1530 50490 19.8 21.6 20.45 0.15
230400.0 310 118.79 1.0 86406 30473.24 1.0 15477 6171.64 1.05 3975462 1779518.45 21.08 310 313.24 1.03 85766 84156.27 21.08 106 6 198 27136 1536 50688 19.9 21.6 20.46 0.15
231300.0 376 118.77 1.0 86782 30592.02 1.0 15534 6172.86 1.05 3990996 1785691.32 21.08 370 314.25 1.03 86136 84470.52 21.08 106 6 198 27242 1542 50886 19.8 21.6 20.46 0.15
232200.0 354 119.57 1.0 87136 30711.58 1.0 15511 6174.35 1.05 4006507 1791865.67 21.08 350 316.23 1.03 86486 84786.75 21.08 106 6 198 27348 1548 51084 19.8 21.6 20.46 0.15
233100.0 310 118.79 1.0 87446 30830.37 1.0 15473 6170.97 1.05 4021980 1798036.64 21.08 310 313.24 1.03 86796 85100.0 21.08 106 6 198 27454 1554 51282 19.8 21.5 20.49 0.16
234000.0 310 118.79 1.0 87756 30949.17 1.0 15473 6170.95 1.05 4037453 1804207.59 21.08 310 313.25 1.03 87106 85413.25 21.08 106 6 198 27560 1560 51480 19.8 21.5 20.5 0.15
234900.0 376 118.93 1.0 88132 31068.1 1.0 15533 6171.97 1.05 4052986 1810379.56 21.08 370 314.25 1.03 87476 85727.49 21.08 106 6 198 27666 1566 51678 19.8 21.5 20.5 0.15
235800.0 354 119.57 1.0 88486 31187.67 1.0 15507 6172.31 1.05 4068493 1816551.87 21.08 350 316.24 1.03 87826 86043.73 21.08 106 6 198 27772 1572 51876 19.8 21.5 20.5 0.15
236700.0 310 118.79 1.0 88796 31306.46 1.0 15469 6168.46 1.05 4083962 1822720.33 21.08 310 313.21 1.03 88136 86356.94 21.08 106 6 198 27878 1578 52074 19.8 21.4 20.51 0.16
237600.0 310 118.79 1.0 89106 31425.25 1.0 15468 6170.54 1.05 4099430 1828890.87 21.08 310 313.22 1.03 88446 86670.16 21.08 106 6 198 27984 1584 52272 19.8 21.4 20.55 0.14
238500.0 376 118.77 1.0 89482 31544.02 1.0 15527 6171.77 1.05 4114957 1835062.64 21.08 370 314.23 1.03 88816 86984.39 21.08 106 6 198 28090 1590 52470 19.7 21.4 20.55 0.14
239400.0 354 119.57 1.0 89836 31663.59 1.0 15499 6173.2 1.05 4130456 1841235.85 21.08 350 316.23 1.03 89166 87300.62 21.08 106 6 198 28196 1596 52668 19.7 21.4 20.55 0.14
240300.0 310 118.79 1.0 90146 31782.38 1.0 15458 6166.03 1.05 4145914 1847401.87 21.08 310 313.23 1.03 89476 87613.85 21.08 106 6 198 28302 1602 52866 19.7 21.6 20.57 0.16
241200.0 310 118.79 1.0 90456 31901.17 1.0 15454 6161.8 1.05 4161368 1853563.68 21.08 310 313.23 1.03 89786 87927.08 21.08 106 6 198 28408 1608 53064 19.7 21.6 20.6 0.15
242100.0 376 118.93 1.0 90832 32020.1 1.0 15511 6160.73 1.05 4176879 1859724.41 21.08 370 314.23 1.03 90156 88241.31 21.08 106 6 198 28514 1614 53262 19.7 21.6 20.6 0.15
243000.0 354 119.57 1.0 91186 32139.67 1.0 15488 6161.42 1.05 4192367 1865885.83 21.08 350 316.23 1.03 90506 88557.54 21.08 106 6 198 28620 1620 53460 19.7 21.6 20.6 0.15
243900.0 310 118.79 1.0 91496 32258.46 1.0 15447 6161.09 1.05 4207814 1872046.91 21.08 310 313.24 1.03 90816 88870.77 21.08 106 6 198 28726 1626 53658 19.7 21.8 20.61 0.16
244800.0 310 118.79 1.0 91806 32377.25 1.0 15452 6165.26 1.05 4223266 1878212.17 21.08 310 313.24 1.03 91126 89184.01 21.08 106 6 198 28832 1632 53856 19.7 21.8 20.64 0.16
245700.0 376 118.93 1.0 92182 32496.18 1.0 15512 6166.29 1.05 4238778 1884378.46 21.08 370 314.24 1.03 91496 89498.25 21.08 106 6 198 28938 1638 54054 19.6 21.8 20.64 0.16
246600.0 354 119.57 1.0 92536 32615.75 1.0 15470 6160.19 1.05 4254248 1890538.65 21.08 350 316.25 1.03 91846 89814.5 21.08 106 6 198 29044 1644 54252 19.6 21.8 20.64 0.16
247500.0 310 118.79 1.0 92846 32734.54 1.0 15444 6159.87 1.05 4269692 1896698.52 21.08 310 313.23 1.03 92156 90127.73 21.08 106 6 198 29150 1650 54450 19.6 21.9 20.6 0.16
248400.0 310 118.79 1.0 93156 32853.33 1.0 15445 6158.8 1.05 4285137 1902857.32 21.08 310 313.23 1.03 92466 90440.96 21.08 106 6 198 29256 1656 54648 19.6 21.9 20.62 0.16
249300.0 376 118.93 1.0 93532 32972.27 1.0 15500 6157.72 1.05 4300637 1909015.04 21.08 370 314.23 1.03 92836 90755.2 21.08 106 6 198 29362 1662 54846 19.5 21.9 20.62 0.17
250200.0 354 119.57 1.0 93886 33091.83 1.0 15458 6154.15 1.05 4316095 1915169.19 21.08 350 316.23 1.03 93186 91071.43 21.08 106 6 198 29468 1668 55044 19.5 21.9 20.62 0.17
251100.0 310 118.79 1.0 94196 33210.62 1.0 15434 6157.74 1.05 4331529 1921326.93 21.08 310 313.23 1.03 93496 91384.66 21.08 106 6 198 29574 1674 55242 19.5 22.0 20.58 0.18
252000.0 310 118.79 1.0 94506 33329.41 1.0 15441 6159.81 1.05 4346970 1927486.75 21.08 310 313.23 1.03 93806 91697.89 21.08 106 6 198 29680 1680 55440 19.5 22.0 20.56 0.2
252900.0 376 118.93 1.0 94882 33448.35 1.0 15500 6159.79 1.05 4362470 1933646.54 21.08 370 314.23 1.03 94176 92012.12 21.08 106 6 198 29786 1686 55638 19.5 22.0 20.56 0.2
253800.0 354 119.57 1.0 95236 33567.92 1.0 15461 6155.43 1.05 4377931 1939801.97 21.08 350 316.23 1.03 94526 92328.36 21.08 106 6 198 29892 1692 55836 19.5 22.0 20.56 0.2
254700.0 310 118.79 1.0 95546 33686.71 1.0 15477 6173.51 1.05 4393408 1945975.48 21.08 310 313.23 1.03 94836 92641.59 21.08 106 6 198 29998 1698 56034 19.5 21.8 20.43 0.2
255600.0 310 118.79 1.0 95856 33805.5 1.0 15481 6174.54 1.05 4408889 1952150.02 21.08 310 313.23 1.03 95146 92954.82 21.08 106 6 198 30104 1704 56232 19.5 21.8 20.4 0.21
256500.0 376 118.93 1.0 96232 33924.43 1.0 15541 6175.56 1.05 4424430 1958325.58 21.08 370 314.23 1.03 95516 93269.06 21.08 106 6 198 30210 1710 56430 19.3 21.8 20.39 0.21
257400.0 354 119.57 1.0 96586 34044.0 1.0 15491 6163.49 1.05 4439921 1964489.07 21.08 350 316.23 1.03 95866 93585.29 21.08 106 6 198 30316 1716 56628 19.3 21.8 20.39 0.21
258300.0 310 118.79 1.0 96896 34162.79 1.0 15492 6176.75 1.05 4455413 1970665.82 21.08 310 313.23 1.03 96176 93898.52 21.08 106 6 198 30422 1722 56826 19.3 21.8 20.23 0.21
259200.0 310 118.79 1.0 97206 34281.58 1.0 15496 6177.78 1.05 4470909 1976843.6 21.08 310 313.24 1.03 96486 94211.76 21.08 106 6 198 30528 1728 57024 19.3 21.6 20.15 0.23
260100.0 376 118.93 1.0 97582 34400.51 1.0 15556 6178.81 1.05 4486465 1983022.41 21.08 370 314.24 1.03 96856 94525.99 21.08 106 6 198 30634 1734 57222 19.2 21.6 20.15 0.23
261000.0 356 120.63 1.0 97938 34521.14 1.0 15843 191420.29 21.09 4502308 2174442.7 21.09 352 3990.19 21.09 97208 98516.18 21.09 106 6 198 30740 1740 57420 19.2 21.6 20.15 0.23
261900.0 310 118.79 1.0 98248 34639.93 1.0 15517 6184.91 1.05 4517825 2180627.6 21.09 310 313.25 1.03 97518 98829.43 21.09 106 6 198 30846 1746 57618 18.9 21.6 19.8 0.23
262800.0 310 118.79 1.0 98558 34758.72 1.0 15522 6185.95 1.05 4533347 2186813.55 21.09 310 313.25 1.03 97828 99142.68 21.09 106 6 198 30952 1752 57816 18.9 20.8 19.63 0.23
263700.0 376 118.93 1.0 98934 34877.66 1.0 15582 6186.96 1.05 4548929 2193000.51 21.09 370 314.25 1.03 98198 99456.93 21.09 106 6 198 31058 1758 58014 18.9 20.8 19.63 0.23
264600.0 356 120.64 1.0 99290 34998.3 1.0 15873 191283.13 21.07 4564802 2384283.65 21.09 352 3986.52 21.07 98550 103443.46 21.09 106 6 198 31164 1764 58212 18.9 20.8 19.63 0.23
265500.0 310 118.81 1.0 99600 35117.11 1.0 15549 6211.23 1.05 4580351 2390494.87 21.09 310 313.57 1.04 98860 103757.03 21.09 106 6 198 31270 1770 58410 17.3 20.2 18.36 0.26
266400.0 310 118.81 1.0 99910 35235.92 1.0 15566 6221.67 1.05 4595917 2396716.55 21.09 310 313.57 1.04 99170 104070.6 21.09 106 6 198 31376 1776 58608 17.3 20.2 17.82 0.05
267300.0 376 118.96 1.0 100286 35354.88 1.0 15626 6222.73 1.05 4611543 2402939.28 21.09 370 314.57 1.04 99540 104385.17 21.09 106 6 198 31482 1782 58806 17.3 18.8 17.81 0.02
268200.0 356 120.66 1.0 100642 35475.54 1.0 15917 191446.92 21.09 4627460 2594386.2 21.09 352 3990.87 21.09 99892 108376.04 21.09 106 6 198 31588 1788 59004 17.3 18.8 17.81 0.02
269100.0 310 118.81 1.0 100952 35594.35 1.0 15572 6226.16 1.05 4643032 2600612.36 21.09 310 313.64 1.04 100202 108689.67 21.09 106 6 198 31694 1794 59202 17.3 18.7 17.79 0.02
270000.0 310 118.81 1.0 101262 35713.17 1.0 15574 6228.21 1.05 4658606 2606840.57 21.09 310 313.64 1.04 100512 109003.31 21.09 106 6 198 31800 1800 59400 17.3 18.7 17.77 0.02
270900.0 376 118.96 1.0 101638 35832.12 1.0 15634 6229.25 1.05 4674240 2613069.82 21.09 370 314.64 1.04 100882 109317.95 21.09 106 6 198 31906 1806 59598 17.3 18.7 17.77 0.02
271800.0 354 119.59 1.0 101992 35951.71 1.0 15612 6229.18 1.05 4689852 2619299.0 21.09 350 316.62 1.04 101232 109634.56 21.09 106 6 198 32012 1812 59796 17.3 18.7 17.77 0.02
272700.0 310 118.81 1.0 102302 36070.53 1.0 15572 6226.22 1.05 4705424 2625525.22 21.09 310 313.62 1.04 101542 109948.18 21.09 106 6 198 32118 1818 59994 17.3 18.6 17.75 0.02
273600.0 310 118.81 1.0 102612 36189.34 1.0 15572 6226.18 1.05 4720996 2631751.4 21.09 310 313.62 1.04 101852 110261.8 21.09 106 6 198 32224 1824 60192 17.3 18.6 17.74 0.02
274500.0 376 118.96 1.0 102988 36308.3 1.0 15630 6227.23 1.05 4736626 2637978.62 21.09 370 314.62 1.04 102222 110576.41 21.09 106 6 198 32330 1830 60390 17.3 18.6 17.74 0.02
275400.0 354 119.59 1.0 103342 36427.89 1.0 15608 6229.07 1.05 4752234 2644207.69 21.09 350 316.66 1.04 102572 110893.07 21.09 106 6 198 32436 1836 60588 17.3 18.6 17.74 0.02
276300.0 310 118.81 1.0 103652 36546.7 1.0 15569 6222.8 1.05 4767803 2650430.49 21.09 310 313.61 1.04 102882 111206.68 21.09 106 6 198 32542 1842 60786 17.3 18.5 17.72 0.02
277200.0 310 118.81 1.0 103962 36665.51 1.0 15572 6225.91 1.05 4783375 2656656.4 21.09 310 313.61 1.04 103192 111520.29 21.09 106 6 198 32648 1848 60984 17.3 18.5 17.71 0.02
278100.0 376 118.79 1.0 104338 36784.31 1.0 15632 6227.02 1.05 4799007 2662883.42 21.09 370 314.62 1.04 103562 111834.92 21.09 106 6 198 32754 1854 61182 17.3 18.5 17.71 0.02
279000.0 354 119.59 1.0 104692 36903.89 1.0 15608 6226.85 1.05 4814615 2669110.26 21.09 350 316.59 1.04 103912 112151.51 21.09 106 6 198 32860 1860 61380 17.3 18.5 17.71 0.02
279900.0 310 118.81 1.0 105002 37022.71 1.0 15565 6223.0 1.05 4830180 2675333.26 21.09 310 313.64 1.04 104222 112465.14 21.09 106 6 198 32966 1866 61578 17.3 18.4 17.7 0.02
280800.0 310 118.81 1.0 105312 37141.52 1.0 15566 6224.0 1.05 4845746 2681557.27 21.09 310 313.64 1.04 104532 112778.78 21.09 106 6 198 33072 1872 61776 17.3 18.4 17.69 0.02
281700.0 376 118.96 1.0 105688 37260.48 1.0 15625 6224.0 1.05 4861371 2687781.27 21.09 370 314.64 1.04 104902 113093.42 21.09 106 6 198 33178 1878 61974 17.3 18.4 17.69 0.02
282600.0 354 119.59 1.0 106042 37380.07 1.0 15598 6223.06 1.05 4876969 2694004.33 21.09 350 316.62 1.04 105252 113410.04 21.09 106 6 198 33284 1884 62172 17.3 18.4 17.69 0.02
283500.0 310 118.81 1.0 106352 37498.88 1.0 15560 6219.29 1.05 4892529 2700223.62 21.09 310 313.58 1.04 105562 113723.62 21.09 106 6 198 33390 1890 62370 17.3 18.3 17.68 0.01
284400.0 310 118.81 1.0 106662 37617.69 1.0 15559 6219.26 1.05 4908088 2706442.88 21.09 310 313.58 1.04 105872 114037.2 21.09 106 6 198 33496 1896 62568 17.3 18.3 17.68 0.01
285300.0 376 118.95 1.0 107038 37736.64 1.0 15617 6218.19 1.05 4923705 2712661.07 21.09 370 314.58 1.04 106242 114351.78 21.09 106 6 198 33602 1902 62766 17.3 18.3 17.68 0.01
286200.0 354 119.59 1.0 107392 37856.23 1.0 15596 6218.92 1.05 4939301 2718880.0 21.09 350 316.58 1.04 106592 114668.36 21.09 106 6 198 33708 1908 62964 17.3 18.3 17.68 0.01
287100.0 310 118.81 1.0 107702 37975.04 1.0 15562 6218.7 1.05 4954863 2725098.7 21.09 310 313.57 1.04 106902 114981.92 21.09 106 6 198 33814 1914 63162 17.3 18.2 17.67 0.01
288000.0 310 118.81 1.0 108012 38093.85 1.0 15555 6214.46 1.05 4970418 2731313.16 21.09 310 313.57 1.04 107212 115295.49 21.09 106 6 198 33920 1920 63360 17.3 18.2 17.67 0.01
288900.0 376 118.95 1.0 108388 38212.8 1.0 15615 6215.51 1.05 4986033 2737528.67 21.09 370 314.57 1.04 107582 115610.07 21.09 106 6 198 34026 1926 63558 17.3 18.2 17.67 0.01
289800.0 354 119.59 1.0 108742 38332.39 1.0 15593 6219.46 1.05 5001626 2743748.12 21.09 350 316.61 1.04 107932 115926.68 21.09 106 6 198 34132 1932 63756 17.3 18.2 17.67 0.01
290700.0 310 118.82 1.0 109052 38451.21 1.0 15561 6222.97 1.05 5017187 2749971.09 21.09 310 313.66 1.04 108242 116240.34 21.09 106 6 198 34238 1938 63954 17.3 18.2 17.66 0.01
291600.0 310 118.82 1.0 109362 38570.02 1.0 15554 6218.72 1.05 5032741 2756189.81 21.09 310 313.66 1.04 108552 116553.99 21.09 106 6 198 34344 1944 64152 17.3 18.1 17.66 0.01
292500.0 376 118.96 1.0 109738 38688.98 1.0 15613 6218.72 1.05 5048354 2762408.53 21.09 370 314.66 1.04 108922 116868.65 21.09 106 6 198 34450 1950 64350 17.3 18.1 17.66 0.01
293400.0 354 119.59 1.0 110092 38808.57 1.0 15592 6220.67 1.05 5063946 2768629.2 21.09 350 316.66 1.04 109272 117185.31 21.09 106 6 198 34556 1956 64548 17.3 18.1 17.66 0.01
294300.0 310 118.81 1.0 110402 38927.39 1.0 15557 6219.1 1.05 5079503 2774848.3 21.09 310 313.62 1.04 109582 117498.93 21.09 106 6 198 34662 1962 64746 17.4 18.1 17.66 0.01
295200.0 310 118.81 1.0 110712 39046.2 1.0 15553 6216.99 1.05 5095056 2781065.28 21.09 310 313.62 1.04 109892 117812.55 21.09 106 6 198 34768 1968 64944 17.4 18.0 17.66 0.01
296100.0 376 118.96 1.0 111088 39165.15 1.0 15613 6218.0 1.05 5110669 2787283.28 21.09 370 314.62 1.04 110262 118127.18 21.09 106 6 198 34874 1974 65142 17.4 18.0 17.66 0.01
297000.0 354 119.59 1.0 111442 39284.74 1.0 15593 6219.99 1.05 5126262 2793503.27 21.09 350 316.62 1.04 110612 118443.8 21.09 106 6 198 34980 1980 65340 17.4 18.0 17.66 0.01
297900.0 310 118.82 1.0 111752 39403.56 1.0 15550 6217.71 1.05 5141812 2799720.98 21.09 310 313.66 1.04 110922 118757.46 21.09 106 6 198 35086 1986 65538 17.4 18.0 17.65 0.01
298800.0 310 118.82 1.0 112062 39522.38 1.0 15548 6217.67 1.05 5157360 2805938.65 21.09 310 313.66 1.04 111232 119071.11 21.09 106 6 198 35192 1992 65736 17.4 18.0 17.66 0.01
299700.0 376 118.96 1.0 112438 39641.33 1.0 15608 6218.72 1.05 5172968 2812157.37 21.09 370 314.66 1.04 111602 119385.77 21.09 106 6 198 35298 1998 65934 17.4 18.0 17.66 0.01
300600.0 354 119.59 1.0 112792 39760.93 1.0 15582 6218.57 1.05 5188550 2818375.95 21.09 350 316.66 1.04 111952 119702.43 21.09 106 6 198 35404 2004 66132 17.4 18.0 17.66 0.01
301500.0 310 118.81 1.0 113102 39879.74 1.0 15550 6214.38 1.05 5204100 2824590.32 21.09 310 313.63 1.04 112262 120016.06 21.09 106 6 198 35510 2010 66330 17.4 18.0 17.66 0.0
302400.0 310 118.81 1.0 113412 39998.55 1.0 15547 6214.33 1.05 5219647 2830804.66 21.09 310 313.63 1.04 112572 120329.69 21.09 106 6 198 35616 2016 66528 17.4 17.9 17.67 0.01
303300.0 376 118.96 1.0 113788 40117.51 1.0 15604 6214.33 1.05 5235251 2837018.98 21.09 370 314.63 1.04 112942 120644.32 21.09 106 6 198 35722 2022 66726 17.4 17.9 17.67 0.01
304200.0 354 119.59 1.0 114142 40237.1 1.0 15577 6213.17 1.05 5250828 2843232.15 21.09 350 316.61 1.04 113292 120960.94 21.09 106 6 198 35828 2028 66924 17.4 17.9 17.67 0.01
305100.0 310 118.81 1.0 114452 40355.91 1.0 15540 6212.5 1.05 5266368 2849444.65 21.09 310 313.64 1.04 113602 121274.57 21.09 106 6 198 35934 2034 67122 17.4 17.9 17.66 0.01
306000.0 310 118.81 1.0 114762 40474.73 1.0 15537 6211.4 1.05 5281905 2855656.05 21.09 310 313.64 1.04 113912 121588.21 21.09 106 6 198 36040 2040 67320 17.4 17.8 17.66 0.01
306900.0 376 118.96 1.0 115138 40593.68 1.0 15597 6212.45 1.05 5297502 2861868.5 21.09 370 314.64 1.04 114282 121902.85 21.09 106 6 198 36146 2046 67518 17.4 17.9 17.66 0.01
307800.0 354 119.59 1.0 115492 40713.27 1.0 15574 6214.37 1.05 5313076 2868082.88 21.09 350 316.66 1.04 114632 122219.5 21.09 106 6 198 36252 2052 67716 17.4 17.9 17.66 0.01
308700.0 310 118.82 1.0 115802 40832.09 1.0 15537 6214.57 1.05 5328613 2874297.44 21.09 310 313.66 1.04 114942 122533.16 21.09 106 6 198 36358 2058 67914 17.4 17.9 17.66 0.01
309600.0 310 118.82 1.0 116112 40950.91 1.0 15537 6211.37 1.05 5344150 2880508.81 21.09 310 313.66 1.04 115252 122846.82 21.09 106 6 198 36464 2064 68112 17.4 17.9 17.67 0.01
310500.0 376 118.96 1.0 116488 41069.87 1.0 15594 6212.42 1.05 5359744 2886721.23 21.09 370 314.66 1.04 115622 123161.48 21.09 106 6 198 36570 2070 68310 17.4 17.9 17.67 0.01
311400.0 354 119.59 1.0 116842 41189.46 1.0 15563 6208.07 1.05 5375307 2892929.3 21.09 350 316.66 1.04 115972 123478.14 21.09 106 6 198 36676 2076 68508 17.4 17.9 17.67 0.01
312300.0 310 118.81 1.0 117152 41308.27 1.0 15518 6203.35 1.05 5390825 2899132.65 21.09 310 313.62 1.04 116282 123791.76 21.09 106 6 198 36782 2082 68706 17.4 17.9 17.67 0.01
313200.0 310 118.81 1.0 117462 41427.08 1.0 15524 6207.54 1.05 5406349 2905340.19 21.09 310 313.62 1.04 116592 124105.38 21.09 106 6 198 36888 2088 68904 17.4 18.0 17.68 0.01
314100.0 376 118.96 1.0 117838 41546.04 1.0 15581 6206.45 1.05 5421930 2911546.63 21.09 370 314.62 1.04 116962 124420.0 21.09 106 6 198 36994 2094 69102 17.3 18.0 17.68 0.01
315000.0 354 119.59 1.0 118192 41665.63 1.0 15559 6207.39 1.05 5437489 2917754.02 21.09 350 316.62 1.04 117312 124736.63 21.09 106 6 198 37100 2100 69300 17.3 18.0 17.68 0.01
315900.0 310 118.81 1.0 118502 41784.44 1.0 15519 6200.75 1.05 5453008 2923954.77 21.09 310 313.61 1.04 117622 125050.24 21.09 106 6 198 37206 2106 69498 17.3 18.0 17.69 0.01
316800.0 310 118.81 1.0 118812 41903.25 1.0 15527 6204.91 1.05 5468535 2930159.67 21.09 310 313.61 1.04 117932 125363.85 21.09 106 6 198 37312 2112 69696 17.3 18.1 17.7 0.02
317700.0 376 118.96 1.0 119188 42022.21 1.0 15583 6205.95 1.05 5484118 2936365.62 21.09 370 314.61 1.04 118302 125678.46 21.09 106 6 198 37418 2118 69894 17.3 18.1 17.7 0.02
318600.0 354 119.59 1.0 119542 42141.8 1.0 15553 6205.81 1.05 5499671 2942571.43 21.09 350 316.61 1.04 118652 125995.07 21.09 106 6 198 37524 2124 70092 17.3 18.1 17.7 0.02
319500.0 310 118.82 1.0 119852 42260.62 1.0 15503 6198.81 1.05 5515174 2948770.24 21.09 310 313.66 1.04 118962 126308.73 21.09 106 6 198 37630 2130 70290 17.3 18.1 17.7 0.02
320400.0 310 118.82 1.0 120162 42379.43 1.0 15505 6199.82 1.05 5530679 2954970.06 21.09 310 313.66 1.04 119272 126622.39 21.09 106 6 198 37736 2136 70488 17.3 18.2 17.7 0.02
321300.0 376 118.96 1.0 120538 42498.39 1.0 15564 6200.87 1.05 5546243 2961170.93 21.09 370 314.66 1.04 119642 126937.05 21.09 106 6 198 37842 2142 70686 17.3 18.2 17.71 0.02
322200.0 354 119.59 1.0 120892 42617.98 1.0 15541 6197.12 1.05 5561784 2967368.05 21.09 350 316.56 1.04 119992 127253.61 21.09 106 6 198 37948 2148 70884 17.3 18.2 17.71 0.02
323100.0 310 118.81 1.0 121202 42736.78 1.0 15500 6192.92 1.05 5577284 2973560.97 21.09 310 313.53 1.04 120302 127567.14 21.09 106 6 198 38054 2154 71082 17.3 18.2 17.71 0.02
324000.0 310 118.81 1.0 121512 42855.59 1.0 15498 6192.88 1.05 5592782 2979753.85 21.09 310 313.53 1.04 120612 127880.68 21.09 106 6 198 38160 2160 71280 17.3 18.2 17.72 0.02
324900.0 376 118.95 1.0 121888 42974.54 1.0 15553 6192.87 1.05 5608335 2985946.72 21.09 370 314.54 1.04 120982 128195.21 21.09 106 6 198 38266 2166 71478 17.3 18.2 17.72 0.02
325800.0 354 119.59 1.0 122242 43094.13 1.0 15519 6192.13 1.05 5623854 2992138.85 21.09 350 316.63 1.04 121332 128511.84 21.09 106 6 198 38372 2172 71676 17.3 18.2 17.72 0.02
326700.0 310 118.82 1.0 122552 43212.94 1.0 15482 6190.41 1.05 5639336 2998329.27 21.09 310 313.66 1.04 121642 128825.5 21.09 106 6 198 38478 2178 71874 17.3 18.2 17.72 0.02
327600.0 310 118.82 1.0 122862 43331.76 1.0 15490 6194.57 1.05 5654826 3004523.84 21.09 310 313.66 1.04 121952 129139.16 21.09 106 6 198 38584 2184 72072 17.3 18.3 17.73 0.03
328500.0 376 118.96 1.0 123238 43450.72 1.0 15549 6194.57 1.05 5670375 3010718.41 21.09 370 314.66 1.04 122322 129453.82 21.09 106 6 198 38690 2190 72270 17.2 18.3 17.73 0.03
329400.0 354 119.59 1.0 123592 43570.31 1.0 15518 6192.32 1.05 5685893 3016910.73 21.09 350 316.66 1.04 122672 129770.48 21.09 106 6 198 38796 2196 72468 17.2 18.3 17.73 0.03
330300.0 310 118.82 1.0 123902 43689.13 1.0 15470 6184.12 1.05 5701363 3023094.84 21.09 310 313.66 1.04 122982 130084.13 21.09 106 6 198 38902 2202 72666 17.2 18.3 17.74 0.03
331200.0 310 118.82 1.0 124212 43807.94 1.0 15476 6183.02 1.05 5716839 3029277.86 21.09 310 313.66 1.04 123292 130397.79 21.09 106 6 198 39008 2208 72864 17.2 18.4 17.74 0.03
332100.0 376 118.96 1.0 124588 43926.9 1.0 15532 6183.02 1.05 5732371 3035460.88 21.09 370 314.66 1.04 123662 130712.45 21.09 106 6 198 39114 2214 73062 17.2 18.4 17.74 0.03
333000.0 354 119.59 1.0 124942 44046.49 1.0 15489 6174.51 1.05 5747860 3041635.39 21.09 350 316.64 1.04 124012 131029.09 21.09 106 6 198 39220 2220 73260 17.2 18.4 17.74 0.03
333900.0 310 118.81 1.0 125252 44165.3 1.0 15440 6172.6 1.05 5763300 3047807.98 21.09 310 313.64 1.04 124322 131342.72 21.09 106 6 198 39326 2226 73458 17.2 18.4 17.75 0.03
334800.0 310 118.81 1.0 125562 44284.12 1.0 15448 6177.8 1.05 5778748 3053985.79 21.09 310 313.64 1.04 124632 131656.36 21.09 106 6 198 39432 2232 73656 17.2 18.5 17.75 0.04
335700.0 376 118.96 1.0 125938 44403.07 1.0 15497 6176.75 1.05 5794245 3060162.54 21.09 370 314.64 1.04 125002 131971.0 21.09 106 6 198 39538 2238 73854 17.2 18.5 17.75 0.04
336600.0 354 119.59 1.0 126292 44522.67 1.0 15464 6174.47 1.05 5809709 3066337.01 21.09 350 316.66 1.04 125352 132287.66 21.09 106 6 198 39644 2244 74052 17.2 18.5 17.75 0.04
337500.0 310 118.82 1.0 126602 44641.48 1.0 15409 6165.22 1.05 5825118 3072502.22 21.09 310 313.66 1.04 125662 132601.31 21.09 106 6 198 39750 2250 74250 17.2 18.5 17.76 0.04
338400.0 310 118.82 1.0 126912 44760.3 1.0 15422 6170.42 1.05 5840540 3078672.64 21.09 310 313.66 1.04 125972 132914.97 21.09 106 6 198 39856 2256 74448 17.2 18.5 17.77 0.04
339300.0 376 118.96 1.0 127288 44879.26 1.0 15473 6168.32 1.05 5856013 3084840.96 21.09 370 314.66 1.04 126342 133229.63 21.09 106 6 198 39962 2262 74646 17.2 18.5 17.77 0.04
340200.0 354 119.59 1.0 127642 44998.85 1.0 15434 6160.93 1.05 5871447 3091001.89 21.09 350 316.62 1.04 126692 133546.25 21.09 106 6 198 40068 2268 74844 17.2 18.5 17.77 0.04
341100.0 310 118.81 1.0 127952 45117.66 1.0 15378 6153.77 1.05 5886825 3097155.66 21.09 310 313.62 1.04 127002 133859.86 21.09 106 6 198 40174 2274 75042 17.2 18.5 17.77 0.04
342000.0 310 118.81 1.0 128262 45236.47 1.0 15376 6153.72 1.05 5902201 3103309.38 21.09 310 313.62 1.04 127312 134173.48 21.09 106 6 198 40280 2280 75240 17.2 18.5 17.77 0.05
342900.0 376 118.79 1.0 128638 45355.27 1.0 15435 6154.86 1.05 5917636 3109464.24 21.09 370 314.63 1.04 127682 134488.11 21.09 106 6 198 40386 2286 75438 17.2 18.5 17.77 0.05
343800.0 354 119.59 1.0 128992 45474.85 1.0 15406 6151.87 1.05 5933042 3115616.11 21.09 350 316.58 1.04 128032 134804.69 21.09 106 6 198 40492 2292 75636 17.2 18.5 17.77 0.05
344700.0 310 118.81 1.0 129302 45593.66 1.0 15355 6144.71 1.05 5948397 3121760.82 21.09 310 313.58 1.04 128342 135118.27 21.09 106 6 198 40598 2298 75834 17.2 18.5 17.77 0.05
345600.0 310 118.81 1.0 129612 45712.48 1.0 15363 6145.72 1.05 5963760 3127906.54 21.09 310 313.58 1.04 128652 135431.85 21.09 106 6 198 40704 2304 76032 17.2 18.6 17.78 0.05
