# seed = 10, gamma = 0.0, beta = 1.0, dee = 1.0, dcc = 100.0, dec = 50.0, dsCnd = 500.0, dLocalhost = 0.02, hostBroker = EDGE 
#
# The columns have the following meaning: 
# instant[SECONDS] commCountUploadPartial delaySumUploadPartial[SECONDS] delayMaxUploadPartial[SECONDS] commCountUploadTot delaySumUploadTot[SECONDS] delayMaxUploadTot[SECONDS] commCountDownloadPartial delaySumDownloadPartial[SECONDS] delayMaxDownloadPartial[SECONDS] commCountDownloadTot delaySumDownloadTot[SECONDS] delayMaxDownloadTot[SECONDS] commCountDownloadMaxPartial delaySumDownloadMaxPartial[SECONDS] delayMaxDownloadMaxPartial[SECONDS] commCountDownloadMaxTot delaySumDownloadMaxTot[SECONDS] delayMaxDownloadMaxTot[SECONDS] runOnCloudPartial runOnEdgePartial runOnSmartphonePartial runOnCloudTot runOnEdgeTot runOnSmartphoneTot minTemp maxTemp avgTemp varianceTemp
0.0 0 0.0 0.0 0 0.0 0.0 0 0.0 0.0 0 0.0 0.0 0 0.0 0.0 0 0.0 0.0 0 0 0 0 0 0 17.0 25.0 21.0 0.0
900.0 376 152.13 0.51 376 152.13 0.51 15323 7920.37 0.59 15323 7920.37 0.59 370 169.96 0.59 370 169.96 0.59 10 0 300 10 0 300 18.9 21.0 19.36 0.76
1800.0 356 152.9 0.51 732 305.04 0.51 15610 152719.33 20.12 30933 160639.7 20.12 352 3084.22 20.12 722 3254.18 20.12 10 0 300 20 0 600 18.9 18.9 18.9 0.0
2700.0 310 152.03 0.51 1042 457.07 0.51 15266 7975.89 0.6 46199 168615.6 20.12 310 170.81 0.6 1032 3424.99 20.12 10 0 300 30 0 900 17.7 18.9 18.42 0.03
3600.0 310 152.03 0.51 1352 609.1 0.51 15265 7975.97 0.6 61464 176591.56 20.12 310 170.81 0.6 1342 3595.79 20.12 10 0 300 40 0 1200 17.7 18.9 18.22 0.05
4500.0 376 152.17 0.51 1728 761.27 0.51 15321 7976.21 0.6 76785 184567.77 20.12 370 171.11 0.6 1712 3766.9 20.12 10 0 300 50 0 1500 17.6 18.7 18.22 0.05
5400.0 356 152.92 0.51 2084 914.19 0.51 15631 14229.64 20.17 92416 198797.41 20.17 352 191.22 20.17 2064 3958.12 20.17 10 0 300 60 0 1800 17.6 18.7 18.22 0.05
6300.0 310 152.03 0.51 2394 1066.22 0.51 15301 8004.31 0.6 107717 206801.72 20.17 310 171.12 0.6 2374 4129.25 20.17 10 0 300 70 0 2100 17.6 18.7 18.22 0.05
7200.0 310 152.03 0.51 2704 1218.25 0.51 15304 8004.31 0.6 123021 214806.03 20.17 310 171.12 0.6 2684 4300.37 20.17 10 0 300 80 0 2400 17.6 18.7 18.24 0.04
8100.0 376 152.18 0.51 3080 1370.43 0.51 15360 8004.63 0.6 138381 222810.66 20.17 370 171.43 0.6 3054 4471.79 20.17 10 0 300 90 0 2700 17.6 18.7 18.24 0.04
9000.0 356 152.92 0.51 3436 1523.35 0.51 15642 14238.93 20.16 154023 237049.59 20.17 352 191.26 20.16 3406 4663.05 20.17 10 0 300 100 0 3000 17.6 18.7 18.24 0.04
9900.0 310 152.03 0.51 3746 1675.38 0.51 15283 7987.29 0.6 169306 245036.88 20.17 310 170.85 0.6 3716 4833.9 20.17 10 0 300 110 0 3300 17.6 18.7 18.22 0.04
10800.0 310 152.03 0.51 4056 1827.4 0.51 15296 7987.26 0.6 184602 253024.14 20.17 310 170.84 0.6 4026 5004.74 20.17 10 0 300 120 0 3600 17.6 18.7 18.14 0.04
11700.0 376 152.17 0.51 4432 1979.58 0.51 15354 7987.61 0.6 199956 261011.75 20.17 370 171.15 0.6 4396 5175.89 20.17 10 0 300 130 0 3900 17.6 18.7 18.14 0.04
12600.0 354 152.81 0.51 4786 2132.38 0.51 15319 7994.49 0.6 215275 269006.24 20.17 350 171.19 0.6 4746 5347.08 20.17 10 0 300 140 0 4200 17.6 18.7 18.14 0.04
13500.0 310 152.03 0.51 5096 2284.42 0.51 15244 7994.34 0.6 230519 277000.58 20.17 310 170.99 0.6 5056 5518.07 20.17 10 0 300 150 0 4500 17.6 18.7 18.13 0.04
14400.0 310 152.03 0.51 5406 2436.45 0.51 15242 7994.3 0.6 245761 284994.87 20.17 310 170.99 0.6 5366 5689.05 20.17 10 0 300 160 0 4800 17.6 18.7 18.12 0.04
15300.0 376 152.18 0.51 5782 2588.62 0.51 15302 7994.64 0.6 261063 292989.51 20.17 370 171.29 0.6 5736 5860.35 20.17 10 0 300 170 0 5100 17.6 18.7 18.12 0.04
16200.0 354 152.81 0.51 6136 2741.43 0.51 15273 7993.55 0.6 276336 300983.06 20.17 350 171.17 0.6 6086 6031.51 20.17 10 0 300 180 0 5400 17.6 18.7 18.12 0.04
17100.0 310 152.02 0.51 6446 2893.46 0.51 15242 7984.37 0.6 291578 308967.43 20.17 310 170.79 0.6 6396 6202.31 20.17 10 0 300 190 0 5700 17.6 18.7 18.1 0.03
18000.0 310 152.02 0.51 6756 3045.48 0.51 15244 7984.37 0.6 306822 316951.8 20.17 310 170.78 0.6 6706 6373.09 20.17 10 0 300 200 0 6000 17.6 18.7 18.09 0.04
18900.0 376 152.17 0.51 7132 3197.65 0.51 15302 7984.67 0.6 322124 324936.47 20.17 370 171.09 0.6 7076 6544.18 20.17 10 0 300 210 0 6300 17.6 18.6 18.09 0.04
19800.0 354 152.8 0.51 7486 3350.45 0.51 15272 7985.31 0.6 337396 332921.78 20.17 350 171.0 0.6 7426 6715.18 20.17 10 0 300 220 0 6600 17.6 18.6 18.09 0.04
20700.0 310 152.03 0.51 7796 3502.48 0.51 15240 7989.33 0.6 352636 340911.1 20.17 310 170.89 0.6 7736 6886.07 20.17 10 0 300 230 0 6900 17.6 18.6 18.07 0.03
21600.0 310 152.03 0.51 8106 3654.51 0.51 15240 7989.3 0.6 367876 348900.4 20.17 310 170.88 0.6 8046 7056.96 20.17 10 0 300 240 0 7200 17.6 18.6 18.06 0.03
22500.0 376 152.17 0.51 8482 3806.68 0.51 15299 7989.63 0.6 383175 356890.04 20.17 370 171.19 0.6 8416 7228.15 20.17 10 0 300 250 0 7500 17.6 18.6 18.06 0.03
23400.0 354 152.81 0.51 8836 3959.49 0.51 15266 7993.39 0.6 398441 364883.43 20.17 350 171.16 0.6 8766 7399.31 20.17 10 0 300 260 0 7800 17.6 18.6 18.06 0.03
24300.0 310 152.04 0.51 9146 4111.53 0.51 15233 7998.34 0.6 413674 372881.77 20.17 310 171.08 0.6 9076 7570.39 20.17 10 0 300 270 0 8100 17.6 18.6 18.04 0.03
25200.0 310 152.04 0.51 9456 4263.56 0.51 15239 7998.31 0.6 428913 380880.08 20.17 310 171.07 0.6 9386 7741.45 20.17 10 0 300 280 0 8400 17.5 18.6 18.03 0.03
26100.0 376 152.18 0.51 9832 4415.74 0.51 15298 7998.65 0.6 444211 388878.73 20.17 370 171.38 0.6 9756 7912.83 20.17 10 0 300 290 0 8700 17.5 18.6 18.03 0.03
27000.0 354 152.81 0.51 10186 4568.55 0.51 15264 7998.51 0.6 459475 396877.24 20.17 350 171.27 0.6 10106 8084.1 20.17 10 0 300 300 0 9000 17.5 18.6 18.03 0.03
27900.0 310 152.03 0.51 10496 4720.59 0.51 15229 7993.57 0.6 474704 404870.8 20.17 310 170.98 0.6 10416 8255.08 20.17 10 0 300 310 0 9300 17.5 18.6 18.0 0.03
28800.0 310 152.03 0.51 10806 4872.62 0.51 15237 7993.53 0.6 489941 412864.33 20.17 310 170.97 0.6 10726 8426.05 20.17 10 0 300 320 0 9600 17.5 18.6 17.99 0.03
29700.0 376 152.18 0.51 11182 5024.8 0.51 15294 7993.86 0.6 505235 420858.2 20.17 370 171.28 0.6 11096 8597.33 20.17 10 0 300 330 0 9900 17.5 18.6 17.99 0.03
30600.0 354 152.81 0.51 11536 5177.6 0.51 15260 7993.73 0.6 520495 428851.92 20.17 350 171.17 0.6 11446 8768.5 20.17 10 0 300 340 0 10200 17.5 18.6 17.99 0.03
31500.0 310 152.04 0.51 11846 5329.64 0.51 15229 7998.34 0.6 535724 436850.26 20.17 310 171.08 0.6 11756 8939.57 20.17 10 0 300 350 0 10500 17.4 18.6 17.96 0.03
32400.0 310 152.04 0.51 12156 5481.68 0.51 15236 7998.31 0.6 550960 444848.57 20.17 310 171.07 0.6 12066 9110.64 20.17 10 0 300 360 0 10800 17.4 18.6 17.95 0.03
33300.0 376 152.18 0.51 12532 5633.85 0.51 15296 7998.65 0.6 566256 452847.22 20.17 370 171.38 0.6 12436 9282.02 20.17 10 0 300 370 0 11100 17.4 18.5 17.95 0.03
34200.0 354 152.81 0.51 12886 5786.67 0.51 15256 7998.51 0.6 581512 460845.73 20.17 350 171.27 0.6 12786 9453.29 20.17 10 0 300 380 0 11400 17.4 18.5 17.95 0.03
35100.0 310 152.04 0.51 13196 5938.7 0.51 15227 7998.35 0.6 596739 468844.08 20.17 310 171.08 0.6 13096 9624.36 20.17 10 0 300 390 0 11700 17.4 18.5 17.92 0.03
36000.0 310 152.04 0.51 13506 6090.74 0.51 15233 7998.31 0.6 611972 476842.39 20.17 310 171.07 0.6 13406 9795.43 20.17 10 0 300 400 0 12000 17.4 18.5 17.91 0.03
36900.0 376 152.18 0.51 13882 6242.92 0.51 15293 7998.65 0.6 627265 484841.03 20.17 370 171.38 0.6 13776 9966.81 20.17 10 0 300 410 0 12300 17.4 18.5 17.91 0.03
37800.0 354 152.81 0.51 14236 6395.72 0.51 15246 7989.53 0.6 642511 492830.57 20.17 350 171.08 0.6 14126 10137.89 20.17 10 0 300 420 0 12600 17.4 18.5 17.91 0.03
38700.0 310 152.03 0.51 14546 6547.75 0.51 15226 7989.37 0.6 657737 500819.94 20.17 310 170.89 0.6 14436 10308.78 20.17 10 0 300 430 0 12900 17.3 18.5 17.88 0.03
39600.0 310 152.03 0.51 14856 6699.78 0.51 15235 7989.33 0.6 672972 508809.27 20.17 310 170.88 0.6 14746 10479.66 20.17 10 0 300 440 0 13200 17.3 18.5 17.87 0.04
40500.0 376 152.17 0.51 15232 6851.95 0.51 15291 7989.67 0.6 688263 516798.94 20.17 370 171.19 0.6 15116 10650.86 20.17 10 0 300 450 0 13500 17.3 18.5 17.87 0.04
41400.0 354 152.81 0.51 15586 7004.76 0.51 15248 7998.51 0.6 703511 524797.44 20.17 350 171.27 0.6 15466 10822.13 20.17 10 0 300 460 0 13800 17.3 18.5 17.87 0.04
42300.0 310 152.03 0.51 15896 7156.8 0.51 15217 7993.22 0.6 718728 532790.67 20.17 310 170.97 0.6 15776 10993.1 20.17 10 0 300 470 0 14100 17.3 18.5 17.84 0.04
43200.0 310 152.03 0.51 16206 7308.83 0.51 15226 7993.19 0.6 733954 540783.85 20.17 310 170.96 0.6 16086 11164.06 20.17 10 0 300 480 0 14400 17.3 18.5 17.83 0.05
44100.0 376 152.18 0.51 16582 7461.0 0.51 15286 7993.52 0.6 749240 548777.37 20.17 370 171.27 0.6 16456 11335.33 20.17 10 0 300 490 0 14700 17.2 18.4 17.83 0.05
45000.0 354 152.81 0.51 16936 7613.81 0.51 15244 7993.39 0.6 764484 556770.76 20.17 350 171.16 0.6 16806 11506.49 20.17 10 0 300 500 0 15000 17.2 18.4 17.83 0.05
45900.0 310 152.03 0.51 17246 7765.84 0.51 15217 7992.82 0.6 779701 564763.58 20.17 310 170.96 0.6 17116 11677.45 20.17 10 0 300 510 0 15300 17.2 18.4 17.8 0.05
46800.0 310 152.03 0.51 17556 7917.88 0.51 15225 7992.78 0.6 794926 572756.36 20.17 310 170.95 0.6 17426 11848.41 20.17 10 0 300 520 0 15600 17.2 18.5 17.79 0.06
47700.0 376 152.18 0.51 17932 8070.05 0.51 15285 7993.12 0.6 810211 580749.47 20.17 370 171.26 0.6 17796 12019.67 20.17 10 0 300 530 0 15900 17.2 18.5 17.79 0.06
48600.0 354 152.81 0.51 18286 8222.86 0.51 15236 7992.98 0.6 825447 588742.45 20.17 350 171.16 0.6 18146 12190.83 20.17 10 0 300 540 0 16200 17.2 18.5 17.79 0.06
49500.0 310 152.04 0.51 18596 8374.9 0.51 15217 7998.34 0.6 840664 596740.8 20.17 310 171.08 0.6 18456 12361.9 20.17 10 0 300 550 0 16500 17.2 18.5 17.76 0.06
50400.0 310 152.04 0.51 18906 8526.93 0.51 15233 7998.31 0.6 855897 604739.1 20.17 310 171.07 0.6 18766 12532.97 20.17 10 0 300 560 0 16800 17.1 18.5 17.74 0.07
51300.0 376 152.18 0.51 19282 8679.11 0.51 15292 7998.65 0.6 871189 612737.75 20.17 370 171.38 0.6 19136 12704.35 20.17 10 0 300 570 0 17100 17.1 18.5 17.74 0.07
52200.0 354 152.81 0.51 19636 8831.92 0.51 15249 7998.51 0.6 886438 620736.26 20.17 350 171.27 0.6 19486 12875.62 20.17 10 0 300 580 0 17400 17.1 18.5 17.74 0.07
53100.0 310 152.04 0.51 19946 8983.96 0.51 15202 7998.35 0.6 901640 628734.61 20.17 310 171.08 0.6 19796 13046.69 20.17 10 0 300 590 0 17700 17.1 18.5 17.73 0.07
54000.0 310 152.04 0.51 20256 9135.99 0.51 15214 7998.31 0.6 916854 636732.92 20.17 310 171.07 0.6 20106 13217.76 20.17 10 0 300 600 0 18000 17.1 18.6 17.72 0.08
54900.0 376 152.18 0.51 20632 9288.17 0.51 15269 7998.65 0.6 932123 644731.56 20.17 370 171.38 0.6 20476 13389.14 20.17 10 0 300 610 0 18300 17.1 18.6 17.72 0.08
55800.0 354 152.81 0.51 20986 9440.99 0.51 15239 7998.51 0.6 947362 652730.07 20.17 350 171.27 0.6 20826 13560.41 20.17 10 0 300 620 0 18600 17.1 18.6 17.72 0.08
56700.0 310 152.04 0.51 21296 9593.02 0.51 15208 7998.35 0.6 962570 660728.42 20.17 310 171.08 0.6 21136 13731.48 20.17 10 0 300 630 0 18900 17.1 18.6 17.69 0.08
57600.0 310 152.04 0.51 21606 9745.06 0.51 15213 7998.31 0.6 977783 668726.73 20.17 310 171.07 0.6 21446 13902.55 20.17 10 0 300 640 0 19200 17.1 18.6 17.69 0.09
58500.0 376 152.18 0.51 21982 9897.24 0.51 15273 7998.65 0.6 993056 676725.38 20.17 370 171.38 0.6 21816 14073.93 20.17 10 0 300 650 0 19500 17.1 18.6 17.69 0.09
59400.0 354 152.81 0.51 22336 10050.05 0.51 15227 7994.5 0.6 1008283 684719.87 20.17 350 171.19 0.6 22166 14245.12 20.17 10 0 300 660 0 19800 17.1 18.6 17.69 0.09
60300.0 310 152.03 0.51 22646 10202.08 0.51 15207 7994.34 0.6 1023490 692714.21 20.17 310 170.99 0.6 22476 14416.11 20.17 10 0 300 670 0 20100 17.0 18.6 17.66 0.1
61200.0 310 152.03 0.51 22956 10354.11 0.51 15216 7994.3 0.6 1038706 700708.5 20.17 310 170.99 0.6 22786 14587.09 20.17 10 0 300 680 0 20400 17.0 18.6 17.65 0.1
62100.0 376 152.18 0.51 23332 10506.28 0.51 15274 7994.64 0.6 1053980 708703.14 20.17 370 171.29 0.6 23156 14758.39 20.17 10 0 300 690 0 20700 17.0 18.6 17.65 0.1
63000.0 354 152.8 0.51 23686 10659.09 0.51 15226 7984.61 0.6 1069206 716687.75 20.17 350 170.98 0.6 23506 14929.37 20.17 10 0 300 700 0 21000 17.0 18.6 17.65 0.1
63900.0 310 152.02 0.51 23996 10811.11 0.51 15197 7980.32 0.6 1084403 724668.07 20.17 310 170.7 0.6 23816 15100.08 20.17 10 0 300 710 0 21300 17.0 18.6 17.64 0.11
64800.0 310 152.02 0.51 24306 10963.13 0.51 15204 7980.34 0.6 1099607 732648.41 20.17 310 170.7 0.6 24126 15270.78 20.17 10 0 300 720 0 21600 17.0 18.6 17.63 0.11
65700.0 376 152.16 0.51 24682 11115.29 0.51 15264 7980.61 0.6 1114871 740629.02 20.17 370 171.01 0.6 24496 15441.78 20.17 10 0 300 730 0 21900 17.0 18.6 17.63 0.11
66600.0 354 152.8 0.51 25036 11268.09 0.51 15224 7979.66 0.6 1130095 748608.69 20.17 350 170.88 0.6 24846 15612.66 20.17 10 0 300 740 0 22200 17.0 18.6 17.63 0.11
67500.0 310 152.02 0.51 25346 11420.11 0.51 15182 7971.63 0.6 1145277 756580.32 20.17 310 170.53 0.6 25156 15783.19 20.17 10 0 300 750 0 22500 17.0 18.6 17.62 0.11
68400.0 310 152.02 0.51 25656 11572.12 0.51 15184 7971.62 0.6 1160461 764551.94 20.17 310 170.52 0.6 25466 15953.71 20.17 10 0 300 760 0 22800 17.0 18.7 17.62 0.11
69300.0 376 152.16 0.51 26032 11724.29 0.51 15244 7971.93 0.6 1175705 772523.87 20.17 370 170.83 0.6 25836 16124.54 20.17 10 0 300 770 0 23100 17.0 18.7 17.62 0.11
70200.0 354 152.8 0.51 26386 11877.08 0.51 15210 7978.89 0.6 1190915 780502.76 20.17 350 170.87 0.6 26186 16295.4 20.17 10 0 300 780 0 23400 17.0 18.7 17.62 0.11
71100.0 310 152.02 0.51 26696 12029.1 0.51 15183 7979.04 0.6 1206098 788481.8 20.17 310 170.68 0.6 26496 16466.08 20.17 10 0 300 790 0 23700 17.0 18.7 17.61 0.12
72000.0 310 152.02 0.51 27006 12181.13 0.51 15193 7979.07 0.6 1221291 796460.87 20.17 310 170.67 0.6 26806 16636.75 20.17 10 0 300 800 0 24000 17.0 18.7 17.6 0.12
72900.0 376 152.16 0.51 27382 12333.29 0.51 15250 7979.35 0.6 1236541 804440.22 20.17 370 170.98 0.6 27176 16807.73 20.17 10 0 300 810 0 24300 17.0 18.7 17.6 0.12
73800.0 354 152.8 0.51 27736 12486.09 0.51 15215 7979.27 0.6 1251756 812419.49 20.17 350 170.87 0.6 27526 16978.61 20.17 10 0 300 820 0 24600 17.0 18.7 17.6 0.12
74700.0 310 152.02 0.51 28046 12638.11 0.51 15173 7984.19 0.6 1266929 820403.68 20.17 310 170.78 0.6 27836 17149.39 20.17 10 0 300 830 0 24900 17.0 18.7 17.59 0.12
75600.0 310 152.02 0.51 28356 12790.14 0.51 15171 7984.22 0.6 1282100 828387.9 20.17 310 170.78 0.6 28146 17320.17 20.17 10 0 300 840 0 25200 17.0 18.7 17.59 0.12
76500.0 376 152.17 0.51 28732 12942.3 0.51 15231 7984.49 0.6 1297331 836372.39 20.17 370 171.09 0.6 28516 17491.26 20.17 10 0 300 850 0 25500 17.0 18.7 17.59 0.12
77400.0 354 152.8 0.51 29086 13095.1 0.51 15203 7980.54 0.6 1312534 844352.94 20.17 350 170.9 0.6 28866 17662.15 20.17 10 0 300 860 0 25800 17.0 18.7 17.59 0.12
78300.0 310 152.02 0.51 29396 13247.12 0.51 15166 7980.31 0.6 1327700 852333.25 20.17 310 170.7 0.6 29176 17832.86 20.17 10 0 300 870 0 26100 17.0 18.7 17.58 0.12
79200.0 310 152.02 0.51 29706 13399.15 0.51 15175 7980.34 0.6 1342875 860313.59 20.17 310 170.7 0.6 29486 18003.56 20.17 10 0 300 880 0 26400 17.0 18.6 17.58 0.12
80100.0 376 152.16 0.51 30082 13551.31 0.51 15235 7980.61 0.6 1358110 868294.2 20.17 370 171.01 0.6 29856 18174.56 20.17 10 0 300 890 0 26700 17.0 18.6 17.58 0.12
81000.0 354 152.8 0.51 30436 13704.11 0.51 15204 7982.99 0.6 1373314 876277.19 20.17 350 170.95 0.6 30206 18345.51 20.17 10 0 300 900 0 27000 17.0 18.6 17.58 0.12
81900.0 310 152.03 0.51 30746 13856.13 0.51 15167 7987.17 0.6 1388481 884264.36 20.17 310 170.85 0.6 30516 18516.36 20.17 10 0 300 910 0 27300 17.0 18.6 17.58 0.12
82800.0 310 152.03 0.51 31056 14008.16 0.51 15167 7987.22 0.6 1403648 892251.58 20.17 310 170.84 0.6 30826 18687.2 20.17 10 0 300 920 0 27600 17.0 18.6 17.58 0.12
83700.0 376 152.17 0.51 31432 14160.33 0.51 15224 7987.47 0.6 1418872 900239.06 20.17 370 171.15 0.6 31196 18858.35 20.17 10 0 300 930 0 27900 17.0 18.6 17.58 0.12
84600.0 354 152.8 0.51 31786 14313.14 0.51 15192 7987.43 0.6 1434064 908226.48 20.17 350 171.04 0.6 31546 19029.39 20.17 10 0 300 940 0 28200 17.0 18.6 17.58 0.12
85500.0 310 152.02 0.51 32096 14465.16 0.51 15163 7981.65 0.6 1449227 916208.13 20.17 310 170.73 0.6 31856 19200.12 20.17 10 0 300 950 0 28500 17.0 18.6 17.59 0.11
86400.0 310 152.02 0.51 32406 14617.18 0.51 15166 7981.7 0.6 1464393 924189.83 20.17 310 170.73 0.6 32166 19370.85 20.17 10 0 300 960 0 28800 17.0 18.6 17.59 0.11
87300.0 376 152.17 0.51 32782 14769.35 0.51 15226 7981.95 0.6 1479619 932171.77 20.17 370 171.03 0.6 32536 19541.89 20.17 10 0 300 970 0 29100 17.0 18.6 17.59 0.11
88200.0 354 152.81 0.51 33136 14922.16 0.51 15196 7992.97 0.6 1494815 940164.75 20.17 350 171.16 0.6 32886 19713.04 20.17 10 0 300 980 0 29400 17.0 18.6 17.59 0.11
89100.0 310 152.04 0.51 33446 15074.19 0.51 15210 7998.34 0.6 1510025 948163.09 20.17 310 171.08 0.6 33196 19884.12 20.17 10 0 300 990 0 29700 17.0 18.6 17.62 0.08
90000.0 310 152.04 0.51 33756 15226.23 0.51 15248 7998.31 0.6 1525273 956161.4 20.17 310 171.07 0.6 33506 20055.18 20.17 10 0 300 1000 0 30000 17.1 18.5 17.68 0.05
90900.0 376 152.18 0.51 34132 15378.41 0.51 15308 7998.65 0.6 1540581 964160.05 20.17 370 171.38 0.6 33876 20226.56 20.17 10 0 300 1010 0 30300 17.1 18.5 17.68 0.05
91800.0 354 152.8 0.51 34486 15531.21 0.51 15252 7982.8 0.6 1555833 972142.85 20.17 350 170.95 0.6 34226 20397.51 20.17 10 0 300 1020 0 30600 17.1 18.5 17.68 0.05
92700.0 310 152.02 0.51 34796 15683.23 0.51 15278 7970.34 0.6 1571111 980113.19 20.17 310 170.5 0.6 34536 20568.01 20.17 10 0 300 1030 0 30900 17.1 23.8 19.33 2.08
93600.0 310 152.02 0.51 35106 15835.24 0.51 15279 7970.33 0.6 1586390 988083.52 20.17 310 170.49 0.6 34846 20738.5 20.17 10 0 300 1040 0 31200 17.1 23.8 20.51 4.73
94500.0 376 152.16 0.51 35482 15987.4 0.51 15337 7970.64 0.6 1601727 996054.15 20.17 370 170.8 0.6 35216 20909.3 20.17 10 0 300 1050 0 31500 17.1 23.8 20.54 4.78
95400.0 354 152.79 0.51 35836 16140.2 0.51 15312 7970.53 0.6 1617039 1004024.68 20.17 350 170.69 0.6 35566 21079.99 20.17 10 0 300 1060 0 31800 17.1 23.8 20.54 4.78
96300.0 310 152.02 0.51 36146 16292.21 0.51 15277 7970.33 0.6 1632316 1011995.01 20.17 310 170.5 0.6 35876 21250.49 20.17 10 0 300 1070 0 32100 17.1 24.0 20.89 4.66
97200.0 310 152.02 0.51 36456 16444.23 0.51 15275 7970.33 0.6 1647591 1019965.34 20.17 310 170.49 0.6 36186 21420.99 20.17 10 0 300 1080 0 32400 17.1 24.0 21.06 4.74
98100.0 376 152.16 0.51 36832 16596.39 0.51 15334 7970.64 0.6 1662925 1027935.98 20.17 370 170.8 0.6 36556 21591.79 20.17 10 0 300 1090 0 32700 17.4 24.0 21.07 4.73
99000.0 354 152.79 0.51 37186 16749.18 0.51 15311 7963.28 0.6 1678236 1035899.26 20.17 350 170.55 0.6 36906 21762.33 20.17 10 0 300 1100 0 33000 17.4 24.0 21.07 4.73
99900.0 310 152.01 0.51 37496 16901.19 0.51 15277 7963.05 0.6 1693513 1043862.31 20.17 310 170.35 0.6 37216 21932.68 20.17 10 0 300 1110 0 33300 17.4 24.0 21.3 4.1
100800.0 310 152.01 0.51 37806 17053.2 0.51 15276 7963.08 0.6 1708789 1051825.39 20.17 310 170.34 0.6 37526 22103.03 20.17 10 0 300 1120 0 33600 17.5 24.0 21.43 3.94
101700.0 376 152.15 0.51 38182 17205.35 0.51 15336 7963.36 0.6 1724125 1059788.74 20.17 370 170.65 0.6 37896 22273.68 20.17 10 0 300 1130 0 33900 17.8 24.0 21.44 3.92
102600.0 354 152.79 0.51 38536 17358.13 0.51 15307 7961.07 0.6 1739432 1067749.81 20.17 350 170.5 0.6 38246 22444.18 20.17 10 0 300 1140 0 34200 17.8 24.0 21.44 3.92
103500.0 310 152.01 0.51 38846 17510.14 0.51 15270 7960.85 0.6 1754702 1075710.66 20.17 310 170.3 0.6 38556 22614.48 20.17 10 0 300 1150 0 34500 17.8 24.0 21.58 3.32
104400.0 310 152.01 0.51 39156 17662.15 0.51 15269 7960.86 0.6 1769971 1083671.52 20.17 310 170.3 0.6 38866 22784.78 20.17 10 0 300 1160 0 34800 18.0 24.0 21.73 3.15
105300.0 376 152.15 0.51 39532 17814.31 0.51 15323 7961.15 0.6 1785294 1091632.68 20.17 370 170.6 0.6 39236 22955.38 20.17 10 0 300 1170 0 35100 18.5 24.0 21.74 3.12
106200.0 354 152.78 0.51 39886 17967.09 0.51 15303 7957.87 0.6 1800597 1099590.55 20.17 350 170.44 0.6 39586 23125.82 20.17 10 0 300 1180 0 35400 18.5 24.0 21.74 3.12
107100.0 310 152.0 0.51 40196 18119.09 0.51 15265 7948.22 0.6 1815862 1107538.77 20.17 310 170.05 0.6 39896 23295.87 20.17 10 0 300 1190 0 35700 18.5 24.0 21.73 2.92
108000.0 310 152.0 0.51 40506 18271.08 0.51 15265 7948.18 0.6 1831127 1115486.95 20.17 310 170.05 0.6 40206 23465.92 20.17 10 0 300 1200 0 36000 18.8 24.0 21.74 2.9
108900.0 376 152.14 0.51 40882 18423.23 0.51 15320 7948.52 0.6 1846447 1123435.47 20.17 370 170.36 0.6 40576 23636.27 20.17 10 0 300 1210 0 36300 18.9 24.0 21.74 2.89
109800.0 354 152.78 0.51 41236 18576.0 0.51 15298 7948.38 0.6 1861745 1131383.85 20.17 350 170.25 0.6 40926 23806.52 20.17 10 0 300 1220 0 36600 18.9 24.0 21.74 2.89
110700.0 310 152.0 0.51 41546 18728.0 0.51 15255 7948.22 0.6 1877000 1139332.07 20.17 310 170.05 0.6 41236 23976.57 20.17 10 0 300 1230 0 36900 18.9 24.0 21.63 2.83
111600.0 310 152.0 0.51 41856 18880.0 0.51 15254 7948.18 0.6 1892254 1147280.25 20.17 310 170.05 0.6 41546 24146.62 20.17 10 0 300 1240 0 37200 18.9 24.0 21.57 2.7
112500.0 376 152.14 0.51 42232 19032.14 0.51 15312 7948.52 0.6 1907566 1155228.76 20.17 370 170.36 0.6 41916 24316.97 20.17 10 0 300 1250 0 37500 18.9 23.9 21.57 2.7
113400.0 354 152.78 0.51 42586 19184.91 0.51 15289 7948.38 0.6 1922855 1163177.15 20.17 350 170.25 0.6 42266 24487.22 20.17 10 0 300 1260 0 37800 18.9 23.9 21.57 2.7
114300.0 310 152.0 0.51 42896 19336.91 0.51 15252 7948.22 0.6 1938107 1171125.36 20.17 310 170.05 0.6 42576 24657.28 20.17 10 0 300 1270 0 38100 18.9 23.9 22.91 0.7
115200.0 310 152.0 0.51 43206 19488.91 0.51 15252 7948.18 0.6 1953359 1179073.54 20.17 310 170.05 0.6 42886 24827.32 20.17 10 0 300 1280 0 38400 18.9 24.0 23.47 0.17
116100.0 376 152.14 0.51 43582 19641.05 0.51 15312 7948.52 0.6 1968671 1187022.06 20.17 370 170.36 0.6 43256 24997.68 20.17 10 0 300 1290 0 38700 22.6 24.0 23.5 0.04
117000.0 354 152.78 0.51 43936 19793.83 0.51 15288 7948.38 0.6 1983959 1194970.44 20.17 350 170.25 0.6 43606 25167.92 20.17 10 0 300 1300 0 39000 22.6 24.0 23.5 0.04
117900.0 310 152.0 0.51 44246 19945.83 0.51 15247 7948.22 0.6 1999206 1202918.66 20.17 310 170.05 0.6 43916 25337.98 20.17 10 0 300 1310 0 39300 22.6 24.0 23.54 0.02
118800.0 310 152.0 0.51 44556 20097.83 0.51 15247 7948.18 0.6 2014453 1210866.84 20.17 310 170.05 0.6 44226 25508.02 20.17 10 0 300 1320 0 39600 22.7 24.0 23.59 0.02
119700.0 376 152.14 0.51 44932 20249.97 0.51 15305 7948.52 0.6 2029758 1218815.36 20.17 370 170.36 0.6 44596 25678.38 20.17 10 0 300 1330 0 39900 22.7 24.0 23.59 0.02
120600.0 354 152.78 0.51 45286 20402.74 0.51 15285 7948.38 0.6 2045043 1226763.74 20.17 350 170.25 0.6 44946 25848.63 20.17 10 0 300 1340 0 40200 22.7 24.0 23.59 0.02
121500.0 310 152.0 0.51 45596 20554.74 0.51 15241 7948.21 0.6 2060284 1234711.96 20.17 310 170.05 0.6 45256 26018.68 20.17 10 0 300 1350 0 40500 22.7 24.0 23.64 0.01
122400.0 310 152.0 0.51 45906 20706.74 0.51 15240 7948.18 0.6 2075524 1242660.14 20.17 310 170.05 0.6 45566 26188.72 20.17 10 0 300 1360 0 40800 22.8 24.0 23.65 0.01
123300.0 376 152.14 0.51 46282 20858.88 0.51 15299 7948.52 0.6 2090823 1250608.66 20.17 370 170.36 0.6 45936 26359.08 20.17 10 0 300 1370 0 41100 22.8 24.0 23.66 0.01
124200.0 354 152.78 0.51 46636 21011.66 0.51 15279 7948.38 0.6 2106102 1258557.04 20.17 350 170.25 0.6 46286 26529.33 20.17 10 0 300 1380 0 41400 22.8 24.0 23.66 0.01
125100.0 310 152.0 0.51 46946 21163.65 0.51 15238 7948.21 0.6 2121340 1266505.25 20.17 310 170.05 0.6 46596 26699.38 20.17 10 0 300 1390 0 41700 22.8 24.0 23.69 0.01
126000.0 310 152.0 0.51 47256 21315.65 0.51 15238 7948.18 0.6 2136578 1274453.43 20.17 310 170.05 0.6 46906 26869.43 20.17 10 0 300 1400 0 42000 22.9 24.0 23.72 0.01
126900.0 376 152.14 0.51 47632 21467.8 0.51 15298 7948.52 0.6 2151876 1282401.95 20.17 370 170.36 0.6 47276 27039.78 20.17 10 0 300 1410 0 42300 22.9 24.0 23.72 0.01
127800.0 354 152.78 0.51 47986 21620.57 0.51 15277 7948.38 0.6 2167153 1290350.33 20.17 350 170.25 0.6 47626 27210.03 20.17 10 0 300 1420 0 42600 22.9 24.0 23.72 0.01
128700.0 310 152.0 0.51 48296 21772.57 0.51 15236 7948.21 0.6 2182389 1298298.55 20.17 310 170.05 0.6 47936 27380.08 20.17 10 0 300 1430 0 42900 22.9 24.0 23.75 0.01
129600.0 310 152.0 0.51 48606 21924.57 0.51 15236 7948.18 0.6 2197625 1306246.73 20.17 310 170.05 0.6 48246 27550.13 20.17 10 0 300 1440 0 43200 23.1 24.0 23.77 0.01
130500.0 376 152.14 0.51 48982 22076.71 0.51 15294 7948.52 0.6 2212919 1314195.25 20.17 370 170.36 0.6 48616 27720.48 20.17 10 0 300 1450 0 43500 23.1 24.0 23.77 0.01
131400.0 354 152.78 0.51 49336 22229.48 0.51 15274 7948.38 0.6 2228193 1322143.63 20.17 350 170.25 0.6 48966 27890.73 20.17 10 0 300 1460 0 43800 23.1 24.0 23.77 0.01
132300.0 310 152.0 0.51 49646 22381.48 0.51 15234 7948.21 0.6 2243427 1330091.85 20.17 310 170.05 0.6 49276 28060.79 20.17 10 0 300 1470 0 44100 23.1 24.0 23.78 0.01
133200.0 310 152.0 0.51 49956 22533.48 0.51 15229 7948.18 0.6 2258656 1338040.03 20.17 310 170.05 0.6 49586 28230.83 20.17 10 0 300 1480 0 44400 23.2 24.0 23.81 0.01
134100.0 376 152.14 0.51 50332 22685.62 0.51 15289 7948.52 0.6 2273945 1345988.54 20.17 370 170.36 0.6 49956 28401.19 20.17 10 0 300 1490 0 44700 23.2 24.0 23.81 0.01
135000.0 354 152.78 0.51 50686 22838.4 0.51 15269 7948.38 0.6 2289214 1353936.93 20.17 350 170.25 0.6 50306 28571.43 20.17 10 0 300 1500 0 45000 23.2 24.0 23.81 0.01
135900.0 310 152.0 0.51 50996 22990.4 0.51 15226 7948.21 0.6 2304440 1361885.14 20.17 310 170.05 0.6 50616 28741.49 20.17 10 0 300 1510 0 45300 23.2 24.0 23.83 0.01
136800.0 310 152.0 0.51 51306 23142.39 0.51 15226 7948.18 0.6 2319666 1369833.32 20.17 310 170.05 0.6 50926 28911.53 20.17 10 0 300 1520 0 45600 23.3 24.0 23.84 0.01
137700.0 376 152.14 0.51 51682 23294.54 0.51 15285 7948.52 0.6 2334951 1377781.84 20.17 370 170.36 0.6 51296 29081.89 20.17 10 0 300 1530 0 45900 23.3 24.0 23.84 0.01
138600.0 354 152.78 0.51 52036 23447.31 0.51 15262 7948.38 0.6 2350213 1385730.22 20.17 350 170.25 0.6 51646 29252.14 20.17 10 0 300 1540 0 46200 23.3 24.0 23.84 0.01
139500.0 310 152.0 0.51 52346 23599.31 0.51 15222 7948.21 0.6 2365435 1393678.44 20.17 310 170.05 0.6 51956 29422.19 20.17 10 0 300 1550 0 46500 23.3 24.0 23.85 0.01
140400.0 310 152.0 0.51 52656 23751.31 0.51 15220 7948.18 0.6 2380655 1401626.62 20.17 310 170.05 0.6 52266 29592.23 20.17 10 0 300 1560 0 46800 23.4 24.0 23.86 0.01
141300.0 376 152.14 0.51 53032 23903.45 0.51 15279 7948.52 0.6 2395934 1409575.13 20.17 370 170.36 0.6 52636 29762.59 20.17 10 0 300 1570 0 47100 23.4 24.0 23.86 0.01
142200.0 354 152.78 0.51 53386 24056.23 0.51 15259 7948.38 0.6 2411193 1417523.52 20.17 350 170.25 0.6 52986 29932.84 20.17 10 0 300 1580 0 47400 23.4 24.0 23.86 0.01
143100.0 310 152.0 0.51 53696 24208.22 0.51 15219 7948.21 0.6 2426412 1425471.73 20.17 310 170.05 0.6 53296 30102.89 20.17 10 0 300 1590 0 47700 23.4 24.0 23.88 0.01
144000.0 310 152.0 0.51 54006 24360.22 0.51 15215 7948.18 0.6 2441627 1433419.91 20.17 310 170.05 0.6 53606 30272.94 20.17 10 0 300 1600 0 48000 23.5 24.0 23.88 0.01
144900.0 376 152.14 0.51 54382 24512.36 0.51 15275 7948.52 0.6 2456902 1441368.43 20.17 370 170.36 0.6 53976 30443.29 20.17 10 0 300 1610 0 48300 23.5 24.0 23.88 0.01
145800.0 354 152.78 0.51 54736 24665.14 0.51 15254 7948.38 0.6 2472156 1449316.81 20.17 350 170.25 0.6 54326 30613.54 20.17 10 0 300 1620 0 48600 23.5 24.0 23.88 0.01
146700.0 310 152.0 0.51 55046 24817.14 0.51 15211 7948.21 0.6 2487367 1457265.03 20.17 310 170.05 0.6 54636 30783.59 20.17 10 0 300 1630 0 48900 23.5 24.0 23.89 0.01
147600.0 310 152.0 0.51 55356 24969.14 0.51 15210 7948.18 0.6 2502577 1465213.21 20.17 310 170.05 0.6 54946 30953.64 20.17 10 0 300 1640 0 49200 23.6 24.0 23.89 0.01
148500.0 376 152.14 0.51 55732 25121.28 0.51 15266 7948.52 0.6 2517843 1473161.72 20.17 370 170.36 0.6 55316 31123.99 20.17 10 0 300 1650 0 49500 23.6 24.0 23.89 0.01
149400.0 354 152.78 0.51 56086 25274.05 0.51 15242 7948.38 0.6 2533085 1481110.11 20.17 350 170.25 0.6 55666 31294.24 20.17 10 0 300 1660 0 49800 23.6 24.0 23.89 0.01
150300.0 310 152.0 0.51 56396 25426.05 0.51 15201 7948.21 0.6 2548286 1489058.32 20.17 310 170.05 0.6 55976 31464.3 20.17 10 0 300 1670 0 50100 23.6 24.0 23.89 0.01
151200.0 310 152.0 0.51 56706 25578.05 0.51 15201 7948.18 0.6 2563487 1497006.5 20.17 310 170.05 0.6 56286 31634.34 20.17 10 0 300 1680 0 50400 23.7 24.0 23.9 0.01
152100.0 376 152.14 0.51 57082 25730.19 0.51 15257 7948.52 0.6 2578744 1504955.02 20.17 370 170.36 0.6 56656 31804.7 20.17 10 0 300 1690 0 50700 23.7 24.0 23.9 0.01
153000.0 354 152.78 0.51 57436 25882.97 0.51 15237 7948.38 0.6 2593981 1512903.4 20.17 350 170.25 0.6 57006 31974.94 20.17 10 0 300 1700 0 51000 23.7 24.0 23.9 0.01
153900.0 310 152.0 0.51 57746 26034.97 0.51 15196 7948.21 0.6 2609177 1520851.61 20.17 310 170.05 0.6 57316 32145.0 20.17 10 0 300 1710 0 51300 23.7 24.0 23.89 0.01
154800.0 310 152.0 0.51 58056 26186.96 0.51 15194 7948.18 0.6 2624371 1528799.8 20.17 310 170.05 0.6 57626 32315.04 20.17 10 0 300 1720 0 51600 23.6 24.0 23.89 0.01
155700.0 376 152.14 0.51 58432 26339.11 0.51 15254 7948.52 0.6 2639625 1536748.31 20.17 370 170.36 0.6 57996 32485.4 20.17 10 0 300 1730 0 51900 23.6 24.0 23.89 0.01
156600.0 354 152.78 0.51 58786 26491.88 0.51 15234 7948.38 0.6 2654859 1544696.69 20.17 350 170.25 0.6 58346 32655.64 20.17 10 0 300 1740 0 52200 23.6 24.0 23.89 0.01
157500.0 310 152.0 0.51 59096 26643.88 0.51 15193 7948.21 0.6 2670052 1552644.91 20.17 310 170.05 0.6 58656 32825.7 20.17 10 0 300 1750 0 52500 23.6 24.0 23.88 0.01
158400.0 310 152.0 0.51 59406 26795.88 0.51 15193 7948.18 0.6 2685245 1560593.09 20.17 310 170.05 0.6 58966 32995.74 20.17 10 0 300 1760 0 52800 23.5 24.0 23.88 0.01
159300.0 376 152.14 0.51 59782 26948.02 0.51 15252 7948.52 0.6 2700497 1568541.61 20.17 370 170.36 0.6 59336 33166.1 20.17 10 0 300 1770 0 53100 23.5 24.0 23.88 0.01
160200.0 354 152.78 0.51 60136 27100.79 0.51 15228 7948.38 0.6 2715725 1576489.99 20.17 350 170.25 0.6 59686 33336.35 20.17 10 0 300 1780 0 53400 23.5 24.0 23.88 0.01
161100.0 310 152.0 0.51 60446 27252.79 0.51 15188 7948.21 0.6 2730913 1584438.2 20.17 310 170.05 0.6 59996 33506.4 20.17 10 0 300 1790 0 53700 23.5 24.0 23.86 0.02
162000.0 310 152.0 0.51 60756 27404.79 0.51 15188 7948.18 0.6 2746101 1592386.38 20.17 310 170.05 0.6 60306 33676.45 20.17 10 0 300 1800 0 54000 23.4 24.0 23.86 0.02
162900.0 376 152.14 0.51 61132 27556.93 0.51 15245 7948.52 0.6 2761346 1600334.9 20.17 370 170.36 0.6 60676 33846.8 20.17 10 0 300 1810 0 54300 23.4 24.0 23.86 0.02
163800.0 354 152.78 0.51 61486 27709.7 0.51 15225 7948.38 0.6 2776571 1608283.28 20.17 350 170.25 0.6 61026 34017.05 20.17 10 0 300 1820 0 54600 23.4 24.0 23.86 0.02
164700.0 310 152.0 0.51 61796 27861.7 0.51 15184 7948.21 0.6 2791755 1616231.5 20.17 310 170.05 0.6 61336 34187.1 20.17 10 0 300 1830 0 54900 23.4 24.0 23.82 0.02
165600.0 310 152.0 0.51 62106 28013.7 0.51 15183 7948.18 0.6 2806938 1624179.68 20.17 310 170.05 0.6 61646 34357.15 20.17 10 0 300 1840 0 55200 23.3 24.0 23.82 0.02
166500.0 376 152.14 0.51 62482 28165.84 0.51 15243 7948.52 0.6 2822181 1632128.19 20.17 370 170.36 0.6 62016 34527.5 20.17 10 0 300 1850 0 55500 23.3 24.0 23.82 0.02
167400.0 354 152.78 0.51 62836 28318.62 0.51 15222 7948.38 0.6 2837403 1640076.57 20.17 350 170.25 0.6 62366 34697.75 20.17 10 0 300 1860 0 55800 23.3 24.0 23.82 0.02
168300.0 310 152.0 0.51 63146 28470.62 0.51 15180 7948.21 0.6 2852583 1648024.79 20.17 310 170.05 0.6 62676 34867.81 20.17 10 0 300 1870 0 56100 23.3 24.0 23.8 0.02
169200.0 310 152.0 0.51 63456 28622.62 0.51 15180 7948.18 0.6 2867763 1655972.97 20.17 310 170.05 0.6 62986 35037.85 20.17 10 0 300 1880 0 56400 23.2 24.0 23.79 0.02
170100.0 376 152.14 0.51 63832 28774.75 0.51 15239 7948.52 0.6 2883002 1663921.48 20.17 370 170.36 0.6 63356 35208.21 20.17 10 0 300 1890 0 56700 23.2 24.0 23.79 0.02
171000.0 354 152.78 0.51 64186 28927.53 0.51 15212 7948.38 0.6 2898214 1671869.87 20.17 350 170.25 0.6 63706 35378.45 20.17 10 0 300 1900 0 57000 23.2 24.0 23.79 0.02
171900.0 310 152.0 0.51 64496 29079.53 0.51 15173 7948.21 0.6 2913387 1679818.08 20.17 310 170.05 0.6 64016 35548.51 20.17 10 0 300 1910 0 57300 23.2 24.0 23.76 0.03
172800.0 310 152.0 0.51 64806 29231.52 0.51 15173 7948.18 0.6 2928560 1687766.26 20.17 310 170.05 0.6 64326 35718.55 20.17 10 0 300 1920 0 57600 23.1 24.0 23.74 0.03
173700.0 376 152.14 0.51 65182 29383.67 0.51 15231 7948.52 0.6 2943791 1695714.78 20.17 370 170.36 0.6 64696 35888.91 20.17 10 0 300 1930 0 57900 23.1 24.0 23.74 0.03
174600.0 354 152.78 0.51 65536 29536.44 0.51 15209 7948.38 0.6 2959000 1703663.16 20.17 350 170.25 0.6 65046 36059.15 20.17 10 0 300 1940 0 58200 23.1 24.0 23.74 0.03
175500.0 310 152.0 0.51 65846 29688.44 0.51 15167 7948.21 0.6 2974167 1711611.37 20.17 310 170.05 0.6 65356 36229.21 20.17 10 0 300 1950 0 58500 23.1 24.0 23.7 0.03
176400.0 310 152.0 0.51 66156 29840.44 0.51 15167 7948.18 0.6 2989334 1719559.55 20.17 310 170.05 0.6 65666 36399.25 20.17 10 0 300 1960 0 58800 22.9 24.0 23.67 0.03
177300.0 376 152.14 0.51 66532 29992.58 0.51 15225 7948.52 0.6 3004559 1727508.07 20.17 370 170.36 0.6 66036 36569.61 20.17 10 0 300 1970 0 59100 22.9 23.9 23.67 0.03
178200.0 354 152.78 0.51 66886 30145.36 0.51 15201 7948.38 0.6 3019760 1735456.45 20.17 350 170.25 0.6 66386 36739.86 20.17 10 0 300 1980 0 59400 22.9 23.9 23.67 0.03
179100.0 310 152.0 0.51 67196 30297.35 0.51 15160 7948.21 0.6 3034920 1743404.66 20.17 310 170.05 0.6 66696 36909.91 20.17 10 0 300 1990 0 59700 22.9 23.9 23.62 0.03
180000.0 310 152.0 0.51 67506 30449.35 0.51 15162 7948.18 0.6 3050082 1751352.84 20.17 310 170.05 0.6 67006 37079.96 20.17 10 0 300 2000 0 60000 22.8 23.9 23.58 0.03
180900.0 376 152.14 0.51 67882 30601.49 0.51 15221 7948.52 0.6 3065303 1759301.36 20.17 370 170.36 0.6 67376 37250.31 20.17 10 0 300 2010 0 60300 22.8 23.9 23.58 0.03
181800.0 354 152.78 0.51 68236 30754.27 0.51 15190 7948.38 0.6 3080493 1767249.74 20.17 350 170.25 0.6 67726 37420.56 20.17 10 0 300 2020 0 60600 22.8 23.9 23.58 0.03
182700.0 310 152.0 0.51 68546 30906.27 0.51 15156 7948.21 0.6 3095649 1775197.96 20.17 310 170.05 0.6 68036 37590.61 20.17 10 0 300 2030 0 60900 22.8 23.8 23.51 0.03
183600.0 310 152.0 0.51 68856 31058.27 0.51 15158 7948.18 0.6 3110807 1783146.14 20.17 310 170.05 0.6 68346 37760.66 20.17 10 0 300 2040 0 61200 22.7 23.8 23.44 0.02
184500.0 376 152.14 0.51 69232 31210.41 0.51 15215 7948.52 0.6 3126022 1791094.65 20.17 370 170.36 0.6 68716 37931.01 20.17 10 0 300 2050 0 61500 22.7 23.8 23.44 0.02
185400.0 354 152.78 0.51 69586 31363.18 0.51 15191 7948.38 0.6 3141213 1799043.03 20.17 350 170.25 0.6 69066 38101.26 20.17 10 0 300 2060 0 61800 22.7 23.8 23.44 0.02
186300.0 310 152.0 0.51 69896 31515.18 0.51 15152 7948.21 0.6 3156365 1806991.25 20.17 310 170.05 0.6 69376 38271.31 20.17 10 0 300 2070 0 62100 22.7 23.7 23.35 0.03
187200.0 310 152.0 0.51 70206 31667.18 0.51 15149 7948.18 0.6 3171514 1814939.43 20.17 310 170.05 0.6 69686 38441.36 20.17 10 0 300 2080 0 62400 22.4 23.7 23.27 0.02
188100.0 376 152.14 0.51 70582 31819.32 0.51 15209 7948.52 0.6 3186723 1822887.94 20.17 370 170.36 0.6 70056 38611.72 20.17 10 0 300 2090 0 62700 22.4 23.7 23.26 0.02
189000.0 354 152.78 0.51 70936 31972.1 0.51 15185 7948.38 0.6 3201908 1830836.32 20.17 350 170.25 0.6 70406 38781.96 20.17 10 0 300 2100 0 63000 22.4 23.7 23.26 0.02
189900.0 310 152.0 0.51 71246 32124.1 0.51 15146 7948.21 0.6 3217054 1838784.54 20.17 310 170.05 0.6 70716 38952.02 20.17 10 0 300 2110 0 63300 22.4 23.6 23.13 0.03
190800.0 310 152.0 0.51 71556 32276.09 0.51 15148 7948.18 0.6 3232202 1846732.72 20.17 310 170.05 0.6 71026 39122.06 20.17 10 0 300 2120 0 63600 22.1 23.5 23.02 0.03
191700.0 376 152.14 0.51 71932 32428.24 0.51 15206 7948.52 0.6 3247408 1854681.23 20.17 370 170.36 0.6 71396 39292.42 20.17 10 0 300 2130 0 63900 22.1 23.5 23.01 0.02
192600.0 354 152.78 0.51 72286 32581.01 0.51 15181 7948.38 0.6 3262589 1862629.62 20.17 350 170.25 0.6 71746 39462.66 20.17 10 0 300 2140 0 64200 22.1 23.5 23.01 0.02
193500.0 310 152.0 0.51 72596 32733.01 0.51 15146 7948.21 0.6 3277735 1870577.83 20.17 310 170.05 0.6 72056 39632.72 20.17 10 0 300 2150 0 64500 22.1 23.4 22.87 0.03
194400.0 310 152.0 0.51 72906 32885.01 0.51 15149 7948.18 0.6 3292884 1878526.01 20.17 310 170.05 0.6 72366 39802.76 20.17 10 0 300 2160 0 64800 22.0 23.3 22.73 0.02
195300.0 376 152.14 0.51 73282 33037.15 0.51 15201 7948.52 0.6 3308085 1886474.52 20.17 370 170.36 0.6 72736 39973.12 20.17 10 0 300 2170 0 65100 22.0 23.3 22.73 0.02
196200.0 354 152.78 0.51 73636 33189.93 0.51 15180 7948.38 0.6 3323265 1894422.91 20.17 350 170.25 0.6 73086 40143.37 20.17 10 0 300 2180 0 65400 22.0 23.3 22.73 0.02
197100.0 310 152.0 0.51 73946 33341.92 0.51 15137 7948.21 0.6 3338402 1902371.12 20.17 310 170.05 0.6 73396 40313.42 20.17 10 0 300 2190 0 65700 22.0 23.1 22.57 0.02
198000.0 310 152.0 0.51 74256 33493.92 0.51 15102 7948.18 0.6 3353504 1910319.3 20.17 310 170.05 0.6 73706 40483.47 20.17 10 0 300 2200 0 66000 22.0 23.1 22.43 0.02
198900.0 376 152.14 0.51 74632 33646.06 0.51 15161 7948.51 0.6 3368665 1918267.81 20.17 370 170.36 0.6 74076 40653.82 20.17 10 0 300 2210 0 66300 22.0 23.1 22.42 0.02
199800.0 354 152.78 0.51 74986 33798.84 0.51 15136 7948.38 0.6 3383801 1926216.19 20.17 350 170.25 0.6 74426 40824.07 20.17 10 0 300 2220 0 66600 22.0 23.1 22.42 0.02
200700.0 310 152.0 0.51 75296 33950.84 0.51 15110 7948.21 0.6 3398911 1934164.41 20.17 310 170.05 0.6 74736 40994.12 20.17 10 0 300 2230 0 66900 22.0 22.8 22.27 0.01
201600.0 310 152.0 0.51 75606 34102.84 0.51 15114 7948.18 0.6 3414025 1942112.59 20.17 310 170.05 0.6 75046 41164.17 20.17 10 0 300 2240 0 67200 22.0 22.8 22.19 0.02
202500.0 376 152.14 0.51 75982 34254.98 0.51 15173 7948.52 0.6 3429198 1950061.1 20.17 370 170.36 0.6 75416 41334.52 20.17 10 0 300 2250 0 67500 22.0 22.8 22.19 0.02
203400.0 354 152.78 0.51 76336 34407.75 0.51 15147 7948.38 0.6 3444345 1958009.48 20.17 350 170.25 0.6 75766 41504.77 20.17 10 0 300 2260 0 67800 22.0 22.8 22.19 0.02
204300.0 310 152.0 0.51 76646 34559.75 0.51 15118 7948.21 0.6 3459463 1965957.7 20.17 310 170.05 0.6 76076 41674.82 20.17 10 0 300 2270 0 68100 22.0 22.6 22.07 0.01
205200.0 310 152.0 0.51 76956 34711.75 0.51 15116 7948.18 0.6 3474579 1973905.88 20.17 310 170.05 0.6 76386 41844.87 20.17 10 0 300 2280 0 68400 22.0 22.6 22.06 0.01
206100.0 376 152.14 0.51 77332 34863.89 0.51 15174 7948.52 0.6 3489753 1981854.39 20.17 370 170.36 0.6 76756 42015.23 20.17 10 0 300 2290 0 68700 22.0 22.6 22.06 0.01
207000.0 354 152.78 0.51 77686 35016.66 0.51 15135 7948.38 0.6 3504888 1989802.77 20.17 350 170.25 0.6 77106 42185.47 20.17 10 0 300 2300 0 69000 22.0 22.6 22.06 0.01
207900.0 310 152.0 0.51 77996 35168.66 0.51 15112 7948.21 0.6 3520000 1997750.99 20.17 310 170.05 0.6 77416 42355.53 20.17 10 0 300 2310 0 69300 22.0 22.2 22.02 0.0
208800.0 310 152.0 0.51 78306 35320.66 0.51 15104 7948.18 0.6 3535104 2005699.16 20.17 310 170.05 0.6 77726 42525.57 20.17 10 0 300 2320 0 69600 22.0 22.2 22.02 0.0
209700.0 376 152.14 0.51 78682 35472.8 0.51 15164 7948.51 0.6 3550268 2013647.68 20.17 370 170.36 0.6 78096 42695.93 20.17 10 0 300 2330 0 69900 22.0 22.2 22.02 0.0
210600.0 354 152.78 0.51 79036 35625.58 0.51 15128 7948.38 0.6 3565396 2021596.06 20.17 350 170.25 0.6 78446 42866.17 20.17 10 0 300 2340 0 70200 22.0 22.2 22.02 0.0
211500.0 310 152.0 0.51 79346 35777.57 0.51 15094 7948.21 0.6 3580490 2029544.27 20.17 310 170.05 0.6 78756 43036.23 20.17 10 0 300 2350 0 70500 22.0 22.0 22.0 0.0
212400.0 310 152.0 0.51 79656 35929.57 0.51 15094 7948.18 0.6 3595584 2037492.45 20.17 310 170.05 0.6 79066 43206.27 20.17 10 0 300 2360 0 70800 22.0 22.0 22.0 0.0
213300.0 376 152.14 0.51 80032 36081.71 0.51 15153 7948.51 0.6 3610737 2045440.97 20.17 370 170.36 0.6 79436 43376.63 20.17 10 0 300 2370 0 71100 22.0 22.0 22.0 0.0
214200.0 354 152.78 0.51 80386 36234.49 0.51 15118 7948.38 0.6 3625855 2053389.35 20.17 350 170.25 0.6 79786 43546.88 20.17 10 0 300 2380 0 71400 22.0 22.0 22.0 0.0
215100.0 310 152.0 0.51 80696 36386.48 0.51 15077 7948.21 0.6 3640932 2061337.56 20.17 310 170.05 0.6 80096 43716.93 20.17 10 0 300 2390 0 71700 22.0 22.0 22.0 0.0
216000.0 310 152.0 0.51 81006 36538.48 0.51 15071 7948.18 0.6 3656003 2069285.74 20.17 310 170.05 0.6 80406 43886.98 20.17 10 0 300 2400 0 72000 22.0 22.0 22.0 0.0
216900.0 376 152.14 0.51 81382 36690.63 0.51 15126 7948.51 0.6 3671129 2077234.25 20.17 370 170.36 0.6 80776 44057.33 20.17 10 0 300 2410 0 72300 22.0 22.0 22.0 0.0
217800.0 354 152.78 0.51 81736 36843.4 0.51 15103 7948.38 0.6 3686232 2085182.63 20.17 350 170.25 0.6 81126 44227.58 20.17 10 0 300 2420 0 72600 22.0 22.0 22.0 0.0
218700.0 310 152.0 0.51 82046 36995.4 0.51 15056 7948.21 0.6 3701288 2093130.85 20.17 310 170.05 0.6 81436 44397.63 20.17 10 0 300 2430 0 72900 22.0 22.0 22.0 0.0
219600.0 310 152.0 0.51 82356 37147.4 0.51 15055 7948.18 0.6 3716343 2101079.02 20.17 310 170.05 0.6 81746 44567.68 20.17 10 0 300 2440 0 73200 22.0 22.0 22.0 0.0
220500.0 376 152.14 0.51 82732 37299.54 0.51 15112 7948.51 0.6 3731455 2109027.54 20.17 370 170.36 0.6 82116 44738.03 20.17 10 0 300 2450 0 73500 22.0 22.0 22.0 0.0
221400.0 354 152.78 0.51 83086 37452.32 0.51 15087 7953.54 0.6 3746542 2116981.08 20.17 350 170.35 0.6 82466 44908.38 20.17 10 0 300 2460 0 73800 22.0 22.0 22.0 0.0
222300.0 310 152.0 0.51 83396 37604.32 0.51 15153 7955.42 0.6 3761695 2124936.5 20.17 310 170.2 0.6 82776 45078.58 20.17 10 0 300 2470 0 74100 20.8 22.0 21.3 0.06
223200.0 310 152.0 0.51 83706 37756.32 0.51 15171 7955.42 0.6 3776866 2132891.91 20.17 310 170.19 0.6 83086 45248.77 20.17 10 0 300 2480 0 74400 19.9 22.0 20.58 0.15
224100.0 376 152.15 0.51 84082 37908.47 0.51 15231 7955.72 0.6 3792097 2140847.63 20.17 370 170.5 0.6 83456 45419.27 20.17 10 0 300 2490 0 74700 19.8 21.8 20.56 0.13
225000.0 354 152.78 0.51 84436 38061.25 0.51 15211 7952.65 0.6 3807308 2148800.28 20.17 350 170.33 0.6 83806 45589.6 20.17 10 0 300 2500 0 75000 19.8 21.8 20.56 0.13
225900.0 310 152.0 0.51 84746 38213.25 0.51 15172 7955.65 0.6 3822480 2156755.93 20.17 310 170.2 0.6 84116 45759.8 20.17 10 0 300 2510 0 75300 19.8 21.7 20.5 0.12
226800.0 310 152.0 0.51 85056 38365.25 0.51 15175 7955.67 0.6 3837655 2164711.6 20.17 310 170.2 0.6 84426 45930.0 20.17 10 0 300 2520 0 75600 19.8 21.7 20.46 0.14
227700.0 376 152.15 0.51 85432 38517.4 0.51 15234 7955.95 0.6 3852889 2172667.55 20.17 370 170.5 0.6 84796 46100.5 20.17 10 0 300 2530 0 75900 19.8 21.7 20.46 0.14
228600.0 354 152.78 0.51 85786 38670.18 0.51 15211 7957.32 0.6 3868100 2180624.87 20.17 350 170.43 0.6 85146 46270.93 20.17 10 0 300 2540 0 76200 19.8 21.7 20.46 0.14
229500.0 310 152.0 0.51 86096 38822.18 0.51 15172 7955.5 0.6 3883272 2188580.37 20.17 310 170.2 0.6 85456 46441.13 20.17 10 0 300 2550 0 76500 19.8 21.6 20.44 0.14
230400.0 310 152.0 0.51 86406 38974.18 0.51 15172 7955.51 0.6 3898444 2196535.88 20.17 310 170.19 0.6 85766 46611.32 20.17 10 0 300 2560 0 76800 19.8 21.6 20.45 0.14
231300.0 376 152.14 0.51 86782 39126.33 0.51 15229 7955.81 0.6 3913673 2204491.69 20.17 370 170.5 0.6 86136 46781.82 20.17 10 0 300 2570 0 77100 19.8 21.6 20.45 0.14
232200.0 354 152.78 0.51 87136 39279.1 0.51 15205 7955.17 0.6 3928878 2212446.86 20.17 350 170.38 0.6 86486 46952.2 20.17 10 0 300 2580 0 77400 19.8 21.6 20.45 0.14
233100.0 310 152.0 0.51 87446 39431.11 0.51 15171 7956.55 0.6 3944049 2220403.41 20.17 310 170.22 0.6 86796 47122.42 20.17 10 0 300 2590 0 77700 19.8 21.5 20.47 0.16
234000.0 310 152.0 0.51 87756 39583.11 0.51 15170 7956.57 0.6 3959219 2228359.98 20.17 310 170.21 0.6 87106 47292.64 20.17 10 0 300 2600 0 78000 19.8 21.5 20.48 0.16
234900.0 376 152.15 0.51 88132 39735.26 0.51 15230 7956.85 0.6 3974449 2236316.83 20.17 370 170.52 0.6 87476 47463.16 20.17 10 0 300 2610 0 78300 19.8 21.5 20.48 0.16
235800.0 354 152.78 0.51 88486 39888.04 0.51 15201 7954.84 0.6 3989650 2244271.67 20.17 350 170.38 0.6 87826 47633.54 20.17 10 0 300 2620 0 78600 19.8 21.5 20.48 0.16
236700.0 310 152.0 0.51 88796 40040.03 0.51 15165 7950.26 0.6 4004815 2252221.93 20.17 310 170.1 0.6 88136 47803.63 20.17 10 0 300 2630 0 78900 19.8 21.4 20.5 0.17
237600.0 310 152.0 0.51 89106 40192.03 0.51 15169 7950.23 0.6 4019984 2260172.16 20.17 310 170.09 0.6 88446 47973.72 20.17 10 0 300 2640 0 79200 19.8 21.4 20.54 0.16
238500.0 376 152.14 0.51 89482 40344.17 0.51 15226 7950.56 0.6 4035210 2268122.73 20.17 370 170.4 0.6 88816 48144.12 20.17 10 0 300 2650 0 79500 19.7 21.4 20.55 0.16
239400.0 354 152.78 0.51 89836 40496.95 0.51 15196 7951.71 0.6 4050406 2276074.44 20.17 350 170.31 0.6 89166 48314.43 20.17 10 0 300 2660 0 79800 19.7 21.4 20.55 0.16
240300.0 310 152.0 0.51 90146 40648.95 0.51 15159 7951.57 0.6 4065565 2284026.02 20.17 310 170.12 0.6 89476 48484.55 20.17 10 0 300 2670 0 80100 19.7 21.5 20.57 0.18
241200.0 310 152.0 0.51 90456 40800.96 0.51 15149 7951.51 0.6 4080714 2291977.53 20.17 310 170.11 0.6 89786 48654.66 20.17 10 0 300 2680 0 80400 19.7 21.6 20.6 0.17
242100.0 376 152.15 0.51 90832 40953.1 0.51 15208 7951.88 0.6 4095922 2299929.41 20.17 370 170.42 0.6 90156 48825.09 20.17 10 0 300 2690 0 80700 19.7 21.6 20.6 0.17
243000.0 354 152.78 0.51 91186 41105.88 0.51 15180 7951.59 0.6 4111102 2307880.99 20.17 350 170.31 0.6 90506 48995.4 20.17 10 0 300 2700 0 81000 19.7 21.6 20.6 0.17
243900.0 310 152.0 0.51 91496 41257.88 0.51 15146 7955.05 0.6 4126248 2315836.04 20.17 310 170.19 0.6 90816 49165.59 20.17 10 0 300 2710 0 81300 19.7 21.6 20.61 0.19
244800.0 310 152.0 0.51 91806 41409.88 0.51 15150 7955.05 0.6 4141398 2323791.09 20.17 310 170.18 0.6 91126 49335.77 20.17 10 0 300 2720 0 81600 19.7 21.8 20.64 0.18
245700.0 376 152.15 0.51 92182 41562.03 0.51 15210 7955.35 0.6 4156608 2331746.44 20.17 370 170.49 0.6 91496 49506.26 20.17 10 0 300 2730 0 81900 19.6 21.8 20.65 0.19
246600.0 354 152.78 0.51 92536 41714.81 0.51 15172 7956.04 0.6 4171780 2339702.48 20.17 350 170.4 0.6 91846 49676.66 20.17 10 0 300 2740 0 82200 19.6 21.8 20.65 0.19
247500.0 310 152.0 0.51 92846 41866.81 0.51 15146 7954.61 0.6 4186926 2347657.09 20.17 310 170.18 0.6 92156 49846.84 20.17 10 0 300 2750 0 82500 19.6 21.8 20.61 0.2
248400.0 310 152.0 0.51 93156 42018.81 0.51 15143 7954.6 0.6 4202069 2355611.69 20.17 310 170.17 0.6 92466 50017.01 20.17 10 0 300 2760 0 82800 19.6 21.9 20.63 0.2
249300.0 376 152.15 0.51 93532 42170.96 0.51 15193 7954.91 0.6 4217262 2363566.6 20.17 370 170.48 0.6 92836 50187.49 20.17 10 0 300 2770 0 83100 19.5 21.9 20.63 0.2
250200.0 354 152.78 0.51 93886 42323.74 0.51 15152 7954.03 0.6 4232414 2371520.63 20.17 350 170.36 0.6 93186 50357.85 20.17 10 0 300 2780 0 83400 19.5 21.9 20.63 0.2
251100.0 310 152.0 0.51 94196 42475.74 0.51 15136 7954.16 0.6 4247550 2379474.79 20.17 310 170.17 0.6 93496 50528.02 20.17 10 0 300 2790 0 83700 19.5 21.9 20.59 0.21
252000.0 310 152.0 0.51 94506 42627.74 0.51 15138 7954.17 0.6 4262688 2387428.95 20.17 310 170.16 0.6 93806 50698.19 20.17 10 0 300 2800 0 84000 19.5 22.0 20.57 0.23
252900.0 376 152.15 0.51 94882 42779.88 0.51 15198 7954.46 0.6 4277886 2395383.41 20.17 370 170.47 0.6 94176 50868.66 20.17 10 0 300 2810 0 84300 19.5 22.0 20.57 0.23
253800.0 354 152.78 0.51 95236 42932.66 0.51 15158 7954.67 0.6 4293044 2403338.08 20.17 350 170.37 0.6 94526 51039.03 20.17 10 0 300 2820 0 84600 19.5 22.0 20.57 0.23
254700.0 310 152.0 0.51 95546 43084.66 0.51 15171 7954.95 0.6 4308215 2411293.03 20.17 310 170.19 0.6 94836 51209.22 20.17 10 0 300 2830 0 84900 19.5 22.0 20.45 0.22
255600.0 310 152.0 0.51 95856 43236.67 0.51 15178 7954.95 0.6 4323393 2419247.99 20.17 310 170.18 0.6 95146 51379.4 20.17 10 0 300 2840 0 85200 19.5 21.8 20.41 0.24
256500.0 376 152.15 0.51 96232 43388.81 0.51 15237 7955.25 0.6 4338630 2427203.24 20.17 370 170.49 0.6 95516 51549.89 20.17 10 0 300 2850 0 85500 19.3 21.8 20.4 0.25
257400.0 354 152.78 0.51 96586 43541.59 0.51 15198 7953.87 0.6 4353828 2435157.11 20.17 350 170.36 0.6 95866 51720.25 20.17 10 0 300 2860 0 85800 19.3 21.8 20.4 0.25
258300.0 310 152.0 0.51 96896 43693.59 0.51 15181 7954.8 0.6 4369009 2443111.91 20.17 310 170.19 0.6 96176 51890.43 20.17 10 0 300 2870 0 86100 19.3 21.8 20.25 0.24
259200.0 310 152.0 0.51 97206 43845.59 0.51 15186 7954.83 0.6 4384195 2451066.74 20.17 310 170.18 0.6 96486 52060.61 20.17 10 0 300 2880 0 86400 19.3 21.8 20.16 0.27
260100.0 376 152.15 0.51 97582 43997.74 0.51 15246 7955.11 0.6 4399441 2459021.85 20.17 370 170.49 0.6 96856 52231.1 20.17 10 0 300 2890 0 86700 19.2 21.6 20.16 0.27
261000.0 356 152.89 0.51 97938 44150.63 0.51 15535 153734.66 20.18 4414976 2612756.5 20.18 352 3101.87 20.18 97208 55332.97 20.18 10 0 300 2900 0 87000 19.2 21.6 20.16 0.27
261900.0 310 152.0 0.51 98248 44302.63 0.51 15211 7954.57 0.6 4430187 2620711.08 20.18 310 170.13 0.6 97518 55503.09 20.18 10 0 300 2910 0 87300 18.9 21.6 19.82 0.24
262800.0 310 152.0 0.51 98558 44454.63 0.51 15219 7954.54 0.6 4445406 2628665.61 20.18 310 170.12 0.6 97828 55673.21 20.18 10 0 300 2920 0 87600 18.9 21.6 19.65 0.26
263700.0 376 152.14 0.51 98934 44606.78 0.51 15279 7954.88 0.6 4460685 2636620.49 20.18 370 170.43 0.6 98198 55843.63 20.18 10 0 300 2930 0 87900 18.9 20.8 19.64 0.25
264600.0 356 152.91 0.51 99290 44759.68 0.51 15568 153859.4 20.18 4476253 2790479.89 20.18 352 3103.57 20.18 98550 58947.21 20.18 10 0 300 2940 0 88200 18.9 20.8 19.64 0.25
265500.0 310 152.04 0.51 99600 44911.72 0.51 15265 7999.85 0.6 4491518 2798479.74 20.18 310 171.04 0.6 98860 59118.25 20.18 10 0 300 2950 0 88500 17.3 20.8 18.38 0.26
266400.0 310 152.04 0.51 99910 45063.75 0.51 15286 7999.9 0.6 4506804 2806479.65 20.18 310 171.03 0.6 99170 59289.28 20.18 10 0 300 2960 0 88800 17.3 20.2 17.83 0.06
267300.0 376 152.18 0.51 100286 45215.93 0.51 15346 8000.16 0.6 4522150 2814479.81 20.18 370 171.34 0.6 99540 59460.62 20.18 10 0 300 2970 0 89100 17.3 18.8 17.81 0.02
268200.0 356 152.93 0.51 100642 45368.86 0.51 15636 153742.27 20.17 4537786 2968222.08 20.18 352 3100.97 20.17 99892 62561.59 20.18 10 0 300 2980 0 89400 17.3 18.8 17.81 0.02
269100.0 310 152.03 0.51 100952 45520.89 0.51 15276 7993.78 0.6 4553062 2976215.85 20.18 310 170.96 0.6 100202 62732.54 20.18 10 0 300 2990 0 89700 17.3 18.8 17.79 0.02
270000.0 310 152.03 0.51 101262 45672.93 0.51 15277 7993.8 0.6 4568339 2984209.65 20.18 310 170.95 0.6 100512 62903.49 20.18 10 0 300 3000 0 90000 17.3 18.7 17.77 0.02
270900.0 376 152.18 0.51 101638 45825.1 0.51 15336 7994.07 0.6 4583675 2992203.72 20.18 370 171.26 0.6 100882 63074.75 20.18 10 0 300 3010 0 90300 17.3 18.7 17.77 0.02
271800.0 354 152.81 0.51 101992 45977.91 0.51 15313 7990.85 0.6 4598988 3000194.57 20.18 350 171.09 0.6 101232 63245.84 20.18 10 0 300 3020 0 90600 17.3 18.7 17.77 0.02
272700.0 310 152.03 0.51 102302 46129.94 0.51 15274 7990.61 0.6 4614262 3008185.18 20.18 310 170.89 0.6 101542 63416.73 20.18 10 0 300 3030 0 90900 17.3 18.7 17.75 0.02
273600.0 310 152.03 0.51 102612 46281.97 0.51 15275 7990.64 0.6 4629537 3016175.82 20.18 310 170.89 0.6 101852 63587.62 20.18 10 0 300 3040 0 91200 17.3 18.6 17.74 0.02
274500.0 376 152.18 0.51 102988 46434.15 0.51 15333 7990.91 0.6 4644870 3024166.73 20.18 370 171.19 0.6 102222 63758.81 20.18 10 0 300 3050 0 91500 17.3 18.6 17.74 0.02
275400.0 354 152.81 0.51 103342 46586.96 0.51 15311 7997.9 0.6 4660181 3032164.63 20.18 350 171.23 0.6 102572 63930.05 20.18 10 0 300 3060 0 91800 17.3 18.6 17.74 0.02
276300.0 310 152.03 0.51 103652 46738.99 0.51 15272 7993.14 0.6 4675453 3040157.77 20.18 310 170.94 0.6 102882 64100.99 20.18 10 0 300 3070 0 92100 17.3 18.6 17.73 0.02
277200.0 310 152.03 0.51 103962 46891.03 0.51 15271 7993.16 0.6 4690724 3048150.93 20.18 310 170.94 0.6 103192 64271.93 20.18 10 0 300 3080 0 92400 17.3 18.5 17.71 0.02
278100.0 376 152.17 0.51 104338 47043.2 0.51 15331 7993.44 0.6 4706055 3056144.37 20.18 370 171.25 0.6 103562 64443.17 20.18 10 0 300 3090 0 92700 17.3 18.5 17.71 0.02
279000.0 354 152.81 0.51 104692 47196.0 0.51 15307 7989.47 0.6 4721362 3064133.84 20.18 350 171.06 0.6 103912 64614.23 20.18 10 0 300 3100 0 93000 17.3 18.5 17.71 0.02
279900.0 310 152.03 0.51 105002 47348.04 0.51 15266 7993.76 0.6 4736628 3072127.61 20.18 310 170.96 0.6 104222 64785.19 20.18 10 0 300 3110 0 93300 17.3 18.5 17.7 0.02
280800.0 310 152.03 0.51 105312 47500.07 0.51 15267 7993.8 0.6 4751895 3080121.41 20.18 310 170.95 0.6 104532 64956.14 20.18 10 0 300 3120 0 93600 17.3 18.4 17.69 0.01
281700.0 376 152.18 0.51 105688 47652.25 0.51 15325 7994.07 0.6 4767220 3088115.48 20.18 370 171.26 0.6 104902 65127.4 20.18 10 0 300 3130 0 93900 17.3 18.4 17.69 0.01
282600.0 354 152.81 0.51 106042 47805.06 0.51 15302 7992.97 0.6 4782522 3096108.45 20.18 350 171.13 0.6 105252 65298.53 20.18 10 0 300 3140 0 94200 17.3 18.4 17.69 0.01
283500.0 310 152.03 0.51 106352 47957.08 0.51 15266 7988.09 0.6 4797788 3104096.54 20.18 310 170.84 0.6 105562 65469.37 20.18 10 0 300 3150 0 94500 17.3 18.4 17.68 0.01
284400.0 310 152.03 0.51 106662 48109.11 0.51 15263 7988.12 0.6 4813051 3112084.66 20.18 310 170.83 0.6 105872 65640.2 20.18 10 0 300 3160 0 94800 17.3 18.3 17.68 0.01
285300.0 376 152.17 0.51 107038 48261.29 0.51 15320 7988.39 0.6 4828371 3120073.05 20.18 370 171.14 0.6 106242 65811.35 20.18 10 0 300 3170 0 95100 17.3 18.3 17.68 0.01
286200.0 354 152.8 0.51 107392 48414.09 0.51 15296 7986.2 0.6 4843667 3128059.25 20.18 350 170.99 0.6 106592 65982.34 20.18 10 0 300 3180 0 95400 17.3 18.3 17.68 0.01
287100.0 310 152.03 0.51 107702 48566.12 0.51 15255 7986.08 0.6 4858922 3136045.33 20.18 310 170.8 0.6 106902 66153.14 20.18 10 0 300 3190 0 95700 17.3 18.3 17.67 0.01
288000.0 310 152.03 0.51 108012 48718.15 0.51 15255 7986.11 0.6 4874177 3144031.44 20.18 310 170.79 0.6 107212 66323.93 20.18 10 0 300 3200 0 96000 17.3 18.2 17.67 0.01
288900.0 376 152.17 0.51 108388 48870.32 0.51 15315 7986.39 0.6 4889492 3152017.82 20.18 370 171.1 0.6 107582 66495.03 20.18 10 0 300 3210 0 96300 17.3 18.2 17.67 0.01
289800.0 354 152.81 0.51 108742 49023.13 0.51 15290 7993.36 0.6 4904782 3160011.18 20.18 350 171.14 0.6 107932 66666.17 20.18 10 0 300 3220 0 96600 17.3 18.2 17.67 0.01
290700.0 310 152.04 0.51 109052 49175.16 0.51 15248 7997.66 0.6 4920030 3168008.85 20.18 310 171.04 0.6 108242 66837.21 20.18 10 0 300 3230 0 96900 17.3 18.2 17.66 0.01
291600.0 310 152.04 0.51 109362 49327.2 0.51 15246 7997.7 0.6 4935276 3176006.55 20.18 310 171.03 0.6 108552 67008.24 20.18 10 0 300 3240 0 97200 17.3 18.1 17.66 0.01
292500.0 376 152.18 0.51 109738 49479.38 0.51 15305 7997.97 0.6 4950581 3184004.51 20.18 370 171.34 0.6 108922 67179.58 20.18 10 0 300 3250 0 97500 17.3 18.1 17.66 0.01
293400.0 354 152.81 0.51 110092 49632.19 0.51 15283 7997.9 0.6 4965864 3192002.41 20.18 350 171.23 0.6 109272 67350.81 20.18 10 0 300 3260 0 97800 17.3 18.1 17.66 0.01
294300.0 310 152.03 0.51 110402 49784.22 0.51 15248 7992.25 0.6 4981112 3199994.66 20.18 310 170.93 0.6 109582 67521.74 20.18 10 0 300 3270 0 98100 17.3 18.1 17.66 0.01
295200.0 310 152.03 0.51 110712 49936.26 0.51 15249 7992.28 0.6 4996361 3207986.94 20.18 310 170.92 0.6 109892 67692.65 20.18 10 0 300 3280 0 98400 17.4 18.0 17.66 0.01
296100.0 376 152.18 0.51 111088 50088.43 0.51 15309 7992.55 0.6 5011670 3215979.49 20.18 370 171.23 0.6 110262 67863.88 20.18 10 0 300 3290 0 98700 17.4 18.0 17.66 0.01
297000.0 354 152.81 0.51 111442 50241.24 0.51 15286 7992.48 0.6 5026956 3223971.97 20.18 350 171.12 0.6 110612 68035.0 20.18 10 0 300 3300 0 99000 17.4 18.0 17.66 0.01
297900.0 310 152.04 0.51 111752 50393.28 0.51 15241 7997.66 0.6 5042197 3231969.64 20.18 310 171.04 0.6 110922 68206.04 20.18 10 0 300 3310 0 99300 17.4 18.0 17.66 0.01
298800.0 310 152.04 0.51 112062 50545.31 0.51 15238 7997.7 0.6 5057435 3239967.34 20.18 310 171.03 0.6 111232 68377.07 20.18 10 0 300 3320 0 99600 17.4 18.0 17.66 0.01
299700.0 376 152.18 0.51 112438 50697.49 0.51 15298 7997.97 0.6 5072733 3247965.3 20.18 370 171.34 0.6 111602 68548.41 20.18 10 0 300 3330 0 99900 17.4 18.0 17.66 0.01
300600.0 354 152.81 0.51 112792 50850.31 0.51 15276 7997.9 0.6 5088009 3255963.2 20.18 350 171.23 0.6 111952 68719.65 20.18 10 0 300 3340 0 100200 17.4 18.0 17.66 0.01
301500.0 310 152.03 0.51 113102 51002.34 0.51 15241 7992.12 0.6 5103250 3263955.33 20.18 310 170.92 0.6 112262 68890.57 20.18 10 0 300 3350 0 100500 17.4 18.0 17.66 0.01
302400.0 310 152.03 0.51 113412 51154.37 0.51 15243 7992.16 0.6 5118493 3271947.49 20.18 310 170.92 0.6 112572 69061.49 20.18 10 0 300 3360 0 100800 17.4 17.9 17.67 0.01
303300.0 376 152.18 0.51 113788 51306.55 0.51 15295 7992.42 0.6 5133788 3279939.91 20.18 370 171.23 0.6 112942 69232.71 20.18 10 0 300 3370 0 101100 17.4 17.9 17.67 0.01
304200.0 354 152.81 0.51 114142 51459.35 0.51 15270 7988.47 0.6 5149058 3287928.37 20.18 350 171.04 0.6 113292 69403.75 20.18 10 0 300 3380 0 101400 17.4 17.9 17.67 0.01
305100.0 310 152.03 0.51 114452 51611.38 0.51 15230 7993.76 0.6 5164288 3295922.13 20.18 310 170.96 0.6 113602 69574.71 20.18 10 0 300 3390 0 101700 17.4 17.9 17.67 0.01
306000.0 310 152.03 0.51 114762 51763.42 0.51 15229 7993.8 0.6 5179517 3303915.94 20.18 310 170.95 0.6 113912 69745.66 20.18 10 0 300 3400 0 102000 17.4 17.8 17.67 0.01
306900.0 376 152.18 0.51 115138 51915.59 0.51 15288 7994.07 0.6 5194805 3311910.0 20.18 370 171.26 0.6 114282 69916.92 20.18 10 0 300 3410 0 102300 17.4 17.9 17.67 0.01
307800.0 354 152.81 0.51 115492 52068.41 0.51 15264 7997.9 0.6 5210069 3319907.9 20.18 350 171.23 0.6 114632 70088.15 20.18 10 0 300 3420 0 102600 17.4 17.9 17.67 0.01
308700.0 310 152.04 0.51 115802 52220.44 0.51 15226 7997.67 0.6 5225295 3327905.57 20.18 310 171.04 0.6 114942 70259.19 20.18 10 0 300 3430 0 102900 17.4 17.9 17.67 0.01
309600.0 310 152.04 0.51 116112 52372.48 0.51 15230 7997.7 0.6 5240525 3335903.26 20.18 310 171.03 0.6 115252 70430.22 20.18 10 0 300 3440 0 103200 17.4 17.9 17.67 0.01
310500.0 376 152.18 0.51 116488 52524.66 0.51 15287 7997.97 0.6 5255812 3343901.23 20.18 370 171.34 0.6 115622 70601.56 20.18 10 0 300 3450 0 103500 17.4 17.9 17.67 0.01
311400.0 354 152.81 0.51 116842 52677.47 0.51 15259 7997.9 0.6 5271071 3351899.13 20.18 350 171.23 0.6 115972 70772.79 20.18 10 0 300 3460 0 103800 17.4 17.9 17.67 0.01
312300.0 310 152.03 0.51 117152 52829.5 0.51 15217 7992.25 0.6 5286288 3359891.38 20.18 310 170.93 0.6 116282 70943.72 20.18 10 0 300 3470 0 104100 17.4 17.9 17.67 0.01
313200.0 310 152.03 0.51 117462 52981.54 0.51 15220 7992.28 0.6 5301508 3367883.66 20.18 310 170.92 0.6 116592 71114.64 20.18 10 0 300 3480 0 104400 17.4 17.9 17.69 0.01
314100.0 376 152.18 0.51 117838 53133.71 0.51 15278 7992.55 0.6 5316786 3375876.21 20.18 370 171.23 0.6 116962 71285.86 20.18 10 0 300 3490 0 104700 17.3 18.0 17.69 0.01
315000.0 354 152.81 0.51 118192 53286.52 0.51 15249 7992.48 0.6 5332035 3383868.69 20.18 350 171.12 0.6 117312 71456.98 20.18 10 0 300 3500 0 105000 17.3 18.0 17.69 0.01
315900.0 310 152.03 0.51 118502 53438.55 0.51 15209 7993.14 0.6 5347244 3391861.83 20.18 310 170.94 0.6 117622 71627.93 20.18 10 0 300 3510 0 105300 17.3 18.0 17.7 0.01
316800.0 310 152.03 0.51 118812 53590.59 0.51 15217 7993.16 0.6 5362461 3399854.99 20.18 310 170.94 0.6 117932 71798.87 20.18 10 0 300 3520 0 105600 17.3 18.0 17.71 0.01
317700.0 376 152.18 0.51 119188 53742.76 0.51 15273 7993.44 0.6 5377734 3407848.43 20.18 370 171.25 0.6 118302 71970.11 20.18 10 0 300 3530 0 105900 17.3 18.1 17.71 0.01
318600.0 354 152.81 0.51 119542 53895.57 0.51 15242 7993.36 0.6 5392976 3415841.79 20.18 350 171.14 0.6 118652 72141.25 20.18 10 0 300 3540 0 106200 17.3 18.1 17.71 0.01
319500.0 310 152.04 0.51 119852 54047.61 0.51 15194 7997.66 0.6 5408170 3423839.46 20.18 310 171.04 0.6 118962 72312.29 20.18 10 0 300 3550 0 106500 17.3 18.1 17.71 0.01
320400.0 310 152.04 0.51 120162 54199.64 0.51 15195 7997.7 0.6 5423365 3431837.16 20.18 310 171.03 0.6 119272 72483.32 20.18 10 0 300 3560 0 106800 17.3 18.1 17.71 0.02
321300.0 376 152.18 0.51 120538 54351.82 0.51 15254 7997.97 0.6 5438619 3439835.12 20.18 370 171.34 0.6 119642 72654.66 20.18 10 0 300 3570 0 107100 17.3 18.2 17.71 0.02
322200.0 354 152.8 0.51 120892 54504.63 0.51 15224 7985.51 0.6 5453843 3447820.64 20.18 350 170.98 0.6 119992 72825.64 20.18 10 0 300 3580 0 107400 17.3 18.2 17.71 0.02
323100.0 310 152.02 0.51 121202 54656.65 0.51 15180 7976.93 0.6 5469023 3455797.57 20.18 310 170.61 0.6 120302 72996.25 20.18 10 0 300 3590 0 107700 17.3 18.2 17.72 0.02
324000.0 310 152.02 0.51 121512 54808.67 0.51 15185 7976.93 0.6 5484208 3463774.49 20.18 310 170.6 0.6 120612 73166.85 20.18 10 0 300 3600 0 108000 17.3 18.2 17.72 0.02
324900.0 376 152.17 0.51 121888 54960.83 0.51 15242 7977.23 0.6 5499450 3471751.72 20.18 370 170.91 0.6 120982 73337.76 20.18 10 0 300 3610 0 108300 17.3 18.2 17.72 0.02
325800.0 354 152.81 0.51 122242 55113.64 0.51 15219 7992.36 0.6 5514669 3479744.08 20.18 350 171.12 0.6 121332 73508.88 20.18 10 0 300 3620 0 108600 17.3 18.2 17.72 0.02
326700.0 310 152.04 0.51 122552 55265.68 0.51 15183 7997.66 0.6 5529852 3487741.74 20.18 310 171.04 0.6 121642 73679.92 20.18 10 0 300 3630 0 108900 17.3 18.2 17.73 0.02
327600.0 310 152.04 0.51 122862 55417.72 0.51 15192 7997.7 0.6 5545044 3495739.44 20.18 310 171.03 0.6 121952 73850.95 20.18 10 0 300 3640 0 109200 17.3 18.2 17.74 0.02
328500.0 376 152.18 0.51 123238 55569.9 0.51 15251 7997.97 0.6 5560295 3503737.41 20.18 370 171.34 0.6 122322 74022.29 20.18 10 0 300 3650 0 109500 17.2 18.3 17.74 0.02
329400.0 354 152.81 0.51 123592 55722.71 0.51 15220 7997.9 0.6 5575515 3511735.3 20.18 350 171.23 0.6 122672 74193.52 20.18 10 0 300 3660 0 109800 17.2 18.3 17.74 0.02
330300.0 310 152.04 0.51 123902 55874.74 0.51 15180 7997.66 0.6 5590695 3519732.97 20.18 310 171.04 0.6 122982 74364.56 20.18 10 0 300 3670 0 110100 17.2 18.3 17.74 0.02
331200.0 310 152.04 0.51 124212 56026.78 0.51 15190 7997.7 0.6 5605885 3527730.67 20.18 310 171.03 0.6 123292 74535.59 20.18 10 0 300 3680 0 110400 17.2 18.3 17.75 0.02
332100.0 376 152.18 0.51 124588 56178.96 0.51 15248 7997.97 0.6 5621133 3535728.63 20.18 370 171.34 0.6 123662 74706.93 20.18 10 0 300 3690 0 110700 17.2 18.4 17.75 0.02
333000.0 354 152.81 0.51 124942 56331.77 0.51 15199 7994.0 0.6 5636332 3543722.64 20.18 350 171.15 0.6 124012 74878.08 20.18 10 0 300 3700 0 111000 17.2 18.4 17.75 0.02
333900.0 310 152.03 0.51 125252 56483.8 0.51 15147 7993.76 0.6 5651479 3551716.4 20.18 310 170.96 0.6 124322 75049.04 20.18 10 0 300 3710 0 111300 17.2 18.4 17.75 0.03
334800.0 310 152.03 0.51 125562 56635.83 0.51 15141 7993.8 0.6 5666620 3559710.2 20.18 310 170.95 0.6 124632 75219.99 20.18 10 0 300 3720 0 111600 17.2 18.4 17.76 0.03
335700.0 376 152.18 0.51 125938 56788.01 0.51 15194 7994.06 0.6 5681814 3567704.26 20.18 370 171.26 0.6 125002 75391.25 20.18 10 0 300 3730 0 111900 17.2 18.5 17.76 0.03
336600.0 354 152.81 0.51 126292 56940.82 0.51 15158 7997.9 0.6 5696972 3575702.16 20.18 350 171.23 0.6 125352 75562.48 20.18 10 0 300 3740 0 112200 17.2 18.5 17.76 0.03
337500.0 310 152.04 0.51 126602 57092.86 0.51 15124 7997.66 0.6 5712096 3583699.83 20.18 310 171.04 0.6 125662 75733.52 20.18 10 0 300 3750 0 112500 17.2 18.5 17.77 0.03
338400.0 310 152.04 0.51 126912 57244.9 0.51 15131 7997.7 0.6 5727227 3591697.52 20.18 310 171.03 0.6 125972 75904.55 20.18 10 0 300 3760 0 112800 17.2 18.5 17.77 0.03
339300.0 376 152.18 0.51 127288 57397.08 0.51 15181 7997.97 0.6 5742408 3599695.49 20.18 370 171.34 0.6 126342 76075.89 20.18 10 0 300 3770 0 113100 17.2 18.5 17.77 0.03
340200.0 354 152.81 0.51 127642 57549.88 0.51 15138 7990.85 0.6 5757546 3607686.33 20.18 350 171.09 0.6 126692 76246.98 20.18 10 0 300 3780 0 113400 17.2 18.5 17.77 0.03
341100.0 310 152.03 0.51 127952 57701.92 0.51 15078 7990.61 0.6 5772624 3615676.94 20.18 310 170.89 0.6 127002 76417.87 20.18 10 0 300 3790 0 113700 17.2 18.5 17.78 0.03
342000.0 310 152.03 0.51 128262 57853.95 0.51 15080 7990.64 0.6 5787704 3623667.58 20.18 310 170.89 0.6 127312 76588.76 20.18 10 0 300 3800 0 114000 17.2 18.5 17.78 0.03
342900.0 376 152.17 0.51 128638 58006.12 0.51 15137 7990.91 0.6 5802841 3631658.49 20.18 370 171.19 0.6 127682 76759.95 20.18 10 0 300 3810 0 114300 17.2 18.5 17.78 0.03
343800.0 354 152.8 0.51 128992 58158.92 0.51 15108 7985.29 0.6 5817949 3639643.78 20.18 350 170.97 0.6 128032 76930.92 20.18 10 0 300 3820 0 114600 17.2 18.5 17.78 0.03
344700.0 310 152.03 0.51 129302 58310.95 0.51 15058 7985.04 0.6 5833007 3647628.82 20.18 310 170.78 0.6 128342 77101.7 20.18 10 0 300 3830 0 114900 17.2 18.5 17.78 0.03
345600.0 310 152.03 0.51 129612 58462.98 0.51 15057 7985.09 0.6 5848064 3655613.91 20.18 310 170.77 0.6 128652 77272.47 20.18 10 0 300 3840 0 115200 17.2 18.5 17.78 0.03
