# seed = 4, gamma = 0.0, beta = 0.66, dee = 0.1, dcc = 100.0, dec = 10.0, dsCnd = 500.0, dLocalhost = 0.02, hostBroker = CLOUD 
#
# The columns have the following meaning: 
# instant[SECONDS] commCountUploadPartial delaySumUploadPartial[SECONDS] delayMaxUploadPartial[SECONDS] commCountUploadTot delaySumUploadTot[SECONDS] delayMaxUploadTot[SECONDS] commCountDownloadPartial delaySumDownloadPartial[SECONDS] delayMaxDownloadPartial[SECONDS] commCountDownloadTot delaySumDownloadTot[SECONDS] delayMaxDownloadTot[SECONDS] commCountDownloadMaxPartial delaySumDownloadMaxPartial[SECONDS] delayMaxDownloadMaxPartial[SECONDS] commCountDownloadMaxTot delaySumDownloadMaxTot[SECONDS] delayMaxDownloadMaxTot[SECONDS] runOnCloudPartial runOnEdgePartial runOnSmartphonePartial runOnCloudTot runOnEdgeTot runOnSmartphoneTot minTemp maxTemp avgTemp varianceTemp
0.0 0 0.0 0.0 0 0.0 0.0 0 0.0 0.0 0 0.0 0.0 0 0.0 0.0 0 0.0 0.0 0 0 0 0 0 0 17.0 25.0 21.0 0.0
900.0 376 113.5 0.51 376 113.5 0.51 15178 5578.5 0.54 15178 5578.5 0.54 370 161.02 0.54 370 161.02 0.54 112 0 198 112 0 198 18.9 21.0 19.37 0.77
1800.0 356 114.33 0.52 732 227.83 0.52 15458 150585.37 19.96 30636 156163.86 19.96 352 3104.08 19.96 722 3265.1 19.96 112 0 198 224 0 396 18.9 21.0 18.91 0.01
2700.0 310 113.4 0.52 1042 341.23 0.52 15113 5595.01 0.54 45749 161758.87 19.96 310 160.78 0.54 1032 3425.87 19.96 112 0 198 336 0 594 17.9 21.0 18.44 0.05
3600.0 310 113.4 0.52 1352 454.63 0.52 15112 5593.46 0.54 60861 167352.33 19.96 310 160.78 0.54 1342 3586.65 19.96 112 0 198 448 0 792 17.6 21.0 18.25 0.08
4500.0 376 113.54 0.52 1728 568.17 0.52 15171 5594.09 0.54 76032 172946.42 19.96 370 161.38 0.54 1712 3748.03 19.96 112 0 198 560 0 990 17.6 21.0 18.24 0.07
5400.0 356 114.34 0.52 2084 682.51 0.52 15476 11751.42 20.0 91508 184697.84 20.0 352 181.21 20.0 2064 3929.24 20.0 112 0 198 672 0 1188 17.6 21.0 18.24 0.07
6300.0 310 113.4 0.52 2394 795.91 0.52 15137 5609.32 0.55 106645 190307.16 20.0 310 160.9 0.55 2374 4090.14 20.0 112 0 198 784 0 1386 17.6 21.0 18.24 0.07
7200.0 310 113.4 0.52 2704 909.32 0.52 15138 5610.33 0.55 121783 195917.49 20.0 310 160.9 0.55 2684 4251.04 20.0 112 0 198 896 0 1584 17.6 21.0 18.26 0.06
8100.0 376 113.55 0.52 3080 1022.86 0.52 15196 5610.44 0.55 136979 201527.94 20.0 370 161.5 0.55 3054 4412.54 20.0 112 0 198 1008 0 1782 17.6 21.0 18.26 0.06
9000.0 356 114.34 0.52 3436 1137.2 0.52 15494 11769.68 20.03 152473 213297.61 20.03 352 181.24 20.03 3406 4593.78 20.03 112 0 198 1120 0 1980 17.6 21.0 18.26 0.06
9900.0 310 113.4 0.52 3746 1250.6 0.52 15154 5609.26 0.54 167627 218906.87 20.03 310 160.82 0.54 3716 4754.6 20.03 112 0 198 1232 0 2178 17.6 21.0 18.24 0.06
10800.0 310 113.4 0.52 4056 1364.0 0.52 15161 5610.31 0.54 182788 224517.19 20.03 310 160.83 0.54 4026 4915.43 20.03 112 0 198 1344 0 2376 17.6 21.0 18.16 0.07
11700.0 376 113.54 0.52 4432 1477.54 0.52 15221 5610.9 0.54 198009 230128.08 20.03 370 161.42 0.54 4396 5076.85 20.03 112 0 198 1456 0 2574 17.6 21.0 18.16 0.07
12600.0 354 114.18 0.52 4786 1591.72 0.52 15177 5607.23 0.55 213186 235735.31 20.03 350 161.27 0.55 4746 5238.12 20.03 112 0 198 1568 0 2772 17.6 21.0 18.16 0.07
13500.0 310 113.4 0.52 5096 1705.13 0.52 15103 5601.72 0.55 228289 241337.03 20.03 310 160.87 0.55 5056 5398.99 20.03 112 0 198 1680 0 2970 17.6 21.0 18.15 0.07
14400.0 310 113.4 0.52 5406 1818.53 0.52 15106 5602.24 0.55 243395 246939.27 20.03 310 160.87 0.55 5366 5559.86 20.03 112 0 198 1792 0 3168 17.6 21.0 18.14 0.07
15300.0 376 113.55 0.52 5782 1932.08 0.52 15165 5602.83 0.55 258560 252542.1 20.03 370 161.47 0.55 5736 5721.33 20.03 112 0 198 1904 0 3366 17.6 21.0 18.14 0.07
16200.0 354 114.18 0.52 6136 2046.26 0.52 15135 5600.83 0.55 273695 258142.93 20.03 350 161.28 0.55 6086 5882.6 20.03 112 0 198 2016 0 3564 17.6 21.0 18.14 0.07
17100.0 310 113.4 0.52 6446 2159.66 0.52 15100 5597.69 0.54 288795 263740.62 20.03 310 160.8 0.54 6396 6043.4 20.03 112 0 198 2128 0 3762 17.6 21.0 18.12 0.07
18000.0 310 113.4 0.52 6756 2273.05 0.52 15100 5597.16 0.54 303895 269337.77 20.03 310 160.81 0.54 6706 6204.21 20.03 112 0 198 2240 0 3960 17.6 21.0 18.11 0.07
18900.0 376 113.54 0.52 7132 2386.59 0.52 15159 5597.77 0.54 319054 274935.55 20.03 370 161.41 0.54 7076 6365.62 20.03 112 0 198 2352 0 4158 17.6 21.0 18.11 0.07
19800.0 354 114.17 0.52 7486 2500.77 0.52 15132 5595.99 0.54 334186 280531.54 20.03 350 161.21 0.54 7426 6526.83 20.03 112 0 198 2464 0 4356 17.6 21.0 18.11 0.07
20700.0 310 113.4 0.52 7796 2614.17 0.52 15101 5598.6 0.55 349287 286130.14 20.03 310 160.83 0.55 7736 6687.66 20.03 112 0 198 2576 0 4554 17.6 21.0 18.09 0.06
21600.0 310 113.4 0.52 8106 2727.57 0.52 15101 5599.64 0.55 364388 291729.78 20.03 310 160.84 0.55 8046 6848.5 20.03 112 0 198 2688 0 4752 17.6 21.0 18.08 0.06
22500.0 376 113.54 0.52 8482 2841.12 0.52 15160 5600.23 0.55 379548 297330.0 20.03 370 161.44 0.55 8416 7009.93 20.03 112 0 198 2800 0 4950 17.6 21.0 18.08 0.06
23400.0 354 114.18 0.52 8836 2955.3 0.52 15128 5600.36 0.55 394676 302930.37 20.03 350 161.28 0.55 8766 7171.21 20.03 112 0 198 2912 0 5148 17.6 21.0 18.08 0.06
24300.0 310 113.41 0.52 9146 3068.7 0.52 15086 5601.55 0.55 409762 308531.91 20.03 310 160.91 0.55 9076 7332.12 20.03 112 0 198 3024 0 5346 17.6 21.0 18.06 0.06
25200.0 310 113.41 0.52 9456 3182.11 0.52 15095 5603.61 0.55 424857 314135.52 20.03 310 160.92 0.55 9386 7493.04 20.03 112 0 198 3136 0 5544 17.5 21.0 18.05 0.06
26100.0 376 113.55 0.52 9832 3295.66 0.52 15155 5604.19 0.55 440012 319739.71 20.03 370 161.52 0.55 9756 7654.56 20.03 112 0 198 3248 0 5742 17.5 21.0 18.05 0.06
27000.0 354 114.18 0.52 10186 3409.85 0.52 15124 5601.46 0.55 455136 325341.17 20.03 350 161.32 0.55 10106 7815.88 20.03 112 0 198 3360 0 5940 17.5 21.0 18.05 0.06
27900.0 310 113.4 0.52 10496 3523.25 0.52 15088 5597.83 0.55 470224 330938.99 20.03 310 160.87 0.55 10416 7976.75 20.03 112 0 198 3472 0 6138 17.5 21.0 18.02 0.06
28800.0 310 113.4 0.52 10806 3636.66 0.52 15096 5599.88 0.55 485320 336538.87 20.03 310 160.87 0.55 10726 8137.62 20.03 112 0 198 3584 0 6336 17.5 21.0 18.01 0.06
29700.0 376 113.55 0.52 11182 3750.2 0.52 15156 5600.46 0.55 500476 342139.34 20.03 370 161.47 0.55 11096 8299.09 20.03 112 0 198 3696 0 6534 17.5 21.0 18.01 0.06
30600.0 354 114.18 0.52 11536 3864.39 0.52 15118 5598.24 0.55 515594 347737.57 20.03 350 161.27 0.55 11446 8460.36 20.03 112 0 198 3808 0 6732 17.5 21.0 18.01 0.06
31500.0 310 113.41 0.52 11846 3977.79 0.52 15090 5602.06 0.55 530684 353339.63 20.03 310 160.91 0.55 11756 8621.28 20.03 112 0 198 3920 0 6930 17.5 21.0 17.98 0.06
32400.0 310 113.41 0.52 12156 4091.2 0.52 15090 5603.1 0.55 545774 358942.73 20.03 310 160.92 0.55 12066 8782.2 20.03 112 0 198 4032 0 7128 17.4 21.0 17.97 0.06
33300.0 376 113.55 0.52 12532 4204.75 0.52 15150 5603.68 0.55 560924 364546.41 20.03 370 161.52 0.55 12436 8943.71 20.03 112 0 198 4144 0 7326 17.4 21.0 17.97 0.06
34200.0 354 114.18 0.52 12886 4318.94 0.52 15110 5599.93 0.55 576034 370146.33 20.03 350 161.32 0.55 12786 9105.03 20.03 112 0 198 4256 0 7524 17.4 21.0 17.97 0.06
35100.0 310 113.41 0.52 13196 4432.34 0.52 15084 5601.04 0.55 591118 375747.37 20.03 310 160.91 0.55 13096 9265.95 20.03 112 0 198 4368 0 7722 17.4 21.0 17.94 0.06
36000.0 310 113.41 0.52 13506 4545.75 0.52 15095 5603.1 0.55 606213 381350.47 20.03 310 160.92 0.55 13406 9426.86 20.03 112 0 198 4480 0 7920 17.4 21.0 17.92 0.06
36900.0 376 113.55 0.52 13882 4659.3 0.52 15155 5603.68 0.55 621368 386954.15 20.03 370 161.52 0.55 13776 9588.38 20.03 112 0 198 4592 0 8118 17.4 21.0 17.92 0.06
37800.0 354 114.18 0.52 14236 4773.48 0.52 15112 5595.89 0.54 636480 392550.04 20.03 350 161.23 0.54 14126 9749.61 20.03 112 0 198 4704 0 8316 17.4 21.0 17.92 0.06
38700.0 310 113.4 0.52 14546 4886.88 0.52 15083 5597.01 0.54 651563 398147.05 20.03 310 160.82 0.54 14436 9910.43 20.03 112 0 198 4816 0 8514 17.4 21.0 17.9 0.07
39600.0 310 113.4 0.52 14856 5000.28 0.52 15089 5599.06 0.54 666652 403746.11 20.03 310 160.83 0.54 14746 10071.25 20.03 112 0 198 4928 0 8712 17.3 21.0 17.89 0.07
40500.0 376 113.54 0.52 15232 5113.82 0.52 15147 5599.14 0.54 681799 409345.25 20.03 370 161.42 0.54 15116 10232.68 20.03 112 0 198 5040 0 8910 17.3 21.0 17.89 0.07
41400.0 354 114.18 0.52 15586 5228.01 0.52 15106 5599.92 0.55 696905 414945.17 20.03 350 161.32 0.55 15466 10394.0 20.03 112 0 198 5152 0 9108 17.3 21.0 17.89 0.07
42300.0 310 113.4 0.52 15896 5341.41 0.52 15085 5598.93 0.55 711990 420544.1 20.03 310 160.87 0.55 15776 10554.87 20.03 112 0 198 5264 0 9306 17.3 21.0 17.86 0.07
43200.0 310 113.4 0.52 16206 5454.82 0.52 15089 5599.96 0.55 727079 426144.06 20.03 310 160.87 0.55 16086 10715.74 20.03 112 0 198 5376 0 9504 17.3 21.0 17.85 0.08
44100.0 376 113.55 0.52 16582 5568.37 0.52 15149 5600.55 0.55 742228 431744.62 20.03 370 161.47 0.55 16456 10877.22 20.03 112 0 198 5488 0 9702 17.2 21.0 17.85 0.08
45000.0 354 114.18 0.52 16936 5682.55 0.52 15100 5596.28 0.55 757328 437340.9 20.03 350 161.28 0.55 16806 11038.49 20.03 112 0 198 5600 0 9900 17.2 21.0 17.85 0.08
45900.0 310 113.4 0.52 17246 5795.95 0.52 15074 5597.96 0.55 772402 442938.85 20.03 310 160.87 0.55 17116 11199.36 20.03 112 0 198 5712 0 10098 17.2 21.0 17.82 0.09
46800.0 310 113.4 0.52 17556 5909.35 0.52 15082 5600.02 0.55 787484 448538.87 20.03 310 160.88 0.55 17426 11360.24 20.03 112 0 198 5824 0 10296 17.2 21.0 17.81 0.09
47700.0 376 113.55 0.52 17932 6022.9 0.52 15142 5600.6 0.55 802626 454139.47 20.03 370 161.47 0.55 17796 11521.71 20.03 112 0 198 5936 0 10494 17.2 21.0 17.81 0.09
48600.0 354 114.18 0.52 18286 6137.08 0.52 15097 5596.85 0.55 817723 459736.31 20.03 350 161.28 0.55 18146 11682.99 20.03 112 0 198 6048 0 10692 17.2 21.0 17.81 0.09
49500.0 310 113.41 0.52 18596 6250.49 0.52 15086 5600.53 0.55 832809 465336.84 20.03 310 160.91 0.55 18456 11843.91 20.03 112 0 198 6160 0 10890 17.2 21.0 17.78 0.09
50400.0 310 113.41 0.52 18906 6363.9 0.52 15096 5603.1 0.55 847905 470939.94 20.03 310 160.92 0.55 18766 12004.82 20.03 112 0 198 6272 0 11088 17.1 21.0 17.76 0.1
51300.0 376 113.55 0.52 19282 6477.45 0.52 15156 5603.68 0.55 863061 476543.62 20.03 370 161.52 0.55 19136 12166.34 20.03 112 0 198 6384 0 11286 17.1 21.0 17.76 0.1
52200.0 354 114.18 0.52 19636 6591.63 0.52 15100 5599.42 0.55 878161 482143.03 20.03 350 161.32 0.55 19486 12327.66 20.03 112 0 198 6496 0 11484 17.1 21.0 17.76 0.1
53100.0 310 113.41 0.52 19946 6705.04 0.52 15062 5598.49 0.55 893223 487741.52 20.03 310 160.91 0.55 19796 12488.57 20.03 112 0 198 6608 0 11682 17.1 21.0 17.75 0.1
54000.0 310 113.41 0.52 20256 6818.45 0.52 15065 5599.53 0.55 908288 493341.05 20.03 310 160.92 0.55 20106 12649.49 20.03 112 0 198 6720 0 11880 17.1 21.0 17.74 0.11
54900.0 376 113.55 0.52 20632 6932.0 0.52 15124 5600.11 0.55 923412 498941.16 20.03 370 161.52 0.55 20476 12811.01 20.03 112 0 198 6832 0 12078 17.1 21.0 17.74 0.11
55800.0 354 114.18 0.52 20986 7046.19 0.52 15092 5597.89 0.55 938504 504539.05 20.03 350 161.32 0.55 20826 12972.33 20.03 112 0 198 6944 0 12276 17.1 21.0 17.74 0.11
56700.0 310 113.41 0.52 21296 7159.59 0.52 15071 5600.53 0.55 953575 510139.58 20.03 310 160.91 0.55 21136 13133.24 20.03 112 0 198 7056 0 12474 17.1 21.0 17.71 0.12
57600.0 310 113.41 0.52 21606 7273.0 0.52 15077 5601.57 0.55 968652 515741.14 20.03 310 160.92 0.55 21446 13294.16 20.03 112 0 198 7168 0 12672 17.1 21.0 17.7 0.12
58500.0 376 113.55 0.52 21982 7386.55 0.52 15137 5602.15 0.55 983789 521343.29 20.03 370 161.52 0.55 21816 13455.67 20.03 112 0 198 7280 0 12870 17.1 21.0 17.7 0.12
59400.0 354 114.18 0.52 22336 7500.73 0.52 15086 5594.48 0.55 998875 526937.78 20.03 350 161.27 0.55 22166 13616.95 20.03 112 0 198 7392 0 13068 17.1 21.0 17.7 0.12
60300.0 310 113.4 0.52 22646 7614.14 0.52 15059 5596.11 0.55 1013934 532533.88 20.03 310 160.87 0.55 22476 13777.81 20.03 112 0 198 7504 0 13266 17.1 21.0 17.68 0.13
61200.0 310 113.4 0.52 22956 7727.54 0.52 15073 5597.14 0.55 1029007 538131.03 20.03 310 160.87 0.55 22786 13938.68 20.03 112 0 198 7616 0 13464 17.0 21.0 17.67 0.13
62100.0 376 113.55 0.52 23332 7841.09 0.52 15131 5597.73 0.55 1044138 543728.76 20.03 370 161.47 0.55 23156 14100.15 20.03 112 0 198 7728 0 13662 17.0 21.0 17.67 0.13
63000.0 354 114.17 0.52 23686 7955.26 0.52 15091 5591.36 0.54 1059229 549320.11 20.03 350 161.21 0.54 23506 14261.36 20.03 112 0 198 7840 0 13860 17.0 21.0 17.67 0.13
63900.0 310 113.39 0.52 23996 8068.66 0.52 15061 5591.31 0.54 1074290 554911.43 20.03 310 160.77 0.54 23816 14422.13 20.03 112 0 198 7952 0 14058 17.0 21.0 17.65 0.14
64800.0 310 113.39 0.52 24306 8182.05 0.52 15067 5593.35 0.54 1089357 560504.78 20.03 310 160.77 0.54 24126 14582.9 20.03 112 0 198 8064 0 14256 17.0 21.0 17.65 0.14
65700.0 376 113.53 0.52 24682 8295.59 0.52 15127 5593.95 0.54 1104484 566098.73 20.03 370 161.37 0.54 24496 14744.27 20.03 112 0 198 8176 0 14454 17.0 21.0 17.65 0.14
66600.0 354 114.17 0.52 25036 8409.76 0.52 15083 5590.85 0.54 1119567 571689.58 20.03 350 161.18 0.54 24846 14905.44 20.03 112 0 198 8288 0 14652 17.0 21.0 17.65 0.14
67500.0 310 113.39 0.52 25346 8523.15 0.52 15040 5587.23 0.54 1134607 577276.8 20.03 310 160.73 0.54 25156 15066.17 20.03 112 0 198 8400 0 14850 17.0 21.0 17.64 0.14
68400.0 310 113.39 0.52 25656 8636.54 0.52 15046 5587.73 0.54 1149653 582864.54 20.03 310 160.73 0.54 25466 15226.9 20.03 112 0 198 8512 0 15048 17.0 21.0 17.63 0.15
69300.0 376 113.53 0.52 26032 8750.07 0.52 15106 5588.34 0.54 1164759 588452.87 20.03 370 161.33 0.54 25836 15388.23 20.03 112 0 198 8624 0 15246 17.0 21.0 17.63 0.15
70200.0 354 114.17 0.52 26386 8864.24 0.52 15078 5587.93 0.54 1179837 594040.8 20.03 350 161.17 0.54 26186 15549.4 20.03 112 0 198 8736 0 15444 17.0 21.0 17.63 0.15
71100.0 310 113.39 0.52 26696 8977.64 0.52 15046 5587.98 0.54 1194883 599628.78 20.03 310 160.76 0.54 26496 15710.17 20.03 112 0 198 8848 0 15642 17.0 21.0 17.62 0.15
72000.0 310 113.39 0.52 27006 9091.03 0.52 15052 5589.51 0.54 1209935 605218.29 20.03 310 160.77 0.54 26806 15870.93 20.03 112 0 198 8960 0 15840 17.0 21.0 17.62 0.16
72900.0 376 113.53 0.52 27382 9204.57 0.52 15107 5588.07 0.54 1225042 610806.36 20.03 370 161.36 0.54 27176 16032.3 20.03 112 0 198 9072 0 16038 17.0 21.0 17.62 0.16
73800.0 354 114.17 0.52 27736 9318.74 0.52 15072 5586.34 0.54 1240114 616392.7 20.03 350 161.17 0.54 27526 16193.46 20.03 112 0 198 9184 0 16236 17.0 21.0 17.62 0.16
74700.0 310 113.4 0.52 28046 9432.14 0.52 15038 5589.08 0.54 1255152 621981.78 20.03 310 160.81 0.54 27836 16354.27 20.03 112 0 198 9296 0 16434 17.0 21.0 17.61 0.16
75600.0 310 113.4 0.52 28356 9545.53 0.52 15036 5589.08 0.54 1270188 627570.86 20.03 310 160.81 0.54 28146 16515.08 20.03 112 0 198 9408 0 16632 17.0 21.0 17.6 0.16
76500.0 376 113.54 0.52 28732 9659.07 0.52 15096 5589.68 0.54 1285284 633160.55 20.03 370 161.41 0.54 28516 16676.49 20.03 112 0 198 9520 0 16830 17.0 21.0 17.6 0.16
77400.0 354 114.17 0.52 29086 9773.25 0.52 15064 5585.08 0.54 1300348 638745.63 20.03 350 161.17 0.54 28866 16837.66 20.03 112 0 198 9632 0 17028 17.0 21.0 17.6 0.16
78300.0 310 113.39 0.52 29396 9886.64 0.52 15029 5586.21 0.54 1315377 644331.84 20.03 310 160.77 0.54 29176 16998.43 20.03 112 0 198 9744 0 17226 17.0 21.0 17.6 0.16
79200.0 310 113.39 0.52 29706 10000.04 0.52 15032 5586.21 0.54 1330409 649918.05 20.03 310 160.77 0.54 29486 17159.2 20.03 112 0 198 9856 0 17424 17.0 21.0 17.6 0.16
80100.0 376 113.53 0.52 30082 10113.57 0.52 15092 5586.81 0.54 1345501 655504.86 20.03 370 161.37 0.54 29856 17320.57 20.03 112 0 198 9968 0 17622 17.0 21.0 17.6 0.16
81000.0 354 114.17 0.52 30436 10227.74 0.52 15055 5584.39 0.54 1360556 661089.26 20.03 350 161.2 0.54 30206 17481.77 20.03 112 0 198 10080 0 17820 17.0 21.0 17.6 0.16
81900.0 310 113.4 0.52 30746 10341.15 0.52 15019 5586.53 0.54 1375575 666675.78 20.03 310 160.84 0.54 30516 17642.61 20.03 112 0 198 10192 0 18018 17.0 21.0 17.59 0.15
82800.0 310 113.4 0.52 31056 10454.55 0.52 15019 5586.54 0.54 1390594 672262.32 20.03 310 160.84 0.54 30826 17803.45 20.03 112 0 198 10304 0 18216 17.0 21.0 17.59 0.15
83700.0 376 113.54 0.52 31432 10568.09 0.52 15075 5586.62 0.54 1405669 677848.94 20.03 370 161.44 0.54 31196 17964.89 20.03 112 0 198 10416 0 18414 17.0 21.0 17.59 0.15
84600.0 354 114.18 0.52 31786 10682.27 0.52 15050 5585.92 0.54 1420719 683434.86 20.03 350 161.24 0.54 31546 18126.14 20.03 112 0 198 10528 0 18612 17.0 21.0 17.59 0.15
85500.0 310 113.4 0.52 32096 10795.67 0.52 15014 5584.47 0.54 1435733 689019.33 20.03 310 160.8 0.54 31856 18286.93 20.03 112 0 198 10640 0 18810 17.0 21.0 17.6 0.15
86400.0 310 113.4 0.52 32406 10909.06 0.52 15015 5584.99 0.54 1450748 694604.32 20.03 310 160.8 0.54 32166 18447.73 20.03 112 0 198 10752 0 19008 17.0 21.0 17.6 0.14
87300.0 376 113.54 0.52 32782 11022.6 0.52 15075 5585.58 0.54 1465823 700189.9 20.03 370 161.4 0.54 32536 18609.13 20.03 112 0 198 10864 0 19206 17.0 21.0 17.6 0.14
88200.0 354 114.18 0.52 33136 11136.79 0.52 15046 5588.17 0.55 1480869 705778.07 20.03 350 161.28 0.55 32886 18770.41 20.03 112 0 198 10976 0 19404 17.0 21.0 17.6 0.14
89100.0 310 113.41 0.52 33446 11250.19 0.52 15062 5600.01 0.55 1495931 711378.08 20.03 310 160.91 0.55 33196 18931.32 20.03 112 0 198 11088 0 19602 17.0 21.0 17.63 0.12
90000.0 310 113.41 0.52 33756 11363.6 0.52 15097 5603.1 0.55 1511028 716981.18 20.03 310 160.92 0.55 33506 19092.24 20.03 112 0 198 11200 0 19800 17.1 21.0 17.7 0.08
90900.0 376 113.55 0.52 34132 11477.15 0.52 15157 5603.68 0.55 1526185 722584.86 20.03 370 161.52 0.55 33876 19253.75 20.03 112 0 198 11312 0 19998 17.1 21.0 17.7 0.08
91800.0 354 114.17 0.52 34486 11591.33 0.52 15105 5592.2 0.54 1541290 728177.06 20.03 350 161.2 0.54 34226 19414.96 20.03 112 0 198 11424 0 20196 17.1 21.0 17.7 0.08
92700.0 310 113.39 0.52 34796 11704.72 0.52 15137 5601.01 0.54 1556427 733778.07 20.03 310 160.72 0.54 34536 19575.68 20.03 112 0 198 11536 0 20394 17.1 23.8 19.31 1.83
93600.0 310 113.39 0.52 35106 11818.11 0.52 15144 5602.54 0.54 1571571 739380.61 20.03 310 160.72 0.54 34846 19736.4 20.03 112 0 198 11648 0 20592 17.1 23.8 20.52 4.67
94500.0 376 113.53 0.52 35482 11931.64 0.52 15199 5602.63 0.54 1586770 744983.24 20.03 370 161.32 0.54 35216 19897.72 20.03 112 0 198 11760 0 20790 17.1 23.8 20.55 4.71
95400.0 354 114.17 0.52 35836 12045.81 0.52 15174 5601.41 0.54 1601944 750584.64 20.03 350 161.12 0.54 35566 20058.84 20.03 112 0 198 11872 0 20988 17.1 23.8 20.55 4.71
96300.0 310 113.39 0.52 36146 12159.2 0.52 15139 5601.01 0.54 1617083 756185.65 20.03 310 160.72 0.54 35876 20219.56 20.03 112 0 198 11984 0 21186 17.1 24.0 20.88 4.61
97200.0 310 113.39 0.52 36456 12272.59 0.52 15131 5599.99 0.54 1632214 761785.64 20.03 310 160.72 0.54 36186 20380.28 20.03 112 0 198 12096 0 21384 17.1 24.0 21.06 4.7
98100.0 376 113.53 0.52 36832 12386.12 0.52 15190 5600.08 0.54 1647404 767385.71 20.03 370 161.32 0.54 36556 20541.6 20.03 112 0 198 12208 0 21582 17.4 24.0 21.06 4.69
99000.0 354 114.16 0.52 37186 12500.28 0.52 15169 5596.19 0.54 1662573 772981.9 20.03 350 161.05 0.54 36906 20702.65 20.03 112 0 198 12320 0 21780 17.4 24.0 21.06 4.69
99900.0 310 113.38 0.52 37496 12613.66 0.52 15135 5596.81 0.54 1677708 778578.71 20.03 310 160.65 0.54 37216 20863.29 20.03 112 0 198 12432 0 21978 17.4 24.0 21.29 4.05
100800.0 310 113.38 0.52 37806 12727.04 0.52 15135 5596.81 0.54 1692843 784175.52 20.03 310 160.65 0.54 37526 21023.94 20.03 112 0 198 12544 0 22176 17.5 24.0 21.42 3.9
101700.0 376 113.53 0.52 38182 12840.57 0.52 15195 5597.41 0.54 1708038 789772.93 20.03 370 161.25 0.54 37896 21185.19 20.03 112 0 198 12656 0 22374 17.8 24.0 21.43 3.88
102600.0 354 114.16 0.52 38536 12954.73 0.52 15164 5594.13 0.54 1723202 795367.06 20.03 350 161.04 0.54 38246 21346.23 20.03 112 0 198 12768 0 22572 17.8 24.0 21.43 3.88
103500.0 310 113.38 0.52 38846 13068.11 0.52 15132 5595.79 0.54 1738334 800962.85 20.03 310 160.63 0.54 38556 21506.86 20.03 112 0 198 12880 0 22770 17.8 24.0 21.58 3.29
104400.0 310 113.38 0.52 39156 13181.5 0.52 15131 5595.77 0.54 1753465 806558.62 20.03 310 160.64 0.54 38866 21667.5 20.03 112 0 198 12992 0 22968 18.0 24.0 21.72 3.14
105300.0 376 113.53 0.52 39532 13295.02 0.52 15187 5594.86 0.54 1768652 812153.48 20.03 370 161.24 0.54 39236 21828.74 20.03 112 0 198 13104 0 23166 18.5 24.0 21.73 3.11
106200.0 354 114.16 0.52 39886 13409.18 0.52 15164 5592.29 0.54 1783816 817745.78 20.03 350 161.01 0.54 39586 21989.75 20.03 112 0 198 13216 0 23364 18.5 24.0 21.73 3.11
107100.0 310 113.37 0.52 40196 13522.55 0.52 15123 5588.29 0.54 1798939 823334.07 20.03 310 160.54 0.54 39896 22150.29 20.03 112 0 198 13328 0 23562 18.5 24.0 21.72 2.89
108000.0 310 113.37 0.52 40506 13635.92 0.52 15123 5588.26 0.54 1814062 828922.33 20.03 310 160.54 0.54 40206 22310.82 20.03 112 0 198 13440 0 23760 18.8 24.0 21.74 2.86
108900.0 376 113.52 0.52 40882 13749.44 0.52 15181 5588.89 0.54 1829243 834511.22 20.03 370 161.14 0.54 40576 22471.96 20.03 112 0 198 13552 0 23958 18.9 24.0 21.74 2.86
109800.0 354 114.15 0.52 41236 13863.59 0.52 15160 5588.66 0.54 1844403 840099.88 20.03 350 160.94 0.54 40926 22632.9 20.03 112 0 198 13664 0 24156 18.9 24.0 21.74 2.86
110700.0 310 113.37 0.52 41546 13976.96 0.52 15119 5588.29 0.54 1859522 845688.17 20.03 310 160.54 0.54 41236 22793.44 20.03 112 0 198 13776 0 24354 18.9 24.0 21.63 2.8
111600.0 310 113.37 0.52 41856 14090.33 0.52 15114 5587.75 0.54 1874636 851275.92 20.03 310 160.54 0.54 41546 22953.98 20.03 112 0 198 13888 0 24552 18.9 24.0 21.56 2.66
112500.0 376 113.52 0.52 42232 14203.85 0.52 15173 5588.38 0.54 1889809 856864.3 20.03 370 161.14 0.54 41916 23115.12 20.03 112 0 198 14000 0 24750 18.9 23.9 21.56 2.66
113400.0 354 114.15 0.52 42586 14318.0 0.52 15152 5588.15 0.54 1904961 862452.45 20.03 350 160.94 0.54 42266 23276.06 20.03 112 0 198 14112 0 24948 18.9 23.9 21.56 2.66
114300.0 310 113.37 0.52 42896 14431.37 0.52 15114 5587.27 0.54 1920075 868039.72 20.03 310 160.54 0.54 42576 23436.59 20.03 112 0 198 14224 0 25146 18.9 23.9 22.91 0.8
115200.0 310 113.37 0.52 43206 14544.75 0.52 15114 5587.24 0.54 1935189 873626.96 20.03 310 160.54 0.54 42886 23597.13 20.03 112 0 198 14336 0 25344 18.9 24.0 23.47 0.19
116100.0 376 113.52 0.52 43582 14658.26 0.52 15174 5587.87 0.54 1950363 879214.83 20.03 370 161.14 0.54 43256 23758.27 20.03 112 0 198 14448 0 25542 21.0 24.0 23.5 0.05
117000.0 354 114.15 0.52 43936 14772.41 0.52 15153 5587.64 0.54 1965516 884802.47 20.03 350 160.94 0.54 43606 23919.21 20.03 112 0 198 14560 0 25740 21.0 24.0 23.5 0.05
117900.0 310 113.37 0.52 44246 14885.78 0.52 15113 5587.27 0.54 1980629 890389.74 20.03 310 160.54 0.54 43916 24079.75 20.03 112 0 198 14672 0 25938 21.0 24.0 23.55 0.04
118800.0 310 113.37 0.52 44556 14999.16 0.52 15113 5587.24 0.54 1995742 895976.98 20.03 310 160.54 0.54 44226 24240.29 20.03 112 0 198 14784 0 26136 21.0 24.0 23.59 0.04
119700.0 376 113.52 0.52 44932 15112.67 0.52 15171 5587.36 0.54 2010913 901564.34 20.03 370 161.14 0.54 44596 24401.43 20.03 112 0 198 14896 0 26334 21.0 24.0 23.59 0.04
120600.0 354 114.15 0.52 45286 15226.82 0.52 15151 5587.13 0.54 2026064 907151.47 20.03 350 160.94 0.54 44946 24562.36 20.03 112 0 198 15008 0 26532 21.0 24.0 23.59 0.04
121500.0 310 113.37 0.52 45596 15340.19 0.52 15110 5586.25 0.54 2041174 912737.72 20.03 310 160.54 0.54 45256 24722.9 20.03 112 0 198 15120 0 26730 21.0 24.0 23.63 0.03
122400.0 310 113.37 0.52 45906 15453.57 0.52 15103 5584.69 0.54 2056277 918322.41 20.03 310 160.54 0.54 45566 24883.44 20.03 112 0 198 15232 0 26928 21.0 24.0 23.65 0.03
123300.0 376 113.52 0.52 46282 15567.08 0.52 15163 5585.32 0.54 2071440 923907.73 20.03 370 161.14 0.54 45936 25044.58 20.03 112 0 198 15344 0 27126 21.0 24.0 23.65 0.03
124200.0 354 114.15 0.52 46636 15681.23 0.52 15143 5585.09 0.54 2086583 929492.82 20.03 350 160.94 0.54 46286 25205.52 20.03 112 0 198 15456 0 27324 21.0 24.0 23.65 0.03
125100.0 310 113.37 0.52 46946 15794.61 0.52 15100 5584.21 0.54 2101683 935077.02 20.03 310 160.54 0.54 46596 25366.06 20.03 112 0 198 15568 0 27522 21.0 24.0 23.68 0.03
126000.0 310 113.37 0.52 47256 15907.98 0.52 15099 5584.18 0.54 2116782 940661.2 20.03 310 160.54 0.54 46906 25526.59 20.03 112 0 198 15680 0 27720 21.0 24.0 23.71 0.03
126900.0 376 113.52 0.52 47632 16021.49 0.52 15155 5583.79 0.54 2131937 946244.99 20.03 370 161.14 0.54 47276 25687.73 20.03 112 0 198 15792 0 27918 21.0 24.0 23.71 0.03
127800.0 354 114.15 0.52 47986 16135.64 0.52 15133 5583.56 0.54 2147070 951828.55 20.03 350 160.94 0.54 47626 25848.67 20.03 112 0 198 15904 0 28116 21.0 24.0 23.71 0.03
128700.0 310 113.37 0.52 48296 16249.02 0.52 15093 5583.19 0.54 2162163 957411.74 20.03 310 160.54 0.54 47936 26009.21 20.03 112 0 198 16016 0 28314 21.0 24.0 23.74 0.03
129600.0 310 113.37 0.52 48606 16362.39 0.52 15093 5583.16 0.54 2177256 962994.9 20.03 310 160.54 0.54 48246 26169.75 20.03 112 0 198 16128 0 28512 21.0 24.0 23.76 0.03
130500.0 376 113.52 0.52 48982 16475.91 0.52 15153 5583.79 0.54 2192409 968578.69 20.03 370 161.14 0.54 48616 26330.89 20.03 112 0 198 16240 0 28710 21.0 24.0 23.76 0.03
131400.0 354 114.15 0.52 49336 16590.06 0.52 15132 5583.05 0.54 2207541 974161.74 20.03 350 160.94 0.54 48966 26491.83 20.03 112 0 198 16352 0 28908 21.0 24.0 23.76 0.03
132300.0 310 113.37 0.52 49646 16703.43 0.52 15091 5582.68 0.54 2222632 979744.42 20.03 310 160.54 0.54 49276 26652.36 20.03 112 0 198 16464 0 29106 21.0 24.0 23.78 0.03
133200.0 310 113.37 0.52 49956 16816.8 0.52 15088 5582.14 0.54 2237720 985326.56 20.03 310 160.54 0.54 49586 26812.9 20.03 112 0 198 16576 0 29304 21.0 24.0 23.79 0.03
134100.0 376 113.52 0.52 50332 16930.32 0.52 15147 5582.26 0.54 2252867 990908.82 20.03 370 161.14 0.54 49956 26974.04 20.03 112 0 198 16688 0 29502 21.0 24.0 23.79 0.03
135000.0 354 114.15 0.52 50686 17044.47 0.52 15127 5582.03 0.54 2267994 996490.85 20.03 350 160.94 0.54 50306 27134.98 20.03 112 0 198 16800 0 29700 21.0 24.0 23.79 0.03
135900.0 310 113.37 0.52 50996 17157.84 0.52 15084 5581.66 0.54 2283078 1002072.51 20.03 310 160.54 0.54 50616 27295.52 20.03 112 0 198 16912 0 29898 21.0 24.0 23.82 0.03
136800.0 310 113.37 0.52 51306 17271.21 0.52 15084 5581.63 0.54 2298162 1007654.14 20.03 310 160.54 0.54 50926 27456.06 20.03 112 0 198 17024 0 30096 21.0 24.0 23.83 0.03
137700.0 376 113.52 0.52 51682 17384.73 0.52 15144 5582.26 0.54 2313306 1013236.4 20.03 370 161.14 0.54 51296 27617.2 20.03 112 0 198 17136 0 30294 21.0 24.0 23.83 0.03
138600.0 354 114.15 0.52 52036 17498.88 0.52 15121 5581.52 0.54 2328427 1018817.92 20.03 350 160.94 0.54 51646 27778.14 20.03 112 0 198 17248 0 30492 21.0 24.0 23.83 0.03
139500.0 310 113.37 0.52 52346 17612.25 0.52 15081 5581.15 0.54 2343508 1024399.07 20.03 310 160.54 0.54 51956 27938.67 20.03 112 0 198 17360 0 30690 21.0 24.0 23.84 0.03
140400.0 310 113.37 0.52 52656 17725.62 0.52 15080 5580.61 0.54 2358588 1029979.68 20.03 310 160.54 0.54 52266 28099.21 20.03 112 0 198 17472 0 30888 21.0 24.0 23.85 0.03
141300.0 376 113.52 0.52 53032 17839.14 0.52 15137 5580.73 0.54 2373725 1035560.41 20.03 370 161.14 0.54 52636 28260.35 20.03 112 0 198 17584 0 31086 21.0 24.0 23.85 0.03
142200.0 354 114.15 0.52 53386 17953.29 0.52 15117 5580.5 0.54 2388842 1041140.91 20.03 350 160.94 0.54 52986 28421.29 20.03 112 0 198 17696 0 31284 21.0 24.0 23.85 0.03
143100.0 310 113.37 0.52 53696 18066.66 0.52 15077 5580.13 0.54 2403919 1046721.03 20.03 310 160.54 0.54 53296 28581.83 20.03 112 0 198 17808 0 31482 21.0 24.0 23.87 0.03
144000.0 310 113.37 0.52 54006 18180.03 0.52 15075 5579.59 0.54 2418994 1052300.62 20.03 310 160.54 0.54 53606 28742.36 20.03 112 0 198 17920 0 31680 21.0 24.0 23.88 0.03
144900.0 376 113.52 0.52 54382 18293.55 0.52 15135 5580.22 0.54 2434129 1057880.84 20.03 370 161.14 0.54 53976 28903.5 20.03 112 0 198 18032 0 31878 21.0 24.0 23.88 0.03
145800.0 354 114.15 0.52 54736 18407.7 0.52 15115 5579.99 0.54 2449244 1063460.83 20.03 350 160.94 0.54 54326 29064.44 20.03 112 0 198 18144 0 32076 21.0 24.0 23.88 0.03
146700.0 310 113.37 0.52 55046 18521.07 0.52 15066 5578.6 0.54 2464310 1069039.43 20.03 310 160.54 0.54 54636 29224.98 20.03 112 0 198 18256 0 32274 21.0 24.0 23.88 0.03
147600.0 310 113.37 0.52 55356 18634.44 0.52 15066 5578.57 0.54 2479376 1074618.0 20.03 310 160.54 0.54 54946 29385.52 20.03 112 0 198 18368 0 32472 21.0 24.0 23.88 0.03
148500.0 376 113.52 0.52 55732 18747.96 0.52 15126 5579.2 0.54 2494502 1080197.2 20.03 370 161.14 0.54 55316 29546.66 20.03 112 0 198 18480 0 32670 21.0 24.0 23.88 0.03
149400.0 354 114.15 0.52 56086 18862.11 0.52 15105 5578.97 0.54 2509607 1085776.17 20.03 350 160.94 0.54 55666 29707.6 20.03 112 0 198 18592 0 32868 21.0 24.0 23.88 0.03
150300.0 310 113.37 0.52 56396 18975.48 0.52 15065 5578.6 0.54 2524672 1091354.77 20.03 310 160.54 0.54 55976 29868.14 20.03 112 0 198 18704 0 33066 21.0 24.0 23.88 0.03
151200.0 310 113.37 0.52 56706 19088.86 0.52 15063 5578.57 0.54 2539735 1096933.34 20.03 310 160.54 0.54 56286 30028.67 20.03 112 0 198 18816 0 33264 21.0 24.0 23.89 0.03
152100.0 376 113.52 0.52 57082 19202.37 0.52 15120 5579.2 0.54 2554855 1102512.54 20.03 370 161.14 0.54 56656 30189.81 20.03 112 0 198 18928 0 33462 21.0 24.0 23.89 0.03
153000.0 354 114.15 0.52 57436 19316.52 0.52 15100 5578.97 0.54 2569955 1108091.51 20.03 350 160.94 0.54 57006 30350.75 20.03 112 0 198 19040 0 33660 21.0 24.0 23.89 0.03
153900.0 310 113.37 0.52 57746 19429.89 0.52 15059 5578.6 0.54 2585014 1113670.1 20.03 310 160.54 0.54 57316 30511.29 20.03 112 0 198 19152 0 33858 21.0 24.0 23.88 0.04
154800.0 310 113.37 0.52 58056 19543.27 0.52 15056 5578.57 0.54 2600070 1119248.67 20.03 310 160.54 0.54 57626 30671.83 20.03 112 0 198 19264 0 34056 21.0 24.0 23.88 0.04
155700.0 376 113.52 0.52 58432 19656.78 0.52 15116 5579.2 0.54 2615186 1124827.87 20.03 370 161.14 0.54 57996 30832.97 20.03 112 0 198 19376 0 34254 21.0 24.0 23.88 0.04
156600.0 354 114.15 0.52 58786 19770.93 0.52 15095 5578.97 0.54 2630281 1130406.84 20.03 350 160.94 0.54 58346 30993.91 20.03 112 0 198 19488 0 34452 21.0 24.0 23.88 0.04
157500.0 310 113.37 0.52 59096 19884.31 0.52 15053 5578.09 0.54 2645334 1135984.93 20.03 310 160.54 0.54 58656 31154.44 20.03 112 0 198 19600 0 34650 21.0 24.0 23.88 0.04
158400.0 310 113.37 0.52 59406 19997.68 0.52 15053 5578.06 0.54 2660387 1141562.99 20.03 310 160.54 0.54 58966 31314.98 20.03 112 0 198 19712 0 34848 21.0 24.0 23.88 0.04
159300.0 376 113.52 0.52 59782 20111.19 0.52 15112 5578.69 0.54 2675499 1147141.68 20.03 370 161.14 0.54 59336 31476.12 20.03 112 0 198 19824 0 35046 21.0 24.0 23.88 0.04
160200.0 354 114.15 0.52 60136 20225.34 0.52 15090 5578.46 0.54 2690589 1152720.14 20.03 350 160.94 0.54 59686 31637.06 20.03 112 0 198 19936 0 35244 21.0 24.0 23.88 0.04
161100.0 310 113.37 0.52 60446 20338.72 0.52 15050 5578.09 0.54 2705639 1158298.23 20.03 310 160.54 0.54 59996 31797.6 20.03 112 0 198 20048 0 35442 21.0 24.0 23.85 0.04
162000.0 310 113.37 0.52 60756 20452.09 0.52 15049 5578.06 0.54 2720688 1163876.29 20.03 310 160.54 0.54 60306 31958.14 20.03 112 0 198 20160 0 35640 21.0 24.0 23.85 0.04
162900.0 376 113.51 0.52 61132 20565.6 0.52 15105 5578.18 0.54 2735793 1169454.47 20.03 370 161.14 0.54 60676 32119.28 20.03 112 0 198 20272 0 35838 21.0 24.0 23.85 0.04
163800.0 354 114.15 0.52 61486 20679.75 0.52 15085 5577.95 0.54 2750878 1175032.42 20.03 350 160.94 0.54 61026 32280.21 20.03 112 0 198 20384 0 36036 21.0 24.0 23.85 0.04
164700.0 310 113.37 0.52 61796 20793.12 0.52 15045 5577.58 0.54 2765923 1180609.99 20.03 310 160.54 0.54 61336 32440.75 20.03 112 0 198 20496 0 36234 21.0 24.0 23.83 0.04
165600.0 310 113.37 0.52 62106 20906.5 0.52 15043 5577.04 0.54 2780966 1186187.03 20.03 310 160.54 0.54 61646 32601.29 20.03 112 0 198 20608 0 36432 21.0 24.0 23.82 0.04
166500.0 376 113.52 0.52 62482 21020.01 0.52 15103 5577.67 0.54 2796069 1191764.7 20.03 370 161.14 0.54 62016 32762.43 20.03 112 0 198 20720 0 36630 21.0 24.0 23.82 0.04
167400.0 354 114.15 0.52 62836 21134.16 0.52 15083 5577.44 0.54 2811152 1197342.14 20.03 350 160.94 0.54 62366 32923.37 20.03 112 0 198 20832 0 36828 21.0 24.0 23.82 0.04
168300.0 310 113.37 0.52 63146 21247.54 0.52 15038 5575.54 0.54 2826190 1202917.68 20.03 310 160.54 0.54 62676 33083.91 20.03 112 0 198 20944 0 37026 21.0 24.0 23.8 0.05
169200.0 310 113.37 0.52 63456 21360.91 0.52 15039 5576.02 0.54 2841229 1208493.7 20.03 310 160.54 0.54 62986 33244.44 20.03 112 0 198 21056 0 37224 21.0 24.0 23.79 0.05
170100.0 376 113.51 0.52 63832 21474.42 0.52 15098 5576.14 0.54 2856327 1214069.84 20.03 370 161.14 0.54 63356 33405.58 20.03 112 0 198 21168 0 37422 21.0 24.0 23.79 0.05
171000.0 354 114.15 0.52 64186 21588.57 0.52 15076 5575.4 0.54 2871403 1219645.24 20.03 350 160.94 0.54 63706 33566.52 20.03 112 0 198 21280 0 37620 21.0 24.0 23.79 0.05
171900.0 310 113.37 0.52 64496 21701.94 0.52 15033 5574.52 0.54 2886436 1225219.75 20.03 310 160.54 0.54 64016 33727.06 20.03 112 0 198 21392 0 37818 21.0 24.0 23.75 0.05
172800.0 310 113.37 0.52 64806 21815.32 0.52 15033 5574.49 0.54 2901469 1230794.24 20.03 310 160.54 0.54 64326 33887.6 20.03 112 0 198 21504 0 38016 21.0 24.0 23.74 0.05
173700.0 376 113.52 0.52 65182 21928.83 0.52 15089 5575.12 0.54 2916558 1236369.36 20.03 370 161.14 0.54 64696 34048.74 20.03 112 0 198 21616 0 38214 21.0 24.0 23.74 0.05
174600.0 354 114.15 0.52 65536 22042.98 0.52 15067 5574.38 0.54 2931625 1241943.74 20.03 350 160.94 0.54 65046 34209.68 20.03 112 0 198 21728 0 38412 21.0 24.0 23.74 0.05
175500.0 310 113.37 0.52 65846 22156.35 0.52 15027 5574.01 0.54 2946652 1247517.75 20.03 310 160.54 0.54 65356 34370.22 20.03 112 0 198 21840 0 38610 21.0 24.0 23.71 0.05
176400.0 310 113.37 0.52 66156 22269.73 0.52 15027 5574.49 0.54 2961679 1253092.24 20.03 310 160.54 0.54 65666 34530.75 20.03 112 0 198 21952 0 38808 21.0 24.0 23.68 0.05
177300.0 376 113.52 0.52 66532 22383.24 0.52 15087 5575.12 0.54 2976766 1258667.36 20.03 370 161.14 0.54 66036 34691.89 20.03 112 0 198 22064 0 39006 21.0 23.9 23.68 0.05
178200.0 354 114.15 0.52 66886 22497.39 0.52 15066 5574.38 0.54 2991832 1264241.74 20.03 350 160.94 0.54 66386 34852.83 20.03 112 0 198 22176 0 39204 21.0 23.9 23.68 0.05
179100.0 310 113.37 0.52 67196 22610.77 0.52 15018 5572.48 0.54 3006850 1269814.21 20.03 310 160.54 0.54 66696 35013.37 20.03 112 0 198 22288 0 39402 21.0 23.9 23.62 0.05
180000.0 310 113.37 0.52 67506 22724.14 0.52 15024 5573.47 0.54 3021874 1275387.68 20.03 310 160.54 0.54 67006 35173.91 20.03 112 0 198 22400 0 39600 21.0 23.9 23.58 0.05
180900.0 376 113.52 0.52 67882 22837.65 0.52 15083 5574.1 0.54 3036957 1280961.78 20.03 370 161.14 0.54 67376 35335.05 20.03 112 0 198 22512 0 39798 21.0 23.9 23.58 0.05
181800.0 354 114.15 0.52 68236 22951.8 0.52 15056 5571.32 0.54 3052013 1286533.1 20.03 350 160.94 0.54 67726 35495.99 20.03 112 0 198 22624 0 39996 21.0 23.9 23.58 0.05
182700.0 310 113.37 0.52 68546 23065.18 0.52 15011 5569.93 0.54 3067024 1292103.03 20.03 310 160.54 0.54 68036 35656.52 20.03 112 0 198 22736 0 40194 21.0 23.8 23.52 0.05
183600.0 310 113.37 0.52 68856 23178.55 0.52 15019 5570.92 0.54 3082043 1297673.95 20.03 310 160.54 0.54 68346 35817.06 20.03 112 0 198 22848 0 40392 21.0 23.8 23.45 0.04
184500.0 376 113.52 0.52 69232 23292.06 0.52 15071 5570.02 0.54 3097114 1303243.97 20.03 370 161.14 0.54 68716 35978.2 20.03 112 0 198 22960 0 40590 21.0 23.8 23.45 0.04
185400.0 354 114.15 0.52 69586 23406.21 0.52 15047 5569.28 0.54 3112161 1308813.25 20.03 350 160.94 0.54 69066 36139.14 20.03 112 0 198 23072 0 40788 21.0 23.8 23.45 0.04
186300.0 310 113.37 0.52 69896 23519.59 0.52 15011 5570.95 0.54 3127172 1314384.19 20.03 310 160.54 0.54 69376 36299.68 20.03 112 0 198 23184 0 40986 21.0 23.7 23.35 0.05
187200.0 310 113.37 0.52 70206 23632.96 0.52 15004 5569.9 0.54 3142176 1319954.09 20.03 310 160.54 0.54 69686 36460.22 20.03 112 0 198 23296 0 41184 21.0 23.7 23.27 0.04
188100.0 376 113.52 0.52 70582 23746.48 0.52 15063 5570.53 0.54 3157239 1325524.62 20.03 370 161.14 0.54 70056 36621.36 20.03 112 0 198 23408 0 41382 21.0 23.7 23.27 0.04
189000.0 354 114.15 0.52 70936 23860.63 0.52 15040 5569.79 0.54 3172279 1331094.41 20.03 350 160.94 0.54 70406 36782.29 20.03 112 0 198 23520 0 41580 21.0 23.7 23.27 0.04
189900.0 310 113.37 0.52 71246 23974.0 0.52 14997 5567.89 0.54 3187276 1336662.3 20.03 310 160.54 0.54 70716 36942.83 20.03 112 0 198 23632 0 41778 21.0 23.6 23.14 0.05
190800.0 310 113.37 0.52 71556 24087.37 0.52 14999 5568.37 0.54 3202275 1342230.67 20.03 310 160.54 0.54 71026 37103.37 20.03 112 0 198 23744 0 41976 21.0 23.5 23.02 0.04
191700.0 376 113.52 0.52 71932 24200.89 0.52 15058 5569.0 0.54 3217333 1347799.67 20.03 370 161.14 0.54 71396 37264.51 20.03 112 0 198 23856 0 42174 21.0 23.5 23.02 0.04
192600.0 354 114.15 0.52 72286 24315.04 0.52 15025 5565.71 0.54 3232358 1353365.38 20.03 350 160.94 0.54 71746 37425.45 20.03 112 0 198 23968 0 42372 21.0 23.5 23.02 0.04
193500.0 310 113.37 0.52 72596 24428.41 0.52 14991 5567.89 0.54 3247349 1358933.26 20.03 310 160.54 0.54 72056 37585.99 20.03 112 0 198 24080 0 42570 21.0 23.4 22.87 0.04
194400.0 310 113.37 0.52 72906 24541.78 0.52 14991 5568.37 0.54 3262340 1364501.63 20.03 310 160.54 0.54 72366 37746.52 20.03 112 0 198 24192 0 42768 21.0 23.3 22.74 0.04
195300.0 376 113.52 0.52 73282 24655.3 0.52 15043 5566.96 0.54 3277383 1370068.59 20.03 370 161.14 0.54 72736 37907.66 20.03 112 0 198 24304 0 42966 21.0 23.3 22.74 0.03
196200.0 354 114.15 0.52 73636 24769.45 0.52 15020 5565.71 0.54 3292403 1375634.3 20.03 350 160.94 0.54 73086 38068.6 20.03 112 0 198 24416 0 43164 21.0 23.3 22.74 0.03
197100.0 310 113.37 0.52 73946 24882.82 0.52 14981 5566.36 0.54 3307384 1381200.66 20.03 310 160.54 0.54 73396 38229.14 20.03 112 0 198 24528 0 43362 21.0 23.1 22.58 0.03
198000.0 310 113.37 0.52 74256 24996.19 0.52 14968 5562.25 0.54 3322352 1386762.9 20.03 310 160.54 0.54 73706 38389.68 20.03 112 0 198 24640 0 43560 21.0 23.1 22.43 0.03
198900.0 376 113.52 0.52 74632 25109.71 0.52 15028 5562.88 0.54 3337380 1392325.78 20.03 370 161.14 0.54 74076 38550.82 20.03 112 0 198 24752 0 43758 21.0 23.1 22.43 0.03
199800.0 354 114.15 0.52 74986 25223.86 0.52 15006 5562.14 0.54 3352386 1397887.92 20.03 350 160.94 0.54 74426 38711.76 20.03 112 0 198 24864 0 43956 21.0 23.1 22.43 0.03
200700.0 310 113.37 0.52 75296 25337.23 0.52 14973 5563.3 0.54 3367359 1403451.22 20.03 310 160.54 0.54 74736 38872.29 20.03 112 0 198 24976 0 44154 21.0 22.8 22.28 0.02
201600.0 310 113.37 0.52 75606 25450.6 0.52 14971 5563.27 0.54 3382330 1409014.49 20.03 310 160.54 0.54 75046 39032.83 20.03 112 0 198 25088 0 44352 21.0 22.8 22.2 0.03
202500.0 376 113.52 0.52 75982 25564.12 0.52 15031 5563.9 0.54 3397361 1414578.39 20.03 370 161.14 0.54 75416 39193.97 20.03 112 0 198 25200 0 44550 21.0 22.8 22.2 0.03
203400.0 354 114.15 0.52 76336 25678.27 0.52 15008 5563.16 0.54 3412369 1420141.54 20.03 350 160.94 0.54 75766 39354.91 20.03 112 0 198 25312 0 44748 21.0 22.8 22.2 0.03
204300.0 310 113.37 0.52 76646 25791.64 0.52 14975 5563.81 0.54 3427344 1425705.35 20.03 310 160.54 0.54 76076 39515.45 20.03 112 0 198 25424 0 44946 21.0 22.6 22.07 0.02
205200.0 310 113.37 0.52 76956 25905.02 0.52 14976 5563.78 0.54 3442320 1431269.13 20.03 310 160.54 0.54 76386 39675.99 20.03 112 0 198 25536 0 45144 21.0 22.6 22.07 0.02
206100.0 376 113.51 0.52 77332 26018.53 0.52 15034 5564.41 0.54 3457354 1436833.54 20.03 370 161.14 0.54 76756 39837.13 20.03 112 0 198 25648 0 45342 21.0 22.6 22.07 0.02
207000.0 354 114.15 0.52 77686 26132.68 0.52 15008 5562.65 0.54 3472362 1442396.19 20.03 350 160.94 0.54 77106 39998.07 20.03 112 0 198 25760 0 45540 21.0 22.6 22.07 0.02
207900.0 310 113.37 0.52 77996 26246.05 0.52 14973 5562.79 0.54 3487335 1447958.98 20.03 310 160.54 0.54 77416 40158.6 20.03 112 0 198 25872 0 45738 21.0 22.2 22.02 0.01
208800.0 310 113.37 0.52 78306 26359.42 0.52 14972 5562.25 0.54 3502307 1453521.22 20.03 310 160.54 0.54 77726 40319.14 20.03 112 0 198 25984 0 45936 21.0 22.2 22.02 0.01
209700.0 376 113.52 0.52 78682 26472.94 0.52 15031 5562.88 0.54 3517338 1459084.1 20.03 370 161.14 0.54 78096 40480.28 20.03 112 0 198 26096 0 46134 21.0 22.2 22.02 0.01
210600.0 354 114.15 0.52 79036 26587.09 0.52 15003 5561.63 0.54 3532341 1464645.73 20.03 350 160.94 0.54 78446 40641.22 20.03 112 0 198 26208 0 46332 21.0 22.2 22.02 0.01
211500.0 310 113.37 0.52 79346 26700.46 0.52 14960 5560.75 0.54 3547301 1470206.48 20.03 310 160.54 0.54 78756 40801.76 20.03 112 0 198 26320 0 46530 21.0 22.0 22.0 0.0
212400.0 310 113.37 0.52 79656 26813.83 0.52 14960 5560.72 0.54 3562261 1475767.2 20.03 310 160.54 0.54 79066 40962.29 20.03 112 0 198 26432 0 46728 21.0 22.0 22.0 0.0
213300.0 376 113.51 0.52 80032 26927.35 0.52 15019 5561.35 0.54 3577280 1481328.54 20.03 370 161.14 0.54 79436 41123.43 20.03 112 0 198 26544 0 46926 21.0 22.0 22.0 0.0
214200.0 354 114.15 0.52 80386 27041.5 0.52 14985 5559.59 0.54 3592265 1486888.13 20.03 350 160.94 0.54 79786 41284.37 20.03 112 0 198 26656 0 47124 21.0 22.0 22.0 0.0
215100.0 310 113.37 0.52 80696 27154.87 0.52 14945 5559.22 0.54 3607210 1492447.35 20.03 310 160.54 0.54 80096 41444.91 20.03 112 0 198 26768 0 47322 21.0 22.0 22.0 0.0
216000.0 310 113.37 0.52 81006 27268.24 0.52 14942 5558.68 0.54 3622152 1498006.03 20.03 310 160.54 0.54 80406 41605.45 20.03 112 0 198 26880 0 47520 21.0 22.0 22.0 0.0
216900.0 376 113.52 0.52 81382 27381.76 0.52 14997 5559.31 0.54 3637149 1503565.34 20.03 370 161.14 0.54 80776 41766.59 20.03 112 0 198 26992 0 47718 21.0 22.0 22.0 0.0
217800.0 354 114.15 0.52 81736 27495.91 0.52 14976 5559.08 0.54 3652125 1509124.42 20.03 350 160.94 0.54 81126 41927.53 20.03 112 0 198 27104 0 47916 21.0 22.0 22.0 0.0
218700.0 310 113.37 0.52 82046 27609.28 0.52 14928 5558.2 0.54 3667053 1514682.61 20.03 310 160.54 0.54 81436 42088.07 20.03 112 0 198 27216 0 48114 21.0 22.0 22.0 0.0
219600.0 310 113.37 0.52 82356 27722.65 0.52 14927 5557.66 0.54 3681980 1520240.27 20.03 310 160.54 0.54 81746 42248.6 20.03 112 0 198 27328 0 48312 21.0 22.0 22.0 0.0
220500.0 376 113.52 0.52 82732 27836.17 0.52 14978 5556.25 0.54 3696958 1525796.52 20.03 370 161.14 0.54 82116 42409.74 20.03 112 0 198 27440 0 48510 21.0 22.0 22.0 0.0
221400.0 354 114.15 0.52 83086 27950.32 0.52 14954 5555.28 0.54 3711912 1531351.8 20.03 350 160.95 0.54 82466 42570.7 20.03 112 0 198 27552 0 48708 21.0 22.0 22.0 0.0
222300.0 310 113.38 0.52 83396 28063.7 0.52 14998 5569.92 0.54 3726910 1536921.71 20.03 310 160.56 0.54 82776 42731.26 20.03 112 0 198 27664 0 48906 20.7 22.0 21.33 0.06
223200.0 310 113.38 0.52 83706 28177.08 0.52 15035 5576.54 0.54 3741945 1542498.25 20.03 310 160.57 0.54 83086 42891.83 20.03 112 0 198 27776 0 49104 19.8 22.0 20.6 0.17
224100.0 376 113.52 0.52 84082 28290.6 0.52 15095 5577.15 0.54 3757040 1548075.4 20.03 370 161.17 0.54 83456 43052.99 20.03 112 0 198 27888 0 49302 19.8 21.8 20.57 0.15
225000.0 354 114.15 0.52 84436 28404.75 0.52 15075 5576.77 0.54 3772115 1553652.17 20.03 350 160.97 0.54 83806 43213.96 20.03 112 0 198 28000 0 49500 19.8 21.8 20.57 0.15
225900.0 310 113.38 0.52 84746 28518.12 0.52 15037 5576.77 0.54 3787152 1559228.95 20.03 310 160.57 0.54 84116 43374.53 20.03 112 0 198 28112 0 49698 19.8 21.7 20.52 0.14
226800.0 310 113.38 0.52 85056 28631.5 0.52 15037 5576.76 0.54 3802189 1564805.7 20.03 310 160.57 0.54 84426 43535.1 20.03 112 0 198 28224 0 49896 19.8 21.7 20.48 0.16
227700.0 376 113.52 0.52 85432 28745.02 0.52 15097 5577.37 0.54 3817286 1570383.08 20.03 370 161.17 0.54 84796 43696.28 20.03 112 0 198 28336 0 50094 19.8 21.7 20.48 0.16
228600.0 354 114.15 0.52 85786 28859.18 0.52 15073 5577.61 0.54 3832359 1575960.69 20.03 350 160.98 0.54 85146 43857.26 20.03 112 0 198 28448 0 50292 19.8 21.7 20.48 0.16
229500.0 310 113.38 0.52 86096 28972.55 0.52 15036 5576.58 0.54 3847395 1581537.27 20.03 310 160.57 0.54 85456 44017.83 20.03 112 0 198 28560 0 50490 19.8 21.6 20.46 0.16
230400.0 310 113.38 0.52 86406 29085.93 0.52 15035 5576.06 0.54 3862430 1587113.34 20.03 310 160.57 0.54 85766 44178.4 20.03 112 0 198 28672 0 50688 19.8 21.6 20.46 0.16
231300.0 376 113.52 0.52 86782 29199.45 0.52 15093 5576.67 0.54 3877523 1592690.01 20.03 370 161.17 0.54 86136 44339.56 20.03 112 0 198 28784 0 50886 19.8 21.6 20.46 0.16
232200.0 354 114.15 0.52 87136 29313.6 0.52 15069 5576.36 0.54 3892592 1598266.37 20.03 350 160.97 0.54 86486 44500.53 20.03 112 0 198 28896 0 51084 19.8 21.6 20.46 0.16
233100.0 310 113.38 0.52 87446 29426.98 0.52 15033 5577.12 0.54 3907625 1603843.48 20.03 310 160.58 0.54 86796 44661.11 20.03 112 0 198 29008 0 51282 19.8 21.5 20.49 0.17
234000.0 310 113.38 0.52 87756 29540.35 0.52 15029 5576.08 0.54 3922654 1609419.57 20.03 310 160.58 0.54 87106 44821.69 20.03 112 0 198 29120 0 51480 19.8 21.5 20.5 0.17
234900.0 376 113.52 0.52 88132 29653.87 0.52 15089 5576.7 0.54 3937743 1614996.27 20.03 370 161.18 0.54 87476 44982.87 20.03 112 0 198 29232 0 51678 19.8 21.5 20.5 0.17
235800.0 354 114.15 0.52 88486 29768.02 0.52 15062 5573.65 0.54 3952805 1620569.92 20.03 350 160.97 0.54 87826 45143.84 20.03 112 0 198 29344 0 51876 19.8 21.5 20.5 0.17
236700.0 310 113.37 0.52 88796 29881.4 0.52 15023 5573.55 0.54 3967828 1626143.47 20.03 310 160.55 0.54 88136 45304.39 20.03 112 0 198 29456 0 52074 19.8 21.4 20.51 0.18
237600.0 310 113.37 0.52 89106 29994.77 0.52 15029 5574.54 0.54 3982857 1631718.01 20.03 310 160.55 0.54 88446 45464.94 20.03 112 0 198 29568 0 52272 19.8 21.4 20.55 0.16
238500.0 376 113.51 0.52 89482 30108.29 0.52 15083 5574.66 0.54 3997940 1637292.68 20.03 370 161.15 0.54 88816 45626.09 20.03 112 0 198 29680 0 52470 19.7 21.4 20.55 0.16
239400.0 354 114.15 0.52 89836 30222.44 0.52 15047 5570.24 0.54 4012987 1642862.92 20.03 350 160.96 0.54 89166 45787.05 20.03 112 0 198 29792 0 52668 19.7 21.4 20.55 0.16
240300.0 310 113.38 0.52 90146 30335.82 0.52 15010 5571.4 0.54 4027997 1648434.32 20.03 310 160.55 0.54 89476 45947.6 20.03 112 0 198 29904 0 52866 19.7 21.5 20.57 0.18
241200.0 310 113.38 0.52 90456 30449.19 0.52 15012 5571.37 0.54 4043009 1654005.69 20.03 310 160.55 0.54 89786 46108.15 20.03 112 0 198 30016 0 53064 19.7 21.6 20.6 0.17
242100.0 376 113.52 0.52 90832 30562.71 0.52 15071 5572.0 0.54 4058080 1659577.69 20.03 370 161.16 0.54 90156 46269.31 20.03 112 0 198 30128 0 53262 19.7 21.6 20.6 0.17
243000.0 354 114.15 0.52 91186 30676.86 0.52 15040 5569.3 0.54 4073120 1665146.99 20.03 350 160.96 0.54 90506 46430.27 20.03 112 0 198 30240 0 53460 19.7 21.6 20.6 0.17
243900.0 310 113.38 0.52 91496 30790.24 0.52 15004 5571.35 0.54 4088124 1670718.34 20.03 310 160.56 0.54 90816 46590.83 20.03 112 0 198 30352 0 53658 19.7 21.6 20.61 0.18
244800.0 310 113.38 0.52 91806 30903.61 0.52 15009 5571.85 0.54 4103133 1676290.19 20.03 310 160.57 0.54 91126 46751.4 20.03 112 0 198 30464 0 53856 19.7 21.8 20.64 0.18
245700.0 376 113.52 0.52 92182 31017.13 0.52 15069 5572.46 0.54 4118202 1681862.66 20.03 370 161.17 0.54 91496 46912.56 20.03 112 0 198 30576 0 54054 19.6 21.8 20.64 0.18
246600.0 354 114.15 0.52 92536 31131.29 0.52 15030 5567.73 0.54 4133232 1687430.39 20.03 350 160.97 0.54 91846 47073.53 20.03 112 0 198 30688 0 54252 19.6 21.8 20.64 0.18
247500.0 310 113.38 0.52 92846 31244.66 0.52 15000 5567.89 0.54 4148232 1692998.28 20.03 310 160.55 0.54 92156 47234.09 20.03 112 0 198 30800 0 54450 19.6 21.8 20.61 0.19
248400.0 310 113.38 0.52 93156 31358.04 0.52 14999 5567.37 0.54 4163231 1698565.65 20.03 310 160.56 0.54 92466 47394.64 20.03 112 0 198 30912 0 54648 19.6 21.9 20.63 0.19
249300.0 376 113.52 0.52 93532 31471.56 0.52 15049 5565.94 0.54 4178280 1704131.6 20.03 370 161.16 0.54 92836 47555.8 20.03 112 0 198 31024 0 54846 19.5 21.9 20.63 0.2
250200.0 354 114.15 0.52 93886 31585.71 0.52 15017 5564.59 0.54 4193297 1709696.18 20.03 350 160.96 0.54 93186 47716.75 20.03 112 0 198 31136 0 55044 19.5 21.9 20.63 0.2
251100.0 310 113.38 0.52 94196 31699.09 0.52 14998 5569.46 0.54 4208295 1715265.64 20.03 310 160.56 0.54 93496 47877.31 20.03 112 0 198 31248 0 55242 19.5 21.9 20.59 0.21
252000.0 310 113.38 0.52 94506 31812.46 0.52 15005 5570.98 0.54 4223300 1720836.62 20.03 310 160.56 0.54 93806 48037.87 20.03 112 0 198 31360 0 55440 19.5 22.0 20.57 0.23
252900.0 376 113.52 0.52 94882 31925.98 0.52 15064 5571.08 0.54 4238364 1726407.71 20.03 370 161.16 0.54 94176 48199.03 20.03 112 0 198 31472 0 55638 19.5 22.0 20.57 0.24
253800.0 354 114.15 0.52 95236 32040.14 0.52 15021 5566.24 0.54 4253385 1731973.95 20.03 350 160.96 0.54 94526 48359.99 20.03 112 0 198 31584 0 55836 19.5 22.0 20.57 0.24
254700.0 310 113.38 0.52 95546 32153.51 0.52 15032 5575.18 0.54 4268417 1737549.12 20.03 310 160.56 0.54 94836 48520.55 20.03 112 0 198 31696 0 56034 19.5 22.0 20.44 0.23
255600.0 310 113.38 0.52 95856 32266.89 0.52 15037 5576.7 0.54 4283454 1743125.82 20.03 310 160.56 0.54 95146 48681.11 20.03 112 0 198 31808 0 56232 19.5 21.8 20.4 0.24
256500.0 376 113.52 0.52 96232 32380.41 0.52 15097 5577.31 0.54 4298551 1748703.13 20.03 370 161.16 0.54 95516 48842.27 20.03 112 0 198 31920 0 56430 19.3 21.8 20.4 0.24
257400.0 354 114.15 0.52 96586 32494.56 0.52 15056 5573.3 0.54 4313607 1754276.43 20.03 350 160.96 0.54 95866 49003.23 20.03 112 0 198 32032 0 56628 19.3 21.8 20.4 0.24
258300.0 310 113.38 0.52 96896 32607.93 0.52 15041 5577.99 0.54 4328648 1759854.42 20.03 310 160.57 0.54 96176 49163.79 20.03 112 0 198 32144 0 56826 19.3 21.8 20.26 0.24
259200.0 310 113.38 0.52 97206 32721.31 0.52 15045 5577.98 0.54 4343693 1765432.4 20.03 310 160.57 0.54 96486 49324.36 20.03 112 0 198 32256 0 57024 19.3 21.8 20.17 0.27
260100.0 376 113.52 0.52 97582 32834.83 0.52 15105 5578.6 0.54 4358798 1771011.0 20.03 370 161.17 0.54 96856 49485.53 20.03 112 0 198 32368 0 57222 19.2 21.6 20.16 0.27
261000.0 356 114.32 0.52 97938 32949.15 0.52 15393 151764.77 20.03 4374191 1922775.77 20.03 352 3123.95 20.03 97208 52609.47 20.03 112 0 198 32480 0 57420 19.2 21.6 20.16 0.27
261900.0 310 113.37 0.52 98248 33062.52 0.52 15059 5579.79 0.54 4389250 1928355.56 20.03 310 160.55 0.54 97518 52770.02 20.03 112 0 198 32592 0 57618 18.9 21.6 19.84 0.24
262800.0 310 113.37 0.52 98558 33175.89 0.52 15066 5580.29 0.54 4404316 1933935.86 20.03 310 160.55 0.54 97828 52930.58 20.03 112 0 198 32704 0 57816 18.9 21.6 19.65 0.26
263700.0 376 113.52 0.52 98934 33289.41 0.52 15126 5580.91 0.54 4419442 1939516.76 20.03 370 161.15 0.54 98198 53091.73 20.03 112 0 198 32816 0 58014 18.9 21.0 19.65 0.25
264600.0 356 114.33 0.52 99290 33403.74 0.52 15416 152123.37 20.05 4434858 2091640.13 20.05 352 3131.5 20.05 98550 56223.23 20.05 112 0 198 32928 0 58212 18.9 21.0 19.65 0.25
265500.0 310 113.41 0.52 99600 33517.15 0.52 15127 5614.73 0.55 4449985 2097254.86 20.05 310 160.97 0.55 98860 56384.2 20.05 112 0 198 33040 0 58410 17.3 21.0 18.41 0.27
266400.0 310 113.41 0.52 99910 33630.55 0.52 15148 5618.77 0.55 4465133 2102873.62 20.05 310 160.97 0.55 99170 56545.17 20.05 112 0 198 33152 0 58608 17.3 21.0 17.85 0.09
267300.0 376 113.55 0.52 100286 33744.11 0.52 15208 5619.41 0.55 4480341 2108493.03 20.05 370 161.57 0.55 99540 56706.74 20.05 112 0 198 33264 0 58806 17.3 21.0 17.83 0.05
268200.0 356 114.35 0.52 100642 33858.46 0.52 15498 152134.98 20.04 4495839 2260628.01 20.05 352 3129.78 20.04 99892 59836.52 20.05 112 0 198 33376 0 59004 17.3 21.0 17.83 0.05
269100.0 310 113.41 0.52 100952 33971.86 0.52 15140 5612.16 0.55 4510979 2266240.17 20.05 310 160.9 0.55 100202 59997.42 20.05 112 0 198 33488 0 59202 17.3 21.0 17.81 0.05
270000.0 310 113.41 0.52 101262 34085.27 0.52 15141 5612.1 0.55 4526120 2271852.27 20.05 310 160.9 0.55 100512 60158.33 20.05 112 0 198 33600 0 59400 17.3 21.0 17.78 0.06
270900.0 376 113.55 0.52 101638 34198.82 0.52 15200 5612.75 0.55 4541320 2277465.02 20.05 370 161.51 0.55 100882 60319.83 20.05 112 0 198 33712 0 59598 17.3 21.0 17.78 0.06
271800.0 354 114.18 0.52 101992 34313.0 0.52 15178 5611.77 0.55 4556498 2283076.78 20.05 350 161.3 0.55 101232 60481.13 20.05 112 0 198 33824 0 59796 17.3 21.0 17.78 0.06
272700.0 310 113.41 0.52 102302 34426.41 0.52 15141 5612.94 0.55 4571639 2288689.72 20.05 310 160.9 0.55 101542 60642.03 20.05 112 0 198 33936 0 59994 17.3 21.0 17.77 0.06
273600.0 310 113.41 0.52 102612 34539.81 0.52 15141 5612.89 0.55 4586780 2294302.61 20.05 310 160.9 0.55 101852 60802.93 20.05 112 0 198 34048 0 60192 17.3 21.0 17.76 0.06
274500.0 376 113.55 0.52 102988 34653.36 0.52 15198 5612.52 0.55 4601978 2299915.13 20.05 370 161.5 0.55 102222 60964.43 20.05 112 0 198 34160 0 60390 17.3 21.0 17.76 0.06
275400.0 354 114.19 0.52 103342 34767.55 0.52 15174 5612.83 0.55 4617152 2305527.97 20.05 350 161.34 0.55 102572 61125.78 20.05 112 0 198 34272 0 60588 17.3 21.0 17.76 0.06
276300.0 310 113.41 0.52 103652 34880.95 0.52 15133 5610.53 0.55 4632285 2311138.5 20.05 310 160.89 0.55 102882 61286.67 20.05 112 0 198 34384 0 60786 17.3 21.0 17.75 0.05
277200.0 310 113.41 0.52 103962 34994.36 0.52 15135 5610.48 0.55 4647420 2316748.97 20.05 310 160.89 0.55 103192 61447.56 20.05 112 0 198 34496 0 60984 17.3 21.0 17.73 0.05
278100.0 376 113.54 0.52 104338 35107.9 0.52 15195 5611.13 0.55 4662615 2322360.1 20.05 370 161.49 0.55 103562 61609.05 20.05 112 0 198 34608 0 61182 17.3 21.0 17.73 0.05
279000.0 354 114.18 0.52 104692 35222.08 0.52 15174 5608.5 0.55 4677789 2327968.6 20.05 350 161.26 0.55 103912 61770.31 20.05 112 0 198 34720 0 61380 17.3 21.0 17.73 0.05
279900.0 310 113.41 0.52 105002 35335.48 0.52 15128 5610.11 0.55 4692917 2333578.71 20.05 310 160.9 0.55 104222 61931.21 20.05 112 0 198 34832 0 61578 17.3 21.0 17.72 0.05
280800.0 310 113.41 0.52 105312 35448.89 0.52 15131 5610.57 0.55 4708048 2339189.28 20.05 310 160.9 0.55 104532 62092.12 20.05 112 0 198 34944 0 61776 17.3 21.0 17.71 0.05
281700.0 376 113.55 0.52 105688 35562.44 0.52 15189 5611.22 0.55 4723237 2344800.5 20.05 370 161.51 0.55 104902 62253.62 20.05 112 0 198 35056 0 61974 17.3 21.0 17.71 0.05
282600.0 354 114.18 0.52 106042 35676.62 0.52 15167 5610.23 0.55 4738404 2350410.73 20.05 350 161.3 0.55 105252 62414.92 20.05 112 0 198 35168 0 62172 17.3 21.0 17.71 0.05
283500.0 310 113.4 0.52 106352 35790.02 0.52 15126 5607.31 0.55 4753530 2356018.04 20.05 310 160.86 0.55 105562 62575.78 20.05 112 0 198 35280 0 62370 17.3 21.0 17.7 0.05
284400.0 310 113.4 0.52 106662 35903.42 0.52 15128 5607.77 0.55 4768658 2361625.81 20.05 310 160.86 0.55 105872 62736.64 20.05 112 0 198 35392 0 62568 17.3 21.0 17.69 0.05
285300.0 376 113.54 0.52 107038 36016.97 0.52 15187 5608.42 0.55 4783845 2367234.23 20.05 370 161.46 0.55 106242 62898.1 20.05 112 0 198 35504 0 62766 17.3 21.0 17.69 0.05
286200.0 354 114.18 0.52 107392 36131.15 0.52 15165 5608.17 0.55 4799010 2372842.4 20.05 350 161.26 0.55 106592 63059.36 20.05 112 0 198 35616 0 62964 17.3 21.0 17.69 0.05
287100.0 310 113.4 0.52 107702 36244.55 0.52 15125 5606.46 0.55 4814135 2378448.86 20.05 310 160.85 0.55 106902 63220.21 20.05 112 0 198 35728 0 63162 17.3 21.0 17.69 0.05
288000.0 310 113.4 0.52 108012 36357.95 0.52 15125 5606.92 0.55 4829260 2384055.78 20.05 310 160.85 0.55 107212 63381.06 20.05 112 0 198 35840 0 63360 17.3 21.0 17.68 0.05
288900.0 376 113.54 0.52 108388 36471.5 0.52 15185 5607.57 0.55 4844445 2389663.35 20.05 370 161.45 0.55 107582 63542.51 20.05 112 0 198 35952 0 63558 17.3 21.0 17.68 0.05
289800.0 354 114.18 0.52 108742 36585.68 0.52 15160 5608.83 0.55 4859605 2395272.18 20.05 350 161.29 0.55 107932 63703.8 20.05 112 0 198 36064 0 63756 17.3 21.0 17.68 0.05
290700.0 310 113.41 0.52 109052 36699.09 0.52 15117 5609.43 0.55 4874722 2400881.61 20.05 310 160.94 0.55 108242 63864.74 20.05 112 0 198 36176 0 63954 17.3 21.0 17.68 0.05
291600.0 310 113.41 0.52 109362 36812.5 0.52 15119 5609.89 0.55 4889841 2406491.49 20.05 310 160.94 0.55 108552 64025.69 20.05 112 0 198 36288 0 64152 17.3 21.0 17.68 0.04
292500.0 376 113.55 0.52 109738 36926.05 0.52 15176 5610.03 0.55 4905017 2412101.52 20.05 370 161.54 0.55 108922 64187.23 20.05 112 0 198 36400 0 64350 17.3 21.0 17.68 0.04
293400.0 354 114.19 0.52 110092 37040.23 0.52 15155 5609.78 0.55 4920172 2417711.3 20.05 350 161.34 0.55 109272 64348.57 20.05 112 0 198 36512 0 64548 17.3 21.0 17.68 0.04
294300.0 310 113.41 0.52 110402 37153.64 0.52 15114 5606.99 0.55 4935286 2423318.29 20.05 310 160.9 0.55 109582 64509.48 20.05 112 0 198 36624 0 64746 17.3 21.0 17.68 0.04
295200.0 310 113.41 0.52 110712 37267.04 0.52 15113 5606.94 0.55 4950399 2428925.23 20.05 310 160.9 0.55 109892 64670.38 20.05 112 0 198 36736 0 64944 17.4 21.0 17.68 0.04
296100.0 376 113.55 0.52 111088 37380.59 0.52 15171 5607.59 0.55 4965570 2434532.82 20.05 370 161.5 0.55 110262 64831.88 20.05 112 0 198 36848 0 65142 17.4 21.0 17.68 0.04
297000.0 354 114.18 0.52 111442 37494.78 0.52 15149 5607.34 0.55 4980719 2440140.16 20.05 350 161.3 0.55 110612 64993.19 20.05 112 0 198 36960 0 65340 17.4 21.0 17.68 0.04
297900.0 310 113.41 0.52 111752 37608.18 0.52 15108 5608.4 0.55 4995827 2445748.57 20.05 310 160.94 0.55 110922 65154.13 20.05 112 0 198 37072 0 65538 17.4 21.0 17.68 0.04
298800.0 310 113.41 0.52 112062 37721.59 0.52 15108 5607.34 0.55 5010935 2451355.9 20.05 310 160.94 0.55 111232 65315.07 20.05 112 0 198 37184 0 65736 17.4 21.0 17.68 0.04
299700.0 376 113.55 0.52 112438 37835.15 0.52 15168 5607.99 0.55 5026103 2456963.89 20.05 370 161.54 0.55 111602 65476.62 20.05 112 0 198 37296 0 65934 17.4 21.0 17.68 0.04
300600.0 354 114.19 0.52 112792 37949.33 0.52 15142 5607.23 0.55 5041245 2462571.12 20.05 350 161.34 0.55 111952 65637.96 20.05 112 0 198 37408 0 66132 17.4 21.0 17.68 0.04
301500.0 310 113.41 0.52 113102 38062.74 0.52 15104 5605.33 0.55 5056349 2468176.45 20.05 310 160.9 0.55 112262 65798.86 20.05 112 0 198 37520 0 66330 17.4 21.0 17.68 0.04
302400.0 310 113.41 0.52 113412 38176.14 0.52 15107 5605.28 0.55 5071456 2473781.73 20.05 310 160.9 0.55 112572 65959.76 20.05 112 0 198 37632 0 66528 17.4 21.0 17.68 0.04
303300.0 376 113.55 0.52 113788 38289.69 0.52 15164 5604.91 0.55 5086620 2479386.64 20.05 370 161.5 0.55 112942 66121.26 20.05 112 0 198 37744 0 66726 17.4 21.0 17.68 0.04
304200.0 354 114.18 0.52 114142 38403.87 0.52 15140 5602.29 0.55 5101760 2484988.93 20.05 350 161.26 0.55 113292 66282.53 20.05 112 0 198 37856 0 66924 17.4 21.0 17.68 0.04
305100.0 310 113.41 0.52 114452 38517.28 0.52 15103 5605.0 0.55 5116863 2490593.93 20.05 310 160.9 0.55 113602 66443.43 20.05 112 0 198 37968 0 67122 17.4 21.0 17.68 0.04
306000.0 310 113.41 0.52 114762 38630.68 0.52 15106 5604.96 0.55 5131969 2496198.89 20.05 310 160.9 0.55 113912 66604.33 20.05 112 0 198 38080 0 67320 17.4 21.0 17.68 0.04
306900.0 376 113.55 0.52 115138 38744.23 0.52 15166 5605.61 0.55 5147135 2501804.5 20.05 370 161.51 0.55 114282 66765.84 20.05 112 0 198 38192 0 67518 17.4 21.0 17.68 0.04
307800.0 354 114.19 0.52 115492 38858.42 0.52 15139 5606.21 0.55 5162274 2507410.71 20.05 350 161.34 0.55 114632 66927.18 20.05 112 0 198 38304 0 67716 17.4 21.0 17.68 0.04
308700.0 310 113.41 0.52 115802 38971.83 0.52 15090 5604.84 0.55 5177364 2513015.55 20.05 310 160.94 0.55 114942 67088.12 20.05 112 0 198 38416 0 67914 17.4 21.0 17.68 0.04
309600.0 310 113.41 0.52 116112 39085.23 0.52 15096 5604.28 0.55 5192460 2518619.82 20.05 310 160.94 0.55 115252 67249.07 20.05 112 0 198 38528 0 68112 17.4 21.0 17.69 0.04
310500.0 376 113.55 0.52 116488 39198.79 0.52 15156 5604.93 0.55 5207616 2524224.75 20.05 370 161.54 0.55 115622 67410.61 20.05 112 0 198 38640 0 68310 17.4 21.0 17.69 0.04
311400.0 354 114.19 0.52 116842 39312.97 0.52 15132 5604.17 0.55 5222748 2529828.92 20.05 350 161.34 0.55 115972 67571.95 20.05 112 0 198 38752 0 68508 17.4 21.0 17.69 0.04
312300.0 310 113.41 0.52 117152 39426.38 0.52 15088 5602.4 0.55 5237836 2535431.32 20.05 310 160.9 0.55 116282 67732.86 20.05 112 0 198 38864 0 68706 17.4 21.0 17.7 0.04
313200.0 310 113.41 0.52 117462 39539.78 0.52 15093 5603.88 0.55 5252929 2541035.2 20.05 310 160.9 0.55 116592 67893.76 20.05 112 0 198 38976 0 68904 17.4 21.0 17.71 0.05
314100.0 376 113.55 0.52 117838 39653.33 0.52 15147 5603.51 0.55 5268076 2546638.71 20.05 370 161.5 0.55 116962 68055.26 20.05 112 0 198 39088 0 69102 17.3 21.0 17.71 0.05
315000.0 354 114.18 0.52 118192 39767.51 0.52 15122 5602.24 0.55 5283198 2552240.95 20.05 350 161.3 0.55 117312 68216.57 20.05 112 0 198 39200 0 69300 17.3 21.0 17.71 0.05
315900.0 310 113.41 0.52 118502 39880.92 0.52 15075 5600.84 0.55 5298273 2557841.79 20.05 310 160.89 0.55 117622 68377.46 20.05 112 0 198 39312 0 69498 17.3 21.0 17.71 0.05
316800.0 310 113.41 0.52 118812 39994.32 0.52 15071 5599.76 0.55 5313344 2563441.55 20.05 310 160.89 0.55 117932 68538.35 20.05 112 0 198 39424 0 69696 17.3 21.0 17.72 0.05
317700.0 376 113.55 0.52 119188 40107.87 0.52 15126 5599.91 0.55 5328470 2569041.46 20.05 370 161.49 0.55 118302 68699.84 20.05 112 0 198 39536 0 69894 17.3 21.0 17.72 0.05
318600.0 354 114.18 0.52 119542 40222.05 0.52 15102 5598.64 0.55 5343572 2574640.1 20.05 350 161.29 0.55 118652 68861.14 20.05 112 0 198 39648 0 70092 17.3 21.0 17.72 0.05
319500.0 310 113.41 0.52 119852 40335.46 0.52 15068 5603.3 0.55 5358640 2580243.4 20.05 310 160.94 0.55 118962 69022.08 20.05 112 0 198 39760 0 70290 17.3 21.0 17.72 0.05
320400.0 310 113.41 0.52 120162 40448.87 0.52 15067 5602.75 0.55 5373707 2585846.15 20.05 310 160.94 0.55 119272 69183.02 20.05 112 0 198 39872 0 70488 17.3 21.0 17.72 0.05
321300.0 376 113.55 0.52 120538 40562.42 0.52 15124 5602.89 0.55 5388831 2591449.04 20.05 370 161.54 0.55 119642 69344.57 20.05 112 0 198 39984 0 70686 17.3 21.0 17.72 0.05
322200.0 354 114.18 0.52 120892 40676.6 0.52 15092 5593.82 0.55 5403923 2597042.86 20.05 350 161.23 0.55 119992 69505.79 20.05 112 0 198 40096 0 70884 17.3 21.0 17.72 0.05
323100.0 310 113.39 0.52 121202 40790.0 0.52 15052 5591.31 0.54 5418975 2602634.17 20.05 310 160.78 0.54 120302 69666.57 20.05 112 0 198 40208 0 71082 17.3 21.0 17.73 0.05
324000.0 310 113.39 0.52 121512 40903.39 0.52 15063 5593.32 0.54 5434038 2608227.49 20.05 310 160.78 0.54 120612 69827.36 20.05 112 0 198 40320 0 71280 17.3 21.0 17.74 0.06
324900.0 376 113.54 0.52 121888 41016.93 0.52 15123 5593.95 0.54 5449161 2613821.44 20.05 370 161.38 0.54 120982 69988.74 20.05 112 0 198 40432 0 71478 17.3 21.0 17.74 0.06
325800.0 354 114.18 0.52 122242 41131.11 0.52 15095 5597.52 0.55 5464256 2619418.96 20.05 350 161.3 0.55 121332 70150.04 20.05 112 0 198 40544 0 71676 17.3 21.0 17.74 0.06
326700.0 310 113.41 0.52 122552 41244.52 0.52 15047 5598.71 0.55 5479303 2625017.67 20.05 310 160.94 0.55 121642 70310.98 20.05 112 0 198 40656 0 71874 17.3 21.0 17.74 0.06
327600.0 310 113.41 0.52 122862 41357.93 0.52 15053 5599.69 0.55 5494356 2630617.36 20.05 310 160.94 0.55 121952 70471.93 20.05 112 0 198 40768 0 72072 17.3 21.0 17.75 0.06
328500.0 376 113.55 0.52 123238 41471.48 0.52 15112 5599.83 0.55 5509468 2636217.19 20.05 370 161.54 0.55 122322 70633.47 20.05 112 0 198 40880 0 72270 17.2 21.0 17.75 0.06
329400.0 354 114.19 0.52 123592 41585.67 0.52 15082 5597.54 0.55 5524550 2641814.72 20.05 350 161.34 0.55 122672 70794.81 20.05 112 0 198 40992 0 72468 17.2 21.0 17.75 0.06
330300.0 310 113.41 0.52 123902 41699.08 0.52 15035 5598.21 0.55 5539585 2647412.93 20.05 310 160.94 0.55 122982 70955.75 20.05 112 0 198 41104 0 72666 17.2 21.0 17.76 0.06
331200.0 310 113.41 0.52 124212 41812.48 0.52 15042 5598.66 0.55 5554627 2653011.59 20.05 310 160.94 0.55 123292 71116.7 20.05 112 0 198 41216 0 72864 17.2 21.0 17.77 0.06
332100.0 376 113.55 0.52 124588 41926.04 0.52 15099 5598.3 0.55 5569726 2658609.89 20.05 370 161.54 0.55 123662 71278.24 20.05 112 0 198 41328 0 73062 17.2 21.0 17.77 0.06
333000.0 354 114.18 0.52 124942 42040.22 0.52 15057 5591.59 0.55 5584783 2664201.48 20.05 350 161.31 0.55 124012 71439.55 20.05 112 0 198 41440 0 73260 17.2 21.0 17.77 0.06
333900.0 310 113.41 0.52 125252 42153.62 0.52 15000 5588.69 0.55 5599783 2669790.17 20.05 310 160.9 0.55 124322 71600.45 20.05 112 0 198 41552 0 73458 17.2 21.0 17.77 0.06
334800.0 310 113.41 0.52 125562 42267.03 0.52 15005 5590.68 0.55 5614788 2675380.85 20.05 310 160.9 0.55 124632 71761.35 20.05 112 0 198 41664 0 73656 17.2 21.0 17.77 0.07
335700.0 376 113.55 0.52 125938 42380.58 0.52 15056 5589.8 0.55 5629844 2680970.64 20.05 370 161.51 0.55 125002 71922.86 20.05 112 0 198 41776 0 73854 17.2 21.0 17.77 0.07
336600.0 354 114.19 0.52 126292 42494.77 0.52 15022 5588.87 0.55 5644866 2686559.51 20.05 350 161.34 0.55 125352 72084.2 20.05 112 0 198 41888 0 74052 17.2 21.0 17.77 0.07
337500.0 310 113.41 0.52 126602 42608.17 0.52 14977 5584.95 0.55 5659843 2692144.46 20.05 310 160.94 0.55 125662 72245.14 20.05 112 0 198 42000 0 74250 17.2 21.0 17.78 0.07
338400.0 310 113.41 0.52 126912 42721.58 0.52 14991 5585.91 0.55 5674834 2697730.37 20.05 310 160.94 0.55 125972 72406.09 20.05 112 0 198 42112 0 74448 17.2 21.0 17.79 0.07
339300.0 376 113.55 0.52 127288 42835.14 0.52 15043 5585.55 0.55 5689877 2703315.92 20.05 370 161.54 0.55 126342 72567.63 20.05 112 0 198 42224 0 74646 17.2 21.0 17.79 0.07
340200.0 354 114.18 0.52 127642 42949.32 0.52 15000 5579.63 0.55 5704877 2708895.55 20.05 350 161.3 0.55 126692 72728.93 20.05 112 0 198 42336 0 74844 17.2 21.0 17.79 0.07
341100.0 310 113.41 0.52 127952 43062.72 0.52 14941 5579.27 0.55 5719818 2714474.83 20.05 310 160.9 0.55 127002 72889.83 20.05 112 0 198 42448 0 75042 17.2 21.0 17.79 0.07
342000.0 310 113.41 0.52 128262 43176.13 0.52 14941 5578.72 0.55 5734759 2720053.55 20.05 310 160.9 0.55 127312 73050.73 20.05 112 0 198 42560 0 75240 17.2 21.0 17.8 0.07
342900.0 376 113.55 0.52 128638 43289.67 0.52 14996 5578.86 0.55 5749755 2725632.4 20.05 370 161.5 0.55 127682 73212.23 20.05 112 0 198 42672 0 75438 17.2 21.0 17.8 0.07
343800.0 354 114.18 0.52 128992 43403.85 0.52 14961 5572.89 0.55 5764716 2731205.3 20.05 350 161.26 0.55 128032 73373.49 20.05 112 0 198 42784 0 75636 17.2 21.0 17.8 0.07
344700.0 310 113.4 0.52 129302 43517.25 0.52 14921 5572.02 0.55 5779637 2736777.32 20.05 310 160.85 0.55 128342 73534.34 20.05 112 0 198 42896 0 75834 17.2 21.0 17.79 0.07
345600.0 310 113.4 0.52 129612 43630.66 0.52 14921 5571.47 0.55 5794558 2742348.79 20.05 310 160.86 0.55 128652 73695.2 20.05 112 0 198 43008 0 76032 17.2 21.0 17.8 0.08
