# seed = 7, gamma = 0.33, beta = 1.0, dee = 1.0, dcc = 25.0, dec = 300.0, dsCnd = 50.0, dLocalhost = 0.02, hostBroker = CLOUD 
#
# The columns have the following meaning: 
# instant[SECONDS] commCountUploadPartial delaySumUploadPartial[SECONDS] delayMaxUploadPartial[SECONDS] commCountUploadTot delaySumUploadTot[SECONDS] delayMaxUploadTot[SECONDS] commCountDownloadPartial delaySumDownloadPartial[SECONDS] delayMaxDownloadPartial[SECONDS] commCountDownloadTot delaySumDownloadTot[SECONDS] delayMaxDownloadTot[SECONDS] commCountDownloadMaxPartial delaySumDownloadMaxPartial[SECONDS] delayMaxDownloadMaxPartial[SECONDS] commCountDownloadMaxTot delaySumDownloadMaxTot[SECONDS] delayMaxDownloadMaxTot[SECONDS] runOnCloudPartial runOnEdgePartial runOnSmartphonePartial runOnCloudTot runOnEdgeTot runOnSmartphoneTot minTemp maxTemp avgTemp varianceTemp
0.0 0 0.0 0.0 0 0.0 0.0 0 0.0 0.0 0 0.0 0.0 0 0.0 0.0 0 0.0 0.0 0 0 0 0 0 0 17.0 25.0 21.0 0.0
900.0 376 106.49 0.35 376 106.49 0.35 14730 5453.12 0.43 14730 5453.12 0.43 370 121.59 0.43 370 121.59 0.43 7 3 300 7 3 300 18.9 21.0 19.44 0.85
1800.0 356 107.23 0.36 732 213.72 0.36 15019 136113.1 19.22 29749 141566.22 19.22 352 2839.52 19.22 722 2961.12 19.22 7 3 300 14 6 600 18.9 18.9 18.9 0.0
2700.0 310 106.38 0.36 1042 320.11 0.36 14671 5498.54 0.44 44420 147064.76 19.22 310 122.51 0.44 1032 3083.62 19.22 7 3 300 21 9 900 17.7 18.9 18.43 0.03
3600.0 310 106.38 0.36 1352 426.49 0.36 14671 5498.53 0.44 59091 152563.29 19.22 310 122.51 0.44 1342 3206.13 19.22 7 3 300 28 12 1200 17.7 18.9 18.24 0.05
4500.0 376 106.52 0.36 1728 533.01 0.36 14725 5498.62 0.44 73816 158061.91 19.22 370 122.58 0.44 1712 3328.72 19.22 7 3 300 35 15 1500 17.6 18.7 18.23 0.05
5400.0 356 107.25 0.36 2084 640.26 0.36 15046 11484.36 19.3 88862 169546.26 19.3 352 141.97 19.3 2064 3470.68 19.3 7 3 300 42 18 1800 17.6 18.7 18.23 0.05
6300.0 310 106.39 0.36 2394 746.65 0.36 14728 5523.45 0.44 103590 175069.71 19.3 310 122.74 0.44 2374 3593.42 19.3 7 3 300 49 21 2100 17.6 18.7 18.23 0.05
7200.0 310 106.39 0.36 2704 853.04 0.36 14728 5523.49 0.44 118318 180593.19 19.3 310 122.74 0.44 2684 3716.16 19.3 7 3 300 56 24 2400 17.6 18.7 18.25 0.04
8100.0 376 106.53 0.36 3080 959.57 0.36 14788 5523.53 0.44 133106 186116.73 19.3 370 122.81 0.44 3054 3838.97 19.3 7 3 300 63 27 2700 17.6 18.7 18.25 0.04
9000.0 356 107.25 0.36 3436 1066.82 0.36 15077 11499.42 19.31 148183 197616.15 19.31 352 142.01 19.31 3406 3980.98 19.31 7 3 300 70 30 3000 17.6 18.7 18.25 0.04
9900.0 310 106.39 0.36 3746 1173.2 0.36 14732 5527.17 0.44 162915 203143.32 19.31 310 122.82 0.44 3716 4103.81 19.31 7 3 300 77 33 3300 17.6 18.7 18.23 0.04
10800.0 310 106.39 0.36 4056 1279.59 0.36 14737 5527.12 0.44 177652 208670.44 19.31 310 122.82 0.44 4026 4226.63 19.31 7 3 300 84 36 3600 17.6 18.7 18.15 0.05
11700.0 376 106.53 0.36 4432 1386.12 0.36 14796 5527.25 0.44 192448 214197.7 19.31 370 122.9 0.44 4396 4349.53 19.31 7 3 300 91 39 3900 17.6 18.7 18.15 0.05
12600.0 354 107.17 0.36 4786 1493.28 0.36 14744 5530.88 0.44 207192 219728.57 19.31 350 123.0 0.44 4746 4472.53 19.31 7 3 300 98 42 4200 17.6 18.7 18.15 0.05
13500.0 310 106.39 0.36 5096 1599.67 0.36 14677 5530.83 0.44 221869 225259.4 19.31 310 122.9 0.44 5056 4595.44 19.31 7 3 300 105 45 4500 17.6 18.7 18.15 0.04
14400.0 310 106.39 0.36 5406 1706.06 0.36 14676 5530.78 0.44 236545 230790.18 19.31 310 122.9 0.44 5366 4718.34 19.31 7 3 300 112 48 4800 17.6 18.7 18.14 0.04
15300.0 376 106.53 0.36 5782 1812.59 0.36 14736 5530.91 0.44 251281 236321.08 19.31 370 122.98 0.44 5736 4841.32 19.31 7 3 300 119 51 5100 17.6 18.7 18.14 0.04
16200.0 354 107.17 0.36 6136 1919.76 0.36 14706 5530.82 0.44 265987 241851.91 19.31 350 123.0 0.44 6086 4964.32 19.31 7 3 300 126 54 5400 17.6 18.7 18.14 0.04
17100.0 310 106.38 0.36 6446 2026.14 0.36 14676 5523.87 0.44 280663 247375.78 19.31 310 122.76 0.44 6396 5087.08 19.31 7 3 300 133 57 5700 17.6 18.7 18.12 0.04
18000.0 310 106.38 0.36 6756 2132.52 0.36 14682 5523.83 0.44 295345 252899.62 19.31 310 122.75 0.44 6706 5209.83 19.31 7 3 300 140 60 6000 17.6 18.7 18.11 0.04
18900.0 376 106.53 0.36 7132 2239.05 0.36 14741 5523.95 0.44 310086 258423.56 19.31 370 122.83 0.44 7076 5332.67 19.31 7 3 300 147 63 6300 17.6 18.6 18.11 0.04
19800.0 354 107.16 0.36 7486 2346.21 0.36 14707 5525.93 0.44 324793 263949.49 19.31 350 122.9 0.44 7426 5455.57 19.31 7 3 300 154 66 6600 17.6 18.6 18.11 0.04
20700.0 310 106.39 0.36 7796 2452.6 0.36 14676 5528.62 0.44 339469 269478.11 19.31 310 122.86 0.44 7736 5578.42 19.31 7 3 300 161 69 6900 17.6 18.6 18.08 0.03
21600.0 310 106.39 0.36 8106 2558.98 0.36 14677 5528.58 0.44 354146 275006.68 19.31 310 122.85 0.44 8046 5701.28 19.31 7 3 300 168 72 7200 17.6 18.6 18.08 0.03
22500.0 376 106.53 0.36 8482 2665.51 0.36 14737 5528.7 0.44 368883 280535.38 19.31 370 122.93 0.44 8416 5824.21 19.31 7 3 300 175 75 7500 17.6 18.6 18.08 0.03
23400.0 354 107.17 0.36 8836 2772.68 0.36 14703 5531.34 0.44 383586 286066.72 19.31 350 123.01 0.44 8766 5947.22 19.31 7 3 300 182 78 7800 17.6 18.6 18.08 0.03
24300.0 310 106.39 0.36 9146 2879.07 0.36 14668 5535.77 0.44 398254 291602.49 19.31 310 123.01 0.44 9076 6070.24 19.31 7 3 300 189 81 8100 17.5 18.6 18.06 0.03
25200.0 310 106.39 0.36 9456 2985.46 0.36 14681 5535.72 0.44 412935 297138.21 19.31 310 123.01 0.44 9386 6193.25 19.31 7 3 300 196 84 8400 17.5 18.6 18.04 0.03
26100.0 376 106.54 0.36 9832 3092.0 0.36 14741 5535.85 0.44 427676 302674.06 19.31 370 123.09 0.44 9756 6316.34 19.31 7 3 300 203 87 8700 17.5 18.6 18.04 0.03
27000.0 354 107.17 0.36 10186 3199.17 0.36 14708 5535.82 0.44 442384 308209.88 19.31 350 123.11 0.44 10106 6439.45 19.31 7 3 300 210 90 9000 17.5 18.6 18.04 0.03
27900.0 310 106.39 0.36 10496 3305.56 0.36 14666 5530.72 0.44 457050 313740.61 19.31 310 122.9 0.44 10416 6562.35 19.31 7 3 300 217 93 9300 17.5 18.6 18.02 0.03
28800.0 310 106.39 0.36 10806 3411.95 0.36 14677 5530.68 0.44 471727 319271.29 19.31 310 122.9 0.44 10726 6685.25 19.31 7 3 300 224 96 9600 17.5 18.6 18.0 0.03
29700.0 376 106.53 0.36 11182 3518.48 0.36 14735 5530.8 0.44 486462 324802.08 19.31 370 122.98 0.44 11096 6808.23 19.31 7 3 300 231 99 9900 17.5 18.6 18.0 0.03
30600.0 354 107.17 0.36 11536 3625.65 0.36 14703 5530.78 0.44 501165 330332.86 19.31 350 123.0 0.44 11446 6931.23 19.31 7 3 300 238 102 10200 17.5 18.6 18.0 0.03
31500.0 310 106.39 0.36 11846 3732.04 0.36 14670 5535.77 0.44 515835 335868.64 19.31 310 123.01 0.44 11756 7054.24 19.31 7 3 300 245 105 10500 17.4 18.6 17.97 0.03
32400.0 310 106.39 0.36 12156 3838.43 0.36 14678 5535.72 0.44 530513 341404.36 19.31 310 123.01 0.44 12066 7177.25 19.31 7 3 300 252 108 10800 17.4 18.6 17.96 0.03
33300.0 376 106.54 0.36 12532 3944.97 0.36 14737 5535.85 0.44 545250 346940.21 19.31 370 123.09 0.44 12436 7300.34 19.31 7 3 300 259 111 11100 17.4 18.5 17.96 0.03
34200.0 354 107.17 0.36 12886 4052.14 0.36 14698 5535.82 0.44 559948 352476.03 19.31 350 123.11 0.44 12786 7423.45 19.31 7 3 300 266 114 11400 17.4 18.5 17.96 0.03
35100.0 310 106.39 0.36 13196 4158.53 0.36 14666 5535.77 0.44 574614 358011.8 19.31 310 123.01 0.44 13096 7546.47 19.31 7 3 300 273 117 11700 17.4 18.5 17.94 0.03
36000.0 310 106.39 0.36 13506 4264.92 0.36 14679 5535.72 0.44 589293 363547.53 19.31 310 123.01 0.44 13406 7669.48 19.31 7 3 300 280 120 12000 17.4 18.5 17.92 0.03
36900.0 376 106.54 0.36 13882 4371.46 0.36 14739 5535.85 0.44 604032 369083.38 19.31 370 123.09 0.44 13776 7792.57 19.31 7 3 300 287 123 12300 17.4 18.5 17.92 0.03
37800.0 354 107.16 0.36 14236 4478.62 0.36 14693 5525.88 0.44 618725 374609.25 19.31 350 122.89 0.44 14126 7915.46 19.31 7 3 300 294 126 12600 17.4 18.5 17.92 0.03
38700.0 310 106.39 0.36 14546 4585.0 0.36 14658 5525.82 0.44 633383 380135.07 19.31 310 122.79 0.44 14436 8038.26 19.31 7 3 300 301 129 12900 17.3 18.5 17.89 0.03
39600.0 310 106.39 0.36 14856 4691.39 0.36 14669 5525.77 0.44 648052 385660.84 19.31 310 122.79 0.44 14746 8161.05 19.31 7 3 300 308 132 13200 17.3 18.5 17.88 0.04
40500.0 376 106.53 0.36 15232 4797.92 0.36 14726 5525.89 0.44 662778 391186.74 19.31 370 122.87 0.44 15116 8283.92 19.31 7 3 300 315 135 13500 17.3 18.5 17.88 0.04
41400.0 354 107.17 0.36 15586 4905.09 0.36 14688 5535.82 0.44 677466 396722.56 19.31 350 123.11 0.44 15466 8407.03 19.31 7 3 300 322 138 13800 17.3 18.5 17.88 0.04
42300.0 310 106.39 0.36 15896 5011.48 0.36 14668 5531.27 0.44 692134 402253.83 19.31 310 122.91 0.44 15776 8529.95 19.31 7 3 300 329 141 14100 17.3 18.5 17.85 0.04
43200.0 310 106.39 0.36 16206 5117.87 0.36 14672 5531.23 0.44 706806 407785.07 19.31 310 122.91 0.44 16086 8652.86 19.31 7 3 300 336 144 14400 17.3 18.5 17.84 0.05
44100.0 376 106.53 0.36 16582 5224.4 0.36 14732 5531.35 0.44 721538 413316.42 19.31 370 122.99 0.44 16456 8775.85 19.31 7 3 300 343 147 14700 17.2 18.4 17.84 0.05
45000.0 354 107.17 0.36 16936 5331.57 0.36 14680 5531.34 0.44 736218 418847.75 19.31 350 123.01 0.44 16806 8898.86 19.31 7 3 300 350 150 15000 17.2 18.4 17.84 0.05
45900.0 310 106.39 0.36 17246 5437.96 0.36 14654 5531.07 0.44 750872 424378.82 19.31 310 122.91 0.44 17116 9021.77 19.31 7 3 300 357 153 15300 17.2 18.4 17.81 0.05
46800.0 310 106.39 0.36 17556 5544.34 0.36 14670 5531.02 0.44 765542 429909.84 19.31 310 122.91 0.44 17426 9144.68 19.31 7 3 300 364 156 15600 17.2 18.5 17.8 0.06
47700.0 376 106.53 0.36 17932 5650.88 0.36 14729 5531.15 0.44 780271 435440.99 19.31 370 122.99 0.44 17796 9267.67 19.31 7 3 300 371 159 15900 17.2 18.5 17.8 0.06
48600.0 354 107.17 0.36 18286 5758.04 0.36 14684 5531.12 0.44 794955 440972.11 19.31 350 123.01 0.44 18146 9390.67 19.31 7 3 300 378 162 16200 17.2 18.5 17.8 0.06
49500.0 310 106.39 0.36 18596 5864.44 0.36 14653 5535.77 0.44 809608 446507.88 19.31 310 123.01 0.44 18456 9513.69 19.31 7 3 300 385 165 16500 17.1 18.5 17.77 0.06
50400.0 310 106.39 0.36 18906 5970.83 0.36 14671 5535.72 0.44 824279 452043.6 19.31 310 123.01 0.44 18766 9636.7 19.31 7 3 300 392 168 16800 17.1 18.5 17.75 0.07
51300.0 376 106.54 0.36 19282 6077.36 0.36 14731 5535.85 0.44 839010 457579.45 19.31 370 123.09 0.44 19136 9759.79 19.31 7 3 300 399 171 17100 17.1 18.5 17.75 0.07
52200.0 354 107.17 0.36 19636 6184.53 0.36 14686 5535.82 0.44 853696 463115.28 19.31 350 123.11 0.44 19486 9882.9 19.31 7 3 300 406 174 17400 17.1 18.5 17.75 0.07
53100.0 310 106.39 0.36 19946 6290.93 0.36 14643 5535.77 0.44 868339 468651.05 19.31 310 123.01 0.44 19796 10005.91 19.31 7 3 300 413 177 17700 17.1 18.5 17.74 0.07
54000.0 310 106.39 0.36 20256 6397.32 0.36 14652 5535.72 0.44 882991 474186.77 19.31 310 123.01 0.44 20106 10128.92 19.31 7 3 300 420 180 18000 17.1 18.6 17.73 0.07
54900.0 376 106.54 0.36 20632 6503.85 0.36 14710 5535.85 0.44 897701 479722.62 19.31 370 123.09 0.44 20476 10252.01 19.31 7 3 300 427 183 18300 17.1 18.6 17.73 0.07
55800.0 354 107.17 0.36 20986 6611.02 0.36 14674 5535.82 0.44 912375 485258.44 19.31 350 123.11 0.44 20826 10375.12 19.31 7 3 300 434 186 18600 17.1 18.6 17.73 0.07
56700.0 310 106.39 0.36 21296 6717.42 0.36 14653 5535.77 0.44 927028 490794.22 19.31 310 123.01 0.44 21136 10498.14 19.31 7 3 300 441 189 18900 17.1 18.6 17.7 0.08
57600.0 310 106.39 0.36 21606 6823.81 0.36 14665 5535.72 0.44 941693 496329.94 19.31 310 123.01 0.44 21446 10621.15 19.31 7 3 300 448 192 19200 17.1 18.6 17.69 0.09
58500.0 376 106.54 0.36 21982 6930.35 0.36 14725 5535.85 0.44 956418 501865.79 19.31 370 123.09 0.44 21816 10744.24 19.31 7 3 300 455 195 19500 17.1 18.6 17.69 0.09
59400.0 354 107.17 0.36 22336 7037.51 0.36 14674 5530.88 0.44 971092 507396.67 19.31 350 123.0 0.44 22166 10867.24 19.31 7 3 300 462 198 19800 17.1 18.6 17.69 0.09
60300.0 310 106.39 0.36 22646 7143.9 0.36 14643 5530.83 0.44 985735 512927.49 19.31 310 122.9 0.44 22476 10990.14 19.31 7 3 300 469 201 20100 17.0 18.6 17.67 0.09
61200.0 310 106.39 0.36 22956 7250.29 0.36 14653 5530.78 0.44 1000388 518458.27 19.31 310 122.9 0.44 22786 11113.05 19.31 7 3 300 476 204 20400 17.0 18.6 17.66 0.1
62100.0 376 106.53 0.36 23332 7356.82 0.36 14712 5530.9 0.44 1015100 523989.18 19.31 370 122.98 0.44 23156 11236.03 19.31 7 3 300 483 207 20700 17.0 18.6 17.66 0.1
63000.0 354 107.16 0.36 23686 7463.98 0.36 14669 5525.25 0.44 1029769 529514.43 19.31 350 122.88 0.44 23506 11358.91 19.31 7 3 300 490 210 21000 17.0 18.6 17.66 0.1
63900.0 310 106.38 0.36 23996 7570.36 0.36 14633 5520.9 0.44 1044402 535035.33 19.31 310 122.69 0.44 23816 11481.6 19.31 7 3 300 497 213 21300 17.0 18.6 17.65 0.1
64800.0 310 106.38 0.36 24306 7676.74 0.36 14643 5520.85 0.44 1059045 540556.17 19.31 310 122.68 0.44 24126 11604.28 19.31 7 3 300 504 216 21600 17.0 18.6 17.64 0.11
65700.0 376 106.52 0.36 24682 7783.26 0.36 14703 5520.97 0.44 1073748 546077.15 19.31 370 122.76 0.44 24496 11727.04 19.31 7 3 300 511 219 21900 17.0 18.6 17.64 0.11
66600.0 354 107.16 0.36 25036 7890.42 0.36 14668 5519.14 0.44 1088416 551596.29 19.31 350 122.75 0.44 24846 11849.79 19.31 7 3 300 518 222 22200 17.0 18.6 17.64 0.11
67500.0 310 106.38 0.36 25346 7996.8 0.36 14626 5515.06 0.44 1103042 557111.35 19.31 310 122.56 0.44 25156 11972.35 19.31 7 3 300 525 225 22500 17.0 18.6 17.63 0.1
68400.0 310 106.38 0.36 25656 8103.17 0.36 14628 5515.01 0.44 1117670 562626.36 19.31 310 122.56 0.44 25466 12094.91 19.31 7 3 300 532 228 22800 17.0 18.7 17.62 0.11
69300.0 376 106.52 0.36 26032 8209.69 0.36 14688 5515.14 0.44 1132358 568141.5 19.31 370 122.64 0.44 25836 12217.54 19.31 7 3 300 539 231 23100 17.0 18.7 17.62 0.11
70200.0 354 107.16 0.36 26386 8316.85 0.36 14650 5518.89 0.44 1147008 573660.39 19.31 350 122.74 0.44 26186 12340.28 19.31 7 3 300 546 234 23400 17.0 18.7 17.62 0.11
71100.0 310 106.38 0.36 26696 8423.23 0.36 14623 5519.04 0.44 1161631 579179.43 19.31 310 122.65 0.44 26496 12462.93 19.31 7 3 300 553 237 23700 17.0 18.7 17.61 0.11
72000.0 310 106.38 0.36 27006 8529.61 0.36 14636 5519.01 0.44 1176267 584698.44 19.31 310 122.64 0.44 26806 12585.57 19.31 7 3 300 560 240 24000 17.0 18.7 17.6 0.11
72900.0 376 106.52 0.36 27382 8636.13 0.36 14689 5519.12 0.44 1190956 590217.56 19.31 370 122.72 0.44 27176 12708.3 19.31 7 3 300 567 243 24300 17.0 18.7 17.6 0.11
73800.0 354 107.16 0.36 27736 8743.29 0.36 14654 5519.11 0.44 1205610 595736.67 19.31 350 122.75 0.44 27526 12831.04 19.31 7 3 300 574 246 24600 17.0 18.7 17.6 0.11
74700.0 310 106.38 0.36 28046 8849.67 0.36 14608 5523.55 0.44 1220218 601260.22 19.31 310 122.74 0.44 27836 12953.79 19.31 7 3 300 581 249 24900 17.0 18.7 17.59 0.11
75600.0 310 106.38 0.36 28356 8956.05 0.36 14608 5523.5 0.44 1234826 606783.72 19.31 310 122.74 0.44 28146 13076.53 19.31 7 3 300 588 252 25200 17.0 18.7 17.59 0.11
76500.0 376 106.53 0.36 28732 9062.58 0.36 14668 5523.62 0.44 1249494 612307.34 19.31 370 122.82 0.44 28516 13199.35 19.31 7 3 300 595 255 25500 17.0 18.7 17.59 0.11
77400.0 354 107.16 0.36 29086 9169.74 0.36 14641 5520.95 0.44 1264135 617828.29 19.31 350 122.79 0.44 28866 13322.14 19.31 7 3 300 602 258 25800 17.0 18.7 17.59 0.11
78300.0 310 106.38 0.36 29396 9276.12 0.36 14601 5520.9 0.44 1278736 623349.19 19.31 310 122.69 0.44 29176 13444.82 19.31 7 3 300 609 261 26100 17.0 18.7 17.59 0.11
79200.0 310 106.38 0.36 29706 9382.5 0.36 14606 5520.85 0.44 1293342 628870.03 19.31 310 122.68 0.44 29486 13567.51 19.31 7 3 300 616 264 26400 17.0 18.6 17.58 0.11
80100.0 376 106.52 0.36 30082 9489.02 0.36 14666 5520.97 0.44 1308008 634391.01 19.31 370 122.76 0.44 29856 13690.27 19.31 7 3 300 623 267 26700 17.0 18.6 17.58 0.11
81000.0 354 107.16 0.36 30436 9596.18 0.36 14641 5525.1 0.44 1322649 639916.1 19.31 350 122.88 0.44 30206 13813.15 19.31 7 3 300 630 270 27000 17.0 18.6 17.58 0.11
81900.0 310 106.39 0.36 30746 9702.57 0.36 14606 5529.71 0.44 1337255 645445.81 19.31 310 122.88 0.44 30516 13936.03 19.31 7 3 300 637 273 27300 17.0 18.6 17.58 0.11
82800.0 310 106.39 0.36 31056 9808.95 0.36 14607 5529.66 0.44 1351862 650975.47 19.31 310 122.88 0.44 30826 14058.91 19.31 7 3 300 644 276 27600 17.0 18.6 17.59 0.11
83700.0 376 106.53 0.36 31432 9915.48 0.36 14667 5529.79 0.44 1366529 656505.26 19.31 370 122.96 0.44 31196 14181.87 19.31 7 3 300 651 279 27900 17.0 18.6 17.59 0.11
84600.0 354 107.16 0.36 31786 10022.65 0.36 14638 5529.76 0.44 1381167 662035.02 19.31 350 122.98 0.44 31546 14304.85 19.31 7 3 300 658 282 28200 17.0 18.6 17.59 0.11
85500.0 310 106.38 0.36 32096 10129.03 0.36 14605 5525.01 0.44 1395772 667560.03 19.31 310 122.78 0.44 31856 14427.62 19.31 7 3 300 665 285 28500 17.0 18.6 17.59 0.1
86400.0 310 106.38 0.36 32406 10235.41 0.36 14603 5524.95 0.44 1410375 673084.98 19.31 310 122.78 0.44 32166 14550.4 19.31 7 3 300 672 288 28800 17.0 18.6 17.59 0.1
87300.0 376 106.53 0.36 32782 10341.94 0.36 14663 5525.09 0.44 1425038 678610.07 19.31 370 122.85 0.44 32536 14673.25 19.31 7 3 300 679 291 29100 17.0 18.6 17.59 0.1
88200.0 354 107.17 0.36 33136 10449.11 0.36 14632 5531.12 0.44 1439670 684141.18 19.31 350 123.01 0.44 32886 14796.26 19.31 7 3 300 686 294 29400 17.0 18.6 17.59 0.1
89100.0 310 106.39 0.36 33446 10555.5 0.36 14638 5535.77 0.44 1454308 689676.95 19.31 310 123.01 0.44 33196 14919.27 19.31 7 3 300 693 297 29700 17.1 18.6 17.62 0.07
90000.0 310 106.39 0.36 33756 10661.89 0.36 14680 5535.72 0.44 1468988 695212.68 19.31 310 123.01 0.44 33506 15042.29 19.31 7 3 300 700 300 30000 17.1 18.5 17.68 0.05
90900.0 376 106.54 0.36 34132 10768.43 0.36 14740 5535.85 0.44 1483728 700748.53 19.31 370 123.09 0.44 33876 15165.38 19.31 7 3 300 707 303 30300 17.1 18.5 17.68 0.04
91800.0 354 107.16 0.36 34486 10875.59 0.36 14698 5522.78 0.44 1498426 706271.3 19.31 350 122.83 0.44 34226 15288.2 19.31 7 3 300 714 306 30600 17.1 18.5 17.68 0.04
92700.0 310 106.38 0.36 34796 10981.96 0.36 14720 5514.01 0.44 1513146 711785.31 19.31 310 122.54 0.44 34536 15410.74 19.31 7 3 300 721 309 30900 17.3 23.8 19.36 1.99
93600.0 310 106.38 0.36 35106 11088.34 0.36 14724 5513.96 0.44 1527870 717299.28 19.31 310 122.53 0.44 34846 15533.27 19.31 7 3 300 728 312 31200 17.1 23.8 20.5 4.76
94500.0 376 106.52 0.36 35482 11194.86 0.36 14783 5514.08 0.44 1542653 722813.36 19.31 370 122.61 0.44 35216 15655.88 19.31 7 3 300 735 315 31500 17.1 23.8 20.52 4.79
95400.0 354 107.15 0.36 35836 11302.01 0.36 14760 5514.06 0.44 1557413 728327.42 19.31 350 122.64 0.44 35566 15778.52 19.31 7 3 300 742 318 31800 17.1 23.8 20.52 4.79
96300.0 310 106.38 0.36 36146 11408.39 0.36 14721 5514.01 0.44 1572134 733841.43 19.31 310 122.54 0.44 35876 15901.06 19.31 7 3 300 749 321 32100 17.1 24.0 20.84 4.71
97200.0 310 106.38 0.36 36456 11514.76 0.36 14716 5513.96 0.44 1586850 739355.39 19.31 310 122.53 0.44 36186 16023.59 19.31 7 3 300 756 324 32400 17.1 24.0 21.01 4.77
98100.0 376 106.52 0.36 36832 11621.28 0.36 14776 5514.08 0.44 1601626 744869.47 19.31 370 122.61 0.44 36556 16146.2 19.31 7 3 300 763 327 32700 17.4 24.0 21.02 4.75
99000.0 354 107.15 0.36 37186 11728.43 0.36 14754 5500.29 0.44 1616380 750369.76 19.31 350 122.34 0.44 36906 16268.54 19.31 7 3 300 770 330 33000 17.4 24.0 21.02 4.75
99900.0 310 106.37 0.36 37496 11834.8 0.36 14712 5500.22 0.44 1631092 755869.98 19.31 310 122.24 0.44 37216 16390.78 19.31 7 3 300 777 333 33300 17.4 24.0 21.24 4.13
100800.0 310 106.37 0.36 37806 11941.17 0.36 14713 5500.19 0.44 1645805 761370.16 19.31 310 122.24 0.44 37526 16513.02 19.31 7 3 300 784 336 33600 17.5 24.0 21.38 3.95
101700.0 376 106.51 0.36 38182 12047.68 0.36 14772 5500.3 0.44 1660577 766870.46 19.31 370 122.32 0.44 37896 16635.34 19.31 7 3 300 791 339 33900 17.8 24.0 21.38 3.92
102600.0 354 107.15 0.36 38536 12154.83 0.36 14746 5499.96 0.44 1675323 772370.42 19.31 350 122.33 0.44 38246 16757.67 19.31 7 3 300 798 342 34200 17.8 24.0 21.38 3.92
103500.0 310 106.37 0.36 38846 12261.2 0.36 14709 5499.9 0.44 1690032 777870.32 19.31 310 122.23 0.44 38556 16879.9 19.31 7 3 300 805 345 34500 17.8 24.0 21.54 3.35
104400.0 310 106.37 0.36 39156 12367.57 0.36 14710 5499.86 0.44 1704742 783370.18 19.31 310 122.23 0.44 38866 17002.13 19.31 7 3 300 812 348 34800 18.0 24.0 21.69 3.15
105300.0 376 106.51 0.36 39532 12474.08 0.36 14769 5499.98 0.44 1719511 788870.16 19.31 370 122.31 0.44 39236 17124.44 19.31 7 3 300 819 351 35100 18.5 24.0 21.7 3.12
106200.0 354 107.14 0.36 39886 12581.22 0.36 14743 5498.09 0.44 1734254 794368.25 19.31 350 122.29 0.44 39586 17246.74 19.31 7 3 300 826 354 35400 18.5 24.0 21.7 3.12
107100.0 310 106.36 0.35 40196 12687.58 0.36 14702 5490.95 0.44 1748956 799859.2 19.31 310 122.04 0.44 39896 17368.78 19.31 7 3 300 833 357 35700 18.5 24.0 21.69 2.95
108000.0 310 106.36 0.35 40506 12793.94 0.36 14700 5490.91 0.44 1763656 805350.11 19.31 310 122.04 0.44 40206 17490.82 19.31 7 3 300 840 360 36000 18.8 24.0 21.71 2.92
108900.0 376 106.5 0.35 40882 12900.44 0.36 14754 5491.02 0.44 1778410 810841.13 19.31 370 122.12 0.44 40576 17612.94 19.31 7 3 300 847 363 36300 18.9 24.0 21.71 2.91
109800.0 354 107.14 0.36 41236 13007.58 0.36 14734 5491.01 0.44 1793144 816332.15 19.31 350 122.14 0.44 40926 17735.08 19.31 7 3 300 854 366 36600 18.9 24.0 21.71 2.91
110700.0 310 106.36 0.35 41546 13113.94 0.36 14695 5490.94 0.44 1807839 821823.09 19.31 310 122.04 0.44 41236 17857.12 19.31 7 3 300 861 369 36900 18.9 24.0 21.6 2.85
111600.0 310 106.36 0.35 41856 13220.3 0.36 14690 5490.91 0.44 1822529 827314.0 19.31 310 122.04 0.44 41546 17979.16 19.31 7 3 300 868 372 37200 18.9 24.0 21.54 2.72
112500.0 376 106.5 0.35 42232 13326.8 0.36 14745 5491.02 0.44 1837274 832805.03 19.31 370 122.12 0.44 41916 18101.28 19.31 7 3 300 875 375 37500 18.9 23.9 21.54 2.72
113400.0 354 107.14 0.36 42586 13433.94 0.36 14723 5491.01 0.44 1851997 838296.04 19.31 350 122.14 0.44 42266 18223.43 19.31 7 3 300 882 378 37800 18.9 23.9 21.54 2.72
114300.0 310 106.36 0.35 42896 13540.3 0.36 14693 5490.94 0.44 1866690 843786.98 19.31 310 122.04 0.44 42576 18345.47 19.31 7 3 300 889 381 38100 18.9 23.8 22.87 0.88
115200.0 310 106.36 0.35 43206 13646.66 0.36 14694 5490.91 0.44 1881384 849277.89 19.31 310 122.04 0.44 42886 18467.51 19.31 7 3 300 896 384 38400 18.9 24.0 23.48 0.17
116100.0 376 106.5 0.35 43582 13753.16 0.36 14753 5491.02 0.44 1896137 854768.92 19.31 370 122.12 0.44 43256 18589.63 19.31 7 3 300 903 387 38700 22.6 24.0 23.51 0.03
117000.0 354 107.14 0.36 43936 13860.3 0.36 14728 5491.01 0.44 1910865 860259.93 19.31 350 122.14 0.44 43606 18711.77 19.31 7 3 300 910 390 39000 22.6 24.0 23.51 0.03
117900.0 310 106.36 0.35 44246 13966.66 0.36 14688 5490.94 0.44 1925553 865750.87 19.31 310 122.04 0.44 43916 18833.81 19.31 7 3 300 917 393 39300 22.6 24.0 23.55 0.02
118800.0 310 106.36 0.35 44556 14073.02 0.36 14686 5490.91 0.44 1940239 871241.79 19.31 310 122.04 0.44 44226 18955.85 19.31 7 3 300 924 396 39600 22.7 24.0 23.6 0.02
119700.0 376 106.5 0.35 44932 14179.53 0.36 14745 5491.02 0.44 1954984 876732.81 19.31 370 122.12 0.44 44596 19077.97 19.31 7 3 300 931 399 39900 22.7 24.0 23.6 0.02
120600.0 354 107.14 0.36 45286 14286.66 0.36 14725 5491.01 0.44 1969709 882223.82 19.31 350 122.14 0.44 44946 19200.11 19.31 7 3 300 938 402 40200 22.7 24.0 23.6 0.02
121500.0 310 106.36 0.35 45596 14393.02 0.36 14683 5490.94 0.44 1984392 887714.77 19.31 310 122.04 0.44 45256 19322.15 19.31 7 3 300 945 405 40500 22.8 24.0 23.64 0.01
122400.0 310 106.36 0.35 45906 14499.38 0.36 14678 5490.91 0.44 1999070 893205.68 19.31 310 122.04 0.44 45566 19444.2 19.31 7 3 300 952 408 40800 22.8 24.0 23.66 0.01
123300.0 376 106.5 0.35 46282 14605.89 0.36 14737 5491.02 0.44 2013807 898696.7 19.31 370 122.12 0.44 45936 19566.31 19.31 7 3 300 959 411 41100 22.8 24.0 23.67 0.01
124200.0 354 107.14 0.36 46636 14713.02 0.36 14717 5491.01 0.44 2028524 904187.71 19.31 350 122.14 0.44 46286 19688.46 19.31 7 3 300 966 414 41400 22.8 24.0 23.67 0.01
125100.0 310 106.36 0.35 46946 14819.38 0.36 14674 5490.94 0.44 2043198 909678.66 19.31 310 122.04 0.44 46596 19810.5 19.31 7 3 300 973 417 41700 22.9 24.0 23.69 0.01
126000.0 310 106.36 0.35 47256 14925.74 0.36 14674 5490.91 0.44 2057872 915169.57 19.31 310 122.04 0.44 46906 19932.54 19.31 7 3 300 980 420 42000 22.9 24.0 23.72 0.01
126900.0 376 106.5 0.35 47632 15032.25 0.36 14734 5491.02 0.44 2072606 920660.59 19.31 370 122.12 0.44 47276 20054.66 19.31 7 3 300 987 423 42300 22.9 24.0 23.72 0.01
127800.0 354 107.14 0.36 47986 15139.38 0.36 14710 5491.01 0.44 2087316 926151.6 19.31 350 122.14 0.44 47626 20176.8 19.31 7 3 300 994 426 42600 22.9 24.0 23.72 0.01
128700.0 310 106.36 0.35 48296 15245.74 0.36 14670 5490.94 0.44 2101986 931642.55 19.31 310 122.04 0.44 47936 20298.84 19.31 7 3 300 1001 429 42900 23.1 24.0 23.75 0.01
129600.0 310 106.36 0.35 48606 15352.1 0.36 14669 5490.91 0.44 2116655 937133.46 19.31 310 122.04 0.44 48246 20420.89 19.31 7 3 300 1008 432 43200 23.1 24.0 23.77 0.01
130500.0 376 106.5 0.35 48982 15458.61 0.36 14728 5491.02 0.44 2131383 942624.48 19.31 370 122.12 0.44 48616 20543.0 19.31 7 3 300 1015 435 43500 23.1 24.0 23.77 0.01
131400.0 354 107.14 0.36 49336 15565.74 0.36 14708 5491.01 0.44 2146091 948115.49 19.31 350 122.14 0.44 48966 20665.15 19.31 7 3 300 1022 438 43800 23.1 24.0 23.77 0.01
132300.0 310 106.36 0.35 49646 15672.1 0.36 14668 5490.94 0.44 2160759 953606.44 19.31 310 122.04 0.44 49276 20787.19 19.31 7 3 300 1029 441 44100 23.2 24.0 23.79 0.01
133200.0 310 106.36 0.35 49956 15778.46 0.36 14667 5490.91 0.44 2175426 959097.35 19.31 310 122.04 0.44 49586 20909.23 19.31 7 3 300 1036 444 44400 23.2 24.0 23.81 0.01
134100.0 376 106.5 0.35 50332 15884.97 0.36 14727 5491.02 0.44 2190153 964588.37 19.31 370 122.12 0.44 49956 21031.35 19.31 7 3 300 1043 447 44700 23.2 24.0 23.81 0.01
135000.0 354 107.14 0.36 50686 15992.1 0.36 14706 5491.01 0.44 2204859 970079.38 19.31 350 122.14 0.44 50306 21153.49 19.31 7 3 300 1050 450 45000 23.2 24.0 23.81 0.01
135900.0 310 106.36 0.35 50996 16098.46 0.36 14665 5490.94 0.44 2219524 975570.33 19.31 310 122.04 0.44 50616 21275.53 19.31 7 3 300 1057 453 45300 23.3 24.0 23.84 0.01
136800.0 310 106.36 0.35 51306 16204.82 0.36 14665 5490.91 0.44 2234189 981061.24 19.31 310 122.04 0.44 50926 21397.58 19.31 7 3 300 1064 456 45600 23.3 24.0 23.84 0.01
137700.0 376 106.5 0.35 51682 16311.33 0.36 14724 5491.02 0.44 2248913 986552.26 19.31 370 122.12 0.44 51296 21519.69 19.31 7 3 300 1071 459 45900 23.3 24.0 23.85 0.01
138600.0 354 107.14 0.36 52036 16418.46 0.36 14703 5491.01 0.44 2263616 992043.27 19.31 350 122.14 0.44 51646 21641.84 19.31 7 3 300 1078 462 46200 23.3 24.0 23.85 0.01
139500.0 310 106.36 0.35 52346 16524.82 0.36 14663 5490.94 0.44 2278279 997534.22 19.31 310 122.04 0.44 51956 21763.88 19.31 7 3 300 1085 465 46500 23.4 24.0 23.86 0.01
140400.0 310 106.36 0.35 52656 16631.18 0.36 14663 5490.91 0.44 2292942 1003025.13 19.31 310 122.04 0.44 52266 21885.92 19.31 7 3 300 1092 468 46800 23.4 24.0 23.86 0.01
141300.0 376 106.5 0.35 53032 16737.69 0.36 14721 5491.02 0.44 2307663 1008516.15 19.31 370 122.12 0.44 52636 22008.04 19.31 7 3 300 1099 471 47100 23.4 24.0 23.86 0.01
142200.0 354 107.14 0.36 53386 16844.82 0.36 14701 5491.01 0.44 2322364 1014007.16 19.31 350 122.14 0.44 52986 22130.18 19.31 7 3 300 1106 474 47400 23.4 24.0 23.86 0.01
143100.0 310 106.36 0.35 53696 16951.18 0.36 14658 5490.94 0.44 2337022 1019498.1 19.31 310 122.04 0.44 53296 22252.22 19.31 7 3 300 1113 477 47700 23.5 24.0 23.88 0.01
144000.0 310 106.36 0.35 54006 17057.54 0.36 14653 5490.91 0.44 2351675 1024989.02 19.31 310 122.04 0.44 53606 22374.26 19.31 7 3 300 1120 480 48000 23.5 24.0 23.89 0.01
144900.0 376 106.5 0.35 54382 17164.05 0.36 14713 5491.02 0.44 2366388 1030480.04 19.31 370 122.12 0.44 53976 22496.38 19.31 7 3 300 1127 483 48300 23.5 24.0 23.89 0.01
145800.0 354 107.14 0.36 54736 17271.18 0.36 14693 5491.01 0.44 2381081 1035971.05 19.31 350 122.14 0.44 54326 22618.53 19.31 7 3 300 1134 486 48600 23.5 24.0 23.89 0.01
146700.0 310 106.36 0.35 55046 17377.54 0.36 14648 5490.94 0.44 2395729 1041461.99 19.31 310 122.04 0.44 54636 22740.57 19.31 7 3 300 1141 489 48900 23.6 24.0 23.89 0.01
147600.0 310 106.36 0.35 55356 17483.9 0.36 14647 5490.91 0.44 2410376 1046952.9 19.31 310 122.04 0.44 54946 22862.61 19.31 7 3 300 1148 492 49200 23.6 24.0 23.89 0.01
148500.0 376 106.5 0.35 55732 17590.41 0.36 14706 5491.02 0.44 2425082 1052443.93 19.31 370 122.12 0.44 55316 22984.73 19.31 7 3 300 1155 495 49500 23.6 24.0 23.89 0.01
149400.0 354 107.14 0.36 56086 17697.54 0.36 14685 5491.01 0.44 2439767 1057934.94 19.31 350 122.14 0.44 55666 23106.87 19.31 7 3 300 1162 498 49800 23.6 24.0 23.89 0.01
150300.0 310 106.36 0.35 56396 17803.9 0.36 14645 5490.94 0.44 2454412 1063425.88 19.31 310 122.04 0.44 55976 23228.91 19.31 7 3 300 1169 501 50100 23.7 24.0 23.9 0.01
151200.0 310 106.36 0.35 56706 17910.27 0.36 14644 5490.91 0.44 2469056 1068916.79 19.31 310 122.04 0.44 56286 23350.95 19.31 7 3 300 1176 504 50400 23.7 24.0 23.9 0.01
152100.0 376 106.5 0.35 57082 18016.77 0.36 14697 5491.02 0.44 2483753 1074407.81 19.31 370 122.12 0.44 56656 23473.07 19.31 7 3 300 1183 507 50700 23.7 24.0 23.9 0.01
153000.0 354 107.14 0.36 57436 18123.91 0.36 14677 5491.01 0.44 2498430 1079898.83 19.31 350 122.14 0.44 57006 23595.21 19.31 7 3 300 1190 510 51000 23.7 24.0 23.9 0.01
153900.0 310 106.36 0.35 57746 18230.27 0.36 14636 5490.94 0.44 2513066 1085389.77 19.31 310 122.04 0.44 57316 23717.25 19.31 7 3 300 1197 513 51300 23.7 24.0 23.89 0.01
154800.0 310 106.36 0.35 58056 18336.63 0.36 14632 5490.91 0.44 2527698 1090880.68 19.31 310 122.04 0.44 57626 23839.3 19.31 7 3 300 1204 516 51600 23.6 24.0 23.89 0.01
155700.0 376 106.5 0.35 58432 18443.13 0.36 14692 5491.02 0.44 2542390 1096371.7 19.31 370 122.12 0.44 57996 23961.41 19.31 7 3 300 1211 519 51900 23.6 24.0 23.89 0.01
156600.0 354 107.14 0.36 58786 18550.27 0.36 14672 5491.01 0.44 2557062 1101862.71 19.31 350 122.14 0.44 58346 24083.56 19.31 7 3 300 1218 522 52200 23.6 24.0 23.89 0.01
157500.0 310 106.36 0.35 59096 18656.63 0.36 14629 5490.94 0.44 2571691 1107353.66 19.31 310 122.04 0.44 58656 24205.6 19.31 7 3 300 1225 525 52500 23.6 24.0 23.89 0.01
158400.0 310 106.36 0.35 59406 18762.99 0.36 14629 5490.91 0.44 2586320 1112844.57 19.31 310 122.04 0.44 58966 24327.64 19.31 7 3 300 1232 528 52800 23.5 24.0 23.89 0.01
159300.0 376 106.5 0.35 59782 18869.49 0.36 14688 5491.02 0.44 2601008 1118335.59 19.31 370 122.12 0.44 59336 24449.76 19.31 7 3 300 1239 531 53100 23.5 24.0 23.89 0.01
160200.0 354 107.14 0.36 60136 18976.63 0.36 14665 5491.01 0.44 2615673 1123826.6 19.31 350 122.14 0.44 59686 24571.9 19.31 7 3 300 1246 534 53400 23.5 24.0 23.89 0.01
161100.0 310 106.36 0.35 60446 19082.99 0.36 14625 5490.94 0.44 2630298 1129317.55 19.31 310 122.04 0.44 59996 24693.94 19.31 7 3 300 1253 537 53700 23.5 24.0 23.86 0.01
162000.0 310 106.36 0.35 60756 19189.35 0.36 14625 5490.91 0.44 2644923 1134808.46 19.31 310 122.04 0.44 60306 24815.99 19.31 7 3 300 1260 540 54000 23.4 24.0 23.86 0.01
162900.0 376 106.5 0.35 61132 19295.85 0.36 14684 5491.02 0.44 2659607 1140299.48 19.31 370 122.12 0.44 60676 24938.1 19.31 7 3 300 1267 543 54300 23.4 24.0 23.86 0.01
163800.0 354 107.14 0.36 61486 19402.98 0.36 14664 5491.01 0.44 2674271 1145790.49 19.31 350 122.14 0.44 61026 25060.25 19.31 7 3 300 1274 546 54600 23.4 24.0 23.86 0.01
164700.0 310 106.36 0.35 61796 19509.34 0.36 14624 5490.94 0.44 2688895 1151281.43 19.31 310 122.04 0.44 61336 25182.29 19.31 7 3 300 1281 549 54900 23.4 24.0 23.84 0.02
165600.0 310 106.36 0.35 62106 19615.7 0.36 14623 5490.91 0.44 2703518 1156772.34 19.31 310 122.04 0.44 61646 25304.33 19.31 7 3 300 1288 552 55200 23.3 24.0 23.83 0.02
166500.0 376 106.5 0.35 62482 19722.21 0.36 14683 5491.02 0.44 2718201 1162263.36 19.31 370 122.12 0.44 62016 25426.45 19.31 7 3 300 1295 555 55500 23.3 24.0 23.83 0.02
167400.0 354 107.14 0.36 62836 19829.34 0.36 14662 5491.01 0.44 2732863 1167754.38 19.31 350 122.14 0.44 62366 25548.59 19.31 7 3 300 1302 558 55800 23.3 24.0 23.83 0.02
168300.0 310 106.36 0.35 63146 19935.7 0.36 14620 5490.94 0.44 2747483 1173245.32 19.31 310 122.04 0.44 62676 25670.63 19.31 7 3 300 1309 561 56100 23.3 24.0 23.81 0.02
169200.0 310 106.36 0.35 63456 20042.06 0.36 14620 5490.91 0.44 2762103 1178736.23 19.31 310 122.04 0.44 62986 25792.67 19.31 7 3 300 1316 564 56400 23.2 24.0 23.8 0.02
170100.0 376 106.5 0.35 63832 20148.56 0.36 14679 5491.02 0.44 2776782 1184227.25 19.31 370 122.12 0.44 63356 25914.79 19.31 7 3 300 1323 567 56700 23.2 24.0 23.8 0.02
171000.0 354 107.14 0.36 64186 20255.7 0.36 14656 5491.01 0.44 2791438 1189718.26 19.31 350 122.14 0.44 63706 26036.94 19.31 7 3 300 1330 570 57000 23.2 24.0 23.8 0.02
171900.0 310 106.36 0.35 64496 20362.06 0.36 14615 5490.94 0.44 2806053 1195209.21 19.31 310 122.04 0.44 64016 26158.98 19.31 7 3 300 1337 573 57300 23.2 24.0 23.77 0.03
172800.0 310 106.36 0.35 64806 20468.42 0.36 14614 5490.91 0.44 2820667 1200700.12 19.31 310 122.04 0.44 64326 26281.02 19.31 7 3 300 1344 576 57600 23.1 24.0 23.75 0.02
173700.0 376 106.5 0.35 65182 20574.92 0.36 14668 5491.02 0.44 2835335 1206191.14 19.31 370 122.12 0.44 64696 26403.14 19.31 7 3 300 1351 579 57900 23.1 24.0 23.75 0.02
174600.0 354 107.14 0.36 65536 20682.06 0.36 14646 5491.01 0.44 2849981 1211682.15 19.31 350 122.14 0.44 65046 26525.28 19.31 7 3 300 1358 582 58200 23.1 24.0 23.75 0.02
175500.0 310 106.36 0.35 65846 20788.42 0.36 14605 5490.94 0.44 2864586 1217173.09 19.31 310 122.04 0.44 65356 26647.32 19.31 7 3 300 1365 585 58500 23.1 24.0 23.72 0.03
176400.0 310 106.36 0.35 66156 20894.78 0.36 14604 5490.91 0.44 2879190 1222664.0 19.31 310 122.04 0.44 65666 26769.36 19.31 7 3 300 1372 588 58800 22.9 24.0 23.69 0.03
177300.0 376 106.5 0.35 66532 21001.28 0.36 14662 5491.02 0.44 2893852 1228155.02 19.31 370 122.12 0.44 66036 26891.48 19.31 7 3 300 1379 591 59100 22.9 23.9 23.69 0.03
178200.0 354 107.14 0.36 66886 21108.42 0.36 14641 5491.01 0.44 2908493 1233646.04 19.31 350 122.14 0.44 66386 27013.63 19.31 7 3 300 1386 594 59400 22.9 23.9 23.69 0.03
179100.0 310 106.36 0.35 67196 21214.78 0.36 14596 5490.94 0.44 2923089 1239136.98 19.31 310 122.04 0.44 66696 27135.67 19.31 7 3 300 1393 597 59700 22.9 23.9 23.63 0.03
180000.0 310 106.36 0.35 67506 21321.14 0.36 14596 5490.91 0.44 2937685 1244627.89 19.31 310 122.04 0.44 67006 27257.71 19.31 7 3 300 1400 600 60000 22.8 23.9 23.6 0.02
180900.0 376 106.5 0.35 67882 21427.64 0.36 14655 5491.02 0.44 2952340 1250118.91 19.31 370 122.12 0.44 67376 27379.83 19.31 7 3 300 1407 603 60300 22.8 23.9 23.6 0.02
181800.0 354 107.14 0.36 68236 21534.78 0.36 14627 5491.01 0.44 2966967 1255609.92 19.31 350 122.14 0.44 67726 27501.97 19.31 7 3 300 1414 606 60600 22.8 23.9 23.6 0.02
182700.0 310 106.36 0.35 68546 21641.14 0.36 14593 5490.94 0.44 2981560 1261100.87 19.31 310 122.04 0.44 68036 27624.01 19.31 7 3 300 1421 609 60900 22.8 23.8 23.53 0.03
183600.0 310 106.36 0.35 68856 21747.5 0.36 14595 5490.91 0.44 2996155 1266591.78 19.31 310 122.04 0.44 68346 27746.05 19.31 7 3 300 1428 612 61200 22.7 23.8 23.46 0.02
184500.0 376 106.5 0.35 69232 21854.0 0.36 14651 5491.02 0.44 3010806 1272082.8 19.31 370 122.12 0.44 68716 27868.17 19.31 7 3 300 1435 615 61500 22.7 23.8 23.46 0.02
185400.0 354 107.14 0.36 69586 21961.14 0.36 14629 5491.01 0.44 3025435 1277573.81 19.31 350 122.14 0.44 69066 27990.31 19.31 7 3 300 1442 618 61800 22.7 23.8 23.46 0.02
186300.0 310 106.36 0.35 69896 22067.5 0.36 14590 5490.94 0.44 3040025 1283064.75 19.31 310 122.04 0.44 69376 28112.35 19.31 7 3 300 1449 621 62100 22.7 23.7 23.36 0.03
187200.0 310 106.36 0.35 70206 22173.86 0.36 14590 5490.91 0.44 3054615 1288555.66 19.31 310 122.04 0.44 69686 28234.4 19.31 7 3 300 1456 624 62400 22.4 23.7 23.28 0.03
188100.0 376 106.5 0.35 70582 22280.37 0.36 14648 5491.02 0.44 3069263 1294046.68 19.31 370 122.12 0.44 70056 28356.51 19.31 7 3 300 1463 627 62700 22.4 23.7 23.28 0.02
189000.0 354 107.14 0.36 70936 22387.5 0.36 14624 5491.01 0.44 3083887 1299537.69 19.31 350 122.14 0.44 70406 28478.66 19.31 7 3 300 1470 630 63000 22.4 23.7 23.28 0.02
189900.0 310 106.36 0.35 71246 22493.86 0.36 14585 5490.94 0.44 3098472 1305028.64 19.31 310 122.04 0.44 70716 28600.7 19.31 7 3 300 1477 633 63300 22.4 23.5 23.15 0.03
190800.0 310 106.36 0.35 71556 22600.22 0.36 14588 5490.91 0.44 3113060 1310519.55 19.31 310 122.04 0.44 71026 28722.74 19.31 7 3 300 1484 636 63600 22.1 23.5 23.03 0.03
191700.0 376 106.5 0.35 71932 22706.73 0.36 14647 5491.02 0.44 3127707 1316010.57 19.31 370 122.12 0.44 71396 28844.86 19.31 7 3 300 1491 639 63900 22.1 23.5 23.03 0.03
192600.0 354 107.14 0.36 72286 22813.86 0.36 14613 5491.01 0.44 3142320 1321501.58 19.31 350 122.14 0.44 71746 28967.0 19.31 7 3 300 1498 642 64200 22.1 23.5 23.03 0.03
193500.0 310 106.36 0.35 72596 22920.22 0.36 14567 5490.94 0.44 3156887 1326992.52 19.31 310 122.04 0.44 72056 29089.04 19.31 7 3 300 1505 645 64500 22.1 23.3 22.88 0.03
194400.0 310 106.36 0.35 72906 23026.58 0.36 14574 5490.91 0.44 3171461 1332483.43 19.31 310 122.04 0.44 72366 29211.09 19.31 7 3 300 1512 648 64800 22.0 23.3 22.75 0.03
195300.0 376 106.5 0.35 73282 23133.09 0.36 14629 5491.02 0.44 3186090 1337974.45 19.31 370 122.12 0.44 72736 29333.2 19.31 7 3 300 1519 651 65100 22.0 23.3 22.74 0.03
196200.0 354 107.14 0.36 73636 23240.22 0.36 14606 5491.01 0.44 3200696 1343465.46 19.31 350 122.14 0.44 73086 29455.35 19.31 7 3 300 1526 654 65400 22.0 23.3 22.74 0.03
197100.0 310 106.36 0.35 73946 23346.58 0.36 14575 5490.94 0.44 3215271 1348956.4 19.31 310 122.04 0.44 73396 29577.39 19.31 7 3 300 1533 657 65700 22.0 23.1 22.59 0.02
198000.0 310 106.36 0.35 74256 23452.94 0.36 14553 5490.91 0.44 3229824 1354447.31 19.31 310 122.04 0.44 73706 29699.43 19.31 7 3 300 1540 660 66000 22.0 23.1 22.44 0.03
198900.0 376 106.5 0.35 74632 23559.45 0.36 14612 5491.02 0.44 3244436 1359938.33 19.31 370 122.12 0.44 74076 29821.55 19.31 7 3 300 1547 663 66300 22.0 23.1 22.43 0.03
199800.0 354 107.14 0.36 74986 23666.58 0.36 14591 5491.01 0.44 3259027 1365429.34 19.31 350 122.14 0.44 74426 29943.69 19.31 7 3 300 1554 666 66600 22.0 23.1 22.43 0.03
200700.0 310 106.36 0.35 75296 23772.94 0.36 14558 5490.94 0.44 3273585 1370920.29 19.31 310 122.04 0.44 74736 30065.73 19.31 7 3 300 1561 669 66900 22.0 22.8 22.28 0.02
201600.0 310 106.36 0.35 75606 23879.3 0.36 14562 5490.91 0.44 3288147 1376411.2 19.31 310 122.04 0.44 75046 30187.77 19.31 7 3 300 1568 672 67200 22.0 22.8 22.2 0.03
202500.0 376 106.5 0.35 75982 23985.81 0.36 14621 5491.02 0.44 3302768 1381902.22 19.31 370 122.12 0.44 75416 30309.89 19.31 7 3 300 1575 675 67500 22.0 22.8 22.2 0.03
203400.0 354 107.14 0.36 76336 24092.94 0.36 14595 5491.01 0.44 3317363 1387393.23 19.31 350 122.14 0.44 75766 30432.04 19.31 7 3 300 1582 678 67800 22.0 22.8 22.2 0.03
204300.0 310 106.36 0.35 76646 24199.3 0.36 14560 5490.94 0.44 3331923 1392884.17 19.31 310 122.04 0.44 76076 30554.08 19.31 7 3 300 1589 681 68100 22.0 22.6 22.08 0.01
205200.0 310 106.36 0.35 76956 24305.66 0.36 14559 5490.91 0.44 3346482 1398375.08 19.31 310 122.04 0.44 76386 30676.12 19.31 7 3 300 1596 684 68400 22.0 22.6 22.08 0.01
206100.0 376 106.5 0.35 77332 24412.16 0.36 14616 5491.02 0.44 3361098 1403866.1 19.31 370 122.12 0.44 76756 30798.24 19.31 7 3 300 1603 687 68700 22.0 22.6 22.07 0.01
207000.0 354 107.14 0.36 77686 24519.3 0.36 14590 5491.01 0.44 3375688 1409357.11 19.31 350 122.14 0.44 77106 30920.38 19.31 7 3 300 1610 690 69000 22.0 22.6 22.07 0.01
207900.0 310 106.36 0.35 77996 24625.66 0.36 14557 5490.94 0.44 3390245 1414848.05 19.31 310 122.04 0.44 77416 31042.42 19.31 7 3 300 1617 693 69300 22.0 22.2 22.03 0.0
208800.0 310 106.36 0.35 78306 24732.02 0.36 14553 5490.91 0.44 3404798 1420338.96 19.31 310 122.04 0.44 77726 31164.46 19.31 7 3 300 1624 696 69600 22.0 22.2 22.03 0.0
209700.0 376 106.5 0.35 78682 24838.52 0.36 14612 5491.02 0.44 3419410 1425829.98 19.31 370 122.12 0.44 78096 31286.58 19.31 7 3 300 1631 699 69900 22.0 22.2 22.03 0.0
210600.0 354 107.14 0.36 79036 24945.66 0.36 14583 5491.01 0.44 3433993 1431320.99 19.31 350 122.14 0.44 78446 31408.73 19.31 7 3 300 1638 702 70200 22.0 22.2 22.03 0.0
211500.0 310 106.36 0.35 79346 25052.02 0.36 14545 5490.94 0.44 3448538 1436811.94 19.31 310 122.04 0.44 78756 31530.77 19.31 7 3 300 1645 705 70500 22.0 22.0 22.0 0.0
212400.0 310 106.36 0.35 79656 25158.38 0.36 14545 5490.91 0.44 3463083 1442302.85 19.31 310 122.04 0.44 79066 31652.81 19.31 7 3 300 1652 708 70800 22.0 22.0 22.0 0.0
213300.0 376 106.5 0.35 80032 25264.88 0.36 14602 5491.02 0.44 3477685 1447793.87 19.31 370 122.12 0.44 79436 31774.93 19.31 7 3 300 1659 711 71100 22.0 22.0 22.0 0.0
214200.0 354 107.14 0.36 80386 25372.02 0.36 14573 5491.01 0.44 3492258 1453284.88 19.31 350 122.14 0.44 79786 31897.07 19.31 7 3 300 1666 714 71400 22.0 22.0 22.0 0.0
215100.0 310 106.36 0.35 80696 25478.38 0.36 14532 5490.94 0.44 3506790 1458775.82 19.31 310 122.04 0.44 80096 32019.11 19.31 7 3 300 1673 717 71700 22.0 22.0 22.0 0.0
216000.0 310 106.36 0.35 81006 25584.74 0.36 14526 5490.91 0.44 3521316 1464266.73 19.31 310 122.04 0.44 80406 32141.15 19.31 7 3 300 1680 720 72000 22.0 22.0 22.0 0.0
216900.0 376 106.5 0.35 81382 25691.24 0.36 14583 5491.02 0.44 3535899 1469757.75 19.31 370 122.12 0.44 80776 32263.27 19.31 7 3 300 1687 723 72300 22.0 22.0 22.0 0.0
217800.0 354 107.14 0.36 81736 25798.38 0.36 14558 5491.01 0.44 3550457 1475248.76 19.31 350 122.14 0.44 81126 32385.41 19.31 7 3 300 1694 726 72600 22.0 22.0 22.0 0.0
218700.0 310 106.36 0.35 82046 25904.74 0.36 14514 5490.94 0.44 3564971 1480739.7 19.31 310 122.04 0.44 81436 32507.45 19.31 7 3 300 1701 729 72900 22.0 22.0 22.0 0.0
219600.0 310 106.36 0.35 82356 26011.1 0.36 14512 5490.91 0.44 3579483 1486230.61 19.31 310 122.04 0.44 81746 32629.5 19.31 7 3 300 1708 732 73200 22.0 22.0 22.0 0.0
220500.0 376 106.5 0.35 82732 26117.6 0.36 14564 5491.02 0.44 3594047 1491721.63 19.31 370 122.12 0.44 82116 32751.61 19.31 7 3 300 1715 735 73500 22.0 22.0 22.0 0.0
221400.0 354 107.14 0.36 83086 26224.74 0.36 14537 5499.49 0.44 3608584 1497221.12 19.31 350 122.32 0.44 82466 32873.94 19.31 7 3 300 1722 738 73800 22.0 22.0 22.0 0.0
222300.0 310 106.36 0.35 83396 26331.11 0.36 14587 5500.97 0.44 3623171 1502722.08 19.31 310 122.25 0.44 82776 32996.19 19.31 7 3 300 1729 741 74100 20.4 22.0 21.33 0.06
223200.0 310 106.36 0.35 83706 26437.47 0.36 14615 5500.92 0.44 3637786 1508223.0 19.31 310 122.25 0.44 83086 33118.44 19.31 7 3 300 1736 744 74400 19.9 22.0 20.59 0.17
224100.0 376 106.51 0.35 84082 26543.98 0.36 14675 5501.05 0.44 3652461 1513724.05 19.31 370 122.33 0.44 83456 33240.77 19.31 7 3 300 1743 747 74700 19.8 21.8 20.57 0.16
225000.0 354 107.14 0.36 84436 26651.12 0.36 14655 5494.16 0.44 3667116 1519218.21 19.31 350 122.21 0.44 83806 33362.97 19.31 7 3 300 1750 750 75000 19.8 21.8 20.57 0.16
225900.0 310 106.36 0.35 84746 26757.48 0.36 14614 5494.11 0.44 3681730 1524712.32 19.31 310 122.11 0.44 84116 33485.08 19.31 7 3 300 1757 753 75300 19.8 21.7 20.51 0.15
226800.0 310 106.36 0.35 85056 26863.84 0.36 14618 5494.07 0.44 3696348 1530206.39 19.31 310 122.11 0.44 84426 33607.19 19.31 7 3 300 1764 756 75600 19.8 21.7 20.48 0.17
227700.0 376 106.51 0.35 85432 26970.35 0.36 14678 5494.19 0.44 3711026 1535700.58 19.31 370 122.18 0.44 84796 33729.37 19.31 7 3 300 1771 759 75900 19.8 21.7 20.48 0.17
228600.0 354 107.14 0.36 85786 27077.49 0.36 14654 5502.0 0.44 3725680 1541202.58 19.31 350 122.37 0.44 85146 33851.74 19.31 7 3 300 1778 762 76200 19.8 21.7 20.48 0.17
229500.0 310 106.36 0.35 86096 27183.86 0.36 14612 5500.7 0.44 3740292 1546703.28 19.31 310 122.25 0.44 85456 33973.99 19.31 7 3 300 1785 765 76500 19.8 21.6 20.45 0.16
230400.0 310 106.36 0.35 86406 27290.22 0.36 14614 5500.66 0.44 3754906 1552203.94 19.31 310 122.25 0.44 85766 34096.23 19.31 7 3 300 1792 768 76800 19.8 21.6 20.45 0.17
231300.0 376 106.5 0.35 86782 27396.72 0.36 14673 5500.78 0.44 3769579 1557704.72 19.31 370 122.32 0.44 86136 34218.56 19.31 7 3 300 1799 771 77100 19.8 21.6 20.45 0.17
232200.0 354 107.14 0.36 87136 27503.86 0.36 14651 5493.44 0.44 3784230 1563198.16 19.31 350 122.19 0.44 86486 34340.75 19.31 7 3 300 1806 774 77400 19.8 21.6 20.45 0.17
233100.0 310 106.36 0.35 87446 27610.23 0.36 14608 5494.62 0.44 3798838 1568692.77 19.31 310 122.12 0.44 86796 34462.86 19.31 7 3 300 1813 777 77700 19.8 21.5 20.48 0.18
234000.0 310 106.36 0.35 87756 27716.59 0.36 14606 5494.57 0.44 3813444 1574187.35 19.31 310 122.12 0.44 87106 34584.98 19.31 7 3 300 1820 780 78000 19.8 21.5 20.49 0.17
234900.0 376 106.51 0.35 88132 27823.1 0.36 14666 5494.69 0.44 3828110 1579682.04 19.31 370 122.19 0.44 87476 34707.17 19.31 7 3 300 1827 783 78300 19.8 21.5 20.49 0.17
235800.0 354 107.14 0.36 88486 27930.24 0.36 14641 5493.54 0.44 3842751 1585175.58 19.31 350 122.19 0.44 87826 34829.37 19.31 7 3 300 1834 786 78600 19.8 21.5 20.49 0.17
236700.0 310 106.36 0.35 88796 28036.6 0.36 14605 5492.77 0.44 3857356 1590668.35 19.31 310 122.08 0.44 88136 34951.45 19.31 7 3 300 1841 789 78900 19.8 21.4 20.5 0.18
237600.0 310 106.36 0.35 89106 28142.96 0.36 14606 5492.74 0.44 3871962 1596161.08 19.31 310 122.08 0.44 88446 35073.53 19.31 7 3 300 1848 792 79200 19.8 21.4 20.54 0.17
238500.0 376 106.5 0.35 89482 28249.46 0.36 14657 5492.85 0.44 3886619 1601653.93 19.31 370 122.16 0.44 88816 35195.69 19.31 7 3 300 1855 795 79500 19.7 21.4 20.55 0.17
239400.0 354 107.14 0.36 89836 28356.6 0.36 14634 5500.58 0.44 3901253 1607154.51 19.31 350 122.35 0.44 89166 35318.04 19.31 7 3 300 1862 798 79800 19.7 21.4 20.55 0.17
240300.0 310 106.36 0.35 90146 28462.96 0.36 14586 5500.52 0.44 3915839 1612655.03 19.31 310 122.24 0.44 89476 35440.28 19.31 7 3 300 1869 801 80100 19.7 21.5 20.56 0.18
241200.0 310 106.36 0.35 90456 28569.33 0.36 14584 5500.48 0.44 3930423 1618155.5 19.31 310 122.25 0.44 89786 35562.53 19.31 7 3 300 1876 804 80400 19.7 21.6 20.59 0.17
242100.0 376 106.51 0.35 90832 28675.83 0.36 14643 5500.6 0.44 3945066 1623656.1 19.31 370 122.32 0.44 90156 35684.85 19.31 7 3 300 1883 807 80700 19.7 21.6 20.59 0.17
243000.0 354 107.14 0.36 91186 28782.97 0.36 14620 5500.49 0.44 3959686 1629156.59 19.31 350 122.35 0.44 90506 35807.2 19.31 7 3 300 1890 810 81000 19.7 21.6 20.59 0.17
243900.0 310 106.36 0.35 91496 28889.34 0.36 14584 5500.36 0.44 3974270 1634656.95 19.31 310 122.24 0.44 90816 35929.43 19.31 7 3 300 1897 813 81300 19.7 21.6 20.6 0.18
244800.0 310 106.36 0.35 91806 28995.7 0.36 14588 5500.32 0.44 3988858 1640157.27 19.31 310 122.24 0.44 91126 36051.67 19.31 7 3 300 1904 816 81600 19.7 21.8 20.63 0.18
245700.0 376 106.51 0.35 92182 29102.21 0.36 14648 5500.44 0.44 4003506 1645657.7 19.31 370 122.31 0.44 91496 36173.99 19.31 7 3 300 1911 819 81900 19.6 21.8 20.63 0.18
246600.0 354 107.14 0.36 92536 29209.35 0.36 14609 5500.76 0.44 4018115 1651158.46 19.31 350 122.35 0.44 91846 36296.33 19.31 7 3 300 1918 822 82200 19.6 21.8 20.63 0.18
247500.0 310 106.36 0.35 92846 29315.71 0.36 14590 5499.86 0.44 4032705 1656658.32 19.31 310 122.23 0.44 92156 36418.56 19.31 7 3 300 1925 825 82500 19.6 21.8 20.59 0.18
248400.0 310 106.36 0.35 93156 29422.07 0.36 14589 5499.81 0.44 4047294 1662158.14 19.31 310 122.23 0.44 92466 36540.78 19.31 7 3 300 1932 828 82800 19.6 21.9 20.61 0.19
249300.0 376 106.51 0.35 93532 29528.58 0.36 14643 5499.94 0.44 4061937 1667658.07 19.31 370 122.3 0.44 92836 36663.09 19.31 7 3 300 1939 831 83100 19.5 21.9 20.61 0.19
250200.0 354 107.14 0.36 93886 29635.72 0.36 14593 5499.61 0.44 4076530 1673157.68 19.31 350 122.32 0.44 93186 36785.41 19.31 7 3 300 1946 834 83400 19.5 21.9 20.61 0.19
251100.0 310 106.36 0.35 94196 29742.08 0.36 14572 5499.81 0.44 4091102 1678657.49 19.31 310 122.23 0.44 93496 36907.63 19.31 7 3 300 1953 837 83700 19.5 21.9 20.57 0.2
252000.0 310 106.36 0.35 94506 29848.45 0.36 14582 5499.77 0.44 4105684 1684157.26 19.31 310 122.23 0.44 93806 37029.86 19.31 7 3 300 1960 840 84000 19.5 22.0 20.55 0.22
252900.0 376 106.51 0.35 94882 29954.95 0.36 14641 5499.89 0.44 4120325 1689657.15 19.31 370 122.3 0.44 94176 37152.16 19.31 7 3 300 1967 843 84300 19.5 22.0 20.55 0.22
253800.0 354 107.14 0.36 95236 30062.09 0.36 14603 5499.49 0.44 4134928 1695156.63 19.31 350 122.32 0.44 94526 37274.48 19.31 7 3 300 1974 846 84600 19.5 22.0 20.55 0.22
254700.0 310 106.36 0.35 95546 30168.45 0.36 14609 5499.76 0.44 4149537 1700656.39 19.31 310 122.22 0.44 94836 37396.71 19.31 7 3 300 1981 849 84900 19.5 22.0 20.42 0.21
255600.0 310 106.36 0.35 95856 30274.82 0.36 14617 5499.72 0.44 4164154 1706156.12 19.31 310 122.22 0.44 95146 37518.93 19.31 7 3 300 1988 852 85200 19.5 21.8 20.39 0.22
256500.0 376 106.51 0.35 96232 30381.32 0.36 14677 5499.84 0.44 4178831 1711655.95 19.31 370 122.3 0.44 95516 37641.23 19.31 7 3 300 1995 855 85500 19.3 21.8 20.39 0.23
257400.0 354 107.14 0.36 96586 30488.46 0.36 14632 5492.66 0.44 4193463 1717148.61 19.31 350 122.17 0.44 95866 37763.41 19.31 7 3 300 2002 858 85800 19.3 21.8 20.39 0.23
258300.0 310 106.36 0.35 96896 30594.83 0.36 14622 5493.63 0.44 4208085 1722642.24 19.31 310 122.09 0.44 96176 37885.5 19.31 7 3 300 2009 861 86100 19.3 21.8 20.23 0.22
259200.0 310 106.36 0.35 97206 30701.19 0.36 14625 5493.58 0.44 4222710 1728135.82 19.31 310 122.1 0.44 96486 38007.6 19.31 7 3 300 2016 864 86400 19.3 21.8 20.15 0.25
260100.0 376 106.51 0.35 97582 30807.69 0.36 14685 5493.71 0.44 4237395 1733629.52 19.31 370 122.17 0.44 96856 38129.77 19.31 7 3 300 2023 867 86700 19.2 21.6 20.14 0.25
261000.0 356 107.23 0.36 97938 30914.92 0.36 14972 137588.04 19.3 4252367 1871217.56 19.31 352 2864.0 19.3 97208 40993.77 19.31 7 3 300 2030 870 87000 19.2 21.6 20.14 0.25
261900.0 310 106.36 0.36 98248 31021.28 0.36 14631 5494.37 0.44 4266998 1876711.93 19.31 310 122.17 0.44 97518 41115.94 19.31 7 3 300 2037 873 87300 18.9 21.6 19.81 0.22
262800.0 310 106.36 0.36 98558 31127.64 0.36 14637 5494.35 0.44 4281635 1882206.28 19.31 310 122.17 0.44 97828 41238.12 19.31 7 3 300 2044 876 87600 18.9 21.6 19.64 0.25
263700.0 376 106.5 0.36 98934 31234.15 0.36 14697 5494.44 0.44 4296332 1887700.73 19.31 370 122.25 0.44 98198 41360.37 19.31 7 3 300 2051 879 87900 18.9 20.8 19.64 0.24
264600.0 356 107.23 0.36 99290 31341.38 0.36 14988 138282.84 19.35 4311320 2025983.56 19.35 352 2880.15 19.35 98550 44240.52 19.35 7 3 300 2058 882 88200 18.9 20.8 19.64 0.24
265500.0 310 106.39 0.36 99600 31447.78 0.36 14715 5543.1 0.44 4326035 2031526.66 19.35 310 123.04 0.44 98860 44363.56 19.35 7 3 300 2065 885 88500 17.3 20.8 18.4 0.27
266400.0 310 106.39 0.36 99910 31554.17 0.36 14742 5543.11 0.44 4340777 2037069.77 19.35 310 123.04 0.44 99170 44486.6 19.35 7 3 300 2072 888 88800 17.3 20.0 17.83 0.04
267300.0 376 106.54 0.36 100286 31660.71 0.36 14802 5543.18 0.44 4355579 2042612.96 19.35 370 123.12 0.44 99540 44609.72 19.35 7 3 300 2079 891 89100 17.3 18.8 17.82 0.02
268200.0 356 107.26 0.36 100642 31767.97 0.36 15093 138539.75 19.35 4370672 2181152.7 19.35 352 2881.56 19.35 99892 47491.28 19.35 7 3 300 2086 894 89400 17.3 18.8 17.82 0.02
269100.0 310 106.39 0.36 100952 31874.36 0.36 14743 5544.19 0.44 4385415 2186696.89 19.35 310 123.05 0.44 100202 47614.33 19.35 7 3 300 2093 897 89700 17.3 18.8 17.8 0.02
270000.0 310 106.39 0.36 101262 31980.75 0.36 14744 5544.19 0.44 4400159 2192241.08 19.35 310 123.05 0.44 100512 47737.39 19.35 7 3 300 2100 900 90000 17.3 18.7 17.78 0.02
270900.0 376 106.54 0.36 101638 32087.29 0.36 14804 5544.26 0.44 4414963 2197785.34 19.35 370 123.13 0.44 100882 47860.52 19.35 7 3 300 2107 903 90300 17.3 18.7 17.78 0.02
271800.0 354 107.17 0.36 101992 32194.46 0.36 14780 5543.28 0.44 4429743 2203328.62 19.35 350 123.13 0.44 101232 47983.65 19.35 7 3 300 2114 906 90600 17.3 18.7 17.78 0.02
272700.0 310 106.39 0.36 102302 32300.85 0.36 14740 5543.18 0.44 4444483 2208871.8 19.35 310 123.03 0.44 101542 48106.69 19.35 7 3 300 2121 909 90900 17.3 18.7 17.76 0.02
273600.0 310 106.39 0.36 102612 32407.25 0.36 14740 5543.18 0.44 4459223 2214414.98 19.35 310 123.03 0.44 101852 48229.72 19.35 7 3 300 2128 912 91200 17.3 18.6 17.75 0.02
274500.0 376 106.54 0.36 102988 32513.78 0.36 14797 5543.26 0.44 4474020 2219958.24 19.35 370 123.11 0.44 102222 48352.83 19.35 7 3 300 2135 915 91500 17.3 18.6 17.75 0.02
275400.0 354 107.17 0.36 103342 32620.96 0.36 14776 5546.96 0.44 4488796 2225505.2 19.35 350 123.21 0.44 102572 48476.04 19.35 7 3 300 2142 918 91800 17.3 18.6 17.75 0.02
276300.0 310 106.39 0.36 103652 32727.35 0.36 14736 5541.09 0.44 4503532 2231046.28 19.35 310 122.99 0.44 102882 48599.03 19.35 7 3 300 2149 921 92100 17.3 18.6 17.73 0.02
277200.0 310 106.39 0.36 103962 32833.74 0.36 14735 5541.09 0.44 4518267 2236587.37 19.35 310 122.99 0.44 103192 48722.02 19.35 7 3 300 2156 924 92400 17.3 18.5 17.72 0.02
278100.0 376 106.53 0.36 104338 32940.27 0.36 14795 5541.16 0.44 4533062 2242128.53 19.35 370 123.06 0.44 103562 48845.08 19.35 7 3 300 2163 927 92700 17.3 18.5 17.72 0.02
279000.0 354 107.17 0.36 104692 33047.44 0.36 14771 5538.51 0.44 4547833 2247667.04 19.35 350 123.03 0.44 103912 48968.11 19.35 7 3 300 2170 930 93000 17.3 18.5 17.72 0.02
279900.0 310 106.39 0.36 105002 33153.83 0.36 14727 5544.18 0.44 4562560 2253211.22 19.35 310 123.05 0.44 104222 49091.16 19.35 7 3 300 2177 933 93300 17.3 18.5 17.71 0.02
280800.0 310 106.39 0.36 105312 33260.22 0.36 14730 5544.19 0.44 4577290 2258755.41 19.35 310 123.05 0.44 104532 49214.22 19.35 7 3 300 2184 936 93600 17.3 18.4 17.7 0.02
281700.0 376 106.54 0.36 105688 33366.76 0.36 14789 5544.26 0.44 4592079 2264299.67 19.35 370 123.13 0.44 104902 49337.35 19.35 7 3 300 2191 939 93900 17.3 18.4 17.7 0.02
282600.0 354 107.17 0.36 106042 33473.93 0.36 14765 5542.0 0.44 4606844 2269841.68 19.35 350 123.11 0.44 105252 49460.45 19.35 7 3 300 2198 942 94200 17.3 18.4 17.7 0.02
283500.0 310 106.39 0.36 106352 33580.32 0.36 14724 5536.89 0.44 4621568 2275378.56 19.35 310 122.89 0.44 105562 49583.35 19.35 7 3 300 2205 945 94500 17.3 18.4 17.69 0.01
284400.0 310 106.39 0.36 106662 33686.71 0.36 14726 5536.9 0.44 4636294 2280915.46 19.35 310 122.89 0.44 105872 49706.24 19.35 7 3 300 2212 948 94800 17.3 18.3 17.68 0.01
285300.0 376 106.53 0.36 107038 33793.24 0.36 14785 5536.96 0.44 4651079 2286452.42 19.35 370 122.97 0.44 106242 49829.22 19.35 7 3 300 2219 951 95100 17.3 18.3 17.68 0.01
286200.0 354 107.17 0.36 107392 33900.4 0.36 14763 5538.28 0.44 4665842 2291990.7 19.35 350 123.02 0.44 106592 49952.24 19.35 7 3 300 2226 954 95400 17.3 18.3 17.68 0.01
287100.0 310 106.39 0.36 107702 34006.79 0.36 14720 5537.4 0.44 4680562 2297528.11 19.35 310 122.91 0.44 106902 50075.15 19.35 7 3 300 2233 957 95700 17.3 18.3 17.68 0.01
288000.0 310 106.39 0.36 108012 34113.18 0.36 14720 5537.4 0.44 4695282 2303065.51 19.35 310 122.91 0.44 107212 50198.05 19.35 7 3 300 2240 960 96000 17.3 18.2 17.68 0.01
288900.0 376 106.53 0.36 108388 34219.71 0.36 14780 5537.48 0.44 4710062 2308602.99 19.35 370 122.98 0.44 107582 50321.04 19.35 7 3 300 2247 963 96300 17.3 18.2 17.68 0.01
289800.0 354 107.17 0.36 108742 34326.88 0.36 14757 5541.18 0.44 4724819 2314144.17 19.35 350 123.09 0.44 107932 50444.12 19.35 7 3 300 2254 966 96600 17.3 18.2 17.68 0.01
290700.0 310 106.4 0.36 109052 34433.28 0.36 14714 5546.86 0.44 4739533 2319691.03 19.35 310 123.11 0.44 108242 50567.24 19.35 7 3 300 2261 969 96900 17.3 18.2 17.67 0.01
291600.0 310 106.4 0.36 109362 34539.67 0.36 14712 5546.86 0.44 4754245 2325237.89 19.35 310 123.11 0.44 108552 50690.35 19.35 7 3 300 2268 972 97200 17.3 18.1 17.67 0.01
292500.0 376 106.54 0.36 109738 34646.21 0.36 14772 5546.94 0.44 4769017 2330784.83 19.35 370 123.19 0.44 108922 50813.54 19.35 7 3 300 2275 975 97500 17.3 18.1 17.67 0.01
293400.0 354 107.17 0.36 110092 34753.39 0.36 14748 5546.96 0.44 4783765 2336331.79 19.35 350 123.21 0.44 109272 50936.75 19.35 7 3 300 2282 978 97800 17.3 18.1 17.67 0.01
294300.0 310 106.39 0.36 110402 34859.78 0.36 14712 5543.62 0.44 4798477 2341875.41 19.35 310 123.04 0.44 109582 51059.8 19.35 7 3 300 2289 981 98100 17.4 18.1 17.67 0.01
295200.0 310 106.39 0.36 110712 34966.17 0.36 14710 5543.63 0.44 4813187 2347419.04 19.35 310 123.04 0.44 109892 51182.84 19.35 7 3 300 2296 984 98400 17.4 18.0 17.67 0.01
296100.0 376 106.54 0.36 111088 35072.71 0.36 14770 5543.7 0.44 4827957 2352962.74 19.35 370 123.12 0.44 110262 51305.96 19.35 7 3 300 2303 987 98700 17.4 18.0 17.67 0.01
297000.0 354 107.17 0.36 111442 35179.88 0.36 14749 5543.73 0.44 4842706 2358506.46 19.35 350 123.14 0.44 110612 51429.1 19.35 7 3 300 2310 990 99000 17.4 18.0 17.67 0.01
297900.0 310 106.4 0.36 111752 35286.27 0.36 14711 5546.86 0.44 4857417 2364053.32 19.35 310 123.11 0.44 110922 51552.21 19.35 7 3 300 2317 993 99300 17.4 18.0 17.67 0.01
298800.0 310 106.4 0.36 112062 35392.67 0.36 14709 5546.86 0.44 4872126 2369600.18 19.35 310 123.11 0.44 111232 51675.33 19.35 7 3 300 2324 996 99600 17.4 18.0 17.67 0.01
299700.0 376 106.54 0.36 112438 35499.21 0.36 14769 5546.94 0.44 4886895 2375147.12 19.35 370 123.19 0.44 111602 51798.52 19.35 7 3 300 2331 999 99900 17.4 18.0 17.67 0.01
300600.0 354 107.17 0.36 112792 35606.38 0.36 14737 5546.96 0.44 4901632 2380694.09 19.35 350 123.21 0.44 111952 51921.73 19.35 7 3 300 2338 1002 100200 17.4 18.0 17.67 0.01
301500.0 310 106.39 0.36 113102 35712.78 0.36 14699 5542.15 0.44 4916331 2386236.23 19.35 310 123.01 0.44 112262 52044.74 19.35 7 3 300 2345 1005 100500 17.4 18.0 17.67 0.01
302400.0 310 106.39 0.36 113412 35819.17 0.36 14701 5542.15 0.44 4931032 2391778.38 19.35 310 123.01 0.44 112572 52167.75 19.35 7 3 300 2352 1008 100800 17.4 17.9 17.67 0.01
303300.0 376 106.54 0.36 113788 35925.7 0.36 14759 5542.22 0.44 4945791 2397320.6 19.35 370 123.09 0.44 112942 52290.84 19.35 7 3 300 2359 1011 101100 17.4 17.9 17.67 0.01
304200.0 354 107.17 0.36 114142 36032.87 0.36 14737 5539.58 0.44 4960528 2402860.18 19.35 350 123.05 0.44 113292 52413.89 19.35 7 3 300 2366 1014 101400 17.4 17.9 17.67 0.01
305100.0 310 106.39 0.36 114452 36139.26 0.36 14696 5544.18 0.44 4975224 2408404.36 19.35 310 123.05 0.44 113602 52536.95 19.35 7 3 300 2373 1017 101700 17.4 17.9 17.67 0.01
306000.0 310 106.39 0.36 114762 36245.66 0.36 14699 5544.19 0.44 4989923 2413948.55 19.35 310 123.05 0.44 113912 52660.0 19.35 7 3 300 2380 1020 102000 17.4 17.9 17.67 0.01
306900.0 376 106.54 0.36 115138 36352.19 0.36 14759 5544.26 0.44 5004682 2419492.81 19.35 370 123.13 0.44 114282 52783.13 19.35 7 3 300 2387 1023 102300 17.4 17.9 17.67 0.01
307800.0 354 107.17 0.36 115492 36459.37 0.36 14736 5546.96 0.44 5019418 2425039.78 19.35 350 123.21 0.44 114632 52906.35 19.35 7 3 300 2394 1026 102600 17.4 17.9 17.67 0.01
308700.0 310 106.4 0.36 115802 36565.76 0.36 14694 5546.86 0.44 5034112 2430586.63 19.35 310 123.11 0.44 114942 53029.46 19.35 7 3 300 2401 1029 102900 17.4 17.9 17.67 0.01
309600.0 310 106.4 0.36 116112 36672.16 0.36 14697 5546.86 0.44 5048809 2436133.5 19.35 310 123.11 0.44 115252 53152.57 19.35 7 3 300 2408 1032 103200 17.4 17.9 17.68 0.01
310500.0 376 106.54 0.36 116488 36778.7 0.36 14757 5546.94 0.44 5063566 2441680.43 19.35 370 123.19 0.44 115622 53275.76 19.35 7 3 300 2415 1035 103500 17.4 17.9 17.68 0.01
311400.0 354 107.17 0.36 116842 36885.87 0.36 14731 5546.96 0.44 5078297 2447227.4 19.35 350 123.21 0.44 115972 53398.98 19.35 7 3 300 2422 1038 103800 17.4 17.9 17.68 0.01
312300.0 310 106.39 0.36 117152 36992.26 0.36 14684 5543.62 0.44 5092981 2452771.02 19.35 310 123.04 0.44 116282 53522.02 19.35 7 3 300 2429 1041 104100 17.4 17.9 17.68 0.01
313200.0 310 106.39 0.36 117462 37098.66 0.36 14680 5543.63 0.44 5107661 2458314.64 19.35 310 123.04 0.44 116592 53645.06 19.35 7 3 300 2436 1044 104400 17.4 18.0 17.69 0.01
314100.0 376 106.54 0.36 117838 37205.19 0.36 14738 5543.7 0.44 5122399 2463858.34 19.35 370 123.12 0.44 116962 53768.18 19.35 7 3 300 2443 1047 104700 17.3 18.0 17.69 0.01
315000.0 354 107.17 0.36 118192 37312.36 0.36 14711 5543.73 0.44 5137110 2469402.07 19.35 350 123.14 0.44 117312 53891.32 19.35 7 3 300 2450 1050 105000 17.3 18.0 17.69 0.01
315900.0 310 106.39 0.36 118502 37418.75 0.36 14671 5541.08 0.44 5151781 2474943.15 19.35 310 122.99 0.44 117622 54014.31 19.35 7 3 300 2457 1053 105300 17.3 18.0 17.7 0.01
316800.0 310 106.39 0.36 118812 37525.15 0.36 14676 5541.08 0.44 5166457 2480484.24 19.35 310 122.99 0.44 117932 54137.3 19.35 7 3 300 2464 1056 105600 17.3 18.1 17.7 0.01
317700.0 376 106.53 0.36 119188 37631.68 0.36 14734 5541.16 0.44 5181191 2486025.4 19.35 370 123.06 0.44 118302 54260.36 19.35 7 3 300 2471 1059 105900 17.3 18.1 17.7 0.01
318600.0 354 107.17 0.36 119542 37738.85 0.36 14705 5541.19 0.44 5195896 2491566.58 19.35 350 123.09 0.44 118652 54383.45 19.35 7 3 300 2478 1062 106200 17.3 18.1 17.7 0.01
319500.0 310 106.4 0.36 119852 37845.25 0.36 14662 5546.86 0.44 5210558 2497113.44 19.35 310 123.11 0.44 118962 54506.56 19.35 7 3 300 2485 1065 106500 17.3 18.1 17.71 0.02
320400.0 310 106.4 0.36 120162 37951.64 0.36 14666 5546.86 0.44 5225224 2502660.3 19.35 310 123.11 0.44 119272 54629.68 19.35 7 3 300 2492 1068 106800 17.3 18.2 17.71 0.02
321300.0 376 106.54 0.36 120538 38058.18 0.36 14726 5546.94 0.44 5239950 2508207.24 19.35 370 123.19 0.44 119642 54752.87 19.35 7 3 300 2499 1071 107100 17.3 18.2 17.71 0.02
322200.0 354 107.16 0.36 120892 38165.34 0.36 14693 5534.94 0.44 5254643 2513742.18 19.35 350 122.95 0.44 119992 54875.82 19.35 7 3 300 2506 1074 107400 17.3 18.2 17.71 0.02
323100.0 310 106.38 0.36 121202 38271.73 0.36 14645 5530.68 0.44 5269288 2519272.85 19.35 310 122.76 0.44 120302 54998.58 19.35 7 3 300 2513 1077 107700 17.3 18.2 17.71 0.02
324000.0 310 106.38 0.36 121512 38378.11 0.36 14664 5530.69 0.44 5283952 2524803.54 19.35 310 122.76 0.44 120612 55121.34 19.35 7 3 300 2520 1080 108000 17.3 18.2 17.72 0.02
324900.0 376 106.53 0.36 121888 38484.63 0.36 14721 5530.75 0.44 5298673 2530334.3 19.35 370 122.84 0.44 120982 55244.17 19.35 7 3 300 2527 1083 108300 17.3 18.2 17.72 0.02
325800.0 354 107.17 0.36 122242 38591.8 0.36 14699 5542.25 0.44 5313372 2535876.55 19.35 350 123.11 0.44 121332 55367.29 19.35 7 3 300 2534 1086 108600 17.3 18.2 17.72 0.02
326700.0 310 106.4 0.36 122552 38698.2 0.36 14644 5546.86 0.44 5328016 2541423.4 19.35 310 123.11 0.44 121642 55490.4 19.35 7 3 300 2541 1089 108900 17.3 18.2 17.73 0.02
327600.0 310 106.4 0.36 122862 38804.6 0.36 14656 5546.86 0.44 5342672 2546970.27 19.35 310 123.11 0.44 121952 55613.51 19.35 7 3 300 2548 1092 109200 17.3 18.3 17.74 0.03
328500.0 376 106.54 0.36 123238 38911.13 0.36 14715 5546.94 0.44 5357387 2552517.2 19.35 370 123.19 0.44 122322 55736.7 19.35 7 3 300 2555 1095 109500 17.2 18.3 17.74 0.03
329400.0 354 107.17 0.36 123592 39018.31 0.36 14685 5546.96 0.44 5372072 2558064.16 19.35 350 123.21 0.44 122672 55859.92 19.35 7 3 300 2562 1098 109800 17.2 18.3 17.74 0.03
330300.0 310 106.4 0.36 123902 39124.7 0.36 14629 5546.86 0.44 5386701 2563611.02 19.35 310 123.11 0.44 122982 55983.03 19.35 7 3 300 2569 1101 110100 17.2 18.3 17.74 0.03
331200.0 310 106.4 0.36 124212 39231.1 0.36 14644 5546.86 0.44 5401345 2569157.88 19.35 310 123.11 0.44 123292 56106.14 19.35 7 3 300 2576 1104 110400 17.2 18.4 17.75 0.03
332100.0 376 106.54 0.36 124588 39337.64 0.36 14697 5546.94 0.44 5416042 2574704.82 19.35 370 123.19 0.44 123662 56229.33 19.35 7 3 300 2583 1107 110700 17.2 18.4 17.75 0.03
333000.0 354 107.17 0.36 124942 39444.81 0.36 14661 5544.29 0.44 5430703 2580249.11 19.35 350 123.16 0.44 124012 56352.49 19.35 7 3 300 2590 1110 111000 17.2 18.4 17.75 0.03
333900.0 310 106.39 0.36 125252 39551.2 0.36 14610 5544.18 0.44 5445313 2585793.29 19.35 310 123.05 0.44 124322 56475.54 19.35 7 3 300 2597 1113 111300 17.2 18.4 17.75 0.03
334800.0 310 106.39 0.36 125562 39657.59 0.36 14615 5544.19 0.44 5459928 2591337.48 19.35 310 123.05 0.44 124632 56598.6 19.35 7 3 300 2604 1116 111600 17.2 18.5 17.76 0.04
335700.0 376 106.54 0.36 125938 39764.13 0.36 14668 5544.26 0.44 5474596 2596881.74 19.35 370 123.13 0.44 125002 56721.73 19.35 7 3 300 2611 1119 111900 17.2 18.5 17.76 0.04
336600.0 354 107.17 0.36 126292 39871.3 0.36 14629 5546.96 0.44 5489225 2602428.7 19.35 350 123.21 0.44 125352 56844.94 19.35 7 3 300 2618 1122 112200 17.2 18.5 17.76 0.04
337500.0 310 106.4 0.36 126602 39977.7 0.36 14597 5546.86 0.44 5503822 2607975.56 19.35 310 123.11 0.44 125662 56968.06 19.35 7 3 300 2625 1125 112500 17.2 18.5 17.76 0.04
338400.0 310 106.4 0.36 126912 40084.09 0.36 14607 5546.86 0.44 5518429 2613522.42 19.35 310 123.11 0.44 125972 57091.17 19.35 7 3 300 2632 1128 112800 17.2 18.5 17.77 0.04
339300.0 376 106.54 0.36 127288 40190.63 0.36 14660 5546.93 0.44 5533089 2619069.35 19.35 370 123.19 0.44 126342 57214.36 19.35 7 3 300 2639 1131 113100 17.2 18.5 17.77 0.04
340200.0 354 107.17 0.36 127642 40297.8 0.36 14615 5543.28 0.44 5547704 2624612.63 19.35 350 123.13 0.44 126692 57337.49 19.35 7 3 300 2646 1134 113400 17.2 18.5 17.77 0.04
341100.0 310 106.39 0.36 127952 40404.2 0.36 14552 5543.18 0.44 5562256 2630155.81 19.35 310 123.03 0.44 127002 57460.53 19.35 7 3 300 2653 1137 113700 17.2 18.5 17.78 0.04
342000.0 310 106.39 0.36 128262 40510.59 0.36 14556 5543.17 0.44 5576812 2635698.98 19.35 310 123.03 0.44 127312 57583.56 19.35 7 3 300 2660 1140 114000 17.2 18.5 17.78 0.05
342900.0 376 106.53 0.36 128638 40617.12 0.36 14609 5543.25 0.44 5591421 2641242.24 19.35 370 123.11 0.44 127682 57706.67 19.35 7 3 300 2667 1143 114300 17.2 18.5 17.78 0.05
343800.0 354 107.17 0.36 128992 40724.29 0.36 14575 5540.49 0.44 5605996 2646782.73 19.35 350 123.07 0.44 128032 57829.74 19.35 7 3 300 2674 1146 114600 17.2 18.5 17.78 0.05
344700.0 310 106.39 0.36 129302 40830.68 0.36 14525 5540.4 0.44 5620521 2652323.13 19.35 310 122.97 0.44 128342 57952.72 19.35 7 3 300 2681 1149 114900 17.2 18.5 17.78 0.05
345600.0 310 106.39 0.36 129612 40937.07 0.36 14526 5540.39 0.44 5635047 2657863.52 19.35 310 122.97 0.44 128652 58075.69 19.35 7 3 300 2688 1152 115200 17.2 18.6 17.78 0.05
