# seed = 2, gamma = 0.0, beta = 0.0, dee = 10.0, dcc = 100.0, dec = 1000.0, dsCnd = 150.0, dLocalhost = 0.02, hostBroker = EDGE 
#
# The columns have the following meaning: 
# instant[SECONDS] commCountUploadPartial delaySumUploadPartial[SECONDS] delayMaxUploadPartial[SECONDS] commCountUploadTot delaySumUploadTot[SECONDS] delayMaxUploadTot[SECONDS] commCountDownloadPartial delaySumDownloadPartial[SECONDS] delayMaxDownloadPartial[SECONDS] commCountDownloadTot delaySumDownloadTot[SECONDS] delayMaxDownloadTot[SECONDS] commCountDownloadMaxPartial delaySumDownloadMaxPartial[SECONDS] delayMaxDownloadMaxPartial[SECONDS] commCountDownloadMaxTot delaySumDownloadMaxTot[SECONDS] delayMaxDownloadMaxTot[SECONDS] runOnCloudPartial runOnEdgePartial runOnSmartphonePartial runOnCloudTot runOnEdgeTot runOnSmartphoneTot minTemp maxTemp avgTemp varianceTemp
0.0 0 0.0 0.0 0 0.0 0.0 0 0.0 0.0 0 0.0 0.0 0 0.0 0.0 0 0.0 0.0 0 0 0 0 0 0 17.0 25.0 21.0 0.0
900.0 376 311.33 1.0 376 311.33 1.0 15284 15944.67 1.15 15284 15944.67 1.15 370 330.08 1.09 370 330.08 1.09 310 0 0 310 0 0 18.9 21.0 19.35 0.75
1800.0 356 313.05 1.01 732 624.37 1.01 15569 180076.48 20.56 30853 196021.14 20.56 352 3646.67 20.56 722 3976.75 20.56 310 0 0 620 0 0 18.9 18.9 18.9 0.0
2700.0 310 311.22 1.01 1042 935.6 1.01 15221 15987.11 1.15 46074 212008.25 20.56 310 325.17 1.1 1032 4301.91 20.56 310 0 0 930 0 0 17.7 18.9 18.43 0.04
3600.0 310 311.22 1.01 1352 1246.82 1.01 15221 15987.04 1.15 61295 227995.29 20.56 310 325.16 1.1 1342 4627.08 20.56 310 0 0 1240 0 0 17.7 18.9 18.23 0.06
4500.0 376 311.02 1.0 1728 1557.84 1.01 15277 16005.63 1.15 76572 244000.92 20.56 370 331.83 1.1 1712 4958.91 20.56 310 0 0 1550 0 0 17.6 18.7 18.22 0.05
5400.0 356 313.06 1.01 2084 1870.91 1.01 15606 22435.17 20.66 92178 266436.09 20.66 352 349.91 20.66 2064 5308.82 20.66 310 0 0 1860 0 0 17.6 18.7 18.22 0.05
6300.0 310 311.23 1.01 2394 2182.14 1.01 15298 16086.74 1.15 107476 282522.82 20.66 310 325.6 1.1 2374 5634.42 20.66 310 0 0 2170 0 0 17.6 18.7 18.23 0.05
7200.0 310 311.23 1.01 2704 2493.37 1.01 15294 16082.06 1.15 122770 298604.88 20.66 310 325.6 1.1 2684 5960.02 20.66 310 0 0 2480 0 0 17.6 18.7 18.25 0.04
8100.0 376 311.37 1.01 3080 2804.74 1.01 15352 16085.85 1.15 138122 314690.74 20.66 370 331.6 1.1 3054 6291.62 20.66 310 0 0 2790 0 0 17.6 18.7 18.25 0.04
9000.0 356 313.06 1.01 3436 3117.81 1.01 15621 22440.08 20.62 153743 337130.82 20.66 352 349.95 20.62 3406 6641.57 20.66 310 0 0 3100 0 0 17.6 18.7 18.25 0.04
9900.0 310 311.22 1.01 3746 3429.03 1.01 15252 16017.72 1.15 168995 353148.54 20.66 310 325.17 1.1 3716 6966.74 20.66 310 0 0 3410 0 0 17.6 18.7 18.23 0.04
10800.0 310 311.22 1.01 4056 3740.25 1.01 15264 16031.52 1.15 184259 369180.06 20.66 310 325.17 1.1 4026 7291.91 20.66 310 0 0 3720 0 0 17.6 18.7 18.15 0.05
11700.0 376 311.37 1.01 4432 4051.62 1.01 15321 16034.08 1.15 199580 385214.14 20.66 370 331.17 1.1 4396 7623.08 20.66 310 0 0 4030 0 0 17.6 18.7 18.15 0.05
12600.0 354 312.0 1.01 4786 4363.62 1.01 15285 16020.64 1.15 214865 401234.78 20.66 350 329.32 1.1 4746 7952.39 20.66 310 0 0 4340 0 0 17.6 18.7 18.15 0.05
13500.0 310 311.23 1.01 5096 4674.85 1.01 15207 15972.95 1.15 230072 417207.73 20.66 310 325.31 1.1 5056 8277.7 20.66 310 0 0 4650 0 0 17.6 18.7 18.14 0.05
14400.0 310 311.23 1.01 5406 4986.07 1.01 15207 15972.94 1.15 245279 433180.67 20.66 310 325.31 1.1 5366 8603.02 20.66 310 0 0 4960 0 0 17.6 18.7 18.13 0.05
15300.0 376 311.37 1.01 5782 5297.44 1.01 15266 15977.8 1.15 260545 449158.47 20.66 370 331.31 1.1 5736 8934.33 20.66 310 0 0 5270 0 0 17.6 18.7 18.13 0.05
16200.0 354 312.0 1.01 6136 5609.45 1.01 15235 15962.69 1.15 275780 465121.16 20.66 350 329.31 1.1 6086 9263.64 20.66 310 0 0 5580 0 0 17.6 18.7 18.13 0.05
17100.0 310 311.22 1.01 6446 5920.67 1.01 15208 15965.04 1.15 290988 481086.2 20.66 310 325.13 1.1 6396 9588.77 20.66 310 0 0 5890 0 0 17.6 18.7 18.11 0.04
18000.0 310 311.22 1.01 6756 6231.88 1.01 15209 15966.13 1.15 306197 497052.33 20.66 310 325.13 1.1 6706 9913.9 20.66 310 0 0 6200 0 0 17.6 18.7 18.1 0.04
18900.0 376 311.36 1.01 7132 6543.25 1.01 15268 15971.04 1.15 321465 513023.37 20.66 370 331.13 1.1 7076 10245.02 20.66 310 0 0 6510 0 0 17.6 18.6 18.1 0.04
19800.0 354 312.0 1.01 7486 6855.24 1.01 15234 15951.8 1.15 336699 528975.17 20.66 350 329.11 1.1 7426 10574.13 20.66 310 0 0 6820 0 0 17.6 18.6 18.1 0.04
20700.0 310 311.22 1.01 7796 7166.46 1.01 15200 15959.48 1.15 351899 544934.64 20.66 310 325.2 1.1 7736 10899.33 20.66 310 0 0 7130 0 0 17.6 18.6 18.08 0.03
21600.0 310 311.22 1.01 8106 7477.69 1.01 15202 15961.78 1.15 367101 560896.42 20.66 310 325.2 1.1 8046 11224.53 20.66 310 0 0 7440 0 0 17.6 18.6 18.07 0.03
22500.0 376 311.37 1.01 8482 7789.05 1.01 15260 15965.48 1.15 382361 576861.9 20.66 370 331.2 1.1 8416 11555.73 20.66 310 0 0 7750 0 0 17.6 18.6 18.07 0.03
23400.0 354 312.0 1.01 8836 8101.06 1.01 15230 15956.57 1.15 397591 592818.47 20.66 350 329.3 1.1 8766 11885.03 20.66 310 0 0 8060 0 0 17.6 18.6 18.07 0.03
24300.0 310 311.23 1.01 9146 8412.29 1.01 15199 15967.15 1.15 412790 608785.62 20.66 310 325.38 1.1 9076 12210.41 20.66 310 0 0 8370 0 0 17.5 18.6 18.05 0.03
25200.0 310 311.23 1.01 9456 8723.52 1.01 15206 15975.19 1.15 427996 624760.81 20.66 310 325.39 1.1 9386 12535.8 20.66 310 0 0 8680 0 0 17.5 18.6 18.04 0.03
26100.0 376 311.37 1.01 9832 9034.89 1.01 15264 15978.9 1.15 443260 640739.71 20.66 370 331.39 1.1 9756 12867.19 20.66 310 0 0 8990 0 0 17.5 18.6 18.04 0.03
27000.0 354 312.01 1.01 10186 9346.89 1.01 15228 15958.49 1.15 458488 656698.2 20.66 350 329.39 1.1 10106 13196.57 20.66 310 0 0 9300 0 0 17.5 18.6 18.04 0.03
27900.0 310 311.23 1.01 10496 9658.12 1.01 15194 15957.26 1.15 473682 672655.47 20.66 310 325.3 1.1 10416 13521.87 20.66 310 0 0 9610 0 0 17.5 18.6 18.01 0.03
28800.0 310 311.23 1.01 10806 9969.35 1.01 15201 15965.31 1.15 488883 688620.77 20.66 310 325.3 1.1 10726 13847.17 20.66 310 0 0 9920 0 0 17.5 18.6 17.99 0.03
29700.0 376 311.37 1.01 11182 10280.72 1.01 15260 15970.16 1.15 504143 704590.93 20.66 370 331.3 1.1 11096 14178.47 20.66 310 0 0 10230 0 0 17.5 18.6 17.99 0.03
30600.0 354 312.0 1.01 11536 10592.72 1.01 15223 15948.61 1.15 519366 720539.54 20.66 350 329.3 1.1 11446 14507.77 20.66 310 0 0 10540 0 0 17.5 18.6 17.99 0.03
31500.0 310 311.23 1.01 11846 10903.95 1.01 15195 15962.55 1.15 534561 736502.09 20.66 310 325.38 1.1 11756 14833.15 20.66 310 0 0 10850 0 0 17.4 18.6 17.96 0.03
32400.0 310 311.23 1.01 12156 11215.18 1.01 15203 15971.74 1.15 549764 752473.83 20.66 310 325.39 1.1 12066 15158.54 20.66 310 0 0 11160 0 0 17.4 18.6 17.95 0.03
33300.0 376 311.37 1.01 12532 11526.55 1.01 15262 15976.6 1.15 565026 768450.43 20.66 370 331.39 1.1 12436 15489.92 20.66 310 0 0 11470 0 0 17.4 18.5 17.95 0.03
34200.0 354 312.01 1.01 12886 11838.56 1.01 15221 15950.44 1.15 580247 784400.87 20.66 350 329.39 1.1 12786 15819.31 20.66 310 0 0 11780 0 0 17.4 18.5 17.95 0.03
35100.0 310 311.23 1.01 13196 12149.79 1.01 15186 15952.2 1.15 595433 800353.07 20.66 310 325.38 1.1 13096 16144.7 20.66 310 0 0 12090 0 0 17.4 18.5 17.93 0.03
36000.0 310 311.23 1.01 13506 12461.02 1.01 15195 15962.54 1.15 610628 816315.61 20.66 310 325.39 1.1 13406 16470.08 20.66 310 0 0 12400 0 0 17.4 18.5 17.91 0.04
36900.0 376 311.37 1.01 13882 12772.39 1.01 15255 15968.55 1.15 625883 832284.16 20.66 370 331.39 1.1 13776 16801.47 20.66 310 0 0 12710 0 0 17.4 18.5 17.91 0.04
37800.0 354 312.0 1.01 14236 13084.39 1.01 15219 15940.89 1.15 641102 848225.05 20.66 350 329.24 1.1 14126 17130.7 20.66 310 0 0 13020 0 0 17.4 18.5 17.91 0.04
38700.0 310 311.22 1.01 14546 13395.61 1.01 15191 15950.69 1.15 656293 864175.74 20.66 310 325.23 1.1 14436 17455.93 20.66 310 0 0 13330 0 0 17.3 18.5 17.89 0.04
39600.0 310 311.22 1.01 14856 13706.84 1.01 15198 15958.73 1.15 671491 880134.47 20.66 310 325.23 1.1 14746 17781.17 20.66 310 0 0 13640 0 0 17.3 18.5 17.87 0.04
40500.0 376 311.37 1.01 15232 14018.2 1.01 15256 15962.44 1.15 686747 896096.91 20.66 370 331.23 1.1 15116 18112.4 20.66 310 0 0 13950 0 0 17.3 18.5 17.87 0.04
41400.0 354 312.01 1.01 15586 14330.21 1.01 15214 15942.39 1.15 701961 912039.3 20.66 350 329.39 1.1 15466 18441.79 20.66 310 0 0 14260 0 0 17.3 18.5 17.87 0.04
42300.0 310 311.23 1.01 15896 14641.44 1.01 15191 15953.74 1.15 717152 927993.03 20.66 310 325.3 1.1 15776 18767.09 20.66 310 0 0 14570 0 0 17.3 18.5 17.85 0.05
43200.0 310 311.23 1.01 16206 14952.66 1.01 15198 15961.77 1.15 732350 943954.8 20.66 310 325.3 1.1 16086 19092.38 20.66 310 0 0 14880 0 0 17.3 18.5 17.83 0.05
44100.0 376 311.37 1.01 16582 15264.03 1.01 15258 15967.79 1.15 747608 959922.59 20.66 370 331.3 1.1 16456 19423.68 20.66 310 0 0 15190 0 0 17.2 18.4 17.83 0.05
45000.0 354 312.0 1.01 16936 15576.03 1.01 15213 15937.02 1.15 762821 975859.61 20.66 350 329.3 1.1 16806 19752.98 20.66 310 0 0 15500 0 0 17.2 18.4 17.83 0.05
45900.0 310 311.23 1.01 17246 15887.26 1.01 15185 15945.93 1.15 778006 991805.54 20.66 310 325.28 1.1 17116 20078.26 20.66 310 0 0 15810 0 0 17.2 18.4 17.8 0.05
46800.0 310 311.23 1.01 17556 16198.49 1.01 15192 15953.97 1.15 793198 1007759.51 20.66 310 325.28 1.1 17426 20403.53 20.66 310 0 0 16120 0 0 17.2 18.5 17.8 0.06
47700.0 376 311.37 1.01 17932 16509.85 1.01 15250 15957.68 1.15 808448 1023717.19 20.66 370 331.28 1.1 17796 20734.81 20.66 310 0 0 16430 0 0 17.2 18.5 17.8 0.06
48600.0 354 312.0 1.01 18286 16821.86 1.01 15205 15926.92 1.15 823653 1039644.1 20.66 350 329.28 1.1 18146 21064.09 20.66 310 0 0 16740 0 0 17.2 18.5 17.8 0.06
49500.0 310 311.23 1.01 18596 17133.09 1.01 15190 15956.8 1.15 838843 1055600.9 20.66 310 325.38 1.1 18456 21389.48 20.66 310 0 0 17050 0 0 17.1 18.5 17.76 0.07
50400.0 310 311.23 1.01 18906 17444.32 1.01 15203 15971.74 1.15 854046 1071572.64 20.66 310 325.39 1.1 18766 21714.86 20.66 310 0 0 17360 0 0 17.1 18.5 17.75 0.07
51300.0 376 311.37 1.01 19282 17755.69 1.01 15261 15975.45 1.15 869307 1087548.09 20.66 370 331.39 1.1 19136 22046.25 20.66 310 0 0 17670 0 0 17.1 18.5 17.75 0.07
52200.0 354 312.01 1.01 19636 18067.7 1.01 15211 15938.94 1.15 884518 1103487.04 20.66 350 329.39 1.1 19486 22375.64 20.66 310 0 0 17980 0 0 17.1 18.5 17.75 0.07
53100.0 310 311.23 1.01 19946 18378.92 1.01 15175 15939.55 1.15 899693 1119426.59 20.66 310 325.38 1.1 19796 22701.02 20.66 310 0 0 18290 0 0 17.1 18.5 17.73 0.08
54000.0 310 311.23 1.01 20256 18690.15 1.01 15179 15944.14 1.15 914872 1135370.73 20.66 310 325.39 1.1 20106 23026.41 20.66 310 0 0 18600 0 0 17.1 18.6 17.73 0.08
54900.0 376 311.37 1.01 20632 19001.53 1.01 15237 15947.85 1.15 930109 1151318.58 20.66 370 331.39 1.1 20476 23357.79 20.66 310 0 0 18910 0 0 17.1 18.6 17.73 0.08
55800.0 354 312.01 1.01 20986 19313.53 1.01 15199 15925.14 1.15 945308 1167243.72 20.66 350 329.39 1.1 20826 23687.18 20.66 310 0 0 19220 0 0 17.1 18.6 17.73 0.08
56700.0 310 311.23 1.01 21296 19624.76 1.01 15185 15951.05 1.15 960493 1183194.77 20.66 310 325.38 1.1 21136 24012.56 20.66 310 0 0 19530 0 0 17.1 18.6 17.7 0.09
57600.0 310 311.23 1.01 21606 19935.99 1.01 15194 15961.39 1.15 975687 1199156.16 20.66 310 325.39 1.1 21446 24337.95 20.66 310 0 0 19840 0 0 17.1 18.6 17.69 0.09
58500.0 376 311.37 1.01 21982 20247.36 1.01 15254 15967.4 1.15 990941 1215123.56 20.66 370 331.39 1.1 21816 24669.33 20.66 310 0 0 20150 0 0 17.1 18.6 17.69 0.09
59400.0 354 312.0 1.01 22336 20559.37 1.01 15198 15920.59 1.15 1006139 1231044.15 20.66 350 329.32 1.1 22166 24998.65 20.66 310 0 0 20460 0 0 17.1 18.6 17.69 0.09
60300.0 310 311.23 1.01 22646 20870.59 1.01 15173 15933.85 1.15 1021312 1246978.0 20.66 310 325.31 1.1 22476 25323.96 20.66 310 0 0 20770 0 0 17.0 18.6 17.67 0.1
61200.0 310 311.23 1.01 22956 21181.82 1.01 15185 15947.64 1.15 1036497 1262925.64 20.66 310 325.31 1.1 22786 25649.28 20.66 310 0 0 21080 0 0 17.0 18.6 17.65 0.1
62100.0 376 311.37 1.01 23332 21493.19 1.01 15244 15952.5 1.15 1051741 1278878.15 20.66 370 331.31 1.1 23156 25980.59 20.66 310 0 0 21390 0 0 17.0 18.6 17.65 0.11
63000.0 354 312.0 1.01 23686 21805.19 1.01 15201 15913.38 1.15 1066942 1294791.52 20.66 350 329.09 1.1 23506 26309.69 20.66 310 0 0 21700 0 0 17.0 18.6 17.65 0.11
63900.0 310 311.22 1.01 23996 22116.4 1.01 15169 15915.17 1.15 1082111 1310706.69 20.66 310 325.02 1.1 23816 26634.71 20.66 310 0 0 22010 0 0 17.0 18.6 17.64 0.11
64800.0 310 311.22 1.01 24306 22427.62 1.01 15173 15919.7 1.15 1097284 1326626.39 20.66 310 325.02 1.1 24126 26959.73 20.66 310 0 0 22320 0 0 17.0 18.6 17.63 0.11
65700.0 376 311.02 1.0 24682 22738.64 1.01 15233 15942.72 1.15 1112517 1342569.1 20.66 370 331.68 1.1 24496 27291.41 20.66 310 0 0 22630 0 0 17.0 18.6 17.63 0.11
66600.0 354 311.99 1.01 25036 23050.63 1.01 15189 15895.76 1.15 1127706 1358464.86 20.66 350 329.02 1.1 24846 27620.43 20.66 310 0 0 22940 0 0 17.0 18.6 17.63 0.11
67500.0 310 311.21 1.01 25346 23361.84 1.01 15155 15894.19 1.15 1142861 1374359.05 20.66 310 324.92 1.1 25156 27945.35 20.66 310 0 0 23250 0 0 17.0 18.6 17.62 0.11
68400.0 310 311.21 1.01 25656 23673.06 1.01 15159 15898.71 1.15 1158020 1390257.75 20.66 310 324.92 1.1 25466 28270.27 20.66 310 0 0 23560 0 0 17.0 18.7 17.62 0.12
69300.0 376 311.36 1.01 26032 23984.41 1.01 15219 15904.79 1.15 1173239 1406162.54 20.66 370 330.92 1.1 25836 28601.19 20.66 310 0 0 23870 0 0 17.0 18.7 17.62 0.12
70200.0 354 311.99 1.01 26386 24296.4 1.01 15184 15889.81 1.15 1188423 1422052.35 20.66 350 329.01 1.1 26186 28930.2 20.66 310 0 0 24180 0 0 17.0 18.7 17.62 0.12
71100.0 310 311.22 1.01 26696 24607.62 1.01 15154 15898.27 1.15 1203577 1437950.62 20.66 310 325.03 1.1 26496 29255.23 20.66 310 0 0 24490 0 0 17.0 18.7 17.61 0.12
72000.0 310 311.22 1.01 27006 24918.84 1.01 15163 15908.55 1.15 1218740 1453859.16 20.66 310 325.03 1.1 26806 29580.26 20.66 310 0 0 24800 0 0 17.0 18.7 17.6 0.12
72900.0 376 311.02 1.0 27382 25229.85 1.01 15221 15929.28 1.15 1233961 1469788.44 20.66 370 331.69 1.1 27176 29911.95 20.66 310 0 0 25110 0 0 17.0 18.7 17.6 0.12
73800.0 354 311.99 1.01 27736 25541.85 1.01 15187 15894.15 1.15 1249148 1485682.59 20.66 350 329.03 1.1 27526 30240.98 20.66 310 0 0 25420 0 0 17.0 18.7 17.6 0.12
74700.0 310 311.22 1.01 28046 25853.07 1.01 15149 15896.76 1.15 1264297 1501579.35 20.66 310 325.12 1.1 27836 30566.09 20.66 310 0 0 25730 0 0 17.0 18.7 17.59 0.12
75600.0 310 311.22 1.01 28356 26164.29 1.01 15148 15895.53 1.15 1279445 1517474.88 20.66 310 325.12 1.1 28146 30891.21 20.66 310 0 0 26040 0 0 17.0 18.7 17.59 0.12
76500.0 376 311.36 1.01 28732 26475.65 1.01 15208 15901.61 1.15 1294653 1533376.49 20.66 370 331.12 1.1 28516 31222.33 20.66 310 0 0 26350 0 0 17.0 18.7 17.59 0.12
77400.0 354 311.99 1.01 29086 26787.64 1.01 15176 15881.15 1.15 1309829 1549257.64 20.66 350 329.02 1.1 28866 31551.35 20.66 310 0 0 26660 0 0 17.0 18.7 17.59 0.12
78300.0 310 311.22 1.01 29396 27098.86 1.01 15138 15879.51 1.15 1324967 1565137.16 20.66 310 325.02 1.1 29176 31876.37 20.66 310 0 0 26970 0 0 17.0 18.7 17.58 0.12
79200.0 310 311.22 1.01 29706 27410.07 1.01 15145 15887.5 1.15 1340112 1581024.65 20.66 310 325.02 1.1 29486 32201.4 20.66 310 0 0 27280 0 0 17.0 18.6 17.58 0.12
80100.0 376 311.02 1.0 30082 27721.09 1.01 15205 15910.52 1.15 1355317 1596935.17 20.66 370 331.68 1.1 29856 32533.08 20.66 310 0 0 27590 0 0 17.0 18.6 17.58 0.12
81000.0 354 312.0 1.01 30436 28033.09 1.01 15173 15878.58 1.15 1370490 1612813.75 20.66 350 329.04 1.1 30206 32862.12 20.66 310 0 0 27900 0 0 17.0 18.6 17.58 0.12
81900.0 310 311.22 1.01 30746 28344.31 1.01 15139 15885.34 1.15 1385629 1628699.09 20.66 310 325.12 1.1 30516 33187.24 20.66 310 0 0 28210 0 0 17.0 18.6 17.57 0.12
82800.0 310 311.22 1.01 31056 28655.53 1.01 15140 15886.46 1.15 1400769 1644585.55 20.66 310 325.12 1.1 30826 33512.36 20.66 310 0 0 28520 0 0 17.0 18.6 17.58 0.12
83700.0 376 311.36 1.01 31432 28966.9 1.01 15195 15886.74 1.15 1415964 1660472.29 20.66 370 331.12 1.1 31196 33843.48 20.66 310 0 0 28830 0 0 17.0 18.6 17.58 0.12
84600.0 354 312.0 1.01 31786 29278.89 1.01 15164 15872.06 1.15 1431128 1676344.35 20.66 350 329.12 1.1 31546 34172.6 20.66 310 0 0 29140 0 0 17.0 18.6 17.58 0.12
85500.0 310 311.22 1.01 32096 29590.11 1.01 15137 15877.92 1.15 1446265 1692222.27 20.66 310 325.01 1.1 31856 34497.61 20.66 310 0 0 29450 0 0 17.0 18.6 17.58 0.11
86400.0 310 311.22 1.01 32406 29901.33 1.01 15135 15875.59 1.15 1461400 1708097.86 20.66 310 325.01 1.1 32166 34822.62 20.66 310 0 0 29760 0 0 17.0 18.6 17.58 0.1
87300.0 376 311.36 1.01 32782 30212.69 1.01 15195 15881.62 1.15 1476595 1723979.48 20.66 370 331.01 1.1 32536 35153.63 20.66 310 0 0 30070 0 0 17.0 18.6 17.58 0.1
88200.0 354 312.0 1.01 33136 30524.69 1.01 15160 15875.16 1.15 1491755 1739854.65 20.66 350 329.28 1.1 32886 35482.91 20.66 310 0 0 30380 0 0 17.0 18.6 17.58 0.1
89100.0 310 311.23 1.01 33446 30835.92 1.01 15169 15932.65 1.15 1506924 1755787.29 20.66 310 325.38 1.1 33196 35808.3 20.66 310 0 0 30690 0 0 17.0 18.6 17.62 0.08
90000.0 310 311.23 1.01 33756 31147.15 1.01 15209 15978.64 1.15 1522133 1771765.93 20.66 310 325.39 1.1 33506 36133.68 20.66 310 0 0 31000 0 0 17.1 18.5 17.68 0.05
90900.0 376 311.37 1.01 34132 31458.53 1.01 15269 15984.65 1.15 1537402 1787750.58 20.66 370 331.39 1.1 33876 36465.07 20.66 310 0 0 31310 0 0 17.1 18.5 17.68 0.05
91800.0 354 312.0 1.01 34486 31770.52 1.01 15227 15942.1 1.15 1552629 1803692.68 20.66 350 329.07 1.1 34226 36794.14 20.66 310 0 0 31620 0 0 17.1 18.5 17.68 0.05
92700.0 310 311.21 1.01 34796 32081.73 1.01 15245 15996.54 1.15 1567874 1819689.22 20.66 310 324.89 1.1 34536 37119.03 20.66 310 0 0 31930 0 0 17.1 23.8 19.38 2.18
93600.0 310 311.21 1.01 35106 32392.94 1.01 15245 15996.45 1.15 1583119 1835685.67 20.66 310 324.9 1.1 34846 37443.93 20.66 310 0 0 32240 0 0 17.1 23.8 20.52 4.97
94500.0 376 311.35 1.01 35482 32704.3 1.01 15301 15997.93 1.15 1598420 1851683.61 20.66 370 330.9 1.1 35216 37774.82 20.66 310 0 0 32550 0 0 17.1 23.8 20.55 5.01
95400.0 354 311.99 1.01 35836 33016.29 1.01 15274 15987.8 1.15 1613694 1867671.41 20.66 350 328.9 1.1 35566 38103.72 20.66 310 0 0 32860 0 0 17.1 23.8 20.55 5.01
96300.0 310 311.21 1.01 36146 33327.5 1.01 15245 15996.53 1.15 1628939 1883667.94 20.66 310 324.89 1.1 35876 38428.62 20.66 310 0 0 33170 0 0 17.1 24.0 20.89 4.91
97200.0 310 311.21 1.01 36456 33638.71 1.01 15242 15993.0 1.15 1644181 1899660.94 20.66 310 324.9 1.1 36186 38753.51 20.66 310 0 0 33480 0 0 17.1 24.0 21.05 4.9
98100.0 376 311.35 1.01 36832 33950.06 1.01 15300 15996.78 1.15 1659481 1915657.73 20.66 370 330.9 1.1 36556 39084.41 20.66 310 0 0 33790 0 0 17.4 24.0 21.06 4.89
99000.0 354 311.98 1.01 37186 34262.05 1.01 15279 15986.27 1.15 1674760 1931644.0 20.66 350 328.75 1.1 36906 39413.15 20.66 310 0 0 34100 0 0 17.4 24.0 21.06 4.89
99900.0 310 311.21 1.01 37496 34573.25 1.01 15242 15985.76 1.15 1690002 1947629.76 20.66 310 324.74 1.1 37216 39737.9 20.66 310 0 0 34410 0 0 17.4 24.0 21.28 4.29
100800.0 310 311.21 1.01 37806 34884.46 1.01 15236 15978.82 1.15 1705238 1963608.58 20.66 310 324.74 1.1 37526 40062.64 20.66 310 0 0 34720 0 0 17.5 24.0 21.42 4.04
101700.0 376 311.35 1.01 38182 35195.8 1.01 15295 15983.72 1.15 1720533 1979592.29 20.66 370 330.74 1.1 37896 40393.38 20.66 310 0 0 35030 0 0 17.8 24.0 21.42 4.02
102600.0 354 311.98 1.01 38536 35507.79 1.01 15267 15969.81 1.15 1735800 1995562.11 20.66 350 328.69 1.1 38246 40722.07 20.66 310 0 0 35340 0 0 17.8 24.0 21.42 4.02
103500.0 310 311.2 1.01 38846 35818.99 1.01 15230 15969.3 1.15 1751030 2011531.4 20.66 310 324.68 1.1 38556 41046.76 20.66 310 0 0 35650 0 0 17.8 24.0 21.57 3.48
104400.0 310 311.2 1.01 39156 36130.19 1.01 15233 15972.71 1.15 1766263 2027504.11 20.66 310 324.69 1.1 38866 41371.44 20.66 310 0 0 35960 0 0 18.0 24.0 21.73 3.2
105300.0 376 311.35 1.01 39532 36441.54 1.01 15292 15977.6 1.15 1781555 2043481.71 20.66 370 330.69 1.1 39236 41702.13 20.66 310 0 0 36270 0 0 18.5 24.0 21.73 3.17
106200.0 354 311.98 1.01 39886 36753.52 1.01 15271 15970.64 1.15 1796826 2059452.35 20.66 350 328.62 1.1 39586 42030.75 20.66 310 0 0 36580 0 0 18.5 24.0 21.73 3.17
107100.0 310 311.19 1.01 40196 37064.71 1.01 15231 15957.61 1.15 1812057 2075409.97 20.66 310 324.43 1.09 39896 42355.17 20.66 310 0 0 36890 0 0 18.5 24.0 21.72 2.97
108000.0 310 311.19 1.01 40506 37375.91 1.01 15230 15956.42 1.15 1827287 2091366.39 20.66 310 324.43 1.09 40206 42679.6 20.66 310 0 0 37200 0 0 18.8 24.0 21.73 2.94
108900.0 376 311.34 1.01 40882 37687.24 1.01 15289 15961.31 1.15 1842576 2107327.7 20.66 370 330.43 1.09 40576 43010.03 20.66 310 0 0 37510 0 0 18.9 24.0 21.73 2.93
109800.0 354 311.97 1.01 41236 37999.22 1.01 15268 15958.12 1.15 1857844 2123285.82 20.66 350 328.43 1.09 40926 43338.46 20.66 310 0 0 37820 0 0 18.9 24.0 21.73 2.93
110700.0 310 311.19 1.01 41546 38310.41 1.01 15226 15951.86 1.15 1873070 2139237.68 20.66 310 324.43 1.09 41236 43662.89 20.66 310 0 0 38130 0 0 18.9 24.0 21.63 2.86
111600.0 310 311.19 1.01 41856 38621.6 1.01 15225 15950.67 1.15 1888295 2155188.35 20.66 310 324.43 1.09 41546 43987.32 20.66 310 0 0 38440 0 0 18.9 24.0 21.57 2.75
112500.0 376 311.34 1.01 42232 38932.94 1.01 15285 15956.71 1.15 1903580 2171145.06 20.66 370 330.43 1.09 41916 44317.74 20.66 310 0 0 38750 0 0 18.9 23.9 21.57 2.74
113400.0 354 311.97 1.01 42586 39244.91 1.01 15263 15952.37 1.15 1918843 2187097.43 20.66 350 328.43 1.09 42266 44646.18 20.66 310 0 0 39060 0 0 18.9 23.9 21.57 2.74
114300.0 310 311.19 1.01 42896 39556.1 1.01 15223 15948.41 1.15 1934066 2203045.84 20.66 310 324.43 1.09 42576 44970.6 20.66 310 0 0 39370 0 0 18.9 23.9 22.88 0.99
115200.0 310 311.19 1.01 43206 39867.3 1.01 15222 15947.22 1.15 1949288 2218993.06 20.66 310 324.43 1.09 42886 45295.03 20.66 310 0 0 39680 0 0 18.9 24.0 23.48 0.17
116100.0 376 311.34 1.01 43582 40178.64 1.01 15282 15953.26 1.15 1964570 2234946.32 20.66 370 330.43 1.09 43256 45625.46 20.66 310 0 0 39990 0 0 22.6 24.0 23.51 0.04
117000.0 354 311.97 1.01 43936 40490.61 1.01 15259 15947.77 1.15 1979829 2250894.1 20.66 350 328.43 1.09 43606 45953.89 20.66 310 0 0 40300 0 0 22.6 24.0 23.51 0.04
117900.0 310 311.19 1.01 44246 40801.8 1.01 15219 15943.81 1.15 1995048 2266837.9 20.66 310 324.43 1.09 43916 46278.32 20.66 310 0 0 40610 0 0 22.6 24.0 23.55 0.02
118800.0 310 311.19 1.01 44556 41112.99 1.01 15218 15942.62 1.15 2010266 2282780.52 20.66 310 324.43 1.09 44226 46602.75 20.66 310 0 0 40920 0 0 22.7 24.0 23.6 0.02
119700.0 376 311.34 1.01 44932 41424.33 1.01 15275 15945.21 1.15 2025541 2298725.73 20.66 370 330.43 1.09 44596 46933.17 20.66 310 0 0 41230 0 0 22.7 24.0 23.6 0.02
120600.0 354 311.97 1.01 45286 41736.3 1.01 15255 15943.17 1.15 2040796 2314668.91 20.66 350 328.43 1.09 44946 47261.6 20.66 310 0 0 41540 0 0 22.7 24.0 23.6 0.02
121500.0 310 311.19 1.01 45596 42047.5 1.01 15215 15939.21 1.15 2056011 2330608.11 20.66 310 324.43 1.09 45256 47586.03 20.66 310 0 0 41850 0 0 22.7 24.0 23.64 0.01
122400.0 310 311.19 1.01 45906 42358.69 1.01 15213 15936.87 1.15 2071224 2346544.99 20.66 310 324.43 1.09 45566 47910.46 20.66 310 0 0 42160 0 0 22.8 24.0 23.67 0.01
123300.0 376 311.34 1.01 46282 42670.03 1.01 15273 15942.91 1.15 2086497 2362487.89 20.66 370 330.43 1.09 45936 48240.89 20.66 310 0 0 42470 0 0 22.8 24.0 23.67 0.01
124200.0 354 311.97 1.01 46636 42982.0 1.01 15253 15940.87 1.15 2101750 2378428.77 20.66 350 328.43 1.09 46286 48569.32 20.66 310 0 0 42780 0 0 22.8 24.0 23.67 0.01
125100.0 310 311.19 1.01 46946 43293.19 1.01 15210 15933.46 1.15 2116960 2394362.23 20.66 310 324.43 1.09 46596 48893.74 20.66 310 0 0 43090 0 0 22.8 24.0 23.7 0.01
126000.0 310 311.19 1.01 47256 43604.38 1.01 15208 15931.12 1.15 2132168 2410293.35 20.66 310 324.43 1.09 46906 49218.17 20.66 310 0 0 43400 0 0 22.9 24.0 23.72 0.01
126900.0 376 311.34 1.01 47632 43915.72 1.01 15267 15936.01 1.15 2147435 2426229.36 20.66 370 330.43 1.09 47276 49548.6 20.66 310 0 0 43710 0 0 22.9 24.0 23.73 0.01
127800.0 354 311.97 1.01 47986 44227.69 1.01 15245 15931.67 1.15 2162680 2442161.03 20.66 350 328.43 1.09 47626 49877.03 20.66 310 0 0 44020 0 0 22.9 24.0 23.73 0.01
128700.0 310 311.19 1.01 48296 44538.89 1.01 15205 15927.71 1.15 2177885 2458088.74 20.66 310 324.43 1.09 47936 50201.46 20.66 310 0 0 44330 0 0 22.9 24.0 23.75 0.01
129600.0 310 311.19 1.01 48606 44850.08 1.01 15203 15925.37 1.15 2193088 2474014.11 20.66 310 324.43 1.09 48246 50525.89 20.66 310 0 0 44640 0 0 23.1 24.0 23.77 0.01
130500.0 376 311.34 1.01 48982 45161.42 1.01 15258 15925.66 1.15 2208346 2489939.77 20.66 370 330.43 1.09 48616 50856.31 20.66 310 0 0 44950 0 0 23.1 24.0 23.77 0.01
131400.0 354 311.97 1.01 49336 45473.39 1.01 15238 15923.62 1.15 2223584 2505863.39 20.66 350 328.43 1.09 48966 51184.75 20.66 310 0 0 45260 0 0 23.1 24.0 23.77 0.01
132300.0 310 311.19 1.01 49646 45784.58 1.01 15197 15918.51 1.15 2238781 2521781.9 20.66 310 324.43 1.09 49276 51509.17 20.66 310 0 0 45570 0 0 23.1 24.0 23.79 0.01
133200.0 310 311.19 1.01 49956 46095.77 1.01 15197 15918.47 1.15 2253978 2537700.37 20.66 310 324.43 1.09 49586 51833.6 20.66 310 0 0 45880 0 0 23.2 24.0 23.8 0.01
134100.0 376 311.34 1.01 50332 46407.11 1.01 15257 15924.51 1.15 2269235 2553624.88 20.66 370 330.43 1.09 49956 52164.03 20.66 310 0 0 46190 0 0 23.2 24.0 23.8 0.01
135000.0 354 311.97 1.01 50686 46719.08 1.01 15235 15920.17 1.15 2284470 2569545.05 20.66 350 328.43 1.09 50306 52492.46 20.66 310 0 0 46500 0 0 23.2 24.0 23.8 0.01
135900.0 310 311.19 1.01 50996 47030.28 1.01 15192 15912.76 1.15 2299662 2585457.81 20.66 310 324.43 1.09 50616 52816.88 20.66 310 0 0 46810 0 0 23.2 24.0 23.83 0.01
136800.0 310 311.19 1.01 51306 47341.47 1.01 15190 15910.42 1.15 2314852 2601368.23 20.66 310 324.43 1.09 50926 53141.31 20.66 310 0 0 47120 0 0 23.3 24.0 23.84 0.01
137700.0 376 311.34 1.01 51682 47652.81 1.01 15250 15916.46 1.15 2330102 2617284.69 20.66 370 330.43 1.09 51296 53471.74 20.66 310 0 0 47430 0 0 23.3 24.0 23.85 0.01
138600.0 354 311.97 1.01 52036 47964.78 1.01 15226 15909.82 1.15 2345328 2633194.52 20.66 350 328.43 1.09 51646 53800.17 20.66 310 0 0 47740 0 0 23.3 24.0 23.85 0.01
139500.0 310 311.19 1.01 52346 48275.97 1.01 15186 15905.86 1.15 2360514 2649100.37 20.66 310 324.43 1.09 51956 54124.6 20.66 310 0 0 48050 0 0 23.3 24.0 23.85 0.01
140400.0 310 311.19 1.01 52656 48587.17 1.01 15185 15904.67 1.15 2375699 2665005.04 20.66 310 324.43 1.09 52266 54449.03 20.66 310 0 0 48360 0 0 23.4 24.0 23.86 0.01
141300.0 376 311.34 1.01 53032 48898.5 1.01 15241 15906.11 1.15 2390940 2680911.15 20.66 370 330.43 1.09 52636 54779.46 20.66 310 0 0 48670 0 0 23.4 24.0 23.86 0.01
142200.0 354 311.97 1.01 53386 49210.47 1.01 15221 15904.07 1.15 2406161 2696815.23 20.66 350 328.43 1.09 52986 55107.89 20.66 310 0 0 48980 0 0 23.4 24.0 23.86 0.01
143100.0 310 311.19 1.01 53696 49521.67 1.01 15181 15900.11 1.15 2421342 2712715.33 20.66 310 324.43 1.09 53296 55432.31 20.66 310 0 0 49290 0 0 23.4 24.0 23.88 0.01
144000.0 310 311.19 1.01 54006 49832.86 1.01 15179 15897.77 1.15 2436521 2728613.11 20.66 310 324.43 1.09 53606 55756.74 20.66 310 0 0 49600 0 0 23.5 24.0 23.88 0.01
144900.0 376 311.34 1.01 54382 50144.2 1.01 15239 15903.81 1.15 2451760 2744516.92 20.66 370 330.43 1.09 53976 56087.17 20.66 310 0 0 49910 0 0 23.5 24.0 23.88 0.01
145800.0 354 311.97 1.01 54736 50456.17 1.01 15219 15901.77 1.15 2466979 2760418.69 20.66 350 328.43 1.09 54326 56415.6 20.66 310 0 0 50220 0 0 23.5 24.0 23.88 0.01
146700.0 310 311.19 1.01 55046 50767.36 1.01 15177 15895.51 1.15 2482156 2776314.2 20.66 310 324.43 1.09 54636 56740.03 20.66 310 0 0 50530 0 0 23.5 24.0 23.89 0.01
147600.0 310 311.19 1.01 55356 51078.56 1.01 15176 15894.32 1.15 2497332 2792208.52 20.66 310 324.43 1.09 54946 57064.46 20.66 310 0 0 50840 0 0 23.6 24.0 23.89 0.01
148500.0 376 311.34 1.01 55732 51389.89 1.01 15235 15899.21 1.15 2512567 2808107.73 20.66 370 330.43 1.09 55316 57394.88 20.66 310 0 0 51150 0 0 23.6 24.0 23.89 0.01
149400.0 354 311.97 1.01 56086 51701.86 1.01 15211 15892.57 1.15 2527778 2824000.3 20.66 350 328.43 1.09 55666 57723.31 20.66 310 0 0 51460 0 0 23.6 24.0 23.89 0.01
150300.0 310 311.19 1.01 56396 52013.06 1.01 15171 15888.61 1.15 2542949 2839888.91 20.66 310 324.43 1.09 55976 58047.74 20.66 310 0 0 51770 0 0 23.6 24.0 23.89 0.01
151200.0 310 311.19 1.01 56706 52324.25 1.01 15170 15887.42 1.15 2558119 2855776.33 20.66 310 324.43 1.09 56286 58372.17 20.66 310 0 0 52080 0 0 23.7 24.0 23.9 0.01
152100.0 376 311.34 1.01 57082 52635.59 1.01 15227 15890.01 1.15 2573346 2871666.34 20.66 370 330.43 1.09 56656 58702.6 20.66 310 0 0 52390 0 0 23.7 24.0 23.9 0.01
153000.0 354 311.97 1.01 57436 52947.56 1.01 15207 15887.97 1.15 2588553 2887554.31 20.66 350 328.43 1.09 57006 59031.03 20.66 310 0 0 52700 0 0 23.7 24.0 23.9 0.01
153900.0 310 311.19 1.01 57746 53258.75 1.01 15164 15880.56 1.15 2603717 2903434.87 20.66 310 324.43 1.09 57316 59355.45 20.66 310 0 0 53010 0 0 23.7 24.0 23.89 0.01
154800.0 310 311.19 1.01 58056 53569.95 1.01 15162 15878.22 1.15 2618879 2919313.09 20.66 310 324.43 1.09 57626 59679.88 20.66 310 0 0 53320 0 0 23.6 24.0 23.89 0.01
155700.0 376 311.34 1.01 58432 53881.28 1.01 15222 15884.26 1.15 2634101 2935197.35 20.66 370 330.43 1.09 57996 60010.31 20.66 310 0 0 53630 0 0 23.6 24.0 23.89 0.01
156600.0 354 311.97 1.01 58786 54193.25 1.01 15201 15881.07 1.15 2649302 2951078.42 20.66 350 328.43 1.09 58346 60338.74 20.66 310 0 0 53940 0 0 23.6 24.0 23.89 0.01
157500.0 310 311.19 1.01 59096 54504.45 1.01 15159 15874.81 1.15 2664461 2966953.23 20.66 310 324.43 1.09 58656 60663.17 20.66 310 0 0 54250 0 0 23.6 24.0 23.88 0.01
158400.0 310 311.19 1.01 59406 54815.64 1.01 15159 15874.77 1.15 2679620 2982828.0 20.66 310 324.43 1.09 58966 60987.6 20.66 310 0 0 54560 0 0 23.5 24.0 23.88 0.01
159300.0 376 311.34 1.01 59782 55126.98 1.01 15219 15880.81 1.15 2694839 2998708.81 20.66 370 330.43 1.09 59336 61318.02 20.66 310 0 0 54870 0 0 23.5 24.0 23.88 0.01
160200.0 354 311.97 1.01 60136 55438.95 1.01 15197 15876.47 1.15 2710036 3014585.29 20.66 350 328.43 1.09 59686 61646.46 20.66 310 0 0 55180 0 0 23.5 24.0 23.88 0.01
161100.0 310 311.19 1.01 60446 55750.14 1.01 15157 15872.51 1.15 2725193 3030457.79 20.66 310 324.43 1.09 59996 61970.88 20.66 310 0 0 55490 0 0 23.5 24.0 23.86 0.01
162000.0 310 311.19 1.01 60756 56061.34 1.01 15157 15872.47 1.15 2740350 3046330.27 20.66 310 324.43 1.09 60306 62295.31 20.66 310 0 0 55800 0 0 23.4 24.0 23.86 0.01
162900.0 376 311.01 1.0 61132 56372.34 1.01 15217 15892.99 1.15 2755567 3062223.26 20.66 370 331.01 1.1 60676 62626.32 20.66 310 0 0 56110 0 0 23.4 24.0 23.86 0.01
163800.0 354 311.97 1.01 61486 56684.31 1.01 15197 15876.47 1.15 2770764 3078099.73 20.66 350 328.43 1.09 61026 62954.75 20.66 310 0 0 56420 0 0 23.4 24.0 23.86 0.01
164700.0 310 311.19 1.01 61796 56995.51 1.01 15156 15871.36 1.15 2785920 3093971.09 20.66 310 324.43 1.09 61336 63279.18 20.66 310 0 0 56730 0 0 23.4 24.0 23.83 0.02
165600.0 310 311.19 1.01 62106 57306.7 1.01 15152 15866.72 1.15 2801072 3109837.81 20.66 310 324.43 1.09 61646 63603.61 20.66 310 0 0 57040 0 0 23.3 24.0 23.82 0.02
166500.0 376 311.34 1.01 62482 57618.04 1.01 15212 15872.76 1.15 2816284 3125710.57 20.66 370 330.43 1.09 62016 63934.04 20.66 310 0 0 57350 0 0 23.3 24.0 23.82 0.02
167400.0 354 311.97 1.01 62836 57930.01 1.01 15191 15869.57 1.15 2831475 3141580.14 20.66 350 328.43 1.09 62366 64262.47 20.66 310 0 0 57660 0 0 23.3 24.0 23.82 0.02
168300.0 310 311.19 1.01 63146 58241.2 1.01 15151 15865.61 1.15 2846626 3157445.75 20.66 310 324.43 1.09 62676 64586.89 20.66 310 0 0 57970 0 0 23.3 24.0 23.8 0.02
169200.0 310 311.19 1.01 63456 58552.4 1.01 15149 15863.27 1.15 2861775 3173309.02 20.66 310 324.43 1.09 62986 64911.32 20.66 310 0 0 58280 0 0 23.2 24.0 23.79 0.02
170100.0 376 311.01 1.0 63832 58863.4 1.01 15208 15882.64 1.15 2876983 3189191.66 20.66 370 331.01 1.1 63356 65242.33 20.66 310 0 0 58590 0 0 23.2 24.0 23.79 0.02
171000.0 354 311.97 1.01 64186 59175.37 1.01 15186 15863.82 1.15 2892169 3205055.49 20.66 350 328.43 1.09 63706 65570.77 20.66 310 0 0 58900 0 0 23.2 24.0 23.79 0.02
171900.0 310 311.19 1.01 64496 59486.57 1.01 15145 15858.71 1.15 2907314 3220914.19 20.66 310 324.43 1.09 64016 65895.19 20.66 310 0 0 59210 0 0 23.2 24.0 23.76 0.03
172800.0 310 311.19 1.01 64806 59797.76 1.01 15143 15856.37 1.15 2922457 3236770.56 20.66 310 324.43 1.09 64326 66219.62 20.66 310 0 0 59520 0 0 23.1 24.0 23.74 0.03
173700.0 376 311.34 1.01 65182 60109.1 1.01 15201 15860.11 1.15 2937658 3252630.67 20.66 370 330.43 1.09 64696 66550.05 20.66 310 0 0 59830 0 0 23.1 24.0 23.74 0.02
174600.0 354 311.97 1.01 65536 60421.07 1.01 15180 15856.92 1.15 2952838 3268487.6 20.66 350 328.43 1.09 65046 66878.48 20.66 310 0 0 60140 0 0 23.1 24.0 23.74 0.02
175500.0 310 311.19 1.01 65846 60732.26 1.01 15139 15851.81 1.15 2967977 3284339.4 20.66 310 324.43 1.09 65356 67202.9 20.66 310 0 0 60450 0 0 23.1 24.0 23.71 0.03
176400.0 310 311.19 1.01 66156 61043.46 1.01 15135 15847.17 1.15 2983112 3300186.58 20.66 310 324.43 1.09 65666 67527.33 20.66 310 0 0 60760 0 0 22.9 24.0 23.68 0.03
177300.0 376 311.34 1.01 66532 61354.79 1.01 15190 15847.46 1.15 2998302 3316034.04 20.66 370 330.43 1.09 66036 67857.76 20.66 310 0 0 61070 0 0 22.9 23.9 23.68 0.03
178200.0 354 311.97 1.01 66886 61666.76 1.01 15167 15841.97 1.15 3013469 3331876.01 20.66 350 328.43 1.09 66386 68186.19 20.66 310 0 0 61380 0 0 22.9 23.9 23.68 0.03
179100.0 310 311.19 1.01 67196 61977.96 1.01 15125 15835.71 1.15 3028594 3347711.72 20.66 310 324.43 1.09 66696 68510.62 20.66 310 0 0 61690 0 0 22.9 23.9 23.62 0.03
180000.0 310 311.19 1.01 67506 62289.15 1.01 15128 15839.12 1.15 3043722 3363550.84 20.66 310 324.43 1.09 67006 68835.05 20.66 310 0 0 62000 0 0 22.8 23.9 23.58 0.03
180900.0 376 311.34 1.01 67882 62600.49 1.01 15188 15845.16 1.15 3058910 3379396.0 20.66 370 330.43 1.09 67376 69165.48 20.66 310 0 0 62310 0 0 22.8 23.9 23.58 0.02
181800.0 354 311.97 1.01 68236 62912.46 1.01 15163 15837.37 1.15 3074073 3395233.37 20.66 350 328.43 1.09 67726 69493.91 20.66 310 0 0 62620 0 0 22.8 23.9 23.58 0.02
182700.0 310 311.19 1.01 68546 63223.65 1.01 15124 15834.56 1.15 3089197 3411067.93 20.66 310 324.43 1.09 68036 69818.33 20.66 310 0 0 62930 0 0 22.8 23.8 23.51 0.03
183600.0 310 311.19 1.01 68856 63534.85 1.01 15129 15840.27 1.15 3104326 3426908.2 20.66 310 324.43 1.09 68346 70142.76 20.66 310 0 0 63240 0 0 22.7 23.8 23.44 0.02
184500.0 376 311.34 1.01 69232 63846.18 1.01 15186 15842.86 1.15 3119512 3442751.06 20.66 370 330.43 1.09 68716 70473.19 20.66 310 0 0 63550 0 0 22.7 23.8 23.44 0.02
185400.0 354 311.97 1.01 69586 64158.15 1.01 15160 15833.92 1.15 3134672 3458584.98 20.66 350 328.43 1.09 69066 70801.62 20.66 310 0 0 63860 0 0 22.7 23.8 23.44 0.02
186300.0 310 311.19 1.01 69896 64469.35 1.01 15125 15835.71 1.15 3149797 3474420.69 20.66 310 324.43 1.09 69376 71126.05 20.66 310 0 0 64170 0 0 22.7 23.7 23.35 0.03
187200.0 310 311.19 1.01 70206 64780.54 1.01 15124 15834.52 1.15 3164921 3490255.21 20.66 310 324.43 1.09 69686 71450.48 20.66 310 0 0 64480 0 0 22.4 23.7 23.27 0.02
188100.0 376 311.34 1.01 70582 65091.88 1.01 15183 15839.41 1.15 3180104 3506094.62 20.66 370 330.43 1.09 70056 71780.9 20.66 310 0 0 64790 0 0 22.4 23.7 23.26 0.02
189000.0 354 311.97 1.01 70936 65403.85 1.01 15159 15832.77 1.15 3195263 3521927.39 20.66 350 328.43 1.09 70406 72109.33 20.66 310 0 0 65100 0 0 22.4 23.7 23.26 0.02
189900.0 310 311.19 1.01 71246 65715.04 1.01 15114 15823.06 1.15 3210377 3537750.45 20.66 310 324.43 1.09 70716 72433.76 20.66 310 0 0 65410 0 0 22.4 23.6 23.13 0.03
190800.0 310 311.19 1.01 71556 66026.24 1.01 15110 15818.42 1.15 3225487 3553568.87 20.66 310 324.43 1.09 71026 72758.19 20.66 310 0 0 65720 0 0 22.1 23.5 23.02 0.03
191700.0 376 311.34 1.01 71932 66337.57 1.01 15168 15822.16 1.15 3240655 3569391.03 20.66 370 330.43 1.09 71396 73088.62 20.66 310 0 0 66030 0 0 22.1 23.5 23.01 0.03
192600.0 354 311.97 1.01 72286 66649.54 1.01 15136 15806.32 1.15 3255791 3585197.36 20.66 350 328.43 1.09 71746 73417.05 20.66 310 0 0 66340 0 0 22.1 23.5 23.01 0.03
193500.0 310 311.19 1.01 72596 66960.74 1.01 15103 15810.41 1.15 3270894 3601007.76 20.66 310 324.43 1.09 72056 73741.47 20.66 310 0 0 66650 0 0 22.1 23.4 22.86 0.03
194400.0 310 311.19 1.01 72906 67271.93 1.01 15104 15811.52 1.15 3285998 3616819.29 20.66 310 324.43 1.09 72366 74065.9 20.66 310 0 0 66960 0 0 22.0 23.3 22.73 0.03
195300.0 376 311.34 1.01 73282 67583.27 1.01 15154 15806.06 1.15 3301152 3632625.34 20.66 370 330.43 1.09 72736 74396.33 20.66 310 0 0 67270 0 0 22.0 23.3 22.73 0.02
196200.0 354 311.97 1.01 73636 67895.24 1.01 15132 15801.72 1.15 3316284 3648427.07 20.66 350 328.43 1.09 73086 74724.76 20.66 310 0 0 67580 0 0 22.0 23.3 22.73 0.02
197100.0 310 311.19 1.01 73946 68206.43 1.01 15097 15803.51 1.15 3331381 3664230.57 20.66 310 324.43 1.09 73396 75049.19 20.66 310 0 0 67890 0 0 22.0 23.1 22.57 0.02
198000.0 310 311.19 1.01 74256 68517.63 1.01 15083 15787.37 1.15 3346464 3680017.95 20.66 310 324.43 1.09 73706 75373.62 20.66 310 0 0 68200 0 0 22.0 23.1 22.42 0.03
198900.0 376 311.34 1.01 74632 68828.96 1.01 15140 15789.96 1.15 3361604 3695807.91 20.66 370 330.43 1.09 74076 75704.05 20.66 310 0 0 68510 0 0 22.0 23.1 22.42 0.03
199800.0 354 311.97 1.01 74986 69140.93 1.01 15120 15787.92 1.15 3376724 3711595.83 20.66 350 328.43 1.09 74426 76032.48 20.66 310 0 0 68820 0 0 22.0 23.1 22.42 0.03
200700.0 310 311.19 1.01 75296 69452.13 1.01 15081 15785.11 1.15 3391805 3727380.94 20.66 310 324.43 1.09 74736 76356.9 20.66 310 0 0 69130 0 0 22.0 22.8 22.26 0.01
201600.0 310 311.19 1.01 75606 69763.32 1.01 15082 15786.22 1.15 3406887 3743167.16 20.66 310 324.43 1.09 75046 76681.33 20.66 310 0 0 69440 0 0 22.0 22.8 22.18 0.02
202500.0 376 311.34 1.01 75982 70074.66 1.01 15142 15792.26 1.15 3422029 3758959.42 20.66 370 330.43 1.09 75416 77011.76 20.66 310 0 0 69750 0 0 22.0 22.8 22.18 0.02
203400.0 354 311.97 1.01 76336 70386.63 1.01 15116 15783.32 1.15 3437145 3774742.74 20.66 350 328.43 1.09 75766 77340.19 20.66 310 0 0 70060 0 0 22.0 22.8 22.18 0.02
204300.0 310 311.19 1.01 76646 70697.82 1.01 15087 15792.01 1.15 3452232 3790534.75 20.66 310 324.43 1.09 76076 77664.62 20.66 310 0 0 70370 0 0 22.0 22.6 22.07 0.01
205200.0 310 311.19 1.01 76956 71009.02 1.01 15087 15791.97 1.15 3467319 3806326.72 20.66 310 324.43 1.09 76386 77989.05 20.66 310 0 0 70680 0 0 22.0 22.6 22.06 0.01
206100.0 376 311.01 1.0 77332 71320.02 1.01 15146 15811.34 1.15 3482465 3822138.06 20.66 370 331.01 1.1 76756 78320.06 20.66 310 0 0 70990 0 0 22.0 22.6 22.06 0.01
207000.0 354 311.97 1.01 77686 71631.99 1.01 15110 15776.42 1.15 3497575 3837914.48 20.66 350 328.43 1.09 77106 78648.49 20.66 310 0 0 71300 0 0 22.0 22.6 22.06 0.01
207900.0 310 311.19 1.01 77996 71943.19 1.01 15081 15785.11 1.15 3512656 3853699.59 20.66 310 324.43 1.09 77416 78972.91 20.66 310 0 0 71610 0 0 22.0 22.2 22.02 0.0
208800.0 310 311.19 1.01 78306 72254.38 1.01 15078 15781.62 1.15 3527734 3869481.21 20.66 310 324.43 1.09 77726 79297.34 20.66 310 0 0 71920 0 0 22.0 22.2 22.02 0.0
209700.0 376 311.34 1.01 78682 72565.72 1.01 15137 15786.51 1.15 3542871 3885267.72 20.66 370 330.43 1.09 78096 79627.77 20.66 310 0 0 72230 0 0 22.0 22.2 22.02 0.0
210600.0 354 311.97 1.01 79036 72877.69 1.01 15107 15772.97 1.15 3557978 3901040.7 20.66 350 328.43 1.09 78446 79956.2 20.66 310 0 0 72540 0 0 22.0 22.2 22.02 0.0
211500.0 310 311.19 1.01 79346 73188.88 1.01 15067 15769.01 1.15 3573045 3916809.7 20.66 310 324.43 1.09 78756 80280.63 20.66 310 0 0 72850 0 0 22.0 22.0 22.0 0.0
212400.0 310 311.19 1.01 79656 73500.08 1.01 15066 15767.82 1.15 3588111 3932577.53 20.66 310 324.43 1.09 79066 80605.06 20.66 310 0 0 73160 0 0 22.0 22.0 22.0 0.0
213300.0 376 311.01 1.0 80032 73811.08 1.01 15122 15783.74 1.15 3603233 3948361.27 20.66 370 331.01 1.1 79436 80936.07 20.66 310 0 0 73470 0 0 22.0 22.0 22.0 0.0
214200.0 354 311.97 1.01 80386 74123.05 1.01 15090 15753.42 1.15 3618323 3964114.69 20.66 350 328.43 1.09 79786 81264.5 20.66 310 0 0 73780 0 0 22.0 22.0 22.0 0.0
215100.0 310 311.19 1.01 80696 74434.25 1.01 15049 15748.31 1.15 3633372 3979863.0 20.66 310 324.43 1.09 80096 81588.93 20.66 310 0 0 74090 0 0 22.0 22.0 22.0 0.0
216000.0 310 311.19 1.01 81006 74745.44 1.01 15044 15742.52 1.15 3648416 3995605.52 20.66 310 324.43 1.09 80406 81913.35 20.66 310 0 0 74400 0 0 22.0 22.0 22.0 0.0
216900.0 376 311.34 1.01 81382 75056.78 1.01 15101 15745.11 1.15 3663517 4011350.63 20.66 370 330.43 1.09 80776 82243.78 20.66 310 0 0 74710 0 0 22.0 22.0 22.0 0.0
217800.0 354 311.97 1.01 81736 75368.75 1.01 15079 15740.77 1.15 3678596 4027091.4 20.66 350 328.43 1.09 81126 82572.21 20.66 310 0 0 75020 0 0 22.0 22.0 22.0 0.0
218700.0 310 311.19 1.01 82046 75679.94 1.01 15031 15727.61 1.15 3693627 4042819.01 20.66 310 324.43 1.09 81436 82896.64 20.66 310 0 0 75330 0 0 22.0 22.0 22.0 0.0
219600.0 310 311.19 1.01 82356 75991.14 1.01 15027 15722.97 1.15 3708654 4058541.98 20.66 310 324.43 1.09 81746 83221.07 20.66 310 0 0 75640 0 0 22.0 22.0 22.0 0.0
220500.0 376 311.34 1.01 82732 76302.47 1.01 15076 15716.36 1.15 3723730 4074258.34 20.66 370 330.43 1.09 82116 83551.5 20.66 310 0 0 75950 0 0 22.0 22.0 22.0 0.0
221400.0 354 311.97 1.01 83086 76614.45 1.01 15052 15711.87 1.15 3738782 4089970.21 20.66 350 328.47 1.09 82466 83879.97 20.66 310 0 0 76260 0 0 22.0 22.0 22.0 0.0
222300.0 310 311.2 1.01 83396 76925.64 1.01 15114 15827.05 1.15 3753896 4105797.25 20.66 310 324.51 1.09 82776 84204.48 20.66 310 0 0 76570 0 0 20.4 22.0 21.31 0.08
223200.0 310 311.2 1.01 83706 77236.84 1.01 15143 15860.3 1.15 3769039 4121657.55 20.66 310 324.51 1.09 83086 84528.98 20.66 310 0 0 76880 0 0 19.9 22.0 20.58 0.16
224100.0 376 311.34 1.01 84082 77548.18 1.01 15203 15866.4 1.15 3784242 4137523.96 20.66 370 330.51 1.09 83456 84859.49 20.66 310 0 0 77190 0 0 19.8 21.8 20.55 0.13
225000.0 354 311.97 1.01 84436 77860.16 1.01 15181 15862.03 1.15 3799423 4153385.99 20.66 350 328.51 1.09 83806 85188.0 20.66 310 0 0 77500 0 0 19.8 21.8 20.55 0.13
225900.0 310 311.2 1.01 84746 78171.35 1.01 15142 15859.43 1.15 3814565 4169245.42 20.66 310 324.51 1.09 84116 85512.52 20.66 310 0 0 77810 0 0 19.8 21.7 20.49 0.12
226800.0 310 311.2 1.01 85056 78482.55 1.01 15144 15861.66 1.15 3829709 4185107.08 20.66 310 324.51 1.09 84426 85837.03 20.66 310 0 0 78120 0 0 19.8 21.7 20.45 0.14
227700.0 376 311.34 1.01 85432 78793.89 1.01 15204 15867.73 1.15 3844913 4200974.82 20.66 370 330.51 1.09 84796 86167.54 20.66 310 0 0 78430 0 0 19.8 21.7 20.45 0.14
228600.0 354 311.98 1.01 85786 79105.87 1.01 15180 15862.41 1.15 3860093 4216837.22 20.66 350 328.54 1.1 85146 86496.09 20.66 310 0 0 78740 0 0 19.8 21.7 20.45 0.14
229500.0 310 311.2 1.01 86096 79417.07 1.01 15141 15858.16 1.15 3875234 4232695.39 20.66 310 324.51 1.09 85456 86820.6 20.66 310 0 0 79050 0 0 19.8 21.6 20.43 0.14
230400.0 310 311.2 1.01 86406 79728.26 1.01 15140 15856.91 1.15 3890374 4248552.3 20.66 310 324.51 1.09 85766 87145.11 20.66 310 0 0 79360 0 0 19.8 21.6 20.44 0.14
231300.0 376 311.01 1.0 86782 80039.27 1.01 15198 15876.39 1.15 3905572 4264428.69 20.66 370 331.13 1.1 86136 87476.23 20.66 310 0 0 79670 0 0 19.8 21.6 20.44 0.14
232200.0 354 311.97 1.01 87136 80351.25 1.01 15175 15854.85 1.15 3920747 4280283.53 20.66 350 328.51 1.09 86486 87804.74 20.66 310 0 0 79980 0 0 19.8 21.6 20.44 0.14
233100.0 310 311.2 1.01 87446 80662.44 1.01 15136 15853.57 1.15 3935883 4296137.1 20.66 310 324.53 1.1 86796 88129.27 20.66 310 0 0 80290 0 0 19.8 21.5 20.47 0.15
234000.0 310 311.2 1.01 87756 80973.64 1.01 15133 15850.04 1.15 3951016 4311987.14 20.66 310 324.54 1.1 87106 88453.81 20.66 310 0 0 80600 0 0 19.8 21.5 20.48 0.15
234900.0 376 311.34 1.01 88132 81284.98 1.01 15193 15856.12 1.15 3966209 4327843.26 20.66 370 330.54 1.1 87476 88784.34 20.66 310 0 0 80910 0 0 19.8 21.5 20.48 0.15
235800.0 354 311.97 1.01 88486 81596.96 1.01 15167 15844.87 1.15 3981376 4343688.13 20.66 350 328.49 1.09 87826 89112.83 20.66 310 0 0 81220 0 0 19.8 21.5 20.48 0.15
236700.0 310 311.2 1.01 88796 81908.15 1.01 15132 15845.53 1.15 3996508 4359533.66 20.66 310 324.46 1.09 88136 89437.29 20.66 310 0 0 81530 0 0 19.8 21.4 20.49 0.16
237600.0 310 311.2 1.01 89106 82219.35 1.01 15134 15847.79 1.15 4011642 4375381.44 20.66 310 324.47 1.09 88446 89761.76 20.66 310 0 0 81840 0 0 19.8 21.4 20.54 0.15
238500.0 376 311.01 1.0 89482 82530.35 1.01 15190 15863.73 1.15 4026832 4391245.17 20.66 370 331.05 1.1 88816 90092.81 20.66 310 0 0 82150 0 0 19.7 21.4 20.54 0.15
239400.0 354 311.97 1.01 89836 82842.33 1.01 15159 15835.93 1.15 4041991 4407081.11 20.66 350 328.5 1.09 89166 90421.31 20.66 310 0 0 82460 0 0 19.7 21.4 20.54 0.15
240300.0 310 311.2 1.01 90146 83153.53 1.01 15122 15835.46 1.15 4057113 4422916.56 20.66 310 324.49 1.09 89476 90745.8 20.66 310 0 0 82770 0 0 19.7 21.5 20.56 0.16
241200.0 310 311.2 1.01 90456 83464.72 1.01 15117 15829.63 1.15 4072230 4438746.19 20.66 310 324.49 1.09 89786 91070.29 20.66 310 0 0 83080 0 0 19.7 21.6 20.59 0.15
242100.0 376 311.34 1.01 90832 83776.06 1.01 15176 15834.56 1.15 4087406 4454580.75 20.66 370 330.49 1.09 90156 91400.78 20.66 310 0 0 83390 0 0 19.7 21.6 20.59 0.15
243000.0 354 311.97 1.01 91186 84088.03 1.01 15148 15822.93 1.15 4102554 4470403.69 20.66 350 328.49 1.09 90506 91729.27 20.66 310 0 0 83700 0 0 19.7 21.6 20.59 0.15
243900.0 310 311.2 1.01 91496 84399.23 1.01 15109 15820.68 1.15 4117663 4486224.37 20.66 310 324.5 1.09 90816 92053.77 20.66 310 0 0 84010 0 0 19.7 21.7 20.6 0.17
244800.0 310 311.2 1.01 91806 84710.43 1.01 15117 15829.77 1.15 4132780 4502054.14 20.66 310 324.5 1.09 91126 92378.27 20.66 310 0 0 84320 0 0 19.7 21.8 20.64 0.16
245700.0 376 311.34 1.01 92182 85021.77 1.01 15177 15835.88 1.15 4147957 4517890.02 20.66 370 330.5 1.09 91496 92708.76 20.66 310 0 0 84630 0 0 19.6 21.8 20.64 0.17
246600.0 354 311.98 1.01 92536 85333.74 1.01 15142 15817.78 1.15 4163099 4533707.8 20.66 350 328.52 1.1 91846 93037.29 20.66 310 0 0 84940 0 0 19.6 21.8 20.64 0.17
247500.0 310 311.2 1.01 92846 85644.94 1.01 15103 15813.84 1.15 4178202 4549521.65 20.66 310 324.49 1.09 92156 93361.78 20.66 310 0 0 85250 0 0 19.6 21.8 20.61 0.17
248400.0 310 311.2 1.01 93156 85956.14 1.01 15102 15812.6 1.15 4193304 4565334.24 20.66 310 324.5 1.09 92466 93686.28 20.66 310 0 0 85560 0 0 19.6 21.9 20.62 0.18
249300.0 376 311.34 1.01 93532 86267.48 1.01 15160 15816.39 1.15 4208464 4581150.64 20.66 370 330.5 1.09 92836 94016.77 20.66 310 0 0 85870 0 0 19.5 21.9 20.62 0.18
250200.0 354 311.97 1.01 93886 86579.45 1.01 15126 15797.1 1.15 4223590 4596947.73 20.66 350 328.48 1.09 93186 94345.25 20.66 310 0 0 86180 0 0 19.5 21.9 20.62 0.18
251100.0 310 311.2 1.01 94196 86890.65 1.01 15100 15809.58 1.15 4238690 4612757.32 20.66 310 324.48 1.09 93496 94669.73 20.66 310 0 0 86490 0 0 19.5 21.9 20.58 0.19
252000.0 310 311.2 1.01 94506 87201.85 1.01 15102 15811.78 1.15 4253792 4628569.1 20.66 310 324.48 1.09 93806 94994.21 20.66 310 0 0 86800 0 0 19.5 22.0 20.57 0.21
252900.0 376 311.34 1.01 94882 87513.19 1.01 15161 15816.74 1.15 4268953 4644385.83 20.66 370 330.48 1.09 94176 95324.69 20.66 310 0 0 87110 0 0 19.5 22.0 20.57 0.21
253800.0 354 311.97 1.01 95236 87825.16 1.01 15126 15797.95 1.15 4284079 4660183.79 20.66 350 328.49 1.09 94526 95653.19 20.66 310 0 0 87420 0 0 19.5 22.0 20.57 0.21
254700.0 310 311.2 1.01 95546 88136.36 1.01 15135 15850.87 1.15 4299214 4676034.66 20.66 310 324.5 1.09 94836 95977.69 20.66 310 0 0 87730 0 0 19.5 22.0 20.44 0.21
255600.0 310 311.2 1.01 95856 88447.56 1.01 15144 15861.12 1.15 4314358 4691895.78 20.66 310 324.5 1.09 95146 96302.19 20.66 310 0 0 88040 0 0 19.5 21.8 20.4 0.22
256500.0 376 311.34 1.01 96232 88758.9 1.01 15204 15867.23 1.15 4329562 4707763.01 20.66 370 330.5 1.09 95516 96632.7 20.66 310 0 0 88350 0 0 19.3 21.8 20.4 0.23
257400.0 354 311.97 1.01 96586 89070.87 1.01 15155 15830.35 1.15 4344717 4723593.36 20.66 350 328.47 1.09 95866 96961.17 20.66 310 0 0 88660 0 0 19.3 21.8 20.4 0.23
258300.0 310 311.2 1.01 96896 89382.07 1.01 15147 15864.29 1.15 4359864 4739457.65 20.66 310 324.49 1.09 96176 97285.66 20.66 310 0 0 88970 0 0 19.3 21.8 20.25 0.22
259200.0 310 311.2 1.01 97206 89693.26 1.01 15157 15875.72 1.15 4375021 4755333.37 20.66 310 324.49 1.09 96486 97610.16 20.66 310 0 0 89280 0 0 19.3 21.8 20.16 0.25
260100.0 376 311.34 1.01 97582 90004.6 1.01 15217 15881.79 1.15 4390238 4771215.16 20.66 370 330.5 1.09 96856 97940.65 20.66 310 0 0 89590 0 0 19.2 21.6 20.15 0.25
261000.0 356 313.04 1.01 97938 90317.64 1.01 15506 181259.39 20.63 4405744 4952474.55 20.66 352 3668.02 20.63 97208 101608.67 20.66 310 0 0 89900 0 0 19.2 21.6 20.15 0.25
261900.0 310 311.2 1.01 98248 90628.84 1.01 15180 15904.82 1.15 4420924 4968379.37 20.66 310 324.59 1.09 97518 101933.26 20.66 310 0 0 90210 0 0 18.9 21.6 19.82 0.23
262800.0 310 311.2 1.01 98558 90940.03 1.01 15184 15909.37 1.15 4436108 4984288.74 20.66 310 324.59 1.09 97828 102257.85 20.66 310 0 0 90520 0 0 18.9 21.6 19.64 0.25
263700.0 376 311.34 1.01 98934 91251.37 1.01 15244 15915.43 1.15 4451352 5000204.16 20.66 370 330.59 1.09 98198 102588.43 20.66 310 0 0 90830 0 0 18.9 20.8 19.64 0.24
264600.0 356 313.05 1.01 99290 91564.42 1.01 15533 181271.5 20.63 4466885 5181475.66 20.66 352 3666.76 20.63 98550 106255.2 20.66 310 0 0 91140 0 0 18.9 20.8 19.64 0.24
265500.0 310 311.23 1.01 99600 91875.65 1.01 15222 15994.91 1.15 4482107 5197470.57 20.66 310 325.42 1.1 98860 106580.62 20.66 310 0 0 91450 0 0 17.3 20.8 18.41 0.29
266400.0 310 311.23 1.01 99910 92186.88 1.01 15241 16016.79 1.15 4497348 5213487.36 20.66 310 325.43 1.1 99170 106906.05 20.66 310 0 0 91760 0 0 17.3 20.2 17.83 0.07
267300.0 376 311.37 1.01 100286 92498.25 1.01 15301 16022.77 1.15 4512649 5229510.14 20.66 370 331.42 1.1 99540 107237.47 20.66 310 0 0 92070 0 0 17.3 18.8 17.81 0.02
268200.0 356 313.07 1.01 100642 92811.32 1.01 15591 181183.05 20.62 4528240 5410693.18 20.66 352 3664.25 20.62 99892 110901.72 20.66 310 0 0 92380 0 0 17.3 18.8 17.81 0.02
269100.0 310 311.23 1.01 100952 93122.55 1.01 15232 16000.3 1.15 4543472 5426693.48 20.66 310 325.27 1.1 100202 111226.99 20.66 310 0 0 92690 0 0 17.3 18.8 17.79 0.02
270000.0 310 311.23 1.01 101262 93433.77 1.01 15234 16002.63 1.15 4558706 5442696.12 20.66 310 325.27 1.1 100512 111552.26 20.66 310 0 0 93000 0 0 17.3 18.7 17.77 0.02
270900.0 376 311.37 1.01 101638 93745.14 1.01 15294 16008.59 1.15 4574000 5458704.71 20.66 370 331.27 1.1 100882 111883.53 20.66 310 0 0 93310 0 0 17.3 18.7 17.77 0.02
271800.0 354 312.0 1.01 101992 94057.14 1.01 15269 15998.49 1.15 4589269 5474703.2 20.66 350 329.23 1.1 101232 112212.76 20.66 310 0 0 93620 0 0 17.3 18.7 17.77 0.02
272700.0 310 311.22 1.01 102302 94368.37 1.01 15232 15997.9 1.15 4604501 5490701.1 20.66 310 325.22 1.1 101542 112537.98 20.66 310 0 0 93930 0 0 17.3 18.7 17.75 0.02
273600.0 310 311.22 1.01 102612 94679.59 1.01 15232 15997.93 1.15 4619733 5506699.03 20.66 310 325.22 1.1 101852 112863.21 20.66 310 0 0 94240 0 0 17.3 18.6 17.74 0.02
274500.0 376 311.37 1.01 102988 94990.96 1.01 15291 16002.75 1.15 4635024 5522701.79 20.66 370 331.22 1.1 102222 113194.43 20.66 310 0 0 94550 0 0 17.3 18.6 17.74 0.02
275400.0 354 312.01 1.01 103342 95302.97 1.01 15266 16002.03 1.15 4650290 5538703.81 20.66 350 329.37 1.1 102572 113523.8 20.66 310 0 0 94860 0 0 17.3 18.6 17.74 0.02
276300.0 310 311.23 1.01 103652 95614.19 1.01 15224 15991.69 1.15 4665514 5554695.51 20.66 310 325.28 1.1 102882 113849.08 20.66 310 0 0 95170 0 0 17.3 18.6 17.72 0.02
277200.0 310 311.23 1.01 103962 95925.42 1.01 15224 15991.72 1.15 4680738 5570687.23 20.66 310 325.29 1.1 103192 114174.37 20.66 310 0 0 95480 0 0 17.3 18.5 17.71 0.02
278100.0 376 311.03 1.0 104338 96236.44 1.01 15284 16014.85 1.15 4696022 5586702.08 20.66 370 331.95 1.1 103562 114506.32 20.66 310 0 0 95790 0 0 17.3 18.5 17.71 0.02
279000.0 354 312.0 1.01 104692 96548.44 1.01 15264 15991.13 1.15 4711286 5602693.21 20.66 350 329.19 1.1 103912 114835.51 20.66 310 0 0 96100 0 0 17.3 18.5 17.71 0.02
279900.0 310 311.23 1.01 105002 96859.67 1.01 15225 15992.24 1.15 4726511 5618685.45 20.66 310 325.27 1.1 104222 115160.78 20.66 310 0 0 96410 0 0 17.3 18.5 17.7 0.02
280800.0 310 311.23 1.01 105312 97170.89 1.01 15228 15995.73 1.15 4741739 5634681.18 20.66 310 325.27 1.1 104532 115486.06 20.66 310 0 0 96720 0 0 17.3 18.4 17.69 0.02
281700.0 376 311.37 1.01 105688 97482.26 1.01 15288 16001.69 1.15 4757027 5650682.87 20.66 370 331.27 1.1 104902 115817.33 20.66 310 0 0 97030 0 0 17.3 18.4 17.69 0.02
282600.0 354 312.0 1.01 106042 97794.27 1.01 15264 15995.89 1.15 4772291 5666678.76 20.66 350 329.29 1.1 105252 116146.62 20.66 310 0 0 97340 0 0 17.3 18.4 17.69 0.02
283500.0 310 311.22 1.01 106352 98105.49 1.01 15224 15987.84 1.15 4787515 5682666.6 20.66 310 325.2 1.1 105562 116471.82 20.66 310 0 0 97650 0 0 17.3 18.4 17.68 0.01
284400.0 310 311.22 1.01 106662 98416.71 1.01 15223 15986.74 1.15 4802738 5698653.34 20.66 310 325.21 1.1 105872 116797.03 20.66 310 0 0 97960 0 0 17.3 18.3 17.68 0.01
285300.0 376 311.37 1.01 107038 98728.08 1.01 15281 15990.39 1.15 4818019 5714643.73 20.66 370 331.2 1.1 106242 117128.24 20.66 310 0 0 98270 0 0 17.3 18.3 17.68 0.01
286200.0 354 312.0 1.01 107392 99040.08 1.01 15259 15982.98 1.15 4833278 5730626.72 20.66 350 329.14 1.1 106592 117457.38 20.66 310 0 0 98580 0 0 17.3 18.3 17.68 0.01
287100.0 310 311.22 1.01 107702 99351.3 1.01 15219 15978.95 1.15 4848497 5746605.67 20.66 310 325.14 1.1 106902 117782.51 20.66 310 0 0 98890 0 0 17.3 18.3 17.67 0.01
288000.0 310 311.22 1.01 108012 99662.52 1.01 15213 15972.08 1.15 4863710 5762577.75 20.66 310 325.14 1.1 107212 118107.66 20.66 310 0 0 99200 0 0 17.3 18.2 17.67 0.01
288900.0 376 311.36 1.01 108388 99973.88 1.01 15273 15978.06 1.15 4878983 5778555.8 20.66 370 331.14 1.1 107582 118438.79 20.66 310 0 0 99510 0 0 17.3 18.2 17.67 0.01
289800.0 354 312.0 1.01 108742 100285.89 1.01 15251 15980.77 1.15 4894234 5794536.57 20.66 350 329.29 1.1 107932 118768.08 20.66 310 0 0 99820 0 0 17.3 18.2 17.67 0.01
290700.0 310 311.23 1.01 109052 100597.11 1.01 15211 15980.74 1.15 4909445 5810517.31 20.66 310 325.37 1.1 108242 119093.45 20.66 310 0 0 100130 0 0 17.3 18.2 17.66 0.01
291600.0 310 311.23 1.01 109362 100908.34 1.01 15211 15980.78 1.15 4924656 5826498.09 20.66 310 325.37 1.1 108552 119418.82 20.66 310 0 0 100440 0 0 17.3 18.1 17.66 0.01
292500.0 376 311.37 1.01 109738 101219.72 1.01 15268 15983.29 1.15 4939924 5842481.38 20.66 370 331.37 1.1 108922 119750.19 20.66 310 0 0 100750 0 0 17.3 18.1 17.66 0.01
293400.0 354 312.01 1.01 110092 101531.72 1.01 15247 15980.18 1.15 4955171 5858461.56 20.66 350 329.37 1.1 109272 120079.56 20.66 310 0 0 101060 0 0 17.3 18.1 17.66 0.01
294300.0 310 311.23 1.01 110402 101842.95 1.01 15208 15971.77 1.15 4970379 5874433.33 20.66 310 325.25 1.1 109582 120404.81 20.66 310 0 0 101370 0 0 17.3 18.1 17.66 0.01
295200.0 310 311.23 1.01 110712 102154.17 1.01 15204 15967.2 1.15 4985583 5890400.53 20.66 310 325.26 1.1 109892 120730.07 20.66 310 0 0 101680 0 0 17.4 18.0 17.66 0.01
296100.0 376 311.37 1.01 111088 102465.54 1.01 15263 15972.02 1.15 5000846 5906372.55 20.66 370 331.25 1.1 110262 121061.32 20.66 310 0 0 101990 0 0 17.4 18.0 17.66 0.01
297000.0 354 312.0 1.01 111442 102777.54 1.01 15242 15968.9 1.15 5016088 5922341.45 20.66 350 329.26 1.1 110612 121390.57 20.66 310 0 0 102300 0 0 17.4 18.0 17.66 0.01
297900.0 310 311.23 1.01 111752 103088.77 1.01 15199 15966.94 1.15 5031287 5938308.39 20.66 310 325.37 1.1 110922 121715.94 20.66 310 0 0 102610 0 0 17.4 18.0 17.66 0.01
298800.0 310 311.23 1.01 112062 103400.0 1.01 15200 15968.13 1.15 5046487 5954276.52 20.66 310 325.37 1.1 111232 122041.31 20.66 310 0 0 102920 0 0 17.4 18.0 17.66 0.01
299700.0 376 311.37 1.01 112438 103711.37 1.01 15260 15974.09 1.15 5061747 5970250.61 20.66 370 331.37 1.1 111602 122372.68 20.66 310 0 0 103230 0 0 17.4 18.0 17.66 0.01
300600.0 354 312.01 1.01 112792 104023.38 1.01 15233 15964.08 1.15 5076980 5986214.69 20.66 350 329.37 1.1 111952 122702.05 20.66 310 0 0 103540 0 0 17.4 18.0 17.66 0.01
301500.0 310 311.23 1.01 113102 104334.6 1.01 15194 15956.05 1.15 5092174 6002170.75 20.66 310 325.26 1.1 112262 123027.31 20.66 310 0 0 103850 0 0 17.4 18.0 17.66 0.01
302400.0 310 311.23 1.01 113412 104645.83 1.01 15195 15957.24 1.15 5107369 6018127.99 20.66 310 325.26 1.1 112572 123352.57 20.66 310 0 0 104160 0 0 17.4 17.9 17.67 0.01
303300.0 376 311.37 1.01 113788 104957.2 1.01 15253 15960.9 1.15 5122622 6034088.89 20.66 370 331.26 1.1 112942 123683.83 20.66 310 0 0 104470 0 0 17.4 17.9 17.67 0.01
304200.0 354 312.0 1.01 114142 105269.2 1.01 15230 15950.9 1.15 5137852 6050039.79 20.66 350 329.17 1.1 113292 124013.0 20.66 310 0 0 104780 0 0 17.4 17.9 17.67 0.01
305100.0 310 311.23 1.01 114452 105580.42 1.01 15190 15951.99 1.15 5153042 6065991.78 20.66 310 325.27 1.1 113602 124338.27 20.66 310 0 0 105090 0 0 17.4 17.9 17.66 0.01
306000.0 310 311.23 1.01 114762 105891.65 1.01 15190 15952.03 1.15 5168232 6081943.81 20.66 310 325.27 1.1 113912 124663.55 20.66 310 0 0 105400 0 0 17.4 17.9 17.67 0.01
306900.0 376 311.37 1.01 115138 106203.02 1.01 15250 15957.99 1.15 5183482 6097901.8 20.66 370 331.27 1.1 114282 124994.82 20.66 310 0 0 105710 0 0 17.4 17.9 17.67 0.01
307800.0 354 312.01 1.01 115492 106515.02 1.01 15228 15958.33 1.15 5198710 6113860.13 20.66 350 329.37 1.1 114632 125324.19 20.66 310 0 0 106020 0 0 17.4 17.9 17.67 0.01
308700.0 310 311.23 1.01 115802 106826.25 1.01 15181 15946.24 1.15 5213891 6129806.37 20.66 310 325.37 1.1 114942 125649.56 20.66 310 0 0 106330 0 0 17.4 17.9 17.67 0.01
309600.0 310 311.23 1.01 116112 107137.48 1.01 15187 15953.18 1.15 5229078 6145759.55 20.66 310 325.37 1.1 115252 125974.93 20.66 310 0 0 106640 0 0 17.4 17.9 17.68 0.01
310500.0 376 311.37 1.01 116488 107448.85 1.01 15244 15955.69 1.15 5244322 6161715.24 20.66 370 331.37 1.1 115622 126306.3 20.66 310 0 0 106950 0 0 17.4 17.9 17.68 0.01
311400.0 354 312.01 1.01 116842 107760.86 1.01 15222 15951.43 1.15 5259544 6177666.67 20.66 350 329.37 1.1 115972 126635.67 20.66 310 0 0 107260 0 0 17.4 17.9 17.68 0.01
312300.0 310 311.23 1.01 117152 108072.08 1.01 15181 15940.72 1.15 5274725 6193607.39 20.66 310 325.25 1.1 116282 126960.92 20.66 310 0 0 107570 0 0 17.4 17.9 17.68 0.01
313200.0 310 311.23 1.01 117462 108383.31 1.01 15181 15940.75 1.15 5289906 6209548.14 20.66 310 325.26 1.1 116592 127286.17 20.66 310 0 0 107880 0 0 17.4 18.0 17.69 0.01
314100.0 376 311.37 1.01 117838 108694.68 1.01 15239 15944.42 1.15 5305145 6225492.56 20.66 370 331.25 1.1 116962 127617.43 20.66 310 0 0 108190 0 0 17.3 18.0 17.69 0.01
315000.0 354 312.0 1.01 118192 109006.68 1.01 15211 15933.25 1.15 5320356 6241425.81 20.66 350 329.26 1.1 117312 127946.68 20.66 310 0 0 108500 0 0 17.3 18.0 17.69 0.01
315900.0 310 311.23 1.01 118502 109317.91 1.01 15170 15929.59 1.15 5335526 6257355.4 20.66 310 325.28 1.1 117622 128271.96 20.66 310 0 0 108810 0 0 17.3 18.0 17.69 0.01
316800.0 310 311.23 1.01 118812 109629.13 1.01 15171 15930.77 1.15 5350697 6273286.18 20.66 310 325.29 1.1 117932 128597.25 20.66 310 0 0 109120 0 0 17.3 18.1 17.71 0.02
317700.0 376 311.37 1.01 119188 109940.5 1.01 15230 15935.59 1.15 5365927 6289221.77 20.66 370 331.28 1.1 118302 128928.54 20.66 310 0 0 109430 0 0 17.3 18.1 17.71 0.02
318600.0 354 312.0 1.01 119542 110252.5 1.01 15201 15923.27 1.15 5381128 6305145.04 20.66 350 329.29 1.1 118652 129257.82 20.66 310 0 0 109740 0 0 17.3 18.1 17.71 0.02
319500.0 310 311.23 1.01 119852 110563.73 1.01 15163 15925.54 1.15 5396291 6321070.58 20.66 310 325.37 1.1 118962 129583.19 20.66 310 0 0 110050 0 0 17.3 18.1 17.71 0.02
320400.0 310 311.23 1.01 120162 110874.96 1.01 15168 15931.33 1.15 5411459 6337001.91 20.66 310 325.37 1.1 119272 129908.56 20.66 310 0 0 110360 0 0 17.3 18.2 17.72 0.02
321300.0 376 311.37 1.01 120538 111186.33 1.01 15227 15936.14 1.15 5426686 6352938.06 20.66 370 331.37 1.1 119642 130239.93 20.66 310 0 0 110670 0 0 17.3 18.2 17.72 0.02
322200.0 354 312.0 1.01 120892 111498.33 1.01 15190 15901.83 1.15 5441876 6368839.89 20.66 350 329.11 1.1 119992 130569.03 20.66 310 0 0 110980 0 0 17.3 18.2 17.72 0.02
323100.0 310 311.22 1.01 121202 111809.54 1.01 15147 15889.68 1.15 5457023 6384729.57 20.66 310 325.0 1.1 120302 130894.03 20.66 310 0 0 111290 0 0 17.3 18.2 17.72 0.02
324000.0 310 311.22 1.01 121512 112120.76 1.01 15152 15895.47 1.15 5472175 6400625.04 20.66 310 325.01 1.1 120612 131219.04 20.66 310 0 0 111600 0 0 17.3 18.2 17.73 0.02
324900.0 376 311.36 1.01 121888 112432.12 1.01 15208 15896.83 1.15 5487383 6416521.87 20.66 370 331.0 1.1 120982 131550.04 20.66 310 0 0 111910 0 0 17.3 18.2 17.73 0.02
325800.0 354 312.0 1.01 122242 112744.12 1.01 15181 15899.14 1.15 5502564 6432421.01 20.66 350 329.26 1.1 121332 131879.31 20.66 310 0 0 112220 0 0 17.3 18.2 17.73 0.02
326700.0 310 311.23 1.01 122552 113055.35 1.01 15143 15902.54 1.15 5517707 6448323.55 20.66 310 325.37 1.1 121642 132204.67 20.66 310 0 0 112530 0 0 17.3 18.2 17.74 0.02
327600.0 310 311.23 1.01 122862 113366.58 1.01 15153 15914.08 1.15 5532860 6464237.63 20.66 310 325.37 1.1 121952 132530.04 20.66 310 0 0 112840 0 0 17.3 18.3 17.74 0.03
328500.0 376 311.37 1.01 123238 113677.95 1.01 15212 15918.89 1.15 5548072 6480156.52 20.66 370 331.37 1.1 122322 132861.41 20.66 310 0 0 113150 0 0 17.2 18.3 17.74 0.03
329400.0 354 312.01 1.01 123592 113989.96 1.01 15180 15903.13 1.15 5563252 6496059.65 20.66 350 329.37 1.1 122672 133190.78 20.66 310 0 0 113460 0 0 17.2 18.3 17.74 0.03
330300.0 310 311.23 1.01 123902 114301.19 1.01 15135 15893.34 1.15 5578387 6511952.99 20.66 310 325.37 1.1 122982 133516.15 20.66 310 0 0 113770 0 0 17.2 18.3 17.75 0.03
331200.0 310 311.23 1.01 124212 114612.42 1.01 15145 15904.88 1.15 5593532 6527857.87 20.66 310 325.37 1.1 123292 133841.52 20.66 310 0 0 114080 0 0 17.2 18.4 17.76 0.03
332100.0 376 311.37 1.01 124588 114923.79 1.01 15201 15906.24 1.15 5608733 6543764.11 20.66 370 331.37 1.1 123662 134172.89 20.66 310 0 0 114390 0 0 17.2 18.4 17.76 0.03
333000.0 354 312.0 1.01 124942 115235.79 1.01 15152 15866.33 1.15 5623885 6559630.45 20.66 350 329.28 1.1 124012 134502.17 20.66 310 0 0 114700 0 0 17.2 18.4 17.76 0.03
333900.0 310 311.23 1.01 125252 115547.02 1.01 15098 15846.19 1.15 5638983 6575476.64 20.66 310 325.27 1.1 124322 134827.44 20.66 310 0 0 115010 0 0 17.2 18.4 17.76 0.03
334800.0 310 311.23 1.01 125562 115858.24 1.01 15103 15851.98 1.15 5654086 6591328.62 20.66 310 325.27 1.1 124632 135152.71 20.66 310 0 0 115320 0 0 17.2 18.5 17.77 0.04
335700.0 376 311.37 1.01 125938 116169.61 1.01 15152 15845.29 1.15 5669238 6607173.91 20.66 370 331.27 1.1 125002 135483.98 20.66 310 0 0 115630 0 0 17.2 18.5 17.77 0.04
336600.0 354 312.01 1.01 126292 116481.62 1.01 15122 15836.43 1.15 5684360 6623010.34 20.66 350 329.37 1.1 125352 135813.35 20.66 310 0 0 115940 0 0 17.2 18.5 17.77 0.04
337500.0 310 311.23 1.01 126602 116792.85 1.01 15070 15818.59 1.15 5699430 6638828.93 20.66 310 325.37 1.1 125662 136138.72 20.66 310 0 0 116250 0 0 17.2 18.5 17.77 0.04
338400.0 310 311.23 1.01 126912 117104.07 1.01 15082 15832.43 1.15 5714512 6654661.36 20.66 310 325.37 1.1 125972 136464.09 20.66 310 0 0 116560 0 0 17.2 18.5 17.78 0.04
339300.0 376 311.37 1.01 127288 117415.45 1.01 15132 15826.89 1.15 5729644 6670488.25 20.66 370 331.37 1.1 126342 136795.46 20.66 310 0 0 116870 0 0 17.2 18.5 17.78 0.04
340200.0 354 312.0 1.01 127642 117727.45 1.01 15094 15797.24 1.15 5744738 6686285.49 20.66 350 329.23 1.1 126692 137124.69 20.66 310 0 0 117180 0 0 17.2 18.5 17.78 0.04
341100.0 310 311.22 1.01 127952 118038.67 1.01 15038 15774.8 1.15 5759776 6702060.29 20.66 310 325.22 1.1 127002 137449.9 20.66 310 0 0 117490 0 0 17.2 18.5 17.78 0.04
342000.0 310 311.22 1.01 128262 118349.9 1.01 15040 15777.13 1.15 5774816 6717837.43 20.66 310 325.22 1.1 127312 137775.13 20.66 310 0 0 117800 0 0 17.2 18.5 17.79 0.04
342900.0 376 311.02 1.0 128638 118660.92 1.01 15094 15793.33 1.15 5789910 6733630.75 20.66 370 331.89 1.1 127682 138107.02 20.66 310 0 0 118110 0 0 17.2 18.5 17.79 0.04
343800.0 354 312.0 1.01 128992 118972.92 1.01 15062 15753.64 1.15 5804972 6749384.4 20.66 350 329.08 1.1 128032 138436.1 20.66 310 0 0 118420 0 0 17.2 18.5 17.79 0.04
344700.0 310 311.22 1.01 129302 119284.14 1.01 15009 15734.66 1.15 5819981 6765119.06 20.66 310 325.08 1.1 128342 138761.18 20.66 310 0 0 118730 0 0 17.2 18.5 17.78 0.04
345600.0 310 311.22 1.01 129612 119595.36 1.01 15012 15738.14 1.15 5834993 6780857.2 20.66 310 325.08 1.1 128652 139086.26 20.66 310 0 0 119040 0 0 17.2 18.6 17.79 0.05
