# seed = 4, gamma = 0.33, beta = 0.33, dee = 10.0, dcc = 25.0, dec = 50.0, dsCnd = 150.0, dLocalhost = 0.02, hostBroker = CLOUD 
#
# The columns have the following meaning: 
# instant[SECONDS] commCountUploadPartial delaySumUploadPartial[SECONDS] delayMaxUploadPartial[SECONDS] commCountUploadTot delaySumUploadTot[SECONDS] delayMaxUploadTot[SECONDS] commCountDownloadPartial delaySumDownloadPartial[SECONDS] delayMaxDownloadPartial[SECONDS] commCountDownloadTot delaySumDownloadTot[SECONDS] delayMaxDownloadTot[SECONDS] commCountDownloadMaxPartial delaySumDownloadMaxPartial[SECONDS] delayMaxDownloadMaxPartial[SECONDS] commCountDownloadMaxTot delaySumDownloadMaxTot[SECONDS] delayMaxDownloadMaxTot[SECONDS] runOnCloudPartial runOnEdgePartial runOnSmartphonePartial runOnCloudTot runOnEdgeTot runOnSmartphoneTot minTemp maxTemp avgTemp varianceTemp
0.0 0 0.0 0.0 0 0.0 0.0 0 0.0 0.0 0 0.0 0.0 0 0.0 0.0 0 0.0 0.0 0 0 0 0 0 0 17.0 25.0 21.0 0.0
900.0 376 25.69 0.2 376 25.69 0.2 15177 1364.43 0.23 15177 1364.43 0.23 370 64.55 0.23 370 64.55 0.23 208 3 99 208 3 99 18.9 21.0 19.29 0.67
1800.0 356 26.43 0.36 732 52.12 0.36 15456 148333.04 19.65 30633 149697.48 19.65 352 3049.55 19.65 722 3114.09 19.65 208 3 99 416 6 198 18.7 21.0 18.9 0.01
2700.0 310 25.57 0.2 1042 77.69 0.36 15115 1383.59 0.23 45748 151081.07 19.65 310 64.86 0.23 1032 3178.96 19.65 208 3 99 624 9 297 17.6 21.0 18.31 0.08
3600.0 310 25.57 0.2 1352 103.26 0.36 15112 1382.55 0.23 60860 152463.62 19.65 310 64.86 0.23 1342 3243.81 19.65 208 3 99 832 12 396 17.6 21.0 18.24 0.07
4500.0 376 25.71 0.2 1728 128.97 0.36 15171 1382.67 0.23 76031 153846.29 19.65 370 64.94 0.23 1712 3308.75 19.65 208 3 99 1040 15 495 17.6 21.0 18.24 0.07
5400.0 356 26.43 0.36 2084 155.4 0.36 15473 7449.53 19.69 91504 161295.82 19.69 352 84.64 19.69 2064 3393.39 19.69 208 3 99 1248 18 594 17.6 21.0 18.24 0.07
6300.0 310 25.57 0.2 2394 180.97 0.36 15139 1385.35 0.23 106643 162681.17 19.69 310 64.85 0.23 2374 3458.24 19.69 208 3 99 1456 21 693 17.6 21.0 18.24 0.07
7200.0 310 25.57 0.2 2704 206.54 0.36 15137 1385.1 0.23 121780 164066.27 19.69 310 64.84 0.23 2684 3523.08 19.69 208 3 99 1664 24 792 17.6 21.0 18.26 0.06
8100.0 376 25.71 0.2 3080 232.26 0.36 15194 1384.64 0.23 136974 165450.91 19.69 370 64.92 0.23 3054 3588.0 19.69 208 3 99 1872 27 891 17.6 21.0 18.26 0.06
9000.0 356 26.43 0.36 3436 258.69 0.36 15492 7457.25 19.72 152466 172908.16 19.72 352 84.61 19.72 3406 3672.61 19.72 208 3 99 2080 30 990 17.6 21.0 18.26 0.06
9900.0 310 25.57 0.2 3746 284.26 0.36 15156 1385.77 0.23 167622 174293.93 19.72 310 64.86 0.23 3716 3737.47 19.72 208 3 99 2288 33 1089 17.6 21.0 18.23 0.06
10800.0 310 25.57 0.2 4056 309.83 0.36 15161 1386.32 0.23 182783 175680.25 19.72 310 64.86 0.23 4026 3802.33 19.72 208 3 99 2496 36 1188 17.6 21.0 18.16 0.07
11700.0 376 25.71 0.2 4432 335.54 0.36 15220 1386.25 0.23 198003 177066.51 19.72 370 64.94 0.23 4396 3867.27 19.72 208 3 99 2704 39 1287 17.6 21.0 18.16 0.07
12600.0 354 26.35 0.36 4786 361.89 0.36 15174 1384.18 0.24 213177 178450.68 19.72 350 65.0 0.24 4746 3932.27 19.72 208 3 99 2912 42 1386 17.6 21.0 18.16 0.07
13500.0 310 25.57 0.2 5096 387.46 0.36 15101 1379.92 0.24 228278 179830.6 19.72 310 64.9 0.24 5056 3997.17 19.72 208 3 99 3120 45 1485 17.6 21.0 18.15 0.07
14400.0 310 25.57 0.2 5406 413.03 0.36 15105 1380.47 0.24 243383 181211.07 19.72 310 64.89 0.24 5366 4062.07 19.72 208 3 99 3328 48 1584 17.6 21.0 18.14 0.07
15300.0 376 25.71 0.2 5782 438.75 0.36 15165 1380.59 0.24 258548 182591.66 19.72 370 64.98 0.24 5736 4127.04 19.72 208 3 99 3536 51 1683 17.6 21.0 18.14 0.07
16200.0 354 26.35 0.36 6136 465.1 0.36 15135 1378.53 0.23 273683 183970.19 19.72 350 64.98 0.23 6086 4192.03 19.72 208 3 99 3744 54 1782 17.6 21.0 18.14 0.07
17100.0 310 25.57 0.2 6446 490.66 0.36 15099 1377.12 0.23 288782 185347.31 19.72 310 64.84 0.23 6396 4256.87 19.72 208 3 99 3952 57 1881 17.6 21.0 18.12 0.06
18000.0 310 25.57 0.2 6756 516.23 0.36 15100 1377.26 0.23 303882 186724.56 19.72 310 64.84 0.23 6706 4321.7 19.72 208 3 99 4160 60 1980 17.6 21.0 18.11 0.07
18900.0 376 25.71 0.2 7132 541.94 0.36 15159 1377.39 0.23 319041 188101.95 19.72 370 64.92 0.23 7076 4386.62 19.72 208 3 99 4368 63 2079 17.6 21.0 18.11 0.07
19800.0 354 26.35 0.36 7486 568.29 0.36 15133 1378.35 0.23 334174 189480.3 19.72 350 64.99 0.23 7426 4451.61 19.72 208 3 99 4576 66 2178 17.6 21.0 18.11 0.07
20700.0 310 25.57 0.2 7796 593.86 0.36 15101 1378.89 0.23 349275 190859.19 19.72 310 64.88 0.23 7736 4516.49 19.72 208 3 99 4784 69 2277 17.6 21.0 18.09 0.06
21600.0 310 25.57 0.2 8106 619.43 0.36 15101 1378.64 0.23 364376 192237.84 19.72 310 64.88 0.23 8046 4581.36 19.72 208 3 99 4992 72 2376 17.6 21.0 18.08 0.06
22500.0 376 25.71 0.2 8482 645.14 0.36 15159 1378.37 0.23 379535 193616.21 19.72 370 64.96 0.23 8416 4646.32 19.72 208 3 99 5200 75 2475 17.6 21.0 18.08 0.06
23400.0 354 26.35 0.36 8836 671.49 0.36 15128 1378.93 0.24 394663 194995.14 19.72 350 65.02 0.24 8766 4711.34 19.72 208 3 99 5408 78 2574 17.6 21.0 18.08 0.06
24300.0 310 25.57 0.2 9146 697.07 0.36 15084 1379.73 0.24 409747 196374.87 19.72 310 64.94 0.24 9076 4776.28 19.72 208 3 99 5616 81 2673 17.6 21.0 18.07 0.06
25200.0 310 25.57 0.2 9456 722.64 0.36 15095 1381.29 0.24 424842 197756.17 19.72 310 64.94 0.24 9386 4841.22 19.72 208 3 99 5824 84 2772 17.5 21.0 18.05 0.06
26100.0 376 25.72 0.2 9832 748.36 0.36 15155 1381.41 0.24 439997 199137.58 19.72 370 65.02 0.24 9756 4906.24 19.72 208 3 99 6032 87 2871 17.5 21.0 18.05 0.06
27000.0 354 26.35 0.36 10186 774.71 0.36 15127 1380.41 0.24 455124 200517.99 19.72 350 65.05 0.24 10106 4971.29 19.72 208 3 99 6240 90 2970 17.5 21.0 18.05 0.06
27900.0 310 25.57 0.2 10496 800.28 0.36 15088 1377.94 0.24 470212 201895.93 19.72 310 64.91 0.24 10416 5036.19 19.72 208 3 99 6448 93 3069 17.5 21.0 18.02 0.06
28800.0 310 25.57 0.2 10806 825.85 0.36 15096 1379.49 0.24 485308 203275.42 19.72 310 64.9 0.24 10726 5101.1 19.72 208 3 99 6656 96 3168 17.5 21.0 18.01 0.06
29700.0 376 25.71 0.2 11182 851.56 0.36 15155 1379.61 0.24 500463 204655.03 19.72 370 64.98 0.24 11096 5166.08 19.72 208 3 99 6864 99 3267 17.5 21.0 18.01 0.06
30600.0 354 26.35 0.36 11536 877.91 0.36 15117 1377.8 0.24 515580 206032.84 19.72 350 65.01 0.24 11446 5231.09 19.72 208 3 99 7072 102 3366 17.5 21.0 18.01 0.06
31500.0 310 25.57 0.2 11846 903.49 0.36 15085 1379.73 0.24 530665 207412.57 19.72 310 64.94 0.24 11756 5296.04 19.72 208 3 99 7280 105 3465 17.5 21.0 17.98 0.06
32400.0 310 25.57 0.2 12156 929.06 0.36 15090 1380.69 0.24 545755 208793.26 19.72 310 64.94 0.24 12066 5360.98 19.72 208 3 99 7488 108 3564 17.4 21.0 17.97 0.06
33300.0 376 25.72 0.2 12532 954.77 0.36 15150 1380.81 0.24 560905 210174.08 19.72 370 65.02 0.24 12436 5426.0 19.72 208 3 99 7696 111 3663 17.4 21.0 17.97 0.06
34200.0 354 26.35 0.36 12886 981.13 0.36 15112 1378.61 0.24 576017 211552.68 19.72 350 65.05 0.24 12786 5491.05 19.72 208 3 99 7904 114 3762 17.4 21.0 17.97 0.06
35100.0 310 25.57 0.2 13196 1006.7 0.36 15080 1378.53 0.24 591097 212931.22 19.72 310 64.94 0.24 13096 5555.99 19.72 208 3 99 8112 117 3861 17.4 21.0 17.95 0.06
36000.0 310 25.57 0.2 13506 1032.27 0.36 15094 1380.49 0.24 606191 214311.71 19.72 310 64.94 0.24 13406 5620.93 19.72 208 3 99 8320 120 3960 17.4 21.0 17.92 0.06
36900.0 376 25.72 0.2 13882 1057.99 0.36 15154 1380.61 0.24 621345 215692.32 19.72 370 65.02 0.24 13776 5685.95 19.72 208 3 99 8528 123 4059 17.4 21.0 17.92 0.06
37800.0 354 26.35 0.36 14236 1084.33 0.36 15114 1374.73 0.23 636459 217067.05 19.72 350 64.97 0.23 14126 5750.92 19.72 208 3 99 8736 126 4158 17.4 21.0 17.92 0.06
38700.0 310 25.57 0.2 14546 1109.9 0.36 15078 1374.68 0.23 651537 218441.73 19.72 310 64.86 0.23 14436 5815.78 19.72 208 3 99 8944 129 4257 17.4 21.0 17.9 0.07
39600.0 310 25.57 0.2 14856 1135.47 0.36 15088 1376.42 0.23 666625 219818.15 19.72 310 64.86 0.23 14746 5880.64 19.72 208 3 99 9152 132 4356 17.3 21.0 17.89 0.07
40500.0 376 25.71 0.2 15232 1161.19 0.36 15147 1376.35 0.23 681772 221194.5 19.72 370 64.94 0.23 15116 5945.57 19.72 208 3 99 9360 135 4455 17.3 21.0 17.89 0.07
41400.0 354 26.35 0.36 15586 1187.54 0.36 15111 1378.61 0.24 696883 222573.1 19.72 350 65.05 0.24 15466 6010.62 19.72 208 3 99 9568 138 4554 17.3 21.0 17.89 0.07
42300.0 310 25.57 0.2 15896 1213.11 0.36 15086 1378.68 0.24 711969 223951.78 19.72 310 64.91 0.24 15776 6075.53 19.72 208 3 99 9776 141 4653 17.3 21.0 17.86 0.07
43200.0 310 25.57 0.2 16206 1238.68 0.36 15089 1378.82 0.24 727058 225330.6 19.72 310 64.9 0.24 16086 6140.44 19.72 208 3 99 9984 144 4752 17.3 21.0 17.85 0.08
44100.0 376 25.71 0.2 16582 1264.39 0.36 15147 1378.75 0.24 742205 226709.35 19.72 370 64.99 0.24 16456 6205.42 19.72 208 3 99 10192 147 4851 17.2 21.0 17.85 0.08
45000.0 354 26.35 0.36 16936 1290.74 0.36 15100 1375.13 0.24 757305 228084.49 19.72 350 65.02 0.24 16806 6270.44 19.72 208 3 99 10400 150 4950 17.2 21.0 17.85 0.08
45900.0 310 25.57 0.2 17246 1316.31 0.36 15072 1376.47 0.24 772377 229460.96 19.72 310 64.9 0.24 17116 6335.34 19.72 208 3 99 10608 153 5049 17.2 21.0 17.82 0.09
46800.0 310 25.57 0.2 17556 1341.89 0.36 15082 1377.83 0.24 787459 230838.78 19.72 310 64.9 0.24 17426 6400.24 19.72 208 3 99 10816 156 5148 17.2 21.0 17.81 0.09
47700.0 376 25.71 0.2 17932 1367.6 0.36 15142 1377.95 0.24 802601 232216.73 19.72 370 64.98 0.24 17796 6465.23 19.72 208 3 99 11024 159 5247 17.2 21.0 17.81 0.09
48600.0 354 26.35 0.36 18286 1393.95 0.36 15099 1374.94 0.24 817700 233591.67 19.72 350 65.01 0.24 18146 6530.24 19.72 208 3 99 11232 162 5346 17.2 21.0 17.81 0.09
49500.0 310 25.57 0.2 18596 1419.52 0.36 15077 1378.53 0.24 832777 234970.2 19.72 310 64.94 0.24 18456 6595.18 19.72 208 3 99 11440 165 5445 17.2 21.0 17.78 0.09
50400.0 310 25.57 0.2 18906 1445.1 0.36 15096 1380.89 0.24 847873 236351.1 19.72 310 64.94 0.24 18766 6660.12 19.72 208 3 99 11648 168 5544 17.1 21.0 17.76 0.1
51300.0 376 25.72 0.2 19282 1470.81 0.36 15156 1381.01 0.24 863029 237732.11 19.72 370 65.02 0.24 19136 6725.14 19.72 208 3 99 11856 171 5643 17.1 21.0 17.76 0.1
52200.0 354 26.35 0.36 19636 1497.16 0.36 15109 1378.01 0.24 878138 239110.11 19.72 350 65.05 0.24 19486 6790.19 19.72 208 3 99 12064 174 5742 17.1 21.0 17.76 0.1
53100.0 310 25.57 0.2 19946 1522.74 0.36 15060 1376.93 0.24 893198 240487.05 19.72 310 64.94 0.24 19796 6855.13 19.72 208 3 99 12272 177 5841 17.1 21.0 17.75 0.1
54000.0 310 25.57 0.2 20256 1548.31 0.36 15066 1378.29 0.24 908264 241865.34 19.72 310 64.94 0.24 20106 6920.07 19.72 208 3 99 12480 180 5940 17.1 21.0 17.74 0.11
54900.0 376 25.72 0.2 20632 1574.03 0.36 15124 1378.21 0.24 923388 243243.55 19.72 370 65.02 0.24 20476 6985.09 19.72 208 3 99 12688 183 6039 17.1 21.0 17.74 0.11
55800.0 354 26.35 0.36 20986 1600.38 0.36 15094 1376.61 0.24 938482 244620.16 19.72 350 65.05 0.24 20826 7050.14 19.72 208 3 99 12896 186 6138 17.1 21.0 17.74 0.11
56700.0 310 25.57 0.2 21296 1625.95 0.36 15070 1377.33 0.24 953552 245997.5 19.72 310 64.94 0.24 21136 7115.09 19.72 208 3 99 13104 189 6237 17.1 21.0 17.71 0.12
57600.0 310 25.57 0.2 21606 1651.52 0.36 15077 1377.89 0.24 968629 247375.39 19.72 310 64.94 0.24 21446 7180.03 19.72 208 3 99 13312 192 6336 17.1 21.0 17.7 0.12
58500.0 376 25.72 0.2 21982 1677.24 0.36 15137 1378.01 0.24 983766 248753.4 19.72 370 65.02 0.24 21816 7245.05 19.72 208 3 99 13520 195 6435 17.1 21.0 17.7 0.12
59400.0 354 26.35 0.36 22336 1703.59 0.36 15087 1372.78 0.24 998853 250126.18 19.72 350 65.0 0.24 22166 7310.05 19.72 208 3 99 13728 198 6534 17.1 21.0 17.7 0.12
60300.0 310 25.57 0.2 22646 1729.16 0.36 15059 1374.92 0.24 1013912 251501.1 19.72 310 64.9 0.24 22476 7374.95 19.72 208 3 99 13936 201 6633 17.1 21.0 17.68 0.13
61200.0 310 25.57 0.2 22956 1754.73 0.36 15073 1376.47 0.24 1028985 252877.56 19.72 310 64.89 0.24 22786 7439.84 19.72 208 3 99 14144 204 6732 17.0 21.0 17.67 0.13
62100.0 376 25.71 0.2 23332 1780.44 0.36 15130 1376.39 0.24 1044115 254253.96 19.72 370 64.98 0.24 23156 7504.82 19.72 208 3 99 14352 207 6831 17.0 21.0 17.67 0.13
63000.0 354 26.35 0.36 23686 1806.79 0.36 15091 1371.12 0.23 1059206 255625.07 19.72 350 64.95 0.23 23506 7569.77 19.72 208 3 99 14560 210 6930 17.0 21.0 17.67 0.13
63900.0 310 25.57 0.2 23996 1832.36 0.36 15062 1370.89 0.23 1074268 256995.96 19.72 310 64.81 0.23 23816 7634.58 19.72 208 3 99 14768 213 7029 17.0 21.0 17.66 0.14
64800.0 310 25.57 0.2 24306 1857.92 0.36 15066 1371.42 0.23 1089334 258367.38 19.72 310 64.81 0.23 24126 7699.39 19.72 208 3 99 14976 216 7128 17.0 21.0 17.65 0.14
65700.0 376 25.71 0.2 24682 1883.63 0.36 15125 1371.36 0.23 1104459 259738.74 19.72 370 64.89 0.23 24496 7764.28 19.72 208 3 99 15184 219 7227 17.0 21.0 17.65 0.14
66600.0 354 26.34 0.36 25036 1909.97 0.36 15083 1367.74 0.23 1119542 261106.49 19.72 350 64.91 0.23 24846 7829.19 19.72 208 3 99 15392 222 7326 17.0 21.0 17.65 0.14
67500.0 310 25.56 0.2 25346 1935.54 0.36 15038 1365.53 0.23 1134580 262472.02 19.72 310 64.76 0.23 25156 7893.95 19.72 208 3 99 15600 225 7425 17.0 21.0 17.64 0.15
68400.0 310 25.56 0.2 25656 1961.1 0.36 15045 1366.48 0.23 1149625 263838.5 19.72 310 64.76 0.23 25466 7958.7 19.72 208 3 99 15808 228 7524 17.0 21.0 17.63 0.15
69300.0 376 25.71 0.2 26032 1986.81 0.36 15105 1366.61 0.23 1164730 265205.11 19.72 370 64.84 0.23 25836 8023.54 19.72 208 3 99 16016 231 7623 17.0 21.0 17.63 0.15
70200.0 354 26.34 0.36 26386 2013.15 0.36 15078 1367.36 0.23 1179808 266572.47 19.72 350 64.91 0.23 26186 8088.44 19.72 208 3 99 16224 234 7722 17.0 21.0 17.63 0.15
71100.0 310 25.57 0.2 26696 2038.72 0.36 15046 1368.11 0.23 1194854 267940.58 19.72 310 64.8 0.23 26496 8153.25 19.72 208 3 99 16432 237 7821 17.0 21.0 17.63 0.15
72000.0 310 25.57 0.2 27006 2064.29 0.36 15051 1368.65 0.23 1209905 269309.22 19.72 310 64.8 0.23 26806 8218.05 19.72 208 3 99 16640 240 7920 17.0 21.0 17.62 0.16
72900.0 376 25.71 0.2 27382 2089.99 0.36 15107 1367.99 0.23 1225012 270677.21 19.72 370 64.88 0.23 27176 8282.93 19.72 208 3 99 16848 243 8019 17.0 21.0 17.62 0.16
73800.0 354 26.34 0.36 27736 2116.34 0.36 15075 1366.76 0.23 1240087 272043.97 19.72 350 64.91 0.23 27526 8347.84 19.72 208 3 99 17056 246 8118 17.0 21.0 17.62 0.16
74700.0 310 25.57 0.2 28046 2141.9 0.36 15037 1368.86 0.23 1255124 273412.83 19.72 310 64.84 0.23 27836 8412.68 19.72 208 3 99 17264 249 8217 17.0 21.0 17.61 0.16
75600.0 310 25.57 0.2 28356 2167.47 0.36 15035 1368.2 0.23 1270159 274781.03 19.72 310 64.84 0.23 28146 8477.52 19.72 208 3 99 17472 252 8316 17.0 21.0 17.6 0.16
76500.0 376 25.71 0.2 28732 2193.18 0.36 15095 1368.34 0.23 1285254 276149.37 19.72 370 64.92 0.23 28516 8542.44 19.72 208 3 99 17680 255 8415 17.0 21.0 17.6 0.16
77400.0 354 26.34 0.36 29086 2219.53 0.36 15065 1365.74 0.23 1300319 277515.11 19.72 350 64.92 0.23 28866 8607.35 19.72 208 3 99 17888 258 8514 17.0 21.0 17.6 0.16
78300.0 310 25.57 0.2 29396 2245.09 0.36 15025 1366.08 0.23 1315344 278881.19 19.72 310 64.81 0.23 29176 8672.16 19.72 208 3 99 18096 261 8613 17.0 21.0 17.6 0.16
79200.0 310 25.57 0.2 29706 2270.66 0.36 15031 1367.02 0.23 1330375 280248.22 19.72 310 64.81 0.23 29486 8736.97 19.72 208 3 99 18304 264 8712 17.0 21.0 17.6 0.16
80100.0 376 25.71 0.2 30082 2296.37 0.36 15091 1367.16 0.23 1345466 281615.38 19.72 370 64.89 0.23 29856 8801.86 19.72 208 3 99 18512 267 8811 17.0 21.0 17.6 0.16
81000.0 354 26.34 0.36 30436 2322.71 0.36 15058 1367.16 0.23 1360524 282982.54 19.72 350 64.95 0.23 30206 8866.81 19.72 208 3 99 18720 270 8910 17.0 21.0 17.59 0.16
81900.0 310 25.57 0.2 30746 2348.28 0.36 15019 1369.25 0.23 1375543 284351.78 19.72 310 64.88 0.23 30516 8931.69 19.72 208 3 99 18928 273 9009 17.0 21.0 17.59 0.15
82800.0 310 25.57 0.2 31056 2373.85 0.36 15019 1368.99 0.23 1390562 285720.77 19.72 310 64.88 0.23 30826 8996.57 19.72 208 3 99 19136 276 9108 17.0 21.0 17.59 0.15
83700.0 376 25.71 0.2 31432 2399.57 0.36 15075 1368.53 0.23 1405637 287089.3 19.72 370 64.96 0.23 31196 9061.53 19.72 208 3 99 19344 279 9207 17.0 21.0 17.59 0.15
84600.0 354 26.35 0.36 31786 2425.91 0.36 15050 1367.5 0.23 1420687 288456.8 19.72 350 64.99 0.23 31546 9126.52 19.72 208 3 99 19552 282 9306 17.0 21.0 17.59 0.15
85500.0 310 25.57 0.2 32096 2451.48 0.36 15015 1366.1 0.23 1435702 289822.9 19.72 310 64.84 0.23 31856 9191.37 19.72 208 3 99 19760 285 9405 17.0 21.0 17.6 0.14
86400.0 310 25.57 0.2 32406 2477.05 0.36 15015 1366.04 0.23 1450717 291188.94 19.72 310 64.84 0.23 32166 9256.21 19.72 208 3 99 19968 288 9504 17.0 21.0 17.6 0.14
87300.0 376 25.71 0.2 32782 2502.76 0.36 15075 1366.17 0.23 1465792 292555.11 19.72 370 64.92 0.23 32536 9321.13 19.72 208 3 99 20176 291 9603 17.0 21.0 17.6 0.14
88200.0 354 26.35 0.36 33136 2529.11 0.36 15045 1368.13 0.24 1480837 293923.25 19.72 350 65.01 0.24 32886 9386.14 19.72 208 3 99 20384 294 9702 17.0 21.0 17.6 0.14
89100.0 310 25.57 0.2 33446 2554.68 0.36 15063 1377.53 0.24 1495900 295300.78 19.72 310 64.94 0.24 33196 9451.08 19.72 208 3 99 20592 297 9801 17.0 21.0 17.62 0.11
90000.0 310 25.57 0.2 33756 2580.25 0.36 15098 1381.09 0.24 1510998 296681.87 19.72 310 64.94 0.24 33506 9516.02 19.72 208 3 99 20800 300 9900 17.1 21.0 17.7 0.08
90900.0 376 25.72 0.2 34132 2605.97 0.36 15158 1381.21 0.24 1526156 298063.08 19.72 370 65.02 0.24 33876 9581.04 19.72 208 3 99 21008 303 9999 17.1 21.0 17.7 0.08
91800.0 354 26.34 0.36 34486 2632.32 0.36 15115 1372.83 0.23 1541271 299435.91 19.72 350 64.94 0.23 34226 9645.98 19.72 208 3 99 21216 306 10098 17.1 22.0 17.72 0.15
92700.0 310 25.56 0.2 34796 2657.88 0.36 15141 1378.89 0.23 1556412 300814.8 19.72 310 64.75 0.23 34536 9710.73 19.72 208 3 99 21424 309 10197 17.1 23.8 19.23 2.09
93600.0 310 25.56 0.2 35106 2683.44 0.36 15144 1379.04 0.23 1571556 302193.84 19.72 310 64.75 0.23 34846 9775.48 19.72 208 3 99 21632 312 10296 17.1 23.8 20.53 4.7
94500.0 376 25.71 0.2 35482 2709.15 0.36 15199 1378.56 0.23 1586755 303572.4 19.72 370 64.83 0.23 35216 9840.31 19.72 208 3 99 21840 315 10395 17.1 23.8 20.55 4.71
95400.0 354 26.34 0.36 35836 2735.49 0.36 15174 1377.75 0.23 1601929 304950.15 19.72 350 64.86 0.23 35566 9905.16 19.72 208 3 99 22048 318 10494 17.1 23.8 20.56 4.7
96300.0 310 25.56 0.2 36146 2761.06 0.36 15136 1377.48 0.23 1617065 306327.63 19.72 310 64.75 0.23 35876 9969.91 19.72 208 3 99 22256 321 10593 17.1 24.0 20.94 4.54
97200.0 310 25.56 0.2 36456 2786.62 0.36 15131 1376.84 0.23 1632196 307704.47 19.72 310 64.75 0.23 36186 10034.66 19.72 208 3 99 22464 324 10692 17.4 24.0 21.06 4.69
98100.0 376 25.71 0.2 36832 2812.33 0.36 15189 1376.56 0.23 1647385 309081.03 19.72 370 64.83 0.23 36556 10099.49 19.72 208 3 99 22672 327 10791 17.4 24.0 21.06 4.69
99000.0 354 26.34 0.36 37186 2838.67 0.36 15168 1372.56 0.23 1662553 310453.59 19.72 350 64.78 0.23 36906 10164.26 19.72 208 3 99 22880 330 10890 17.4 24.0 21.07 4.64
99900.0 310 25.56 0.2 37496 2864.23 0.36 15135 1373.49 0.23 1677688 311827.08 19.72 310 64.67 0.23 37216 10228.94 19.72 208 3 99 23088 333 10989 17.4 24.0 21.37 3.94
100800.0 310 25.56 0.2 37806 2889.79 0.36 15135 1373.45 0.23 1692823 313200.52 19.72 310 64.67 0.23 37526 10293.6 19.72 208 3 99 23296 336 11088 17.7 24.0 21.42 3.89
101700.0 376 25.7 0.2 38182 2915.49 0.36 15195 1373.57 0.23 1708018 314574.09 19.72 370 64.75 0.23 37896 10358.35 19.72 208 3 99 23504 339 11187 17.8 24.0 21.43 3.88
102600.0 354 26.34 0.36 38536 2941.83 0.36 15163 1371.64 0.23 1723181 315945.73 19.72 350 64.78 0.23 38246 10423.13 19.72 208 3 99 23712 342 11286 17.8 24.0 21.43 3.85
103500.0 310 25.56 0.2 38846 2967.39 0.36 15132 1373.17 0.23 1738313 317318.9 19.72 310 64.67 0.23 38556 10487.81 19.72 208 3 99 23920 345 11385 17.8 24.0 21.67 3.17
104400.0 310 25.56 0.2 39156 2992.95 0.36 15131 1373.13 0.23 1753444 318692.02 19.72 310 64.67 0.23 38866 10552.48 19.72 208 3 99 24128 348 11484 18.2 24.0 21.73 3.12
105300.0 376 25.7 0.2 39532 3018.66 0.36 15187 1372.64 0.23 1768631 320064.67 19.72 370 64.75 0.23 39236 10617.23 19.72 208 3 99 24336 351 11583 18.5 24.0 21.73 3.11
106200.0 354 26.33 0.36 39886 3044.99 0.36 15164 1369.21 0.23 1783795 321433.88 19.72 350 64.72 0.23 39586 10681.95 19.72 208 3 99 24544 354 11682 18.5 24.0 21.73 3.09
107100.0 310 25.56 0.2 40196 3070.55 0.36 15123 1367.2 0.23 1798918 322801.08 19.72 310 64.58 0.23 39896 10746.53 19.72 208 3 99 24752 357 11781 18.5 24.0 21.73 2.88
108000.0 310 25.56 0.2 40506 3096.1 0.36 15122 1367.15 0.23 1814040 324168.23 19.72 310 64.57 0.23 40206 10811.1 19.72 208 3 99 24960 360 11880 18.8 24.0 21.74 2.86
108900.0 376 25.7 0.2 40882 3121.8 0.36 15181 1367.07 0.23 1829221 325535.3 19.72 370 64.66 0.23 40576 10875.76 19.72 208 3 99 25168 363 11979 18.9 24.0 21.74 2.86
109800.0 354 26.33 0.36 41236 3148.14 0.36 15160 1366.85 0.23 1844381 326902.16 19.72 350 64.68 0.23 40926 10940.44 19.72 208 3 99 25376 366 12078 18.9 24.0 21.74 2.86
110700.0 310 25.56 0.2 41546 3173.69 0.36 15119 1366.6 0.23 1859500 328268.75 19.72 310 64.58 0.23 41236 11005.02 19.72 208 3 99 25584 369 12177 18.9 24.0 21.63 2.79
111600.0 310 25.56 0.2 41856 3199.25 0.36 15114 1366.15 0.23 1874614 329634.9 19.72 310 64.57 0.23 41546 11069.59 19.72 208 3 99 25792 372 12276 18.9 24.0 21.56 2.66
112500.0 376 25.7 0.2 42232 3224.95 0.36 15173 1366.07 0.23 1889787 331000.98 19.72 370 64.66 0.23 41916 11134.25 19.72 208 3 99 26000 375 12375 18.9 23.9 21.56 2.66
113400.0 354 26.33 0.36 42586 3251.28 0.36 15152 1366.06 0.23 1904939 332367.04 19.72 350 64.68 0.23 42266 11198.93 19.72 208 3 99 26208 378 12474 18.9 23.9 21.62 2.59
114300.0 310 25.56 0.2 42896 3276.84 0.36 15114 1366.0 0.23 1920053 333733.03 19.72 310 64.58 0.23 42576 11263.51 19.72 208 3 99 26416 381 12573 18.9 23.9 23.29 0.35
115200.0 310 25.56 0.2 43206 3302.39 0.36 15114 1365.95 0.23 1935167 335098.98 19.72 310 64.57 0.23 42886 11328.09 19.72 208 3 99 26624 384 12672 18.9 24.0 23.49 0.12
116100.0 376 25.7 0.2 43582 3328.09 0.36 15174 1366.07 0.23 1950341 336465.06 19.72 370 64.66 0.23 43256 11392.75 19.72 208 3 99 26832 387 12771 21.0 24.0 23.5 0.05
117000.0 354 26.33 0.36 43936 3354.43 0.36 15153 1366.06 0.23 1965494 337831.12 19.72 350 64.68 0.23 43606 11457.43 19.72 208 3 99 27040 390 12870 21.0 24.0 23.5 0.05
117900.0 310 25.56 0.2 44246 3379.98 0.36 15113 1366.0 0.23 1980607 339197.11 19.72 310 64.58 0.23 43916 11522.01 19.72 208 3 99 27248 393 12969 21.0 24.0 23.56 0.04
118800.0 310 25.56 0.2 44556 3405.54 0.36 15113 1365.95 0.23 1995720 340563.07 19.72 310 64.57 0.23 44226 11586.59 19.72 208 3 99 27456 396 13068 21.0 24.0 23.59 0.04
119700.0 376 25.7 0.2 44932 3431.24 0.36 15171 1365.87 0.23 2010891 341928.94 19.72 370 64.66 0.23 44596 11651.24 19.72 208 3 99 27664 399 13167 21.0 24.0 23.59 0.04
120600.0 354 26.33 0.36 45286 3457.57 0.36 15151 1365.85 0.23 2026042 343294.79 19.72 350 64.68 0.23 44946 11715.92 19.72 208 3 99 27872 402 13266 21.0 24.0 23.59 0.04
121500.0 310 25.56 0.2 45596 3483.13 0.36 15110 1365.6 0.23 2041152 344660.39 19.72 310 64.58 0.23 45256 11780.5 19.72 208 3 99 28080 405 13365 21.0 24.0 23.63 0.03
122400.0 310 25.56 0.2 45906 3508.68 0.36 15103 1364.55 0.23 2056255 346024.94 19.72 310 64.57 0.23 45566 11845.07 19.72 208 3 99 28288 408 13464 21.0 24.0 23.65 0.03
123300.0 376 25.7 0.2 46282 3534.38 0.36 15163 1364.67 0.23 2071418 347389.61 19.72 370 64.66 0.23 45936 11909.73 19.72 208 3 99 28496 411 13563 21.0 24.0 23.65 0.03
124200.0 354 26.33 0.36 46636 3560.71 0.36 15143 1364.66 0.23 2086561 348754.27 19.72 350 64.68 0.23 46286 11974.42 19.72 208 3 99 28704 414 13662 21.0 24.0 23.66 0.03
125100.0 310 25.56 0.2 46946 3586.27 0.36 15100 1364.4 0.23 2101661 350118.67 19.72 310 64.58 0.23 46596 12039.0 19.72 208 3 99 28912 417 13761 21.0 24.0 23.68 0.03
126000.0 310 25.56 0.2 47256 3611.83 0.36 15099 1364.15 0.23 2116760 351482.82 19.72 310 64.57 0.23 46906 12103.57 19.72 208 3 99 29120 420 13860 21.0 24.0 23.71 0.03
126900.0 376 25.7 0.2 47632 3637.53 0.36 15155 1363.67 0.23 2131915 352846.49 19.72 370 64.66 0.23 47276 12168.23 19.72 208 3 99 29328 423 13959 21.0 24.0 23.71 0.03
127800.0 354 26.33 0.36 47986 3663.86 0.36 15133 1363.45 0.23 2147048 354209.95 19.72 350 64.68 0.23 47626 12232.9 19.72 208 3 99 29536 426 14058 21.0 24.0 23.71 0.03
128700.0 310 25.56 0.2 48296 3689.41 0.36 15093 1363.4 0.23 2162141 355573.34 19.72 310 64.58 0.23 47936 12297.48 19.72 208 3 99 29744 429 14157 21.0 24.0 23.74 0.03
129600.0 310 25.56 0.2 48606 3714.97 0.36 15093 1363.35 0.23 2177234 356936.69 19.72 310 64.57 0.23 48246 12362.06 19.72 208 3 99 29952 432 14256 21.0 24.0 23.76 0.03
130500.0 376 25.7 0.2 48982 3740.67 0.36 15153 1363.47 0.23 2192387 358300.16 19.72 370 64.66 0.23 48616 12426.72 19.72 208 3 99 30160 435 14355 21.0 24.0 23.76 0.03
131400.0 354 26.33 0.36 49336 3767.0 0.36 15132 1363.26 0.23 2207519 359663.43 19.72 350 64.68 0.23 48966 12491.4 19.72 208 3 99 30368 438 14454 21.0 24.0 23.76 0.03
132300.0 310 25.56 0.2 49646 3792.56 0.36 15091 1363.2 0.23 2222610 361026.62 19.72 310 64.58 0.23 49276 12555.98 19.72 208 3 99 30576 441 14553 21.0 24.0 23.78 0.03
133200.0 310 25.56 0.2 49956 3818.12 0.36 15088 1362.95 0.23 2237698 362389.57 19.72 310 64.57 0.23 49586 12620.56 19.72 208 3 99 30784 444 14652 21.0 24.0 23.79 0.03
134100.0 376 25.7 0.2 50332 3843.81 0.36 15147 1362.87 0.23 2252845 363752.45 19.72 370 64.66 0.23 49956 12685.21 19.72 208 3 99 30992 447 14751 21.0 24.0 23.79 0.03
135000.0 354 26.33 0.36 50686 3870.15 0.36 15127 1362.85 0.23 2267972 365115.3 19.72 350 64.68 0.23 50306 12749.89 19.72 208 3 99 31200 450 14850 21.0 24.0 23.8 0.03
135900.0 310 25.56 0.2 50996 3895.7 0.36 15084 1362.4 0.23 2283056 366477.69 19.72 310 64.58 0.23 50616 12814.47 19.72 208 3 99 31408 453 14949 21.0 24.0 23.82 0.03
136800.0 310 25.56 0.2 51306 3921.26 0.36 15084 1362.35 0.23 2298140 367840.04 19.72 310 64.57 0.23 50926 12879.04 19.72 208 3 99 31616 456 15048 21.0 24.0 23.83 0.03
137700.0 376 25.7 0.2 51682 3946.96 0.36 15144 1362.47 0.23 2313284 369202.52 19.72 370 64.66 0.23 51296 12943.7 19.72 208 3 99 31824 459 15147 21.0 24.0 23.83 0.03
138600.0 354 26.33 0.36 52036 3973.29 0.36 15121 1362.06 0.23 2328405 370564.58 19.72 350 64.68 0.23 51646 13008.39 19.72 208 3 99 32032 462 15246 21.0 24.0 23.83 0.03
139500.0 310 25.56 0.2 52346 3998.85 0.36 15081 1362.0 0.23 2343486 371926.57 19.72 310 64.58 0.23 51956 13072.97 19.72 208 3 99 32240 465 15345 21.0 24.0 23.84 0.03
140400.0 310 25.56 0.2 52656 4024.4 0.36 15080 1361.75 0.23 2358566 373288.33 19.72 310 64.57 0.23 52266 13137.54 19.72 208 3 99 32448 468 15444 21.0 24.0 23.85 0.03
141300.0 376 25.7 0.2 53032 4050.1 0.36 15137 1361.27 0.23 2373703 374649.6 19.72 370 64.66 0.23 52636 13202.2 19.72 208 3 99 32656 471 15543 21.0 24.0 23.85 0.03
142200.0 354 26.33 0.36 53386 4076.44 0.36 15117 1361.25 0.23 2388820 376010.85 19.72 350 64.68 0.23 52986 13266.87 19.72 208 3 99 32864 474 15642 21.0 24.0 23.85 0.03
143100.0 310 25.56 0.2 53696 4101.99 0.36 15077 1361.2 0.23 2403897 377372.05 19.72 310 64.58 0.23 53296 13331.45 19.72 208 3 99 33072 477 15741 21.0 24.0 23.87 0.03
144000.0 310 25.56 0.2 54006 4127.55 0.36 15075 1360.75 0.23 2418972 378732.8 19.72 310 64.57 0.23 53606 13396.03 19.72 208 3 99 33280 480 15840 21.0 24.0 23.88 0.03
144900.0 376 25.7 0.2 54382 4153.25 0.36 15135 1360.87 0.23 2434107 380093.67 19.72 370 64.66 0.23 53976 13460.69 19.72 208 3 99 33488 483 15939 21.0 24.0 23.88 0.03
145800.0 354 26.33 0.36 54736 4179.58 0.36 15114 1360.66 0.23 2449221 381454.33 19.72 350 64.68 0.23 54326 13525.37 19.72 208 3 99 33696 486 16038 21.0 24.0 23.88 0.03
146700.0 310 25.56 0.2 55046 4205.14 0.36 15066 1359.4 0.23 2464287 382813.73 19.72 310 64.58 0.23 54636 13589.95 19.72 208 3 99 33904 489 16137 21.0 24.0 23.88 0.03
147600.0 310 25.56 0.2 55356 4230.69 0.36 15066 1359.35 0.23 2479353 384173.08 19.72 310 64.57 0.23 54946 13654.53 19.72 208 3 99 34112 492 16236 21.0 24.0 23.88 0.03
148500.0 376 25.7 0.2 55732 4256.39 0.36 15126 1359.47 0.23 2494479 385532.55 19.72 370 64.66 0.23 55316 13719.18 19.72 208 3 99 34320 495 16335 21.0 24.0 23.88 0.03
149400.0 354 26.33 0.36 56086 4282.72 0.36 15105 1359.25 0.23 2509584 386891.8 19.72 350 64.68 0.23 55666 13783.86 19.72 208 3 99 34528 498 16434 21.0 24.0 23.88 0.03
150300.0 310 25.56 0.2 56396 4308.28 0.36 15065 1359.2 0.23 2524649 388251.0 19.72 310 64.58 0.23 55976 13848.44 19.72 208 3 99 34736 501 16533 21.0 24.0 23.88 0.03
151200.0 310 25.56 0.2 56706 4333.84 0.36 15064 1358.95 0.23 2539713 389609.95 19.72 310 64.57 0.23 56286 13913.01 19.72 208 3 99 34944 504 16632 21.0 24.0 23.89 0.03
152100.0 376 25.7 0.2 57082 4359.54 0.36 15120 1358.67 0.23 2554833 390968.62 19.72 370 64.66 0.23 56656 13977.67 19.72 208 3 99 35152 507 16731 21.0 24.0 23.89 0.03
153000.0 354 26.33 0.36 57436 4385.87 0.36 15100 1358.66 0.23 2569933 392327.28 19.72 350 64.68 0.23 57006 14042.36 19.72 208 3 99 35360 510 16830 21.0 24.0 23.89 0.03
153900.0 310 25.56 0.2 57746 4411.43 0.36 15059 1358.6 0.23 2584992 393685.88 19.72 310 64.58 0.23 57316 14106.94 19.72 208 3 99 35568 513 16929 21.0 24.0 23.88 0.04
154800.0 310 25.56 0.2 58056 4436.98 0.36 15056 1358.35 0.23 2600048 395044.23 19.72 310 64.57 0.23 57626 14171.51 19.72 208 3 99 35776 516 17028 21.0 24.0 23.88 0.04
155700.0 376 25.7 0.2 58432 4462.68 0.36 15116 1358.47 0.23 2615164 396402.7 19.72 370 64.66 0.23 57996 14236.17 19.72 208 3 99 35984 519 17127 21.0 24.0 23.88 0.04
156600.0 354 26.33 0.36 58786 4489.01 0.36 15095 1358.45 0.23 2630259 397761.16 19.72 350 64.68 0.23 58346 14300.84 19.72 208 3 99 36192 522 17226 21.0 24.0 23.88 0.04
157500.0 310 25.56 0.2 59096 4514.57 0.36 15053 1358.2 0.23 2645312 399119.35 19.72 310 64.58 0.23 58656 14365.42 19.72 208 3 99 36400 525 17325 21.0 24.0 23.88 0.04
158400.0 310 25.56 0.2 59406 4540.13 0.36 15053 1358.15 0.23 2660365 400477.5 19.72 310 64.57 0.23 58966 14430.0 19.72 208 3 99 36608 528 17424 21.0 24.0 23.88 0.04
159300.0 376 25.7 0.2 59782 4565.82 0.36 15112 1358.27 0.23 2675477 401835.77 19.72 370 64.66 0.23 59336 14494.66 19.72 208 3 99 36816 531 17523 21.0 24.0 23.88 0.04
160200.0 354 26.33 0.36 60136 4592.16 0.36 15090 1357.86 0.23 2690567 403193.64 19.72 350 64.68 0.23 59686 14559.34 19.72 208 3 99 37024 534 17622 21.0 24.0 23.87 0.04
161100.0 310 25.56 0.2 60446 4617.71 0.36 15050 1357.8 0.23 2705617 404551.43 19.72 310 64.58 0.23 59996 14623.92 19.72 208 3 99 37232 537 17721 21.0 24.0 23.85 0.04
162000.0 310 25.56 0.2 60756 4643.27 0.36 15049 1357.75 0.23 2720666 405909.18 19.72 310 64.57 0.23 60306 14688.5 19.72 208 3 99 37440 540 17820 21.0 24.0 23.85 0.04
162900.0 376 25.7 0.2 61132 4668.97 0.36 15105 1357.47 0.23 2735771 407266.65 19.72 370 64.66 0.23 60676 14753.15 19.72 208 3 99 37648 543 17919 21.0 24.0 23.85 0.04
163800.0 354 26.33 0.36 61486 4695.3 0.36 15085 1357.45 0.23 2750856 408624.11 19.72 350 64.68 0.23 61026 14817.83 19.72 208 3 99 37856 546 18018 21.0 24.0 23.85 0.04
164700.0 310 25.56 0.2 61796 4720.85 0.36 15045 1357.4 0.23 2765901 409981.5 19.72 310 64.58 0.23 61336 14882.41 19.72 208 3 99 38064 549 18117 21.0 24.0 23.83 0.04
165600.0 310 25.56 0.2 62106 4746.41 0.36 15043 1357.15 0.23 2780944 411338.65 19.72 310 64.57 0.23 61646 14946.98 19.72 208 3 99 38272 552 18216 21.0 24.0 23.82 0.04
166500.0 376 25.7 0.2 62482 4772.11 0.36 15103 1357.27 0.23 2796047 412695.92 19.72 370 64.66 0.23 62016 15011.64 19.72 208 3 99 38480 555 18315 21.0 24.0 23.82 0.04
167400.0 354 26.33 0.36 62836 4798.44 0.36 15083 1357.26 0.23 2811130 414053.19 19.72 350 64.68 0.23 62366 15076.33 19.72 208 3 99 38688 558 18414 21.0 24.0 23.82 0.04
168300.0 310 25.56 0.2 63146 4824.0 0.36 15037 1356.2 0.23 2826167 415409.38 19.72 310 64.58 0.23 62676 15140.91 19.72 208 3 99 38896 561 18513 21.0 24.0 23.8 0.05
169200.0 310 25.56 0.2 63456 4849.56 0.36 15038 1356.35 0.23 2841205 416765.73 19.72 310 64.57 0.23 62986 15205.48 19.72 208 3 99 39104 564 18612 21.0 24.0 23.79 0.05
170100.0 376 25.7 0.2 63832 4875.25 0.36 15098 1356.47 0.23 2856303 418122.2 19.72 370 64.66 0.23 63356 15270.14 19.72 208 3 99 39312 567 18711 21.0 24.0 23.79 0.05
171000.0 354 26.33 0.36 64186 4901.58 0.36 15076 1356.25 0.23 2871379 419478.46 19.72 350 64.68 0.23 63706 15334.82 19.72 208 3 99 39520 570 18810 21.0 24.0 23.78 0.05
171900.0 310 25.56 0.2 64496 4927.14 0.36 15033 1355.8 0.23 2886412 420834.25 19.72 310 64.58 0.23 64016 15399.4 19.72 208 3 99 39728 573 18909 21.0 24.0 23.75 0.05
172800.0 310 25.56 0.2 64806 4952.7 0.36 15033 1355.75 0.23 2901445 422190.0 19.72 310 64.57 0.23 64326 15463.97 19.72 208 3 99 39936 576 19008 21.0 24.0 23.74 0.05
173700.0 376 25.7 0.2 65182 4978.4 0.36 15089 1355.47 0.23 2916534 423545.48 19.72 370 64.66 0.23 64696 15528.63 19.72 208 3 99 40144 579 19107 21.0 24.0 23.74 0.05
174600.0 354 26.33 0.36 65536 5004.73 0.36 15067 1355.06 0.23 2931601 424900.54 19.72 350 64.68 0.23 65046 15593.31 19.72 208 3 99 40352 582 19206 21.0 24.0 23.74 0.05
175500.0 310 25.56 0.2 65846 5030.28 0.36 15027 1354.8 0.23 2946628 426255.33 19.72 310 64.58 0.23 65356 15657.89 19.72 208 3 99 40560 585 19305 21.0 24.0 23.7 0.05
176400.0 310 25.56 0.2 66156 5055.84 0.36 15027 1354.95 0.23 2961655 427610.28 19.72 310 64.57 0.23 65666 15722.47 19.72 208 3 99 40768 588 19404 21.0 23.9 23.68 0.05
177300.0 376 25.7 0.2 66532 5081.54 0.36 15087 1355.07 0.23 2976742 428965.36 19.72 370 64.66 0.23 66036 15787.12 19.72 208 3 99 40976 591 19503 21.0 23.9 23.68 0.05
178200.0 354 26.33 0.36 66886 5107.87 0.36 15065 1354.86 0.23 2991807 430320.22 19.72 350 64.68 0.23 66386 15851.81 19.72 208 3 99 41184 594 19602 21.0 23.9 23.68 0.05
179100.0 310 25.56 0.2 67196 5133.43 0.36 15018 1353.8 0.23 3006825 431674.01 19.72 310 64.58 0.23 66696 15916.39 19.72 208 3 99 41392 597 19701 21.0 23.9 23.61 0.05
180000.0 310 25.56 0.2 67506 5158.98 0.36 15024 1354.55 0.23 3021849 433028.56 19.72 310 64.57 0.23 67006 15980.96 19.72 208 3 99 41600 600 19800 21.0 23.9 23.58 0.05
180900.0 376 25.7 0.2 67882 5184.68 0.36 15083 1354.67 0.23 3036932 434383.23 19.72 370 64.66 0.23 67376 16045.62 19.72 208 3 99 41808 603 19899 21.0 23.9 23.58 0.05
181800.0 354 26.33 0.36 68236 5211.02 0.36 15057 1353.46 0.23 3051989 435736.7 19.72 350 64.68 0.23 67726 16110.31 19.72 208 3 99 42016 606 19998 21.0 23.9 23.58 0.05
182700.0 310 25.56 0.2 68546 5236.57 0.36 15013 1352.8 0.23 3067002 437089.49 19.72 310 64.58 0.23 68036 16174.89 19.72 208 3 99 42224 609 20097 21.0 23.8 23.5 0.05
183600.0 310 25.56 0.2 68856 5262.13 0.36 15019 1353.75 0.23 3082021 438443.24 19.72 310 64.57 0.23 68346 16239.46 19.72 208 3 99 42432 612 20196 21.0 23.8 23.45 0.04
184500.0 376 25.7 0.2 69232 5287.83 0.36 15071 1352.67 0.23 3097092 439795.91 19.72 370 64.66 0.23 68716 16304.12 19.72 208 3 99 42640 615 20295 21.0 23.8 23.45 0.04
185400.0 354 26.33 0.36 69586 5314.16 0.36 15047 1352.46 0.23 3112139 441148.37 19.72 350 64.68 0.23 69066 16368.8 19.72 208 3 99 42848 618 20394 21.0 23.8 23.45 0.04
186300.0 310 25.56 0.2 69896 5339.72 0.36 15010 1352.79 0.23 3127149 442501.17 19.72 310 64.58 0.23 69376 16433.38 19.72 208 3 99 43056 621 20493 21.0 23.7 23.33 0.05
187200.0 310 25.56 0.2 70206 5365.27 0.36 15004 1351.95 0.23 3142153 443853.12 19.72 310 64.57 0.23 69686 16497.96 19.72 208 3 99 43264 624 20592 21.0 23.7 23.27 0.04
188100.0 376 25.7 0.2 70582 5390.97 0.36 15063 1352.07 0.23 3157216 445205.19 19.72 370 64.66 0.23 70056 16562.61 19.72 208 3 99 43472 627 20691 21.0 23.7 23.27 0.04
189000.0 354 26.33 0.36 70936 5417.31 0.36 15040 1351.66 0.23 3172256 446556.85 19.72 350 64.68 0.23 70406 16627.3 19.72 208 3 99 43680 630 20790 21.0 23.7 23.27 0.04
189900.0 310 25.56 0.2 71246 5442.86 0.36 14999 1350.99 0.23 3187255 447907.85 19.72 310 64.58 0.23 70716 16691.88 19.72 208 3 99 43888 633 20889 21.0 23.6 23.11 0.05
190800.0 310 25.56 0.2 71556 5468.42 0.36 14999 1351.15 0.23 3202254 449259.0 19.72 310 64.57 0.23 71026 16756.45 19.72 208 3 99 44096 636 20988 21.0 23.5 23.02 0.04
191700.0 376 25.7 0.2 71932 5494.12 0.36 15057 1351.07 0.23 3217311 450610.07 19.72 370 64.66 0.23 71396 16821.11 19.72 208 3 99 44304 639 21087 21.0 23.5 23.02 0.04
192600.0 354 26.33 0.36 72286 5520.45 0.36 15024 1349.06 0.23 3232335 451959.13 19.72 350 64.68 0.23 71746 16885.8 19.72 208 3 99 44512 642 21186 21.0 23.5 23.02 0.04
193500.0 310 25.56 0.2 72596 5546.01 0.36 14989 1349.59 0.23 3247324 453308.73 19.72 310 64.58 0.23 72056 16950.38 19.72 208 3 99 44720 645 21285 21.0 23.4 22.83 0.04
194400.0 310 25.56 0.2 72906 5571.56 0.36 14991 1350.15 0.23 3262315 454658.88 19.72 310 64.57 0.23 72366 17014.95 19.72 208 3 99 44928 648 21384 21.0 23.3 22.74 0.04
195300.0 376 25.7 0.2 73282 5597.26 0.36 15043 1349.07 0.23 3277358 456007.95 19.72 370 64.66 0.23 72736 17079.61 19.72 208 3 99 45136 651 21483 21.0 23.3 22.74 0.03
196200.0 354 26.33 0.36 73636 5623.6 0.36 15019 1348.26 0.23 3292377 457356.21 19.72 350 64.68 0.23 73086 17144.29 19.72 208 3 99 45344 654 21582 21.0 23.3 22.73 0.03
197100.0 310 25.56 0.2 73946 5649.15 0.36 14979 1348.79 0.23 3307356 458705.01 19.72 310 64.58 0.23 73396 17208.87 19.72 208 3 99 45552 657 21681 21.0 23.1 22.54 0.03
198000.0 310 25.56 0.2 74256 5674.71 0.36 14967 1346.15 0.23 3322323 460051.16 19.72 310 64.57 0.23 73706 17273.45 19.72 208 3 99 45760 660 21780 21.0 23.1 22.43 0.03
198900.0 376 25.7 0.2 74632 5700.41 0.36 15027 1346.27 0.23 3337350 461397.43 19.72 370 64.66 0.23 74076 17338.1 19.72 208 3 99 45968 663 21879 21.0 23.1 22.43 0.03
199800.0 354 26.33 0.36 74986 5726.74 0.36 15005 1345.85 0.23 3352355 462743.28 19.72 350 64.68 0.23 74426 17402.78 19.72 208 3 99 46176 666 21978 21.0 23.1 22.42 0.03
200700.0 310 25.56 0.2 75296 5752.3 0.36 14973 1347.19 0.23 3367328 464090.48 19.72 310 64.58 0.23 74736 17467.36 19.72 208 3 99 46384 669 22077 21.0 22.8 22.27 0.02
201600.0 310 25.56 0.2 75606 5777.85 0.36 14971 1347.15 0.23 3382299 465437.63 19.72 310 64.57 0.23 75046 17531.94 19.72 208 3 99 46592 672 22176 21.0 22.8 22.2 0.03
202500.0 376 25.7 0.2 75982 5803.55 0.36 15030 1347.07 0.23 3397329 466784.7 19.72 370 64.66 0.23 75416 17596.59 19.72 208 3 99 46800 675 22275 21.0 22.8 22.2 0.03
203400.0 354 26.33 0.36 76336 5829.88 0.36 15010 1347.26 0.23 3412339 468131.96 19.72 350 64.68 0.23 75766 17661.28 19.72 208 3 99 47008 678 22374 21.0 22.8 22.2 0.03
204300.0 310 25.56 0.2 76646 5855.44 0.36 14975 1347.39 0.23 3427314 469479.35 19.72 310 64.58 0.23 76076 17725.86 19.72 208 3 99 47216 681 22473 21.0 22.6 22.07 0.02
205200.0 310 25.56 0.2 76956 5881.0 0.36 14976 1347.55 0.23 3442290 470826.91 19.72 310 64.57 0.23 76386 17790.43 19.72 208 3 99 47424 684 22572 21.0 22.6 22.07 0.02
206100.0 376 25.7 0.2 77332 5906.69 0.36 15033 1347.27 0.23 3457323 472174.18 19.72 370 64.66 0.23 76756 17855.09 19.72 208 3 99 47632 687 22671 21.0 22.6 22.07 0.02
207000.0 354 26.33 0.36 77686 5933.02 0.36 15008 1346.85 0.23 3472331 473521.03 19.72 350 64.68 0.23 77106 17919.77 19.72 208 3 99 47840 690 22770 21.0 22.6 22.07 0.02
207900.0 310 25.56 0.2 77996 5958.58 0.36 14973 1347.19 0.23 3487304 474868.22 19.72 310 64.58 0.23 77416 17984.35 19.72 208 3 99 48048 693 22869 21.0 22.2 22.02 0.01
208800.0 310 25.56 0.2 78306 5984.14 0.36 14971 1346.75 0.23 3502275 476214.98 19.72 310 64.57 0.23 77726 18048.92 19.72 208 3 99 48256 696 22968 21.0 22.2 22.02 0.01
209700.0 376 25.7 0.2 78682 6009.84 0.36 15030 1346.67 0.23 3517305 477561.65 19.72 370 64.66 0.23 78096 18113.58 19.72 208 3 99 48464 699 23067 21.0 22.2 22.02 0.01
210600.0 354 26.33 0.36 79036 6036.17 0.36 15003 1345.86 0.23 3532308 478907.51 19.72 350 64.68 0.23 78446 18178.26 19.72 208 3 99 48672 702 23166 21.0 22.2 22.02 0.01
211500.0 310 25.56 0.2 79346 6061.72 0.36 14960 1345.59 0.23 3547268 480253.1 19.72 310 64.58 0.23 78756 18242.84 19.72 208 3 99 48880 705 23265 21.0 22.0 22.0 0.0
212400.0 310 25.56 0.2 79656 6087.28 0.36 14960 1345.55 0.23 3562228 481598.65 19.72 310 64.57 0.23 79066 18307.42 19.72 208 3 99 49088 708 23364 21.0 22.0 22.0 0.0
213300.0 376 25.7 0.2 80032 6112.98 0.36 15016 1344.87 0.23 3577244 482943.53 19.72 370 64.66 0.23 79436 18372.07 19.72 208 3 99 49296 711 23463 21.0 22.0 22.0 0.0
214200.0 354 26.33 0.36 80386 6139.31 0.36 14984 1343.65 0.23 3592228 484287.18 19.72 350 64.68 0.23 79786 18436.75 19.72 208 3 99 49504 714 23562 21.0 22.0 22.0 0.0
215100.0 310 25.56 0.2 80696 6164.87 0.36 14944 1343.59 0.23 3607172 485630.77 19.72 310 64.58 0.23 80096 18501.33 19.72 208 3 99 49712 717 23661 21.0 22.0 22.0 0.0
216000.0 310 25.56 0.2 81006 6190.42 0.36 14941 1343.15 0.23 3622113 486973.92 19.72 310 64.57 0.23 80406 18565.91 19.72 208 3 99 49920 720 23760 21.0 22.0 22.0 0.0
216900.0 376 25.7 0.2 81382 6216.12 0.36 14996 1342.67 0.23 3637109 488316.59 19.72 370 64.66 0.23 80776 18630.56 19.72 208 3 99 50128 723 23859 21.0 22.0 22.0 0.0
217800.0 354 26.33 0.36 81736 6242.45 0.36 14976 1342.66 0.23 3652085 489659.26 19.72 350 64.68 0.23 81126 18695.25 19.72 208 3 99 50336 726 23958 21.0 22.0 22.0 0.0
218700.0 310 25.56 0.2 82046 6268.01 0.36 14928 1341.79 0.23 3667013 491001.05 19.72 310 64.58 0.23 81436 18759.83 19.72 208 3 99 50544 729 24057 21.0 22.0 22.0 0.0
219600.0 310 25.56 0.2 82356 6293.57 0.36 14927 1341.55 0.23 3681940 492342.6 19.72 310 64.57 0.23 81746 18824.4 19.72 208 3 99 50752 732 24156 21.0 22.0 22.0 0.0
220500.0 376 25.7 0.2 82732 6319.27 0.36 14978 1340.67 0.23 3696918 493683.27 19.72 370 64.66 0.23 82116 18889.06 19.72 208 3 99 50960 735 24255 21.0 22.0 22.0 0.0
221400.0 354 26.33 0.36 83086 6345.6 0.36 14960 1342.41 0.23 3711878 495025.68 19.72 350 64.72 0.23 82466 18953.78 19.72 208 3 99 51168 738 24354 21.0 22.0 21.99 0.01
222300.0 310 25.56 0.2 83396 6371.16 0.36 15007 1354.11 0.23 3726885 496379.8 19.72 310 64.62 0.23 82776 19018.4 19.72 208 3 99 51376 741 24453 19.8 22.0 21.12 0.09
223200.0 310 25.56 0.2 83706 6396.72 0.36 15035 1358.07 0.23 3741920 497737.86 19.72 310 64.62 0.23 83086 19083.02 19.72 208 3 99 51584 744 24552 19.8 22.0 20.58 0.16
224100.0 376 25.7 0.2 84082 6422.42 0.36 15095 1358.19 0.23 3757015 499096.05 19.72 370 64.7 0.23 83456 19147.72 19.72 208 3 99 51792 747 24651 19.8 21.8 20.57 0.15
225000.0 354 26.33 0.36 84436 6448.75 0.36 15075 1357.57 0.23 3772090 500453.63 19.72 350 64.71 0.23 83806 19212.42 19.72 208 3 99 52000 750 24750 19.8 21.8 20.57 0.15
225900.0 310 25.56 0.2 84746 6474.31 0.36 15037 1358.02 0.23 3787127 501811.64 19.72 310 64.62 0.23 84116 19277.04 19.72 208 3 99 52208 753 24849 19.8 21.7 20.51 0.14
226800.0 310 25.56 0.2 85056 6499.87 0.36 15037 1357.97 0.23 3802164 503169.62 19.72 310 64.61 0.23 84426 19341.65 19.72 208 3 99 52416 756 24948 19.8 21.7 20.48 0.16
227700.0 376 25.7 0.2 85432 6525.57 0.36 15097 1358.09 0.23 3817261 504527.71 19.72 370 64.69 0.23 84796 19406.35 19.72 208 3 99 52624 759 25047 19.8 21.7 20.48 0.16
228600.0 354 26.34 0.36 85786 6551.9 0.36 15073 1358.07 0.23 3832334 505885.78 19.72 350 64.73 0.23 85146 19471.08 19.72 208 3 99 52832 762 25146 19.8 21.7 20.48 0.16
229500.0 310 25.56 0.2 86096 6577.46 0.36 15035 1357.93 0.23 3847369 507243.71 19.72 310 64.62 0.23 85456 19535.7 19.72 208 3 99 53040 765 25245 19.8 21.6 20.48 0.15
230400.0 310 25.56 0.2 86406 6603.02 0.36 15035 1357.48 0.23 3862404 508601.18 19.72 310 64.61 0.23 85766 19600.31 19.72 208 3 99 53248 768 25344 19.9 21.6 20.46 0.16
231300.0 376 25.7 0.2 86782 6628.72 0.36 15093 1357.6 0.23 3877497 509958.79 19.72 370 64.7 0.23 86136 19665.01 19.72 208 3 99 53456 771 25443 19.8 21.6 20.46 0.16
232200.0 354 26.33 0.36 87136 6655.05 0.36 15070 1357.27 0.23 3892567 511316.05 19.72 350 64.72 0.23 86486 19729.73 19.72 208 3 99 53664 774 25542 19.8 21.6 20.46 0.16
233100.0 310 25.56 0.2 87446 6680.61 0.36 15033 1357.68 0.23 3907600 512673.74 19.72 310 64.62 0.23 86796 19794.35 19.72 208 3 99 53872 777 25641 19.8 21.5 20.51 0.16
234000.0 310 25.56 0.2 87756 6706.17 0.36 15030 1357.64 0.23 3922630 514031.38 19.72 310 64.62 0.23 87106 19858.97 19.72 208 3 99 54080 780 25740 19.8 21.5 20.5 0.17
234900.0 376 25.7 0.2 88132 6731.87 0.36 15090 1357.76 0.23 3937720 515389.14 19.72 370 64.7 0.23 87476 19923.67 19.72 208 3 99 54288 783 25839 19.8 21.5 20.5 0.17
235800.0 354 26.33 0.36 88486 6758.2 0.36 15061 1355.57 0.23 3952781 516744.71 19.72 350 64.71 0.23 87826 19988.38 19.72 208 3 99 54496 786 25938 19.8 21.5 20.5 0.17
236700.0 310 25.56 0.2 88796 6783.76 0.36 15030 1355.54 0.23 3967811 518100.25 19.72 310 64.6 0.23 88136 20052.98 19.72 208 3 99 54704 789 26037 19.8 21.4 20.54 0.16
237600.0 310 25.56 0.2 89106 6809.32 0.36 15029 1355.5 0.23 3982840 519455.75 19.72 310 64.59 0.23 88446 20117.57 19.72 208 3 99 54912 792 26136 19.8 21.4 20.55 0.16
238500.0 376 25.7 0.2 89482 6835.01 0.36 15080 1354.82 0.23 3997920 520810.57 19.72 370 64.67 0.23 88816 20182.24 19.72 208 3 99 55120 795 26235 19.7 21.4 20.55 0.16
239400.0 354 26.33 0.36 89836 6861.35 0.36 15038 1352.56 0.23 4012958 522163.13 19.72 350 64.72 0.23 89166 20246.96 19.72 208 3 99 55328 798 26334 19.7 21.5 20.55 0.16
240300.0 310 25.56 0.2 90146 6886.91 0.36 15016 1354.9 0.23 4027974 523518.02 19.72 310 64.61 0.23 89476 20311.57 19.72 208 3 99 55536 801 26433 19.7 21.5 20.6 0.17
241200.0 310 25.56 0.2 90456 6912.46 0.36 15012 1354.25 0.23 4042986 524872.27 19.72 310 64.61 0.23 89786 20376.17 19.72 208 3 99 55744 804 26532 19.7 21.6 20.6 0.17
242100.0 376 25.7 0.2 90832 6938.16 0.36 15071 1354.17 0.23 4058057 526226.45 19.72 370 64.69 0.23 90156 20440.86 19.72 208 3 99 55952 807 26631 19.7 21.6 20.6 0.17
243000.0 354 26.33 0.36 91186 6964.5 0.36 15035 1351.96 0.23 4073092 527578.41 19.72 350 64.72 0.23 90506 20505.58 19.72 208 3 99 56160 810 26730 19.7 21.6 20.6 0.17
243900.0 310 25.56 0.2 91496 6990.06 0.36 15009 1354.37 0.23 4088101 528932.78 19.72 310 64.62 0.23 90816 20570.19 19.72 208 3 99 56368 813 26829 19.7 21.6 20.65 0.18
244800.0 310 25.56 0.2 91806 7015.61 0.36 15007 1354.13 0.23 4103108 530286.91 19.72 310 64.61 0.23 91126 20634.81 19.72 208 3 99 56576 816 26928 19.7 21.8 20.64 0.18
245700.0 376 25.7 0.2 92182 7041.32 0.36 15066 1354.05 0.23 4118174 531640.95 19.72 370 64.69 0.23 91496 20699.5 19.72 208 3 99 56784 819 27027 19.6 21.8 20.64 0.18
246600.0 354 26.33 0.36 92536 7067.65 0.36 15023 1350.93 0.23 4133197 532991.89 19.72 350 64.72 0.23 91846 20764.22 19.72 208 3 99 56992 822 27126 19.6 21.8 20.64 0.18
247500.0 310 25.56 0.2 92846 7093.21 0.36 15001 1352.93 0.23 4148198 534344.82 19.72 310 64.61 0.23 92156 20828.84 19.72 208 3 99 57200 825 27225 19.6 21.8 20.63 0.19
248400.0 310 25.56 0.2 93156 7118.77 0.36 14999 1352.49 0.23 4163197 535697.3 19.72 310 64.61 0.23 92466 20893.45 19.72 208 3 99 57408 828 27324 19.6 21.9 20.63 0.2
249300.0 376 25.7 0.2 93532 7144.47 0.36 15049 1351.21 0.23 4178246 537048.52 19.72 370 64.69 0.23 92836 20958.14 19.72 208 3 99 57616 831 27423 19.5 21.9 20.63 0.2
250200.0 354 26.33 0.36 93886 7170.8 0.36 15015 1349.14 0.23 4193261 538397.65 19.72 350 64.71 0.23 93186 21022.85 19.72 208 3 99 57824 834 27522 19.5 21.9 20.63 0.2
251100.0 310 25.56 0.2 94196 7196.36 0.36 14998 1352.45 0.23 4208259 539750.11 19.72 310 64.61 0.23 93496 21087.46 19.72 208 3 99 58032 837 27621 19.5 21.9 20.6 0.21
252000.0 310 25.56 0.2 94506 7221.92 0.36 15005 1352.81 0.23 4223264 541102.91 19.72 310 64.6 0.23 93806 21152.07 19.72 208 3 99 58240 840 27720 19.5 22.0 20.57 0.23
252900.0 376 25.7 0.2 94882 7247.62 0.36 15064 1352.73 0.23 4238328 542455.65 19.72 370 64.69 0.23 94176 21216.75 19.72 208 3 99 58448 843 27819 19.5 22.0 20.57 0.24
253800.0 354 26.33 0.36 95236 7273.95 0.36 15026 1350.01 0.23 4253354 543805.66 19.72 350 64.7 0.23 94526 21281.46 19.72 208 3 99 58656 846 27918 19.5 22.0 20.57 0.23
254700.0 310 25.56 0.2 95546 7299.51 0.36 15032 1356.7 0.23 4268386 545162.36 19.72 310 64.61 0.23 94836 21346.07 19.72 208 3 99 58864 849 28017 19.5 22.0 20.44 0.23
255600.0 310 25.56 0.2 95856 7325.07 0.36 15037 1357.66 0.23 4283423 546520.02 19.72 310 64.61 0.23 95146 21410.67 19.72 208 3 99 59072 852 28116 19.5 21.8 20.4 0.24
256500.0 376 25.7 0.2 96232 7350.77 0.36 15096 1357.58 0.23 4298519 547877.6 19.72 370 64.69 0.23 95516 21475.36 19.72 208 3 99 59280 855 28215 19.3 21.8 20.4 0.24
257400.0 354 26.33 0.36 96586 7377.1 0.36 15057 1355.34 0.23 4313576 549232.94 19.72 350 64.71 0.23 95866 21540.07 19.72 208 3 99 59488 858 28314 19.3 21.8 20.4 0.24
258300.0 310 25.56 0.2 96896 7402.66 0.36 15044 1358.57 0.23 4328620 550591.5 19.72 310 64.61 0.23 96176 21604.68 19.72 208 3 99 59696 861 28413 19.3 21.8 20.23 0.24
259200.0 310 25.56 0.2 97206 7428.22 0.36 15045 1358.72 0.23 4343665 551950.23 19.72 310 64.61 0.23 96486 21669.29 19.72 208 3 99 59904 864 28512 19.3 21.6 20.16 0.27
260100.0 376 25.7 0.2 97582 7453.92 0.36 15105 1358.84 0.23 4358770 553309.07 19.72 370 64.69 0.23 96856 21733.98 19.72 208 3 99 60112 867 28611 19.2 21.6 20.16 0.27
261000.0 356 26.42 0.36 97938 7480.34 0.36 15392 149506.78 19.72 4374162 702815.85 19.72 352 3069.3 19.72 97208 24803.28 19.72 208 3 99 60320 870 28710 19.2 21.6 20.16 0.27
261900.0 310 25.56 0.2 98248 7505.9 0.36 15065 1361.44 0.23 4389227 704177.29 19.72 310 64.61 0.23 97518 24867.9 19.72 208 3 99 60528 873 28809 18.9 21.6 19.7 0.23
262800.0 310 25.56 0.2 98558 7531.45 0.36 15066 1361.19 0.23 4404293 705538.48 19.72 310 64.61 0.23 97828 24932.51 19.72 208 3 99 60736 876 28908 18.9 21.0 19.64 0.25
263700.0 376 25.7 0.2 98934 7557.15 0.36 15126 1361.32 0.23 4419419 706899.8 19.72 370 64.69 0.23 98198 24997.2 19.72 208 3 99 60944 879 29007 18.9 21.0 19.65 0.25
264600.0 356 26.43 0.36 99290 7583.58 0.36 15415 149869.77 19.74 4434834 856769.57 19.74 352 3076.96 19.74 98550 28074.16 19.74 208 3 99 61152 882 29106 18.9 21.0 19.64 0.25
265500.0 310 25.57 0.2 99600 7609.16 0.36 15141 1388.44 0.24 4449975 858158.01 19.74 310 64.98 0.24 98860 28139.14 19.74 208 3 99 61360 885 29205 17.3 21.0 18.12 0.2
266400.0 310 25.57 0.2 99910 7634.73 0.36 15148 1389.35 0.24 4465123 859547.36 19.74 310 64.97 0.24 99170 28204.11 19.74 208 3 99 61568 888 29304 17.3 21.0 17.84 0.07
267300.0 376 25.72 0.2 100286 7660.45 0.36 15208 1389.52 0.24 4480331 860936.88 19.74 370 65.05 0.24 99540 28269.16 19.74 208 3 99 61776 891 29403 17.3 21.0 17.83 0.05
268200.0 356 26.44 0.36 100642 7686.89 0.36 15496 149876.79 19.73 4495827 1010813.67 19.74 352 3075.25 19.73 99892 31344.41 19.74 208 3 99 61984 894 29502 17.3 21.0 17.83 0.05
269100.0 310 25.57 0.2 100952 7712.46 0.36 15141 1388.03 0.24 4510968 1012201.7 19.74 310 64.97 0.24 100202 31409.38 19.74 208 3 99 62192 897 29601 17.3 21.0 17.8 0.05
270000.0 310 25.57 0.2 101262 7738.03 0.36 15141 1387.92 0.24 4526109 1013589.62 19.74 310 64.96 0.24 100512 31474.34 19.74 208 3 99 62400 900 29700 17.3 21.0 17.78 0.06
270900.0 376 25.72 0.2 101638 7763.75 0.36 15200 1387.9 0.24 4541309 1014977.52 19.74 370 65.04 0.24 100882 31539.39 19.74 208 3 99 62608 903 29799 17.3 21.0 17.78 0.06
271800.0 354 26.35 0.36 101992 7790.1 0.36 15177 1386.95 0.24 4556486 1016364.47 19.74 350 65.05 0.24 101232 31604.44 19.74 208 3 99 62816 906 29898 17.3 21.0 17.78 0.06
272700.0 310 25.57 0.2 102302 7815.67 0.36 15141 1387.73 0.24 4571627 1017752.2 19.74 310 64.96 0.24 101542 31669.4 19.74 208 3 99 63024 909 29997 17.3 21.0 17.77 0.06
273600.0 310 25.57 0.2 102612 7841.24 0.36 15141 1387.65 0.24 4586768 1019139.85 19.74 310 64.95 0.24 101852 31734.35 19.74 208 3 99 63232 912 30096 17.3 21.0 17.76 0.06
274500.0 376 25.72 0.2 102988 7866.96 0.36 15198 1387.21 0.24 4601966 1020527.05 19.74 370 65.03 0.24 102222 31799.38 19.74 208 3 99 63440 915 30195 17.3 21.0 17.76 0.06
275400.0 354 26.35 0.36 103342 7893.31 0.36 15174 1388.19 0.24 4617140 1021915.25 19.74 350 65.1 0.24 102572 31864.48 19.74 208 3 99 63648 918 30294 17.3 21.0 17.76 0.06
276300.0 310 25.57 0.2 103652 7918.88 0.36 15132 1385.7 0.24 4632272 1023300.95 19.74 310 64.95 0.24 102882 31929.43 19.74 208 3 99 63856 921 30393 17.3 21.0 17.75 0.05
277200.0 310 25.57 0.2 103962 7944.45 0.36 15135 1386.21 0.24 4647407 1024687.15 19.74 310 64.94 0.24 103192 31994.37 19.74 208 3 99 64064 924 30492 17.3 21.0 17.73 0.05
278100.0 376 25.71 0.2 104338 7970.16 0.36 15195 1386.38 0.24 4662602 1026073.53 19.74 370 65.03 0.24 103562 32059.4 19.74 208 3 99 64272 927 30591 17.3 21.0 17.73 0.05
279000.0 354 26.35 0.36 104692 7996.51 0.36 15171 1384.09 0.23 4677773 1027457.62 19.74 350 65.02 0.23 103912 32124.42 19.74 208 3 99 64480 930 30690 17.3 21.0 17.73 0.05
279900.0 310 25.57 0.2 105002 8022.08 0.36 15129 1386.22 0.24 4692902 1028843.84 19.74 310 64.97 0.24 104222 32189.39 19.74 208 3 99 64688 933 30789 17.3 21.0 17.72 0.05
280800.0 310 25.57 0.2 105312 8047.65 0.36 15131 1386.52 0.24 4708033 1030230.36 19.74 310 64.96 0.24 104532 32254.35 19.74 208 3 99 64896 936 30888 17.3 21.0 17.71 0.05
281700.0 376 25.72 0.2 105688 8073.37 0.36 15188 1386.7 0.24 4723221 1031617.06 19.74 370 65.04 0.24 104902 32319.39 19.74 208 3 99 65104 939 30987 17.3 21.0 17.71 0.05
282600.0 354 26.35 0.36 106042 8099.72 0.36 15166 1385.69 0.24 4738387 1033002.75 19.74 350 65.06 0.24 105252 32384.45 19.74 208 3 99 65312 942 31086 17.3 21.0 17.71 0.05
283500.0 310 25.57 0.2 106352 8125.29 0.36 15126 1383.9 0.23 4753513 1034386.65 19.74 310 64.93 0.23 105562 32449.38 19.74 208 3 99 65520 945 31185 17.3 21.0 17.7 0.05
284400.0 310 25.57 0.2 106662 8150.86 0.36 15127 1383.99 0.23 4768640 1035770.64 19.74 310 64.92 0.23 105872 32514.3 19.74 208 3 99 65728 948 31284 17.3 21.0 17.69 0.05
285300.0 376 25.71 0.2 107038 8176.57 0.36 15187 1384.17 0.23 4783827 1037154.81 19.74 370 65.0 0.23 106242 32579.3 19.74 208 3 99 65936 951 31383 17.3 21.0 17.69 0.05
286200.0 354 26.35 0.36 107392 8202.92 0.36 15165 1383.71 0.23 4798992 1038538.52 19.74 350 65.02 0.23 106592 32644.32 19.74 208 3 99 66144 954 31482 17.3 21.0 17.69 0.05
287100.0 310 25.57 0.2 107702 8228.49 0.36 15125 1383.06 0.23 4814117 1039921.58 19.74 310 64.91 0.23 106902 32709.23 19.74 208 3 99 66352 957 31581 17.3 21.0 17.69 0.05
288000.0 310 25.57 0.2 108012 8254.06 0.36 15125 1382.97 0.23 4829242 1041304.55 19.74 310 64.9 0.23 107212 32774.14 19.74 208 3 99 66560 960 31680 17.3 21.0 17.68 0.05
288900.0 376 25.71 0.2 108388 8279.77 0.36 15185 1383.14 0.23 4844427 1042687.68 19.74 370 64.99 0.23 107582 32839.13 19.74 208 3 99 66768 963 31779 17.3 21.0 17.68 0.05
289800.0 354 26.35 0.36 108742 8306.12 0.36 15156 1383.71 0.24 4859583 1044071.4 19.74 350 65.05 0.24 107932 32904.18 19.74 208 3 99 66976 966 31878 17.3 21.0 17.68 0.05
290700.0 310 25.57 0.2 109052 8331.69 0.36 15118 1386.37 0.24 4874701 1045457.77 19.74 310 64.99 0.24 108242 32969.17 19.74 208 3 99 67184 969 31977 17.3 21.0 17.69 0.04
291600.0 310 25.57 0.2 109362 8357.27 0.36 15119 1386.29 0.24 4889820 1046844.05 19.74 310 64.99 0.24 108552 33034.16 19.74 208 3 99 67392 972 32076 17.3 21.0 17.68 0.04
292500.0 376 25.72 0.2 109738 8382.98 0.36 15176 1386.25 0.24 4904996 1048230.3 19.74 370 65.07 0.24 108922 33099.23 19.74 208 3 99 67600 975 32175 17.3 21.0 17.68 0.04
293400.0 354 26.35 0.36 110092 8409.33 0.36 15154 1384.39 0.24 4920150 1049614.68 19.74 350 65.07 0.24 109272 33164.31 19.74 208 3 99 67808 978 32274 17.3 21.0 17.68 0.04
294300.0 310 25.57 0.2 110402 8434.9 0.36 15116 1384.96 0.24 4935266 1050999.65 19.74 310 64.97 0.24 109582 33229.27 19.74 208 3 99 68016 981 32373 17.3 21.0 17.69 0.04
295200.0 310 25.57 0.2 110712 8460.48 0.36 15111 1384.27 0.24 4950377 1052383.92 19.74 310 64.96 0.24 109892 33294.23 19.74 208 3 99 68224 984 32472 17.4 21.0 17.68 0.04
296100.0 376 25.72 0.2 111088 8486.19 0.36 15171 1384.44 0.24 4965548 1053768.36 19.74 370 65.04 0.24 110262 33359.27 19.74 208 3 99 68432 987 32571 17.4 21.0 17.68 0.04
297000.0 354 26.35 0.36 111442 8512.54 0.36 15147 1384.99 0.24 4980695 1055153.35 19.74 350 65.1 0.24 110612 33424.37 19.74 208 3 99 68640 990 32670 17.4 21.0 17.68 0.04
297900.0 310 25.57 0.2 111752 8538.12 0.36 15106 1384.77 0.24 4995801 1056538.12 19.74 310 64.99 0.24 110922 33489.37 19.74 208 3 99 68848 993 32769 17.4 21.0 17.68 0.04
298800.0 310 25.57 0.2 112062 8563.69 0.36 15108 1384.89 0.24 5010909 1057923.01 19.74 310 64.99 0.24 111232 33554.36 19.74 208 3 99 69056 996 32868 17.4 21.0 17.68 0.04
299700.0 376 25.72 0.2 112438 8589.41 0.36 15168 1385.05 0.24 5026077 1059308.05 19.74 370 65.07 0.24 111602 33619.43 19.74 208 3 99 69264 999 32967 17.4 21.0 17.68 0.04
300600.0 354 26.35 0.36 112792 8615.76 0.36 15143 1384.8 0.24 5041220 1060692.85 19.74 350 65.1 0.24 111952 33684.53 19.74 208 3 99 69472 1002 33066 17.4 21.0 17.68 0.04
301500.0 310 25.57 0.2 113102 8641.33 0.36 15107 1383.03 0.24 5056327 1062075.87 19.74 310 64.95 0.24 112262 33749.48 19.74 208 3 99 69680 1005 33165 17.4 21.0 17.69 0.04
302400.0 310 25.57 0.2 113412 8666.9 0.36 15106 1382.54 0.24 5071433 1063458.41 19.74 310 64.95 0.24 112572 33814.43 19.74 208 3 99 69888 1008 33264 17.4 21.0 17.68 0.04
303300.0 376 25.72 0.2 113788 8692.62 0.36 15164 1382.3 0.24 5086597 1064840.71 19.74 370 65.03 0.24 112942 33879.46 19.74 208 3 99 70096 1011 33363 17.4 21.0 17.68 0.04
304200.0 354 26.35 0.36 114142 8718.96 0.36 15139 1380.49 0.24 5101736 1066221.2 19.74 350 65.03 0.24 113292 33944.49 19.74 208 3 99 70304 1014 33462 17.4 21.0 17.68 0.04
305100.0 310 25.57 0.2 114452 8744.54 0.36 15105 1383.62 0.24 5116841 1067604.82 19.74 310 64.97 0.24 113602 34009.46 19.74 208 3 99 70512 1017 33561 17.4 21.0 17.69 0.04
306000.0 310 25.57 0.2 114762 8770.11 0.36 15105 1383.52 0.24 5131946 1068988.34 19.74 310 64.96 0.24 113912 34074.42 19.74 208 3 99 70720 1020 33660 17.4 21.0 17.68 0.04
306900.0 376 25.72 0.2 115138 8795.82 0.36 15165 1383.7 0.24 5147111 1070372.03 19.74 370 65.04 0.24 114282 34139.47 19.74 208 3 99 70928 1023 33759 17.4 21.0 17.68 0.04
307800.0 354 26.35 0.36 115492 8822.17 0.36 15135 1383.39 0.24 5162246 1071755.43 19.74 350 65.1 0.24 114632 34204.57 19.74 208 3 99 71136 1026 33858 17.4 21.0 17.68 0.04
308700.0 310 25.57 0.2 115802 8847.75 0.36 15097 1383.37 0.24 5177343 1073138.8 19.74 310 64.99 0.24 114942 34269.56 19.74 208 3 99 71344 1029 33957 17.4 21.0 17.7 0.04
309600.0 310 25.57 0.2 116112 8873.32 0.36 15096 1383.09 0.24 5192439 1074521.88 19.74 310 64.99 0.24 115252 34334.55 19.74 208 3 99 71552 1032 34056 17.4 21.0 17.69 0.04
310500.0 376 25.72 0.2 116488 8899.04 0.36 15155 1383.25 0.24 5207594 1075905.13 19.74 370 65.07 0.24 115622 34399.62 19.74 208 3 99 71760 1035 34155 17.4 21.0 17.69 0.04
311400.0 354 26.35 0.36 116842 8925.39 0.36 15125 1380.59 0.24 5222719 1077285.72 19.74 350 65.07 0.24 115972 34464.69 19.74 208 3 99 71968 1038 34254 17.4 21.0 17.69 0.04
312300.0 310 25.57 0.2 117152 8950.96 0.36 15095 1382.16 0.24 5237814 1078667.88 19.74 310 64.97 0.24 116282 34529.66 19.74 208 3 99 72176 1041 34353 17.4 21.0 17.7 0.05
313200.0 310 25.57 0.2 117462 8976.53 0.36 15093 1381.87 0.24 5252907 1080049.75 19.74 310 64.96 0.24 116592 34594.62 19.74 208 3 99 72384 1044 34452 17.4 21.0 17.71 0.05
314100.0 376 25.72 0.2 117838 9002.25 0.36 15147 1380.84 0.24 5268054 1081430.59 19.74 370 65.04 0.24 116962 34659.66 19.74 208 3 99 72592 1047 34551 17.3 21.0 17.71 0.05
315000.0 354 26.35 0.36 118192 9028.6 0.36 15115 1380.39 0.24 5283169 1082810.98 19.74 350 65.1 0.24 117312 34724.76 19.74 208 3 99 72800 1050 34650 17.3 21.0 17.71 0.05
315900.0 310 25.57 0.2 118502 9054.17 0.36 15076 1378.1 0.24 5298245 1084189.08 19.74 310 64.95 0.24 117622 34789.71 19.74 208 3 99 73008 1053 34749 17.3 21.0 17.72 0.05
316800.0 310 25.57 0.2 118812 9079.74 0.36 15071 1377.41 0.24 5313316 1085566.49 19.74 310 64.94 0.24 117932 34854.65 19.74 208 3 99 73216 1056 34848 17.3 21.0 17.72 0.05
317700.0 376 25.72 0.2 119188 9105.46 0.36 15126 1377.18 0.24 5328442 1086943.66 19.74 370 65.03 0.24 118302 34919.68 19.74 208 3 99 73424 1059 34947 17.3 21.0 17.72 0.05
318600.0 354 26.35 0.36 119542 9131.8 0.36 15100 1376.52 0.24 5343542 1088320.18 19.74 350 65.05 0.24 118652 34984.73 19.74 208 3 99 73632 1062 35046 17.3 21.0 17.72 0.05
319500.0 310 25.57 0.2 119852 9157.38 0.36 15070 1380.37 0.24 5358612 1089700.55 19.74 310 64.99 0.24 118962 35049.72 19.74 208 3 99 73840 1065 35145 17.3 21.0 17.73 0.05
320400.0 310 25.57 0.2 120162 9182.95 0.36 15067 1379.69 0.24 5373679 1091080.23 19.74 310 64.99 0.24 119272 35114.71 19.74 208 3 99 74048 1068 35244 17.3 21.0 17.72 0.05
321300.0 376 25.72 0.2 120538 9208.67 0.36 15124 1379.65 0.24 5388803 1092459.88 19.74 370 65.07 0.24 119642 35179.79 19.74 208 3 99 74256 1071 35343 17.3 21.0 17.72 0.05
322200.0 354 26.35 0.36 120892 9235.01 0.36 15088 1371.1 0.23 5403891 1093830.97 19.74 350 64.98 0.23 119992 35244.76 19.74 208 3 99 74464 1074 35442 17.3 21.0 17.72 0.05
323100.0 310 25.57 0.2 121202 9260.58 0.36 15055 1370.13 0.23 5418946 1095201.1 19.74 310 64.83 0.23 120302 35309.59 19.74 208 3 99 74672 1077 35541 17.3 21.0 17.73 0.05
324000.0 310 25.57 0.2 121512 9286.15 0.36 15063 1371.44 0.23 5434009 1096572.54 19.74 310 64.83 0.23 120612 35374.42 19.74 208 3 99 74880 1080 35640 17.3 21.0 17.74 0.06
324900.0 376 25.71 0.2 121888 9311.86 0.36 15123 1371.6 0.23 5449132 1097944.14 19.74 370 64.91 0.23 120982 35439.33 19.74 208 3 99 75088 1083 35739 17.3 21.0 17.74 0.06
325800.0 354 26.35 0.36 122242 9338.21 0.36 15091 1375.65 0.24 5464223 1099319.79 19.74 350 65.06 0.24 121332 35504.39 19.74 208 3 99 75296 1086 35838 17.3 21.0 17.74 0.06
326700.0 310 25.57 0.2 122552 9363.78 0.36 15056 1378.37 0.24 5479279 1100698.15 19.74 310 64.99 0.24 121642 35569.38 19.74 208 3 99 75504 1089 35937 17.3 21.0 17.75 0.06
327600.0 310 25.57 0.2 122862 9389.35 0.36 15054 1378.28 0.24 5494333 1102076.44 19.74 310 64.99 0.24 121952 35634.37 19.74 208 3 99 75712 1092 36036 17.3 21.0 17.75 0.06
328500.0 376 25.72 0.2 123238 9415.07 0.36 15113 1378.25 0.24 5509446 1103454.68 19.74 370 65.07 0.24 122322 35699.45 19.74 208 3 99 75920 1095 36135 17.2 21.0 17.75 0.06
329400.0 354 26.35 0.36 123592 9441.42 0.36 15073 1375.39 0.24 5524519 1104830.08 19.74 350 65.1 0.24 122672 35764.55 19.74 208 3 99 76128 1098 36234 17.2 21.0 17.75 0.06
330300.0 310 25.57 0.2 123902 9467.0 0.36 15044 1377.17 0.24 5539563 1106207.24 19.74 310 64.99 0.24 122982 35829.54 19.74 208 3 99 76336 1101 36333 17.2 21.0 17.77 0.06
331200.0 310 25.57 0.2 124212 9492.57 0.36 15042 1376.68 0.24 5554605 1107583.93 19.74 310 64.99 0.24 123292 35894.53 19.74 208 3 99 76544 1104 36432 17.2 21.0 17.77 0.06
332100.0 376 25.72 0.2 124588 9518.29 0.36 15098 1376.25 0.24 5569703 1108960.17 19.74 370 65.07 0.24 123662 35959.6 19.74 208 3 99 76752 1107 36531 17.2 21.0 17.77 0.06
333000.0 354 26.35 0.36 124942 9544.64 0.36 15047 1370.43 0.24 5584750 1110330.61 19.74 350 65.07 0.24 124012 36024.67 19.74 208 3 99 76960 1110 36630 17.2 21.0 17.77 0.06
333900.0 310 25.57 0.2 125252 9570.21 0.36 15000 1369.22 0.24 5599750 1111699.82 19.74 310 64.97 0.24 124322 36089.64 19.74 208 3 99 77168 1113 36729 17.2 21.0 17.77 0.07
334800.0 310 25.57 0.2 125562 9595.78 0.36 15003 1369.92 0.24 5614753 1113069.74 19.74 310 64.96 0.24 124632 36154.6 19.74 208 3 99 77376 1116 36828 17.2 21.0 17.77 0.07
335700.0 376 25.72 0.2 125938 9621.5 0.36 15053 1368.9 0.24 5629806 1114438.64 19.74 370 65.04 0.24 125002 36219.64 19.74 208 3 99 77584 1119 36927 17.2 21.0 17.77 0.07
336600.0 354 26.35 0.36 126292 9647.85 0.36 15016 1367.79 0.24 5644822 1115806.44 19.74 350 65.1 0.24 125352 36284.74 19.74 208 3 99 77792 1122 37026 17.2 21.0 17.77 0.07
337500.0 310 25.57 0.2 126602 9673.42 0.36 14985 1368.37 0.24 5659807 1117174.8 19.74 310 64.99 0.24 125662 36349.74 19.74 208 3 99 78000 1125 37125 17.2 21.0 17.78 0.07
338400.0 310 25.57 0.2 126912 9698.99 0.36 14990 1368.68 0.24 5674797 1118543.49 19.74 310 64.99 0.24 125972 36414.73 19.74 208 3 99 78208 1128 37224 17.2 21.0 17.79 0.07
339300.0 376 25.72 0.2 127288 9724.71 0.36 15043 1368.24 0.24 5689840 1119911.73 19.74 370 65.07 0.24 126342 36479.8 19.74 208 3 99 78416 1131 37323 17.2 21.0 17.79 0.07
340200.0 354 26.35 0.36 127642 9751.06 0.36 14993 1362.16 0.24 5704833 1121273.89 19.74 350 65.06 0.24 126692 36544.86 19.74 208 3 99 78624 1134 37422 17.2 21.0 17.79 0.07
341100.0 310 25.57 0.2 127952 9776.63 0.36 14943 1361.73 0.24 5719776 1122635.62 19.74 310 64.96 0.24 127002 36609.82 19.74 208 3 99 78832 1137 37521 17.2 21.0 17.8 0.07
342000.0 310 25.57 0.2 128262 9802.2 0.36 14940 1361.45 0.24 5734716 1123997.07 19.74 310 64.95 0.24 127312 36674.77 19.74 208 3 99 79040 1140 37620 17.2 21.0 17.8 0.07
342900.0 376 25.71 0.2 128638 9827.91 0.36 14992 1360.41 0.24 5749708 1125357.47 19.74 370 65.03 0.24 127682 36739.8 19.74 208 3 99 79248 1143 37719 17.2 21.0 17.8 0.07
343800.0 354 26.35 0.36 128992 9854.26 0.36 14958 1356.79 0.23 5764666 1126714.26 19.74 350 65.03 0.23 128032 36804.84 19.74 208 3 99 79456 1146 37818 17.2 21.0 17.8 0.07
344700.0 310 25.57 0.2 129302 9879.83 0.36 14924 1357.15 0.23 5779590 1128071.41 19.74 310 64.93 0.23 128342 36869.77 19.74 208 3 99 79664 1149 37917 17.2 21.0 17.8 0.08
345600.0 310 25.57 0.2 129612 9905.4 0.36 14921 1356.48 0.23 5794511 1129427.89 19.74 310 64.92 0.23 128652 36934.69 19.74 208 3 99 79872 1152 38016 17.2 21.0 17.8 0.08
