# seed = 4, gamma = 0.0, beta = 0.33, dee = 10.0, dcc = 25.0, dec = 50.0, dsCnd = 500.0, dLocalhost = 0.02, hostBroker = CLOUD 
#
# The columns have the following meaning: 
# instant[SECONDS] commCountUploadPartial delaySumUploadPartial[SECONDS] delayMaxUploadPartial[SECONDS] commCountUploadTot delaySumUploadTot[SECONDS] delayMaxUploadTot[SECONDS] commCountDownloadPartial delaySumDownloadPartial[SECONDS] delayMaxDownloadPartial[SECONDS] commCountDownloadTot delaySumDownloadTot[SECONDS] delayMaxDownloadTot[SECONDS] commCountDownloadMaxPartial delaySumDownloadMaxPartial[SECONDS] delayMaxDownloadMaxPartial[SECONDS] commCountDownloadMaxTot delaySumDownloadMaxTot[SECONDS] delayMaxDownloadMaxTot[SECONDS] runOnCloudPartial runOnEdgePartial runOnSmartphonePartial runOnCloudTot runOnEdgeTot runOnSmartphoneTot minTemp maxTemp avgTemp varianceTemp
0.0 0 0.0 0.0 0 0.0 0.0 0 0.0 0.0 0 0.0 0.0 0 0.0 0.0 0 0.0 0.0 0 0 0 0 0 0 17.0 25.0 21.0 0.0
900.0 376 60.42 0.55 376 60.42 0.55 15177 3117.95 0.58 15177 3117.95 0.58 370 173.12 0.58 370 173.12 0.58 211 0 99 211 0 99 18.9 21.0 19.29 0.67
1800.0 356 61.15 0.55 732 121.57 0.55 15456 148439.11 20.0 30633 151557.05 20.0 352 3123.74 20.0 722 3296.86 20.0 211 0 99 422 0 198 18.7 21.0 18.9 0.01
2700.0 310 60.29 0.55 1042 181.87 0.55 15115 3137.04 0.58 45748 154694.09 20.0 310 173.36 0.58 1032 3470.22 20.0 211 0 99 633 0 297 17.6 21.0 18.31 0.08
3600.0 310 60.29 0.55 1352 242.16 0.55 15112 3134.25 0.58 60860 157828.34 20.0 310 173.36 0.58 1342 3643.58 20.0 211 0 99 844 0 396 17.6 21.0 18.24 0.08
4500.0 376 60.43 0.55 1728 302.59 0.55 15171 3134.44 0.58 76031 160962.78 20.0 370 173.51 0.58 1712 3817.1 20.0 211 0 99 1055 0 495 17.6 21.0 18.24 0.07
5400.0 356 61.16 0.55 2084 363.75 0.55 15473 9235.26 20.04 91504 170198.04 20.04 352 193.49 20.04 2064 4010.59 20.04 211 0 99 1266 0 594 17.6 21.0 18.24 0.07
6300.0 310 60.3 0.55 2394 424.05 0.55 15137 3141.22 0.58 106641 173339.26 20.04 310 173.35 0.58 2374 4183.93 20.04 211 0 99 1477 0 693 17.6 21.0 18.24 0.07
7200.0 310 60.3 0.55 2704 484.34 0.55 15138 3142.27 0.58 121779 176481.53 20.04 310 173.34 0.58 2684 4357.27 20.04 211 0 99 1688 0 792 17.6 21.0 18.26 0.06
8100.0 376 60.44 0.55 3080 544.78 0.55 15195 3140.83 0.58 136974 179622.36 20.04 370 173.5 0.58 3054 4530.77 20.04 211 0 99 1899 0 891 17.6 21.0 18.26 0.06
9000.0 356 61.16 0.55 3436 605.94 0.55 15494 9247.94 20.07 152468 188870.31 20.07 352 193.45 20.07 3406 4724.22 20.07 211 0 99 2110 0 990 17.6 21.0 18.26 0.06
9900.0 310 60.29 0.55 3746 666.24 0.55 15156 3140.64 0.58 167624 192010.95 20.07 310 173.36 0.58 3716 4897.58 20.07 211 0 99 2321 0 1089 17.6 21.0 18.23 0.06
10800.0 310 60.29 0.55 4056 726.53 0.55 15161 3142.24 0.58 182785 195153.19 20.07 310 173.36 0.58 4026 5070.94 20.07 211 0 99 2532 0 1188 17.6 21.0 18.16 0.07
11700.0 376 60.44 0.55 4432 786.97 0.55 15220 3141.9 0.58 198005 198295.09 20.07 370 173.51 0.58 4396 5244.45 20.07 211 0 99 2743 0 1287 17.6 21.0 18.16 0.07
12600.0 354 61.07 0.55 4786 848.04 0.55 15174 3133.09 0.59 213179 201428.18 20.07 350 173.5 0.59 4746 5417.95 20.07 211 0 99 2954 0 1386 17.6 21.0 18.16 0.07
13500.0 310 60.3 0.55 5096 908.34 0.55 15101 3121.49 0.59 228280 204549.67 20.07 310 173.4 0.59 5056 5591.35 20.07 211 0 99 3165 0 1485 17.6 21.0 18.15 0.07
14400.0 310 60.3 0.55 5406 968.63 0.55 15105 3123.09 0.59 243385 207672.76 20.07 310 173.39 0.59 5366 5764.74 20.07 211 0 99 3376 0 1584 17.6 21.0 18.14 0.07
15300.0 376 60.44 0.55 5782 1029.07 0.55 15165 3123.29 0.59 258550 210796.05 20.07 370 173.55 0.59 5736 5938.29 20.07 211 0 99 3587 0 1683 17.6 21.0 18.14 0.07
16200.0 354 61.07 0.55 6136 1090.15 0.55 15135 3119.39 0.58 273685 213915.44 20.07 350 173.47 0.58 6086 6111.77 20.07 211 0 99 3798 0 1782 17.6 21.0 18.14 0.07
17100.0 310 60.29 0.55 6446 1150.44 0.55 15099 3118.69 0.58 288784 217034.13 20.07 310 173.34 0.58 6396 6285.11 20.07 211 0 99 4009 0 1881 17.6 21.0 18.12 0.06
18000.0 310 60.29 0.55 6756 1210.73 0.55 15100 3119.18 0.58 303884 220153.31 20.07 310 173.34 0.58 6706 6458.44 20.07 211 0 99 4220 0 1980 17.6 21.0 18.11 0.07
18900.0 376 60.44 0.55 7132 1271.17 0.55 15159 3119.39 0.58 319043 223272.7 20.07 370 173.49 0.58 7076 6631.94 20.07 211 0 99 4431 0 2079 17.6 21.0 18.11 0.07
19800.0 354 61.07 0.55 7486 1332.24 0.55 15133 3118.51 0.58 334176 226391.21 20.07 350 173.48 0.58 7426 6805.41 20.07 211 0 99 4642 0 2178 17.6 21.0 18.11 0.07
20700.0 310 60.3 0.55 7796 1392.54 0.55 15101 3120.12 0.58 349277 229511.32 20.07 310 173.38 0.58 7736 6978.79 20.07 211 0 99 4853 0 2277 17.6 21.0 18.09 0.06
21600.0 310 60.3 0.55 8106 1452.83 0.55 15101 3119.51 0.58 364378 232630.84 20.07 310 173.38 0.58 8046 7152.17 20.07 211 0 99 5064 0 2376 17.6 21.0 18.08 0.06
22500.0 376 60.44 0.55 8482 1513.27 0.55 15159 3118.62 0.58 379537 235749.45 20.07 370 173.53 0.58 8416 7325.7 20.07 211 0 99 5275 0 2475 17.6 21.0 18.08 0.06
23400.0 354 61.07 0.55 8836 1574.34 0.55 15128 3117.69 0.59 394665 238867.15 20.07 350 173.51 0.59 8766 7499.21 20.07 211 0 99 5486 0 2574 17.6 21.0 18.08 0.06
24300.0 310 60.3 0.55 9146 1634.64 0.55 15084 3117.1 0.59 409749 241984.25 20.07 310 173.44 0.59 9076 7672.65 20.07 211 0 99 5697 0 2673 17.6 21.0 18.07 0.06
25200.0 310 60.3 0.55 9456 1694.94 0.55 15095 3121.47 0.59 424844 245105.72 20.07 310 173.44 0.59 9386 7846.09 20.07 211 0 99 5908 0 2772 17.5 21.0 18.05 0.06
26100.0 376 60.44 0.55 9832 1755.38 0.55 15155 3121.66 0.59 439999 248227.38 20.07 370 173.6 0.59 9756 8019.68 20.07 211 0 99 6119 0 2871 17.5 21.0 18.05 0.06
27000.0 354 61.08 0.55 10186 1816.46 0.55 15126 3118.82 0.59 455125 251346.2 20.07 350 173.54 0.59 10106 8193.22 20.07 211 0 99 6330 0 2970 17.5 21.0 18.05 0.06
27900.0 310 60.3 0.55 10496 1876.75 0.55 15088 3115.31 0.59 470213 254461.51 20.07 310 173.41 0.59 10416 8366.63 20.07 211 0 99 6541 0 3069 17.5 21.0 18.02 0.06
28800.0 310 60.3 0.55 10806 1937.05 0.55 15096 3119.66 0.59 485309 257581.17 20.07 310 173.4 0.59 10726 8540.03 20.07 211 0 99 6752 0 3168 17.5 21.0 18.01 0.06
29700.0 376 60.44 0.55 11182 1997.49 0.55 15156 3119.86 0.59 500465 260701.03 20.07 370 173.56 0.59 11096 8713.59 20.07 211 0 99 6963 0 3267 17.5 21.0 18.01 0.06
30600.0 354 61.07 0.55 11536 2058.56 0.55 15117 3114.82 0.59 515582 263815.85 20.07 350 173.5 0.59 11446 8887.1 20.07 211 0 99 7174 0 3366 17.5 21.0 18.01 0.06
31500.0 310 60.3 0.55 11846 2118.86 0.55 15085 3117.1 0.59 530667 266932.96 20.07 310 173.44 0.59 11756 9060.54 20.07 211 0 99 7385 0 3465 17.5 21.0 17.98 0.06
32400.0 310 60.3 0.55 12156 2179.16 0.55 15090 3119.82 0.59 545757 270052.77 20.07 310 173.44 0.59 12066 9233.98 20.07 211 0 99 7596 0 3564 17.4 21.0 17.97 0.06
33300.0 376 60.44 0.55 12532 2239.6 0.55 15150 3120.01 0.59 560907 273172.78 20.07 370 173.6 0.59 12436 9407.57 20.07 211 0 99 7807 0 3663 17.4 21.0 17.97 0.06
34200.0 354 61.08 0.55 12886 2300.68 0.55 15112 3113.87 0.59 576019 276286.65 20.07 350 173.54 0.59 12786 9581.12 20.07 211 0 99 8018 0 3762 17.4 21.0 17.97 0.06
35100.0 310 60.3 0.55 13196 2360.97 0.55 15080 3113.81 0.59 591099 279400.46 20.07 310 173.44 0.59 13096 9754.56 20.07 211 0 99 8229 0 3861 17.4 21.0 17.95 0.06
36000.0 310 60.3 0.55 13506 2421.27 0.55 15094 3119.27 0.59 606193 282519.72 20.07 310 173.44 0.59 13406 9928.0 20.07 211 0 99 8440 0 3960 17.4 21.0 17.92 0.06
36900.0 376 60.44 0.55 13882 2481.71 0.55 15154 3119.46 0.59 621347 285639.18 20.07 370 173.6 0.59 13776 10101.59 20.07 211 0 99 8651 0 4059 17.4 21.0 17.92 0.06
37800.0 354 61.07 0.55 14236 2542.78 0.55 15114 3110.34 0.58 636461 288749.52 20.07 350 173.46 0.58 14126 10275.05 20.07 211 0 99 8862 0 4158 17.4 21.0 17.92 0.06
38700.0 310 60.29 0.55 14546 2603.08 0.55 15078 3110.3 0.58 651539 291859.82 20.07 310 173.36 0.58 14436 10448.41 20.07 211 0 99 9073 0 4257 17.4 21.0 17.9 0.07
39600.0 310 60.29 0.55 14856 2663.37 0.55 15088 3115.19 0.58 666627 294975.01 20.07 310 173.36 0.58 14746 10621.77 20.07 211 0 99 9284 0 4356 17.3 21.0 17.89 0.07
40500.0 376 60.44 0.55 15232 2723.81 0.55 15147 3114.85 0.58 681774 298089.86 20.07 370 173.51 0.58 15116 10795.28 20.07 211 0 99 9495 0 4455 17.3 21.0 17.89 0.07
41400.0 354 61.08 0.55 15586 2784.89 0.55 15110 3113.87 0.59 696884 301203.73 20.07 350 173.54 0.59 15466 10968.82 20.07 211 0 99 9706 0 4554 17.3 21.0 17.89 0.07
42300.0 310 60.3 0.55 15896 2845.18 0.55 15086 3117.1 0.59 711970 304320.82 20.07 310 173.41 0.59 15776 11142.23 20.07 211 0 99 9917 0 4653 17.3 21.0 17.86 0.07
43200.0 310 60.3 0.55 16206 2905.48 0.55 15089 3117.59 0.59 727059 307438.42 20.07 310 173.4 0.59 16086 11315.64 20.07 211 0 99 10128 0 4752 17.3 21.0 17.85 0.08
44100.0 376 60.44 0.55 16582 2965.92 0.55 15148 3117.25 0.59 742207 310555.67 20.07 370 173.56 0.59 16456 11489.2 20.07 211 0 99 10339 0 4851 17.2 21.0 17.85 0.08
45000.0 354 61.07 0.55 16936 3026.99 0.55 15100 3107.24 0.59 757307 313662.91 20.07 350 173.51 0.59 16806 11662.71 20.07 211 0 99 10550 0 4950 17.2 21.0 17.85 0.08
45900.0 310 60.3 0.55 17246 3087.29 0.55 15072 3111.39 0.59 772379 316774.3 20.07 310 173.4 0.59 17116 11836.11 20.07 211 0 99 10761 0 5049 17.2 21.0 17.82 0.08
46800.0 310 60.3 0.55 17556 3147.59 0.55 15082 3115.2 0.59 787461 319889.5 20.07 310 173.4 0.59 17426 12009.51 20.07 211 0 99 10972 0 5148 17.2 21.0 17.81 0.09
47700.0 376 60.44 0.55 17932 3208.03 0.55 15142 3115.4 0.59 802603 323004.9 20.07 370 173.56 0.59 17796 12183.07 20.07 211 0 99 11183 0 5247 17.2 21.0 17.81 0.09
48600.0 354 61.07 0.55 18286 3269.1 0.55 15099 3107.05 0.59 817702 326111.95 20.07 350 173.5 0.59 18146 12356.57 20.07 211 0 99 11394 0 5346 17.2 21.0 17.81 0.09
49500.0 310 60.3 0.55 18596 3329.4 0.55 15077 3113.8 0.59 832779 329225.75 20.07 310 173.44 0.59 18456 12530.01 20.07 211 0 99 11605 0 5445 17.2 21.0 17.78 0.09
50400.0 310 60.3 0.55 18906 3389.7 0.55 15096 3120.37 0.59 847875 332346.12 20.07 310 173.44 0.59 18766 12703.45 20.07 211 0 99 11816 0 5544 17.1 21.0 17.76 0.1
51300.0 376 60.44 0.55 19282 3450.14 0.55 15156 3120.56 0.59 863031 335466.68 20.07 370 173.6 0.59 19136 12877.05 20.07 211 0 99 12027 0 5643 17.1 21.0 17.76 0.1
52200.0 354 61.08 0.55 19636 3511.21 0.55 15109 3112.22 0.59 878140 338578.89 20.07 350 173.54 0.59 19486 13050.59 20.07 211 0 99 12238 0 5742 17.1 21.0 17.76 0.1
53100.0 310 60.3 0.55 19946 3571.51 0.55 15060 3109.41 0.59 893200 341688.3 20.07 310 173.44 0.59 19796 13224.03 20.07 211 0 99 12449 0 5841 17.1 21.0 17.75 0.1
54000.0 310 60.3 0.55 20256 3631.81 0.55 15066 3113.22 0.59 908266 344801.52 20.07 310 173.44 0.59 20106 13397.47 20.07 211 0 99 12660 0 5940 17.1 21.0 17.74 0.11
54900.0 376 60.44 0.55 20632 3692.25 0.55 15124 3112.86 0.59 923390 347914.37 20.07 370 173.6 0.59 20476 13571.07 20.07 211 0 99 12871 0 6039 17.1 21.0 17.74 0.11
55800.0 354 61.08 0.55 20986 3753.33 0.55 15093 3108.37 0.59 938483 351022.74 20.07 350 173.54 0.59 20826 13744.61 20.07 211 0 99 13082 0 6138 17.1 21.0 17.74 0.11
56700.0 310 60.3 0.55 21296 3813.62 0.55 15070 3110.51 0.59 953553 354133.25 20.07 310 173.44 0.59 21136 13918.05 20.07 211 0 99 13293 0 6237 17.1 21.0 17.72 0.12
57600.0 310 60.3 0.55 21606 3873.92 0.55 15077 3112.12 0.59 968630 357245.37 20.07 310 173.44 0.59 21446 14091.49 20.07 211 0 99 13504 0 6336 17.1 21.0 17.7 0.12
58500.0 376 60.44 0.55 21982 3934.36 0.55 15137 3112.31 0.59 983767 360357.68 20.07 370 173.6 0.59 21816 14265.08 20.07 211 0 99 13715 0 6435 17.1 21.0 17.7 0.12
59400.0 354 61.07 0.55 22336 3995.44 0.55 15087 3101.74 0.59 998854 363459.41 20.07 350 173.5 0.59 22166 14438.58 20.07 211 0 99 13926 0 6534 17.1 21.0 17.7 0.12
60300.0 310 60.3 0.55 22646 4055.73 0.55 15059 3107.74 0.59 1013913 366567.15 20.07 310 173.4 0.59 22476 14611.98 20.07 211 0 99 14137 0 6633 17.1 21.0 17.68 0.13
61200.0 310 60.3 0.55 22956 4116.03 0.55 15073 3112.09 0.59 1028986 369679.24 20.07 310 173.39 0.59 22786 14785.37 20.07 211 0 99 14348 0 6732 17.0 21.0 17.67 0.13
62100.0 376 60.44 0.55 23332 4176.47 0.55 15130 3111.74 0.59 1044116 372790.98 20.07 370 173.55 0.59 23156 14958.92 20.07 211 0 99 14559 0 6831 17.0 21.0 17.67 0.13
63000.0 354 61.07 0.55 23686 4237.54 0.55 15091 3101.48 0.58 1059207 375892.46 20.07 350 173.44 0.58 23506 15132.37 20.07 211 0 99 14770 0 6930 17.0 21.0 17.67 0.13
63900.0 310 60.29 0.55 23996 4297.83 0.55 15062 3104.06 0.58 1074269 378996.52 20.07 310 173.31 0.58 23816 15305.68 20.07 211 0 99 14981 0 7029 17.0 21.0 17.66 0.14
64800.0 310 60.29 0.55 24306 4358.12 0.55 15066 3105.65 0.58 1089335 382102.17 20.07 310 173.31 0.58 24126 15478.99 20.07 211 0 99 15192 0 7128 17.0 21.0 17.65 0.14
65700.0 376 60.43 0.55 24682 4418.56 0.55 15125 3105.31 0.58 1104460 385207.48 20.07 370 173.46 0.58 24496 15652.45 20.07 211 0 99 15403 0 7227 17.0 21.0 17.65 0.14
66600.0 354 61.07 0.55 25036 4479.62 0.55 15083 3096.36 0.58 1119543 388303.83 20.07 350 173.4 0.58 24846 15825.85 20.07 211 0 99 15614 0 7326 17.0 21.0 17.65 0.14
67500.0 310 60.29 0.55 25346 4539.91 0.55 15038 3093.8 0.58 1134581 391397.63 20.07 310 173.26 0.58 25156 15999.11 20.07 211 0 99 15825 0 7425 17.0 21.0 17.64 0.15
68400.0 310 60.29 0.55 25656 4600.2 0.55 15045 3096.5 0.58 1149626 394494.14 20.07 310 173.26 0.58 25466 16172.36 20.07 211 0 99 16036 0 7524 17.0 21.0 17.63 0.15
69300.0 376 60.43 0.55 26032 4660.64 0.55 15105 3096.7 0.58 1164731 397590.84 20.07 370 173.41 0.58 25836 16345.78 20.07 211 0 99 16247 0 7623 17.0 21.0 17.63 0.15
70200.0 354 61.07 0.55 26386 4721.7 0.55 15078 3095.27 0.58 1179809 400686.11 20.07 350 173.4 0.58 26186 16519.17 20.07 211 0 99 16458 0 7722 17.0 21.0 17.63 0.15
71100.0 310 60.29 0.55 26696 4782.0 0.55 15046 3097.08 0.58 1194855 403783.2 20.07 310 173.3 0.58 26496 16692.48 20.07 211 0 99 16669 0 7821 17.0 21.0 17.63 0.15
72000.0 310 60.29 0.55 27006 4842.29 0.55 15051 3098.67 0.58 1209906 406881.87 20.07 310 173.3 0.58 26806 16865.78 20.07 211 0 99 16880 0 7920 17.0 21.0 17.62 0.16
72900.0 376 60.43 0.55 27382 4902.72 0.55 15107 3096.69 0.58 1225013 409978.55 20.07 370 173.46 0.58 27176 17039.23 20.07 211 0 99 17091 0 8019 17.0 21.0 17.62 0.16
73800.0 354 61.07 0.55 27736 4963.79 0.55 15075 3093.27 0.58 1240088 413071.82 20.07 350 173.4 0.58 27526 17212.63 20.07 211 0 99 17302 0 8118 17.0 21.0 17.62 0.16
74700.0 310 60.29 0.55 28046 5024.08 0.55 15037 3096.08 0.58 1255125 416167.9 20.07 310 173.34 0.58 27836 17385.98 20.07 211 0 99 17513 0 8217 17.0 21.0 17.61 0.16
75600.0 310 60.29 0.55 28356 5084.37 0.55 15035 3094.37 0.58 1270160 419262.28 20.07 310 173.34 0.58 28146 17559.31 20.07 211 0 99 17724 0 8316 17.0 21.0 17.6 0.16
76500.0 376 60.44 0.55 28732 5144.81 0.55 15095 3094.59 0.58 1285255 422356.87 20.07 370 173.49 0.58 28516 17732.8 20.07 211 0 99 17935 0 8415 17.0 21.0 17.6 0.16
77400.0 354 61.07 0.55 29086 5205.88 0.55 15065 3089.8 0.58 1300320 425446.66 20.07 350 173.41 0.58 28866 17906.21 20.07 211 0 99 18146 0 8514 17.0 21.0 17.6 0.16
78300.0 310 60.29 0.55 29396 5266.17 0.55 15025 3090.86 0.58 1315345 428537.52 20.07 310 173.31 0.58 29176 18079.52 20.07 211 0 99 18357 0 8613 17.0 21.0 17.6 0.16
79200.0 310 60.29 0.55 29706 5326.46 0.55 15031 3093.55 0.58 1330376 431631.07 20.07 310 173.31 0.58 29486 18252.83 20.07 211 0 99 18568 0 8712 17.0 21.0 17.6 0.16
80100.0 376 60.43 0.55 30082 5386.89 0.55 15091 3093.76 0.58 1345467 434724.82 20.07 370 173.46 0.58 29856 18426.29 20.07 211 0 99 18779 0 8811 17.0 21.0 17.6 0.16
81000.0 354 61.07 0.55 30436 5447.96 0.55 15058 3090.53 0.58 1360525 437815.35 20.07 350 173.45 0.58 30206 18599.74 20.07 211 0 99 18990 0 8910 17.0 21.0 17.59 0.16
81900.0 310 60.29 0.55 30746 5508.26 0.55 15019 3093.32 0.58 1375544 440908.67 20.07 310 173.38 0.58 30516 18773.12 20.07 211 0 99 19201 0 9009 17.0 21.0 17.59 0.15
82800.0 310 60.29 0.55 31056 5568.55 0.55 15019 3092.71 0.58 1390563 444001.39 20.07 310 173.38 0.58 30826 18946.51 20.07 211 0 99 19412 0 9108 17.0 21.0 17.59 0.15
83700.0 376 60.44 0.55 31432 5628.99 0.55 15075 3091.27 0.58 1405638 447092.66 20.07 370 173.54 0.58 31196 19120.04 20.07 211 0 99 19623 0 9207 17.0 21.0 17.59 0.15
84600.0 354 61.07 0.55 31786 5690.06 0.55 15050 3088.42 0.58 1420688 450181.07 20.07 350 173.48 0.58 31546 19293.52 20.07 211 0 99 19834 0 9306 17.0 21.0 17.59 0.15
85500.0 310 60.29 0.55 32096 5750.36 0.55 15015 3088.07 0.58 1435703 453269.14 20.07 310 173.34 0.58 31856 19466.87 20.07 211 0 99 20045 0 9405 17.0 21.0 17.6 0.14
86400.0 310 60.29 0.55 32406 5810.65 0.55 15015 3088.01 0.58 1450718 456357.16 20.07 310 173.34 0.58 32166 19640.21 20.07 211 0 99 20256 0 9504 17.0 21.0 17.6 0.14
87300.0 376 60.44 0.55 32782 5871.09 0.55 15075 3088.22 0.58 1465793 459445.37 20.07 370 173.5 0.58 32536 19813.7 20.07 211 0 99 20467 0 9603 17.0 21.0 17.6 0.14
88200.0 354 61.07 0.55 33136 5932.16 0.55 15045 3088.34 0.59 1480838 462533.72 20.07 350 173.5 0.59 32886 19987.21 20.07 211 0 99 20678 0 9702 17.0 21.0 17.6 0.14
89100.0 310 60.3 0.55 33446 5992.46 0.55 15063 3111.05 0.59 1495901 465644.77 20.07 310 173.44 0.59 33196 20160.65 20.07 211 0 99 20889 0 9801 17.0 21.0 17.62 0.11
90000.0 310 60.3 0.55 33756 6052.76 0.55 15098 3120.92 0.59 1510999 468765.69 20.07 310 173.44 0.59 33506 20334.09 20.07 211 0 99 21100 0 9900 17.1 21.0 17.7 0.08
90900.0 376 60.44 0.55 34132 6113.2 0.55 15158 3121.11 0.59 1526157 471886.8 20.07 370 173.6 0.59 33876 20507.68 20.07 211 0 99 21311 0 9999 17.1 21.0 17.7 0.08
91800.0 354 61.07 0.55 34486 6174.27 0.55 15114 3107.74 0.58 1541271 474994.54 20.07 350 173.43 0.58 34226 20681.11 20.07 211 0 99 21522 0 10098 17.1 22.0 17.72 0.15
92700.0 310 60.29 0.55 34796 6234.56 0.55 15141 3131.31 0.58 1556412 478125.85 20.07 310 173.25 0.58 34536 20854.36 20.07 211 0 99 21733 0 10197 17.1 23.8 19.21 2.03
93600.0 310 60.29 0.55 35106 6294.85 0.55 15144 3131.81 0.58 1571556 481257.66 20.07 310 173.25 0.58 34846 21027.61 20.07 211 0 99 21944 0 10296 17.1 23.8 20.51 4.69
94500.0 376 60.43 0.55 35482 6355.28 0.55 15199 3130.36 0.58 1586755 484388.02 20.07 370 173.4 0.58 35216 21201.01 20.07 211 0 99 22155 0 10395 17.1 23.8 20.55 4.71
95400.0 354 61.07 0.55 35836 6416.34 0.55 15174 3128.06 0.58 1601929 487516.08 20.07 350 173.35 0.58 35566 21374.36 20.07 211 0 99 22366 0 10494 17.1 23.8 20.56 4.7
96300.0 310 60.29 0.55 36146 6476.63 0.55 15136 3127.46 0.58 1617065 490643.54 20.07 310 173.25 0.58 35876 21547.61 20.07 211 0 99 22577 0 10593 17.1 24.0 20.94 4.54
97200.0 310 60.29 0.55 36456 6536.92 0.55 15131 3125.76 0.58 1632196 493769.29 20.07 310 173.25 0.58 36186 21720.86 20.07 211 0 99 22788 0 10692 17.4 24.0 21.06 4.69
98100.0 376 60.43 0.55 36832 6597.36 0.55 15189 3124.86 0.58 1647385 496894.15 20.07 370 173.4 0.58 36556 21894.26 20.07 211 0 99 22999 0 10791 17.4 24.0 21.06 4.69
99000.0 354 61.06 0.55 37186 6658.42 0.55 15168 3120.42 0.58 1662553 500014.57 20.07 350 173.27 0.58 36906 22067.53 20.07 211 0 99 23210 0 10890 17.4 24.0 21.07 4.65
99900.0 310 60.29 0.55 37496 6718.7 0.55 15135 3123.11 0.58 1677688 503137.69 20.07 310 173.17 0.58 37216 22240.7 20.07 211 0 99 23421 0 10989 17.4 24.0 21.37 3.94
100800.0 310 60.29 0.55 37806 6778.99 0.55 15135 3123.07 0.58 1692823 506260.76 20.07 310 173.17 0.58 37526 22413.87 20.07 211 0 99 23632 0 11088 17.7 24.0 21.42 3.89
101700.0 376 60.43 0.55 38182 6839.42 0.55 15195 3123.27 0.58 1708018 509384.02 20.07 370 173.32 0.58 37896 22587.19 20.07 211 0 99 23843 0 11187 17.8 24.0 21.43 3.88
102600.0 354 61.06 0.55 38536 6900.48 0.55 15163 3117.75 0.58 1723181 512501.77 20.07 350 173.27 0.58 38246 22760.46 20.07 211 0 99 24054 0 11286 17.8 24.0 21.43 3.85
103500.0 310 60.29 0.55 38846 6960.77 0.55 15132 3122.09 0.58 1738313 515623.86 20.07 310 173.17 0.58 38556 22933.64 20.07 211 0 99 24265 0 11385 17.8 24.0 21.67 3.17
104400.0 310 60.29 0.55 39156 7021.05 0.55 15131 3122.05 0.58 1753444 518745.91 20.07 310 173.17 0.58 38866 23106.81 20.07 211 0 99 24476 0 11484 18.2 24.0 21.73 3.12
105300.0 376 60.43 0.55 39532 7081.48 0.55 15187 3120.59 0.58 1768631 521866.5 20.07 370 173.33 0.58 39236 23280.13 20.07 211 0 99 24687 0 11583 18.5 24.0 21.73 3.11
106200.0 354 61.06 0.55 39886 7142.54 0.55 15164 3116.03 0.58 1783795 524982.53 20.07 350 173.21 0.58 39586 23453.35 20.07 211 0 99 24898 0 11682 18.5 24.0 21.73 3.09
107100.0 310 60.28 0.55 40196 7202.82 0.55 15123 3113.67 0.58 1798918 528096.2 20.07 310 173.08 0.58 39896 23626.43 20.07 211 0 99 25109 0 11781 18.5 24.0 21.73 2.88
108000.0 310 60.28 0.55 40506 7263.11 0.55 15123 3113.62 0.58 1814041 531209.82 20.07 310 173.07 0.58 40206 23799.5 20.07 211 0 99 25320 0 11880 18.8 24.0 21.74 2.86
108900.0 376 60.42 0.55 40882 7323.53 0.55 15181 3113.27 0.58 1829222 534323.09 20.07 370 173.23 0.58 40576 23972.73 20.07 211 0 99 25531 0 11979 18.9 24.0 21.74 2.86
109800.0 354 61.06 0.55 41236 7384.59 0.55 15160 3112.63 0.58 1844382 537435.72 20.07 350 173.18 0.58 40926 24145.91 20.07 211 0 99 25742 0 12078 18.9 24.0 21.74 2.86
110700.0 310 60.28 0.55 41546 7444.87 0.55 15119 3112.02 0.58 1859501 540547.73 20.07 310 173.08 0.58 41236 24318.99 20.07 211 0 99 25953 0 12177 18.9 24.0 21.63 2.79
111600.0 310 60.28 0.55 41856 7505.15 0.55 15114 3110.87 0.58 1874615 543658.61 20.07 310 173.07 0.58 41546 24492.06 20.07 211 0 99 26164 0 12276 18.9 24.0 21.56 2.66
112500.0 376 60.42 0.55 42232 7565.57 0.55 15173 3110.52 0.58 1889788 546769.13 20.07 370 173.23 0.58 41916 24665.3 20.07 211 0 99 26375 0 12375 18.9 23.9 21.56 2.66
113400.0 354 61.06 0.55 42586 7626.63 0.55 15152 3110.43 0.58 1904940 549879.55 20.07 350 173.18 0.58 42266 24838.47 20.07 211 0 99 26586 0 12474 18.9 23.9 21.62 2.59
114300.0 310 60.28 0.55 42896 7686.91 0.55 15114 3110.37 0.58 1920054 552989.92 20.07 310 173.08 0.58 42576 25011.55 20.07 211 0 99 26797 0 12573 18.9 23.9 23.29 0.35
115200.0 310 60.28 0.55 43206 7747.19 0.55 15114 3110.32 0.58 1935168 556100.24 20.07 310 173.07 0.58 42886 25184.63 20.07 211 0 99 27008 0 12672 18.9 24.0 23.49 0.12
116100.0 376 60.42 0.55 43582 7807.62 0.55 15174 3110.52 0.58 1950342 559210.76 20.07 370 173.23 0.58 43256 25357.86 20.07 211 0 99 27219 0 12771 21.0 24.0 23.5 0.05
117000.0 354 61.06 0.55 43936 7868.68 0.55 15153 3110.43 0.58 1965495 562321.19 20.07 350 173.18 0.58 43606 25531.04 20.07 211 0 99 27430 0 12870 21.0 24.0 23.5 0.05
117900.0 310 60.28 0.55 44246 7928.96 0.55 15113 3110.37 0.58 1980608 565431.56 20.07 310 173.08 0.58 43916 25704.12 20.07 211 0 99 27641 0 12969 21.0 24.0 23.56 0.04
118800.0 310 60.28 0.55 44556 7989.24 0.55 15113 3110.32 0.58 1995721 568541.88 20.07 310 173.07 0.58 44226 25877.19 20.07 211 0 99 27852 0 13068 21.0 24.0 23.59 0.04
119700.0 376 60.42 0.55 44932 8049.66 0.55 15171 3109.97 0.58 2010892 571651.85 20.07 370 173.23 0.58 44596 26050.42 20.07 211 0 99 28063 0 13167 21.0 24.0 23.59 0.04
120600.0 354 61.06 0.55 45286 8110.72 0.55 15151 3109.88 0.58 2026043 574761.73 20.07 350 173.18 0.58 44946 26223.6 20.07 211 0 99 28274 0 13266 21.0 24.0 23.59 0.04
121500.0 310 60.28 0.55 45596 8171.0 0.55 15110 3109.27 0.58 2041153 577870.99 20.07 310 173.08 0.58 45256 26396.68 20.07 211 0 99 28485 0 13365 21.0 24.0 23.63 0.03
122400.0 310 60.28 0.55 45906 8231.28 0.55 15103 3106.47 0.58 2056256 580977.47 20.07 310 173.07 0.58 45566 26569.75 20.07 211 0 99 28696 0 13464 21.0 24.0 23.65 0.03
123300.0 376 60.42 0.55 46282 8291.71 0.55 15163 3106.67 0.58 2071419 584084.14 20.07 370 173.23 0.58 45936 26742.99 20.07 211 0 99 28907 0 13563 21.0 24.0 23.65 0.03
124200.0 354 61.06 0.55 46636 8352.77 0.55 15143 3106.58 0.58 2086562 587190.71 20.07 350 173.18 0.58 46286 26916.16 20.07 211 0 99 29118 0 13662 21.0 24.0 23.66 0.03
125100.0 310 60.28 0.55 46946 8413.05 0.55 15100 3105.97 0.58 2101662 590296.68 20.07 310 173.08 0.58 46596 27089.24 20.07 211 0 99 29329 0 13761 21.0 24.0 23.68 0.03
126000.0 310 60.28 0.55 47256 8473.33 0.55 15099 3105.37 0.58 2116761 593402.05 20.07 310 173.07 0.58 46906 27262.32 20.07 211 0 99 29540 0 13860 21.0 24.0 23.71 0.03
126900.0 376 60.42 0.55 47632 8533.75 0.55 15155 3103.92 0.58 2131916 596505.97 20.07 370 173.23 0.58 47276 27435.55 20.07 211 0 99 29751 0 13959 21.0 24.0 23.71 0.03
127800.0 354 61.06 0.55 47986 8594.81 0.55 15133 3103.28 0.58 2147049 599609.25 20.07 350 173.18 0.58 47626 27608.73 20.07 211 0 99 29962 0 14058 21.0 24.0 23.71 0.03
128700.0 310 60.28 0.55 48296 8655.09 0.55 15093 3103.22 0.58 2162142 602712.47 20.07 310 173.08 0.58 47936 27781.81 20.07 211 0 99 30173 0 14157 21.0 24.0 23.74 0.03
129600.0 310 60.28 0.55 48606 8715.37 0.55 15093 3103.17 0.58 2177235 605815.64 20.07 310 173.07 0.58 48246 27954.88 20.07 211 0 99 30384 0 14256 21.0 24.0 23.76 0.03
130500.0 376 60.42 0.55 48982 8775.8 0.55 15153 3103.37 0.58 2192388 608919.01 20.07 370 173.23 0.58 48616 28128.11 20.07 211 0 99 30595 0 14355 21.0 24.0 23.76 0.03
131400.0 354 61.06 0.55 49336 8836.85 0.55 15132 3102.73 0.58 2207520 612021.74 20.07 350 173.18 0.58 48966 28301.29 20.07 211 0 99 30806 0 14454 21.0 24.0 23.76 0.03
132300.0 310 60.28 0.55 49646 8897.14 0.55 15091 3102.67 0.58 2222611 615124.4 20.07 310 173.08 0.58 49276 28474.37 20.07 211 0 99 31017 0 14553 21.0 24.0 23.78 0.03
133200.0 310 60.28 0.55 49956 8957.42 0.55 15088 3102.07 0.58 2237699 618226.48 20.07 310 173.07 0.58 49586 28647.44 20.07 211 0 99 31228 0 14652 21.0 24.0 23.79 0.03
134100.0 376 60.42 0.55 50332 9017.84 0.55 15147 3101.72 0.58 2252846 621328.2 20.07 370 173.23 0.58 49956 28820.68 20.07 211 0 99 31439 0 14751 21.0 24.0 23.79 0.03
135000.0 354 61.06 0.55 50686 9078.9 0.55 15127 3101.63 0.58 2267973 624429.82 20.07 350 173.18 0.58 50306 28993.85 20.07 211 0 99 31650 0 14850 21.0 24.0 23.8 0.03
135900.0 310 60.28 0.55 50996 9139.18 0.55 15084 3100.47 0.58 2283057 627530.29 20.07 310 173.08 0.58 50616 29166.93 20.07 211 0 99 31861 0 14949 21.0 24.0 23.82 0.03
136800.0 310 60.28 0.55 51306 9199.46 0.55 15084 3100.42 0.58 2298141 630630.71 20.07 310 173.07 0.58 50926 29340.01 20.07 211 0 99 32072 0 15048 21.0 24.0 23.83 0.03
137700.0 376 60.42 0.55 51682 9259.89 0.55 15144 3100.62 0.58 2313285 633731.33 20.07 370 173.23 0.58 51296 29513.24 20.07 211 0 99 32283 0 15147 21.0 24.0 23.83 0.03
138600.0 354 61.06 0.55 52036 9320.94 0.55 15121 3099.43 0.58 2328406 636830.76 20.07 350 173.18 0.58 51646 29686.42 20.07 211 0 99 32494 0 15246 21.0 24.0 23.83 0.03
139500.0 310 60.28 0.55 52346 9381.22 0.55 15081 3099.37 0.58 2343487 639930.13 20.07 310 173.08 0.58 51956 29859.5 20.07 211 0 99 32705 0 15345 21.0 24.0 23.84 0.03
140400.0 310 60.28 0.55 52656 9441.51 0.55 15080 3098.77 0.58 2358567 643028.9 20.07 310 173.07 0.58 52266 30032.57 20.07 211 0 99 32916 0 15444 21.0 24.0 23.85 0.03
141300.0 376 60.42 0.55 53032 9501.93 0.55 15137 3097.32 0.58 2373704 646126.22 20.07 370 173.23 0.58 52636 30205.8 20.07 211 0 99 33127 0 15543 21.0 24.0 23.85 0.03
142200.0 354 61.06 0.55 53386 9562.99 0.55 15117 3097.23 0.58 2388821 649223.44 20.07 350 173.18 0.58 52986 30378.98 20.07 211 0 99 33338 0 15642 21.0 24.0 23.85 0.03
143100.0 310 60.28 0.55 53696 9623.27 0.55 15077 3097.17 0.58 2403898 652320.61 20.07 310 173.08 0.58 53296 30552.06 20.07 211 0 99 33549 0 15741 21.0 24.0 23.87 0.03
144000.0 310 60.28 0.55 54006 9683.55 0.55 15075 3096.02 0.58 2418973 655416.63 20.07 310 173.07 0.58 53606 30725.13 20.07 211 0 99 33760 0 15840 21.0 24.0 23.88 0.03
144900.0 376 60.42 0.55 54382 9743.97 0.55 15135 3096.22 0.58 2434108 658512.85 20.07 370 173.23 0.58 53976 30898.37 20.07 211 0 99 33971 0 15939 21.0 24.0 23.88 0.03
145800.0 354 61.06 0.55 54736 9805.03 0.55 15114 3095.58 0.58 2449222 661608.43 20.07 350 173.18 0.58 54326 31071.54 20.07 211 0 99 34182 0 16038 21.0 24.0 23.88 0.03
146700.0 310 60.28 0.55 55046 9865.31 0.55 15066 3092.22 0.58 2464288 664700.65 20.07 310 173.08 0.58 54636 31244.62 20.07 211 0 99 34393 0 16137 21.0 24.0 23.88 0.03
147600.0 310 60.28 0.55 55356 9925.59 0.55 15066 3092.17 0.58 2479354 667792.82 20.07 310 173.07 0.58 54946 31417.7 20.07 211 0 99 34604 0 16236 21.0 24.0 23.88 0.03
148500.0 376 60.42 0.55 55732 9986.02 0.55 15126 3092.37 0.58 2494480 670885.19 20.07 370 173.23 0.58 55316 31590.93 20.07 211 0 99 34815 0 16335 21.0 24.0 23.88 0.03
149400.0 354 61.06 0.55 56086 10047.08 0.55 15105 3091.73 0.58 2509585 673976.92 20.07 350 173.18 0.58 55666 31764.1 20.07 211 0 99 35026 0 16434 21.0 24.0 23.88 0.03
150300.0 310 60.28 0.55 56396 10107.36 0.55 15065 3091.67 0.58 2524650 677068.58 20.07 310 173.08 0.58 55976 31937.18 20.07 211 0 99 35237 0 16533 21.0 24.0 23.88 0.03
151200.0 310 60.28 0.55 56706 10167.64 0.55 15064 3091.07 0.58 2539714 680159.66 20.07 310 173.07 0.58 56286 32110.26 20.07 211 0 99 35448 0 16632 21.0 24.0 23.89 0.03
152100.0 376 60.42 0.55 57082 10228.06 0.55 15120 3090.17 0.58 2554834 683249.83 20.07 370 173.23 0.58 56656 32283.49 20.07 211 0 99 35659 0 16731 21.0 24.0 23.89 0.03
153000.0 354 61.06 0.55 57436 10289.12 0.55 15100 3090.08 0.58 2569934 686339.9 20.07 350 173.18 0.58 57006 32456.67 20.07 211 0 99 35870 0 16830 21.0 24.0 23.89 0.03
153900.0 310 60.28 0.55 57746 10349.4 0.55 15059 3090.02 0.58 2584993 689429.92 20.07 310 173.08 0.58 57316 32629.75 20.07 211 0 99 36081 0 16929 21.0 24.0 23.88 0.04
154800.0 310 60.28 0.55 58056 10409.68 0.55 15056 3089.42 0.58 2600049 692519.34 20.07 310 173.07 0.58 57626 32802.82 20.07 211 0 99 36292 0 17028 21.0 24.0 23.88 0.04
155700.0 376 60.42 0.55 58432 10470.11 0.55 15116 3089.62 0.58 2615165 695608.96 20.07 370 173.23 0.58 57996 32976.05 20.07 211 0 99 36503 0 17127 21.0 24.0 23.88 0.04
156600.0 354 61.06 0.55 58786 10531.17 0.55 15095 3089.52 0.58 2630260 698698.49 20.07 350 173.18 0.58 58346 33149.23 20.07 211 0 99 36714 0 17226 21.0 24.0 23.88 0.04
157500.0 310 60.28 0.55 59096 10591.45 0.55 15053 3088.92 0.58 2645313 701787.4 20.07 310 173.08 0.58 58656 33322.31 20.07 211 0 99 36925 0 17325 21.0 24.0 23.88 0.04
158400.0 310 60.28 0.55 59406 10651.73 0.55 15053 3088.87 0.58 2660366 704876.28 20.07 310 173.07 0.58 58966 33495.39 20.07 211 0 99 37136 0 17424 21.0 24.0 23.88 0.04
159300.0 376 60.42 0.55 59782 10712.15 0.55 15112 3089.07 0.58 2675478 707965.35 20.07 370 173.23 0.58 59336 33668.62 20.07 211 0 99 37347 0 17523 21.0 24.0 23.88 0.04
160200.0 354 61.06 0.55 60136 10773.21 0.55 15090 3087.87 0.58 2690568 711053.22 20.07 350 173.18 0.58 59686 33841.79 20.07 211 0 99 37558 0 17622 21.0 24.0 23.87 0.04
161100.0 310 60.28 0.55 60446 10833.49 0.55 15050 3087.82 0.58 2705618 714141.04 20.07 310 173.08 0.58 59996 34014.87 20.07 211 0 99 37769 0 17721 21.0 24.0 23.85 0.04
162000.0 310 60.28 0.55 60756 10893.77 0.55 15049 3087.77 0.58 2720667 717228.81 20.07 310 173.07 0.58 60306 34187.95 20.07 211 0 99 37980 0 17820 21.0 24.0 23.85 0.04
162900.0 376 60.42 0.55 61132 10954.19 0.55 15105 3086.87 0.58 2735772 720315.68 20.07 370 173.23 0.58 60676 34361.18 20.07 211 0 99 38191 0 17919 21.0 24.0 23.85 0.04
163800.0 354 61.06 0.55 61486 11015.25 0.55 15085 3086.77 0.58 2750857 723402.46 20.07 350 173.18 0.58 61026 34534.36 20.07 211 0 99 38402 0 18018 21.0 24.0 23.85 0.04
164700.0 310 60.28 0.55 61796 11075.53 0.55 15045 3086.72 0.58 2765902 726489.18 20.07 310 173.08 0.58 61336 34707.44 20.07 211 0 99 38613 0 18117 21.0 24.0 23.83 0.04
165600.0 310 60.28 0.55 62106 11135.81 0.55 15043 3086.12 0.58 2780945 729575.3 20.07 310 173.07 0.58 61646 34880.51 20.07 211 0 99 38824 0 18216 21.0 24.0 23.82 0.04
166500.0 376 60.42 0.55 62482 11196.24 0.55 15103 3086.32 0.58 2796048 732661.62 20.07 370 173.23 0.58 62016 35053.74 20.07 211 0 99 39035 0 18315 21.0 24.0 23.82 0.04
167400.0 354 61.06 0.55 62836 11257.29 0.55 15083 3086.22 0.58 2811131 735747.84 20.07 350 173.18 0.58 62366 35226.92 20.07 211 0 99 39246 0 18414 21.0 24.0 23.82 0.04
168300.0 310 60.28 0.55 63146 11317.58 0.55 15037 3083.42 0.58 2826168 738831.26 20.07 310 173.08 0.58 62676 35400.0 20.07 211 0 99 39457 0 18513 21.0 24.0 23.8 0.05
169200.0 310 60.28 0.55 63456 11377.86 0.55 15038 3083.92 0.58 2841206 741915.18 20.07 310 173.07 0.58 62986 35573.08 20.07 211 0 99 39668 0 18612 21.0 24.0 23.79 0.05
170100.0 376 60.42 0.55 63832 11438.28 0.55 15098 3084.12 0.58 2856304 744999.3 20.07 370 173.23 0.58 63356 35746.31 20.07 211 0 99 39879 0 18711 21.0 24.0 23.79 0.05
171000.0 354 61.06 0.55 64186 11499.34 0.55 15076 3083.47 0.58 2871380 748082.78 20.07 350 173.18 0.58 63706 35919.48 20.07 211 0 99 40090 0 18810 21.0 24.0 23.78 0.05
171900.0 310 60.28 0.55 64496 11559.62 0.55 15033 3082.32 0.58 2886413 751165.1 20.07 310 173.08 0.58 64016 36092.56 20.07 211 0 99 40301 0 18909 21.0 24.0 23.75 0.05
172800.0 310 60.28 0.55 64806 11619.9 0.55 15033 3082.27 0.58 2901446 754247.37 20.07 310 173.07 0.58 64326 36265.64 20.07 211 0 99 40512 0 19008 21.0 24.0 23.74 0.05
173700.0 376 60.42 0.55 65182 11680.32 0.55 15089 3081.37 0.58 2916535 757328.74 20.07 370 173.23 0.58 64696 36438.87 20.07 211 0 99 40723 0 19107 21.0 24.0 23.74 0.05
174600.0 354 61.06 0.55 65536 11741.38 0.55 15067 3080.17 0.58 2931602 760408.91 20.07 350 173.18 0.58 65046 36612.05 20.07 211 0 99 40934 0 19206 21.0 24.0 23.74 0.05
175500.0 310 60.28 0.55 65846 11801.66 0.55 15027 3079.57 0.58 2946629 763488.48 20.07 310 173.08 0.58 65356 36785.13 20.07 211 0 99 41145 0 19305 21.0 24.0 23.7 0.05
176400.0 310 60.28 0.55 66156 11861.94 0.55 15027 3080.07 0.58 2961656 766568.55 20.07 310 173.07 0.58 65666 36958.2 20.07 211 0 99 41356 0 19404 21.0 23.9 23.68 0.05
177300.0 376 60.42 0.55 66532 11922.37 0.55 15087 3080.27 0.58 2976743 769648.82 20.07 370 173.23 0.58 66036 37131.43 20.07 211 0 99 41567 0 19503 21.0 23.9 23.68 0.05
178200.0 354 61.06 0.55 66886 11983.42 0.55 15065 3079.62 0.58 2991808 772728.45 20.07 350 173.18 0.58 66386 37304.61 20.07 211 0 99 41778 0 19602 21.0 23.9 23.68 0.05
179100.0 310 60.28 0.55 67196 12043.71 0.55 15018 3076.82 0.58 3006826 775805.27 20.07 310 173.08 0.58 66696 37477.69 20.07 211 0 99 41989 0 19701 21.0 23.9 23.61 0.05
180000.0 310 60.28 0.55 67506 12103.99 0.55 15024 3078.97 0.58 3021850 778884.24 20.07 310 173.07 0.58 67006 37650.77 20.07 211 0 99 42200 0 19800 21.0 23.9 23.58 0.05
180900.0 376 60.42 0.55 67882 12164.41 0.55 15083 3079.17 0.58 3036933 781963.41 20.07 370 173.23 0.58 67376 37824.0 20.07 211 0 99 42411 0 19899 21.0 23.9 23.58 0.05
181800.0 354 61.06 0.55 68236 12225.47 0.55 15057 3075.77 0.58 3051990 785039.18 20.07 350 173.18 0.58 67726 37997.17 20.07 211 0 99 42622 0 19998 21.0 23.9 23.58 0.05
182700.0 310 60.28 0.55 68546 12285.75 0.55 15013 3074.07 0.58 3067003 788113.25 20.07 310 173.08 0.58 68036 38170.25 20.07 211 0 99 42833 0 20097 21.0 23.8 23.5 0.05
183600.0 310 60.28 0.55 68856 12346.03 0.55 15019 3076.77 0.58 3082022 791190.02 20.07 310 173.07 0.58 68346 38343.33 20.07 211 0 99 43044 0 20196 21.0 23.8 23.45 0.04
184500.0 376 60.42 0.55 69232 12406.46 0.55 15071 3073.67 0.58 3097093 794263.69 20.07 370 173.23 0.58 68716 38516.56 20.07 211 0 99 43255 0 20295 21.0 23.8 23.45 0.04
185400.0 354 61.06 0.55 69586 12467.51 0.55 15047 3073.02 0.58 3112140 797336.72 20.07 350 173.18 0.58 69066 38689.74 20.07 211 0 99 43466 0 20394 21.0 23.8 23.45 0.04
186300.0 310 60.28 0.55 69896 12527.79 0.55 15010 3074.07 0.58 3127150 800410.79 20.07 310 173.08 0.58 69376 38862.82 20.07 211 0 99 43677 0 20493 21.0 23.7 23.33 0.05
187200.0 310 60.28 0.55 70206 12588.08 0.55 15004 3071.82 0.58 3142154 803482.61 20.07 310 173.07 0.58 69686 39035.89 20.07 211 0 99 43888 0 20592 21.0 23.7 23.27 0.04
188100.0 376 60.42 0.55 70582 12648.5 0.55 15063 3072.02 0.58 3157217 806554.63 20.07 370 173.23 0.58 70056 39209.12 20.07 211 0 99 44099 0 20691 21.0 23.7 23.27 0.04
189000.0 354 61.06 0.55 70936 12709.56 0.55 15040 3070.82 0.58 3172257 809625.45 20.07 350 173.18 0.58 70406 39382.3 20.07 211 0 99 44310 0 20790 21.0 23.7 23.27 0.04
189900.0 310 60.28 0.55 71246 12769.84 0.55 14999 3069.12 0.58 3187256 812694.57 20.07 310 173.08 0.58 70716 39555.38 20.07 211 0 99 44521 0 20889 21.0 23.6 23.11 0.05
190800.0 310 60.28 0.55 71556 12830.12 0.55 14999 3069.62 0.58 3202255 815764.19 20.07 310 173.07 0.58 71026 39728.45 20.07 211 0 99 44732 0 20988 21.0 23.5 23.02 0.04
191700.0 376 60.42 0.55 71932 12890.54 0.55 15057 3069.27 0.58 3217312 818833.46 20.07 370 173.23 0.58 71396 39901.69 20.07 211 0 99 44943 0 21087 21.0 23.5 23.02 0.04
192600.0 354 61.06 0.55 72286 12951.6 0.55 15024 3063.67 0.58 3232336 821897.14 20.07 350 173.18 0.58 71746 40074.86 20.07 211 0 99 45154 0 21186 21.0 23.5 23.02 0.04
193500.0 310 60.28 0.55 72596 13011.88 0.55 14989 3065.27 0.58 3247325 824962.4 20.07 310 173.08 0.58 72056 40247.94 20.07 211 0 99 45365 0 21285 21.0 23.4 22.83 0.04
194400.0 310 60.28 0.55 72906 13072.16 0.55 14991 3066.87 0.58 3262316 828029.28 20.07 310 173.07 0.58 72366 40421.02 20.07 211 0 99 45576 0 21384 21.0 23.3 22.74 0.04
195300.0 376 60.42 0.55 73282 13132.59 0.55 15043 3063.77 0.58 3277359 831093.05 20.07 370 173.23 0.58 72736 40594.25 20.07 211 0 99 45787 0 21483 21.0 23.3 22.74 0.03
196200.0 354 61.06 0.55 73636 13193.65 0.55 15019 3061.47 0.58 3292378 834154.52 20.07 350 173.18 0.58 73086 40767.43 20.07 211 0 99 45998 0 21582 21.0 23.3 22.73 0.03
197100.0 310 60.28 0.55 73946 13253.93 0.55 14979 3063.07 0.58 3307357 837217.59 20.07 310 173.08 0.58 73396 40940.51 20.07 211 0 99 46209 0 21681 21.0 23.1 22.54 0.03
198000.0 310 60.28 0.55 74256 13314.21 0.55 14967 3055.87 0.58 3322324 840273.46 20.07 310 173.07 0.58 73706 41113.58 20.07 211 0 99 46420 0 21780 21.0 23.1 22.43 0.03
198900.0 376 60.42 0.55 74632 13374.63 0.55 15027 3056.07 0.58 3337351 843329.53 20.07 370 173.23 0.58 74076 41286.81 20.07 211 0 99 46631 0 21879 21.0 23.1 22.43 0.03
199800.0 354 61.06 0.55 74986 13435.69 0.55 15005 3054.87 0.58 3352356 846384.41 20.07 350 173.18 0.58 74426 41459.99 20.07 211 0 99 46842 0 21978 21.0 23.1 22.42 0.03
200700.0 310 60.28 0.55 75296 13495.97 0.55 14973 3058.67 0.58 3367329 849443.07 20.07 310 173.08 0.58 74736 41633.07 20.07 211 0 99 47053 0 22077 21.0 22.8 22.27 0.02
201600.0 310 60.28 0.55 75606 13556.25 0.55 14971 3058.62 0.58 3382300 852501.7 20.07 310 173.07 0.58 75046 41806.14 20.07 211 0 99 47264 0 22176 21.0 22.8 22.2 0.03
202500.0 376 60.42 0.55 75982 13616.68 0.55 15030 3058.27 0.58 3397330 855559.96 20.07 370 173.23 0.58 75416 41979.38 20.07 211 0 99 47475 0 22275 21.0 22.8 22.2 0.03
203400.0 354 61.06 0.55 76336 13677.74 0.55 15010 3058.72 0.58 3412340 858618.69 20.07 350 173.18 0.58 75766 42152.55 20.07 211 0 99 47686 0 22374 21.0 22.8 22.2 0.03
204300.0 310 60.28 0.55 76646 13738.02 0.55 14975 3059.22 0.58 3427315 861677.91 20.07 310 173.08 0.58 76076 42325.63 20.07 211 0 99 47897 0 22473 21.0 22.6 22.07 0.02
205200.0 310 60.28 0.55 76956 13798.3 0.55 14976 3059.72 0.58 3442291 864737.63 20.07 310 173.07 0.58 76386 42498.71 20.07 211 0 99 48108 0 22572 21.0 22.6 22.07 0.02
206100.0 376 60.42 0.55 77332 13858.72 0.55 15033 3058.82 0.58 3457324 867796.45 20.07 370 173.23 0.58 76756 42671.94 20.07 211 0 99 48319 0 22671 21.0 22.6 22.07 0.02
207000.0 354 61.06 0.55 77686 13919.78 0.55 15008 3057.62 0.58 3472332 870854.07 20.07 350 173.18 0.58 77106 42845.12 20.07 211 0 99 48530 0 22770 21.0 22.6 22.07 0.02
207900.0 310 60.28 0.55 77996 13980.06 0.55 14973 3058.67 0.58 3487305 873912.74 20.07 310 173.08 0.58 77416 43018.2 20.07 211 0 99 48741 0 22869 21.0 22.2 22.02 0.01
208800.0 310 60.28 0.55 78306 14040.34 0.55 14971 3057.52 0.58 3502276 876970.26 20.07 310 173.07 0.58 77726 43191.27 20.07 211 0 99 48952 0 22968 21.0 22.2 22.02 0.01
209700.0 376 60.42 0.55 78682 14100.76 0.55 15030 3057.17 0.58 3517306 880027.43 20.07 370 173.23 0.58 78096 43364.5 20.07 211 0 99 49163 0 23067 21.0 22.2 22.02 0.01
210600.0 354 61.06 0.55 79036 14161.82 0.55 15003 3054.87 0.58 3532309 883082.31 20.07 350 173.18 0.58 78446 43537.68 20.07 211 0 99 49374 0 23166 21.0 22.2 22.02 0.01
211500.0 310 60.28 0.55 79346 14222.1 0.55 14960 3054.27 0.58 3547269 886136.57 20.07 310 173.08 0.58 78756 43710.76 20.07 211 0 99 49585 0 23265 21.0 22.0 22.0 0.0
212400.0 310 60.28 0.55 79656 14282.38 0.55 14960 3054.22 0.58 3562229 889190.8 20.07 310 173.07 0.58 79066 43883.83 20.07 211 0 99 49796 0 23364 21.0 22.0 22.0 0.0
213300.0 376 60.42 0.55 80032 14342.8 0.55 15016 3052.22 0.58 3577245 892243.02 20.07 370 173.23 0.58 79436 44057.07 20.07 211 0 99 50007 0 23463 21.0 22.0 22.0 0.0
214200.0 354 61.06 0.55 80386 14403.86 0.55 14984 3048.82 0.58 3592229 895291.84 20.07 350 173.18 0.58 79786 44230.24 20.07 211 0 99 50218 0 23562 21.0 22.0 22.0 0.0
215100.0 310 60.28 0.55 80696 14464.14 0.55 14944 3048.77 0.58 3607173 898340.61 20.07 310 173.08 0.58 80096 44403.32 20.07 211 0 99 50429 0 23661 21.0 22.0 22.0 0.0
216000.0 310 60.28 0.55 81006 14524.42 0.55 14941 3047.62 0.58 3622114 901388.23 20.07 310 173.07 0.58 80406 44576.4 20.07 211 0 99 50640 0 23760 21.0 22.0 22.0 0.0
216900.0 376 60.42 0.55 81382 14584.85 0.55 14996 3046.17 0.58 3637110 904434.4 20.07 370 173.23 0.58 80776 44749.63 20.07 211 0 99 50851 0 23859 21.0 22.0 22.0 0.0
217800.0 354 61.06 0.55 81736 14645.91 0.55 14976 3046.07 0.58 3652086 907480.47 20.07 350 173.18 0.58 81126 44922.81 20.07 211 0 99 51062 0 23958 21.0 22.0 22.0 0.0
218700.0 310 60.28 0.55 82046 14706.19 0.55 14928 3043.82 0.58 3667014 910524.29 20.07 310 173.08 0.58 81436 45095.89 20.07 211 0 99 51273 0 24057 21.0 22.0 22.0 0.0
219600.0 310 60.28 0.55 82356 14766.47 0.55 14927 3043.22 0.58 3681941 913567.51 20.07 310 173.07 0.58 81746 45268.96 20.07 211 0 99 51484 0 24156 21.0 22.0 22.0 0.0
220500.0 376 60.42 0.55 82732 14826.89 0.55 14978 3040.67 0.58 3696919 916608.18 20.07 370 173.23 0.58 82116 45442.19 20.07 211 0 99 51695 0 24255 21.0 22.0 22.0 0.0
221400.0 354 61.06 0.55 83086 14887.95 0.55 14960 3042.68 0.58 3711879 919650.86 20.07 350 173.21 0.58 82466 45615.4 20.07 211 0 99 51906 0 24354 21.0 22.0 21.99 0.01
222300.0 310 60.28 0.55 83396 14948.24 0.55 15007 3073.98 0.58 3726886 922724.84 20.07 310 173.12 0.58 82776 45788.52 20.07 211 0 99 52117 0 24453 19.8 22.0 21.13 0.09
223200.0 310 60.28 0.55 83706 15008.52 0.55 15035 3084.94 0.58 3741921 925809.78 20.07 310 173.12 0.58 83086 45961.64 20.07 211 0 99 52328 0 24552 19.8 22.0 20.59 0.17
224100.0 376 60.43 0.55 84082 15068.95 0.55 15095 3085.14 0.58 3757016 928894.92 20.07 370 173.27 0.58 83456 46134.91 20.07 211 0 99 52539 0 24651 19.8 21.8 20.57 0.15
225000.0 354 61.06 0.55 84436 15130.0 0.55 15075 3084.45 0.58 3772091 931979.37 20.07 350 173.21 0.58 83806 46308.12 20.07 211 0 99 52750 0 24750 19.8 21.8 20.57 0.15
225900.0 310 60.28 0.55 84746 15190.29 0.55 15037 3085.24 0.58 3787128 935064.61 20.07 310 173.12 0.58 84116 46481.24 20.07 211 0 99 52961 0 24849 19.8 21.7 20.52 0.14
226800.0 310 60.28 0.55 85056 15250.57 0.55 15037 3085.19 0.58 3802165 938149.8 20.07 310 173.11 0.58 84426 46654.35 20.07 211 0 99 53172 0 24948 19.8 21.7 20.48 0.16
227700.0 376 60.43 0.55 85432 15311.0 0.55 15097 3085.39 0.58 3817262 941235.19 20.07 370 173.27 0.58 84796 46827.62 20.07 211 0 99 53383 0 25047 19.8 21.7 20.48 0.16
228600.0 354 61.06 0.55 85786 15372.06 0.55 15073 3084.58 0.58 3832335 944319.77 20.07 350 173.22 0.58 85146 47000.84 20.07 211 0 99 53594 0 25146 19.8 21.7 20.48 0.16
229500.0 310 60.28 0.55 86096 15432.34 0.55 15035 3084.8 0.58 3847370 947404.57 20.07 310 173.12 0.58 85456 47173.96 20.07 211 0 99 53805 0 25245 19.8 21.6 20.48 0.15
230400.0 310 60.28 0.55 86406 15492.62 0.55 15035 3083.65 0.58 3862405 950488.22 20.07 310 173.11 0.58 85766 47347.08 20.07 211 0 99 54016 0 25344 19.9 21.6 20.46 0.16
231300.0 376 60.42 0.55 86782 15553.05 0.55 15093 3083.85 0.58 3877498 953572.07 20.07 370 173.27 0.58 86136 47520.35 20.07 211 0 99 54227 0 25443 19.8 21.6 20.46 0.16
232200.0 354 61.06 0.55 87136 15614.11 0.55 15070 3083.08 0.58 3892568 956655.15 20.07 350 173.21 0.58 86486 47693.56 20.07 211 0 99 54438 0 25542 19.8 21.6 20.46 0.16
233100.0 310 60.28 0.55 87446 15674.39 0.55 15033 3083.86 0.58 3907601 959739.01 20.07 310 173.12 0.58 86796 47866.68 20.07 211 0 99 54649 0 25641 19.8 21.5 20.51 0.16
234000.0 310 60.28 0.55 87756 15734.67 0.55 15030 3083.81 0.58 3922631 962822.82 20.07 310 173.12 0.58 87106 48039.8 20.07 211 0 99 54860 0 25740 19.8 21.5 20.5 0.17
234900.0 376 60.43 0.55 88132 15795.1 0.55 15090 3084.01 0.58 3937721 965906.83 20.07 370 173.28 0.58 87476 48213.08 20.07 211 0 99 55071 0 25839 19.8 21.5 20.5 0.17
235800.0 354 61.06 0.55 88486 15856.16 0.55 15061 3079.29 0.58 3952782 968986.12 20.07 350 173.2 0.58 87826 48386.28 20.07 211 0 99 55282 0 25938 19.8 21.5 20.5 0.17
236700.0 310 60.28 0.55 88796 15916.44 0.55 15030 3080.31 0.58 3967812 972066.43 20.07 310 173.1 0.58 88136 48559.38 20.07 211 0 99 55493 0 26037 19.8 21.4 20.54 0.16
237600.0 310 60.28 0.55 89106 15976.72 0.55 15029 3080.27 0.58 3982841 975146.7 20.07 310 173.09 0.58 88446 48732.47 20.07 211 0 99 55704 0 26136 19.8 21.4 20.55 0.16
238500.0 376 60.42 0.55 89482 16037.14 0.55 15080 3078.26 0.58 3997921 978224.96 20.07 370 173.25 0.58 88816 48905.71 20.07 211 0 99 55915 0 26235 19.7 21.4 20.55 0.16
239400.0 354 61.06 0.55 89836 16098.2 0.55 15038 3070.67 0.58 4012959 981295.64 20.07 350 173.21 0.58 89166 49078.92 20.07 211 0 99 56126 0 26334 19.7 21.5 20.55 0.16
240300.0 310 60.28 0.55 90146 16158.48 0.55 15016 3077.22 0.58 4027975 984372.85 20.07 310 173.11 0.58 89476 49252.03 20.07 211 0 99 56337 0 26433 19.7 21.5 20.6 0.17
241200.0 310 60.28 0.55 90456 16218.77 0.55 15012 3075.52 0.58 4042987 987448.38 20.07 310 173.11 0.58 89786 49425.14 20.07 211 0 99 56548 0 26532 19.7 21.6 20.6 0.17
242100.0 376 60.43 0.55 90832 16279.19 0.55 15071 3075.17 0.58 4058058 990523.55 20.07 370 173.26 0.58 90156 49598.4 20.07 211 0 99 56759 0 26631 19.7 21.6 20.6 0.17
243000.0 354 61.06 0.55 91186 16340.25 0.55 15035 3069.03 0.58 4073093 993592.58 20.07 350 173.21 0.58 90506 49771.61 20.07 211 0 99 56970 0 26730 19.7 21.6 20.6 0.17
243900.0 310 60.28 0.55 91496 16400.53 0.55 15009 3075.29 0.58 4088102 996667.87 20.07 310 173.12 0.58 90816 49944.72 20.07 211 0 99 57181 0 26829 19.7 21.6 20.65 0.18
244800.0 310 60.28 0.55 91806 16460.82 0.55 15007 3074.7 0.58 4103109 999742.57 20.07 310 173.11 0.58 91126 50117.84 20.07 211 0 99 57392 0 26928 19.7 21.8 20.64 0.18
245700.0 376 60.43 0.55 92182 16521.24 0.55 15066 3074.35 0.58 4118175 1002816.91 20.07 370 173.27 0.58 91496 50291.1 20.07 211 0 99 57603 0 27027 19.6 21.8 20.64 0.18
246600.0 354 61.06 0.55 92536 16582.3 0.55 15023 3065.54 0.58 4133198 1005882.46 20.07 350 173.21 0.58 91846 50464.32 20.07 211 0 99 57814 0 27126 19.6 21.8 20.64 0.18
247500.0 310 60.28 0.55 92846 16642.59 0.55 15001 3071.41 0.58 4148199 1008953.86 20.07 310 173.11 0.58 92156 50637.43 20.07 211 0 99 58025 0 27225 19.6 21.8 20.63 0.19
248400.0 310 60.28 0.55 93156 16702.87 0.55 14999 3070.26 0.58 4163198 1012024.12 20.07 310 173.11 0.58 92466 50810.54 20.07 211 0 99 58236 0 27324 19.6 21.9 20.63 0.2
249300.0 376 60.43 0.55 93532 16763.3 0.55 15049 3066.61 0.58 4178247 1015090.73 20.07 370 173.27 0.58 92836 50983.81 20.07 211 0 99 58447 0 27423 19.5 21.9 20.63 0.2
250200.0 354 61.06 0.55 93886 16824.35 0.55 15015 3061.3 0.58 4193262 1018152.03 20.07 350 173.21 0.58 93186 51157.02 20.07 211 0 99 58658 0 27522 19.5 21.9 20.63 0.2
251100.0 310 60.28 0.55 94196 16884.64 0.55 14998 3070.58 0.58 4208260 1021222.6 20.07 310 173.11 0.58 93496 51330.13 20.07 211 0 99 58869 0 27621 19.5 21.9 20.6 0.21
252000.0 310 60.28 0.55 94506 16944.92 0.55 15005 3071.63 0.58 4223265 1024294.24 20.07 310 173.1 0.58 93806 51503.23 20.07 211 0 99 59080 0 27720 19.5 22.0 20.57 0.23
252900.0 376 60.43 0.55 94882 17005.35 0.55 15064 3071.28 0.58 4238329 1027365.51 20.07 370 173.26 0.58 94176 51676.49 20.07 211 0 99 59291 0 27819 19.5 22.0 20.57 0.24
253800.0 354 61.06 0.55 95236 17066.4 0.55 15026 3063.93 0.58 4253355 1030429.45 20.07 350 173.2 0.58 94526 51849.69 20.07 211 0 99 59502 0 27918 19.5 22.0 20.57 0.23
254700.0 310 60.28 0.55 95546 17126.69 0.55 15032 3082.18 0.58 4268387 1033511.62 20.07 310 173.11 0.58 94836 52022.8 20.07 211 0 99 59713 0 28017 19.5 22.0 20.44 0.23
255600.0 310 60.28 0.55 95856 17186.97 0.55 15037 3084.88 0.58 4283424 1036596.5 20.07 310 173.11 0.58 95146 52195.91 20.07 211 0 99 59924 0 28116 19.5 21.8 20.4 0.24
256500.0 376 60.43 0.55 96232 17247.4 0.55 15096 3084.53 0.58 4298520 1039681.03 20.07 370 173.26 0.58 95516 52369.17 20.07 211 0 99 60135 0 28215 19.3 21.8 20.4 0.24
257400.0 354 61.06 0.55 96586 17308.46 0.55 15057 3078.7 0.58 4313577 1042759.73 20.07 350 173.2 0.58 95866 52542.37 20.07 211 0 99 60346 0 28314 19.3 21.8 20.4 0.24
258300.0 310 60.28 0.55 96896 17368.74 0.55 15044 3087.19 0.58 4328621 1045846.92 20.07 310 173.11 0.58 96176 52715.49 20.07 211 0 99 60557 0 28413 19.3 21.8 20.23 0.24
259200.0 310 60.28 0.55 97206 17429.02 0.55 15045 3087.69 0.58 4343666 1048934.62 20.07 310 173.11 0.58 96486 52888.59 20.07 211 0 99 60768 0 28512 19.3 21.6 20.17 0.27
260100.0 376 60.43 0.55 97582 17489.45 0.55 15105 3087.89 0.58 4358771 1052022.51 20.07 370 173.26 0.58 96856 53061.86 20.07 211 0 99 60979 0 28611 19.2 21.6 20.16 0.27
261000.0 356 61.15 0.55 97938 17550.59 0.55 15392 149587.32 20.07 4374163 1201609.82 20.07 352 3143.5 20.07 97208 56205.35 20.07 211 0 99 61190 0 28710 19.2 21.6 20.16 0.27
261900.0 310 60.28 0.55 98248 17610.88 0.55 15065 3094.99 0.58 4389228 1204704.81 20.07 310 173.11 0.58 97518 56378.47 20.07 211 0 99 61401 0 28809 18.9 21.6 19.7 0.22
262800.0 310 60.28 0.55 98558 17671.16 0.55 15066 3094.39 0.58 4404294 1207799.2 20.07 310 173.11 0.58 97828 56551.58 20.07 211 0 99 61612 0 28908 18.9 21.0 19.65 0.25
263700.0 376 60.42 0.55 98934 17731.58 0.55 15126 3094.59 0.58 4419420 1210893.8 20.07 370 173.27 0.58 98198 56724.84 20.07 211 0 99 61823 0 29007 18.9 21.0 19.65 0.25
264600.0 356 61.15 0.55 99290 17792.74 0.55 15415 149954.18 20.09 4434835 1360847.98 20.09 352 3151.15 20.09 98550 59876.0 20.09 211 0 99 62034 0 29106 18.9 21.0 19.64 0.25
265500.0 310 60.3 0.55 99600 17853.04 0.55 15141 3137.75 0.59 4449976 1363985.72 20.09 310 173.48 0.59 98860 60049.47 20.09 211 0 99 62245 0 29205 17.3 21.0 18.13 0.2
266400.0 310 60.3 0.55 99910 17913.33 0.55 15148 3140.4 0.59 4465124 1367126.12 20.09 310 173.47 0.59 99170 60222.95 20.09 211 0 99 62456 0 29304 17.3 21.0 17.84 0.08
267300.0 376 60.44 0.55 100286 17973.78 0.55 15208 3140.64 0.59 4480332 1370266.77 20.09 370 173.63 0.59 99540 60396.58 20.09 211 0 99 62667 0 29403 17.3 21.0 17.83 0.05
268200.0 356 61.17 0.55 100642 18034.94 0.55 15496 149976.95 20.08 4495828 1520243.72 20.09 352 3149.44 20.08 99892 63546.02 20.09 211 0 99 62878 0 29502 17.3 21.0 17.83 0.05
269100.0 310 60.3 0.55 100952 18095.24 0.55 15141 3137.65 0.59 4510969 1523381.37 20.09 310 173.47 0.59 100202 63719.49 20.09 211 0 99 63089 0 29601 17.3 21.0 17.8 0.05
270000.0 310 60.3 0.55 101262 18155.54 0.55 15141 3137.54 0.59 4526110 1526518.91 20.09 310 173.46 0.59 100512 63892.95 20.09 211 0 99 63300 0 29700 17.3 21.0 17.78 0.06
270900.0 376 60.44 0.55 101638 18215.98 0.55 15200 3137.24 0.59 4541310 1529656.15 20.09 370 173.62 0.59 100882 64066.57 20.09 211 0 99 63511 0 29799 17.3 21.0 17.78 0.06
271800.0 354 61.07 0.55 101992 18277.05 0.55 15177 3135.52 0.59 4556487 1532791.68 20.09 350 173.55 0.59 101232 64240.12 20.09 211 0 99 63722 0 29898 17.3 21.0 17.78 0.06
272700.0 310 60.3 0.55 102302 18337.35 0.55 15141 3137.7 0.59 4571628 1535929.38 20.09 310 173.46 0.59 101542 64413.58 20.09 211 0 99 63933 0 29997 17.3 21.0 17.77 0.06
273600.0 310 60.3 0.55 102612 18397.64 0.55 15141 3137.62 0.59 4586769 1539067.0 20.09 310 173.45 0.59 101852 64587.03 20.09 211 0 99 64144 0 30096 17.3 21.0 17.76 0.06
274500.0 376 60.44 0.55 102988 18458.08 0.55 15198 3136.2 0.59 4601967 1542203.21 20.09 370 173.61 0.59 102222 64760.64 20.09 211 0 99 64355 0 30195 17.3 21.0 17.76 0.06
275400.0 354 61.08 0.55 103342 18519.16 0.55 15174 3135.71 0.59 4617141 1545338.91 20.09 350 173.59 0.59 102572 64934.23 20.09 211 0 99 64566 0 30294 17.3 21.0 17.76 0.06
276300.0 310 60.3 0.55 103652 18579.46 0.55 15132 3132.87 0.59 4632273 1548471.78 20.09 310 173.45 0.59 102882 65107.68 20.09 211 0 99 64777 0 30393 17.3 21.0 17.75 0.05
277200.0 310 60.3 0.55 103962 18639.75 0.55 15135 3134.43 0.59 4647408 1551606.21 20.09 310 173.44 0.59 103192 65281.12 20.09 211 0 99 64988 0 30492 17.3 21.0 17.73 0.05
278100.0 376 60.44 0.55 104338 18700.19 0.55 15195 3134.67 0.59 4662603 1554740.89 20.09 370 173.6 0.59 103562 65454.72 20.09 211 0 99 65199 0 30591 17.3 21.0 17.73 0.05
279000.0 354 61.07 0.55 104692 18761.26 0.55 15171 3130.9 0.58 4677774 1557871.79 20.09 350 173.51 0.58 103912 65628.23 20.09 211 0 99 65410 0 30690 17.3 21.0 17.73 0.05
279900.0 310 60.3 0.55 105002 18821.56 0.55 15129 3132.69 0.59 4692903 1561004.48 20.09 310 173.47 0.59 104222 65801.7 20.09 211 0 99 65621 0 30789 17.3 21.0 17.72 0.05
280800.0 310 60.3 0.55 105312 18881.86 0.55 15131 3133.69 0.59 4708034 1564138.17 20.09 310 173.46 0.59 104532 65975.16 20.09 211 0 99 65832 0 30888 17.3 21.0 17.71 0.05
281700.0 376 60.44 0.55 105688 18942.3 0.55 15188 3133.94 0.59 4723222 1567272.12 20.09 370 173.62 0.59 104902 66148.78 20.09 211 0 99 66043 0 30987 17.3 21.0 17.71 0.05
282600.0 354 61.07 0.55 106042 19003.37 0.55 15166 3132.16 0.59 4738388 1570404.28 20.09 350 173.55 0.59 105252 66322.33 20.09 211 0 99 66254 0 31086 17.3 21.0 17.71 0.05
283500.0 310 60.29 0.55 106352 19063.66 0.55 15126 3130.02 0.58 4753514 1573534.29 20.09 310 173.43 0.58 105562 66495.76 20.09 211 0 99 66465 0 31185 17.3 21.0 17.7 0.05
284400.0 310 60.29 0.55 106662 19123.96 0.55 15127 3130.46 0.58 4768641 1576664.76 20.09 310 173.42 0.58 105872 66669.18 20.09 211 0 99 66676 0 31284 17.3 21.0 17.69 0.05
285300.0 376 60.44 0.55 107038 19184.4 0.55 15187 3130.72 0.58 4783828 1579795.48 20.09 370 173.58 0.58 106242 66842.75 20.09 211 0 99 66887 0 31383 17.3 21.0 17.69 0.05
286200.0 354 61.07 0.55 107392 19245.47 0.55 15165 3129.82 0.58 4798993 1582925.3 20.09 350 173.51 0.58 106592 67016.27 20.09 211 0 99 67098 0 31482 17.3 21.0 17.69 0.05
287100.0 310 60.3 0.55 107702 19305.76 0.55 15125 3128.83 0.58 4814118 1586054.13 20.09 310 173.41 0.58 106902 67189.68 20.09 211 0 99 67309 0 31581 17.3 21.0 17.69 0.05
288000.0 310 60.3 0.55 108012 19366.06 0.55 15125 3128.74 0.58 4829243 1589182.88 20.09 310 173.4 0.58 107212 67363.08 20.09 211 0 99 67520 0 31680 17.3 21.0 17.68 0.05
288900.0 376 60.44 0.55 108388 19426.5 0.55 15185 3128.98 0.58 4844428 1592311.86 20.09 370 173.56 0.58 107582 67536.65 20.09 211 0 99 67731 0 31779 17.3 21.0 17.68 0.05
289800.0 354 61.07 0.55 108742 19487.57 0.55 15156 3127.38 0.59 4859584 1595439.24 20.09 350 173.54 0.59 107932 67710.19 20.09 211 0 99 67942 0 31878 17.3 21.0 17.68 0.05
290700.0 310 60.3 0.55 109052 19547.87 0.55 15118 3130.74 0.59 4874702 1598569.98 20.09 310 173.49 0.59 108242 67883.68 20.09 211 0 99 68153 0 31977 17.3 21.0 17.69 0.05
291600.0 310 60.3 0.55 109362 19608.17 0.55 15119 3130.66 0.59 4889821 1601700.63 20.09 310 173.49 0.59 108552 68057.17 20.09 211 0 99 68364 0 32076 17.3 21.0 17.68 0.04
292500.0 376 60.44 0.55 109738 19668.61 0.55 15176 3130.34 0.59 4904997 1604830.98 20.09 370 173.65 0.59 108922 68230.82 20.09 211 0 99 68575 0 32175 17.3 21.0 17.68 0.04
293400.0 354 61.07 0.55 110092 19729.69 0.55 15154 3127.7 0.59 4920151 1607958.68 20.09 350 173.56 0.59 109272 68404.38 20.09 211 0 99 68786 0 32274 17.3 21.0 17.68 0.04
294300.0 310 60.3 0.55 110402 19789.98 0.55 15116 3129.33 0.59 4935267 1611088.01 20.09 310 173.47 0.59 109582 68577.85 20.09 211 0 99 68997 0 32373 17.3 21.0 17.69 0.04
295200.0 310 60.3 0.55 110712 19850.28 0.55 15111 3127.6 0.59 4950378 1614215.61 20.09 310 173.46 0.59 109892 68751.31 20.09 211 0 99 69208 0 32472 17.4 21.0 17.68 0.04
296100.0 376 60.44 0.55 111088 19910.72 0.55 15171 3127.84 0.59 4965549 1617343.44 20.09 370 173.62 0.59 110262 68924.93 20.09 211 0 99 69419 0 32571 17.4 21.0 17.68 0.04
297000.0 354 61.08 0.55 111442 19971.79 0.55 15147 3126.91 0.59 4980696 1620470.35 20.09 350 173.59 0.59 110612 69098.52 20.09 211 0 99 69630 0 32670 17.4 21.0 17.68 0.04
297900.0 310 60.3 0.55 111752 20032.09 0.55 15106 3126.34 0.59 4995802 1623596.69 20.09 310 173.49 0.59 110922 69272.01 20.09 211 0 99 69841 0 32769 17.4 21.0 17.68 0.04
298800.0 310 60.3 0.55 112062 20092.39 0.55 15108 3126.81 0.59 5010910 1626723.5 20.09 310 173.49 0.59 111232 69445.5 20.09 211 0 99 70052 0 32868 17.4 21.0 17.68 0.04
299700.0 376 60.44 0.55 112438 20152.83 0.55 15168 3127.04 0.59 5026078 1629850.54 20.09 370 173.65 0.59 111602 69619.15 20.09 211 0 99 70263 0 32967 17.4 21.0 17.68 0.04
300600.0 354 61.08 0.55 112792 20213.91 0.55 15143 3126.36 0.59 5041221 1632976.9 20.09 350 173.59 0.59 111952 69792.74 20.09 211 0 99 70474 0 33066 17.4 21.0 17.68 0.04
301500.0 310 60.3 0.55 113102 20274.21 0.55 15107 3124.95 0.59 5056328 1636101.85 20.09 310 173.45 0.59 112262 69966.19 20.09 211 0 99 70685 0 33165 17.4 21.0 17.69 0.04
302400.0 310 60.3 0.55 113412 20334.5 0.55 15106 3123.76 0.59 5071434 1639225.61 20.09 310 173.45 0.59 112572 70139.64 20.09 211 0 99 70896 0 33264 17.4 21.0 17.68 0.04
303300.0 376 60.44 0.55 113788 20394.94 0.55 15164 3122.9 0.59 5086598 1642348.51 20.09 370 173.61 0.59 112942 70313.25 20.09 211 0 99 71107 0 33363 17.4 21.0 17.68 0.04
304200.0 354 61.07 0.55 114142 20456.02 0.55 15139 3120.3 0.59 5101737 1645468.81 20.09 350 173.52 0.59 113292 70486.77 20.09 211 0 99 71318 0 33462 17.4 21.0 17.68 0.04
305100.0 310 60.3 0.55 114452 20516.31 0.55 15105 3125.54 0.59 5116842 1648594.35 20.09 310 173.47 0.59 113602 70660.24 20.09 211 0 99 71529 0 33561 17.4 21.0 17.69 0.04
306000.0 310 60.3 0.55 114762 20576.61 0.55 15105 3125.44 0.59 5131947 1651719.79 20.09 310 173.46 0.59 113912 70833.7 20.09 211 0 99 71740 0 33660 17.4 21.0 17.68 0.04
306900.0 376 60.44 0.55 115138 20637.05 0.55 15165 3125.69 0.59 5147112 1654845.49 20.09 370 173.62 0.59 114282 71007.32 20.09 211 0 99 71951 0 33759 17.4 21.0 17.68 0.04
307800.0 354 61.08 0.55 115492 20698.13 0.55 15135 3122.51 0.59 5162247 1657967.99 20.09 350 173.59 0.59 114632 71180.91 20.09 211 0 99 72162 0 33858 17.4 21.0 17.68 0.04
308700.0 310 60.3 0.55 115802 20758.43 0.55 15097 3122.49 0.59 5177344 1661090.48 20.09 310 173.49 0.59 114942 71354.4 20.09 211 0 99 72373 0 33957 17.4 21.0 17.7 0.04
309600.0 310 60.3 0.55 116112 20818.72 0.55 15096 3121.86 0.59 5192440 1664212.34 20.09 310 173.49 0.59 115252 71527.89 20.09 211 0 99 72584 0 34056 17.4 21.0 17.69 0.04
310500.0 376 60.44 0.55 116488 20879.17 0.55 15155 3122.09 0.59 5207595 1667334.43 20.09 370 173.65 0.59 115622 71701.54 20.09 211 0 99 72795 0 34155 17.4 21.0 17.69 0.04
311400.0 354 61.07 0.55 116842 20940.24 0.55 15125 3117.25 0.59 5222720 1670451.69 20.09 350 173.56 0.59 115972 71875.1 20.09 211 0 99 73006 0 34254 17.4 21.0 17.69 0.04
312300.0 310 60.3 0.55 117152 21000.54 0.55 15095 3121.63 0.59 5237815 1673573.32 20.09 310 173.47 0.59 116282 72048.57 20.09 211 0 99 73217 0 34353 17.4 21.0 17.7 0.05
313200.0 310 60.3 0.55 117462 21060.83 0.55 15093 3121.0 0.59 5252908 1676694.32 20.09 310 173.46 0.59 116592 72222.03 20.09 211 0 99 73428 0 34452 17.4 21.0 17.71 0.05
314100.0 376 60.44 0.55 117838 21121.27 0.55 15147 3117.94 0.59 5268055 1679812.25 20.09 370 173.62 0.59 116962 72395.65 20.09 211 0 99 73639 0 34551 17.3 21.0 17.71 0.05
315000.0 354 61.08 0.55 118192 21182.35 0.55 15115 3114.26 0.59 5283170 1682926.51 20.09 350 173.59 0.59 117312 72569.24 20.09 211 0 99 73850 0 34650 17.3 21.0 17.71 0.05
315900.0 310 60.3 0.55 118502 21242.65 0.55 15076 3111.97 0.59 5298246 1686038.48 20.09 310 173.45 0.59 117622 72742.68 20.09 211 0 99 74061 0 34749 17.3 21.0 17.72 0.05
316800.0 310 60.3 0.55 118812 21302.94 0.55 15071 3110.23 0.59 5313317 1689148.71 20.09 310 173.44 0.59 117932 72916.13 20.09 211 0 99 74272 0 34848 17.3 21.0 17.72 0.05
317700.0 376 60.44 0.55 119188 21363.38 0.55 15126 3109.37 0.59 5328443 1692258.08 20.09 370 173.6 0.59 118302 73089.73 20.09 211 0 99 74483 0 34947 17.3 21.0 17.72 0.05
318600.0 354 61.07 0.55 119542 21424.46 0.55 15100 3107.58 0.59 5343543 1695365.66 20.09 350 173.54 0.59 118652 73263.27 20.09 211 0 99 74694 0 35046 17.3 21.0 17.72 0.05
319500.0 310 60.3 0.55 119852 21484.76 0.55 15070 3114.24 0.59 5358613 1698479.9 20.09 310 173.49 0.59 118962 73436.77 20.09 211 0 99 74905 0 35145 17.3 21.0 17.73 0.05
320400.0 310 60.3 0.55 120162 21545.05 0.55 15067 3112.51 0.59 5373680 1701592.41 20.09 310 173.49 0.59 119272 73610.26 20.09 211 0 99 75116 0 35244 17.3 21.0 17.72 0.05
321300.0 376 60.44 0.55 120538 21605.5 0.55 15124 3112.19 0.59 5388804 1704704.6 20.09 370 173.65 0.59 119642 73783.9 20.09 211 0 99 75327 0 35343 17.3 21.0 17.72 0.05
322200.0 354 61.07 0.55 120892 21666.57 0.55 15088 3099.01 0.58 5403892 1707803.61 20.09 350 173.47 0.58 119992 73957.37 20.09 211 0 99 75538 0 35442 17.3 21.0 17.72 0.05
323100.0 310 60.29 0.55 121202 21726.86 0.55 15055 3099.8 0.58 5418947 1710903.41 20.09 310 173.33 0.58 120302 74130.7 20.09 211 0 99 75749 0 35541 17.3 21.0 17.73 0.05
324000.0 310 60.29 0.55 121512 21787.15 0.55 15063 3103.56 0.58 5434010 1714006.97 20.09 310 173.33 0.58 120612 74304.03 20.09 211 0 99 75960 0 35640 17.3 21.0 17.74 0.06
324900.0 376 60.44 0.55 121888 21847.59 0.55 15123 3103.8 0.58 5449133 1717110.77 20.09 370 173.48 0.58 120982 74477.51 20.09 211 0 99 76171 0 35739 17.3 21.0 17.74 0.06
325800.0 354 61.07 0.55 122242 21908.66 0.55 15091 3104.61 0.59 5464224 1720215.38 20.09 350 173.55 0.59 121332 74651.06 20.09 211 0 99 76382 0 35838 17.3 21.0 17.74 0.06
326700.0 310 60.3 0.55 122552 21968.96 0.55 15056 3108.74 0.59 5479280 1723324.12 20.09 310 173.49 0.59 121642 74824.56 20.09 211 0 99 76593 0 35937 17.3 21.0 17.75 0.06
327600.0 310 60.3 0.55 122862 22029.26 0.55 15054 3108.66 0.59 5494334 1726432.77 20.09 310 173.49 0.59 121952 74998.05 20.09 211 0 99 76804 0 36036 17.3 21.0 17.75 0.06
328500.0 376 60.44 0.55 123238 22089.7 0.55 15113 3108.34 0.59 5509447 1729541.12 20.09 370 173.65 0.59 122322 75171.7 20.09 211 0 99 77015 0 36135 17.2 21.0 17.75 0.06
329400.0 354 61.08 0.55 123592 22150.78 0.55 15073 3100.51 0.59 5524520 1732641.62 20.09 350 173.59 0.59 122672 75345.29 20.09 211 0 99 77226 0 36234 17.2 21.0 17.75 0.06
330300.0 310 60.3 0.55 123902 22211.07 0.55 15044 3105.44 0.59 5539564 1735747.07 20.09 310 173.49 0.59 122982 75518.78 20.09 211 0 99 77437 0 36333 17.2 21.0 17.77 0.06
331200.0 310 60.3 0.55 124212 22271.37 0.55 15042 3104.26 0.59 5554606 1738851.32 20.09 310 173.49 0.59 123292 75692.27 20.09 211 0 99 77648 0 36432 17.2 21.0 17.77 0.06
332100.0 376 60.44 0.55 124588 22331.81 0.55 15098 3102.84 0.59 5569704 1741954.16 20.09 370 173.65 0.59 123662 75865.92 20.09 211 0 99 77859 0 36531 17.2 21.0 17.77 0.06
333000.0 354 61.07 0.55 124942 22392.89 0.55 15047 3089.24 0.59 5584751 1745043.41 20.09 350 173.56 0.59 124012 76039.48 20.09 211 0 99 78070 0 36630 17.2 21.0 17.77 0.06
333900.0 310 60.3 0.55 125252 22453.19 0.55 15000 3085.94 0.59 5599751 1748129.35 20.09 310 173.47 0.59 124322 76212.95 20.09 211 0 99 78281 0 36729 17.2 21.0 17.77 0.07
334800.0 310 60.3 0.55 125562 22513.48 0.55 15003 3088.04 0.59 5614754 1751217.39 20.09 310 173.46 0.59 124632 76386.41 20.09 211 0 99 78492 0 36828 17.2 21.0 17.77 0.07
335700.0 376 60.44 0.55 125938 22573.92 0.55 15053 3084.99 0.59 5629807 1754302.39 20.09 370 173.62 0.59 125002 76560.03 20.09 211 0 99 78703 0 36927 17.2 21.0 17.77 0.07
336600.0 354 61.08 0.55 126292 22635.0 0.55 15016 3079.61 0.59 5644823 1757381.99 20.09 350 173.59 0.59 125352 76733.62 20.09 211 0 99 78914 0 37026 17.2 21.0 17.77 0.07
337500.0 310 60.3 0.55 126602 22695.3 0.55 14985 3081.24 0.59 5659808 1760463.23 20.09 310 173.49 0.59 125662 76907.11 20.09 211 0 99 79125 0 37125 17.2 21.0 17.78 0.07
338400.0 310 60.3 0.55 126912 22755.6 0.55 14990 3082.26 0.59 5674798 1763545.49 20.09 310 173.49 0.59 125972 77080.6 20.09 211 0 99 79336 0 37224 17.2 21.0 17.79 0.07
339300.0 376 60.44 0.55 127288 22816.04 0.55 15043 3080.84 0.59 5689841 1766626.33 20.09 370 173.65 0.59 126342 77254.25 20.09 211 0 99 79547 0 37323 17.2 21.0 17.79 0.07
340200.0 354 61.07 0.55 127642 22877.11 0.55 14992 3067.32 0.59 5704833 1769693.66 20.09 350 173.55 0.59 126692 77427.8 20.09 211 0 99 79758 0 37422 17.2 21.0 17.79 0.07
341100.0 310 60.3 0.55 127952 22937.41 0.55 14943 3066.2 0.59 5719776 1772759.86 20.09 310 173.46 0.59 127002 77601.26 20.09 211 0 99 79969 0 37521 17.2 21.0 17.8 0.07
342000.0 310 60.3 0.55 128262 22997.71 0.55 14940 3065.57 0.59 5734716 1775825.43 20.09 310 173.45 0.59 127312 77774.71 20.09 211 0 99 80180 0 37620 17.2 21.0 17.8 0.07
342900.0 376 60.44 0.55 128638 23058.14 0.55 14993 3062.5 0.59 5749709 1778887.93 20.09 370 173.61 0.59 127682 77948.32 20.09 211 0 99 80391 0 37719 17.2 21.0 17.8 0.07
343800.0 354 61.07 0.55 128992 23119.21 0.55 14958 3054.95 0.58 5764667 1781942.88 20.09 350 173.53 0.58 128032 78121.84 20.09 211 0 99 80602 0 37818 17.2 21.0 17.8 0.07
344700.0 310 60.3 0.55 129302 23179.51 0.55 14924 3056.02 0.58 5779591 1784998.91 20.09 310 173.43 0.58 128342 78295.27 20.09 211 0 99 80813 0 37917 17.2 21.0 17.8 0.08
345600.0 310 60.3 0.55 129612 23239.81 0.55 14921 3054.3 0.58 5794512 1788053.21 20.09 310 173.42 0.58 128652 78468.7 20.09 211 0 99 81024 0 38016 17.2 21.0 17.8 0.08
