# seed = 4, gamma = 1.0, beta = 0.66, dee = 0.1, dcc = 100.0, dec = 300.0, dsCnd = 150.0, dLocalhost = 0.02, hostBroker = CLOUD 
#
# The columns have the following meaning: 
# instant[SECONDS] commCountUploadPartial delaySumUploadPartial[SECONDS] delayMaxUploadPartial[SECONDS] commCountUploadTot delaySumUploadTot[SECONDS] delayMaxUploadTot[SECONDS] commCountDownloadPartial delaySumDownloadPartial[SECONDS] delayMaxDownloadPartial[SECONDS] commCountDownloadTot delaySumDownloadTot[SECONDS] delayMaxDownloadTot[SECONDS] commCountDownloadMaxPartial delaySumDownloadMaxPartial[SECONDS] delayMaxDownloadMaxPartial[SECONDS] commCountDownloadMaxTot delaySumDownloadMaxTot[SECONDS] delayMaxDownloadMaxTot[SECONDS] runOnCloudPartial runOnEdgePartial runOnSmartphonePartial runOnCloudTot runOnEdgeTot runOnSmartphoneTot minTemp maxTemp avgTemp varianceTemp
0.0 0 0.0 0.0 0 0.0 0.0 0 0.0 0.0 0 0.0 0.0 0 0.0 0.0 0 0.0 0.0 0 0 0 0 0 0 17.0 25.0 21.0 0.0
900.0 376 100.62 0.45 376 100.62 0.45 15178 4940.55 0.48 15178 4940.55 0.48 370 141.82 0.48 370 141.82 0.48 102 10 198 102 10 198 18.9 21.0 19.37 0.77
1800.0 356 101.35 0.46 732 201.97 0.46 15458 147662.9 19.9 30636 152603.44 19.9 352 3036.99 19.9 722 3178.81 19.9 102 10 198 204 20 396 18.7 21.0 18.9 0.01
2700.0 310 100.52 0.46 1042 302.49 0.46 15115 4957.7 0.48 45751 157561.14 19.9 310 142.18 0.48 1032 3320.99 19.9 102 10 198 306 30 594 17.6 21.0 18.31 0.08
3600.0 310 100.52 0.46 1352 403.01 0.46 15112 4956.33 0.48 60863 162517.47 19.9 310 142.18 0.48 1342 3463.17 19.9 102 10 198 408 40 792 17.6 21.0 18.24 0.07
4500.0 376 100.66 0.46 1728 503.67 0.46 15171 4956.36 0.48 76034 167473.83 19.9 370 142.18 0.48 1712 3605.35 19.9 102 10 198 510 50 990 17.6 21.0 18.24 0.07
5400.0 356 101.36 0.46 2084 605.03 0.46 15473 11099.16 19.94 91507 178572.99 19.94 352 162.15 19.94 2064 3767.5 19.94 102 10 198 612 60 1188 17.6 21.0 18.24 0.07
6300.0 310 100.52 0.46 2394 705.55 0.46 15139 4970.34 0.49 106646 183543.32 19.94 310 142.3 0.49 2374 3909.8 19.94 102 10 198 714 70 1386 17.6 21.0 18.24 0.07
7200.0 310 100.52 0.46 2704 806.07 0.46 15137 4969.87 0.49 121783 188513.19 19.94 310 142.3 0.49 2684 4052.1 19.94 102 10 198 816 80 1584 17.6 21.0 18.26 0.06
8100.0 376 100.67 0.46 3080 906.74 0.46 15194 4969.44 0.49 136977 193482.63 19.94 370 142.3 0.49 3054 4194.39 19.94 102 10 198 918 90 1782 17.6 21.0 18.26 0.06
9000.0 356 101.35 0.46 3436 1008.09 0.46 15492 11114.65 19.97 152469 204597.29 19.97 352 162.19 19.97 3406 4356.58 19.97 102 10 198 1020 100 1980 17.6 21.0 18.26 0.06
9900.0 310 100.52 0.46 3746 1108.61 0.46 15156 4968.1 0.48 167625 209565.38 19.97 310 142.22 0.48 3716 4498.81 19.97 102 10 198 1122 110 2178 17.6 21.0 18.23 0.06
10800.0 310 100.52 0.46 4056 1209.13 0.46 15161 4969.02 0.48 182786 214534.4 19.97 310 142.23 0.48 4026 4641.03 19.97 102 10 198 1224 120 2376 17.6 21.0 18.16 0.07
11700.0 376 100.66 0.46 4432 1309.79 0.46 15221 4969.0 0.48 198007 219503.41 19.97 370 142.22 0.48 4396 4783.26 19.97 102 10 198 1326 130 2574 17.6 21.0 18.16 0.07
12600.0 354 101.3 0.46 4786 1411.09 0.46 15175 4966.21 0.49 213182 224469.62 19.97 350 142.28 0.49 4746 4925.54 19.97 102 10 198 1428 140 2772 17.6 21.0 18.16 0.07
13500.0 310 100.52 0.46 5096 1511.61 0.46 15101 4961.24 0.49 228283 229430.86 19.97 310 142.27 0.49 5056 5067.8 19.97 102 10 198 1530 150 2970 17.6 21.0 18.15 0.07
14400.0 310 100.52 0.46 5406 1612.14 0.46 15105 4962.15 0.49 243388 234393.01 19.97 310 142.27 0.49 5366 5210.07 19.97 102 10 198 1632 160 3168 17.6 21.0 18.14 0.07
15300.0 376 100.67 0.46 5782 1712.8 0.46 15165 4962.14 0.49 258553 239355.15 19.97 370 142.27 0.49 5736 5352.34 19.97 102 10 198 1734 170 3366 17.6 21.0 18.14 0.07
16200.0 354 101.3 0.46 6136 1814.1 0.46 15136 4959.35 0.49 273689 244314.5 19.97 350 142.25 0.49 6086 5494.59 19.97 102 10 198 1836 180 3564 17.6 21.0 18.14 0.07
17100.0 310 100.52 0.46 6446 1914.61 0.46 15099 4957.77 0.48 288788 249272.26 19.97 310 142.2 0.48 6396 5636.8 19.97 102 10 198 1938 190 3762 17.6 21.0 18.12 0.06
18000.0 310 100.52 0.46 6756 2015.13 0.46 15100 4957.31 0.48 303888 254229.57 19.97 310 142.21 0.48 6706 5779.0 19.97 102 10 198 2040 200 3960 17.6 21.0 18.11 0.07
18900.0 376 100.66 0.46 7132 2115.79 0.46 15159 4957.32 0.48 319047 259186.89 19.97 370 142.21 0.48 7076 5921.21 19.97 102 10 198 2142 210 4158 17.6 21.0 18.11 0.07
19800.0 354 101.3 0.46 7486 2217.09 0.46 15132 4957.42 0.49 334179 264144.32 19.97 350 142.25 0.49 7426 6063.46 19.97 102 10 198 2244 220 4356 17.6 21.0 18.11 0.07
20700.0 310 100.52 0.46 7796 2317.61 0.46 15102 4958.75 0.49 349281 269103.07 19.97 310 142.23 0.49 7736 6205.69 19.97 102 10 198 2346 230 4554 17.6 21.0 18.09 0.06
21600.0 310 100.52 0.46 8106 2418.13 0.46 15101 4959.67 0.49 364382 274062.74 19.97 310 142.24 0.49 8046 6347.93 19.97 102 10 198 2448 240 4752 17.6 21.0 18.08 0.06
22500.0 376 100.66 0.46 8482 2518.79 0.46 15160 4959.65 0.49 379542 279022.39 19.97 370 142.24 0.49 8416 6490.16 19.97 102 10 198 2550 250 4950 17.6 21.0 18.08 0.06
23400.0 354 101.3 0.46 8836 2620.09 0.46 15128 4960.18 0.49 394670 283982.57 19.97 350 142.29 0.49 8766 6632.45 19.97 102 10 198 2652 260 5148 17.6 21.0 18.08 0.06
24300.0 310 100.53 0.46 9146 2720.62 0.46 15084 4961.37 0.49 409754 288943.94 19.97 310 142.31 0.49 9076 6774.76 19.97 102 10 198 2754 270 5346 17.6 21.0 18.07 0.06
25200.0 310 100.53 0.46 9456 2821.14 0.46 15095 4963.64 0.49 424849 293907.57 19.97 310 142.32 0.49 9386 6917.08 19.97 102 10 198 2856 280 5544 17.5 21.0 18.05 0.06
26100.0 376 100.67 0.46 9832 2921.81 0.46 15155 4963.62 0.49 440004 298871.19 19.97 370 142.32 0.49 9756 7059.4 19.97 102 10 198 2958 290 5742 17.5 21.0 18.05 0.06
27000.0 354 101.3 0.46 10186 3023.12 0.46 15127 4961.85 0.49 455131 303833.04 19.97 350 142.33 0.49 10106 7201.72 19.97 102 10 198 3060 300 5940 17.5 21.0 18.05 0.06
27900.0 310 100.52 0.46 10496 3123.64 0.46 15088 4958.27 0.49 470219 308791.31 19.97 310 142.27 0.49 10416 7343.99 19.97 102 10 198 3162 310 6138 17.5 21.0 18.02 0.06
28800.0 310 100.52 0.46 10806 3224.16 0.46 15096 4960.09 0.49 485315 313751.4 19.97 310 142.27 0.49 10726 7486.27 19.97 102 10 198 3264 320 6336 17.5 21.0 18.01 0.06
29700.0 376 100.67 0.46 11182 3324.83 0.46 15155 4960.07 0.49 500470 318711.47 19.97 370 142.27 0.49 11096 7628.54 19.97 102 10 198 3366 330 6534 17.5 21.0 18.01 0.06
30600.0 354 101.3 0.46 11536 3426.13 0.46 15118 4958.3 0.49 515588 323669.77 19.97 350 142.28 0.49 11446 7770.82 19.97 102 10 198 3468 340 6732 17.5 21.0 18.01 0.06
31500.0 310 100.53 0.46 11846 3526.65 0.46 15086 4960.92 0.49 530674 328630.69 19.97 310 142.31 0.49 11756 7913.14 19.97 102 10 198 3570 350 6930 17.5 21.0 17.98 0.06
32400.0 310 100.53 0.46 12156 3627.18 0.46 15090 4963.19 0.49 545764 333593.88 19.97 310 142.32 0.49 12066 8055.45 19.97 102 10 198 3672 360 7128 17.4 21.0 17.97 0.06
33300.0 376 100.67 0.46 12532 3727.85 0.46 15150 4963.17 0.49 560914 338557.05 19.97 370 142.32 0.49 12436 8197.77 19.97 102 10 198 3774 370 7326 17.4 21.0 17.97 0.06
34200.0 354 101.3 0.46 12886 3829.15 0.46 15112 4960.95 0.49 576026 343517.99 19.97 350 142.33 0.49 12786 8340.1 19.97 102 10 198 3876 380 7524 17.4 21.0 17.97 0.06
35100.0 310 100.53 0.46 13196 3929.68 0.46 15080 4960.47 0.49 591106 348478.46 19.97 310 142.31 0.49 13096 8482.41 19.97 102 10 198 3978 390 7722 17.4 21.0 17.95 0.06
36000.0 310 100.53 0.46 13506 4030.21 0.46 15095 4963.19 0.49 606201 353441.65 19.97 310 142.32 0.49 13406 8624.73 19.97 102 10 198 4080 400 7920 17.4 21.0 17.92 0.06
36900.0 376 100.67 0.46 13882 4130.88 0.46 15155 4963.17 0.49 621356 358404.82 19.97 370 142.32 0.49 13776 8767.05 19.97 102 10 198 4182 410 8118 17.4 21.0 17.92 0.06
37800.0 354 101.3 0.46 14236 4232.17 0.46 15116 4956.85 0.48 636472 363361.67 19.97 350 142.24 0.48 14126 8909.28 19.97 102 10 198 4284 420 8316 17.4 21.0 17.92 0.06
38700.0 310 100.52 0.46 14546 4332.69 0.46 15079 4956.83 0.48 651551 368318.49 19.97 310 142.22 0.48 14436 9051.51 19.97 102 10 198 4386 430 8514 17.4 21.0 17.9 0.07
39600.0 310 100.52 0.46 14856 4433.21 0.46 15089 4959.09 0.48 666640 373277.58 19.97 310 142.23 0.48 14746 9193.73 19.97 102 10 198 4488 440 8712 17.3 21.0 17.89 0.07
40500.0 376 100.66 0.46 15232 4533.87 0.46 15147 4958.63 0.48 681787 378236.21 19.97 370 142.22 0.48 15116 9335.95 19.97 102 10 198 4590 450 8910 17.3 21.0 17.89 0.07
41400.0 354 101.3 0.46 15586 4635.18 0.46 15110 4960.5 0.49 696897 383196.71 19.97 350 142.33 0.49 15466 9478.28 19.97 102 10 198 4692 460 9108 17.3 21.0 17.89 0.07
42300.0 310 100.52 0.46 15896 4735.7 0.46 15086 4959.26 0.49 711983 388155.96 19.97 310 142.27 0.49 15776 9620.55 19.97 102 10 198 4794 470 9306 17.3 21.0 17.86 0.07
43200.0 310 100.52 0.46 16206 4836.22 0.46 15089 4960.17 0.49 727072 393116.14 19.97 310 142.27 0.49 16086 9762.83 19.97 102 10 198 4896 480 9504 17.2 21.0 17.85 0.08
44100.0 376 100.67 0.46 16582 4936.89 0.46 15148 4960.16 0.49 742220 398076.29 19.97 370 142.27 0.49 16456 9905.1 19.97 102 10 198 4998 490 9702 17.2 21.0 17.85 0.08
45000.0 354 101.3 0.46 16936 5038.19 0.46 15100 4956.58 0.49 757320 403032.88 19.97 350 142.29 0.49 16806 10047.39 19.97 102 10 198 5100 500 9900 17.2 21.0 17.85 0.08
45900.0 310 100.52 0.46 17246 5138.71 0.46 15072 4957.96 0.49 772392 407990.83 19.97 310 142.27 0.49 17116 10189.66 19.97 102 10 198 5202 510 10098 17.2 21.0 17.82 0.09
46800.0 310 100.52 0.46 17556 5239.24 0.46 15082 4960.22 0.49 787474 412951.06 19.97 310 142.28 0.49 17426 10331.94 19.97 102 10 198 5304 520 10296 17.2 21.0 17.81 0.09
47700.0 376 100.67 0.46 17932 5339.9 0.46 15142 4960.21 0.49 802616 417911.27 19.97 370 142.27 0.49 17796 10474.21 19.97 102 10 198 5406 530 10494 17.2 21.0 17.81 0.09
48600.0 354 101.3 0.46 18286 5441.2 0.46 15099 4957.54 0.49 817715 422868.8 19.97 350 142.29 0.49 18146 10616.5 19.97 102 10 198 5508 540 10692 17.2 21.0 17.81 0.09
49500.0 310 100.53 0.46 18596 5541.73 0.46 15076 4960.01 0.49 832791 427828.82 19.97 310 142.31 0.49 18456 10758.81 19.97 102 10 198 5610 550 10890 17.2 21.0 17.78 0.1
50400.0 310 100.53 0.46 18906 5642.25 0.46 15096 4963.19 0.49 847887 432792.0 19.97 310 142.32 0.49 18766 10901.13 19.97 102 10 198 5712 560 11088 17.1 21.0 17.76 0.1
51300.0 376 100.67 0.46 19282 5742.92 0.46 15156 4963.17 0.49 863043 437755.17 19.97 370 142.32 0.49 19136 11043.44 19.97 102 10 198 5814 570 11286 17.1 21.0 17.76 0.1
52200.0 354 101.3 0.46 19636 5844.23 0.46 15109 4960.5 0.49 878152 442715.67 19.97 350 142.33 0.49 19486 11185.77 19.97 102 10 198 5916 580 11484 17.1 21.0 17.76 0.1
53100.0 310 100.53 0.46 19946 5944.75 0.46 15060 4959.12 0.49 893212 447674.79 19.97 310 142.31 0.49 19796 11328.09 19.97 102 10 198 6018 590 11682 17.1 21.0 17.75 0.11
54000.0 310 100.53 0.46 20256 6045.28 0.46 15066 4960.03 0.49 908278 452634.82 19.97 310 142.32 0.49 20106 11470.41 19.97 102 10 198 6120 600 11880 17.1 21.0 17.74 0.11
54900.0 376 100.67 0.46 20632 6145.95 0.46 15125 4960.02 0.49 923403 457594.84 19.97 370 142.32 0.49 20476 11612.72 19.97 102 10 198 6222 610 12078 17.1 21.0 17.74 0.11
55800.0 354 101.3 0.46 20986 6247.25 0.46 15094 4958.25 0.49 938497 462553.09 19.97 350 142.33 0.49 20826 11755.05 19.97 102 10 198 6324 620 12276 17.1 21.0 17.74 0.11
56700.0 310 100.53 0.46 21296 6347.78 0.46 15070 4960.47 0.49 953567 467513.56 19.97 310 142.31 0.49 21136 11897.36 19.97 102 10 198 6426 630 12474 17.1 21.0 17.72 0.12
57600.0 310 100.53 0.46 21606 6448.31 0.46 15077 4961.84 0.49 968644 472475.39 19.97 310 142.32 0.49 21446 12039.68 19.97 102 10 198 6528 640 12672 17.1 21.0 17.7 0.12
58500.0 376 100.67 0.46 21982 6548.98 0.46 15137 4961.82 0.49 983781 477437.21 19.97 370 142.32 0.49 21816 12182.0 19.97 102 10 198 6630 650 12870 17.1 21.0 17.7 0.12
59400.0 354 101.3 0.46 22336 6650.28 0.46 15087 4955.41 0.49 998868 482392.62 19.97 350 142.28 0.49 22166 12324.28 19.97 102 10 198 6732 660 13068 17.1 21.0 17.7 0.12
60300.0 310 100.52 0.46 22646 6750.8 0.46 15059 4956.74 0.49 1013927 487349.36 19.97 310 142.27 0.49 22476 12466.54 19.97 102 10 198 6834 670 13266 17.0 21.0 17.68 0.13
61200.0 310 100.52 0.46 22956 6851.32 0.46 15073 4957.65 0.49 1029000 492307.01 19.97 310 142.27 0.49 22786 12608.81 19.97 102 10 198 6936 680 13464 17.0 21.0 17.67 0.13
62100.0 376 100.67 0.46 23332 6951.99 0.46 15131 4957.64 0.49 1044131 497264.65 19.97 370 142.27 0.49 23156 12751.08 19.97 102 10 198 7038 690 13662 17.0 21.0 17.67 0.13
63000.0 354 101.29 0.46 23686 7053.28 0.46 15091 4951.83 0.48 1059222 502216.49 19.97 350 142.22 0.48 23506 12893.3 19.97 102 10 198 7140 700 13860 17.0 21.0 17.67 0.13
63900.0 310 100.51 0.46 23996 7153.8 0.46 15063 4952.39 0.48 1074285 507168.87 19.97 310 142.17 0.48 23816 13035.47 19.97 102 10 198 7242 710 14058 17.0 21.0 17.66 0.14
64800.0 310 100.51 0.46 24306 7254.31 0.46 15067 4953.74 0.48 1089352 512122.61 19.97 310 142.17 0.48 24126 13177.64 19.97 102 10 198 7344 720 14256 17.0 21.0 17.65 0.14
65700.0 376 100.65 0.46 24682 7354.96 0.46 15127 4953.74 0.48 1104479 517076.35 19.97 370 142.17 0.48 24496 13319.81 19.97 102 10 198 7446 730 14454 17.0 21.0 17.65 0.14
66600.0 354 101.29 0.46 25036 7456.25 0.46 15084 4951.2 0.48 1119563 522027.56 19.97 350 142.19 0.48 24846 13462.0 19.97 102 10 198 7548 740 14652 17.0 21.0 17.65 0.14
67500.0 310 100.51 0.46 25346 7556.76 0.46 15039 4947.65 0.48 1134602 526975.2 19.97 310 142.13 0.48 25156 13604.12 19.97 102 10 198 7650 750 14850 17.0 21.0 17.64 0.15
68400.0 310 100.51 0.46 25656 7657.27 0.46 15046 4948.54 0.48 1149648 531923.75 19.97 310 142.13 0.48 25466 13746.25 19.97 102 10 198 7752 760 15048 17.0 21.0 17.63 0.15
69300.0 376 100.65 0.46 26032 7757.92 0.46 15106 4948.54 0.48 1164754 536872.29 19.97 370 142.13 0.48 25836 13888.38 19.97 102 10 198 7854 770 15246 17.0 21.0 17.63 0.15
70200.0 354 101.29 0.46 26386 7859.21 0.46 15079 4948.59 0.48 1179833 541820.88 19.97 350 142.18 0.48 26186 14030.56 19.97 102 10 198 7956 780 15444 17.0 21.0 17.63 0.15
71100.0 310 100.51 0.46 26696 7959.73 0.46 15048 4948.97 0.48 1194881 546769.85 19.97 310 142.16 0.48 26496 14172.72 19.97 102 10 198 8058 790 15642 17.0 21.0 17.63 0.15
72000.0 310 100.51 0.46 27006 8060.24 0.46 15052 4950.32 0.48 1209933 551720.17 19.97 310 142.17 0.48 26806 14314.89 19.97 102 10 198 8160 800 15840 17.0 21.0 17.62 0.16
72900.0 376 100.65 0.46 27382 8160.89 0.46 15107 4948.52 0.48 1225040 556668.69 19.97 370 142.16 0.48 27176 14457.06 19.97 102 10 198 8262 810 16038 17.0 21.0 17.62 0.16
73800.0 354 101.29 0.46 27736 8262.18 0.46 15075 4947.63 0.48 1240115 561616.32 19.97 350 142.18 0.48 27526 14599.23 19.97 102 10 198 8364 820 16236 17.0 21.0 17.62 0.16
74700.0 310 100.52 0.46 28046 8362.7 0.46 15037 4950.64 0.48 1255152 566566.96 19.97 310 142.21 0.48 27836 14741.44 19.97 102 10 198 8466 830 16434 17.0 21.0 17.61 0.16
75600.0 310 100.52 0.46 28356 8463.22 0.46 15036 4950.19 0.48 1270188 571517.15 19.97 310 142.21 0.48 28146 14883.65 19.97 102 10 198 8568 840 16632 17.0 21.0 17.6 0.16
76500.0 376 100.66 0.46 28732 8563.88 0.46 15096 4950.19 0.48 1285284 576467.34 19.97 370 142.21 0.48 28516 15025.86 19.97 102 10 198 8670 850 16830 17.0 21.0 17.6 0.16
77400.0 354 101.29 0.46 29086 8665.17 0.46 15066 4946.1 0.48 1300350 581413.44 19.97 350 142.18 0.48 28866 15168.04 19.97 102 10 198 8772 860 17028 17.0 21.0 17.6 0.16
78300.0 310 100.51 0.46 29396 8765.68 0.46 15026 4946.54 0.48 1315376 586359.98 19.97 310 142.17 0.48 29176 15310.21 19.97 102 10 198 8874 870 17226 17.0 21.0 17.6 0.16
79200.0 310 100.51 0.46 29706 8866.19 0.46 15032 4947.44 0.48 1330408 591307.42 19.97 310 142.17 0.48 29486 15452.38 19.97 102 10 198 8976 880 17424 17.0 21.0 17.6 0.16
80100.0 376 100.65 0.46 30082 8966.85 0.46 15092 4947.44 0.48 1345500 596254.86 19.97 370 142.17 0.48 29856 15594.55 19.97 102 10 198 9078 890 17622 17.0 21.0 17.6 0.16
81000.0 354 101.29 0.46 30436 9068.14 0.46 15058 4946.54 0.48 1360558 601201.4 19.97 350 142.2 0.48 30206 15736.75 19.97 102 10 198 9180 900 17820 17.0 21.0 17.6 0.16
81900.0 310 100.52 0.46 30746 9168.66 0.46 15019 4948.12 0.48 1375577 606149.52 19.97 310 142.24 0.48 30516 15878.99 19.97 102 10 198 9282 910 18018 17.0 21.0 17.59 0.15
82800.0 310 100.52 0.46 31056 9269.18 0.46 15019 4948.13 0.48 1390596 611097.65 19.97 310 142.24 0.48 30826 16021.23 19.97 102 10 198 9384 920 18216 17.0 21.0 17.59 0.15
83700.0 376 100.66 0.46 31432 9369.84 0.46 15075 4947.67 0.48 1405671 616045.32 19.97 370 142.24 0.48 31196 16163.47 19.97 102 10 198 9486 930 18414 17.0 21.0 17.59 0.15
84600.0 354 101.3 0.46 31786 9471.14 0.46 15050 4947.24 0.48 1420721 620992.56 19.97 350 142.25 0.48 31546 16305.72 19.97 102 10 198 9588 940 18612 17.0 21.0 17.59 0.15
85500.0 310 100.52 0.46 32096 9571.65 0.46 15015 4946.51 0.48 1435736 625939.07 19.97 310 142.2 0.48 31856 16447.92 19.97 102 10 198 9690 950 18810 17.0 21.0 17.6 0.14
86400.0 310 100.52 0.46 32406 9672.17 0.46 15015 4946.52 0.48 1450751 630885.58 19.97 310 142.2 0.48 32166 16590.12 19.97 102 10 198 9792 960 19008 17.0 21.0 17.6 0.14
87300.0 376 100.66 0.46 32782 9772.83 0.46 15075 4946.51 0.48 1465826 635832.09 19.97 370 142.2 0.48 32536 16732.32 19.97 102 10 198 9894 970 19206 17.0 21.0 17.6 0.14
88200.0 354 101.3 0.46 33136 9874.13 0.46 15045 4948.98 0.49 1480871 640781.08 19.97 350 142.29 0.49 32886 16874.6 19.97 102 10 198 9996 980 19404 17.0 21.0 17.6 0.14
89100.0 310 100.53 0.46 33446 9974.66 0.46 15063 4959.11 0.49 1495934 645740.19 19.97 310 142.31 0.49 33196 17016.92 19.97 102 10 198 10098 990 19602 17.1 21.0 17.62 0.11
90000.0 310 100.53 0.46 33756 10075.18 0.46 15097 4963.19 0.49 1511031 650703.37 19.97 310 142.32 0.49 33506 17159.23 19.97 102 10 198 10200 1000 19800 17.1 21.0 17.7 0.08
90900.0 376 100.67 0.46 34132 10175.85 0.46 15157 4963.17 0.49 1526188 655666.54 19.97 370 142.32 0.49 33876 17301.55 19.97 102 10 198 10302 1010 19998 17.1 21.0 17.7 0.08
91800.0 354 101.29 0.46 34486 10277.15 0.46 15111 4953.91 0.48 1541299 660620.45 19.97 350 142.21 0.48 34226 17443.76 19.97 102 10 198 10404 1020 20196 17.1 21.0 17.71 0.08
92700.0 310 100.51 0.46 34796 10377.66 0.46 15141 4961.55 0.48 1556440 665582.0 19.97 310 142.12 0.48 34536 17585.88 19.97 102 10 198 10506 1030 20394 17.1 23.8 19.22 2.12
93600.0 310 100.51 0.46 35106 10478.16 0.46 15144 4961.55 0.48 1571584 670543.54 19.97 310 142.12 0.48 34846 17728.0 19.97 102 10 198 10608 1040 20592 17.1 23.8 20.55 4.71
94500.0 376 100.65 0.46 35482 10578.82 0.46 15199 4961.1 0.48 1586783 675504.64 19.97 370 142.12 0.48 35216 17870.12 19.97 102 10 198 10710 1050 20790 17.1 23.8 20.55 4.71
95400.0 354 101.29 0.46 35836 10680.1 0.46 15173 4960.21 0.48 1601956 680464.85 19.97 350 142.13 0.48 35566 18012.25 19.97 102 10 198 10812 1060 20988 17.1 23.8 20.55 4.72
96300.0 310 100.51 0.46 36146 10780.61 0.46 15136 4959.74 0.48 1617092 685424.59 19.97 310 142.12 0.48 35876 18154.37 19.97 102 10 198 10914 1070 21186 17.4 24.0 20.94 4.53
97200.0 310 100.51 0.46 36456 10881.12 0.46 15131 4959.3 0.48 1632223 690383.89 19.97 310 142.12 0.48 36186 18296.49 19.97 102 10 198 11016 1080 21384 17.4 24.0 21.06 4.69
98100.0 376 100.65 0.46 36832 10981.77 0.46 15190 4958.85 0.48 1647413 695342.73 19.97 370 142.12 0.48 36556 18438.61 19.97 102 10 198 11118 1090 21582 17.4 24.0 21.06 4.69
99000.0 354 101.28 0.46 37186 11083.05 0.46 15168 4955.17 0.48 1662581 700297.9 19.97 350 142.06 0.48 36906 18580.67 19.97 102 10 198 11220 1100 21780 17.4 24.0 21.06 4.69
99900.0 310 100.5 0.46 37496 11183.55 0.46 15135 4956.06 0.48 1677716 705253.96 19.97 310 142.05 0.48 37216 18722.72 19.97 102 10 198 11322 1110 21978 17.7 24.0 21.37 3.91
100800.0 310 100.5 0.46 37806 11284.05 0.46 15135 4956.06 0.48 1692851 710210.01 19.97 310 142.05 0.48 37526 18864.77 19.97 102 10 198 11424 1120 22176 17.7 24.0 21.42 3.89
101700.0 376 100.64 0.46 38182 11384.7 0.46 15195 4956.06 0.48 1708046 715166.07 19.97 370 142.05 0.48 37896 19006.82 19.97 102 10 198 11526 1130 22374 17.8 24.0 21.43 3.88
102600.0 354 101.28 0.46 38536 11485.98 0.46 15163 4953.29 0.48 1723209 720119.36 19.97 350 142.05 0.48 38246 19148.86 19.97 102 10 198 11628 1140 22572 17.8 24.0 21.43 3.88
103500.0 310 100.5 0.46 38846 11586.48 0.46 15132 4955.1 0.48 1738341 725074.46 19.97 310 142.03 0.48 38556 19290.9 19.97 102 10 198 11730 1150 22770 18.2 24.0 21.67 3.12
104400.0 310 100.5 0.46 39156 11686.98 0.46 15131 4955.08 0.48 1753472 730029.54 19.97 310 142.04 0.48 38866 19432.93 19.97 102 10 198 11832 1160 22968 18.2 24.0 21.73 3.12
105300.0 376 100.64 0.46 39532 11787.62 0.46 15187 4953.75 0.48 1768659 734983.29 19.97 370 142.04 0.48 39236 19574.97 19.97 102 10 198 11934 1170 23166 18.5 24.0 21.73 3.11
106200.0 354 101.27 0.46 39886 11888.9 0.46 15164 4949.48 0.48 1783823 739932.77 19.97 350 141.98 0.48 39586 19716.95 19.97 102 10 198 12036 1180 23364 18.5 24.0 21.73 3.11
107100.0 310 100.49 0.46 40196 11989.39 0.46 15123 4947.9 0.48 1798946 744880.67 19.97 310 141.94 0.48 39896 19858.89 19.97 102 10 198 12138 1190 23562 18.8 24.0 21.73 2.86
108000.0 310 100.49 0.46 40506 12089.88 0.46 15122 4947.87 0.48 1814068 749828.54 19.97 310 141.94 0.48 40206 20000.82 19.97 102 10 198 12240 1200 23760 18.8 24.0 21.74 2.86
108900.0 376 100.63 0.46 40882 12190.51 0.46 15181 4947.9 0.48 1829249 754776.44 19.97 370 141.94 0.48 40576 20142.76 19.97 102 10 198 12342 1210 23958 18.9 24.0 21.74 2.86
109800.0 354 101.27 0.46 41236 12291.78 0.46 15160 4947.87 0.48 1844409 759724.31 19.97 350 141.94 0.48 40926 20284.7 19.97 102 10 198 12444 1220 24156 18.9 24.0 21.74 2.86
110700.0 310 100.49 0.46 41546 12392.27 0.46 15119 4947.9 0.48 1859528 764672.21 19.97 310 141.94 0.48 41236 20426.64 19.97 102 10 198 12546 1230 24354 18.9 24.0 21.63 2.79
111600.0 310 100.49 0.46 41856 12492.77 0.46 15114 4947.42 0.48 1874642 769619.63 19.97 310 141.94 0.48 41546 20568.58 19.97 102 10 198 12648 1240 24552 18.9 23.9 21.56 2.66
112500.0 376 100.63 0.46 42232 12593.4 0.46 15173 4947.45 0.48 1889815 774567.08 19.97 370 141.94 0.48 41916 20710.52 19.97 102 10 198 12750 1250 24750 18.9 23.9 21.56 2.66
113400.0 354 101.27 0.46 42586 12694.67 0.46 15152 4947.43 0.48 1904967 779514.5 19.97 350 141.95 0.48 42266 20852.47 19.97 102 10 198 12852 1260 24948 18.9 23.9 21.56 2.66
114300.0 310 100.49 0.46 42896 12795.16 0.46 15114 4947.0 0.48 1920081 784461.5 19.97 310 141.94 0.48 42576 20994.4 19.97 102 10 198 12954 1270 25146 18.9 24.0 23.33 0.17
115200.0 310 100.49 0.46 43206 12895.65 0.46 15114 4946.97 0.48 1935195 789408.47 19.97 310 141.94 0.48 42886 21136.34 19.97 102 10 198 13056 1280 25344 18.9 24.0 23.49 0.12
116100.0 376 100.63 0.46 43582 12996.29 0.46 15174 4947.0 0.48 1950369 794355.47 19.97 370 141.94 0.48 43256 21278.28 19.97 102 10 198 13158 1290 25542 21.0 24.0 23.5 0.05
117000.0 354 101.27 0.46 43936 13097.56 0.46 15153 4946.98 0.48 1965522 799302.45 19.97 350 141.95 0.48 43606 21420.23 19.97 102 10 198 13260 1300 25740 21.0 24.0 23.5 0.05
117900.0 310 100.49 0.46 44246 13198.05 0.46 15113 4947.0 0.48 1980635 804249.44 19.97 310 141.94 0.48 43916 21562.17 19.97 102 10 198 13362 1310 25938 21.0 24.0 23.56 0.04
118800.0 310 100.49 0.46 44556 13298.54 0.46 15113 4946.97 0.48 1995748 809196.41 19.97 310 141.94 0.48 44226 21704.11 19.97 102 10 198 13464 1320 26136 21.0 24.0 23.59 0.04
119700.0 376 100.63 0.46 44932 13399.17 0.46 15171 4946.55 0.48 2010919 814142.96 19.97 370 141.94 0.48 44596 21846.05 19.97 102 10 198 13566 1330 26334 21.0 24.0 23.59 0.04
120600.0 354 101.27 0.46 45286 13500.44 0.46 15151 4946.52 0.48 2026070 819089.48 19.97 350 141.94 0.48 44946 21987.98 19.97 102 10 198 13668 1340 26532 21.0 24.0 23.59 0.04
121500.0 310 100.49 0.46 45596 13600.93 0.46 15110 4946.1 0.48 2041180 824035.58 19.97 310 141.94 0.48 45256 22129.92 19.97 102 10 198 13770 1350 26730 21.0 24.0 23.63 0.03
122400.0 310 100.49 0.46 45906 13701.43 0.46 15103 4944.72 0.48 2056283 828980.3 19.97 310 141.94 0.48 45566 22271.86 19.97 102 10 198 13872 1360 26928 21.0 24.0 23.65 0.03
123300.0 376 100.63 0.46 46282 13802.06 0.46 15163 4944.75 0.48 2071446 833925.05 19.97 370 141.94 0.48 45936 22413.8 19.97 102 10 198 13974 1370 27126 21.0 24.0 23.65 0.03
124200.0 354 101.27 0.46 46636 13903.33 0.46 15143 4944.73 0.48 2086589 838869.77 19.97 350 141.95 0.48 46286 22555.75 19.97 102 10 198 14076 1380 27324 21.0 24.0 23.65 0.03
125100.0 310 100.49 0.46 46946 14003.82 0.46 15100 4944.3 0.48 2101689 843814.07 19.97 310 141.94 0.48 46596 22697.68 19.97 102 10 198 14178 1390 27522 21.0 24.0 23.69 0.03
126000.0 310 100.49 0.46 47256 14104.31 0.46 15099 4944.27 0.48 2116788 848758.34 19.97 310 141.94 0.48 46906 22839.62 19.97 102 10 198 14280 1400 27720 21.0 24.0 23.71 0.03
126900.0 376 100.63 0.46 47632 14204.95 0.46 15155 4943.4 0.48 2131943 853701.74 19.97 370 141.94 0.48 47276 22981.56 19.97 102 10 198 14382 1410 27918 21.0 24.0 23.71 0.03
127800.0 354 101.27 0.46 47986 14306.21 0.46 15133 4943.37 0.48 2147076 858645.11 19.97 350 141.94 0.48 47626 23123.5 19.97 102 10 198 14484 1420 28116 21.0 24.0 23.71 0.03
128700.0 310 100.49 0.46 48296 14406.71 0.46 15093 4943.4 0.48 2162169 863588.5 19.97 310 141.94 0.48 47936 23265.44 19.97 102 10 198 14586 1430 28314 21.0 24.0 23.74 0.03
129600.0 310 100.49 0.46 48606 14507.2 0.46 15093 4943.37 0.48 2177262 868531.87 19.97 310 141.94 0.48 48246 23407.38 19.97 102 10 198 14688 1440 28512 21.0 24.0 23.76 0.03
130500.0 376 100.63 0.46 48982 14607.83 0.46 15153 4943.4 0.48 2192415 873475.27 19.97 370 141.94 0.48 48616 23549.32 19.97 102 10 198 14790 1450 28710 21.0 24.0 23.76 0.03
131400.0 354 101.27 0.46 49336 14709.1 0.46 15132 4942.93 0.48 2207547 878418.2 19.97 350 141.95 0.48 48966 23691.26 19.97 102 10 198 14892 1460 28908 21.0 24.0 23.76 0.03
132300.0 310 100.49 0.46 49646 14809.59 0.46 15091 4942.95 0.48 2222638 883361.15 19.97 310 141.94 0.48 49276 23833.2 19.97 102 10 198 14994 1470 29106 21.0 24.0 23.78 0.03
133200.0 310 100.49 0.46 49956 14910.08 0.46 15088 4942.47 0.48 2237726 888303.61 19.97 310 141.94 0.48 49586 23975.14 19.97 102 10 198 15096 1480 29304 21.0 24.0 23.79 0.03
134100.0 376 100.63 0.46 50332 15010.72 0.46 15147 4942.05 0.48 2252873 893245.66 19.97 370 141.94 0.48 49956 24117.08 19.97 102 10 198 15198 1490 29502 21.0 24.0 23.79 0.03
135000.0 354 101.27 0.46 50686 15111.99 0.46 15127 4942.02 0.48 2268000 898187.68 19.97 350 141.94 0.48 50306 24259.02 19.97 102 10 198 15300 1500 29700 21.0 24.0 23.8 0.03
135900.0 310 100.49 0.46 50996 15212.48 0.46 15084 4942.05 0.48 2283084 903129.73 19.97 310 141.94 0.48 50616 24400.96 19.97 102 10 198 15402 1510 29898 21.0 24.0 23.82 0.03
136800.0 310 100.49 0.46 51306 15312.97 0.46 15084 4942.02 0.48 2298168 908071.75 19.97 310 141.94 0.48 50926 24542.89 19.97 102 10 198 15504 1520 30096 21.0 24.0 23.83 0.03
137700.0 376 100.63 0.46 51682 15413.61 0.46 15144 4942.05 0.48 2313312 913013.8 19.97 370 141.94 0.48 51296 24684.83 19.97 102 10 198 15606 1530 30294 21.0 24.0 23.83 0.03
138600.0 354 101.27 0.46 52036 15514.87 0.46 15121 4941.58 0.48 2328433 917955.37 19.97 350 141.95 0.48 51646 24826.78 19.97 102 10 198 15708 1540 30492 21.0 24.0 23.83 0.03
139500.0 310 100.49 0.46 52346 15615.37 0.46 15081 4941.6 0.48 2343514 922896.97 19.97 310 141.94 0.48 51956 24968.72 19.97 102 10 198 15810 1550 30690 21.0 24.0 23.84 0.03
140400.0 310 100.49 0.46 52656 15715.86 0.46 15080 4941.12 0.48 2358594 927838.09 19.97 310 141.94 0.48 52266 25110.66 19.97 102 10 198 15912 1560 30888 21.0 24.0 23.85 0.03
141300.0 376 100.63 0.46 53032 15816.49 0.46 15137 4940.7 0.48 2373731 932778.79 19.97 370 141.94 0.48 52636 25252.6 19.97 102 10 198 16014 1570 31086 21.0 24.0 23.85 0.03
142200.0 354 101.27 0.46 53386 15917.76 0.46 15117 4940.67 0.48 2388848 937719.46 19.97 350 141.94 0.48 52986 25394.54 19.97 102 10 198 16116 1580 31284 21.0 24.0 23.85 0.03
143100.0 310 100.49 0.46 53696 16018.25 0.46 15077 4940.7 0.48 2403925 942660.15 19.97 310 141.94 0.48 53296 25536.47 19.97 102 10 198 16218 1590 31482 21.0 24.0 23.87 0.03
144000.0 310 100.49 0.46 54006 16118.74 0.46 15075 4940.22 0.48 2419000 947600.37 19.97 310 141.94 0.48 53606 25678.41 19.97 102 10 198 16320 1600 31680 21.0 24.0 23.88 0.03
144900.0 376 100.63 0.46 54382 16219.38 0.46 15135 4940.25 0.48 2434135 952540.62 19.97 370 141.94 0.48 53976 25820.35 19.97 102 10 198 16422 1610 31878 21.0 24.0 23.88 0.03
145800.0 354 101.27 0.46 54736 16320.65 0.46 15115 4940.23 0.48 2449250 957480.85 19.97 350 141.95 0.48 54326 25962.3 19.97 102 10 198 16524 1620 32076 21.0 24.0 23.88 0.03
146700.0 310 100.49 0.46 55046 16421.14 0.46 15066 4939.35 0.48 2464316 962420.2 19.97 310 141.94 0.48 54636 26104.24 19.97 102 10 198 16626 1630 32274 21.0 24.0 23.88 0.03
147600.0 310 100.49 0.46 55356 16521.63 0.46 15066 4939.32 0.48 2479382 967359.51 19.97 310 141.94 0.48 54946 26246.17 19.97 102 10 198 16728 1640 32472 21.0 24.0 23.88 0.03
148500.0 376 100.63 0.46 55732 16622.26 0.46 15126 4939.35 0.48 2494508 972298.86 19.97 370 141.94 0.48 55316 26388.11 19.97 102 10 198 16830 1650 32670 21.0 24.0 23.88 0.03
149400.0 354 101.27 0.46 56086 16723.53 0.46 15105 4939.32 0.48 2509613 977238.18 19.97 350 141.94 0.48 55666 26530.05 19.97 102 10 198 16932 1660 32868 21.0 24.0 23.88 0.03
150300.0 310 100.49 0.46 56396 16824.02 0.46 15065 4939.35 0.48 2524678 982177.53 19.97 310 141.94 0.48 55976 26671.99 19.97 102 10 198 17034 1670 33066 21.0 24.0 23.88 0.03
151200.0 310 100.49 0.46 56706 16924.52 0.46 15064 4939.32 0.48 2539742 987116.85 19.97 310 141.94 0.48 56286 26813.93 19.97 102 10 198 17136 1680 33264 21.0 24.0 23.89 0.03
152100.0 376 100.63 0.46 57082 17025.15 0.46 15120 4939.35 0.48 2554862 992056.19 19.97 370 141.94 0.48 56656 26955.87 19.97 102 10 198 17238 1690 33462 21.0 24.0 23.89 0.03
153000.0 354 101.27 0.46 57436 17126.42 0.46 15100 4939.33 0.48 2569962 996995.52 19.97 350 141.95 0.48 57006 27097.82 19.97 102 10 198 17340 1700 33660 21.0 24.0 23.89 0.03
153900.0 310 100.49 0.46 57746 17226.91 0.46 15059 4939.35 0.48 2585021 1001934.87 19.97 310 141.94 0.48 57316 27239.75 19.97 102 10 198 17442 1710 33858 21.0 24.0 23.88 0.04
154800.0 310 100.49 0.46 58056 17327.4 0.46 15056 4939.32 0.48 2600077 1006874.19 19.97 310 141.94 0.48 57626 27381.69 19.97 102 10 198 17544 1720 34056 21.0 24.0 23.88 0.04
155700.0 376 100.63 0.46 58432 17428.04 0.46 15116 4939.35 0.48 2615193 1011813.54 19.97 370 141.94 0.48 57996 27523.63 19.97 102 10 198 17646 1730 34254 21.0 24.0 23.88 0.04
156600.0 354 101.27 0.46 58786 17529.31 0.46 15095 4939.32 0.48 2630288 1016752.85 19.97 350 141.94 0.48 58346 27665.57 19.97 102 10 198 17748 1740 34452 21.0 24.0 23.88 0.04
157500.0 310 100.49 0.46 59096 17629.8 0.46 15053 4938.9 0.48 2645341 1021691.75 19.97 310 141.94 0.48 58656 27807.51 19.97 102 10 198 17850 1750 34650 21.0 24.0 23.88 0.04
158400.0 310 100.49 0.46 59406 17730.29 0.46 15053 4938.87 0.48 2660394 1026630.62 19.97 310 141.94 0.48 58966 27949.45 19.97 102 10 198 17952 1760 34848 21.0 24.0 23.88 0.04
159300.0 376 100.63 0.46 59782 17830.92 0.46 15112 4938.9 0.48 2675506 1031569.52 19.97 370 141.94 0.48 59336 28091.39 19.97 102 10 198 18054 1770 35046 21.0 24.0 23.88 0.04
160200.0 354 101.27 0.46 60136 17932.19 0.46 15090 4938.88 0.48 2690596 1036508.39 19.97 350 141.95 0.48 59686 28233.33 19.97 102 10 198 18156 1780 35244 21.0 24.0 23.88 0.04
161100.0 310 100.49 0.46 60446 18032.68 0.46 15050 4938.9 0.48 2705646 1041447.29 19.97 310 141.94 0.48 59996 28375.27 19.97 102 10 198 18258 1790 35442 21.0 24.0 23.85 0.04
162000.0 310 100.49 0.46 60756 18133.18 0.46 15049 4938.87 0.48 2720695 1046386.16 19.97 310 141.94 0.48 60306 28517.21 19.97 102 10 198 18360 1800 35640 21.0 24.0 23.85 0.04
162900.0 376 100.63 0.46 61132 18233.81 0.46 15105 4938.45 0.48 2735800 1051324.61 19.97 370 141.94 0.48 60676 28659.15 19.97 102 10 198 18462 1810 35838 21.0 24.0 23.85 0.04
163800.0 354 101.27 0.46 61486 18335.08 0.46 15085 4938.42 0.48 2750885 1056263.03 19.97 350 141.94 0.48 61026 28801.09 19.97 102 10 198 18564 1820 36036 21.0 24.0 23.85 0.04
164700.0 310 100.49 0.46 61796 18435.57 0.46 15045 4938.45 0.48 2765930 1061201.47 19.97 310 141.94 0.48 61336 28943.03 19.97 102 10 198 18666 1830 36234 21.0 24.0 23.83 0.05
165600.0 310 100.49 0.46 62106 18536.06 0.46 15043 4937.97 0.48 2780973 1066139.44 19.97 310 141.94 0.48 61646 29084.96 19.97 102 10 198 18768 1840 36432 21.0 24.0 23.82 0.04
166500.0 376 100.63 0.46 62482 18636.69 0.46 15103 4938.0 0.48 2796076 1071077.44 19.97 370 141.94 0.48 62016 29226.9 19.97 102 10 198 18870 1850 36630 21.0 24.0 23.82 0.04
167400.0 354 101.27 0.46 62836 18737.96 0.46 15083 4937.98 0.48 2811159 1076015.42 19.97 350 141.95 0.48 62366 29368.85 19.97 102 10 198 18972 1860 36828 21.0 24.0 23.82 0.04
168300.0 310 100.49 0.46 63146 18838.45 0.46 15037 4936.2 0.48 2826196 1080951.61 19.97 310 141.94 0.48 62676 29510.79 19.97 102 10 198 19074 1870 37026 21.0 24.0 23.8 0.05
169200.0 310 100.49 0.46 63456 18938.95 0.46 15038 4936.62 0.48 2841234 1085888.23 19.97 310 141.94 0.48 62986 29652.73 19.97 102 10 198 19176 1880 37224 21.0 24.0 23.79 0.05
170100.0 376 100.63 0.46 63832 19039.58 0.46 15098 4936.65 0.48 2856332 1090824.88 19.97 370 141.94 0.48 63356 29794.67 19.97 102 10 198 19278 1890 37422 21.0 24.0 23.79 0.05
171000.0 354 101.27 0.46 64186 19140.85 0.46 15076 4936.17 0.48 2871408 1095761.05 19.97 350 141.94 0.48 63706 29936.6 19.97 102 10 198 19380 1900 37620 21.0 24.0 23.79 0.05
171900.0 310 100.49 0.46 64496 19241.34 0.46 15033 4935.75 0.48 2886441 1100696.79 19.97 310 141.94 0.48 64016 30078.54 19.97 102 10 198 19482 1910 37818 21.0 24.0 23.75 0.05
172800.0 310 100.49 0.46 64806 19341.83 0.46 15033 4935.72 0.48 2901474 1105632.51 19.97 310 141.94 0.48 64326 30220.48 19.97 102 10 198 19584 1920 38016 21.0 24.0 23.74 0.05
173700.0 376 100.63 0.46 65182 19442.46 0.46 15089 4935.75 0.48 2916563 1110568.26 19.97 370 141.94 0.48 64696 30362.42 19.97 102 10 198 19686 1930 38214 21.0 24.0 23.74 0.05
174600.0 354 101.27 0.46 65536 19543.73 0.46 15067 4935.28 0.48 2931630 1115503.54 19.97 350 141.95 0.48 65046 30504.37 19.97 102 10 198 19788 1940 38412 21.0 24.0 23.74 0.05
175500.0 310 100.49 0.46 65846 19644.22 0.46 15027 4935.3 0.48 2946657 1120438.83 19.97 310 141.94 0.48 65356 30646.31 19.97 102 10 198 19890 1950 38610 21.0 23.9 23.7 0.05
176400.0 310 100.49 0.46 66156 19744.71 0.46 15027 4935.72 0.48 2961684 1125374.55 19.97 310 141.94 0.48 65666 30788.24 19.97 102 10 198 19992 1960 38808 21.0 23.9 23.68 0.05
177300.0 376 100.63 0.46 66532 19845.35 0.46 15087 4935.75 0.48 2976771 1130310.3 19.97 370 141.94 0.48 66036 30930.18 19.97 102 10 198 20094 1970 39006 21.0 23.9 23.68 0.05
178200.0 354 101.27 0.46 66886 19946.62 0.46 15065 4935.28 0.48 2991836 1135245.58 19.97 350 141.95 0.48 66386 31072.13 19.97 102 10 198 20196 1980 39204 21.0 23.9 23.68 0.05
179100.0 310 100.49 0.46 67196 20047.11 0.46 15018 4933.95 0.48 3006854 1140179.52 19.97 310 141.94 0.48 66696 31214.07 19.97 102 10 198 20298 1990 39402 21.0 23.9 23.61 0.05
180000.0 310 100.49 0.46 67506 20147.6 0.46 15024 4934.82 0.48 3021878 1145114.34 19.97 310 141.94 0.48 67006 31356.01 19.97 102 10 198 20400 2000 39600 21.0 23.9 23.58 0.05
180900.0 376 100.63 0.46 67882 20248.24 0.46 15083 4934.85 0.48 3036961 1150049.19 19.97 370 141.94 0.48 67376 31497.95 19.97 102 10 198 20502 2010 39798 21.0 23.9 23.58 0.05
181800.0 354 101.27 0.46 68236 20349.5 0.46 15056 4932.58 0.48 3052017 1154981.76 19.97 350 141.95 0.48 67726 31639.89 19.97 102 10 198 20604 2020 39996 21.0 23.9 23.58 0.05
182700.0 310 100.49 0.46 68546 20450.0 0.46 15013 4931.7 0.48 3067030 1159913.46 19.97 310 141.94 0.48 68036 31781.83 19.97 102 10 198 20706 2030 40194 21.0 23.8 23.5 0.05
183600.0 310 100.49 0.46 68856 20550.49 0.46 15019 4932.57 0.48 3082049 1164846.03 19.97 310 141.94 0.48 68346 31923.77 19.97 102 10 198 20808 2040 40392 21.0 23.8 23.45 0.04
184500.0 376 100.63 0.46 69232 20651.12 0.46 15071 4931.25 0.48 3097120 1169777.28 19.97 370 141.94 0.48 68716 32065.71 19.97 102 10 198 20910 2050 40590 21.0 23.8 23.45 0.04
185400.0 354 101.27 0.46 69586 20752.39 0.46 15047 4931.23 0.48 3112167 1174708.5 19.97 350 141.95 0.48 69066 32207.66 19.97 102 10 198 21012 2060 40788 21.0 23.8 23.45 0.04
186300.0 310 100.49 0.46 69896 20852.88 0.46 15010 4932.15 0.48 3127177 1179640.65 19.97 310 141.94 0.48 69376 32349.59 19.97 102 10 198 21114 2070 40986 21.0 23.7 23.33 0.05
187200.0 310 100.49 0.46 70206 20953.37 0.46 15004 4931.67 0.48 3142181 1184572.32 19.97 310 141.94 0.48 69686 32491.53 19.97 102 10 198 21216 2080 41184 21.0 23.7 23.27 0.04
188100.0 376 100.63 0.46 70582 21054.01 0.46 15063 4931.7 0.48 3157244 1189504.02 19.97 370 141.94 0.48 70056 32633.47 19.97 102 10 198 21318 2090 41382 21.0 23.7 23.27 0.04
189000.0 354 101.27 0.46 70936 21155.28 0.46 15040 4931.23 0.48 3172284 1194435.24 19.97 350 141.95 0.48 70406 32775.42 19.97 102 10 198 21420 2100 41580 21.0 23.7 23.27 0.04
189900.0 310 100.49 0.46 71246 21255.77 0.46 14998 4929.9 0.48 3187282 1199365.14 19.97 310 141.94 0.48 70716 32917.36 19.97 102 10 198 21522 2110 41778 21.0 23.5 23.11 0.05
190800.0 310 100.49 0.46 71556 21356.26 0.46 14998 4930.32 0.48 3202280 1204295.46 19.97 310 141.94 0.48 71026 33059.29 19.97 102 10 198 21624 2120 41976 21.0 23.5 23.02 0.04
191700.0 376 100.63 0.46 71932 21456.9 0.46 15056 4930.35 0.48 3217336 1209225.8 19.97 370 141.94 0.48 71396 33201.23 19.97 102 10 198 21726 2130 42174 21.0 23.5 23.02 0.04
192600.0 354 101.27 0.46 72286 21558.16 0.46 15024 4927.63 0.48 3232360 1214153.43 19.97 350 141.95 0.48 71746 33343.18 19.97 102 10 198 21828 2140 42372 21.0 23.5 23.02 0.04
193500.0 310 100.49 0.46 72596 21658.66 0.46 14989 4929.45 0.48 3247349 1219082.88 19.97 310 141.94 0.48 72056 33485.12 19.97 102 10 198 21930 2150 42570 21.0 23.3 22.83 0.04
194400.0 310 100.49 0.46 72906 21759.15 0.46 14991 4930.32 0.48 3262340 1224013.19 19.97 310 141.94 0.48 72366 33627.06 19.97 102 10 198 22032 2160 42768 21.0 23.3 22.74 0.03
195300.0 376 100.63 0.46 73282 21859.78 0.46 15043 4928.55 0.48 3277383 1228941.74 19.97 370 141.94 0.48 72736 33769.0 19.97 102 10 198 22134 2170 42966 21.0 23.3 22.74 0.03
196200.0 354 101.27 0.46 73636 21961.05 0.46 15020 4927.63 0.48 3292403 1233869.37 19.97 350 141.95 0.48 73086 33910.95 19.97 102 10 198 22236 2180 43164 21.0 23.3 22.73 0.03
197100.0 310 100.49 0.46 73946 22061.54 0.46 14981 4929.0 0.48 3307384 1238798.36 19.97 310 141.94 0.48 73396 34052.88 19.97 102 10 198 22338 2190 43362 21.0 23.1 22.54 0.03
198000.0 310 100.49 0.46 74256 22162.03 0.46 14968 4924.92 0.48 3322352 1243723.28 19.97 310 141.94 0.48 73706 34194.82 19.97 102 10 198 22440 2200 43560 21.0 23.1 22.43 0.03
198900.0 376 100.63 0.46 74632 22262.67 0.46 15028 4924.95 0.48 3337380 1248648.23 19.97 370 141.94 0.48 74076 34336.76 19.97 102 10 198 22542 2210 43758 21.0 23.1 22.43 0.03
199800.0 354 101.27 0.46 74986 22363.94 0.46 15006 4924.47 0.48 3352386 1253572.7 19.97 350 141.94 0.48 74426 34478.7 19.97 102 10 198 22644 2220 43956 21.0 23.1 22.43 0.03
200700.0 310 100.49 0.46 75296 22464.43 0.46 14973 4925.85 0.48 3367359 1258498.54 19.97 310 141.94 0.48 74736 34620.64 19.97 102 10 198 22746 2230 44154 21.0 22.8 22.27 0.02
201600.0 310 100.49 0.46 75606 22564.92 0.46 14971 4925.82 0.48 3382330 1263424.36 19.97 310 141.94 0.48 75046 34762.57 19.97 102 10 198 22848 2240 44352 21.0 22.8 22.2 0.03
202500.0 376 100.63 0.46 75982 22665.56 0.46 15031 4925.85 0.48 3397361 1268350.21 19.97 370 141.94 0.48 75416 34904.51 19.97 102 10 198 22950 2250 44550 21.0 22.8 22.2 0.03
203400.0 354 101.27 0.46 76336 22766.82 0.46 15007 4925.38 0.48 3412368 1273275.58 19.97 350 141.95 0.48 75766 35046.46 19.97 102 10 198 23052 2260 44748 21.0 22.8 22.2 0.03
204300.0 310 100.49 0.46 76646 22867.32 0.46 14975 4926.3 0.48 3427343 1278201.88 19.97 310 141.94 0.48 76076 35188.4 19.97 102 10 198 23154 2270 44946 21.0 22.6 22.07 0.02
205200.0 310 100.49 0.46 76956 22967.81 0.46 14976 4926.27 0.48 3442319 1283128.15 19.97 310 141.94 0.48 76386 35330.34 19.97 102 10 198 23256 2280 45144 21.0 22.6 22.07 0.02
206100.0 376 100.63 0.46 77332 23068.44 0.46 15034 4926.3 0.48 3457353 1288054.44 19.97 370 141.94 0.48 76756 35472.28 19.97 102 10 198 23358 2290 45342 21.0 22.6 22.07 0.02
207000.0 354 101.27 0.46 77686 23169.71 0.46 15007 4924.92 0.48 3472360 1292979.36 19.97 350 141.94 0.48 77106 35614.22 19.97 102 10 198 23460 2300 45540 21.0 22.6 22.07 0.02
207900.0 310 100.49 0.46 77996 23270.2 0.46 14973 4925.4 0.48 3487333 1297904.76 19.97 310 141.94 0.48 77416 35756.15 19.97 102 10 198 23562 2310 45738 21.0 22.2 22.02 0.01
208800.0 310 100.49 0.46 78306 23370.69 0.46 14972 4924.92 0.48 3502305 1302829.67 19.97 310 141.94 0.48 77726 35898.09 19.97 102 10 198 23664 2320 45936 21.0 22.2 22.02 0.01
209700.0 376 100.63 0.46 78682 23471.32 0.46 15031 4924.95 0.48 3517336 1307754.62 19.97 370 141.94 0.48 78096 36040.03 19.97 102 10 198 23766 2330 46134 21.0 22.2 22.02 0.01
210600.0 354 101.27 0.46 79036 23572.59 0.46 15001 4924.03 0.48 3532337 1312678.65 19.97 350 141.95 0.48 78446 36181.98 19.97 102 10 198 23868 2340 46332 21.0 22.2 22.02 0.01
211500.0 310 100.49 0.46 79346 23673.08 0.46 14960 4923.6 0.48 3547297 1317602.25 19.97 310 141.94 0.48 78756 36323.92 19.97 102 10 198 23970 2350 46530 21.0 22.0 22.0 0.0
212400.0 310 100.49 0.46 79656 23773.58 0.46 14960 4923.57 0.48 3562257 1322525.81 19.97 310 141.94 0.48 79066 36465.86 19.97 102 10 198 24072 2360 46728 21.0 22.0 22.0 0.0
213300.0 376 100.63 0.46 80032 23874.21 0.46 15018 4923.15 0.48 3577275 1327448.96 19.97 370 141.94 0.48 79436 36607.8 19.97 102 10 198 24174 2370 46926 21.0 22.0 22.0 0.0
214200.0 354 101.27 0.46 80386 23975.48 0.46 14984 4922.22 0.48 3592259 1332371.18 19.97 350 141.94 0.48 79786 36749.73 19.97 102 10 198 24276 2380 47124 21.0 22.0 22.0 0.0
215100.0 310 100.49 0.46 80696 24075.97 0.46 14944 4922.25 0.48 3607203 1337293.42 19.97 310 141.94 0.48 80096 36891.67 19.97 102 10 198 24378 2390 47322 21.0 22.0 22.0 0.0
216000.0 310 100.49 0.46 81006 24176.46 0.46 14941 4921.77 0.48 3622144 1342215.19 19.97 310 141.94 0.48 80406 37033.61 19.97 102 10 198 24480 2400 47520 21.0 22.0 22.0 0.0
216900.0 376 100.63 0.46 81382 24277.09 0.46 14997 4921.8 0.48 3637141 1347136.99 19.97 370 141.94 0.48 80776 37175.55 19.97 102 10 198 24582 2410 47718 21.0 22.0 22.0 0.0
217800.0 354 101.27 0.46 81736 24378.36 0.46 14976 4921.78 0.48 3652117 1352058.76 19.97 350 141.95 0.48 81126 37317.5 19.97 102 10 198 24684 2420 47916 21.0 22.0 22.0 0.0
218700.0 310 100.49 0.46 82046 24478.85 0.46 14928 4920.9 0.48 3667045 1356979.66 19.97 310 141.94 0.48 81436 37459.43 19.97 102 10 198 24786 2430 48114 21.0 22.0 22.0 0.0
219600.0 310 100.49 0.46 82356 24579.35 0.46 14927 4920.42 0.48 3681972 1361900.07 19.97 310 141.94 0.48 81746 37601.37 19.97 102 10 198 24888 2440 48312 21.0 22.0 22.0 0.0
220500.0 376 100.63 0.46 82732 24679.98 0.46 14978 4919.1 0.48 3696950 1366819.17 19.97 370 141.94 0.48 82116 37743.31 19.97 102 10 198 24990 2450 48510 21.0 22.0 22.0 0.0
221400.0 354 101.27 0.46 83086 24781.25 0.46 14956 4919.05 0.48 3711906 1371738.22 19.97 350 141.96 0.48 82466 37885.28 19.97 102 10 198 25092 2460 48708 21.0 22.0 21.99 0.0
222300.0 310 100.5 0.46 83396 24881.75 0.46 15007 4933.22 0.48 3726913 1376671.44 19.97 310 141.96 0.48 82776 38027.24 19.97 102 10 198 25194 2470 48906 19.8 22.0 21.11 0.08
223200.0 310 100.5 0.46 83706 24982.24 0.46 15035 4937.71 0.48 3741948 1381609.14 19.97 310 141.97 0.48 83086 38169.21 19.97 102 10 198 25296 2480 49104 19.8 22.0 20.58 0.15
224100.0 376 100.64 0.46 84082 25082.88 0.46 15095 4937.72 0.48 3757043 1386546.86 19.97 370 141.97 0.48 83456 38311.17 19.97 102 10 198 25398 2490 49302 19.8 21.8 20.57 0.15
225000.0 354 101.27 0.46 84436 25184.15 0.46 15075 4937.54 0.48 3772118 1391484.4 19.97 350 141.97 0.48 83806 38453.14 19.97 102 10 198 25500 2500 49500 19.8 21.8 20.57 0.15
225900.0 310 100.5 0.46 84746 25284.65 0.46 15037 4937.94 0.48 3787155 1396422.34 19.97 310 141.97 0.48 84116 38595.11 19.97 102 10 198 25602 2510 49698 19.8 21.7 20.51 0.14
226800.0 310 100.5 0.46 85056 25385.15 0.46 15037 4937.93 0.48 3802192 1401360.27 19.97 310 141.97 0.48 84426 38737.08 19.97 102 10 198 25704 2520 49896 19.8 21.7 20.48 0.16
227700.0 376 100.64 0.46 85432 25485.78 0.46 15097 4937.94 0.48 3817289 1406298.21 19.97 370 141.97 0.48 84796 38879.06 19.97 102 10 198 25806 2530 50094 19.8 21.7 20.48 0.16
228600.0 354 101.27 0.46 85786 25587.06 0.46 15073 4938.08 0.48 3832362 1411236.3 19.97 350 141.99 0.48 85146 39021.04 19.97 102 10 198 25908 2540 50292 19.8 21.7 20.48 0.16
229500.0 310 100.5 0.46 86096 25687.55 0.46 15035 4937.75 0.48 3847397 1416174.05 19.97 310 141.97 0.48 85456 39163.01 19.97 102 10 198 26010 2550 50490 19.9 21.6 20.48 0.15
230400.0 310 100.5 0.46 86406 25788.05 0.46 15035 4937.29 0.48 3862432 1421111.34 19.97 310 141.97 0.48 85766 39304.98 19.97 102 10 198 26112 2560 50688 19.9 21.6 20.46 0.16
231300.0 376 100.64 0.46 86782 25888.68 0.46 15093 4937.3 0.48 3877525 1426048.64 19.97 370 141.97 0.48 86136 39446.95 19.97 102 10 198 26214 2570 50886 19.8 21.6 20.46 0.16
232200.0 354 101.27 0.46 87136 25989.95 0.46 15070 4937.5 0.48 3892595 1430986.14 19.97 350 141.98 0.48 86486 39588.93 19.97 102 10 198 26316 2580 51084 19.8 21.6 20.46 0.16
233100.0 310 100.5 0.46 87446 26090.45 0.46 15033 4937.39 0.48 3907628 1435923.53 19.97 310 141.98 0.48 86796 39730.91 19.97 102 10 198 26418 2590 51282 19.8 21.5 20.51 0.16
234000.0 310 100.5 0.46 87756 26190.95 0.46 15030 4937.82 0.48 3922658 1440861.35 19.97 310 141.98 0.48 87106 39872.89 19.97 102 10 198 26520 2600 51480 19.8 21.5 20.5 0.17
234900.0 376 100.64 0.46 88132 26291.59 0.46 15090 4937.84 0.48 3937748 1445799.19 19.97 370 141.98 0.48 87476 40014.87 19.97 102 10 198 26622 2610 51678 19.8 21.5 20.5 0.17
235800.0 354 101.27 0.46 88486 26392.86 0.46 15061 4934.97 0.48 3952809 1450734.16 19.97 350 141.97 0.48 87826 40156.84 19.97 102 10 198 26724 2620 51876 19.8 21.5 20.5 0.17
236700.0 310 100.49 0.46 88796 26493.35 0.46 15030 4935.86 0.48 3967839 1455670.03 19.97 310 141.95 0.48 88136 40298.79 19.97 102 10 198 26826 2630 52074 19.8 21.4 20.55 0.16
237600.0 310 100.49 0.46 89106 26593.84 0.46 15029 4935.83 0.48 3982868 1460605.86 19.97 310 141.95 0.48 88446 40440.74 19.97 102 10 198 26928 2640 52272 19.8 21.4 20.55 0.16
238500.0 376 100.63 0.46 89482 26694.48 0.46 15080 4934.96 0.48 3997948 1465540.82 19.97 370 141.95 0.48 88816 40582.69 19.97 102 10 198 27030 2650 52470 19.7 21.4 20.55 0.16
239400.0 354 101.27 0.46 89836 26795.75 0.46 15038 4930.84 0.48 4012986 1470471.66 19.97 350 141.96 0.48 89166 40724.66 19.97 102 10 198 27132 2660 52668 19.7 21.4 20.55 0.16
240300.0 310 100.49 0.46 90146 26896.24 0.46 15017 4934.0 0.48 4028003 1475405.67 19.97 310 141.95 0.48 89476 40866.61 19.97 102 10 198 27234 2670 52866 19.7 21.6 20.6 0.17
241200.0 310 100.49 0.46 90456 26996.74 0.46 15012 4933.08 0.48 4043015 1480338.75 19.97 310 141.95 0.48 89786 41008.56 19.97 102 10 198 27336 2680 53064 19.7 21.6 20.6 0.17
242100.0 376 100.64 0.46 90832 27097.37 0.46 15071 4933.11 0.48 4058086 1485271.86 19.97 370 141.96 0.48 90156 41150.52 19.97 102 10 198 27438 2690 53262 19.7 21.6 20.6 0.17
243000.0 354 101.27 0.46 91186 27198.65 0.46 15034 4930.05 0.48 4073120 1490201.9 19.97 350 141.97 0.48 90506 41292.49 19.97 102 10 198 27540 2700 53460 19.7 21.6 20.6 0.17
243900.0 310 100.5 0.46 91496 27299.14 0.46 15009 4933.57 0.48 4088129 1495135.47 19.97 310 141.96 0.48 90816 41434.45 19.97 102 10 198 27642 2710 53658 19.7 21.8 20.65 0.18
244800.0 310 100.5 0.46 91806 27399.64 0.46 15007 4933.11 0.48 4103136 1500068.59 19.97 310 141.97 0.48 91126 41576.42 19.97 102 10 198 27744 2720 53856 19.7 21.8 20.64 0.18
245700.0 376 100.64 0.46 92182 27500.27 0.46 15067 4933.12 0.48 4118203 1505001.71 19.97 370 141.97 0.48 91496 41718.38 19.97 102 10 198 27846 2730 54054 19.6 21.8 20.64 0.18
246600.0 354 101.27 0.46 92536 27601.55 0.46 15023 4928.38 0.48 4133226 1509930.09 19.97 350 141.97 0.48 91846 41860.35 19.97 102 10 198 27948 2740 54252 19.6 21.8 20.64 0.18
247500.0 310 100.5 0.46 92846 27702.04 0.46 15001 4930.92 0.48 4148227 1514861.01 19.97 310 141.95 0.48 92156 42002.31 19.97 102 10 198 28050 2750 54450 19.6 21.9 20.63 0.19
248400.0 310 100.5 0.46 93156 27802.54 0.46 14999 4929.56 0.48 4163226 1519790.57 19.97 310 141.96 0.48 92466 42144.26 19.97 102 10 198 28152 2760 54648 19.6 21.9 20.63 0.2
249300.0 376 100.64 0.46 93532 27903.17 0.46 15049 4927.77 0.48 4178275 1524718.35 19.97 370 141.96 0.48 92836 42286.22 19.97 102 10 198 28254 2770 54846 19.5 21.9 20.63 0.2
250200.0 354 101.27 0.46 93886 28004.45 0.46 15015 4926.9 0.48 4193290 1529645.24 19.97 350 141.97 0.48 93186 42428.19 19.97 102 10 198 28356 2780 55044 19.5 21.9 20.63 0.2
251100.0 310 100.49 0.46 94196 28104.94 0.46 14998 4932.76 0.48 4208288 1534578.0 19.97 310 141.96 0.48 93496 42570.15 19.97 102 10 198 28458 2790 55242 19.5 22.0 20.6 0.21
252000.0 310 100.49 0.46 94506 28205.44 0.46 15005 4932.75 0.48 4223293 1539510.75 19.97 310 141.96 0.48 93806 42712.1 19.97 102 10 198 28560 2800 55440 19.5 22.0 20.57 0.24
252900.0 376 100.64 0.46 94882 28306.07 0.46 15064 4932.31 0.48 4238357 1544443.07 19.97 370 141.96 0.48 94176 42854.06 19.97 102 10 198 28662 2810 55638 19.5 22.0 20.57 0.24
253800.0 354 101.27 0.46 95236 28407.34 0.46 15024 4928.21 0.48 4253381 1549371.27 19.97 350 141.96 0.48 94526 42996.02 19.97 102 10 198 28764 2820 55836 19.5 22.0 20.57 0.24
254700.0 310 100.49 0.46 95546 28507.84 0.46 15032 4936.47 0.48 4268413 1554307.74 19.97 310 141.96 0.48 94836 43137.98 19.97 102 10 198 28866 2830 56034 19.5 21.8 20.44 0.22
255600.0 310 100.49 0.46 95856 28608.33 0.46 15037 4937.81 0.48 4283450 1559245.55 19.97 310 141.96 0.48 95146 43279.94 19.97 102 10 198 28968 2840 56232 19.5 21.8 20.4 0.24
256500.0 376 100.64 0.46 96232 28708.97 0.46 15097 4937.82 0.48 4298547 1564183.36 19.97 370 141.96 0.48 95516 43421.9 19.97 102 10 198 29070 2850 56430 19.3 21.8 20.4 0.24
257400.0 354 101.27 0.46 96586 28810.24 0.46 15056 4934.59 0.48 4313603 1569117.95 19.97 350 141.97 0.48 95866 43563.87 19.97 102 10 198 29172 2860 56628 19.3 21.8 20.4 0.24
258300.0 310 100.49 0.46 96896 28910.74 0.46 15044 4938.98 0.48 4328647 1574056.94 19.97 310 141.97 0.48 96176 43705.84 19.97 102 10 198 29274 2870 56826 19.3 21.6 20.23 0.23
259200.0 310 100.49 0.46 97206 29011.23 0.46 15045 4938.97 0.48 4343692 1578995.91 19.97 310 141.97 0.48 96486 43847.81 19.97 102 10 198 29376 2880 57024 19.3 21.6 20.16 0.27
260100.0 376 100.64 0.46 97582 29111.87 0.46 15105 4938.98 0.48 4358797 1583934.89 19.97 370 141.97 0.48 96856 43989.77 19.97 102 10 198 29478 2890 57222 19.2 21.6 20.16 0.27
261000.0 356 101.33 0.46 97938 29213.21 0.46 15392 148832.26 19.97 4374189 1732767.15 19.97 352 3056.76 19.97 97208 47046.54 19.97 102 10 198 29580 2900 57420 19.2 21.6 20.16 0.27
261900.0 310 100.49 0.46 98248 29313.7 0.46 15063 4940.38 0.48 4389252 1737707.53 19.97 310 141.95 0.48 97518 47188.49 19.97 102 10 198 29682 2910 57618 18.9 21.0 19.71 0.19
262800.0 310 100.49 0.46 98558 29414.19 0.46 15066 4940.82 0.48 4404318 1742648.36 19.97 310 141.95 0.48 97828 47330.44 19.97 102 10 198 29784 2920 57816 18.9 21.0 19.64 0.25
263700.0 376 100.64 0.46 98934 29514.83 0.46 15126 4940.84 0.48 4419444 1747589.19 19.97 370 141.95 0.48 98198 47472.39 19.97 102 10 198 29886 2930 58014 18.9 21.0 19.65 0.25
264600.0 356 101.35 0.46 99290 29616.18 0.46 15415 149195.35 19.99 4434859 1896784.54 19.99 352 3064.41 19.99 98550 50536.8 19.99 102 10 198 29988 2940 58212 18.9 21.0 19.64 0.25
265500.0 310 100.53 0.46 99600 29716.7 0.46 15140 4974.97 0.49 4449999 1901759.5 19.99 310 142.37 0.49 98860 50679.17 19.99 102 10 198 30090 2950 58410 17.3 21.0 18.15 0.15
266400.0 310 100.53 0.46 99910 29817.23 0.46 15148 4976.72 0.49 4465147 1906736.22 19.99 310 142.37 0.49 99170 50821.55 19.99 102 10 198 30192 2960 58608 17.3 21.0 17.83 0.05
267300.0 376 100.67 0.46 100286 29917.9 0.46 15208 4976.76 0.49 4480355 1911712.98 19.99 370 142.37 0.49 99540 50963.92 19.99 102 10 198 30294 2970 58806 17.3 21.0 17.83 0.05
268200.0 356 101.37 0.46 100642 30019.27 0.46 15496 149198.83 19.98 4495851 2060911.81 19.99 352 3062.61 19.98 99892 54026.53 19.99 102 10 198 30396 2980 59004 17.3 21.0 17.83 0.05
269100.0 310 100.52 0.46 100952 30119.8 0.46 15141 4970.86 0.49 4510992 2065882.67 19.99 310 142.3 0.49 100202 54168.83 19.99 102 10 198 30498 2990 59202 17.3 21.0 17.8 0.05
270000.0 310 100.52 0.46 101262 30220.32 0.46 15141 4970.81 0.49 4526133 2070853.48 19.99 310 142.3 0.49 100512 54311.13 19.99 102 10 198 30600 3000 59400 17.3 21.0 17.78 0.06
270900.0 376 100.67 0.46 101638 30320.99 0.46 15200 4970.86 0.49 4541333 2075824.33 19.99 370 142.31 0.49 100882 54453.44 19.99 102 10 198 30702 3010 59598 17.3 21.0 17.78 0.06
271800.0 354 101.3 0.46 101992 30422.29 0.46 15177 4970.13 0.49 4556510 2080794.47 19.99 350 142.3 0.49 101232 54595.74 19.99 102 10 198 30804 3020 59796 17.3 21.0 17.78 0.06
272700.0 310 100.52 0.46 102302 30522.81 0.46 15141 4971.53 0.49 4571651 2085765.99 19.99 310 142.3 0.49 101542 54738.04 19.99 102 10 198 30906 3030 59994 17.3 21.0 17.77 0.06
273600.0 310 100.52 0.46 102612 30623.34 0.46 15141 4971.48 0.49 4586792 2090737.47 19.99 310 142.3 0.49 101852 54880.34 19.99 102 10 198 31008 3040 60192 17.3 21.0 17.76 0.06
274500.0 376 100.67 0.46 102988 30724.0 0.46 15198 4970.63 0.49 4601990 2095708.1 19.99 370 142.3 0.49 102222 55022.64 19.99 102 10 198 31110 3050 60390 17.3 21.0 17.76 0.06
275400.0 354 101.3 0.46 103342 30825.31 0.46 15174 4971.33 0.49 4617164 2100679.43 19.99 350 142.35 0.49 102572 55164.99 19.99 102 10 198 31212 3060 60588 17.3 21.0 17.76 0.06
276300.0 310 100.52 0.46 103652 30925.83 0.46 15132 4968.91 0.49 4632296 2105648.34 19.99 310 142.29 0.49 102882 55307.28 19.99 102 10 198 31314 3070 60786 17.3 21.0 17.75 0.05
277200.0 310 100.52 0.46 103962 31026.36 0.46 15135 4969.3 0.49 4647431 2110617.65 19.99 310 142.29 0.49 103192 55449.58 19.99 102 10 198 31416 3080 60984 17.3 21.0 17.73 0.05
278100.0 376 100.66 0.46 104338 31127.02 0.46 15195 4969.36 0.49 4662626 2115587.01 19.99 370 142.29 0.49 103562 55591.87 19.99 102 10 198 31518 3090 61182 17.3 21.0 17.73 0.05
279000.0 354 101.3 0.46 104692 31228.32 0.46 15172 4967.0 0.49 4677798 2120554.0 19.99 350 142.26 0.49 103912 55734.13 19.99 102 10 198 31620 3100 61380 17.3 21.0 17.73 0.05
279900.0 310 100.52 0.46 105002 31328.84 0.46 15129 4969.06 0.49 4692927 2125523.06 19.99 310 142.3 0.49 104222 55876.44 19.99 102 10 198 31722 3110 61578 17.3 21.0 17.72 0.05
280800.0 310 100.52 0.46 105312 31429.37 0.46 15131 4969.46 0.49 4708058 2130492.52 19.99 310 142.3 0.49 104532 56018.74 19.99 102 10 198 31824 3120 61776 17.3 21.0 17.71 0.05
281700.0 376 100.67 0.46 105688 31530.03 0.46 15188 4969.51 0.49 4723246 2135462.03 19.99 370 142.31 0.49 104902 56161.05 19.99 102 10 198 31926 3130 61974 17.3 21.0 17.71 0.05
282600.0 354 101.3 0.46 106042 31631.34 0.46 15166 4968.79 0.49 4738412 2140430.82 19.99 350 142.31 0.49 105252 56303.36 19.99 102 10 198 32028 3140 62172 17.3 21.0 17.71 0.05
283500.0 310 100.52 0.46 106352 31731.86 0.46 15126 4966.32 0.49 4753538 2145397.13 19.99 310 142.26 0.49 105562 56445.61 19.99 102 10 198 32130 3150 62370 17.3 21.0 17.7 0.05
284400.0 310 100.52 0.46 106662 31832.38 0.46 15127 4966.72 0.49 4768665 2150363.85 19.99 310 142.26 0.49 105872 56587.87 19.99 102 10 198 32232 3160 62568 17.3 21.0 17.69 0.05
285300.0 376 100.66 0.46 107038 31933.04 0.46 15187 4966.77 0.49 4783852 2155330.62 19.99 370 142.26 0.49 106242 56730.13 19.99 102 10 198 32334 3170 62766 17.3 21.0 17.69 0.05
286200.0 354 101.3 0.46 107392 32034.34 0.46 15165 4966.73 0.49 4799017 2160297.35 19.99 350 142.27 0.49 106592 56872.4 19.99 102 10 198 32436 3180 62964 17.3 21.0 17.69 0.05
287100.0 310 100.52 0.46 107702 32134.86 0.46 15125 4965.53 0.49 4814142 2165262.88 19.99 310 142.25 0.49 106902 57014.65 19.99 102 10 198 32538 3190 63162 17.3 21.0 17.69 0.05
288000.0 310 100.52 0.46 108012 32235.38 0.46 15125 4965.93 0.49 4829267 2170228.8 19.99 310 142.25 0.49 107212 57156.9 19.99 102 10 198 32640 3200 63360 17.3 21.0 17.68 0.05
288900.0 376 100.66 0.46 108388 32336.04 0.46 15185 4965.98 0.49 4844452 2175194.78 19.99 370 142.25 0.49 107582 57299.15 19.99 102 10 198 32742 3210 63558 17.3 21.0 17.68 0.05
289800.0 354 101.3 0.46 108742 32437.34 0.46 15156 4966.61 0.49 4859608 2180161.39 19.99 350 142.3 0.49 107932 57441.45 19.99 102 10 198 32844 3220 63756 17.3 21.0 17.68 0.05
290700.0 310 100.53 0.46 109052 32537.87 0.46 15118 4969.13 0.49 4874726 2185130.52 19.99 310 142.34 0.49 108242 57583.79 19.99 102 10 198 32946 3230 63954 17.3 21.0 17.69 0.04
291600.0 310 100.53 0.46 109362 32638.4 0.46 15119 4969.07 0.49 4889845 2190099.6 19.99 310 142.34 0.49 108552 57726.14 19.99 102 10 198 33048 3240 64152 17.3 21.0 17.68 0.04
292500.0 376 100.67 0.46 109738 32739.07 0.46 15176 4968.68 0.49 4905021 2195068.27 19.99 370 142.34 0.49 108922 57868.48 19.99 102 10 198 33150 3250 64350 17.3 21.0 17.68 0.04
293400.0 354 101.3 0.46 110092 32840.37 0.46 15154 4966.71 0.49 4920175 2200034.98 19.99 350 142.31 0.49 109272 58010.79 19.99 102 10 198 33252 3260 64548 17.3 21.0 17.68 0.04
294300.0 310 100.52 0.46 110402 32940.89 0.46 15116 4967.2 0.49 4935291 2205002.18 19.99 310 142.3 0.49 109582 58153.1 19.99 102 10 198 33354 3270 64746 17.4 21.0 17.69 0.04
295200.0 310 100.52 0.46 110712 33041.42 0.46 15111 4966.25 0.49 4950402 2209968.43 19.99 310 142.3 0.49 109892 58295.4 19.99 102 10 198 33456 3280 64944 17.4 21.0 17.68 0.04
296100.0 376 100.67 0.46 111088 33142.09 0.46 15171 4966.3 0.49 4965573 2214934.73 19.99 370 142.3 0.49 110262 58437.7 19.99 102 10 198 33558 3290 65142 17.4 21.0 17.68 0.04
297000.0 354 101.3 0.46 111442 33243.39 0.46 15147 4967.28 0.49 4980720 2219902.02 19.99 350 142.35 0.49 110612 58580.06 19.99 102 10 198 33660 3300 65340 17.4 21.0 17.68 0.04
297900.0 310 100.53 0.46 111752 33343.92 0.46 15106 4967.33 0.49 4995826 2224869.34 19.99 310 142.34 0.49 110922 58722.4 19.99 102 10 198 33762 3310 65538 17.4 21.0 17.68 0.04
298800.0 310 100.53 0.46 112062 33444.45 0.46 15108 4966.82 0.49 5010934 2229836.17 19.99 310 142.34 0.49 111232 58864.74 19.99 102 10 198 33864 3320 65736 17.4 21.0 17.68 0.04
299700.0 376 100.67 0.46 112438 33545.12 0.46 15168 4966.88 0.49 5026102 2234803.04 19.99 370 142.34 0.49 111602 59007.08 19.99 102 10 198 33966 3330 65934 17.4 21.0 17.68 0.04
300600.0 354 101.3 0.46 112792 33646.42 0.46 15143 4966.38 0.49 5041245 2239769.43 19.99 350 142.35 0.49 111952 59149.44 19.99 102 10 198 34068 3340 66132 17.4 21.0 17.68 0.04
301500.0 310 100.52 0.46 113102 33746.95 0.46 15107 4965.27 0.49 5056352 2244734.7 19.99 310 142.3 0.49 112262 59291.73 19.99 102 10 198 34170 3350 66330 17.4 21.0 17.69 0.04
302400.0 310 100.52 0.46 113412 33847.47 0.46 15107 4964.77 0.49 5071459 2249699.47 19.99 310 142.3 0.49 112572 59434.04 19.99 102 10 198 34272 3360 66528 17.4 21.0 17.68 0.04
303300.0 376 100.67 0.46 113788 33948.14 0.46 15164 4963.92 0.49 5086623 2254663.39 19.99 370 142.3 0.49 112942 59576.34 19.99 102 10 198 34374 3370 66726 17.4 21.0 17.68 0.04
304200.0 354 101.3 0.46 114142 34049.43 0.46 15139 4961.56 0.49 5101762 2259624.95 19.99 350 142.27 0.49 113292 59718.61 19.99 102 10 198 34476 3380 66924 17.4 21.0 17.68 0.04
305100.0 310 100.52 0.46 114452 34149.96 0.46 15105 4965.0 0.49 5116867 2264589.96 19.99 310 142.3 0.49 113602 59860.91 19.99 102 10 198 34578 3390 67122 17.4 21.0 17.69 0.04
306000.0 310 100.52 0.46 114762 34250.48 0.46 15105 4964.51 0.49 5131972 2269554.46 19.99 310 142.3 0.49 113912 60003.22 19.99 102 10 198 34680 3400 67320 17.4 21.0 17.68 0.04
306900.0 376 100.67 0.46 115138 34351.15 0.46 15165 4964.56 0.49 5147137 2274519.02 19.99 370 142.31 0.49 114282 60145.52 19.99 102 10 198 34782 3410 67518 17.4 21.0 17.68 0.04
307800.0 354 101.3 0.46 115492 34452.46 0.46 15135 4965.03 0.49 5162272 2279484.06 19.99 350 142.35 0.49 114632 60287.88 19.99 102 10 198 34884 3420 67716 17.4 21.0 17.68 0.04
308700.0 310 100.53 0.46 115802 34552.98 0.46 15097 4964.63 0.49 5177369 2284448.68 19.99 310 142.34 0.49 114942 60430.22 19.99 102 10 198 34986 3430 67914 17.4 21.0 17.7 0.04
309600.0 310 100.53 0.46 116112 34653.51 0.46 15096 4964.12 0.49 5192465 2289412.81 19.99 310 142.34 0.49 115252 60572.56 19.99 102 10 198 35088 3440 68112 17.4 21.0 17.69 0.04
310500.0 376 100.67 0.46 116488 34754.18 0.46 15155 4964.18 0.49 5207620 2294376.98 19.99 370 142.34 0.49 115622 60714.9 19.99 102 10 198 35190 3450 68310 17.4 21.0 17.69 0.04
311400.0 354 101.3 0.46 116842 34855.48 0.46 15125 4961.76 0.49 5222745 2299338.74 19.99 350 142.31 0.49 115972 60857.22 19.99 102 10 198 35292 3460 68508 17.4 21.0 17.69 0.04
312300.0 310 100.52 0.46 117152 34956.01 0.46 15095 4963.6 0.49 5237840 2304302.34 19.99 310 142.3 0.49 116282 60999.52 19.99 102 10 198 35394 3470 68706 17.4 21.0 17.71 0.05
313200.0 310 100.52 0.46 117462 35056.53 0.46 15093 4963.55 0.49 5252933 2309265.89 19.99 310 142.3 0.49 116592 61141.82 19.99 102 10 198 35496 3480 68904 17.3 21.0 17.71 0.05
314100.0 376 100.67 0.46 117838 35157.2 0.46 15147 4962.7 0.49 5268080 2314228.59 19.99 370 142.3 0.49 116962 61284.13 19.99 102 10 198 35598 3490 69102 17.3 21.0 17.71 0.05
315000.0 354 101.3 0.46 118192 35258.51 0.46 15115 4962.33 0.49 5283195 2319190.92 19.99 350 142.35 0.49 117312 61426.48 19.99 102 10 198 35700 3500 69300 17.3 21.0 17.71 0.05
315900.0 310 100.52 0.46 118502 35359.03 0.46 15076 4960.81 0.49 5298271 2324151.73 19.99 310 142.29 0.49 117622 61568.77 19.99 102 10 198 35802 3510 69498 17.3 21.0 17.72 0.05
316800.0 310 100.52 0.46 118812 35459.55 0.46 15071 4959.85 0.49 5313342 2329111.59 19.99 310 142.29 0.49 117932 61711.06 19.99 102 10 198 35904 3520 69696 17.3 21.0 17.72 0.05
317700.0 376 100.67 0.46 119188 35560.22 0.46 15126 4959.46 0.49 5328468 2334071.04 19.99 370 142.29 0.49 118302 61853.35 19.99 102 10 198 36006 3530 69894 17.3 21.0 17.72 0.05
318600.0 354 101.3 0.46 119542 35661.52 0.46 15100 4958.51 0.49 5343568 2339029.56 19.99 350 142.3 0.49 118652 61995.66 19.99 102 10 198 36108 3540 70092 17.3 21.0 17.72 0.05
319500.0 310 100.53 0.46 119852 35762.05 0.46 15070 4963.28 0.49 5358638 2343992.83 19.99 310 142.34 0.49 118962 62138.0 19.99 102 10 198 36210 3550 70290 17.3 21.0 17.73 0.05
320400.0 310 100.53 0.46 120162 35862.58 0.46 15067 4962.77 0.49 5373705 2348955.61 19.99 310 142.34 0.49 119272 62280.34 19.99 102 10 198 36312 3560 70488 17.3 21.0 17.72 0.05
321300.0 376 100.67 0.46 120538 35963.25 0.46 15124 4962.38 0.49 5388829 2353917.98 19.99 370 142.34 0.49 119642 62422.68 19.99 102 10 198 36414 3570 70686 17.3 21.0 17.72 0.05
322200.0 354 101.29 0.46 120892 36064.54 0.46 15088 4953.43 0.49 5403917 2358871.41 19.99 350 142.24 0.49 119992 62564.92 19.99 102 10 198 36516 3580 70884 17.3 21.0 17.72 0.05
323100.0 310 100.51 0.46 121202 36165.05 0.46 15055 4952.21 0.48 5418972 2363823.62 19.99 310 142.18 0.48 120302 62707.1 19.99 102 10 198 36618 3590 71082 17.3 21.0 17.73 0.05
324000.0 310 100.51 0.46 121512 36265.57 0.46 15063 4953.53 0.48 5434035 2368777.15 19.99 310 142.18 0.48 120612 62849.28 19.99 102 10 198 36720 3600 71280 17.3 21.0 17.74 0.06
324900.0 376 100.66 0.46 121888 36366.23 0.46 15123 4953.56 0.48 5449158 2373730.71 19.99 370 142.18 0.48 120982 62991.47 19.99 102 10 198 36822 3610 71478 17.3 21.0 17.74 0.06
325800.0 354 101.3 0.46 122242 36467.53 0.46 15092 4957.13 0.49 5464250 2378687.84 19.99 350 142.31 0.49 121332 63133.78 19.99 102 10 198 36924 3620 71676 17.3 21.0 17.74 0.06
326700.0 310 100.53 0.46 122552 36568.05 0.46 15057 4960.12 0.49 5479307 2383647.96 19.99 310 142.34 0.49 121642 63276.12 19.99 102 10 198 37026 3630 71874 17.3 21.0 17.75 0.06
327600.0 310 100.53 0.46 122862 36668.58 0.46 15053 4960.07 0.49 5494360 2388608.03 19.99 310 142.34 0.49 121952 63418.46 19.99 102 10 198 37128 3640 72072 17.2 21.0 17.75 0.06
328500.0 376 100.67 0.46 123238 36769.25 0.46 15112 4959.68 0.49 5509472 2393567.71 19.99 370 142.34 0.49 122322 63560.81 19.99 102 10 198 37230 3650 72270 17.2 21.0 17.75 0.06
329400.0 354 101.3 0.46 123592 36870.56 0.46 15073 4957.38 0.49 5524545 2398525.09 19.99 350 142.35 0.49 122672 63703.16 19.99 102 10 198 37332 3660 72468 17.2 21.0 17.75 0.06
330300.0 310 100.53 0.46 123902 36971.09 0.46 15044 4959.67 0.49 5539589 2403484.77 19.99 310 142.34 0.49 122982 63845.5 19.99 102 10 198 37434 3670 72666 17.2 21.0 17.77 0.06
331200.0 310 100.53 0.46 124212 37071.61 0.46 15042 4959.17 0.49 5554631 2408443.94 19.99 310 142.34 0.49 123292 63987.84 19.99 102 10 198 37536 3680 72864 17.2 21.0 17.77 0.06
332100.0 376 100.67 0.46 124588 37172.28 0.46 15099 4958.33 0.49 5569730 2413402.27 19.99 370 142.34 0.49 123662 64130.18 19.99 102 10 198 37638 3690 73062 17.2 21.0 17.77 0.06
333000.0 354 101.3 0.46 124942 37273.59 0.46 15047 4951.47 0.49 5584777 2418353.74 19.99 350 142.31 0.49 124012 64272.5 19.99 102 10 198 37740 3700 73260 17.2 21.0 17.77 0.06
333900.0 310 100.52 0.46 125252 37374.11 0.46 15000 4950.16 0.49 5599777 2423303.89 19.99 310 142.3 0.49 124322 64414.8 19.99 102 10 198 37842 3710 73458 17.2 21.0 17.77 0.07
334800.0 310 100.52 0.46 125562 37474.63 0.46 15003 4951.46 0.49 5614780 2428255.35 19.99 310 142.3 0.49 124632 64557.11 19.99 102 10 198 37944 3720 73656 17.2 21.0 17.77 0.07
335700.0 376 100.67 0.46 125938 37575.3 0.46 15053 4949.71 0.49 5629833 2433205.06 19.99 370 142.31 0.49 125002 64699.41 19.99 102 10 198 38046 3730 73854 17.2 21.0 17.77 0.07
336600.0 354 101.3 0.46 126292 37676.61 0.46 15016 4948.83 0.49 5644849 2438153.89 19.99 350 142.35 0.49 125352 64841.77 19.99 102 10 198 38148 3740 74052 17.2 21.0 17.77 0.07
337500.0 310 100.53 0.46 126602 37777.13 0.46 14985 4947.52 0.49 5659834 2443101.42 19.99 310 142.34 0.49 125662 64984.11 19.99 102 10 198 38250 3750 74250 17.2 21.0 17.78 0.07
338400.0 310 100.53 0.46 126912 37877.66 0.46 14991 4947.92 0.49 5674825 2448049.34 19.99 310 142.34 0.49 125972 65126.45 19.99 102 10 198 38352 3760 74448 17.2 21.0 17.79 0.07
339300.0 376 100.67 0.46 127288 37978.33 0.46 15043 4947.08 0.49 5689868 2452996.42 19.99 370 142.34 0.49 126342 65268.79 19.99 102 10 198 38454 3770 74646 17.2 21.0 17.79 0.07
340200.0 354 101.3 0.46 127642 38079.63 0.46 14993 4941.34 0.49 5704861 2457937.75 19.99 350 142.31 0.49 126692 65411.1 19.99 102 10 198 38556 3780 74844 17.2 21.0 17.79 0.07
341100.0 310 100.52 0.46 127952 38180.16 0.46 14943 4941.82 0.49 5719804 2462879.58 19.99 310 142.3 0.49 127002 65553.4 19.99 102 10 198 38658 3790 75042 17.2 21.0 17.8 0.07
342000.0 310 100.52 0.46 128262 38280.68 0.46 14940 4940.88 0.49 5734744 2467820.46 19.99 310 142.3 0.49 127312 65695.7 19.99 102 10 198 38760 3800 75240 17.2 21.0 17.8 0.07
342900.0 376 100.66 0.46 128638 38381.35 0.46 14995 4940.93 0.49 5749739 2472761.38 19.99 370 142.3 0.49 127682 65838.0 19.99 102 10 198 38862 3810 75438 17.2 21.0 17.8 0.07
343800.0 354 101.3 0.46 128992 38482.64 0.46 14957 4934.69 0.49 5764696 2477696.07 19.99 350 142.27 0.49 128032 65980.27 19.99 102 10 198 38964 3820 75636 17.2 21.0 17.8 0.07
344700.0 310 100.52 0.46 129302 38583.16 0.46 14924 4935.62 0.49 5779620 2482631.69 19.99 310 142.25 0.49 128342 66122.52 19.99 102 10 198 39066 3830 75834 17.2 21.0 17.8 0.08
345600.0 310 100.52 0.46 129612 38683.69 0.46 14921 4934.68 0.49 5794541 2487566.37 19.99 310 142.26 0.49 128652 66264.78 19.99 102 10 198 39168 3840 76032 17.2 21.0 17.8 0.08
