# seed = 3, gamma = 1.0, beta = 0.66, dee = 0.1, dcc = 5.0, dec = 10.0, dsCnd = 50.0, dLocalhost = 0.02, hostBroker = EDGE 
#
# The columns have the following meaning: 
# instant[SECONDS] commCountUploadPartial delaySumUploadPartial[SECONDS] delayMaxUploadPartial[SECONDS] commCountUploadTot delaySumUploadTot[SECONDS] delayMaxUploadTot[SECONDS] commCountDownloadPartial delaySumDownloadPartial[SECONDS] delayMaxDownloadPartial[SECONDS] commCountDownloadTot delaySumDownloadTot[SECONDS] delayMaxDownloadTot[SECONDS] commCountDownloadMaxPartial delaySumDownloadMaxPartial[SECONDS] delayMaxDownloadMaxPartial[SECONDS] commCountDownloadMaxTot delaySumDownloadMaxTot[SECONDS] delayMaxDownloadMaxTot[SECONDS] runOnCloudPartial runOnEdgePartial runOnSmartphonePartial runOnCloudTot runOnEdgeTot runOnSmartphoneTot minTemp maxTemp avgTemp varianceTemp
0.0 0 0.0 0.0 0 0.0 0.0 0 0.0 0.0 0 0.0 0.0 0 0.0 0.0 0 0.0 0.0 0 0 0 0 0 0 17.0 25.0 21.0 0.0
900.0 376 11.54 0.05 376 11.54 0.05 15972 1054.55 0.13 15972 1054.55 0.13 370 25.39 0.13 370 25.39 0.13 102 10 198 102 10 198 18.9 21.0 19.16 0.49
1800.0 356 12.25 0.36 732 23.78 0.36 16258 170078.64 20.48 32230 171133.2 20.48 352 3298.6 20.48 722 3323.99 20.48 102 10 198 204 20 396 18.6 21.0 18.9 0.02
2700.0 310 11.41 0.05 1042 35.19 0.36 15916 1097.69 0.13 48146 172230.88 20.48 310 26.22 0.13 1032 3350.2 20.48 102 10 198 306 30 594 17.6 18.9 18.29 0.05
3600.0 310 11.41 0.05 1352 46.6 0.36 15915 1097.77 0.13 64061 173328.65 20.48 310 26.21 0.13 1342 3376.42 20.48 102 10 198 408 40 792 17.6 18.9 18.24 0.05
4500.0 376 11.55 0.05 1728 58.15 0.36 15971 1097.75 0.13 80032 174426.4 20.48 370 26.22 0.13 1712 3402.64 20.48 102 10 198 510 50 990 17.6 18.7 18.24 0.05
5400.0 356 12.25 0.36 2084 70.41 0.36 16281 7464.7 20.54 96313 181891.1 20.54 352 46.8 20.54 2064 3449.43 20.54 102 10 198 612 60 1188 17.6 18.7 18.24 0.05
6300.0 310 11.41 0.05 2394 81.82 0.36 15959 1108.77 0.13 112272 182999.88 20.54 310 26.39 0.13 2374 3475.83 20.54 102 10 198 714 70 1386 17.6 18.7 18.24 0.05
7200.0 310 11.41 0.05 2704 93.23 0.36 15963 1108.97 0.13 128235 184108.85 20.54 310 26.39 0.13 2684 3502.22 20.54 102 10 198 816 80 1584 17.6 18.7 18.25 0.04
8100.0 376 11.55 0.05 3080 104.78 0.36 16020 1108.91 0.13 144255 185217.76 20.54 370 26.4 0.13 3054 3528.61 20.54 102 10 198 918 90 1782 17.6 18.7 18.25 0.04
9000.0 356 12.25 0.36 3436 117.04 0.36 16304 7463.82 20.54 160559 192681.58 20.54 352 46.81 20.54 3406 3575.42 20.54 102 10 198 1020 100 1980 17.6 18.7 18.25 0.04
9900.0 310 11.41 0.05 3746 128.45 0.36 15949 1106.09 0.13 176508 193787.68 20.54 310 26.36 0.13 3716 3601.78 20.54 102 10 198 1122 110 2178 17.6 18.7 18.23 0.04
10800.0 310 11.41 0.05 4056 139.86 0.36 15956 1106.28 0.13 192464 194893.95 20.54 310 26.36 0.13 4026 3628.14 20.54 102 10 198 1224 120 2376 17.6 18.7 18.16 0.05
11700.0 376 11.55 0.05 4432 151.41 0.36 16016 1106.18 0.13 208480 196000.14 20.54 370 26.37 0.13 4396 3654.51 20.54 102 10 198 1326 130 2574 17.6 18.7 18.16 0.05
12600.0 354 12.19 0.36 4786 163.6 0.36 15979 1110.16 0.13 224459 197110.3 20.54 350 26.44 0.13 4746 3680.94 20.54 102 10 198 1428 140 2772 17.6 18.7 18.16 0.05
13500.0 310 11.41 0.05 5096 175.01 0.36 15900 1109.12 0.13 240359 198219.42 20.54 310 26.44 0.13 5056 3707.38 20.54 102 10 198 1530 150 2970 17.6 18.7 18.15 0.04
14400.0 310 11.41 0.05 5406 186.42 0.36 15897 1109.33 0.13 256256 199328.75 20.54 310 26.44 0.13 5366 3733.82 20.54 102 10 198 1632 160 3168 17.6 18.7 18.14 0.05
15300.0 376 11.55 0.05 5782 197.97 0.36 15956 1109.2 0.13 272212 200437.95 20.54 370 26.45 0.13 5736 3760.27 20.54 102 10 198 1734 170 3366 17.6 18.7 18.14 0.05
16200.0 354 12.19 0.36 6136 210.16 0.36 15930 1104.22 0.13 288142 201542.17 20.54 350 26.34 0.13 6086 3786.61 20.54 102 10 198 1836 180 3564 17.6 18.7 18.14 0.04
17100.0 310 11.41 0.05 6446 221.57 0.36 15896 1100.4 0.13 304038 202642.57 20.54 310 26.26 0.13 6396 3812.87 20.54 102 10 198 1938 190 3762 17.6 18.7 18.12 0.04
18000.0 310 11.41 0.05 6756 232.98 0.36 15899 1100.54 0.13 319937 203743.11 20.54 310 26.26 0.13 6706 3839.13 20.54 102 10 198 2040 200 3960 17.6 18.7 18.11 0.04
18900.0 376 11.55 0.05 7132 244.53 0.36 15956 1100.47 0.13 335893 204843.57 20.54 370 26.27 0.13 7076 3865.4 20.54 102 10 198 2142 210 4158 17.6 18.6 18.11 0.04
19800.0 354 12.19 0.36 7486 256.71 0.36 15928 1105.47 0.13 351821 205949.04 20.54 350 26.37 0.13 7426 3891.77 20.54 102 10 198 2244 220 4356 17.6 18.6 18.11 0.04
20700.0 310 11.41 0.05 7796 268.12 0.36 15897 1105.33 0.13 367718 207054.37 20.54 310 26.37 0.13 7736 3918.13 20.54 102 10 198 2346 230 4554 17.6 18.6 18.08 0.03
21600.0 310 11.41 0.05 8106 279.53 0.36 15901 1105.47 0.13 383619 208159.85 20.54 310 26.37 0.13 8046 3944.5 20.54 102 10 198 2448 240 4752 17.6 18.6 18.07 0.03
22500.0 376 11.55 0.05 8482 291.08 0.36 15960 1105.4 0.13 399579 209265.25 20.54 370 26.37 0.13 8416 3970.87 20.54 102 10 198 2550 250 4950 17.6 18.6 18.07 0.03
23400.0 354 12.19 0.36 8836 303.27 0.36 15922 1108.02 0.13 415501 210373.26 20.54 350 26.41 0.13 8766 3997.29 20.54 102 10 198 2652 260 5148 17.6 18.6 18.07 0.03
24300.0 310 11.41 0.05 9146 314.69 0.36 15881 1111.55 0.13 431382 211484.81 20.54 310 26.49 0.13 9076 4023.78 20.54 102 10 198 2754 270 5346 17.5 18.6 18.05 0.03
25200.0 310 11.41 0.05 9456 326.1 0.36 15886 1111.74 0.13 447268 212596.55 20.54 310 26.49 0.13 9386 4050.26 20.54 102 10 198 2856 280 5544 17.5 18.6 18.04 0.03
26100.0 376 11.56 0.05 9832 337.65 0.36 15946 1111.63 0.13 463214 213708.18 20.54 370 26.49 0.13 9756 4076.75 20.54 102 10 198 2958 290 5742 17.5 18.6 18.04 0.03
27000.0 354 12.19 0.36 10186 349.84 0.36 15915 1111.62 0.13 479129 214819.8 20.54 350 26.49 0.13 10106 4103.24 20.54 102 10 198 3060 300 5940 17.5 18.6 18.04 0.03
27900.0 310 11.41 0.05 10496 361.25 0.36 15885 1107.57 0.13 495014 215927.37 20.54 310 26.4 0.13 10416 4129.64 20.54 102 10 198 3162 310 6138 17.5 18.6 18.01 0.03
28800.0 310 11.41 0.05 10806 372.67 0.36 15893 1107.7 0.13 510907 217035.08 20.54 310 26.4 0.13 10726 4156.05 20.54 102 10 198 3264 320 6336 17.5 18.6 18.0 0.03
29700.0 376 11.55 0.05 11182 384.22 0.36 15949 1107.58 0.13 526856 218142.66 20.54 370 26.41 0.13 11096 4182.46 20.54 102 10 198 3366 330 6534 17.5 18.6 18.0 0.03
30600.0 354 12.19 0.36 11536 396.41 0.36 15911 1107.16 0.13 542767 219249.82 20.54 350 26.4 0.13 11446 4208.86 20.54 102 10 198 3468 340 6732 17.5 18.6 18.0 0.03
31500.0 310 11.41 0.05 11846 407.82 0.36 15881 1111.54 0.13 558648 220361.37 20.54 310 26.49 0.13 11756 4235.35 20.54 102 10 198 3570 350 6930 17.4 18.6 17.97 0.03
32400.0 310 11.41 0.05 12156 419.23 0.36 15889 1111.74 0.13 574537 221473.1 20.54 310 26.49 0.13 12066 4261.84 20.54 102 10 198 3672 360 7128 17.4 18.6 17.96 0.03
33300.0 376 11.56 0.05 12532 430.79 0.36 15946 1111.63 0.13 590483 222584.74 20.54 370 26.49 0.13 12436 4288.33 20.54 102 10 198 3774 370 7326 17.4 18.5 17.96 0.03
34200.0 354 12.19 0.36 12886 442.98 0.36 15908 1111.38 0.13 606391 223696.12 20.54 350 26.49 0.13 12786 4314.82 20.54 102 10 198 3876 380 7524 17.4 18.5 17.95 0.03
35100.0 310 11.41 0.05 13196 454.39 0.36 15874 1111.19 0.13 622265 224807.3 20.54 310 26.49 0.13 13096 4341.3 20.54 102 10 198 3978 390 7722 17.4 18.5 17.93 0.03
36000.0 310 11.41 0.05 13506 465.8 0.36 15886 1111.62 0.13 638151 225918.92 20.54 310 26.49 0.13 13406 4367.79 20.54 102 10 198 4080 400 7920 17.4 18.5 17.91 0.03
36900.0 376 11.56 0.05 13882 477.36 0.36 15946 1111.51 0.13 654097 227030.43 20.54 370 26.49 0.13 13776 4394.28 20.54 102 10 198 4182 410 8118 17.4 18.5 17.91 0.03
37800.0 354 12.19 0.36 14236 489.55 0.36 15902 1104.98 0.13 669999 228135.41 20.54 350 26.37 0.13 14126 4420.65 20.54 102 10 198 4284 420 8316 17.4 18.5 17.91 0.03
38700.0 310 11.41 0.05 14546 500.96 0.36 15866 1104.82 0.13 685865 229240.24 20.54 310 26.37 0.13 14436 4447.02 20.54 102 10 198 4386 430 8514 17.3 18.5 17.89 0.03
39600.0 310 11.41 0.05 14856 512.37 0.36 15879 1105.16 0.13 701744 230345.39 20.54 310 26.37 0.13 14746 4473.38 20.54 102 10 198 4488 440 8712 17.3 18.5 17.87 0.04
40500.0 376 11.55 0.05 15232 523.92 0.36 15935 1104.95 0.13 717679 231450.35 20.54 370 26.37 0.13 15116 4499.75 20.54 102 10 198 4590 450 8910 17.3 18.5 17.87 0.04
41400.0 354 12.19 0.36 15586 536.11 0.36 15899 1111.14 0.13 733578 232561.49 20.54 350 26.49 0.13 15466 4526.24 20.54 102 10 198 4692 460 9108 17.3 18.5 17.87 0.04
42300.0 310 11.41 0.05 15896 547.52 0.36 15870 1107.47 0.13 749448 233668.95 20.54 310 26.41 0.13 15776 4552.66 20.54 102 10 198 4794 470 9306 17.3 18.5 17.85 0.04
43200.0 310 11.41 0.05 16206 558.93 0.36 15884 1107.72 0.13 765332 234776.67 20.54 310 26.41 0.13 16086 4579.07 20.54 102 10 198 4896 480 9504 17.2 18.5 17.83 0.04
44100.0 376 11.55 0.05 16582 570.48 0.36 15943 1107.6 0.13 781275 235884.27 20.54 370 26.42 0.13 16456 4605.49 20.54 102 10 198 4998 490 9702 17.2 18.4 17.83 0.04
45000.0 354 12.19 0.36 16936 582.67 0.36 15900 1107.42 0.13 797175 236991.69 20.54 350 26.41 0.13 16806 4631.9 20.54 102 10 198 5100 500 9900 17.2 18.4 17.83 0.04
45900.0 310 11.41 0.05 17246 594.08 0.36 15865 1106.62 0.13 813040 238098.31 20.54 310 26.4 0.13 17116 4658.3 20.54 102 10 198 5202 510 10098 17.2 18.5 17.8 0.05
46800.0 310 11.41 0.05 17556 605.49 0.36 15884 1107.04 0.13 828924 239205.35 20.54 310 26.4 0.13 17426 4684.7 20.54 102 10 198 5304 520 10296 17.2 18.5 17.79 0.05
47700.0 376 11.55 0.05 17932 617.05 0.36 15943 1106.89 0.13 844867 240312.24 20.54 370 26.4 0.13 17796 4711.1 20.54 102 10 198 5406 530 10494 17.2 18.5 17.79 0.05
48600.0 354 12.19 0.36 18286 629.24 0.36 15899 1106.56 0.13 860766 241418.79 20.54 350 26.4 0.13 18146 4737.5 20.54 102 10 198 5508 540 10692 17.2 18.5 17.79 0.06
49500.0 310 11.41 0.05 18596 640.65 0.36 15873 1111.55 0.13 876639 242530.34 20.54 310 26.49 0.13 18456 4763.99 20.54 102 10 198 5610 550 10890 17.1 18.5 17.75 0.06
50400.0 310 11.41 0.05 18906 652.06 0.36 15883 1111.8 0.13 892522 243642.14 20.54 310 26.49 0.13 18766 4790.47 20.54 102 10 198 5712 560 11088 17.1 18.5 17.74 0.07
51300.0 376 11.56 0.05 19282 663.62 0.36 15941 1111.57 0.13 908463 244753.71 20.54 370 26.49 0.13 19136 4816.97 20.54 102 10 198 5814 570 11286 17.1 18.5 17.74 0.07
52200.0 354 12.19 0.36 19636 675.81 0.36 15892 1111.02 0.13 924355 245864.73 20.54 350 26.49 0.13 19486 4843.45 20.54 102 10 198 5916 580 11484 17.1 18.5 17.74 0.07
53100.0 310 11.41 0.05 19946 687.22 0.36 15856 1110.89 0.13 940211 246975.62 20.54 310 26.49 0.13 19796 4869.94 20.54 102 10 198 6018 590 11682 17.1 18.6 17.73 0.07
54000.0 310 11.41 0.05 20256 698.63 0.36 15861 1111.02 0.13 956072 248086.64 20.54 310 26.49 0.13 20106 4896.43 20.54 102 10 198 6120 600 11880 17.1 18.6 17.71 0.07
54900.0 376 11.56 0.05 20632 710.19 0.36 15918 1110.85 0.13 971990 249197.49 20.54 370 26.49 0.13 20476 4922.92 20.54 102 10 198 6222 610 12078 17.1 18.6 17.71 0.07
55800.0 354 12.19 0.36 20986 722.38 0.36 15884 1110.84 0.13 987874 250308.33 20.54 350 26.49 0.13 20826 4949.41 20.54 102 10 198 6324 620 12276 17.1 18.6 17.71 0.07
56700.0 310 11.41 0.05 21296 733.79 0.36 15861 1111.25 0.13 1003735 251419.57 20.54 310 26.49 0.13 21136 4975.89 20.54 102 10 198 6426 630 12474 17.1 18.6 17.69 0.08
57600.0 310 11.41 0.05 21606 745.2 0.36 15871 1111.38 0.13 1019606 252530.95 20.54 310 26.49 0.13 21446 5002.38 20.54 102 10 198 6528 640 12672 17.1 18.6 17.68 0.09
58500.0 376 11.56 0.05 21982 756.76 0.36 15931 1111.27 0.13 1035537 253642.22 20.54 370 26.49 0.13 21816 5028.87 20.54 102 10 198 6630 650 12870 17.1 18.6 17.68 0.09
59400.0 354 12.19 0.36 22336 768.95 0.36 15880 1108.01 0.13 1051417 254750.23 20.54 350 26.44 0.13 22166 5055.31 20.54 102 10 198 6732 660 13068 17.1 18.6 17.68 0.09
60300.0 310 11.41 0.05 22646 780.36 0.36 15851 1108.16 0.13 1067268 255858.39 20.54 310 26.44 0.13 22476 5081.75 20.54 102 10 198 6834 670 13266 17.0 18.6 17.66 0.1
61200.0 310 11.41 0.05 22956 791.77 0.36 15869 1108.67 0.13 1083137 256967.06 20.54 310 26.44 0.13 22786 5108.19 20.54 102 10 198 6936 680 13464 17.0 18.6 17.64 0.1
62100.0 376 11.55 0.05 23332 803.32 0.36 15928 1108.54 0.13 1099065 258075.6 20.54 370 26.45 0.13 23156 5134.64 20.54 102 10 198 7038 690 13662 17.0 18.6 17.64 0.1
63000.0 354 12.19 0.36 23686 815.51 0.36 15887 1101.2 0.13 1114952 259176.8 20.54 350 26.3 0.13 23506 5160.94 20.54 102 10 198 7140 700 13860 17.0 18.6 17.64 0.1
63900.0 310 11.41 0.05 23996 826.92 0.36 15845 1096.91 0.13 1130797 260273.71 20.54 310 26.23 0.13 23816 5187.17 20.54 102 10 198 7242 710 14058 17.0 18.6 17.63 0.11
64800.0 310 11.41 0.05 24306 838.32 0.36 15850 1097.1 0.13 1146647 261370.81 20.54 310 26.23 0.13 24126 5213.39 20.54 102 10 198 7344 720 14256 17.0 18.6 17.62 0.11
65700.0 376 11.55 0.05 24682 849.87 0.36 15910 1097.03 0.13 1162557 262467.84 20.54 370 26.23 0.13 24496 5239.63 20.54 102 10 198 7446 730 14454 17.0 18.6 17.62 0.11
66600.0 354 12.18 0.36 25036 862.05 0.36 15873 1095.05 0.13 1178430 263562.89 20.54 350 26.19 0.13 24846 5265.81 20.54 102 10 198 7548 740 14652 17.0 18.6 17.62 0.11
67500.0 310 11.41 0.05 25346 873.46 0.36 15843 1089.93 0.13 1194273 264652.82 20.54 310 26.09 0.13 25156 5291.9 20.54 102 10 198 7650 750 14850 17.0 18.7 17.61 0.12
68400.0 310 11.41 0.05 25656 884.87 0.36 15844 1089.99 0.13 1210117 265742.81 20.54 310 26.08 0.13 25466 5317.98 20.54 102 10 198 7752 760 15048 17.0 18.7 17.61 0.12
69300.0 376 11.55 0.05 26032 896.41 0.36 15904 1089.94 0.13 1226021 266832.75 20.54 370 26.09 0.13 25836 5344.07 20.54 102 10 198 7854 770 15246 17.0 18.7 17.61 0.12
70200.0 354 12.18 0.36 26386 908.6 0.36 15860 1094.35 0.13 1241881 267927.1 20.54 350 26.18 0.13 26186 5370.25 20.54 102 10 198 7956 780 15444 17.0 18.7 17.61 0.12
71100.0 310 11.41 0.05 26696 920.0 0.36 15832 1095.77 0.13 1257713 269022.87 20.54 310 26.2 0.13 26496 5396.45 20.54 102 10 198 8058 790 15642 17.0 18.7 17.6 0.12
72000.0 310 11.41 0.05 27006 931.41 0.36 15847 1096.24 0.13 1273560 270119.11 20.54 310 26.2 0.13 26806 5422.66 20.54 102 10 198 8160 800 15840 17.0 18.7 17.59 0.12
72900.0 376 11.55 0.05 27382 942.96 0.36 15902 1096.13 0.13 1289462 271215.25 20.54 370 26.21 0.13 27176 5448.86 20.54 102 10 198 8262 810 16038 17.0 18.7 17.59 0.12
73800.0 354 12.18 0.36 27736 955.14 0.36 15870 1096.0 0.13 1305332 272311.25 20.54 350 26.2 0.13 27526 5475.07 20.54 102 10 198 8364 820 16236 17.0 18.7 17.59 0.12
74700.0 310 11.41 0.05 28046 966.55 0.36 15828 1099.71 0.13 1321160 273410.96 20.54 310 26.28 0.13 27836 5501.34 20.54 102 10 198 8466 830 16434 17.0 18.7 17.58 0.13
75600.0 310 11.41 0.05 28356 977.96 0.36 15829 1099.77 0.13 1336989 274510.73 20.54 310 26.28 0.13 28146 5527.62 20.54 102 10 198 8568 840 16632 17.0 18.7 17.58 0.12
76500.0 376 11.55 0.05 28732 989.51 0.36 15889 1099.72 0.13 1352878 275610.45 20.54 370 26.28 0.13 28516 5553.9 20.54 102 10 198 8670 850 16830 17.0 18.7 17.58 0.12
77400.0 354 12.18 0.36 29086 1001.7 0.36 15856 1096.62 0.13 1368734 276707.08 20.54 350 26.23 0.13 28866 5580.13 20.54 102 10 198 8772 860 17028 17.0 18.7 17.58 0.12
78300.0 310 11.41 0.05 29396 1013.1 0.36 15823 1096.49 0.13 1384557 277803.56 20.54 310 26.23 0.13 29176 5606.36 20.54 102 10 198 8874 870 17226 17.0 18.6 17.57 0.12
79200.0 310 11.41 0.05 29706 1024.51 0.36 15826 1096.68 0.13 1400383 278900.24 20.54 310 26.23 0.13 29486 5632.59 20.54 102 10 198 8976 880 17424 17.0 18.6 17.56 0.12
80100.0 376 11.55 0.05 30082 1036.06 0.36 15886 1096.61 0.13 1416269 279996.86 20.54 370 26.23 0.13 29856 5658.82 20.54 102 10 198 9078 890 17622 17.0 18.6 17.56 0.12
81000.0 354 12.19 0.36 30436 1048.24 0.36 15852 1098.75 0.13 1432121 281095.61 20.54 350 26.27 0.13 30206 5685.09 20.54 102 10 198 9180 900 17820 17.0 18.6 17.56 0.12
81900.0 310 11.41 0.05 30746 1059.65 0.36 15816 1102.63 0.13 1447937 282198.24 20.54 310 26.35 0.13 30516 5711.43 20.54 102 10 198 9282 910 18018 17.0 18.6 17.56 0.12
82800.0 310 11.41 0.05 31056 1071.06 0.36 15816 1102.67 0.13 1463753 283300.91 20.54 310 26.35 0.13 30826 5737.78 20.54 102 10 198 9384 920 18216 17.0 18.6 17.56 0.11
83700.0 376 11.55 0.05 31432 1082.61 0.36 15873 1102.6 0.13 1479626 284403.51 20.54 370 26.35 0.13 31196 5764.13 20.54 102 10 198 9486 930 18414 17.0 18.6 17.56 0.11
84600.0 354 12.19 0.36 31786 1094.8 0.36 15846 1102.61 0.13 1495472 285506.12 20.54 350 26.35 0.13 31546 5790.48 20.54 102 10 198 9588 940 18612 17.0 18.6 17.56 0.11
85500.0 310 11.41 0.05 32096 1106.21 0.36 15819 1097.81 0.13 1511291 286603.93 20.54 310 26.25 0.13 31856 5816.73 20.54 102 10 198 9690 950 18810 17.0 18.6 17.57 0.11
86400.0 310 11.41 0.05 32406 1117.62 0.36 15815 1097.73 0.13 1527106 287701.66 20.54 310 26.25 0.13 32166 5842.98 20.54 102 10 198 9792 960 19008 17.0 18.6 17.57 0.11
87300.0 376 11.55 0.05 32782 1129.17 0.36 15875 1097.65 0.13 1542981 288799.31 20.54 370 26.26 0.13 32536 5869.23 20.54 102 10 198 9894 970 19206 17.0 18.6 17.57 0.11
88200.0 354 12.19 0.36 33136 1141.36 0.36 15838 1105.41 0.13 1558819 289904.73 20.54 350 26.4 0.13 32886 5895.63 20.54 102 10 198 9996 980 19404 17.0 18.6 17.57 0.1
89100.0 310 11.41 0.05 33446 1152.77 0.36 15852 1110.77 0.13 1574671 291015.49 20.54 310 26.49 0.13 33196 5922.12 20.54 102 10 198 10098 990 19602 17.1 18.5 17.59 0.07
90000.0 310 11.41 0.05 33756 1164.18 0.36 15896 1111.74 0.13 1590567 292127.23 20.54 310 26.49 0.13 33506 5948.6 20.54 102 10 198 10200 1000 19800 17.1 18.5 17.67 0.05
90900.0 376 11.56 0.05 34132 1175.74 0.36 15956 1111.63 0.13 1606523 293238.86 20.54 370 26.49 0.13 33876 5975.1 20.54 102 10 198 10302 1010 19998 17.1 18.5 17.67 0.05
91800.0 354 12.18 0.36 34486 1187.92 0.36 15920 1099.15 0.13 1622443 294338.02 20.54 350 26.25 0.13 34226 6001.35 20.54 102 10 198 10404 1020 20196 17.1 21.3 17.71 0.12
92700.0 310 11.41 0.05 34796 1199.33 0.36 15935 1090.86 0.13 1638378 295428.88 20.54 310 26.07 0.13 34536 6027.41 20.54 102 10 198 10506 1030 20394 17.1 23.8 19.43 2.74
93600.0 310 11.41 0.05 35106 1210.73 0.36 15938 1090.91 0.13 1654316 296519.79 20.54 310 26.06 0.13 34846 6053.48 20.54 102 10 198 10608 1040 20592 17.1 23.8 20.66 4.85
94500.0 376 11.55 0.05 35482 1222.28 0.36 15996 1090.87 0.13 1670312 297610.66 20.54 370 26.07 0.13 35216 6079.55 20.54 102 10 198 10710 1050 20790 17.1 23.8 20.66 4.85
95400.0 354 12.18 0.36 35836 1234.46 0.36 15973 1090.91 0.13 1686285 298701.57 20.54 350 26.07 0.13 35566 6105.61 20.54 102 10 198 10812 1060 20988 17.1 23.9 20.67 4.86
96300.0 310 11.41 0.05 36146 1245.87 0.36 15933 1090.8 0.13 1702218 299792.37 20.54 310 26.07 0.13 35876 6131.68 20.54 102 10 198 10914 1070 21186 17.1 24.0 21.06 4.63
97200.0 310 11.41 0.05 36456 1257.27 0.36 15931 1090.79 0.13 1718149 300883.16 20.54 310 26.06 0.13 36186 6157.74 20.54 102 10 198 11016 1080 21384 17.4 24.0 21.17 4.73
98100.0 376 11.55 0.05 36832 1268.82 0.36 15988 1090.69 0.13 1734137 301973.85 20.54 370 26.07 0.13 36556 6183.82 20.54 102 10 198 11118 1090 21582 17.4 24.0 21.18 4.73
99000.0 354 12.18 0.36 37186 1281.0 0.36 15964 1084.75 0.13 1750101 303058.6 20.54 350 25.95 0.13 36906 6209.77 20.54 102 10 198 11220 1100 21780 17.4 24.0 21.19 4.68
99900.0 310 11.4 0.05 37496 1292.4 0.36 15928 1084.79 0.13 1766029 304143.39 20.54 310 25.96 0.13 37216 6235.73 20.54 102 10 198 11322 1110 21978 17.5 24.0 21.48 3.93
100800.0 310 11.4 0.05 37806 1303.81 0.36 15926 1084.81 0.13 1781955 305228.19 20.54 310 25.95 0.13 37526 6261.68 20.54 102 10 198 11424 1120 22176 17.7 24.0 21.53 3.89
101700.0 376 11.55 0.05 38182 1315.35 0.36 15985 1084.74 0.13 1797940 306312.93 20.54 370 25.96 0.13 37896 6287.64 20.54 102 10 198 11526 1130 22374 17.8 24.0 21.53 3.88
102600.0 354 12.18 0.36 38536 1327.53 0.36 15955 1083.62 0.13 1813895 307396.55 20.54 350 25.94 0.13 38246 6313.58 20.54 102 10 198 11628 1140 22572 17.8 24.0 21.54 3.85
103500.0 310 11.4 0.05 38846 1338.93 0.36 15924 1083.74 0.13 1829819 308480.3 20.54 310 25.94 0.13 38556 6339.52 20.54 102 10 198 11730 1150 22770 18.0 24.0 21.77 3.12
104400.0 310 11.4 0.05 39156 1350.33 0.36 15924 1083.8 0.13 1845743 309564.1 20.54 310 25.94 0.13 38866 6365.46 20.54 102 10 198 11832 1160 22968 18.2 24.0 21.83 3.09
105300.0 376 11.55 0.05 39532 1361.88 0.36 15983 1083.75 0.13 1861726 310647.85 20.54 370 25.95 0.13 39236 6391.4 20.54 102 10 198 11934 1170 23166 18.5 24.0 21.83 3.07
106200.0 354 12.18 0.36 39886 1374.06 0.36 15960 1076.37 0.13 1877686 311724.22 20.54 350 25.8 0.13 39586 6417.2 20.54 102 10 198 12036 1180 23364 18.5 24.0 21.83 3.07
107100.0 310 11.4 0.05 40196 1385.45 0.36 15922 1072.48 0.13 1893608 312796.7 20.54 310 25.72 0.13 39896 6442.92 20.54 102 10 198 12138 1190 23562 18.8 24.0 21.83 2.85
108000.0 310 11.4 0.05 40506 1396.85 0.36 15919 1072.48 0.13 1909527 313869.18 20.54 310 25.72 0.13 40206 6468.64 20.54 102 10 198 12240 1200 23760 18.8 24.0 21.83 2.85
108900.0 376 11.54 0.05 40882 1408.39 0.36 15979 1072.43 0.13 1925506 314941.61 20.54 370 25.73 0.13 40576 6494.37 20.54 102 10 198 12342 1210 23958 18.9 24.0 21.83 2.84
109800.0 354 12.17 0.36 41236 1420.57 0.36 15957 1072.42 0.13 1941463 316014.03 20.54 350 25.72 0.13 40926 6520.09 20.54 102 10 198 12444 1220 24156 18.9 24.0 21.83 2.84
110700.0 310 11.4 0.05 41546 1431.96 0.36 15918 1072.36 0.13 1957381 317086.39 20.54 310 25.72 0.13 41236 6545.82 20.54 102 10 198 12546 1230 24354 18.9 24.0 21.72 2.76
111600.0 310 11.4 0.05 41856 1443.36 0.36 15907 1072.06 0.13 1973288 318158.45 20.54 310 25.72 0.13 41546 6571.54 20.54 102 10 198 12648 1240 24552 18.9 23.9 21.65 2.65
112500.0 376 11.54 0.05 42232 1454.9 0.36 15967 1072.01 0.13 1989255 319230.46 20.54 370 25.73 0.13 41916 6597.26 20.54 102 10 198 12750 1250 24750 18.9 23.9 21.65 2.65
113400.0 354 12.17 0.36 42586 1467.08 0.36 15942 1072.0 0.13 2005197 320302.46 20.54 350 25.72 0.13 42266 6622.99 20.54 102 10 198 12852 1260 24948 18.9 23.9 21.68 2.64
114300.0 310 11.4 0.05 42896 1478.48 0.36 15911 1072.3 0.13 2021108 321374.76 20.54 310 25.72 0.13 42576 6648.71 20.54 102 10 198 12954 1270 25146 18.9 24.0 23.33 0.21
115200.0 310 11.4 0.05 43206 1489.87 0.36 15911 1072.36 0.13 2037019 322447.12 20.54 310 25.72 0.13 42886 6674.43 20.54 102 10 198 13056 1280 25344 18.9 24.0 23.5 0.1
116100.0 376 11.54 0.05 43582 1501.41 0.36 15970 1072.31 0.13 2052989 323519.43 20.54 370 25.73 0.13 43256 6700.16 20.54 102 10 198 13158 1290 25542 22.6 24.0 23.51 0.03
117000.0 354 12.17 0.36 43936 1513.59 0.36 15945 1072.3 0.13 2068934 324591.73 20.54 350 25.72 0.13 43606 6725.88 20.54 102 10 198 13260 1300 25740 22.6 24.0 23.51 0.03
117900.0 310 11.4 0.05 44246 1524.99 0.36 15905 1072.24 0.13 2084839 325663.97 20.54 310 25.72 0.13 43916 6751.6 20.54 102 10 198 13362 1310 25938 22.7 24.0 23.57 0.02
118800.0 310 11.4 0.05 44556 1536.38 0.36 15903 1072.3 0.13 2100742 326736.27 20.54 310 25.72 0.13 44226 6777.32 20.54 102 10 198 13464 1320 26136 22.7 24.0 23.59 0.02
119700.0 376 11.54 0.05 44932 1547.92 0.36 15963 1072.25 0.13 2116705 327808.52 20.54 370 25.73 0.13 44596 6803.05 20.54 102 10 198 13566 1330 26334 22.7 24.0 23.6 0.02
120600.0 354 12.17 0.36 45286 1560.1 0.36 15943 1072.3 0.13 2132648 328880.82 20.54 350 25.72 0.13 44946 6828.77 20.54 102 10 198 13668 1340 26532 22.7 24.0 23.6 0.02
121500.0 310 11.4 0.05 45596 1571.5 0.36 15903 1072.24 0.13 2148551 329953.06 20.54 310 25.72 0.13 45256 6854.49 20.54 102 10 198 13770 1350 26730 22.8 24.0 23.64 0.01
122400.0 310 11.4 0.05 45906 1582.89 0.36 15900 1072.18 0.13 2164451 331025.24 20.54 310 25.72 0.13 45566 6880.21 20.54 102 10 198 13872 1360 26928 22.8 24.0 23.66 0.01
123300.0 376 11.54 0.05 46282 1594.44 0.36 15960 1072.13 0.13 2180411 332097.36 20.54 370 25.73 0.13 45936 6905.94 20.54 102 10 198 13974 1370 27126 22.8 24.0 23.66 0.01
124200.0 354 12.17 0.36 46636 1606.61 0.36 15940 1072.18 0.13 2196351 333169.55 20.54 350 25.72 0.13 46286 6931.66 20.54 102 10 198 14076 1380 27324 22.8 24.0 23.67 0.01
125100.0 310 11.4 0.05 46946 1618.01 0.36 15896 1072.06 0.13 2212247 334241.61 20.54 310 25.72 0.13 46596 6957.39 20.54 102 10 198 14178 1390 27522 22.9 24.0 23.69 0.01
126000.0 310 11.4 0.05 47256 1629.41 0.36 15896 1072.12 0.13 2228143 335313.73 20.54 310 25.72 0.13 46906 6983.11 20.54 102 10 198 14280 1400 27720 22.9 24.0 23.72 0.01
126900.0 376 11.54 0.05 47632 1640.95 0.36 15954 1072.07 0.13 2244097 336385.79 20.54 370 25.73 0.13 47276 7008.83 20.54 102 10 198 14382 1410 27918 22.9 24.0 23.72 0.01
127800.0 354 12.17 0.36 47986 1653.12 0.36 15931 1072.0 0.13 2260028 337457.8 20.54 350 25.72 0.13 47626 7034.56 20.54 102 10 198 14484 1420 28116 22.9 24.0 23.72 0.01
128700.0 310 11.4 0.05 48296 1664.52 0.36 15891 1071.94 0.13 2275919 338529.73 20.54 310 25.72 0.13 47936 7060.28 20.54 102 10 198 14586 1430 28314 23.1 24.0 23.75 0.01
129600.0 310 11.4 0.05 48606 1675.92 0.36 15890 1071.94 0.13 2291809 339601.67 20.54 310 25.72 0.13 48246 7086.0 20.54 102 10 198 14688 1440 28512 23.1 24.0 23.76 0.01
130500.0 376 11.54 0.05 48982 1687.46 0.36 15948 1071.89 0.13 2307757 340673.56 20.54 370 25.73 0.13 48616 7111.73 20.54 102 10 198 14790 1450 28710 23.1 24.0 23.76 0.01
131400.0 354 12.17 0.36 49336 1699.63 0.36 15928 1071.94 0.13 2323685 341745.5 20.54 350 25.72 0.13 48966 7137.45 20.54 102 10 198 14892 1460 28908 23.1 24.0 23.77 0.01
132300.0 310 11.4 0.05 49646 1711.03 0.36 15886 1071.82 0.13 2339571 342817.32 20.54 310 25.72 0.13 49276 7163.17 20.54 102 10 198 14994 1470 29106 23.2 24.0 23.78 0.01
133200.0 310 11.4 0.05 49956 1722.43 0.36 15882 1071.82 0.13 2355453 343889.14 20.54 310 25.72 0.13 49586 7188.89 20.54 102 10 198 15096 1480 29304 23.2 24.0 23.79 0.01
134100.0 376 11.54 0.05 50332 1733.97 0.36 15942 1071.77 0.13 2371395 344960.91 20.54 370 25.73 0.13 49956 7214.62 20.54 102 10 198 15198 1490 29502 23.2 24.0 23.8 0.01
135000.0 354 12.17 0.36 50686 1746.14 0.36 15922 1071.82 0.13 2387317 346032.73 20.54 350 25.72 0.13 50306 7240.34 20.54 102 10 198 15300 1500 29700 23.2 24.0 23.8 0.01
135900.0 310 11.4 0.05 50996 1757.54 0.36 15880 1071.76 0.13 2403197 347104.49 20.54 310 25.72 0.13 50616 7266.06 20.54 102 10 198 15402 1510 29898 23.3 24.0 23.83 0.01
136800.0 310 11.4 0.05 51306 1768.94 0.36 15879 1071.76 0.13 2419076 348176.25 20.54 310 25.72 0.13 50926 7291.79 20.54 102 10 198 15504 1520 30096 23.3 24.0 23.84 0.01
137700.0 376 11.54 0.05 51682 1780.48 0.36 15938 1071.65 0.13 2435014 349247.9 20.54 370 25.73 0.13 51296 7317.51 20.54 102 10 198 15606 1530 30294 23.3 24.0 23.84 0.01
138600.0 354 12.17 0.36 52036 1792.65 0.36 15914 1071.7 0.13 2450928 350319.6 20.54 350 25.72 0.13 51646 7343.23 20.54 102 10 198 15708 1540 30492 23.3 24.0 23.84 0.01
139500.0 310 11.4 0.05 52346 1804.05 0.36 15874 1071.64 0.13 2466802 351391.24 20.54 310 25.72 0.13 51956 7368.96 20.54 102 10 198 15810 1550 30690 23.4 24.0 23.85 0.01
140400.0 310 11.4 0.05 52656 1815.45 0.36 15874 1071.7 0.13 2482676 352462.94 20.54 310 25.72 0.13 52266 7394.68 20.54 102 10 198 15912 1560 30888 23.4 24.0 23.85 0.01
141300.0 376 11.54 0.05 53032 1826.99 0.36 15930 1071.53 0.13 2498606 353534.47 20.54 370 25.73 0.13 52636 7420.41 20.54 102 10 198 16014 1570 31086 23.4 24.0 23.85 0.01
142200.0 354 12.17 0.36 53386 1839.16 0.36 15910 1071.58 0.13 2514516 354606.05 20.54 350 25.72 0.13 52986 7446.13 20.54 102 10 198 16116 1580 31284 23.4 24.0 23.85 0.01
143100.0 310 11.4 0.05 53696 1850.56 0.36 15870 1071.52 0.13 2530386 355677.57 20.54 310 25.72 0.13 53296 7471.85 20.54 102 10 198 16218 1590 31482 23.5 24.0 23.88 0.01
144000.0 310 11.4 0.05 54006 1861.96 0.36 15869 1071.52 0.13 2546255 356749.09 20.54 310 25.72 0.13 53606 7497.57 20.54 102 10 198 16320 1600 31680 23.5 24.0 23.88 0.01
144900.0 376 11.54 0.05 54382 1873.5 0.36 15929 1071.47 0.13 2562184 357820.55 20.54 370 25.73 0.13 53976 7523.3 20.54 102 10 198 16422 1610 31878 23.5 24.0 23.88 0.01
145800.0 354 12.17 0.36 54736 1885.68 0.36 15908 1071.46 0.13 2578092 358892.02 20.54 350 25.72 0.13 54326 7549.02 20.54 102 10 198 16524 1620 32076 23.5 24.0 23.88 0.01
146700.0 310 11.4 0.05 55046 1897.07 0.36 15863 1071.34 0.13 2593955 359963.35 20.54 310 25.72 0.13 54636 7574.74 20.54 102 10 198 16626 1630 32274 23.6 24.0 23.88 0.01
147600.0 310 11.4 0.05 55356 1908.47 0.36 15863 1071.4 0.13 2609818 361034.76 20.54 310 25.72 0.13 54946 7600.46 20.54 102 10 198 16728 1640 32472 23.6 24.0 23.88 0.01
148500.0 376 11.54 0.05 55732 1920.01 0.36 15920 1071.29 0.13 2625738 362106.04 20.54 370 25.73 0.13 55316 7626.19 20.54 102 10 198 16830 1650 32670 23.6 24.0 23.88 0.01
149400.0 354 12.17 0.36 56086 1932.19 0.36 15894 1071.16 0.13 2641632 363177.2 20.54 350 25.72 0.13 55666 7651.91 20.54 102 10 198 16932 1660 32868 23.6 24.0 23.89 0.01
150300.0 310 11.4 0.05 56396 1943.58 0.36 15853 1071.1 0.13 2657485 364248.3 20.54 310 25.72 0.13 55976 7677.64 20.54 102 10 198 17034 1670 33066 23.7 24.0 23.89 0.01
151200.0 310 11.4 0.05 56706 1954.98 0.36 15852 1071.16 0.13 2673337 365319.46 20.54 310 25.72 0.13 56286 7703.36 20.54 102 10 198 17136 1680 33264 23.7 24.0 23.9 0.01
152100.0 376 11.54 0.05 57082 1966.52 0.36 15911 1071.11 0.13 2689248 366390.57 20.54 370 25.73 0.13 56656 7729.08 20.54 102 10 198 17238 1690 33462 23.7 24.0 23.9 0.01
153000.0 354 12.17 0.36 57436 1978.7 0.36 15891 1071.16 0.13 2705139 367461.73 20.54 350 25.72 0.13 57006 7754.81 20.54 102 10 198 17340 1700 33660 23.7 24.0 23.9 0.01
153900.0 310 11.4 0.05 57746 1990.1 0.36 15851 1071.1 0.13 2720990 368532.83 20.54 310 25.72 0.13 57316 7780.53 20.54 102 10 198 17442 1710 33858 23.6 24.0 23.89 0.01
154800.0 310 11.4 0.05 58056 2001.49 0.36 15847 1071.1 0.13 2736837 369603.93 20.54 310 25.72 0.13 57626 7806.25 20.54 102 10 198 17544 1720 34056 23.6 24.0 23.89 0.01
155700.0 376 11.54 0.05 58432 2013.03 0.36 15907 1071.05 0.13 2752744 370674.98 20.54 370 25.73 0.13 57996 7831.98 20.54 102 10 198 17646 1730 34254 23.6 24.0 23.89 0.01
156600.0 354 12.17 0.36 58786 2025.21 0.36 15885 1071.1 0.13 2768629 371746.08 20.54 350 25.72 0.13 58346 7857.7 20.54 102 10 198 17748 1740 34452 23.6 24.0 23.89 0.01
157500.0 310 11.4 0.05 59096 2036.61 0.36 15844 1070.98 0.13 2784473 372817.06 20.54 310 25.72 0.13 58656 7883.42 20.54 102 10 198 17850 1750 34650 23.5 24.0 23.88 0.01
158400.0 310 11.4 0.05 59406 2048.0 0.36 15844 1071.04 0.13 2800317 373888.1 20.54 310 25.72 0.13 58966 7909.14 20.54 102 10 198 17952 1760 34848 23.5 24.0 23.88 0.01
159300.0 376 11.54 0.05 59782 2059.54 0.36 15900 1070.99 0.13 2816217 374959.08 20.54 370 25.73 0.13 59336 7934.87 20.54 102 10 198 18054 1770 35046 23.5 24.0 23.88 0.01
160200.0 354 12.17 0.36 60136 2071.72 0.36 15876 1070.92 0.13 2832093 376030.01 20.54 350 25.72 0.13 59686 7960.59 20.54 102 10 198 18156 1780 35244 23.5 24.0 23.88 0.01
161100.0 310 11.4 0.05 60446 2083.12 0.36 15836 1070.86 0.13 2847929 377100.86 20.54 310 25.72 0.13 59996 7986.31 20.54 102 10 198 18258 1790 35442 23.4 24.0 23.86 0.01
162000.0 310 11.4 0.05 60756 2094.51 0.36 15835 1070.92 0.13 2863764 378171.78 20.54 310 25.72 0.13 60306 8012.03 20.54 102 10 198 18360 1800 35640 23.4 24.0 23.86 0.01
162900.0 376 11.54 0.05 61132 2106.05 0.36 15894 1070.86 0.13 2879658 379242.64 20.54 370 25.72 0.13 60676 8037.76 20.54 102 10 198 18462 1810 35838 23.4 24.0 23.86 0.01
163800.0 354 12.17 0.36 61486 2118.23 0.36 15874 1070.92 0.13 2895532 380313.56 20.54 350 25.72 0.13 61026 8063.48 20.54 102 10 198 18564 1820 36036 23.4 24.0 23.86 0.01
164700.0 310 11.4 0.05 61796 2129.62 0.36 15833 1070.8 0.13 2911365 381384.36 20.54 310 25.72 0.13 61336 8089.2 20.54 102 10 198 18666 1830 36234 23.3 24.0 23.83 0.02
165600.0 310 11.4 0.05 62106 2141.02 0.36 15832 1070.8 0.13 2927197 382455.16 20.54 310 25.72 0.13 61646 8114.92 20.54 102 10 198 18768 1840 36432 23.3 24.0 23.82 0.02
166500.0 376 11.54 0.05 62482 2152.56 0.36 15892 1070.75 0.13 2943089 383525.91 20.54 370 25.73 0.13 62016 8140.65 20.54 102 10 198 18870 1850 36630 23.3 24.0 23.82 0.02
167400.0 354 12.17 0.36 62836 2164.74 0.36 15871 1070.8 0.13 2958960 384596.71 20.54 350 25.72 0.13 62366 8166.37 20.54 102 10 198 18972 1860 36828 23.3 24.0 23.82 0.02
168300.0 310 11.4 0.05 63146 2176.14 0.36 15831 1070.74 0.13 2974791 385667.45 20.54 310 25.72 0.13 62676 8192.1 20.54 102 10 198 19074 1870 37026 23.2 24.0 23.8 0.02
169200.0 310 11.4 0.05 63456 2187.53 0.36 15828 1070.74 0.13 2990619 386738.19 20.54 310 25.72 0.13 62986 8217.82 20.54 102 10 198 19176 1880 37224 23.2 24.0 23.79 0.02
170100.0 376 11.54 0.05 63832 2199.07 0.36 15888 1070.68 0.13 3006507 387808.87 20.54 370 25.72 0.13 63356 8243.54 20.54 102 10 198 19278 1890 37422 23.2 24.0 23.79 0.02
171000.0 354 12.17 0.36 64186 2211.25 0.36 15865 1070.62 0.13 3022372 388879.49 20.54 350 25.72 0.13 63706 8269.26 20.54 102 10 198 19380 1900 37620 23.2 24.0 23.79 0.02
171900.0 310 11.4 0.05 64496 2222.64 0.36 15822 1070.44 0.13 3038194 389949.93 20.54 310 25.72 0.13 64016 8294.99 20.54 102 10 198 19482 1910 37818 23.1 24.0 23.76 0.03
172800.0 310 11.4 0.05 64806 2234.04 0.36 15820 1070.5 0.13 3054014 391020.43 20.54 310 25.72 0.13 64326 8320.71 20.54 102 10 198 19584 1920 38016 23.1 24.0 23.74 0.02
173700.0 376 11.54 0.05 65182 2245.58 0.36 15876 1070.27 0.13 3069890 392090.69 20.54 370 25.73 0.13 64696 8346.43 20.54 102 10 198 19686 1930 38214 23.1 24.0 23.74 0.02
174600.0 354 12.17 0.36 65536 2257.76 0.36 15856 1070.32 0.13 3085746 393161.02 20.54 350 25.72 0.13 65046 8372.16 20.54 102 10 198 19788 1940 38412 23.1 24.0 23.74 0.02
175500.0 310 11.4 0.05 65846 2269.15 0.36 15817 1070.32 0.13 3101563 394231.33 20.54 310 25.72 0.13 65356 8397.88 20.54 102 10 198 19890 1950 38610 22.9 24.0 23.69 0.03
176400.0 310 11.4 0.05 66156 2280.55 0.36 15813 1070.44 0.13 3117376 395301.77 20.54 310 25.72 0.13 65666 8423.6 20.54 102 10 198 19992 1960 38808 22.9 23.9 23.68 0.03
177300.0 376 11.54 0.05 66532 2292.09 0.36 15872 1070.39 0.13 3133248 396372.16 20.54 370 25.73 0.13 66036 8449.33 20.54 102 10 198 20094 1970 39006 22.9 23.9 23.68 0.03
178200.0 354 12.17 0.36 66886 2304.27 0.36 15848 1070.32 0.13 3149096 397442.48 20.54 350 25.72 0.13 66386 8475.05 20.54 102 10 198 20196 1980 39204 22.9 23.9 23.68 0.03
179100.0 310 11.4 0.05 67196 2315.67 0.36 15811 1070.32 0.13 3164907 398512.8 20.54 310 25.72 0.13 66696 8500.77 20.54 102 10 198 20298 1990 39402 22.8 23.9 23.61 0.03
180000.0 310 11.4 0.05 67506 2327.06 0.36 15816 1070.56 0.13 3180723 399583.36 20.54 310 25.72 0.13 67006 8526.49 20.54 102 10 198 20400 2000 39600 22.8 23.9 23.58 0.02
180900.0 376 11.54 0.05 67882 2338.6 0.36 15875 1070.51 0.13 3196598 400653.87 20.54 370 25.73 0.13 67376 8552.22 20.54 102 10 198 20502 2010 39798 22.8 23.9 23.58 0.02
181800.0 354 12.17 0.36 68236 2350.78 0.36 15847 1070.44 0.13 3212445 401724.31 20.54 350 25.72 0.13 67726 8577.94 20.54 102 10 198 20604 2020 39996 22.8 23.9 23.58 0.02
182700.0 310 11.4 0.05 68546 2362.18 0.36 15812 1070.38 0.13 3228257 402794.68 20.54 310 25.72 0.13 68036 8603.66 20.54 102 10 198 20706 2030 40194 22.7 23.8 23.49 0.03
183600.0 310 11.4 0.05 68856 2373.57 0.36 15807 1070.5 0.13 3244064 403865.18 20.54 310 25.72 0.13 68346 8629.38 20.54 102 10 198 20808 2040 40392 22.7 23.8 23.45 0.02
184500.0 376 11.54 0.05 69232 2385.11 0.36 15862 1070.27 0.13 3259926 404935.45 20.54 370 25.73 0.13 68716 8655.11 20.54 102 10 198 20910 2050 40590 22.7 23.8 23.45 0.02
185400.0 354 12.17 0.36 69586 2397.29 0.36 15836 1070.26 0.13 3275762 406005.71 20.54 350 25.72 0.13 69066 8680.83 20.54 102 10 198 21012 2060 40788 22.7 23.8 23.44 0.02
186300.0 310 11.4 0.05 69896 2408.69 0.36 15803 1070.38 0.13 3291565 407076.09 20.54 310 25.72 0.13 69376 8706.56 20.54 102 10 198 21114 2070 40986 22.4 23.7 23.33 0.03
187200.0 310 11.4 0.05 70206 2420.08 0.36 15801 1070.38 0.13 3307366 408146.47 20.54 310 25.72 0.13 69686 8732.28 20.54 102 10 198 21216 2080 41184 22.4 23.7 23.27 0.02
188100.0 376 11.54 0.05 70582 2431.63 0.36 15860 1070.33 0.13 3323226 409216.8 20.54 370 25.73 0.13 70056 8758.0 20.54 102 10 198 21318 2090 41382 22.4 23.7 23.27 0.02
189000.0 354 12.17 0.36 70936 2443.8 0.36 15837 1070.32 0.13 3339063 410287.12 20.54 350 25.72 0.13 70406 8783.73 20.54 102 10 198 21420 2100 41580 22.4 23.7 23.27 0.02
189900.0 310 11.4 0.05 71246 2455.2 0.36 15795 1070.08 0.13 3354858 411357.19 20.54 310 25.72 0.13 70716 8809.45 20.54 102 10 198 21522 2110 41778 22.1 23.5 23.1 0.03
190800.0 310 11.4 0.05 71556 2466.6 0.36 15794 1070.2 0.13 3370652 412427.39 20.54 310 25.72 0.13 71026 8835.17 20.54 102 10 198 21624 2120 41976 22.1 23.5 23.02 0.02
191700.0 376 11.54 0.05 71932 2478.14 0.36 15850 1070.15 0.13 3386502 413497.54 20.54 370 25.73 0.13 71396 8860.9 20.54 102 10 198 21726 2130 42174 22.1 23.5 23.02 0.02
192600.0 354 12.17 0.36 72286 2490.31 0.36 15824 1070.08 0.13 3402326 414567.62 20.54 350 25.72 0.13 71746 8886.62 20.54 102 10 198 21828 2140 42372 22.1 23.5 23.02 0.02
193500.0 310 11.4 0.05 72596 2501.71 0.36 15785 1070.14 0.13 3418111 415637.76 20.54 310 25.72 0.13 72056 8912.34 20.54 102 10 198 21930 2150 42570 22.0 23.3 22.83 0.03
194400.0 310 11.4 0.05 72906 2513.11 0.36 15785 1070.08 0.13 3433896 416707.84 20.54 310 25.72 0.13 72366 8938.06 20.54 102 10 198 22032 2160 42768 22.0 23.3 22.73 0.02
195300.0 376 11.54 0.05 73282 2524.65 0.36 15838 1069.85 0.13 3449734 417777.68 20.54 370 25.73 0.13 72736 8963.79 20.54 102 10 198 22134 2170 42966 22.0 23.3 22.73 0.02
196200.0 354 12.17 0.36 73636 2536.82 0.36 15816 1069.84 0.13 3465550 418847.53 20.54 350 25.72 0.13 73086 8989.51 20.54 102 10 198 22236 2180 43164 22.0 23.3 22.73 0.02
197100.0 310 11.4 0.05 73946 2548.22 0.36 15780 1069.78 0.13 3481330 419917.3 20.54 310 25.72 0.13 73396 9015.23 20.54 102 10 198 22338 2190 43362 22.0 23.1 22.53 0.02
198000.0 310 11.4 0.05 74256 2559.62 0.36 15757 1069.42 0.13 3497087 420986.72 20.54 310 25.72 0.13 73706 9040.95 20.54 102 10 198 22440 2200 43560 22.0 23.1 22.42 0.02
198900.0 376 11.54 0.05 74632 2571.16 0.36 15817 1069.37 0.13 3512904 422056.09 20.54 370 25.73 0.13 74076 9066.68 20.54 102 10 198 22542 2210 43758 22.0 23.1 22.42 0.02
199800.0 354 12.17 0.36 74986 2583.33 0.36 15792 1069.18 0.13 3528696 423125.27 20.54 350 25.72 0.13 74426 9092.4 20.54 102 10 198 22644 2220 43956 22.0 23.1 22.42 0.02
200700.0 310 11.4 0.05 75296 2594.73 0.36 15762 1069.48 0.13 3544458 424194.75 20.54 310 25.72 0.13 74736 9118.13 20.54 102 10 198 22746 2230 44154 22.0 22.8 22.26 0.01
201600.0 310 11.4 0.05 75606 2606.13 0.36 15762 1069.54 0.13 3560220 425264.29 20.54 310 25.72 0.13 75046 9143.85 20.54 102 10 198 22848 2240 44352 22.0 22.8 22.19 0.02
202500.0 376 11.54 0.05 75982 2617.67 0.36 15822 1069.49 0.13 3576042 426333.77 20.54 370 25.73 0.13 75416 9169.57 20.54 102 10 198 22950 2250 44550 22.0 22.8 22.19 0.02
203400.0 354 12.17 0.36 76336 2629.84 0.36 15797 1069.36 0.13 3591839 427403.13 20.54 350 25.72 0.13 75766 9195.3 20.54 102 10 198 23052 2260 44748 22.0 22.8 22.19 0.02
204300.0 310 11.4 0.05 76646 2641.24 0.36 15765 1069.54 0.13 3607604 428472.67 20.54 310 25.72 0.13 76076 9221.02 20.54 102 10 198 23154 2270 44946 22.0 22.6 22.07 0.01
205200.0 310 11.4 0.05 76956 2652.64 0.36 15764 1069.54 0.13 3623368 429542.21 20.54 310 25.72 0.13 76386 9246.74 20.54 102 10 198 23256 2280 45144 22.0 22.6 22.06 0.01
206100.0 376 11.54 0.05 77332 2664.18 0.36 15824 1069.48 0.13 3639192 430611.69 20.54 370 25.72 0.13 76756 9272.46 20.54 102 10 198 23358 2290 45342 22.0 22.6 22.06 0.01
207000.0 354 12.17 0.36 77686 2676.35 0.36 15794 1069.24 0.13 3654986 431680.93 20.54 350 25.72 0.13 77106 9298.19 20.54 102 10 198 23460 2300 45540 22.0 22.6 22.06 0.01
207900.0 310 11.4 0.05 77996 2687.75 0.36 15758 1069.36 0.13 3670744 432750.29 20.54 310 25.72 0.13 77416 9323.91 20.54 102 10 198 23562 2310 45738 22.0 22.2 22.02 0.0
208800.0 310 11.4 0.05 78306 2699.15 0.36 15754 1069.3 0.13 3686498 433819.58 20.54 310 25.72 0.13 77726 9349.63 20.54 102 10 198 23664 2320 45936 22.0 22.2 22.02 0.0
209700.0 376 11.54 0.05 78682 2710.69 0.36 15814 1069.25 0.13 3702312 434888.83 20.54 370 25.73 0.13 78096 9375.36 20.54 102 10 198 23766 2330 46134 22.0 22.2 22.02 0.0
210600.0 354 12.17 0.36 79036 2722.86 0.36 15787 1069.06 0.13 3718099 435957.89 20.54 350 25.72 0.13 78446 9401.08 20.54 102 10 198 23868 2340 46332 22.0 22.2 22.02 0.0
211500.0 310 11.4 0.05 79346 2734.26 0.36 15746 1069.12 0.13 3733845 437027.01 20.54 310 25.72 0.13 78756 9426.8 20.54 102 10 198 23970 2350 46530 22.0 22.0 22.0 0.0
212400.0 310 11.4 0.05 79656 2745.66 0.36 15746 1069.18 0.13 3749591 438096.19 20.54 310 25.72 0.13 79066 9452.52 20.54 102 10 198 24072 2360 46728 22.0 22.0 22.0 0.0
213300.0 376 11.54 0.05 80032 2757.2 0.36 15803 1069.06 0.13 3765394 439165.25 20.54 370 25.72 0.13 79436 9478.25 20.54 102 10 198 24174 2370 46926 22.0 22.0 22.0 0.0
214200.0 354 12.17 0.36 80386 2769.37 0.36 15776 1069.0 0.13 3781170 440234.25 20.54 350 25.72 0.13 79786 9503.97 20.54 102 10 198 24276 2380 47124 22.0 22.0 22.0 0.0
215100.0 310 11.4 0.05 80696 2780.77 0.36 15734 1068.94 0.13 3796904 441303.18 20.54 310 25.72 0.13 80096 9529.69 20.54 102 10 198 24378 2390 47322 22.0 22.0 22.0 0.0
216000.0 310 11.4 0.05 81006 2792.17 0.36 15729 1068.88 0.13 3812633 442372.06 20.54 310 25.72 0.13 80406 9555.41 20.54 102 10 198 24480 2400 47520 22.0 22.0 22.0 0.0
216900.0 376 11.54 0.05 81382 2803.71 0.36 15788 1068.83 0.13 3828421 443440.89 20.54 370 25.73 0.13 80776 9581.14 20.54 102 10 198 24582 2410 47718 22.0 22.0 22.0 0.0
217800.0 354 12.17 0.36 81736 2815.88 0.36 15767 1068.88 0.13 3844188 444509.77 20.54 350 25.72 0.13 81126 9606.86 20.54 102 10 198 24684 2420 47916 22.0 22.0 22.0 0.0
218700.0 310 11.4 0.05 82046 2827.28 0.36 15718 1068.58 0.13 3859906 445578.35 20.54 310 25.72 0.13 81436 9632.58 20.54 102 10 198 24786 2430 48114 22.0 22.0 22.0 0.0
219600.0 310 11.4 0.05 82356 2838.68 0.36 15713 1068.4 0.13 3875619 446646.74 20.54 310 25.72 0.13 81746 9658.3 20.54 102 10 198 24888 2440 48312 22.0 22.0 22.0 0.0
220500.0 376 11.54 0.05 82732 2850.22 0.36 15773 1068.35 0.13 3891392 447715.09 20.54 370 25.73 0.13 82116 9684.03 20.54 102 10 198 24990 2450 48510 22.0 22.0 22.0 0.0
221400.0 354 12.18 0.36 83086 2862.39 0.36 15754 1071.6 0.13 3907146 448786.69 20.54 350 25.78 0.13 82466 9709.81 20.54 102 10 198 25092 2460 48708 19.8 22.0 21.98 0.02
222300.0 310 11.4 0.05 83396 2873.79 0.36 15802 1074.5 0.13 3922948 449861.19 20.54 310 25.8 0.13 82776 9735.61 20.54 102 10 198 25194 2470 48906 19.8 22.0 21.08 0.07
223200.0 310 11.4 0.05 83706 2885.19 0.36 15819 1074.85 0.13 3938767 450936.04 20.54 310 25.8 0.13 83086 9761.41 20.54 102 10 198 25296 2480 49104 19.8 22.0 20.57 0.13
224100.0 376 11.54 0.05 84082 2896.74 0.36 15879 1074.81 0.13 3954646 452010.85 20.54 370 25.81 0.13 83456 9787.21 20.54 102 10 198 25398 2490 49302 19.8 21.8 20.56 0.13
225000.0 354 12.18 0.36 84436 2908.91 0.36 15856 1073.66 0.13 3970502 453084.51 20.54 350 25.78 0.13 83806 9812.99 20.54 102 10 198 25500 2500 49500 19.8 21.8 20.56 0.13
225900.0 310 11.4 0.05 84746 2920.31 0.36 15822 1074.44 0.13 3986324 454158.95 20.54 310 25.79 0.13 84116 9838.79 20.54 102 10 198 25602 2510 49698 19.8 21.7 20.5 0.12
226800.0 310 11.4 0.05 85056 2931.71 0.36 15824 1074.55 0.13 4002148 455233.5 20.54 310 25.79 0.13 84426 9864.58 20.54 102 10 198 25704 2520 49896 19.8 21.7 20.46 0.14
227700.0 376 11.54 0.05 85432 2943.25 0.36 15883 1074.51 0.13 4018031 456308.01 20.54 370 25.8 0.13 84796 9890.37 20.54 102 10 198 25806 2530 50094 19.8 21.7 20.46 0.14
228600.0 354 12.18 0.36 85786 2955.43 0.36 15855 1075.16 0.13 4033886 457383.17 20.54 350 25.81 0.13 85146 9916.18 20.54 102 10 198 25908 2540 50292 19.8 21.7 20.46 0.14
229500.0 310 11.4 0.05 86096 2966.83 0.36 15820 1074.47 0.13 4049706 458457.64 20.54 310 25.79 0.13 85456 9941.97 20.54 102 10 198 26010 2550 50490 19.8 21.6 20.46 0.13
230400.0 310 11.4 0.05 86406 2978.23 0.36 15820 1074.52 0.13 4065526 459532.16 20.54 310 25.79 0.13 85766 9967.77 20.54 102 10 198 26112 2560 50688 19.9 21.6 20.45 0.14
231300.0 376 11.54 0.05 86782 2989.77 0.36 15879 1074.41 0.13 4081405 460606.58 20.54 370 25.8 0.13 86136 9993.56 20.54 102 10 198 26214 2570 50886 19.8 21.6 20.45 0.14
232200.0 354 12.18 0.36 87136 3001.94 0.36 15852 1074.39 0.13 4097257 461680.97 20.54 350 25.79 0.13 86486 10019.35 20.54 102 10 198 26316 2580 51084 19.8 21.6 20.45 0.14
233100.0 310 11.4 0.05 87446 3013.34 0.36 15815 1075.04 0.13 4113072 462756.0 20.54 310 25.81 0.13 86796 10045.16 20.54 102 10 198 26418 2590 51282 19.8 21.5 20.5 0.14
234000.0 310 11.4 0.05 87756 3024.74 0.36 15814 1075.09 0.13 4128886 463831.09 20.54 310 25.8 0.13 87106 10070.96 20.54 102 10 198 26520 2600 51480 19.8 21.5 20.49 0.15
234900.0 376 11.54 0.05 88132 3036.28 0.36 15874 1075.04 0.13 4144760 464906.14 20.54 370 25.81 0.13 87476 10096.77 20.54 102 10 198 26622 2610 51678 19.8 21.5 20.49 0.15
235800.0 354 12.18 0.36 88486 3048.46 0.36 15846 1073.37 0.13 4160606 465979.5 20.54 350 25.78 0.13 87826 10122.55 20.54 102 10 198 26724 2620 51876 19.8 21.5 20.49 0.15
236700.0 310 11.4 0.05 88796 3059.86 0.36 15811 1072.06 0.13 4176417 467051.57 20.54 310 25.75 0.13 88136 10148.31 20.54 102 10 198 26826 2630 52074 19.8 21.4 20.54 0.15
237600.0 310 11.4 0.05 89106 3071.26 0.36 15809 1072.01 0.13 4192226 468123.57 20.54 310 25.75 0.13 88446 10174.06 20.54 102 10 198 26928 2640 52272 19.8 21.4 20.55 0.14
238500.0 376 11.54 0.05 89482 3082.79 0.36 15868 1071.88 0.13 4208094 469195.45 20.54 370 25.76 0.13 88816 10199.82 20.54 102 10 198 27030 2650 52470 19.7 21.4 20.55 0.15
239400.0 354 12.18 0.36 89836 3094.97 0.36 15836 1072.94 0.13 4223930 470268.4 20.54 350 25.77 0.13 89166 10225.58 20.54 102 10 198 27132 2660 52668 19.7 21.4 20.55 0.15
240300.0 310 11.4 0.05 90146 3106.37 0.36 15799 1072.89 0.13 4239729 471341.29 20.54 310 25.77 0.13 89476 10251.35 20.54 102 10 198 27234 2670 52866 19.7 21.6 20.6 0.16
241200.0 310 11.4 0.05 90456 3117.77 0.36 15794 1072.82 0.13 4255523 472414.11 20.54 310 25.77 0.13 89786 10277.12 20.54 102 10 198 27336 2680 53064 19.7 21.6 20.6 0.16
242100.0 376 11.54 0.05 90832 3129.31 0.36 15853 1072.72 0.13 4271376 473486.83 20.54 370 25.77 0.13 90156 10302.89 20.54 102 10 198 27438 2690 53262 19.7 21.6 20.6 0.16
243000.0 354 12.18 0.36 91186 3141.49 0.36 15829 1072.81 0.13 4287205 474559.63 20.54 350 25.77 0.13 90506 10328.66 20.54 102 10 198 27540 2700 53460 19.7 21.6 20.6 0.16
243900.0 310 11.4 0.05 91496 3152.89 0.36 15796 1073.58 0.13 4303001 475633.22 20.54 310 25.78 0.13 90816 10354.45 20.54 102 10 198 27642 2710 53658 19.7 21.8 20.65 0.17
244800.0 310 11.4 0.05 91806 3164.28 0.36 15793 1073.63 0.13 4318794 476706.85 20.54 310 25.78 0.13 91126 10380.23 20.54 102 10 198 27744 2720 53856 19.7 21.8 20.64 0.17
245700.0 376 11.54 0.05 92182 3175.83 0.36 15852 1073.59 0.13 4334646 477780.44 20.54 370 25.79 0.13 91496 10406.02 20.54 102 10 198 27846 2730 54054 19.6 21.8 20.64 0.17
246600.0 354 12.18 0.36 92536 3188.0 0.36 15815 1073.3 0.13 4350461 478853.74 20.54 350 25.79 0.13 91846 10431.81 20.54 102 10 198 27948 2740 54252 19.6 21.8 20.64 0.17
247500.0 310 11.4 0.05 92846 3199.4 0.36 15796 1073.31 0.13 4366257 479927.05 20.54 310 25.79 0.13 92156 10457.6 20.54 102 10 198 28050 2750 54450 19.6 21.9 20.63 0.18
248400.0 310 11.4 0.05 93156 3210.8 0.36 15794 1073.36 0.13 4382051 481000.41 20.54 310 25.78 0.13 92466 10483.38 20.54 102 10 198 28152 2760 54648 19.6 21.9 20.63 0.18
249300.0 376 11.54 0.05 93532 3222.34 0.36 15848 1073.26 0.13 4397899 482073.67 20.54 370 25.79 0.13 92836 10509.17 20.54 102 10 198 28254 2770 54846 19.5 21.9 20.62 0.18
250200.0 354 12.18 0.36 93886 3234.52 0.36 15806 1072.64 0.13 4413705 483146.3 20.54 350 25.79 0.13 93186 10534.96 20.54 102 10 198 28356 2780 55044 19.5 21.9 20.63 0.18
251100.0 310 11.4 0.05 94196 3245.92 0.36 15785 1072.91 0.13 4429490 484219.22 20.54 310 25.78 0.13 93496 10560.74 20.54 102 10 198 28458 2790 55242 19.5 22.0 20.59 0.2
252000.0 310 11.4 0.05 94506 3257.32 0.36 15791 1073.09 0.13 4445281 485292.31 20.54 310 25.78 0.13 93806 10586.53 20.54 102 10 198 28560 2800 55440 19.5 22.0 20.56 0.22
252900.0 376 11.54 0.05 94882 3268.86 0.36 15851 1073.04 0.13 4461132 486365.35 20.54 370 25.79 0.13 94176 10612.31 20.54 102 10 198 28662 2810 55638 19.5 22.0 20.56 0.22
253800.0 354 12.18 0.36 95236 3281.04 0.36 15816 1072.42 0.13 4476948 487437.77 20.54 350 25.78 0.13 94526 10638.09 20.54 102 10 198 28764 2820 55836 19.5 22.0 20.56 0.22
254700.0 310 11.4 0.05 95546 3292.43 0.36 15818 1073.95 0.13 4492766 488511.72 20.54 310 25.78 0.13 94836 10663.87 20.54 102 10 198 28866 2830 56034 19.5 21.8 20.43 0.22
255600.0 310 11.4 0.05 95856 3303.83 0.36 15826 1074.12 0.13 4508592 489585.84 20.54 310 25.78 0.13 95146 10689.66 20.54 102 10 198 28968 2840 56232 19.5 21.8 20.4 0.23
256500.0 376 11.54 0.05 96232 3315.38 0.36 15886 1074.08 0.13 4524478 490659.92 20.54 370 25.79 0.13 95516 10715.45 20.54 102 10 198 29070 2850 56430 19.3 21.8 20.39 0.23
257400.0 354 12.18 0.36 96586 3327.55 0.36 15843 1073.26 0.13 4540321 491733.18 20.54 350 25.78 0.13 95866 10741.23 20.54 102 10 198 29172 2860 56628 19.3 21.8 20.39 0.23
258300.0 310 11.4 0.05 96896 3338.95 0.36 15833 1074.59 0.13 4556154 492807.77 20.54 310 25.8 0.13 96176 10767.02 20.54 102 10 198 29274 2870 56826 19.3 21.8 20.21 0.23
259200.0 310 11.4 0.05 97206 3350.35 0.36 15836 1074.65 0.13 4571990 493882.42 20.54 310 25.79 0.13 96486 10792.82 20.54 102 10 198 29376 2880 57024 19.3 21.6 20.15 0.26
260100.0 376 11.54 0.05 97582 3361.89 0.36 15895 1074.54 0.13 4587885 494956.96 20.54 370 25.8 0.13 96856 10818.62 20.54 102 10 198 29478 2890 57222 19.2 21.6 20.15 0.26
261000.0 356 12.24 0.36 97938 3374.13 0.36 16184 171014.52 20.52 4604069 665971.48 20.54 352 3312.74 20.52 97208 14131.36 20.54 102 10 198 29580 2900 57420 19.2 21.6 20.14 0.26
261900.0 310 11.4 0.05 98248 3385.53 0.36 15849 1073.48 0.13 4619918 667044.96 20.54 310 25.77 0.13 97518 14157.13 20.54 102 10 198 29682 2910 57618 18.9 21.6 19.66 0.22
262800.0 310 11.4 0.05 98558 3396.93 0.36 15851 1073.61 0.13 4635769 668118.57 20.54 310 25.77 0.13 97828 14182.9 20.54 102 10 198 29784 2920 57816 18.9 20.8 19.61 0.24
263700.0 376 11.54 0.05 98934 3408.47 0.36 15911 1073.55 0.13 4651680 669192.11 20.54 370 25.78 0.13 98198 14208.68 20.54 102 10 198 29886 2930 58014 18.9 20.8 19.62 0.24
264600.0 356 12.25 0.36 99290 3420.72 0.36 16198 171121.31 20.53 4667878 840313.42 20.54 352 3316.12 20.53 98550 17524.8 20.54 102 10 198 29988 2940 58212 18.4 21.0 19.61 0.26
265500.0 310 11.41 0.05 99600 3432.13 0.36 15914 1111.4 0.13 4683792 841424.82 20.54 310 26.46 0.13 98860 17551.26 20.54 102 10 198 30090 2950 58410 17.3 20.2 18.05 0.14
266400.0 310 11.41 0.05 99910 3443.54 0.36 15921 1111.68 0.13 4699713 842536.51 20.54 310 26.46 0.13 99170 17577.73 20.54 102 10 198 30192 2960 58608 17.3 18.8 17.8 0.02
267300.0 376 11.55 0.05 100286 3455.1 0.36 15981 1111.58 0.13 4715694 843648.09 20.54 370 26.47 0.13 99540 17604.2 20.54 102 10 198 30294 2970 58806 17.3 18.8 17.8 0.02
268200.0 356 12.26 0.36 100642 3467.35 0.36 16272 171132.88 20.53 4731966 1014780.97 20.54 352 3315.66 20.53 99892 20919.86 20.54 102 10 198 30396 2980 59004 17.3 21.0 17.81 0.06
269100.0 310 11.41 0.05 100952 3478.77 0.36 15920 1108.82 0.13 4747886 1015889.79 20.54 310 26.41 0.13 100202 20946.27 20.54 102 10 198 30498 2990 59202 17.3 18.7 17.77 0.02
270000.0 310 11.41 0.05 101262 3490.18 0.36 15921 1109.0 0.13 4763807 1016998.79 20.54 310 26.41 0.13 100512 20972.69 20.54 102 10 198 30600 3000 59400 17.3 18.7 17.76 0.02
270900.0 376 11.55 0.05 101638 3501.73 0.36 15980 1108.89 0.13 4779787 1018107.68 20.54 370 26.42 0.13 100882 20999.1 20.54 102 10 198 30702 3010 59598 17.3 18.7 17.76 0.02
271800.0 354 12.19 0.36 101992 3513.92 0.36 15958 1107.6 0.13 4795745 1019215.28 20.54 350 26.39 0.13 101232 21025.49 20.54 102 10 198 30804 3020 59796 17.3 18.7 17.76 0.02
272700.0 310 11.41 0.05 102302 3525.33 0.36 15918 1107.45 0.13 4811663 1020322.73 20.54 310 26.39 0.13 101542 21051.88 20.54 102 10 198 30906 3030 59994 17.3 18.6 17.74 0.02
273600.0 310 11.41 0.05 102612 3536.74 0.36 15918 1107.54 0.13 4827581 1021430.27 20.54 310 26.39 0.13 101852 21078.26 20.54 102 10 198 31008 3040 60192 17.3 18.6 17.73 0.02
274500.0 376 11.55 0.05 102988 3548.29 0.36 15976 1107.34 0.13 4843557 1022537.61 20.54 370 26.39 0.13 102222 21104.65 20.54 102 10 198 31110 3050 60390 17.3 18.6 17.73 0.02
275400.0 354 12.19 0.36 103342 3560.48 0.36 15955 1111.73 0.13 4859512 1023649.34 20.54 350 26.47 0.13 102572 21131.12 20.54 102 10 198 31212 3060 60588 17.3 18.6 17.73 0.02
276300.0 310 11.41 0.05 103652 3571.9 0.36 15916 1108.02 0.13 4875428 1024757.36 20.54 310 26.4 0.13 102882 21157.52 20.54 102 10 198 31314 3070 60786 17.3 18.5 17.72 0.02
277200.0 310 11.41 0.05 103962 3583.31 0.36 15915 1108.1 0.13 4891343 1025865.46 20.54 310 26.39 0.13 103192 21183.91 20.54 102 10 198 31416 3080 60984 17.3 18.5 17.7 0.02
278100.0 376 11.55 0.05 104338 3594.86 0.36 15975 1108.02 0.13 4907318 1026973.48 20.54 370 26.4 0.13 103562 21210.31 20.54 102 10 198 31518 3090 61182 17.3 18.5 17.7 0.02
279000.0 354 12.19 0.36 104692 3607.04 0.36 15953 1105.14 0.13 4923271 1028078.62 20.54 350 26.34 0.13 103912 21236.66 20.54 102 10 198 31620 3100 61380 17.3 18.5 17.71 0.02
279900.0 310 11.41 0.05 105002 3618.46 0.36 15914 1108.7 0.13 4939185 1029187.32 20.54 310 26.41 0.13 104222 21263.07 20.54 102 10 198 31722 3110 61578 17.3 18.4 17.69 0.02
280800.0 310 11.41 0.05 105312 3629.87 0.36 15915 1108.82 0.13 4955100 1030296.14 20.54 310 26.41 0.13 104532 21289.48 20.54 102 10 198 31824 3120 61776 17.3 18.4 17.68 0.02
281700.0 376 11.55 0.05 105688 3641.42 0.36 15971 1108.71 0.13 4971071 1031404.85 20.54 370 26.42 0.13 104902 21315.9 20.54 102 10 198 31926 3130 61974 17.3 18.4 17.68 0.02
282600.0 354 12.19 0.36 106042 3653.61 0.36 15949 1108.04 0.13 4987020 1032512.88 20.54 350 26.4 0.13 105252 21342.3 20.54 102 10 198 32028 3140 62172 17.3 18.4 17.68 0.02
283500.0 310 11.41 0.05 106352 3665.02 0.36 15913 1104.25 0.13 5002933 1033617.14 20.54 310 26.32 0.13 105562 21368.62 20.54 102 10 198 32130 3150 62370 17.3 18.3 17.67 0.01
284400.0 310 11.41 0.05 106662 3676.43 0.36 15911 1104.26 0.13 5018844 1034721.4 20.54 310 26.32 0.13 105872 21394.94 20.54 102 10 198 32232 3160 62568 17.3 18.3 17.67 0.01
285300.0 376 11.55 0.05 107038 3687.98 0.36 15968 1104.2 0.13 5034812 1035825.6 20.54 370 26.33 0.13 106242 21421.27 20.54 102 10 198 32334 3170 62766 17.3 18.3 17.67 0.01
286200.0 354 12.19 0.36 107392 3700.17 0.36 15944 1103.08 0.13 5050756 1036928.68 20.54 350 26.3 0.13 106592 21447.57 20.54 102 10 198 32436 3180 62964 17.3 18.3 17.67 0.01
287100.0 310 11.41 0.05 107702 3711.58 0.36 15900 1103.62 0.13 5066656 1038032.3 20.54 310 26.32 0.13 106902 21473.89 20.54 102 10 198 32538 3190 63162 17.3 18.2 17.66 0.01
288000.0 310 11.41 0.05 108012 3722.99 0.36 15900 1103.7 0.13 5082556 1039136.0 20.54 310 26.32 0.13 107212 21500.2 20.54 102 10 198 32640 3200 63360 17.3 18.2 17.66 0.01
288900.0 376 11.55 0.05 108388 3734.54 0.36 15960 1103.63 0.13 5098516 1040239.63 20.54 370 26.32 0.13 107582 21526.53 20.54 102 10 198 32742 3210 63558 17.3 18.2 17.66 0.01
289800.0 354 12.19 0.36 108742 3746.73 0.36 15938 1107.86 0.13 5114454 1041347.49 20.54 350 26.4 0.13 107932 21552.92 20.54 102 10 198 32844 3220 63756 17.3 18.2 17.66 0.01
290700.0 310 11.41 0.05 109052 3758.14 0.36 15899 1111.51 0.13 5130353 1042459.0 20.54 310 26.47 0.13 108242 21579.39 20.54 102 10 198 32946 3230 63954 17.3 18.1 17.66 0.01
291600.0 310 11.41 0.05 109362 3769.55 0.36 15899 1111.55 0.13 5146252 1043570.55 20.54 310 26.47 0.13 108552 21605.86 20.54 102 10 198 33048 3240 64152 17.3 18.1 17.66 0.01
292500.0 376 11.56 0.05 109738 3781.11 0.36 15954 1111.34 0.13 5162206 1044681.89 20.54 370 26.47 0.13 108922 21632.33 20.54 102 10 198 33150 3250 64350 17.3 18.1 17.66 0.01
293400.0 354 12.19 0.36 110092 3793.3 0.36 15934 1107.23 0.13 5178140 1045789.12 20.54 350 26.39 0.13 109272 21658.72 20.54 102 10 198 33252 3260 64548 17.3 18.1 17.66 0.01
294300.0 310 11.41 0.05 110402 3804.71 0.36 15899 1107.25 0.13 5194039 1046896.37 20.54 310 26.39 0.13 109582 21685.1 20.54 102 10 198 33354 3270 64746 17.4 18.0 17.66 0.01
295200.0 310 11.41 0.05 110712 3816.12 0.36 15898 1107.23 0.13 5209937 1048003.6 20.54 310 26.39 0.13 109892 21711.49 20.54 102 10 198 33456 3280 64944 17.4 18.0 17.66 0.01
296100.0 376 11.55 0.05 111088 3827.67 0.36 15958 1107.14 0.13 5225895 1049110.73 20.54 370 26.39 0.13 110262 21737.88 20.54 102 10 198 33558 3290 65142 17.4 18.0 17.66 0.01
297000.0 354 12.19 0.36 111442 3839.86 0.36 15931 1111.31 0.13 5241826 1050222.04 20.54 350 26.47 0.13 110612 21764.35 20.54 102 10 198 33660 3300 65340 17.4 18.0 17.66 0.01
297900.0 310 11.41 0.05 111752 3851.27 0.36 15889 1111.15 0.13 5257715 1051333.19 20.54 310 26.47 0.13 110922 21790.82 20.54 102 10 198 33762 3310 65538 17.4 18.0 17.66 0.01
298800.0 310 11.41 0.05 112062 3862.69 0.36 15888 1111.25 0.13 5273603 1052444.44 20.54 310 26.47 0.13 111232 21817.29 20.54 102 10 198 33864 3320 65736 17.4 18.0 17.66 0.01
299700.0 376 11.56 0.05 112438 3874.24 0.36 15948 1111.16 0.13 5289551 1053555.6 20.54 370 26.47 0.13 111602 21843.76 20.54 102 10 198 33966 3330 65934 17.4 18.0 17.66 0.01
300600.0 354 12.19 0.36 112792 3886.43 0.36 15919 1111.13 0.13 5305470 1054666.73 20.54 350 26.47 0.13 111952 21870.23 20.54 102 10 198 34068 3340 66132 17.4 18.0 17.66 0.01
301500.0 310 11.41 0.05 113102 3897.84 0.36 15883 1106.12 0.13 5321353 1055772.85 20.54 310 26.37 0.13 112262 21896.6 20.54 102 10 198 34170 3350 66330 17.4 17.9 17.67 0.01
302400.0 310 11.41 0.05 113412 3909.25 0.36 15885 1106.26 0.13 5337238 1056879.1 20.54 310 26.37 0.13 112572 21922.97 20.54 102 10 198 34272 3360 66528 17.4 17.9 17.66 0.01
303300.0 376 11.55 0.05 113788 3920.81 0.36 15941 1106.07 0.13 5353179 1057985.17 20.54 370 26.38 0.13 112942 21949.35 20.54 102 10 198 34374 3370 66726 17.4 17.9 17.66 0.01
304200.0 354 12.19 0.36 114142 3932.99 0.36 15916 1103.23 0.13 5369095 1059088.4 20.54 350 26.32 0.13 113292 21975.67 20.54 102 10 198 34476 3380 66924 17.4 17.9 17.66 0.01
305100.0 310 11.41 0.05 114452 3944.41 0.36 15877 1108.04 0.13 5384972 1060196.44 20.54 310 26.41 0.13 113602 22002.09 20.54 102 10 198 34578 3390 67122 17.4 17.8 17.66 0.01
306000.0 310 11.41 0.05 114762 3955.82 0.36 15876 1108.16 0.13 5400848 1061304.6 20.54 310 26.41 0.13 113912 22028.5 20.54 102 10 198 34680 3400 67320 17.4 17.9 17.66 0.01
306900.0 376 11.55 0.05 115138 3967.37 0.36 15936 1108.05 0.13 5416784 1062412.65 20.54 370 26.42 0.13 114282 22054.92 20.54 102 10 198 34782 3410 67518 17.4 17.9 17.66 0.01
307800.0 354 12.19 0.36 115492 3979.56 0.36 15911 1110.95 0.13 5432695 1063523.6 20.54 350 26.47 0.13 114632 22081.39 20.54 102 10 198 34884 3420 67716 17.4 17.9 17.66 0.01
308700.0 310 11.41 0.05 115802 3990.97 0.36 15872 1110.85 0.13 5448567 1064634.45 20.54 310 26.47 0.13 114942 22107.86 20.54 102 10 198 34986 3430 67914 17.4 17.9 17.68 0.01
309600.0 310 11.41 0.05 116112 4002.39 0.36 15879 1111.13 0.13 5464446 1065745.57 20.54 310 26.47 0.13 115252 22134.32 20.54 102 10 198 35088 3440 68112 17.4 17.9 17.68 0.01
310500.0 376 11.56 0.05 116488 4013.94 0.36 15937 1110.98 0.13 5480383 1066856.55 20.54 370 26.47 0.13 115622 22160.8 20.54 102 10 198 35190 3450 68310 17.4 17.9 17.68 0.01
311400.0 354 12.19 0.36 116842 4026.13 0.36 15905 1106.63 0.13 5496288 1067963.18 20.54 350 26.39 0.13 115972 22187.18 20.54 102 10 198 35292 3460 68508 17.4 18.0 17.68 0.01
312300.0 310 11.41 0.05 117152 4037.54 0.36 15862 1106.53 0.13 5512150 1069069.71 20.54 310 26.39 0.13 116282 22213.57 20.54 102 10 198 35394 3470 68706 17.4 18.0 17.68 0.01
313200.0 310 11.41 0.05 117462 4048.95 0.36 15863 1106.69 0.13 5528013 1070176.4 20.54 310 26.39 0.13 116592 22239.96 20.54 102 10 198 35496 3480 68904 17.3 18.0 17.68 0.01
314100.0 376 11.55 0.05 117838 4060.5 0.36 15920 1106.48 0.13 5543933 1071282.88 20.54 370 26.39 0.13 116962 22266.35 20.54 102 10 198 35598 3490 69102 17.3 18.0 17.68 0.01
315000.0 354 12.19 0.36 118192 4072.69 0.36 15892 1110.47 0.13 5559825 1072393.35 20.54 350 26.47 0.13 117312 22292.82 20.54 102 10 198 35700 3500 69300 17.3 18.1 17.69 0.01
315900.0 310 11.41 0.05 118502 4084.11 0.36 15861 1106.76 0.13 5575686 1073500.11 20.54 310 26.4 0.13 117622 22319.21 20.54 102 10 198 35802 3510 69498 17.3 18.1 17.7 0.01
316800.0 310 11.41 0.05 118812 4095.52 0.36 15861 1106.9 0.13 5591547 1074607.01 20.54 310 26.39 0.13 117932 22345.61 20.54 102 10 198 35904 3520 69696 17.3 18.1 17.7 0.01
317700.0 376 11.55 0.05 119188 4107.07 0.36 15917 1106.77 0.13 5607464 1075713.77 20.54 370 26.4 0.13 118302 22372.01 20.54 102 10 198 36006 3530 69894 17.3 18.1 17.7 0.01
318600.0 354 12.19 0.36 119542 4119.26 0.36 15877 1106.6 0.13 5623341 1076820.38 20.54 350 26.4 0.13 118652 22398.41 20.54 102 10 198 36108 3540 70092 17.3 18.2 17.7 0.02
319500.0 310 11.41 0.05 119852 4130.67 0.36 15842 1110.13 0.13 5639183 1077930.51 20.54 310 26.47 0.13 118962 22424.87 20.54 102 10 198 36210 3550 70290 17.3 18.2 17.71 0.02
320400.0 310 11.41 0.05 120162 4142.08 0.36 15838 1110.17 0.13 5655021 1079040.67 20.54 310 26.47 0.13 119272 22451.34 20.54 102 10 198 36312 3560 70488 17.3 18.2 17.71 0.02
321300.0 376 11.56 0.05 120538 4153.64 0.36 15898 1110.08 0.13 5670919 1080150.75 20.54 370 26.47 0.13 119642 22477.81 20.54 102 10 198 36414 3570 70686 17.3 18.2 17.71 0.02
322200.0 354 12.19 0.36 120892 4165.82 0.36 15866 1099.66 0.13 5686785 1081250.42 20.54 350 26.27 0.13 119992 22504.08 20.54 102 10 198 36516 3580 70884 17.3 18.2 17.71 0.02
323100.0 310 11.41 0.05 121202 4177.23 0.36 15832 1094.63 0.13 5702617 1082345.05 20.54 310 26.17 0.13 120302 22530.25 20.54 102 10 198 36618 3590 71082 17.3 18.2 17.72 0.02
324000.0 310 11.41 0.05 121512 4188.64 0.36 15836 1094.78 0.13 5718453 1083439.82 20.54 310 26.17 0.13 120612 22556.42 20.54 102 10 198 36720 3600 71280 17.3 18.2 17.72 0.02
324900.0 376 11.55 0.05 121888 4200.19 0.36 15890 1094.7 0.13 5734343 1084534.52 20.54 370 26.17 0.13 120982 22582.6 20.54 102 10 198 36822 3610 71478 17.3 18.2 17.72 0.02
325800.0 354 12.19 0.36 122242 4212.38 0.36 15858 1105.17 0.13 5750201 1085639.69 20.54 350 26.37 0.13 121332 22608.97 20.54 102 10 198 36924 3620 71676 17.3 18.3 17.72 0.02
326700.0 310 11.41 0.05 122552 4223.79 0.36 15822 1109.89 0.13 5766023 1086749.58 20.54 310 26.47 0.13 121642 22635.44 20.54 102 10 198 37026 3630 71874 17.3 18.3 17.73 0.02
327600.0 310 11.41 0.05 122862 4235.2 0.36 15818 1109.69 0.13 5781841 1087859.27 20.54 310 26.47 0.13 121952 22661.91 20.54 102 10 198 37128 3640 72072 17.2 18.3 17.73 0.03
328500.0 376 11.56 0.05 123238 4246.76 0.36 15876 1109.6 0.13 5797717 1088968.87 20.54 370 26.47 0.13 122322 22688.38 20.54 102 10 198 37230 3650 72270 17.2 18.3 17.73 0.03
329400.0 354 12.19 0.36 123592 4258.95 0.36 15847 1109.69 0.13 5813564 1090078.56 20.54 350 26.47 0.13 122672 22714.85 20.54 102 10 198 37332 3660 72468 17.2 18.4 17.73 0.03
330300.0 310 11.41 0.05 123902 4270.36 0.36 15818 1109.89 0.13 5829382 1091188.45 20.54 310 26.47 0.13 122982 22741.31 20.54 102 10 198 37434 3670 72666 17.2 18.4 17.75 0.03
331200.0 310 11.41 0.05 124212 4281.77 0.36 15819 1110.05 0.13 5845201 1092298.49 20.54 310 26.47 0.13 123292 22767.78 20.54 102 10 198 37536 3680 72864 17.2 18.4 17.75 0.03
332100.0 376 11.56 0.05 124588 4293.33 0.36 15875 1109.84 0.13 5861076 1093408.33 20.54 370 26.47 0.13 123662 22794.25 20.54 102 10 198 37638 3690 73062 17.2 18.4 17.75 0.03
333000.0 354 12.19 0.36 124942 4305.52 0.36 15823 1106.42 0.13 5876899 1094514.75 20.54 350 26.42 0.13 124012 22820.67 20.54 102 10 198 37740 3700 73260 17.2 18.5 17.75 0.03
333900.0 310 11.41 0.05 125252 4316.93 0.36 15784 1106.3 0.13 5892683 1095621.05 20.54 310 26.41 0.13 124322 22847.08 20.54 102 10 198 37842 3710 73458 17.2 18.5 17.76 0.03
334800.0 310 11.41 0.05 125562 4328.34 0.36 15786 1106.36 0.13 5908469 1096727.41 20.54 310 26.41 0.13 124632 22873.5 20.54 102 10 198 37944 3720 73656 17.2 18.5 17.76 0.04
335700.0 376 11.55 0.05 125938 4339.89 0.36 15837 1106.19 0.13 5924306 1097833.59 20.54 370 26.42 0.13 125002 22899.92 20.54 102 10 198 38046 3730 73854 17.2 18.5 17.76 0.04
336600.0 354 12.19 0.36 126292 4352.08 0.36 15793 1108.67 0.13 5940099 1098942.26 20.54 350 26.47 0.13 125352 22926.38 20.54 102 10 198 38148 3740 74052 17.2 18.5 17.76 0.04
337500.0 310 11.41 0.05 126602 4363.49 0.36 15764 1108.75 0.13 5955863 1100051.01 20.54 310 26.47 0.13 125662 22952.85 20.54 102 10 198 38250 3750 74250 17.2 18.5 17.77 0.04
338400.0 310 11.41 0.05 126912 4374.91 0.36 15767 1108.97 0.13 5971630 1101159.98 20.54 310 26.47 0.13 125972 22979.32 20.54 102 10 198 38352 3760 74448 17.2 18.5 17.78 0.04
339300.0 376 11.56 0.05 127288 4386.46 0.36 15822 1108.88 0.13 5987452 1102268.86 20.54 370 26.47 0.13 126342 23005.79 20.54 102 10 198 38454 3770 74646 17.2 18.5 17.78 0.04
340200.0 354 12.19 0.36 127642 4398.65 0.36 15766 1103.82 0.13 6003218 1103372.67 20.54 350 26.39 0.13 126692 23032.18 20.54 102 10 198 38556 3780 74844 17.2 18.5 17.78 0.04
341100.0 310 11.41 0.05 127952 4410.06 0.36 15717 1103.79 0.13 6018935 1104476.47 20.54 310 26.39 0.13 127002 23058.57 20.54 102 10 198 38658 3790 75042 17.2 18.5 17.78 0.04
342000.0 310 11.41 0.05 128262 4421.47 0.36 15712 1103.75 0.13 6034647 1105580.22 20.54 310 26.39 0.13 127312 23084.95 20.54 102 10 198 38760 3800 75240 17.2 18.5 17.78 0.04
342900.0 376 11.55 0.05 128638 4433.02 0.36 15769 1103.67 0.13 6050416 1106683.89 20.54 370 26.39 0.13 127682 23111.34 20.54 102 10 198 38862 3810 75438 17.2 18.5 17.78 0.04
343800.0 354 12.19 0.36 128992 4445.21 0.36 15737 1099.15 0.13 6066153 1107783.05 20.54 350 26.31 0.13 128032 23137.65 20.54 102 10 198 38964 3820 75636 17.2 18.6 17.78 0.04
344700.0 310 11.41 0.05 129302 4456.62 0.36 15703 1099.0 0.13 6081856 1108882.05 20.54 310 26.3 0.13 128342 23163.95 20.54 102 10 198 39066 3830 75834 17.2 18.6 17.78 0.04
345600.0 310 11.41 0.05 129612 4468.03 0.36 15700 1099.09 0.13 6097556 1109981.14 20.54 310 26.31 0.13 128652 23190.26 20.54 102 10 198 39168 3840 76032 17.2 18.6 17.78 0.04
