# seed = 8, gamma = 1.0, beta = 0.66, dee = 1.0, dcc = 100.0, dec = 10.0, dsCnd = 500.0, dLocalhost = 0.02, hostBroker = EDGE 
#
# The columns have the following meaning: 
# instant[SECONDS] commCountUploadPartial delaySumUploadPartial[SECONDS] delayMaxUploadPartial[SECONDS] commCountUploadTot delaySumUploadTot[SECONDS] delayMaxUploadTot[SECONDS] commCountDownloadPartial delaySumDownloadPartial[SECONDS] delayMaxDownloadPartial[SECONDS] commCountDownloadTot delaySumDownloadTot[SECONDS] delayMaxDownloadTot[SECONDS] commCountDownloadMaxPartial delaySumDownloadMaxPartial[SECONDS] delayMaxDownloadMaxPartial[SECONDS] commCountDownloadMaxTot delaySumDownloadMaxTot[SECONDS] delayMaxDownloadMaxTot[SECONDS] runOnCloudPartial runOnEdgePartial runOnSmartphonePartial runOnCloudTot runOnEdgeTot runOnSmartphoneTot minTemp maxTemp avgTemp varianceTemp
0.0 0 0.0 0.0 0 0.0 0.0 0 0.0 0.0 0 0.0 0.0 0 0.0 0.0 0 0.0 0.0 0 0 0 0 0 0 17.0 25.0 21.0 0.0
900.0 376 101.09 0.5 376 101.09 0.5 15771 5293.57 0.53 15771 5293.57 0.53 370 158.92 0.53 370 158.92 0.53 102 10 198 102 10 198 18.9 21.0 19.23 0.58
1800.0 356 101.81 0.5 732 202.9 0.5 16060 165070.6 20.69 31831 170364.17 20.69 352 3276.81 20.69 722 3435.73 20.69 102 10 198 204 20 396 18.9 18.9 18.9 0.0
2700.0 310 100.98 0.5 1042 303.88 0.5 15712 5316.4 0.54 47543 175680.57 20.69 310 159.36 0.54 1032 3595.09 20.69 102 10 198 306 30 594 17.6 18.9 18.28 0.06
3600.0 310 100.98 0.5 1352 404.85 0.5 15712 5316.46 0.54 63255 180997.03 20.69 310 159.36 0.54 1342 3754.45 20.69 102 10 198 408 40 792 17.6 18.9 18.24 0.05
4500.0 376 101.12 0.5 1728 505.97 0.5 15768 5315.38 0.54 79023 186312.41 20.69 370 159.36 0.54 1712 3913.81 20.69 102 10 198 510 50 990 17.6 18.7 18.24 0.05
5400.0 356 101.82 0.5 2084 607.79 0.5 16084 11696.28 20.76 95107 198008.7 20.76 352 180.15 20.76 2064 4093.96 20.76 102 10 198 612 60 1188 17.6 18.7 18.24 0.05
6300.0 310 100.98 0.5 2394 708.77 0.5 15761 5331.29 0.54 110868 203339.98 20.76 310 159.49 0.54 2374 4253.45 20.76 102 10 198 714 70 1386 17.6 18.7 18.24 0.05
7200.0 310 100.98 0.5 2704 809.74 0.5 15759 5330.84 0.54 126627 208670.82 20.76 310 159.49 0.54 2684 4412.94 20.76 102 10 198 816 80 1584 17.6 18.7 18.25 0.04
8100.0 376 101.12 0.5 3080 910.87 0.5 15814 5330.79 0.54 142441 214001.61 20.76 370 159.49 0.54 3054 4572.43 20.76 102 10 198 918 90 1782 17.6 18.7 18.25 0.04
9000.0 356 101.82 0.5 3436 1012.68 0.5 16113 11714.58 20.78 158554 225716.19 20.78 352 180.21 20.78 3406 4752.64 20.78 102 10 198 1020 100 1980 17.6 18.7 18.25 0.04
9900.0 310 100.98 0.5 3746 1113.66 0.5 15775 5341.13 0.54 174329 231057.32 20.78 310 159.61 0.54 3716 4912.25 20.78 102 10 198 1122 110 2178 17.6 18.7 18.23 0.04
10800.0 310 100.98 0.5 4056 1214.64 0.5 15776 5340.16 0.54 190105 236397.48 20.78 310 159.61 0.54 4026 5071.86 20.78 102 10 198 1224 120 2376 17.6 18.7 18.15 0.05
11700.0 376 101.12 0.5 4432 1315.76 0.5 15836 5340.12 0.54 205941 241737.6 20.78 370 159.61 0.54 4396 5231.47 20.78 102 10 198 1326 130 2574 17.6 18.7 18.15 0.05
12600.0 354 101.76 0.5 4786 1417.52 0.5 15793 5339.91 0.54 221734 247077.51 20.78 350 159.65 0.54 4746 5391.12 20.78 102 10 198 1428 140 2772 17.6 18.7 18.15 0.05
13500.0 310 100.98 0.5 5096 1518.5 0.5 15723 5334.26 0.54 237457 252411.78 20.78 310 159.64 0.54 5056 5550.76 20.78 102 10 198 1530 150 2970 17.6 18.7 18.15 0.05
14400.0 310 100.98 0.5 5406 1619.48 0.5 15726 5334.81 0.54 253183 257746.58 20.78 310 159.65 0.54 5366 5710.4 20.78 102 10 198 1632 160 3168 17.6 18.7 18.13 0.05
15300.0 376 101.12 0.5 5782 1720.6 0.5 15785 5334.27 0.54 268968 263080.85 20.78 370 159.64 0.54 5736 5870.05 20.78 102 10 198 1734 170 3366 17.6 18.7 18.13 0.05
16200.0 354 101.75 0.5 6136 1822.36 0.5 15757 5326.76 0.54 284725 268407.61 20.78 350 159.56 0.54 6086 6029.61 20.78 102 10 198 1836 180 3564 17.6 18.7 18.13 0.05
17100.0 310 100.97 0.5 6446 1923.33 0.5 15717 5319.95 0.54 300442 273727.56 20.78 310 159.42 0.54 6396 6189.03 20.78 102 10 198 1938 190 3762 17.6 18.7 18.11 0.04
18000.0 310 100.97 0.5 6756 2024.3 0.5 15720 5320.99 0.54 316162 279048.55 20.78 310 159.42 0.54 6706 6348.45 20.78 102 10 198 2040 200 3960 17.6 18.6 18.1 0.04
18900.0 376 101.12 0.5 7132 2125.42 0.5 15779 5320.97 0.54 331941 284369.52 20.78 370 159.42 0.54 7076 6507.87 20.78 102 10 198 2142 210 4158 17.6 18.6 18.1 0.04
19800.0 354 101.75 0.5 7486 2227.18 0.5 15753 5328.7 0.54 347694 289698.22 20.78 350 159.6 0.54 7426 6667.47 20.78 102 10 198 2244 220 4356 17.6 18.6 18.1 0.04
20700.0 310 100.98 0.5 7796 2328.15 0.5 15721 5330.72 0.54 363415 295028.94 20.78 310 159.59 0.54 7736 6827.06 20.78 102 10 198 2346 230 4554 17.6 18.6 18.08 0.03
21600.0 310 100.98 0.5 8106 2429.13 0.5 15723 5330.74 0.54 379138 300359.69 20.78 310 159.6 0.54 8046 6986.66 20.78 102 10 198 2448 240 4752 17.6 18.6 18.07 0.03
22500.0 376 101.12 0.5 8482 2530.25 0.5 15783 5330.73 0.54 394921 305690.42 20.78 370 159.59 0.54 8416 7146.25 20.78 102 10 198 2550 250 4950 17.6 18.6 18.07 0.03
23400.0 354 101.76 0.5 8836 2632.01 0.5 15752 5330.12 0.54 410673 311020.53 20.78 350 159.63 0.54 8766 7305.88 20.78 102 10 198 2652 260 5148 17.6 18.6 18.07 0.03
24300.0 310 100.98 0.5 9146 2732.99 0.5 15718 5334.8 0.54 426391 316355.33 20.78 310 159.67 0.54 9076 7465.55 20.78 102 10 198 2754 270 5346 17.5 18.6 18.05 0.03
25200.0 310 100.98 0.5 9456 2833.97 0.5 15723 5336.37 0.54 442114 321691.7 20.78 310 159.68 0.54 9386 7625.23 20.78 102 10 198 2856 280 5544 17.5 18.6 18.03 0.03
26100.0 376 101.12 0.5 9832 2935.1 0.5 15782 5335.83 0.54 457896 327027.52 20.78 370 159.67 0.54 9756 7784.9 20.78 102 10 198 2958 290 5742 17.5 18.6 18.03 0.03
27000.0 354 101.76 0.5 10186 3036.86 0.5 15750 5332.8 0.54 473646 332360.32 20.78 350 159.68 0.54 10106 7944.58 20.78 102 10 198 3060 300 5940 17.5 18.6 18.03 0.03
27900.0 310 100.98 0.5 10496 3137.84 0.5 15716 5329.61 0.54 489362 337689.93 20.78 310 159.61 0.54 10416 8104.19 20.78 102 10 198 3162 310 6138 17.5 18.6 18.01 0.03
28800.0 310 100.98 0.5 10806 3238.81 0.5 15727 5331.68 0.54 505089 343021.62 20.78 310 159.61 0.54 10726 8263.8 20.78 102 10 198 3264 320 6336 17.5 18.6 17.99 0.03
29700.0 376 101.12 0.5 11182 3339.94 0.5 15786 5331.14 0.54 520875 348352.76 20.78 370 159.61 0.54 11096 8423.42 20.78 102 10 198 3366 330 6534 17.5 18.6 17.99 0.03
30600.0 354 101.76 0.5 11536 3441.69 0.5 15751 5329.14 0.54 536626 353681.89 20.78 350 159.62 0.54 11446 8583.03 20.78 102 10 198 3468 340 6732 17.5 18.6 17.99 0.03
31500.0 310 100.98 0.5 11846 3542.67 0.5 15716 5333.78 0.54 552342 359015.67 20.78 310 159.67 0.54 11756 8742.7 20.78 102 10 198 3570 350 6930 17.4 18.6 17.97 0.03
32400.0 310 100.98 0.5 12156 3643.66 0.5 15722 5335.35 0.54 568064 364351.02 20.78 310 159.68 0.54 12066 8902.38 20.78 102 10 198 3672 360 7128 17.4 18.5 17.95 0.03
33300.0 376 101.12 0.5 12532 3744.78 0.5 15782 5335.32 0.54 583846 369686.33 20.78 370 159.67 0.54 12436 9062.06 20.78 102 10 198 3774 370 7326 17.4 18.5 17.95 0.03
34200.0 354 101.76 0.5 12886 3846.54 0.5 15741 5331.78 0.54 599587 375018.11 20.78 350 159.68 0.54 12786 9221.73 20.78 102 10 198 3876 380 7524 17.4 18.5 17.95 0.03
35100.0 310 100.98 0.5 13196 3947.52 0.5 15709 5332.76 0.54 615296 380350.87 20.78 310 159.67 0.54 13096 9381.41 20.78 102 10 198 3978 390 7722 17.4 18.5 17.93 0.03
36000.0 310 100.98 0.5 13506 4048.5 0.5 15722 5335.86 0.54 631018 385686.73 20.78 310 159.68 0.54 13406 9541.08 20.78 102 10 198 4080 400 7920 17.4 18.5 17.91 0.03
36900.0 376 101.12 0.5 13882 4149.63 0.5 15782 5335.83 0.54 646800 391022.56 20.78 370 159.67 0.54 13776 9700.76 20.78 102 10 198 4182 410 8118 17.4 18.5 17.91 0.03
37800.0 354 101.75 0.5 14236 4251.38 0.5 15740 5326.82 0.54 662540 396349.37 20.78 350 159.59 0.54 14126 9860.35 20.78 102 10 198 4284 420 8316 17.4 18.5 17.91 0.03
38700.0 310 100.98 0.5 14546 4352.36 0.5 15710 5328.82 0.54 678250 401678.19 20.78 310 159.58 0.54 14436 10019.93 20.78 102 10 198 4386 430 8514 17.3 18.5 17.88 0.03
39600.0 310 100.98 0.5 14856 4453.34 0.5 15722 5331.41 0.54 693972 407009.59 20.78 310 159.59 0.54 14746 10179.52 20.78 102 10 198 4488 440 8712 17.3 18.5 17.87 0.04
40500.0 376 101.12 0.5 15232 4554.46 0.5 15779 5330.86 0.54 709751 412340.45 20.78 370 159.59 0.54 15116 10339.11 20.78 102 10 198 4590 450 8910 17.3 18.5 17.87 0.04
41400.0 354 101.76 0.5 15586 4656.22 0.5 15737 5330.76 0.54 725488 417671.21 20.78 350 159.68 0.54 15466 10498.79 20.78 102 10 198 4692 460 9108 17.3 18.5 17.87 0.04
42300.0 310 100.98 0.5 15896 4757.2 0.5 15700 5327.54 0.54 741188 422998.75 20.78 310 159.62 0.54 15776 10658.41 20.78 102 10 198 4794 470 9306 17.3 18.5 17.84 0.04
43200.0 310 100.98 0.5 16206 4858.18 0.5 15714 5331.14 0.54 756902 428329.88 20.78 310 159.62 0.54 16086 10818.03 20.78 102 10 198 4896 480 9504 17.2 18.4 17.83 0.04
44100.0 376 101.12 0.5 16582 4959.3 0.5 15773 5331.11 0.54 772675 433661.0 20.78 370 159.62 0.54 16456 10977.65 20.78 102 10 198 4998 490 9702 17.2 18.4 17.82 0.04
45000.0 354 101.76 0.5 16936 5061.06 0.5 15737 5328.59 0.54 788412 438989.58 20.78 350 159.63 0.54 16806 11137.28 20.78 102 10 198 5100 500 9900 17.2 18.4 17.82 0.04
45900.0 310 100.98 0.5 17246 5162.03 0.5 15704 5327.99 0.54 804116 444317.57 20.78 310 159.62 0.54 17116 11296.89 20.78 102 10 198 5202 510 10098 17.2 18.5 17.8 0.05
46800.0 310 100.98 0.5 17556 5263.01 0.5 15713 5330.07 0.54 819829 449647.64 20.78 310 159.62 0.54 17426 11456.52 20.78 102 10 198 5304 520 10296 17.2 18.5 17.79 0.06
47700.0 376 101.12 0.5 17932 5364.14 0.5 15772 5330.04 0.54 835601 454977.68 20.78 370 159.62 0.54 17796 11616.14 20.78 102 10 198 5406 530 10494 17.2 18.5 17.78 0.06
48600.0 354 101.76 0.5 18286 5465.89 0.5 15730 5327.01 0.54 851331 460304.69 20.78 350 159.62 0.54 18146 11775.76 20.78 102 10 198 5508 540 10692 17.2 18.5 17.78 0.06
49500.0 310 100.98 0.5 18596 5566.88 0.5 15703 5331.74 0.54 867034 465636.44 20.78 310 159.67 0.54 18456 11935.44 20.78 102 10 198 5610 550 10890 17.1 18.5 17.76 0.06
50400.0 310 100.98 0.5 18906 5667.86 0.5 15719 5334.84 0.54 882753 470971.27 20.78 310 159.68 0.54 18766 12095.11 20.78 102 10 198 5712 560 11088 17.1 18.5 17.74 0.07
51300.0 376 101.12 0.5 19282 5768.98 0.5 15778 5334.3 0.54 898531 476305.57 20.78 370 159.67 0.54 19136 12254.79 20.78 102 10 198 5814 570 11286 17.1 18.5 17.74 0.07
52200.0 354 101.76 0.5 19636 5870.74 0.5 15736 5330.76 0.54 914267 481636.32 20.78 350 159.68 0.54 19486 12414.47 20.78 102 10 198 5916 580 11484 17.1 18.5 17.74 0.07
53100.0 310 100.98 0.5 19946 5971.72 0.5 15692 5328.68 0.54 929959 486965.01 20.78 310 159.67 0.54 19796 12574.14 20.78 102 10 198 6018 590 11682 17.1 18.6 17.72 0.07
54000.0 310 100.98 0.5 20256 6072.7 0.5 15702 5331.78 0.54 945661 492296.78 20.78 310 159.68 0.54 20106 12733.82 20.78 102 10 198 6120 600 11880 17.1 18.6 17.71 0.08
54900.0 376 101.12 0.5 20632 6173.83 0.5 15760 5331.24 0.54 961421 497628.02 20.78 370 159.67 0.54 20476 12893.49 20.78 102 10 198 6222 610 12078 17.1 18.6 17.71 0.08
55800.0 354 101.76 0.5 20986 6275.59 0.5 15728 5330.25 0.54 977149 502958.27 20.78 350 159.68 0.54 20826 13053.17 20.78 102 10 198 6324 620 12276 17.1 18.6 17.71 0.08
56700.0 310 100.98 0.5 21296 6376.57 0.5 15696 5328.68 0.54 992845 508286.95 20.78 310 159.67 0.54 21136 13212.84 20.78 102 10 198 6426 630 12474 17.1 18.6 17.69 0.09
57600.0 310 100.98 0.5 21606 6477.55 0.5 15712 5331.78 0.54 1008557 513618.73 20.78 310 159.68 0.54 21446 13372.52 20.78 102 10 198 6528 640 12672 17.1 18.6 17.67 0.09
58500.0 376 101.12 0.5 21982 6578.68 0.5 15772 5331.75 0.54 1024329 518950.47 20.78 370 159.67 0.54 21816 13532.19 20.78 102 10 198 6630 650 12870 17.1 18.6 17.67 0.09
59400.0 354 101.76 0.5 22336 6680.43 0.5 15729 5327.67 0.54 1040058 524278.14 20.78 350 159.65 0.54 22166 13691.84 20.78 102 10 198 6732 660 13068 17.1 18.6 17.67 0.09
60300.0 310 100.98 0.5 22646 6781.41 0.5 15692 5328.14 0.54 1055750 529606.28 20.78 310 159.64 0.54 22476 13851.48 20.78 102 10 198 6834 670 13266 17.0 18.6 17.65 0.1
61200.0 310 100.98 0.5 22956 6882.39 0.5 15701 5329.71 0.54 1071451 534935.99 20.78 310 159.65 0.54 22786 14011.13 20.78 102 10 198 6936 680 13464 17.0 18.6 17.64 0.1
62100.0 376 101.12 0.5 23332 6983.52 0.5 15758 5329.17 0.54 1087209 540265.16 20.78 370 159.64 0.54 23156 14170.77 20.78 102 10 198 7038 690 13662 17.0 18.6 17.64 0.1
63000.0 354 101.75 0.5 23686 7085.27 0.5 15717 5320.69 0.54 1102926 545585.85 20.78 350 159.56 0.54 23506 14330.33 20.78 102 10 198 7140 700 13860 17.0 18.6 17.64 0.1
63900.0 310 100.97 0.5 23996 7186.24 0.5 15688 5316.63 0.54 1118614 550902.48 20.78 310 159.49 0.54 23816 14489.83 20.78 102 10 198 7242 710 14058 17.0 18.6 17.63 0.11
64800.0 310 100.97 0.5 24306 7287.22 0.5 15693 5318.7 0.54 1134307 556221.18 20.78 310 159.5 0.54 24126 14649.32 20.78 102 10 198 7344 720 14256 17.0 18.6 17.62 0.12
65700.0 376 101.11 0.5 24682 7388.33 0.5 15753 5318.67 0.54 1150060 561539.85 20.78 370 159.5 0.54 24496 14808.82 20.78 102 10 198 7446 730 14454 17.0 18.6 17.62 0.12
66600.0 354 101.75 0.5 25036 7490.08 0.5 15714 5317.38 0.54 1165774 566857.23 20.78 350 159.5 0.54 24846 14968.32 20.78 102 10 198 7548 740 14652 17.0 18.6 17.62 0.12
67500.0 310 100.97 0.5 25346 7591.05 0.5 15672 5314.06 0.54 1181446 572171.28 20.78 310 159.45 0.54 25156 15127.76 20.78 102 10 198 7650 750 14850 17.0 18.7 17.61 0.12
68400.0 310 100.97 0.5 25656 7692.02 0.5 15676 5314.08 0.54 1197122 577485.37 20.78 310 159.45 0.54 25466 15287.21 20.78 102 10 198 7752 760 15048 17.0 18.7 17.6 0.12
69300.0 376 101.11 0.5 26032 7793.14 0.5 15735 5314.06 0.54 1212857 582799.43 20.78 370 159.45 0.54 25836 15446.66 20.78 102 10 198 7854 770 15246 17.0 18.7 17.6 0.12
70200.0 354 101.75 0.5 26386 7894.89 0.5 15703 5314.29 0.54 1228560 588113.72 20.78 350 159.5 0.54 26186 15606.16 20.78 102 10 198 7956 780 15444 17.0 18.7 17.6 0.12
71100.0 310 100.97 0.5 26696 7995.86 0.5 15668 5310.19 0.54 1244228 593423.92 20.78 310 159.39 0.54 26496 15765.55 20.78 102 10 198 8058 790 15642 17.0 18.7 17.6 0.13
72000.0 310 100.97 0.5 27006 8096.83 0.5 15673 5311.75 0.54 1259901 598735.66 20.78 310 159.39 0.54 26806 15924.94 20.78 102 10 198 8160 800 15840 17.0 18.7 17.59 0.13
72900.0 376 101.11 0.5 27382 8197.95 0.5 15730 5311.21 0.54 1275631 604046.88 20.78 370 159.39 0.54 27176 16084.33 20.78 102 10 198 8262 810 16038 17.0 18.7 17.58 0.13
73800.0 354 101.75 0.5 27736 8299.7 0.5 15703 5310.22 0.54 1291334 609357.1 20.78 350 159.39 0.54 27526 16243.72 20.78 102 10 198 8364 820 16236 17.0 18.7 17.58 0.13
74700.0 310 100.98 0.5 28046 8400.67 0.5 15665 5317.12 0.54 1306999 614674.21 20.78 310 159.52 0.54 27836 16403.24 20.78 102 10 198 8466 830 16434 17.0 18.7 17.58 0.13
75600.0 310 100.98 0.5 28356 8501.65 0.5 15660 5315.63 0.54 1322659 619989.84 20.78 310 159.53 0.54 28146 16562.77 20.78 102 10 198 8568 840 16632 17.0 18.7 17.57 0.13
76500.0 376 101.12 0.5 28732 8602.76 0.5 15720 5315.59 0.54 1338379 625305.43 20.78 370 159.53 0.54 28516 16722.3 20.78 102 10 198 8670 850 16830 17.0 18.7 17.57 0.13
77400.0 354 101.75 0.5 29086 8704.52 0.5 15687 5311.56 0.54 1354066 630617.0 20.78 350 159.5 0.54 28866 16881.8 20.78 102 10 198 8772 860 17028 17.0 18.7 17.57 0.13
78300.0 310 100.97 0.5 29396 8805.49 0.5 15651 5311.02 0.54 1369717 635928.01 20.78 310 159.49 0.54 29176 17041.29 20.78 102 10 198 8874 870 17226 17.0 18.6 17.57 0.13
79200.0 310 100.97 0.5 29706 8906.46 0.5 15654 5311.56 0.54 1385371 641239.57 20.78 310 159.5 0.54 29486 17200.79 20.78 102 10 198 8976 880 17424 17.0 18.6 17.56 0.13
80100.0 376 101.11 0.5 30082 9007.58 0.5 15714 5311.53 0.54 1401085 646551.1 20.78 370 159.5 0.54 29856 17360.29 20.78 102 10 198 9078 890 17622 17.0 18.6 17.56 0.13
81000.0 354 101.75 0.5 30436 9109.33 0.5 15683 5312.39 0.54 1416768 651863.49 20.78 350 159.55 0.54 30206 17519.84 20.78 102 10 198 9180 900 17820 17.0 18.6 17.56 0.13
81900.0 310 100.98 0.5 30746 9210.31 0.5 15649 5316.29 0.54 1432417 657179.78 20.78 310 159.6 0.54 30516 17679.44 20.78 102 10 198 9282 910 18018 17.0 18.6 17.56 0.13
82800.0 310 100.98 0.5 31056 9311.29 0.5 15650 5317.34 0.54 1448067 662497.12 20.78 310 159.6 0.54 30826 17839.04 20.78 102 10 198 9384 920 18216 17.0 18.6 17.56 0.12
83700.0 376 101.12 0.5 31432 9412.41 0.5 15707 5317.32 0.54 1463774 667814.44 20.78 370 159.6 0.54 31196 17998.65 20.78 102 10 198 9486 930 18414 17.0 18.6 17.56 0.12
84600.0 354 101.76 0.5 31786 9514.16 0.5 15677 5315.81 0.54 1479451 673130.25 20.78 350 159.61 0.54 31546 18158.25 20.78 102 10 198 9588 940 18612 17.0 18.6 17.56 0.12
85500.0 310 100.98 0.5 32096 9615.14 0.5 15646 5315.02 0.54 1495097 678445.27 20.78 310 159.56 0.54 31856 18317.81 20.78 102 10 198 9690 950 18810 17.0 18.6 17.57 0.12
86400.0 310 100.98 0.5 32406 9716.11 0.5 15651 5316.06 0.54 1510748 683761.33 20.78 310 159.56 0.54 32166 18477.37 20.78 102 10 198 9792 960 19008 17.0 18.6 17.57 0.11
87300.0 376 101.12 0.5 32782 9817.23 0.5 15711 5316.05 0.54 1526459 689077.38 20.78 370 159.56 0.54 32536 18636.93 20.78 102 10 198 9894 970 19206 17.0 18.6 17.57 0.11
88200.0 354 101.76 0.5 33136 9918.99 0.5 15676 5316.81 0.54 1542135 694394.19 20.78 350 159.62 0.54 32886 18796.55 20.78 102 10 198 9996 980 19404 17.0 18.6 17.57 0.11
89100.0 310 100.98 0.5 33446 10019.97 0.5 15696 5330.21 0.54 1557831 699724.4 20.78 310 159.67 0.54 33196 18956.23 20.78 102 10 198 10098 990 19602 17.0 18.5 17.59 0.08
90000.0 310 100.98 0.5 33756 10120.95 0.5 15729 5337.9 0.54 1573560 705062.3 20.78 310 159.68 0.54 33506 19115.9 20.78 102 10 198 10200 1000 19800 17.1 18.5 17.67 0.05
90900.0 376 101.12 0.5 34132 10222.08 0.5 15788 5337.87 0.54 1589348 710400.16 20.78 370 159.67 0.54 33876 19275.58 20.78 102 10 198 10302 1010 19998 17.1 18.5 17.67 0.05
91800.0 354 101.75 0.5 34486 10323.83 0.5 15740 5328.17 0.54 1605088 715728.33 20.78 350 159.55 0.54 34226 19435.13 20.78 102 10 198 10404 1020 20196 17.1 18.5 17.67 0.05
92700.0 310 100.97 0.5 34796 10424.8 0.5 15756 5323.42 0.54 1620844 721051.75 20.78 310 159.35 0.54 34536 19594.47 20.78 102 10 198 10506 1030 20394 17.1 23.8 19.37 2.54
93600.0 310 100.97 0.5 35106 10525.77 0.5 15757 5323.96 0.54 1636601 726375.71 20.78 310 159.35 0.54 34846 19753.83 20.78 102 10 198 10608 1040 20592 17.1 23.8 20.71 5.02
94500.0 376 101.11 0.5 35482 10626.88 0.5 15811 5322.91 0.54 1652412 731698.62 20.78 370 159.35 0.54 35216 19913.18 20.78 102 10 198 10710 1050 20790 17.1 23.8 20.72 5.03
95400.0 354 101.75 0.5 35836 10728.63 0.5 15788 5322.43 0.54 1668200 737021.04 20.78 350 159.35 0.54 35566 20072.53 20.78 102 10 198 10812 1060 20988 17.1 23.8 20.72 5.02
96300.0 310 100.97 0.5 36146 10829.6 0.5 15761 5325.97 0.54 1683961 742347.01 20.78 310 159.35 0.54 35876 20231.88 20.78 102 10 198 10914 1070 21186 17.4 24.0 21.1 4.81
97200.0 310 100.97 0.5 36456 10930.57 0.5 15760 5326.0 0.54 1699721 747673.01 20.78 310 159.35 0.54 36186 20391.23 20.78 102 10 198 11016 1080 21384 17.4 24.0 21.22 4.91
98100.0 376 101.11 0.5 36832 11031.69 0.5 15819 5325.97 0.54 1715540 752998.97 20.78 370 159.35 0.54 36556 20550.58 20.78 102 10 198 11118 1090 21582 17.4 24.0 21.22 4.92
99000.0 354 101.74 0.5 37186 11133.43 0.5 15796 5322.02 0.54 1731336 758321.0 20.78 350 159.3 0.54 36906 20709.88 20.78 102 10 198 11220 1100 21780 17.4 24.0 21.22 4.91
99900.0 310 100.97 0.5 37496 11234.4 0.5 15758 5323.01 0.54 1747094 763644.01 20.78 310 159.29 0.54 37216 20869.17 20.78 102 10 198 11322 1110 21978 17.7 24.0 21.5 4.12
100800.0 310 100.97 0.5 37806 11335.36 0.5 15752 5320.49 0.54 1762846 768964.5 20.78 310 159.29 0.54 37526 21028.46 20.78 102 10 198 11424 1120 22176 17.8 24.0 21.56 4.06
101700.0 376 101.11 0.5 38182 11436.47 0.5 15812 5320.47 0.54 1778658 774284.97 20.78 370 159.29 0.54 37896 21187.75 20.78 102 10 198 11526 1130 22374 17.8 24.0 21.56 4.06
102600.0 354 101.74 0.5 38536 11538.22 0.5 15785 5319.06 0.54 1794443 779604.04 20.78 350 159.29 0.54 38246 21347.04 20.78 102 10 198 11628 1140 22572 17.8 24.0 21.56 4.06
103500.0 310 100.97 0.5 38846 11639.18 0.5 15752 5319.55 0.54 1810195 784923.59 20.78 310 159.28 0.54 38556 21506.33 20.78 102 10 198 11730 1150 22770 18.2 24.0 21.8 3.25
104400.0 310 100.97 0.5 39156 11740.15 0.5 15753 5320.08 0.54 1825948 790243.67 20.78 310 159.29 0.54 38866 21665.61 20.78 102 10 198 11832 1160 22968 18.5 24.0 21.86 3.17
105300.0 376 101.11 0.5 39532 11841.26 0.5 15810 5319.56 0.54 1841758 795563.23 20.78 370 159.29 0.54 39236 21824.9 20.78 102 10 198 11934 1170 23166 18.5 24.0 21.86 3.17
106200.0 354 101.74 0.5 39886 11943.0 0.5 15788 5315.21 0.54 1857546 800878.44 20.78 350 159.2 0.54 39586 21984.1 20.78 102 10 198 12036 1180 23364 18.5 24.0 21.86 3.17
107100.0 310 100.96 0.5 40196 12043.96 0.5 15748 5312.51 0.54 1873294 806190.95 20.78 310 159.14 0.54 39896 22143.25 20.78 102 10 198 12138 1190 23562 18.8 24.0 21.86 2.96
108000.0 310 100.96 0.5 40506 12144.92 0.5 15746 5312.53 0.54 1889040 811503.48 20.78 310 159.15 0.54 40206 22302.4 20.78 102 10 198 12240 1200 23760 18.9 24.0 21.86 2.95
108900.0 376 101.1 0.5 40882 12246.02 0.5 15803 5312.0 0.54 1904843 816815.48 20.78 370 159.15 0.54 40576 22461.54 20.78 102 10 198 12342 1210 23958 18.9 24.0 21.86 2.95
109800.0 354 101.74 0.5 41236 12347.76 0.5 15781 5311.51 0.54 1920624 822126.99 20.78 350 159.15 0.54 40926 22620.69 20.78 102 10 198 12444 1220 24156 18.9 24.0 21.86 2.95
110700.0 310 100.96 0.5 41546 12448.72 0.5 15745 5312.0 0.54 1936369 827438.99 20.78 310 159.14 0.54 41236 22779.84 20.78 102 10 198 12546 1230 24354 18.9 24.0 21.76 2.87
111600.0 310 100.96 0.5 41856 12549.68 0.5 15738 5309.47 0.54 1952107 832748.45 20.78 310 159.15 0.54 41546 22938.99 20.78 102 10 198 12648 1240 24552 18.9 24.0 21.69 2.75
112500.0 376 101.1 0.5 42232 12650.78 0.5 15796 5309.45 0.54 1967903 838057.91 20.78 370 159.15 0.54 41916 23098.13 20.78 102 10 198 12750 1250 24750 18.9 23.9 21.69 2.75
113400.0 354 101.74 0.5 42586 12752.52 0.5 15770 5308.45 0.54 1983673 843366.35 20.78 350 159.15 0.54 42266 23257.28 20.78 102 10 198 12852 1260 24948 18.9 23.9 21.69 2.75
114300.0 310 100.96 0.5 42896 12853.48 0.5 15738 5309.96 0.54 1999411 848676.31 20.78 310 159.14 0.54 42576 23416.43 20.78 102 10 198 12954 1270 25146 18.9 24.0 23.32 0.2
115200.0 310 100.96 0.5 43206 12954.44 0.5 15737 5309.47 0.54 2015148 853985.78 20.78 310 159.15 0.54 42886 23575.58 20.78 102 10 198 13056 1280 25344 22.6 24.0 23.52 0.04
116100.0 376 101.1 0.5 43582 13055.54 0.5 15797 5309.45 0.54 2030945 859295.23 20.78 370 159.15 0.54 43256 23734.73 20.78 102 10 198 13158 1290 25542 22.6 24.0 23.52 0.04
117000.0 354 101.74 0.5 43936 13157.28 0.5 15776 5309.47 0.54 2046721 864604.7 20.78 350 159.15 0.54 43606 23893.88 20.78 102 10 198 13260 1300 25740 22.6 24.0 23.52 0.04
117900.0 310 100.96 0.5 44246 13258.24 0.5 15736 5309.45 0.54 2062457 869914.15 20.78 310 159.14 0.54 43916 24053.02 20.78 102 10 198 13362 1310 25938 22.7 24.0 23.57 0.02
118800.0 310 100.96 0.5 44556 13359.2 0.5 15735 5309.47 0.54 2078192 875223.61 20.78 310 159.15 0.54 44226 24212.17 20.78 102 10 198 13464 1320 26136 22.7 24.0 23.6 0.02
119700.0 376 101.1 0.5 44932 13460.3 0.5 15791 5309.45 0.54 2093983 880533.07 20.78 370 159.15 0.54 44596 24371.32 20.78 102 10 198 13566 1330 26334 22.7 24.0 23.6 0.02
120600.0 354 101.74 0.5 45286 13562.04 0.5 15771 5309.47 0.54 2109754 885842.53 20.78 350 159.15 0.54 44946 24530.47 20.78 102 10 198 13668 1340 26532 22.7 24.0 23.6 0.02
121500.0 310 100.96 0.5 45596 13663.0 0.5 15728 5308.94 0.54 2125482 891151.47 20.78 310 159.14 0.54 45256 24689.61 20.78 102 10 198 13770 1350 26730 22.7 24.0 23.64 0.01
122400.0 310 100.96 0.5 45906 13763.96 0.5 15727 5308.45 0.54 2141209 896459.92 20.78 310 159.15 0.54 45566 24848.76 20.78 102 10 198 13872 1360 26928 22.8 24.0 23.67 0.01
123300.0 376 101.1 0.5 46282 13865.06 0.5 15786 5308.43 0.54 2156995 901768.35 20.78 370 159.15 0.54 45936 25007.91 20.78 102 10 198 13974 1370 27126 22.8 24.0 23.67 0.01
124200.0 354 101.74 0.5 46636 13966.8 0.5 15765 5307.94 0.54 2172760 907076.29 20.78 350 159.15 0.54 46286 25167.06 20.78 102 10 198 14076 1380 27324 22.8 24.0 23.67 0.01
125100.0 310 100.96 0.5 46946 14067.76 0.5 15719 5307.41 0.54 2188479 912383.7 20.78 310 159.14 0.54 46596 25326.2 20.78 102 10 198 14178 1390 27522 22.8 24.0 23.7 0.01
126000.0 310 100.96 0.5 47256 14168.72 0.5 15719 5307.43 0.54 2204198 917691.12 20.78 310 159.15 0.54 46906 25485.35 20.78 102 10 198 14280 1400 27720 22.9 24.0 23.73 0.01
126900.0 376 101.1 0.5 47632 14269.82 0.5 15778 5306.9 0.54 2219976 922998.02 20.78 370 159.15 0.54 47276 25644.5 20.78 102 10 198 14382 1410 27918 22.9 24.0 23.73 0.01
127800.0 354 101.74 0.5 47986 14371.56 0.5 15755 5306.41 0.54 2235731 928304.43 20.78 350 159.15 0.54 47626 25803.65 20.78 102 10 198 14484 1420 28116 22.9 24.0 23.73 0.01
128700.0 310 100.96 0.5 48296 14472.52 0.5 15715 5306.39 0.54 2251446 933610.82 20.78 310 159.14 0.54 47936 25962.79 20.78 102 10 198 14586 1430 28314 22.9 24.0 23.75 0.01
129600.0 310 100.96 0.5 48606 14573.48 0.5 15714 5306.41 0.54 2267160 938917.23 20.78 310 159.15 0.54 48246 26121.94 20.78 102 10 198 14688 1440 28512 23.1 24.0 23.77 0.01
130500.0 376 101.1 0.5 48982 14674.58 0.5 15772 5306.39 0.54 2282932 944223.62 20.78 370 159.15 0.54 48616 26281.09 20.78 102 10 198 14790 1450 28710 23.1 24.0 23.77 0.01
131400.0 354 101.74 0.5 49336 14776.32 0.5 15752 5306.41 0.54 2298684 949530.03 20.78 350 159.15 0.54 48966 26440.24 20.78 102 10 198 14892 1460 28908 23.1 24.0 23.77 0.01
132300.0 310 100.96 0.5 49646 14877.28 0.5 15712 5306.39 0.54 2314396 954836.42 20.78 310 159.14 0.54 49276 26599.39 20.78 102 10 198 14994 1470 29106 23.1 24.0 23.79 0.01
133200.0 310 100.96 0.5 49956 14978.24 0.5 15710 5306.41 0.54 2330106 960142.82 20.78 310 159.15 0.54 49586 26758.54 20.78 102 10 198 15096 1480 29304 23.2 24.0 23.81 0.01
134100.0 376 101.1 0.5 50332 15079.34 0.5 15770 5306.39 0.54 2345876 965449.21 20.78 370 159.15 0.54 49956 26917.68 20.78 102 10 198 15198 1490 29502 23.2 24.0 23.81 0.01
135000.0 354 101.74 0.5 50686 15181.08 0.5 15749 5305.9 0.54 2361625 970755.11 20.78 350 159.15 0.54 50306 27076.83 20.78 102 10 198 15300 1500 29700 23.2 24.0 23.81 0.01
135900.0 310 100.96 0.5 50996 15282.04 0.5 15708 5305.37 0.54 2377333 976060.48 20.78 310 159.14 0.54 50616 27235.98 20.78 102 10 198 15402 1510 29898 23.2 24.0 23.83 0.01
136800.0 310 100.96 0.5 51306 15383.0 0.5 15708 5305.39 0.54 2393041 981365.87 20.78 310 159.15 0.54 50926 27395.13 20.78 102 10 198 15504 1520 30096 23.3 24.0 23.84 0.01
137700.0 376 101.1 0.5 51682 15484.1 0.5 15768 5305.37 0.54 2408809 986671.24 20.78 370 159.15 0.54 51296 27554.27 20.78 102 10 198 15606 1530 30294 23.3 24.0 23.84 0.01
138600.0 354 101.74 0.5 52036 15585.84 0.5 15747 5304.88 0.54 2424556 991976.11 20.78 350 159.15 0.54 51646 27713.42 20.78 102 10 198 15708 1540 30492 23.3 24.0 23.84 0.01
139500.0 310 100.96 0.5 52346 15686.8 0.5 15707 5304.86 0.54 2440263 997280.97 20.78 310 159.14 0.54 51956 27872.57 20.78 102 10 198 15810 1550 30690 23.3 24.0 23.85 0.01
140400.0 310 100.96 0.5 52656 15787.76 0.5 15706 5304.37 0.54 2455969 1002585.34 20.78 310 159.15 0.54 52266 28031.72 20.78 102 10 198 15912 1560 30888 23.4 24.0 23.86 0.01
141300.0 376 101.1 0.5 53032 15888.86 0.5 15764 5303.84 0.54 2471733 1007889.18 20.78 370 159.15 0.54 52636 28190.86 20.78 102 10 198 16014 1570 31086 23.4 24.0 23.86 0.01
142200.0 354 101.74 0.5 53386 15990.6 0.5 15744 5303.86 0.54 2487477 1013193.04 20.78 350 159.15 0.54 52986 28350.02 20.78 102 10 198 16116 1580 31284 23.4 24.0 23.86 0.01
143100.0 310 100.96 0.5 53696 16091.56 0.5 15703 5303.84 0.54 2503180 1018496.88 20.78 310 159.14 0.54 53296 28509.16 20.78 102 10 198 16218 1590 31482 23.4 24.0 23.88 0.01
144000.0 310 100.96 0.5 54006 16192.52 0.5 15700 5303.86 0.54 2518880 1023800.73 20.78 310 159.15 0.54 53606 28668.31 20.78 102 10 198 16320 1600 31680 23.5 24.0 23.89 0.01
144900.0 376 101.1 0.5 54382 16293.62 0.5 15760 5303.84 0.54 2534640 1029104.57 20.78 370 159.15 0.54 53976 28827.46 20.78 102 10 198 16422 1610 31878 23.5 24.0 23.89 0.01
145800.0 354 101.74 0.5 54736 16395.36 0.5 15740 5303.86 0.54 2550380 1034408.43 20.78 350 159.15 0.54 54326 28986.61 20.78 102 10 198 16524 1620 32076 23.5 24.0 23.89 0.01
146700.0 310 100.96 0.5 55046 16496.32 0.5 15697 5303.33 0.54 2566077 1039711.76 20.78 310 159.14 0.54 54636 29145.75 20.78 102 10 198 16626 1630 32274 23.5 24.0 23.89 0.01
147600.0 310 100.96 0.5 55356 16597.28 0.5 15697 5303.35 0.54 2581774 1045015.11 20.78 310 159.15 0.54 54946 29304.9 20.78 102 10 198 16728 1640 32472 23.6 24.0 23.89 0.01
148500.0 376 101.1 0.5 55732 16698.38 0.5 15754 5302.82 0.54 2597528 1050317.93 20.78 370 159.15 0.54 55316 29464.05 20.78 102 10 198 16830 1650 32670 23.6 24.0 23.89 0.01
149400.0 354 101.74 0.5 56086 16800.12 0.5 15734 5302.84 0.54 2613262 1055620.76 20.78 350 159.15 0.54 55666 29623.2 20.78 102 10 198 16932 1660 32868 23.6 24.0 23.89 0.01
150300.0 310 100.96 0.5 56396 16901.08 0.5 15694 5302.82 0.54 2628956 1060923.58 20.78 310 159.14 0.54 55976 29782.34 20.78 102 10 198 17034 1670 33066 23.6 24.0 23.89 0.01
151200.0 310 100.96 0.5 56706 17002.04 0.5 15692 5302.33 0.54 2644648 1066225.91 20.78 310 159.15 0.54 56286 29941.49 20.78 102 10 198 17136 1680 33264 23.7 24.0 23.9 0.01
152100.0 376 101.1 0.5 57082 17103.14 0.5 15750 5301.8 0.54 2660398 1071527.71 20.78 370 159.15 0.54 56656 30100.64 20.78 102 10 198 17238 1690 33462 23.7 24.0 23.9 0.01
153000.0 354 101.74 0.5 57436 17204.88 0.5 15730 5301.82 0.54 2676128 1076829.53 20.78 350 159.15 0.54 57006 30259.79 20.78 102 10 198 17340 1700 33660 23.7 24.0 23.9 0.01
153900.0 310 100.96 0.5 57746 17305.84 0.5 15689 5301.8 0.54 2691817 1082131.33 20.78 310 159.14 0.54 57316 30418.93 20.78 102 10 198 17442 1710 33858 23.6 24.0 23.89 0.01
154800.0 310 100.96 0.5 58056 17406.8 0.5 15684 5300.8 0.54 2707501 1087432.12 20.78 310 159.15 0.54 57626 30578.08 20.78 102 10 198 17544 1720 34056 23.6 24.0 23.9 0.01
155700.0 376 101.1 0.5 58432 17507.9 0.5 15744 5300.78 0.54 2723245 1092732.9 20.78 370 159.15 0.54 57996 30737.23 20.78 102 10 198 17646 1730 34254 23.6 24.0 23.9 0.01
156600.0 354 101.74 0.5 58786 17609.63 0.5 15724 5300.8 0.54 2738969 1098033.7 20.78 350 159.15 0.54 58346 30896.38 20.78 102 10 198 17748 1740 34452 23.6 24.0 23.89 0.01
157500.0 310 100.96 0.5 59096 17710.59 0.5 15684 5300.78 0.54 2754653 1103334.48 20.78 310 159.14 0.54 58656 31055.53 20.78 102 10 198 17850 1750 34650 23.5 24.0 23.89 0.01
158400.0 310 100.96 0.5 59406 17811.55 0.5 15684 5300.8 0.54 2770337 1108635.28 20.78 310 159.15 0.54 58966 31214.67 20.78 102 10 198 17952 1760 34848 23.5 24.0 23.89 0.01
159300.0 376 101.1 0.5 59782 17912.66 0.5 15743 5300.78 0.54 2786080 1113936.06 20.78 370 159.15 0.54 59336 31373.82 20.78 102 10 198 18054 1770 35046 23.5 24.0 23.89 0.01
160200.0 354 101.74 0.5 60136 18014.39 0.5 15721 5300.29 0.54 2801801 1119236.34 20.78 350 159.15 0.54 59686 31532.97 20.78 102 10 198 18156 1780 35244 23.5 24.0 23.89 0.01
161100.0 310 100.96 0.5 60446 18115.35 0.5 15681 5300.27 0.54 2817482 1124536.61 20.78 310 159.14 0.54 59996 31692.12 20.78 102 10 198 18258 1790 35442 23.4 24.0 23.87 0.02
162000.0 310 100.96 0.5 60756 18216.31 0.5 15677 5300.29 0.54 2833159 1129836.9 20.78 310 159.15 0.54 60306 31851.27 20.78 102 10 198 18360 1800 35640 23.4 24.0 23.87 0.02
162900.0 376 101.1 0.5 61132 18317.41 0.5 15735 5300.27 0.54 2848894 1135137.17 20.78 370 159.15 0.54 60676 32010.41 20.78 102 10 198 18462 1810 35838 23.4 24.0 23.87 0.02
163800.0 354 101.74 0.5 61486 18419.15 0.5 15715 5300.29 0.54 2864609 1140437.46 20.78 350 159.15 0.54 61026 32169.56 20.78 102 10 198 18564 1820 36036 23.4 24.0 23.87 0.02
164700.0 310 100.96 0.5 61796 18520.11 0.5 15675 5300.27 0.54 2880284 1145737.72 20.78 310 159.14 0.54 61336 32328.71 20.78 102 10 198 18666 1830 36234 23.3 24.0 23.85 0.02
165600.0 310 100.96 0.5 62106 18621.07 0.5 15674 5299.78 0.54 2895958 1151037.5 20.78 310 159.15 0.54 61646 32487.86 20.78 102 10 198 18768 1840 36432 23.3 24.0 23.84 0.02
166500.0 376 101.1 0.5 62482 18722.17 0.5 15733 5299.25 0.54 2911691 1156336.75 20.78 370 159.15 0.54 62016 32647.0 20.78 102 10 198 18870 1850 36630 23.3 24.0 23.83 0.02
167400.0 354 101.74 0.5 62836 18823.91 0.5 15711 5298.25 0.54 2927402 1161635.0 20.78 350 159.15 0.54 62366 32806.15 20.78 102 10 198 18972 1860 36828 23.3 24.0 23.83 0.02
168300.0 310 100.96 0.5 63146 18924.87 0.5 15669 5297.21 0.54 2943071 1166932.21 20.78 310 159.14 0.54 62676 32965.3 20.78 102 10 198 19074 1870 37026 23.2 24.0 23.81 0.03
169200.0 310 100.96 0.5 63456 19025.83 0.5 15669 5297.23 0.54 2958740 1172229.43 20.78 310 159.15 0.54 62986 33124.45 20.78 102 10 198 19176 1880 37224 23.2 24.0 23.8 0.02
170100.0 376 101.1 0.5 63832 19126.93 0.5 15729 5297.21 0.54 2974469 1177526.64 20.78 370 159.15 0.54 63356 33283.6 20.78 102 10 198 19278 1890 37422 23.2 24.0 23.8 0.02
171000.0 354 101.74 0.5 64186 19228.67 0.5 15707 5296.72 0.54 2990176 1182823.36 20.78 350 159.15 0.54 63706 33442.75 20.78 102 10 198 19380 1900 37620 23.2 24.0 23.8 0.02
171900.0 310 100.96 0.5 64496 19329.63 0.5 15665 5296.19 0.54 3005841 1188119.55 20.78 310 159.14 0.54 64016 33601.89 20.78 102 10 198 19482 1910 37818 23.1 24.0 23.78 0.03
172800.0 310 100.96 0.5 64806 19430.59 0.5 15663 5295.7 0.54 3021504 1193415.25 20.78 310 159.15 0.54 64326 33761.04 20.78 102 10 198 19584 1920 38016 23.1 24.0 23.76 0.03
173700.0 376 101.1 0.5 65182 19531.69 0.5 15718 5295.17 0.54 3037222 1198710.42 20.78 370 159.15 0.54 64696 33920.19 20.78 102 10 198 19686 1930 38214 23.1 24.0 23.76 0.03
174600.0 354 101.74 0.5 65536 19633.43 0.5 15695 5294.68 0.54 3052917 1204005.09 20.78 350 159.15 0.54 65046 34079.34 20.78 102 10 198 19788 1940 38412 23.1 24.0 23.76 0.03
175500.0 310 100.96 0.5 65846 19734.39 0.5 15651 5294.15 0.54 3068568 1209299.24 20.78 310 159.14 0.54 65356 34238.48 20.78 102 10 198 19890 1950 38610 22.9 23.9 23.71 0.03
176400.0 310 100.96 0.5 66156 19835.35 0.5 15646 5293.66 0.54 3084214 1214592.9 20.78 310 159.15 0.54 65666 34397.63 20.78 102 10 198 19992 1960 38808 22.9 23.9 23.7 0.03
177300.0 376 101.1 0.5 66532 19936.45 0.5 15704 5293.13 0.54 3099918 1219886.03 20.78 370 159.15 0.54 66036 34556.78 20.78 102 10 198 20094 1970 39006 22.9 23.9 23.7 0.03
178200.0 354 101.74 0.5 66886 20038.19 0.5 15682 5292.64 0.54 3115600 1225178.66 20.78 350 159.15 0.54 66386 34715.93 20.78 102 10 198 20196 1980 39204 22.9 23.9 23.7 0.03
179100.0 310 100.96 0.5 67196 20139.15 0.5 15644 5293.64 0.54 3131244 1230472.3 20.78 310 159.14 0.54 66696 34875.07 20.78 102 10 198 20298 1990 39402 22.8 23.9 23.64 0.03
180000.0 310 100.96 0.5 67506 20240.11 0.5 15650 5294.68 0.54 3146894 1235766.98 20.78 310 159.15 0.54 67006 35034.22 20.78 102 10 198 20400 2000 39600 22.8 23.9 23.6 0.03
180900.0 376 101.1 0.5 67882 20341.21 0.5 15710 5294.66 0.54 3162604 1241061.64 20.78 370 159.15 0.54 67376 35193.37 20.78 102 10 198 20502 2010 39798 22.8 23.9 23.6 0.03
181800.0 354 101.74 0.5 68236 20442.95 0.5 15673 5291.11 0.54 3178277 1246352.75 20.78 350 159.15 0.54 67726 35352.52 20.78 102 10 198 20604 2020 39996 22.8 23.9 23.6 0.03
182700.0 310 100.96 0.5 68546 20543.91 0.5 15645 5293.64 0.54 3193922 1251646.38 20.78 310 159.14 0.54 68036 35511.66 20.78 102 10 198 20706 2030 40194 22.7 23.8 23.51 0.03
183600.0 310 100.96 0.5 68856 20644.87 0.5 15647 5294.17 0.54 3209569 1256940.55 20.78 310 159.15 0.54 68346 35670.81 20.78 102 10 198 20808 2040 40392 22.7 23.8 23.47 0.02
184500.0 376 101.1 0.5 69232 20745.97 0.5 15701 5293.64 0.54 3225270 1262234.19 20.78 370 159.15 0.54 68716 35829.96 20.78 102 10 198 20910 2050 40590 22.7 23.8 23.47 0.02
185400.0 354 101.74 0.5 69586 20847.71 0.5 15677 5293.15 0.54 3240947 1267527.34 20.78 350 159.15 0.54 69066 35989.11 20.78 102 10 198 21012 2060 40788 22.7 23.8 23.47 0.02
186300.0 310 100.96 0.5 69896 20948.67 0.5 15638 5293.13 0.54 3256585 1272820.47 20.78 310 159.14 0.54 69376 36148.26 20.78 102 10 198 21114 2070 40986 22.4 23.7 23.34 0.03
187200.0 310 100.96 0.5 70206 21049.63 0.5 15635 5292.13 0.54 3272220 1278112.59 20.78 310 159.15 0.54 69686 36307.41 20.78 102 10 198 21216 2080 41184 22.4 23.7 23.29 0.03
188100.0 376 101.1 0.5 70582 21150.73 0.5 15692 5291.09 0.54 3287912 1283403.68 20.78 370 159.15 0.54 70056 36466.55 20.78 102 10 198 21318 2090 41382 22.4 23.7 23.29 0.03
189000.0 354 101.74 0.5 70936 21252.47 0.5 15669 5290.6 0.54 3303581 1288694.28 20.78 350 159.15 0.54 70406 36625.7 20.78 102 10 198 21420 2100 41580 22.4 23.7 23.29 0.03
189900.0 310 100.96 0.5 71246 21353.43 0.5 15626 5291.09 0.54 3319207 1293985.37 20.78 310 159.14 0.54 70716 36784.85 20.78 102 10 198 21522 2110 41778 22.1 23.6 23.12 0.04
190800.0 310 100.96 0.5 71556 21454.39 0.5 15627 5291.62 0.54 3334834 1299276.98 20.78 310 159.15 0.54 71026 36944.0 20.78 102 10 198 21624 2120 41976 22.1 23.5 23.04 0.03
191700.0 376 101.1 0.5 71932 21555.49 0.5 15686 5291.09 0.54 3350520 1304568.07 20.78 370 159.15 0.54 71396 37103.14 20.78 102 10 198 21726 2130 42174 22.1 23.5 23.03 0.03
192600.0 354 101.74 0.5 72286 21657.22 0.5 15658 5290.09 0.54 3366178 1309858.16 20.78 350 159.15 0.54 71746 37262.29 20.78 102 10 198 21828 2140 42372 22.1 23.5 23.03 0.03
193500.0 310 100.96 0.5 72596 21758.18 0.5 15619 5291.09 0.54 3381797 1315149.25 20.78 310 159.14 0.54 72056 37421.44 20.78 102 10 198 21930 2150 42570 22.0 23.4 22.85 0.04
194400.0 310 100.96 0.5 72906 21859.14 0.5 15623 5290.09 0.54 3397420 1320439.33 20.78 310 159.15 0.54 72366 37580.59 20.78 102 10 198 22032 2160 42768 22.0 23.3 22.74 0.03
195300.0 376 101.1 0.5 73282 21960.25 0.5 15680 5289.56 0.54 3413100 1325728.89 20.78 370 159.15 0.54 72736 37739.73 20.78 102 10 198 22134 2170 42966 22.0 23.3 22.74 0.03
196200.0 354 101.74 0.5 73636 22061.98 0.5 15658 5289.07 0.54 3428758 1331017.96 20.78 350 159.15 0.54 73086 37898.89 20.78 102 10 198 22236 2180 43164 22.0 23.3 22.74 0.03
197100.0 310 100.96 0.5 73946 22162.94 0.5 15610 5287.52 0.54 3444368 1336305.48 20.78 310 159.14 0.54 73396 38058.03 20.78 102 10 198 22338 2190 43362 22.0 23.1 22.54 0.03
198000.0 310 100.96 0.5 74256 22263.9 0.5 15587 5285.5 0.54 3459955 1341590.97 20.78 310 159.15 0.54 73706 38217.18 20.78 102 10 198 22440 2200 43560 22.0 23.1 22.42 0.03
198900.0 376 101.1 0.5 74632 22365.01 0.5 15646 5285.48 0.54 3475601 1346876.45 20.78 370 159.15 0.54 74076 38376.33 20.78 102 10 198 22542 2210 43758 22.0 23.1 22.42 0.03
199800.0 354 101.74 0.5 74986 22466.74 0.5 15622 5284.48 0.54 3491223 1352160.93 20.78 350 159.15 0.54 74426 38535.48 20.78 102 10 198 22644 2220 43956 22.0 23.1 22.42 0.03
200700.0 310 100.96 0.5 75296 22567.7 0.5 15604 5288.54 0.54 3506827 1357449.47 20.78 310 159.14 0.54 74736 38694.62 20.78 102 10 198 22746 2230 44154 22.0 22.8 22.26 0.02
201600.0 310 100.96 0.5 75606 22668.66 0.5 15603 5288.05 0.54 3522430 1362737.51 20.78 310 159.15 0.54 75046 38853.77 20.78 102 10 198 22848 2240 44352 22.0 22.8 22.18 0.02
202500.0 376 101.1 0.5 75982 22769.77 0.5 15662 5287.52 0.54 3538092 1368025.03 20.78 370 159.15 0.54 75416 39012.92 20.78 102 10 198 22950 2250 44550 22.0 22.8 22.18 0.02
203400.0 354 101.74 0.5 76336 22871.5 0.5 15630 5286.01 0.54 3553722 1373311.04 20.78 350 159.15 0.54 75766 39172.07 20.78 102 10 198 23052 2260 44748 22.0 22.8 22.18 0.02
204300.0 310 100.96 0.5 76646 22972.46 0.5 15601 5287.52 0.54 3569323 1378598.55 20.78 310 159.14 0.54 76076 39331.21 20.78 102 10 198 23154 2270 44946 22.0 22.6 22.07 0.01
205200.0 310 100.96 0.5 76956 23073.42 0.5 15600 5287.03 0.54 3584923 1383885.58 20.78 310 159.15 0.54 76386 39490.36 20.78 102 10 198 23256 2280 45144 22.0 22.6 22.06 0.01
206100.0 376 101.1 0.5 77332 23174.52 0.5 15659 5286.5 0.54 3600582 1389172.08 20.78 370 159.15 0.54 76756 39649.51 20.78 102 10 198 23358 2290 45342 22.0 22.6 22.06 0.01
207000.0 354 101.74 0.5 77686 23276.26 0.5 15626 5284.48 0.54 3616208 1394456.56 20.78 350 159.15 0.54 77106 39808.66 20.78 102 10 198 23460 2300 45540 22.0 22.6 22.06 0.01
207900.0 310 100.96 0.5 77996 23377.22 0.5 15598 5286.5 0.54 3631806 1399743.05 20.78 310 159.14 0.54 77416 39967.8 20.78 102 10 198 23562 2310 45738 22.0 22.2 22.02 0.0
208800.0 310 100.96 0.5 78306 23478.18 0.5 15592 5285.5 0.54 3647398 1405028.55 20.78 310 159.15 0.54 77726 40126.95 20.78 102 10 198 23664 2320 45936 22.0 22.2 22.02 0.0
209700.0 376 101.1 0.5 78682 23579.28 0.5 15652 5285.48 0.54 3663050 1410314.03 20.78 370 159.15 0.54 78096 40286.1 20.78 102 10 198 23766 2330 46134 22.0 22.2 22.02 0.0
210600.0 354 101.74 0.5 79036 23681.02 0.5 15619 5283.46 0.54 3678669 1415597.49 20.78 350 159.15 0.54 78446 40445.25 20.78 102 10 198 23868 2340 46332 22.0 22.2 22.02 0.0
211500.0 310 100.96 0.5 79346 23781.98 0.5 15575 5281.4 0.54 3694244 1420878.88 20.78 310 159.14 0.54 78756 40604.4 20.78 102 10 198 23970 2350 46530 22.0 22.0 22.0 0.0
212400.0 310 100.96 0.5 79656 23882.94 0.5 15575 5281.42 0.54 3709819 1426160.3 20.78 310 159.15 0.54 79066 40763.54 20.78 102 10 198 24072 2360 46728 22.0 22.0 22.0 0.0
213300.0 376 101.1 0.5 80032 23984.04 0.5 15631 5280.89 0.54 3725450 1431441.19 20.78 370 159.15 0.54 79436 40922.69 20.78 102 10 198 24174 2370 46926 22.0 22.0 22.0 0.0
214200.0 354 101.74 0.5 80386 24085.78 0.5 15604 5279.38 0.54 3741054 1436720.56 20.78 350 159.15 0.54 79786 41081.84 20.78 102 10 198 24276 2380 47124 22.0 22.0 22.0 0.0
215100.0 310 100.96 0.5 80696 24186.74 0.5 15563 5278.85 0.54 3756617 1441999.41 20.78 310 159.14 0.54 80096 41240.99 20.78 102 10 198 24378 2390 47322 22.0 22.0 22.0 0.0
216000.0 310 100.96 0.5 81006 24287.7 0.5 15557 5277.84 0.54 3772174 1447277.26 20.78 310 159.15 0.54 80406 41400.14 20.78 102 10 198 24480 2400 47520 22.0 22.0 22.0 0.0
216900.0 376 101.1 0.5 81382 24388.8 0.5 15614 5277.83 0.54 3787788 1452555.09 20.78 370 159.15 0.54 80776 41559.28 20.78 102 10 198 24582 2410 47718 22.0 22.0 22.0 0.0
217800.0 354 101.74 0.5 81736 24490.54 0.5 15594 5277.85 0.54 3803382 1457832.93 20.78 350 159.15 0.54 81126 41718.43 20.78 102 10 198 24684 2420 47916 22.0 22.0 22.0 0.0
218700.0 310 100.96 0.5 82046 24591.5 0.5 15549 5277.32 0.54 3818931 1463110.25 20.78 310 159.14 0.54 81436 41877.58 20.78 102 10 198 24786 2430 48114 22.0 22.0 22.0 0.0
219600.0 310 100.96 0.5 82356 24692.46 0.5 15545 5276.82 0.54 3834476 1468387.07 20.78 310 159.15 0.54 81746 42036.73 20.78 102 10 198 24888 2440 48312 22.0 22.0 22.0 0.0
220500.0 376 101.1 0.5 82732 24793.56 0.5 15600 5275.79 0.54 3850076 1473662.86 20.78 370 159.15 0.54 82116 42195.87 20.78 102 10 198 24990 2450 48510 22.0 22.0 22.0 0.0
221400.0 354 101.74 0.5 83086 24895.3 0.5 15578 5277.9 0.54 3865654 1478940.77 20.78 350 159.19 0.54 82466 42355.07 20.78 102 10 198 25092 2460 48708 21.9 22.0 22.0 0.0
222300.0 310 100.96 0.5 83396 24996.26 0.5 15641 5295.1 0.54 3881295 1484235.87 20.78 310 159.2 0.54 82776 42514.27 20.78 102 10 198 25194 2470 48906 19.8 22.0 21.1 0.1
223200.0 310 100.96 0.5 83706 25097.22 0.5 15665 5300.22 0.54 3896960 1489536.09 20.78 310 159.21 0.54 83086 42673.48 20.78 102 10 198 25296 2480 49104 19.8 22.0 20.54 0.15
224100.0 376 101.11 0.5 84082 25198.33 0.5 15725 5300.21 0.54 3912685 1494836.3 20.78 370 159.21 0.54 83456 42832.68 20.78 102 10 198 25398 2490 49302 19.8 21.8 20.53 0.15
225000.0 354 101.74 0.5 84436 25300.07 0.5 15705 5299.61 0.54 3928390 1500135.91 20.78 350 159.2 0.54 83806 42991.88 20.78 102 10 198 25500 2500 49500 19.8 21.8 20.53 0.15
225900.0 310 100.96 0.5 84746 25401.03 0.5 15666 5299.52 0.54 3944056 1505435.43 20.78 310 159.19 0.54 84116 43151.07 20.78 102 10 198 25602 2510 49698 19.8 21.7 20.48 0.13
226800.0 310 100.96 0.5 85056 25501.99 0.5 15667 5299.55 0.54 3959723 1510734.98 20.78 310 159.19 0.54 84426 43310.27 20.78 102 10 198 25704 2520 49896 19.8 21.7 20.44 0.15
227700.0 376 101.11 0.5 85432 25603.1 0.5 15727 5299.53 0.54 3975450 1516034.51 20.78 370 159.19 0.54 84796 43469.46 20.78 102 10 198 25806 2530 50094 19.8 21.7 20.44 0.15
228600.0 354 101.74 0.5 85786 25704.84 0.5 15702 5299.12 0.54 3991152 1521333.63 20.78 350 159.21 0.54 85146 43628.67 20.78 102 10 198 25908 2540 50292 19.8 21.7 20.44 0.15
229500.0 310 100.96 0.5 86096 25805.8 0.5 15662 5298.65 0.54 4006814 1526632.28 20.78 310 159.19 0.54 85456 43787.86 20.78 102 10 198 26010 2550 50490 19.9 21.6 20.44 0.14
230400.0 310 100.96 0.5 86406 25906.76 0.5 15662 5299.18 0.54 4022476 1531931.46 20.78 310 159.2 0.54 85766 43947.06 20.78 102 10 198 26112 2560 50688 19.8 21.6 20.42 0.14
231300.0 376 101.1 0.5 86782 26007.86 0.5 15721 5298.66 0.54 4038197 1537230.12 20.78 370 159.2 0.54 86136 44106.25 20.78 102 10 198 26214 2570 50886 19.8 21.6 20.42 0.14
232200.0 354 101.74 0.5 87136 26109.6 0.5 15699 5298.78 0.54 4053896 1542528.9 20.78 350 159.2 0.54 86486 44265.46 20.78 102 10 198 26316 2580 51084 19.8 21.6 20.42 0.14
233100.0 310 100.96 0.5 87446 26210.57 0.5 15661 5299.72 0.54 4069557 1547828.62 20.78 310 159.2 0.54 86796 44424.66 20.78 102 10 198 26418 2590 51282 19.8 21.5 20.47 0.15
234000.0 310 100.96 0.5 87756 26311.53 0.5 15659 5299.23 0.54 4085216 1553127.85 20.78 310 159.21 0.54 87106 44583.87 20.78 102 10 198 26520 2600 51480 19.8 21.5 20.46 0.15
234900.0 376 101.11 0.5 88132 26412.63 0.5 15719 5299.21 0.54 4100935 1558427.06 20.78 370 159.21 0.54 87476 44743.08 20.78 102 10 198 26622 2610 51678 19.8 21.5 20.46 0.15
235800.0 354 101.74 0.5 88486 26514.37 0.5 15692 5295.61 0.54 4116627 1563722.67 20.78 350 159.18 0.54 87826 44902.25 20.78 102 10 198 26724 2620 51876 19.8 21.5 20.46 0.15
236700.0 310 100.96 0.5 88796 26615.33 0.5 15660 5298.3 0.54 4132287 1569020.97 20.78 310 159.17 0.54 88136 45061.42 20.78 102 10 198 26826 2630 52074 19.8 21.4 20.51 0.15
237600.0 310 100.96 0.5 89106 26716.29 0.5 15659 5297.3 0.54 4147946 1574318.27 20.78 310 159.17 0.54 88446 45220.59 20.78 102 10 198 26928 2640 52272 19.7 21.4 20.52 0.15
238500.0 376 101.1 0.5 89482 26817.39 0.5 15713 5297.28 0.54 4163659 1579615.55 20.78 370 159.17 0.54 88816 45379.76 20.78 102 10 198 27030 2650 52470 19.7 21.4 20.52 0.15
239400.0 354 101.74 0.5 89836 26919.13 0.5 15681 5296.06 0.54 4179340 1584911.61 20.78 350 159.19 0.54 89166 45538.95 20.78 102 10 198 27132 2660 52668 19.7 21.4 20.52 0.15
240300.0 310 100.96 0.5 90146 27020.09 0.5 15644 5296.55 0.54 4194984 1590208.15 20.78 310 159.18 0.54 89476 45698.13 20.78 102 10 198 27234 2670 52866 19.7 21.6 20.56 0.16
241200.0 310 100.96 0.5 90456 27121.06 0.5 15637 5294.52 0.54 4210621 1595502.68 20.78 310 159.19 0.54 89786 45857.32 20.78 102 10 198 27336 2680 53064 19.7 21.6 20.56 0.16
242100.0 376 101.1 0.5 90832 27222.16 0.5 15696 5294.0 0.54 4226317 1600796.68 20.78 370 159.18 0.54 90156 46016.5 20.78 102 10 198 27438 2690 53262 19.7 21.6 20.56 0.16
243000.0 354 101.74 0.5 91186 27323.9 0.5 15661 5291.16 0.54 4241978 1606087.84 20.78 350 159.19 0.54 90506 46175.69 20.78 102 10 198 27540 2700 53460 19.7 21.6 20.56 0.16
243900.0 310 100.96 0.5 91496 27424.86 0.5 15646 5295.06 0.54 4257624 1611382.89 20.78 310 159.19 0.54 90816 46334.89 20.78 102 10 198 27642 2710 53658 19.7 21.8 20.62 0.18
244800.0 310 100.96 0.5 91806 27525.82 0.5 15640 5294.57 0.54 4273264 1616677.46 20.78 310 159.2 0.54 91126 46494.08 20.78 102 10 198 27744 2720 53856 19.6 21.8 20.61 0.18
245700.0 376 101.11 0.5 92182 27626.93 0.5 15700 5294.55 0.54 4288964 1621972.01 20.78 370 159.2 0.54 91496 46653.28 20.78 102 10 198 27846 2730 54054 19.6 21.8 20.61 0.18
246600.0 354 101.74 0.5 92536 27728.67 0.5 15652 5289.86 0.54 4304616 1627261.86 20.78 350 159.2 0.54 91846 46812.48 20.78 102 10 198 27948 2740 54252 19.6 21.8 20.61 0.18
247500.0 310 100.96 0.5 92846 27829.63 0.5 15629 5292.18 0.54 4320245 1632554.05 20.78 310 159.19 0.54 92156 46971.66 20.78 102 10 198 28050 2750 54450 19.6 21.9 20.61 0.2
248400.0 310 100.96 0.5 93156 27930.59 0.5 15630 5292.2 0.54 4335875 1637846.25 20.78 310 159.19 0.54 92466 47130.85 20.78 102 10 198 28152 2760 54648 19.5 21.9 20.6 0.2
249300.0 376 101.11 0.5 93532 28031.7 0.5 15684 5291.68 0.54 4351559 1643137.92 20.78 370 159.19 0.54 92836 47290.04 20.78 102 10 198 28254 2770 54846 19.5 21.9 20.6 0.2
250200.0 354 101.74 0.5 93886 28133.44 0.5 15641 5287.63 0.54 4367200 1648425.55 20.78 350 159.19 0.54 93186 47449.24 20.78 102 10 198 28356 2780 55044 19.5 21.9 20.6 0.2
251100.0 310 100.96 0.5 94196 28234.4 0.5 15625 5292.23 0.54 4382825 1653717.78 20.78 310 159.19 0.54 93496 47608.42 20.78 102 10 198 28458 2790 55242 19.5 22.0 20.57 0.21
252000.0 310 100.96 0.5 94506 28335.36 0.5 15635 5294.8 0.54 4398460 1659012.57 20.78 310 159.19 0.54 93806 47767.61 20.78 102 10 198 28560 2800 55440 19.5 22.0 20.53 0.24
252900.0 376 101.1 0.5 94882 28436.46 0.5 15694 5294.78 0.54 4414154 1664307.35 20.78 370 159.19 0.54 94176 47926.8 20.78 102 10 198 28662 2810 55638 19.5 22.0 20.53 0.24
253800.0 354 101.74 0.5 95236 28538.2 0.5 15653 5291.61 0.54 4429807 1669598.96 20.78 350 159.19 0.54 94526 48086.0 20.78 102 10 198 28764 2820 55836 19.5 22.0 20.53 0.24
254700.0 310 100.96 0.5 95546 28639.16 0.5 15659 5297.88 0.54 4445466 1674896.84 20.78 310 159.19 0.54 94836 48245.18 20.78 102 10 198 28866 2830 56034 19.5 21.8 20.41 0.24
255600.0 310 100.96 0.5 95856 28740.13 0.5 15665 5299.43 0.54 4461131 1680196.27 20.78 310 159.19 0.54 95146 48404.38 20.78 102 10 198 28968 2840 56232 19.3 21.8 20.37 0.25
256500.0 376 101.1 0.5 96232 28841.23 0.5 15725 5299.42 0.54 4476856 1685495.69 20.78 370 159.19 0.54 95516 48563.57 20.78 102 10 198 29070 2850 56430 19.3 21.8 20.37 0.26
257400.0 354 101.74 0.5 96586 28942.97 0.5 15668 5292.13 0.54 4492524 1690787.82 20.78 350 159.19 0.54 95866 48722.76 20.78 102 10 198 29172 2860 56628 19.3 21.8 20.37 0.26
258300.0 310 100.96 0.5 96896 29043.93 0.5 15672 5301.8 0.54 4508196 1696089.61 20.78 310 159.18 0.54 96176 48881.94 20.78 102 10 198 29274 2870 56826 19.3 21.6 20.19 0.24
259200.0 310 100.96 0.5 97206 29144.89 0.5 15675 5302.33 0.54 4523871 1701391.95 20.78 310 159.19 0.54 96486 49041.13 20.78 102 10 198 29376 2880 57024 19.2 21.6 20.12 0.28
260100.0 376 101.11 0.5 97582 29246.0 0.5 15735 5302.31 0.54 4539606 1706694.26 20.78 370 159.19 0.54 96856 49200.32 20.78 102 10 198 29478 2890 57222 19.2 21.6 20.12 0.28
261000.0 356 101.8 0.5 97938 29347.8 0.5 16024 166728.88 20.78 4555630 1873423.14 20.78 352 3303.01 20.78 97208 52503.33 20.78 102 10 198 29580 2900 57420 19.2 21.6 20.12 0.28
261900.0 310 100.96 0.5 98248 29448.76 0.5 15690 5302.1 0.54 4571320 1878725.23 20.78 310 159.15 0.54 97518 52662.48 20.78 102 10 198 29682 2910 57618 18.9 20.8 19.63 0.19
262800.0 310 100.96 0.5 98558 29549.72 0.5 15690 5302.61 0.54 4587010 1884027.84 20.78 310 159.15 0.54 97828 52821.64 20.78 102 10 198 29784 2920 57816 18.9 20.8 19.59 0.24
263700.0 376 101.1 0.5 98934 29650.83 0.5 15750 5302.61 0.54 4602760 1889330.45 20.78 370 159.15 0.54 98198 52980.79 20.78 102 10 198 29886 2930 58014 18.9 20.8 19.59 0.24
264600.0 356 101.81 0.5 99290 29752.64 0.5 16038 166559.98 20.76 4618798 2055890.44 20.78 352 3300.24 20.76 98550 56281.03 20.78 102 10 198 29988 2940 58212 18.9 20.8 19.59 0.24
265500.0 310 100.98 0.5 99600 29853.62 0.5 15728 5329.27 0.54 4634526 2061219.71 20.78 310 159.52 0.54 98860 56440.56 20.78 102 10 198 30090 2950 58410 17.3 20.2 18.08 0.12
266400.0 310 100.98 0.5 99910 29954.6 0.5 15745 5333.36 0.54 4650271 2066553.07 20.78 310 159.53 0.54 99170 56600.08 20.78 102 10 198 30192 2960 58608 17.3 18.9 17.8 0.03
267300.0 376 101.12 0.5 100286 30055.72 0.5 15805 5333.35 0.54 4666076 2071886.42 20.78 370 159.53 0.54 99540 56759.61 20.78 102 10 198 30294 2970 58806 17.3 18.8 17.8 0.02
268200.0 356 101.82 0.5 100642 30157.55 0.5 16095 166419.32 20.76 4682171 2238305.74 20.78 352 3298.27 20.76 99892 60057.88 20.78 102 10 198 30396 2980 59004 17.3 18.8 17.8 0.02
269100.0 310 100.98 0.5 100952 30258.53 0.5 15733 5329.88 0.54 4697904 2243635.62 20.78 310 159.5 0.54 100202 60217.38 20.78 102 10 198 30498 2990 59202 17.3 18.7 17.77 0.02
270000.0 310 100.98 0.5 101262 30359.51 0.5 15734 5329.88 0.54 4713638 2248965.5 20.78 310 159.5 0.54 100512 60376.88 20.78 102 10 198 30600 3000 59400 17.3 18.7 17.75 0.02
270900.0 376 101.12 0.5 101638 30460.63 0.5 15794 5329.88 0.54 4729432 2254295.37 20.78 370 159.5 0.54 100882 60536.38 20.78 102 10 198 30702 3010 59598 17.3 18.7 17.75 0.02
271800.0 354 101.76 0.5 101992 30562.38 0.5 15772 5329.37 0.54 4745204 2259624.74 20.78 350 159.49 0.54 101232 60695.88 20.78 102 10 198 30804 3020 59796 17.3 18.7 17.75 0.02
272700.0 310 100.98 0.5 102302 30663.36 0.5 15732 5329.37 0.54 4760936 2264954.11 20.78 310 159.49 0.54 101542 60855.36 20.78 102 10 198 30906 3030 59994 17.3 18.6 17.74 0.02
273600.0 310 100.98 0.5 102612 30764.34 0.5 15731 5328.85 0.54 4776667 2270282.96 20.78 310 159.49 0.54 101852 61014.86 20.78 102 10 198 31008 3040 60192 17.3 18.6 17.73 0.02
274500.0 376 101.12 0.5 102988 30865.46 0.5 15787 5327.84 0.54 4792454 2275610.8 20.78 370 159.49 0.54 102222 61174.35 20.78 102 10 198 31110 3050 60390 17.3 18.6 17.73 0.02
275400.0 354 101.76 0.5 103342 30967.22 0.5 15766 5329.76 0.54 4808220 2280940.56 20.78 350 159.53 0.54 102572 61333.88 20.78 102 10 198 31212 3060 60588 17.3 18.6 17.73 0.02
276300.0 310 100.98 0.5 103652 31068.2 0.5 15726 5327.81 0.54 4823946 2286268.37 20.78 310 159.49 0.54 102882 61493.37 20.78 102 10 198 31314 3070 60786 17.3 18.5 17.71 0.02
277200.0 310 100.98 0.5 103962 31169.18 0.5 15726 5327.81 0.54 4839672 2291596.18 20.78 310 159.49 0.54 103192 61652.86 20.78 102 10 198 31416 3080 60984 17.3 18.5 17.7 0.02
278100.0 376 101.12 0.5 104338 31270.3 0.5 15786 5327.81 0.54 4855458 2296923.99 20.78 370 159.49 0.54 103562 61812.35 20.78 102 10 198 31518 3090 61182 17.3 18.5 17.7 0.02
279000.0 354 101.75 0.5 104692 31372.05 0.5 15764 5326.4 0.54 4871222 2302250.39 20.78 350 159.47 0.54 103912 61971.81 20.78 102 10 198 31620 3100 61380 17.3 18.5 17.7 0.02
279900.0 310 100.98 0.5 105002 31473.03 0.5 15722 5327.83 0.54 4886944 2307578.22 20.78 310 159.5 0.54 104222 62131.31 20.78 102 10 198 31722 3110 61578 17.3 18.4 17.69 0.02
280800.0 310 100.98 0.5 105312 31574.01 0.5 15725 5328.35 0.54 4902669 2312906.57 20.78 310 159.5 0.54 104532 62290.81 20.78 102 10 198 31824 3120 61776 17.3 18.4 17.68 0.02
281700.0 376 101.12 0.5 105688 31675.13 0.5 15783 5327.33 0.54 4918452 2318233.9 20.78 370 159.5 0.54 104902 62450.31 20.78 102 10 198 31926 3130 61974 17.3 18.4 17.68 0.02
282600.0 354 101.75 0.5 106042 31776.88 0.5 15759 5324.86 0.54 4934211 2323558.75 20.78 350 159.48 0.54 105252 62609.79 20.78 102 10 198 32028 3140 62172 17.3 18.4 17.68 0.02
283500.0 310 100.97 0.5 106352 31877.86 0.5 15718 5321.07 0.54 4949929 2328879.82 20.78 310 159.4 0.54 105562 62769.19 20.78 102 10 198 32130 3150 62370 17.3 18.3 17.67 0.01
284400.0 310 100.97 0.5 106662 31978.83 0.5 15719 5321.59 0.54 4965648 2334201.41 20.78 310 159.41 0.54 105872 62928.6 20.78 102 10 198 32232 3160 62568 17.3 18.3 17.67 0.01
285300.0 376 101.12 0.5 107038 32079.94 0.5 15779 5321.58 0.54 4981427 2339522.99 20.78 370 159.41 0.54 106242 63088.01 20.78 102 10 198 32334 3170 62766 17.3 18.3 17.67 0.01
286200.0 354 101.75 0.5 107392 32181.7 0.5 15757 5322.67 0.54 4997184 2344845.66 20.78 350 159.43 0.54 106592 63247.44 20.78 102 10 198 32436 3180 62964 17.3 18.3 17.67 0.01
287100.0 310 100.98 0.5 107702 32282.67 0.5 15710 5322.79 0.54 5012894 2350168.46 20.78 310 159.45 0.54 106902 63406.89 20.78 102 10 198 32538 3190 63162 17.3 18.2 17.66 0.01
288000.0 310 100.98 0.5 108012 32383.65 0.5 15710 5322.8 0.54 5028604 2355491.25 20.78 310 159.45 0.54 107212 63566.34 20.78 102 10 198 32640 3200 63360 17.3 18.2 17.66 0.01
288900.0 376 101.12 0.5 108388 32484.77 0.5 15770 5322.8 0.54 5044374 2360814.05 20.78 370 159.45 0.54 107582 63725.79 20.78 102 10 198 32742 3210 63558 17.3 18.2 17.66 0.01
289800.0 354 101.76 0.5 108742 32586.53 0.5 15746 5324.75 0.54 5060120 2366138.8 20.78 350 159.49 0.54 107932 63885.29 20.78 102 10 198 32844 3220 63756 17.3 18.2 17.66 0.01
290700.0 310 100.98 0.5 109052 32687.51 0.5 15712 5326.69 0.54 5075832 2371465.49 20.78 310 159.53 0.54 108242 64044.81 20.78 102 10 198 32946 3230 63954 17.3 18.2 17.66 0.01
291600.0 310 100.98 0.5 109362 32788.49 0.5 15716 5327.21 0.54 5091548 2376792.7 20.78 310 159.53 0.54 108552 64204.34 20.78 102 10 198 33048 3240 64152 17.3 18.1 17.65 0.01
292500.0 376 101.12 0.5 109738 32889.61 0.5 15772 5326.18 0.54 5107320 2382118.88 20.78 370 159.53 0.54 108922 64363.87 20.78 102 10 198 33150 3250 64350 17.3 18.1 17.65 0.01
293400.0 354 101.75 0.5 110092 32991.36 0.5 15745 5322.57 0.54 5123065 2387441.45 20.78 350 159.47 0.54 109272 64523.34 20.78 102 10 198 33252 3260 64548 17.3 18.1 17.65 0.01
294300.0 310 100.98 0.5 110402 33092.34 0.5 15707 5323.58 0.54 5138772 2392765.03 20.78 310 159.46 0.54 109582 64682.81 20.78 102 10 198 33354 3270 64746 17.3 18.1 17.66 0.01
295200.0 310 100.98 0.5 110712 33193.32 0.5 15705 5323.59 0.54 5154477 2398088.62 20.78 310 159.47 0.54 109892 64842.28 20.78 102 10 198 33456 3280 64944 17.4 18.0 17.66 0.01
296100.0 376 101.12 0.5 111088 33294.44 0.5 15765 5323.59 0.54 5170242 2403412.2 20.78 370 159.47 0.54 110262 65001.74 20.78 102 10 198 33558 3290 65142 17.4 18.0 17.66 0.01
297000.0 354 101.76 0.5 111442 33396.2 0.5 15739 5325.17 0.54 5185981 2408737.37 20.78 350 159.53 0.54 110612 65161.27 20.78 102 10 198 33660 3300 65340 17.4 18.0 17.66 0.01
297900.0 310 100.98 0.5 111752 33497.18 0.5 15697 5325.67 0.54 5201678 2414063.04 20.78 310 159.53 0.54 110922 65320.8 20.78 102 10 198 33762 3310 65538 17.4 18.0 17.66 0.01
298800.0 310 100.98 0.5 112062 33598.16 0.5 15697 5325.17 0.54 5217375 2419388.21 20.78 310 159.53 0.54 111232 65480.33 20.78 102 10 198 33864 3320 65736 17.4 18.0 17.66 0.01
299700.0 376 101.12 0.5 112438 33699.28 0.5 15757 5325.16 0.54 5233132 2424713.37 20.78 370 159.53 0.54 111602 65639.86 20.78 102 10 198 33966 3330 65934 17.4 18.0 17.66 0.01
300600.0 354 101.76 0.5 112792 33801.04 0.5 15733 5324.15 0.54 5248865 2430037.52 20.78 350 159.53 0.54 111952 65799.39 20.78 102 10 198 34068 3340 66132 17.4 18.0 17.66 0.01
301500.0 310 100.98 0.5 113102 33902.02 0.5 15698 5322.94 0.54 5264563 2435360.46 20.78 310 159.47 0.54 112262 65958.86 20.78 102 10 198 34170 3350 66330 17.4 18.0 17.67 0.01
302400.0 310 100.98 0.5 113412 34003.0 0.5 15700 5322.96 0.54 5280263 2440683.41 20.78 310 159.48 0.54 112572 66118.34 20.78 102 10 198 34272 3360 66528 17.4 17.9 17.67 0.01
303300.0 376 101.12 0.5 113788 34104.12 0.5 15755 5320.9 0.54 5296018 2446004.32 20.78 370 159.47 0.54 112942 66277.81 20.78 102 10 198 34374 3370 66726 17.4 17.9 17.67 0.01
304200.0 354 101.75 0.5 114142 34205.87 0.5 15729 5317.98 0.54 5311747 2451322.29 20.78 350 159.45 0.54 113292 66437.26 20.78 102 10 198 34476 3380 66924 17.4 17.9 17.67 0.01
305100.0 310 100.98 0.5 114452 34306.85 0.5 15690 5321.2 0.54 5327437 2456643.5 20.78 310 159.5 0.54 113602 66596.76 20.78 102 10 198 34578 3390 67122 17.4 17.9 17.67 0.01
306000.0 310 100.98 0.5 114762 34407.83 0.5 15691 5321.21 0.54 5343128 2461964.7 20.78 310 159.5 0.54 113912 66756.26 20.78 102 10 198 34680 3400 67320 17.4 17.8 17.67 0.01
306900.0 376 101.12 0.5 115138 34508.95 0.5 15751 5321.21 0.54 5358879 2467285.91 20.78 370 159.5 0.54 114282 66915.76 20.78 102 10 198 34782 3410 67518 17.4 17.9 17.67 0.01
307800.0 354 101.76 0.5 115492 34610.71 0.5 15727 5322.11 0.54 5374606 2472608.02 20.78 350 159.53 0.54 114632 67075.3 20.78 102 10 198 34884 3420 67716 17.4 17.9 17.67 0.01
308700.0 310 100.98 0.5 115802 34711.69 0.5 15697 5324.14 0.54 5390303 2477932.15 20.78 310 159.53 0.54 114942 67234.82 20.78 102 10 198 34986 3430 67914 17.4 17.9 17.69 0.01
309600.0 310 100.98 0.5 116112 34812.67 0.5 15703 5325.17 0.54 5406006 2483257.32 20.78 310 159.53 0.54 115252 67394.35 20.78 102 10 198 35088 3440 68112 17.4 17.9 17.69 0.01
310500.0 376 101.12 0.5 116488 34913.79 0.5 15762 5324.65 0.54 5421768 2488581.97 20.78 370 159.53 0.54 115622 67553.88 20.78 102 10 198 35190 3450 68310 17.4 17.9 17.69 0.01
311400.0 354 101.75 0.5 116842 35015.55 0.5 15725 5319.0 0.54 5437493 2493900.97 20.78 350 159.47 0.54 115972 67713.35 20.78 102 10 198 35292 3460 68508 17.4 17.9 17.69 0.01
312300.0 310 100.98 0.5 117152 35116.53 0.5 15687 5317.97 0.54 5453180 2499218.95 20.78 310 159.46 0.54 116282 67872.81 20.78 102 10 198 35394 3470 68706 17.4 18.0 17.7 0.01
313200.0 310 100.98 0.5 117462 35217.5 0.5 15685 5317.47 0.54 5468865 2504536.41 20.78 310 159.47 0.54 116592 68032.28 20.78 102 10 198 35496 3480 68904 17.4 18.0 17.7 0.01
314100.0 376 101.12 0.5 117838 35318.62 0.5 15742 5316.96 0.54 5484607 2509853.37 20.78 370 159.47 0.54 116962 68191.75 20.78 102 10 198 35598 3490 69102 17.3 18.0 17.7 0.01
315000.0 354 101.76 0.5 118192 35420.38 0.5 15711 5318.54 0.54 5500318 2515171.91 20.78 350 159.53 0.54 117312 68351.28 20.78 102 10 198 35700 3500 69300 17.3 18.0 17.7 0.01
315900.0 310 100.98 0.5 118502 35521.36 0.5 15676 5317.09 0.54 5515994 2520489.0 20.78 310 159.49 0.54 117622 68510.77 20.78 102 10 198 35802 3510 69498 17.3 18.1 17.71 0.02
316800.0 310 100.98 0.5 118812 35622.34 0.5 15673 5317.1 0.54 5531667 2525806.1 20.78 310 159.49 0.54 117932 68670.26 20.78 102 10 198 35904 3520 69696 17.3 18.1 17.72 0.02
317700.0 376 101.12 0.5 119188 35723.46 0.5 15731 5316.59 0.54 5547398 2531122.69 20.78 370 159.49 0.54 118302 68829.75 20.78 102 10 198 36006 3530 69894 17.3 18.1 17.72 0.02
318600.0 354 101.76 0.5 119542 35825.22 0.5 15697 5313.02 0.54 5563095 2536435.71 20.78 350 159.49 0.54 118652 68989.24 20.78 102 10 198 36108 3540 70092 17.3 18.1 17.72 0.02
319500.0 310 100.98 0.5 119852 35926.2 0.5 15661 5316.49 0.54 5578756 2541752.2 20.78 310 159.53 0.54 118962 69148.77 20.78 102 10 198 36210 3550 70290 17.3 18.2 17.73 0.02
320400.0 310 100.98 0.5 120162 36027.18 0.5 15661 5316.5 0.54 5594417 2547068.7 20.78 310 159.53 0.54 119272 69308.3 20.78 102 10 198 36312 3560 70488 17.3 18.2 17.73 0.02
321300.0 376 101.12 0.5 120538 36128.3 0.5 15717 5315.98 0.54 5610134 2552384.68 20.78 370 159.53 0.54 119642 69467.83 20.78 102 10 198 36414 3570 70686 17.3 18.2 17.73 0.02
322200.0 354 101.75 0.5 120892 36230.05 0.5 15685 5308.86 0.54 5625819 2557693.54 20.78 350 159.43 0.54 119992 69627.26 20.78 102 10 198 36516 3580 70884 17.3 18.2 17.73 0.02
323100.0 310 100.97 0.5 121202 36331.02 0.5 15658 5309.97 0.54 5641477 2563003.5 20.78 310 159.38 0.54 120302 69786.64 20.78 102 10 198 36618 3590 71082 17.3 18.2 17.74 0.02
324000.0 310 100.97 0.5 121512 36432.0 0.5 15657 5308.94 0.54 5657134 2568312.45 20.78 310 159.38 0.54 120612 69946.02 20.78 102 10 198 36720 3600 71280 17.3 18.2 17.74 0.02
324900.0 376 101.12 0.5 121888 36533.11 0.5 15714 5308.95 0.54 5672848 2573621.4 20.78 370 159.38 0.54 120982 70105.4 20.78 102 10 198 36822 3610 71478 17.3 18.2 17.74 0.02
325800.0 354 101.75 0.5 122242 36634.87 0.5 15682 5310.71 0.54 5688530 2578932.11 20.78 350 159.48 0.54 121332 70264.88 20.78 102 10 198 36924 3620 71676 17.3 18.2 17.74 0.02
326700.0 310 100.98 0.5 122552 36735.85 0.5 15651 5316.49 0.54 5704181 2584248.6 20.78 310 159.53 0.54 121642 70424.4 20.78 102 10 198 37026 3630 71874 17.3 18.3 17.76 0.03
327600.0 310 100.98 0.5 122862 36836.83 0.5 15653 5316.5 0.54 5719834 2589565.1 20.78 310 159.53 0.54 121952 70583.93 20.78 102 10 198 37128 3640 72072 17.3 18.3 17.76 0.03
328500.0 376 101.12 0.5 123238 36937.95 0.5 15709 5316.49 0.54 5735543 2594881.58 20.78 370 159.53 0.54 122322 70743.46 20.78 102 10 198 37230 3650 72270 17.2 18.3 17.76 0.03
329400.0 354 101.76 0.5 123592 37039.71 0.5 15673 5313.44 0.54 5751216 2600195.02 20.78 350 159.53 0.54 122672 70902.99 20.78 102 10 198 37332 3660 72468 17.2 18.3 17.76 0.03
330300.0 310 100.98 0.5 123902 37140.69 0.5 15636 5314.96 0.54 5766852 2605509.98 20.78 310 159.53 0.54 122982 71062.52 20.78 102 10 198 37434 3670 72666 17.2 18.4 17.77 0.03
331200.0 310 100.98 0.5 124212 37241.67 0.5 15633 5314.46 0.54 5782485 2610824.44 20.78 310 159.53 0.54 123292 71222.05 20.78 102 10 198 37536 3680 72864 17.2 18.4 17.77 0.04
332100.0 376 101.12 0.5 124588 37342.79 0.5 15690 5313.43 0.54 5798175 2616137.87 20.78 370 159.53 0.54 123662 71381.58 20.78 102 10 198 37638 3690 73062 17.2 18.4 17.77 0.04
333000.0 354 101.76 0.5 124942 37444.55 0.5 15636 5306.42 0.54 5813811 2621444.29 20.78 350 159.5 0.54 124012 71541.08 20.78 102 10 198 37740 3700 73260 17.2 18.4 17.77 0.04
333900.0 310 100.98 0.5 125252 37545.53 0.5 15596 5307.43 0.54 5829407 2626751.72 20.78 310 159.5 0.54 124322 71700.58 20.78 102 10 198 37842 3710 73458 17.2 18.5 17.78 0.04
334800.0 310 100.98 0.5 125562 37646.51 0.5 15596 5307.44 0.54 5845003 2632059.15 20.78 310 159.5 0.54 124632 71860.08 20.78 102 10 198 37944 3720 73656 17.2 18.5 17.78 0.04
335700.0 376 101.12 0.5 125938 37747.63 0.5 15650 5305.9 0.54 5860653 2637365.06 20.78 370 159.5 0.54 125002 72019.58 20.78 102 10 198 38046 3730 73854 17.2 18.5 17.78 0.04
336600.0 354 101.76 0.5 126292 37849.39 0.5 15610 5303.24 0.54 5876263 2642668.3 20.78 350 159.53 0.54 125352 72179.12 20.78 102 10 198 38148 3740 74052 17.2 18.5 17.78 0.04
337500.0 310 100.98 0.5 126602 37950.37 0.5 15577 5302.72 0.54 5891840 2647971.01 20.78 310 159.53 0.54 125662 72338.64 20.78 102 10 198 38250 3750 74250 17.2 18.5 17.79 0.04
338400.0 310 100.98 0.5 126912 38051.35 0.5 15579 5305.28 0.54 5907419 2653276.29 20.78 310 159.53 0.54 125972 72498.17 20.78 102 10 198 38352 3760 74448 17.2 18.5 17.8 0.05
339300.0 376 101.12 0.5 127288 38152.47 0.5 15630 5303.74 0.54 5923049 2658580.03 20.78 370 159.53 0.54 126342 72657.7 20.78 102 10 198 38454 3770 74646 17.2 18.5 17.8 0.05
340200.0 354 101.76 0.5 127642 38254.23 0.5 15585 5298.26 0.54 5938634 2663878.28 20.78 350 159.49 0.54 126692 72817.19 20.78 102 10 198 38556 3780 74844 17.2 18.5 17.8 0.05
341100.0 310 100.98 0.5 127952 38355.21 0.5 15540 5296.22 0.54 5954174 2669174.5 20.78 310 159.49 0.54 127002 72976.68 20.78 102 10 198 38658 3790 75042 17.2 18.5 17.8 0.05
342000.0 310 100.98 0.5 128262 38456.18 0.5 15533 5294.17 0.54 5969707 2674468.67 20.78 310 159.49 0.54 127312 73136.17 20.78 102 10 198 38760 3800 75240 17.2 18.5 17.8 0.05
342900.0 376 101.12 0.5 128638 38557.3 0.5 15586 5294.18 0.54 5985293 2679762.85 20.78 370 159.49 0.54 127682 73295.66 20.78 102 10 198 38862 3810 75438 17.2 18.5 17.8 0.05
343800.0 354 101.75 0.5 128992 38659.06 0.5 15548 5288.75 0.54 6000841 2685051.6 20.78 350 159.46 0.54 128032 73455.12 20.78 102 10 198 38964 3820 75636 17.2 18.5 17.8 0.05
344700.0 310 100.98 0.5 129302 38760.03 0.5 15512 5290.29 0.54 6016353 2690341.89 20.78 310 159.45 0.54 128342 73614.58 20.78 102 10 198 39066 3830 75834 17.2 18.6 17.81 0.05
345600.0 310 100.98 0.5 129612 38861.01 0.5 15510 5290.28 0.54 6031863 2695632.17 20.78 310 159.46 0.54 128652 73774.03 20.78 102 10 198 39168 3840 76032 17.2 18.6 17.81 0.05
