# seed = 8, gamma = 0.33, beta = 1.0, dee = 0.1, dcc = 100.0, dec = 10.0, dsCnd = 50.0, dLocalhost = 0.02, hostBroker = CLOUD 
#
# The columns have the following meaning: 
# instant[SECONDS] commCountUploadPartial delaySumUploadPartial[SECONDS] delayMaxUploadPartial[SECONDS] commCountUploadTot delaySumUploadTot[SECONDS] delayMaxUploadTot[SECONDS] commCountDownloadPartial delaySumDownloadPartial[SECONDS] delayMaxDownloadPartial[SECONDS] commCountDownloadTot delaySumDownloadTot[SECONDS] delayMaxDownloadTot[SECONDS] commCountDownloadMaxPartial delaySumDownloadMaxPartial[SECONDS] delayMaxDownloadMaxPartial[SECONDS] commCountDownloadMaxTot delaySumDownloadMaxTot[SECONDS] delayMaxDownloadMaxTot[SECONDS] runOnCloudPartial runOnEdgePartial runOnSmartphonePartial runOnCloudTot runOnEdgeTot runOnSmartphoneTot minTemp maxTemp avgTemp varianceTemp
0.0 0 0.0 0.0 0 0.0 0.0 0 0.0 0.0 0 0.0 0.0 0 0.0 0.0 0 0.0 0.0 0 0 0 0 0 0 17.0 25.0 21.0 0.0
900.0 376 19.59 0.1 376 19.59 0.1 15771 1651.54 0.2 15771 1651.54 0.2 370 42.1 0.2 370 42.1 0.2 7 3 300 7 3 300 18.9 21.0 19.36 0.76
1800.0 356 20.4 0.36 732 39.99 0.36 16060 167946.6 20.29 31831 169598.14 20.29 352 3291.26 20.29 722 3333.35 20.29 7 3 300 14 6 600 18.9 18.9 18.9 0.0
2700.0 310 19.47 0.1 1042 59.46 0.36 15711 1703.97 0.2 47542 171302.11 20.29 310 42.86 0.2 1032 3376.21 20.29 7 3 300 21 9 900 17.8 18.9 18.45 0.03
3600.0 310 19.47 0.1 1352 78.93 0.36 15712 1704.02 0.2 63254 173006.13 20.29 310 42.85 0.2 1342 3419.07 20.29 7 3 300 28 12 1200 17.6 18.9 18.24 0.06
4500.0 376 19.61 0.1 1728 98.54 0.36 15768 1704.28 0.2 79022 174710.42 20.29 370 43.16 0.2 1712 3462.23 20.29 7 3 300 35 15 1500 17.6 18.7 18.24 0.05
5400.0 356 20.41 0.36 2084 118.95 0.36 16084 8008.67 20.35 95106 182719.08 20.35 352 63.55 20.35 2064 3525.78 20.35 7 3 300 42 18 1800 17.6 18.7 18.24 0.05
6300.0 310 19.47 0.1 2394 138.42 0.36 15761 1722.95 0.21 110867 184442.03 20.35 310 43.01 0.21 2374 3568.79 20.35 7 3 300 49 21 2100 17.6 18.7 18.24 0.05
7200.0 310 19.47 0.1 2704 157.89 0.36 15759 1723.04 0.21 126626 186165.08 20.35 310 43.01 0.21 2684 3611.8 20.35 7 3 300 56 24 2400 17.6 18.7 18.25 0.04
8100.0 376 19.62 0.1 3080 177.51 0.36 15816 1723.26 0.21 142442 187888.34 20.35 370 43.31 0.21 3054 3655.11 20.35 7 3 300 63 27 2700 17.6 18.7 18.25 0.04
9000.0 356 20.41 0.36 3436 197.92 0.36 16113 8023.45 20.38 158555 195911.79 20.38 352 63.69 20.38 3406 3718.8 20.38 7 3 300 70 30 3000 17.6 18.7 18.25 0.04
9900.0 310 19.47 0.1 3746 217.39 0.36 15776 1727.01 0.21 174331 197638.8 20.38 310 43.12 0.21 3716 3761.92 20.38 7 3 300 77 33 3300 17.6 18.7 18.23 0.04
10800.0 310 19.47 0.1 4056 236.87 0.36 15776 1726.98 0.21 190107 199365.78 20.38 310 43.11 0.21 4026 3805.03 20.38 7 3 300 84 36 3600 17.6 18.7 18.15 0.05
11700.0 376 19.62 0.1 4432 256.48 0.36 15836 1727.33 0.21 205943 201093.11 20.38 370 43.42 0.21 4396 3848.45 20.38 7 3 300 91 39 3900 17.6 18.7 18.15 0.05
12600.0 354 20.25 0.36 4786 276.73 0.36 15793 1731.39 0.21 221736 202824.5 20.38 350 43.59 0.21 4746 3892.04 20.38 7 3 300 98 42 4200 17.6 18.7 18.15 0.05
13500.0 310 19.47 0.1 5096 296.21 0.36 15726 1731.02 0.21 237462 204555.53 20.38 310 43.2 0.21 5056 3935.24 20.38 7 3 300 105 45 4500 17.6 18.7 18.14 0.05
14400.0 310 19.47 0.1 5406 315.68 0.36 15728 1730.99 0.21 253190 206286.52 20.38 310 43.19 0.21 5366 3978.43 20.38 7 3 300 112 48 4800 17.6 18.7 18.13 0.05
15300.0 376 19.62 0.1 5782 335.3 0.36 15786 1731.33 0.21 268976 208017.84 20.38 370 43.5 0.21 5736 4021.93 20.38 7 3 300 119 51 5100 17.6 18.7 18.13 0.05
16200.0 354 20.25 0.36 6136 355.55 0.36 15757 1730.03 0.21 284733 209747.87 20.38 350 43.57 0.21 6086 4065.5 20.38 7 3 300 126 54 5400 17.6 18.7 18.13 0.05
17100.0 310 19.47 0.1 6446 375.02 0.36 15718 1717.84 0.2 300451 211465.71 20.38 310 42.94 0.2 6396 4108.44 20.38 7 3 300 133 57 5700 17.6 18.7 18.11 0.04
18000.0 310 19.47 0.1 6756 394.49 0.36 15721 1717.85 0.2 316172 213183.56 20.38 310 42.94 0.2 6706 4151.38 20.38 7 3 300 140 60 6000 17.6 18.7 18.1 0.04
18900.0 376 19.61 0.1 7132 414.1 0.36 15780 1718.14 0.2 331952 214901.7 20.38 370 43.24 0.2 7076 4194.63 20.38 7 3 300 147 63 6300 17.6 18.6 18.1 0.04
19800.0 354 20.25 0.36 7486 434.34 0.36 15754 1721.08 0.2 347706 216622.78 20.38 350 43.39 0.2 7426 4238.02 20.38 7 3 300 154 66 6600 17.6 18.6 18.1 0.04
20700.0 310 19.47 0.1 7796 453.82 0.36 15721 1727.11 0.21 363427 218349.89 20.38 310 43.13 0.21 7736 4281.15 20.38 7 3 300 161 69 6900 17.6 18.6 18.08 0.03
21600.0 310 19.47 0.1 8106 473.29 0.36 15723 1727.08 0.21 379150 220076.97 20.38 310 43.12 0.21 8046 4324.27 20.38 7 3 300 168 72 7200 17.6 18.6 18.07 0.03
22500.0 376 19.62 0.1 8482 492.9 0.36 15783 1727.42 0.21 394933 221804.39 20.38 370 43.43 0.21 8416 4367.7 20.38 7 3 300 175 75 7500 17.6 18.6 18.07 0.03
23400.0 354 20.25 0.36 8836 513.15 0.36 15752 1730.58 0.21 410685 223534.97 20.38 350 43.59 0.21 8766 4411.29 20.38 7 3 300 182 78 7800 17.6 18.6 18.07 0.03
24300.0 310 19.48 0.1 9146 532.63 0.36 15718 1734.13 0.21 426403 225269.1 20.38 310 43.26 0.21 9076 4454.55 20.38 7 3 300 189 81 8100 17.6 18.6 18.05 0.03
25200.0 310 19.48 0.1 9456 552.11 0.36 15723 1734.1 0.21 442126 227003.2 20.38 310 43.25 0.21 9386 4497.8 20.38 7 3 300 196 84 8400 17.5 18.6 18.04 0.03
26100.0 376 19.62 0.1 9832 571.73 0.36 15782 1734.44 0.21 457908 228737.63 20.38 370 43.56 0.21 9756 4541.36 20.38 7 3 300 203 87 8700 17.5 18.6 18.03 0.03
27000.0 354 20.25 0.36 10186 591.98 0.36 15750 1734.5 0.21 473658 230472.13 20.38 350 43.65 0.21 10106 4585.01 20.38 7 3 300 210 90 9000 17.5 18.6 18.03 0.03
27900.0 310 19.47 0.1 10496 611.45 0.36 15718 1729.24 0.21 489376 232201.36 20.38 310 43.17 0.21 10416 4628.19 20.38 7 3 300 217 93 9300 17.5 18.6 18.0 0.03
28800.0 310 19.47 0.1 10806 630.93 0.36 15727 1729.22 0.21 505103 233930.58 20.38 310 43.16 0.21 10726 4671.35 20.38 7 3 300 224 96 9600 17.5 18.6 17.99 0.03
29700.0 376 19.62 0.1 11182 650.54 0.36 15786 1729.53 0.21 520889 235660.12 20.38 370 43.47 0.21 11096 4714.82 20.38 7 3 300 231 99 9900 17.5 18.6 17.99 0.03
30600.0 354 20.25 0.36 11536 670.79 0.36 15749 1729.62 0.21 536638 237389.73 20.38 350 43.57 0.21 11446 4758.39 20.38 7 3 300 238 102 10200 17.5 18.6 17.99 0.03
31500.0 310 19.48 0.1 11846 690.27 0.36 15717 1734.13 0.21 552355 239123.86 20.38 310 43.26 0.21 11756 4801.65 20.38 7 3 300 245 105 10500 17.5 18.6 17.96 0.03
32400.0 310 19.48 0.1 12156 709.74 0.36 15722 1734.1 0.21 568077 240857.96 20.38 310 43.25 0.21 12066 4844.9 20.38 7 3 300 252 108 10800 17.4 18.6 17.95 0.03
33300.0 376 19.62 0.1 12532 729.36 0.36 15782 1734.44 0.21 583859 242592.4 20.38 370 43.56 0.21 12436 4888.47 20.38 7 3 300 259 111 11100 17.4 18.5 17.95 0.03
34200.0 354 20.25 0.36 12886 749.62 0.36 15740 1734.5 0.21 599599 244326.89 20.38 350 43.65 0.21 12786 4932.12 20.38 7 3 300 266 114 11400 17.4 18.5 17.95 0.03
35100.0 310 19.48 0.1 13196 769.09 0.36 15712 1734.13 0.21 615311 246061.03 20.38 310 43.26 0.21 13096 4975.38 20.38 7 3 300 273 117 11700 17.4 18.5 17.92 0.03
36000.0 310 19.48 0.1 13506 788.57 0.36 15722 1734.1 0.21 631033 247795.12 20.38 310 43.25 0.21 13406 5018.63 20.38 7 3 300 280 120 12000 17.4 18.5 17.91 0.03
36900.0 376 19.62 0.1 13882 808.19 0.36 15782 1734.44 0.21 646815 249529.56 20.38 370 43.56 0.21 13776 5062.2 20.38 7 3 300 287 123 12300 17.4 18.5 17.91 0.03
37800.0 354 20.25 0.36 14236 828.44 0.36 15737 1726.93 0.21 662552 251256.48 20.38 350 43.51 0.21 14126 5105.71 20.38 7 3 300 294 126 12600 17.4 18.5 17.91 0.03
38700.0 310 19.47 0.1 14546 847.91 0.36 15710 1726.54 0.21 678262 252983.02 20.38 310 43.12 0.21 14436 5148.82 20.38 7 3 300 301 129 12900 17.4 18.5 17.88 0.03
39600.0 310 19.47 0.1 14856 867.38 0.36 15722 1726.52 0.21 693984 254709.54 20.38 310 43.11 0.21 14746 5191.94 20.38 7 3 300 308 132 13200 17.3 18.5 17.87 0.04
40500.0 376 19.62 0.1 15232 886.99 0.36 15779 1726.84 0.21 709763 256436.38 20.38 370 43.42 0.21 15116 5235.35 20.38 7 3 300 315 135 13500 17.3 18.5 17.87 0.04
41400.0 354 20.25 0.36 15586 907.25 0.36 15737 1734.49 0.21 725500 258170.87 20.38 350 43.65 0.21 15466 5279.01 20.38 7 3 300 322 138 13800 17.3 18.5 17.87 0.04
42300.0 310 19.47 0.1 15896 926.72 0.36 15703 1730.21 0.21 741203 259901.08 20.38 310 43.19 0.21 15776 5322.2 20.38 7 3 300 329 141 14100 17.3 18.5 17.84 0.04
43200.0 310 19.47 0.1 16206 946.19 0.36 15714 1730.18 0.21 756917 261631.26 20.38 310 43.18 0.21 16086 5365.38 20.38 7 3 300 336 144 14400 17.3 18.5 17.83 0.04
44100.0 376 19.62 0.1 16582 965.81 0.36 15773 1730.51 0.21 772690 263361.77 20.38 370 43.49 0.21 16456 5408.88 20.38 7 3 300 343 147 14700 17.2 18.4 17.82 0.04
45000.0 354 20.25 0.36 16936 986.06 0.36 15734 1730.58 0.21 788424 265092.35 20.38 350 43.59 0.21 16806 5452.46 20.38 7 3 300 350 150 15000 17.2 18.4 17.82 0.04
45900.0 310 19.47 0.1 17246 1005.54 0.36 15708 1728.02 0.21 804132 266820.37 20.38 310 43.14 0.21 17116 5495.6 20.38 7 3 300 357 153 15300 17.2 18.4 17.79 0.05
46800.0 310 19.47 0.1 17556 1025.01 0.36 15713 1728.0 0.21 819845 268548.37 20.38 310 43.13 0.21 17426 5538.73 20.38 7 3 300 364 156 15600 17.2 18.5 17.78 0.06
47700.0 376 19.62 0.1 17932 1044.63 0.36 15772 1728.32 0.21 835617 270276.7 20.38 370 43.44 0.21 17796 5582.17 20.38 7 3 300 371 159 15900 17.2 18.5 17.78 0.06
48600.0 354 20.25 0.36 18286 1064.88 0.36 15725 1728.4 0.21 851342 272005.1 20.38 350 43.53 0.21 18146 5625.7 20.38 7 3 300 378 162 16200 17.2 18.5 17.78 0.06
49500.0 310 19.48 0.1 18596 1084.35 0.36 15705 1734.13 0.21 867047 273739.23 20.38 310 43.26 0.21 18456 5668.96 20.38 7 3 300 385 165 16500 17.2 18.5 17.75 0.06
50400.0 310 19.48 0.1 18906 1103.83 0.36 15719 1734.1 0.21 882766 275473.32 20.38 310 43.25 0.21 18766 5712.22 20.38 7 3 300 392 168 16800 17.1 18.5 17.74 0.07
51300.0 376 19.62 0.1 19282 1123.45 0.36 15779 1734.44 0.21 898545 277207.76 20.38 370 43.56 0.21 19136 5755.78 20.38 7 3 300 399 171 17100 17.1 18.5 17.74 0.07
52200.0 354 20.25 0.36 19636 1143.7 0.36 15733 1734.5 0.21 914278 278942.26 20.38 350 43.65 0.21 19486 5799.43 20.38 7 3 300 406 174 17400 17.1 18.5 17.74 0.07
53100.0 310 19.48 0.1 19946 1163.18 0.36 15692 1734.13 0.21 929970 280676.39 20.38 310 43.26 0.21 19796 5842.69 20.38 7 3 300 413 177 17700 17.1 18.5 17.72 0.07
54000.0 310 19.48 0.1 20256 1182.65 0.36 15703 1734.1 0.21 945673 282410.48 20.38 310 43.25 0.21 20106 5885.95 20.38 7 3 300 420 180 18000 17.1 18.6 17.71 0.08
54900.0 376 19.62 0.1 20632 1202.27 0.36 15761 1734.44 0.21 961434 284144.92 20.38 370 43.56 0.21 20476 5929.51 20.38 7 3 300 427 183 18300 17.1 18.6 17.71 0.08
55800.0 354 20.25 0.36 20986 1222.53 0.36 15728 1734.5 0.21 977162 285879.42 20.38 350 43.65 0.21 20826 5973.16 20.38 7 3 300 434 186 18600 17.1 18.6 17.71 0.08
56700.0 310 19.48 0.1 21296 1242.0 0.36 15699 1734.13 0.21 992861 287613.55 20.38 310 43.26 0.21 21136 6016.42 20.38 7 3 300 441 189 18900 17.1 18.6 17.68 0.09
57600.0 310 19.48 0.1 21606 1261.48 0.36 15713 1734.1 0.21 1008574 289347.64 20.38 310 43.25 0.21 21446 6059.68 20.38 7 3 300 448 192 19200 17.1 18.6 17.67 0.09
58500.0 376 19.62 0.1 21982 1281.1 0.36 15773 1734.44 0.21 1024347 291082.08 20.38 370 43.56 0.21 21816 6103.24 20.38 7 3 300 455 195 19500 17.1 18.6 17.67 0.09
59400.0 354 20.25 0.36 22336 1301.35 0.36 15727 1731.39 0.21 1040074 292813.47 20.38 350 43.59 0.21 22166 6146.83 20.38 7 3 300 462 198 19800 17.1 18.6 17.67 0.09
60300.0 310 19.47 0.1 22646 1320.82 0.36 15695 1731.02 0.21 1055769 294544.5 20.38 310 43.2 0.21 22476 6190.03 20.38 7 3 300 469 201 20100 17.0 18.6 17.65 0.1
61200.0 310 19.47 0.1 22956 1340.3 0.36 15703 1730.99 0.21 1071472 296275.49 20.38 310 43.19 0.21 22786 6233.22 20.38 7 3 300 476 204 20400 17.0 18.6 17.64 0.1
62100.0 376 19.62 0.1 23332 1359.91 0.36 15760 1731.33 0.21 1087232 298006.81 20.38 370 43.5 0.21 23156 6276.72 20.38 7 3 300 483 207 20700 17.0 18.6 17.64 0.1
63000.0 354 20.25 0.36 23686 1380.16 0.36 15717 1723.75 0.2 1102949 299730.56 20.38 350 43.45 0.2 23506 6320.16 20.38 7 3 300 490 210 21000 17.0 18.6 17.64 0.1
63900.0 310 19.47 0.1 23996 1399.63 0.36 15685 1717.49 0.2 1118634 301448.05 20.38 310 42.94 0.2 23816 6363.1 20.38 7 3 300 497 213 21300 17.0 18.6 17.62 0.11
64800.0 310 19.47 0.1 24306 1419.1 0.36 15693 1717.52 0.2 1134327 303165.57 20.38 310 42.93 0.2 24126 6406.03 20.38 7 3 300 504 216 21600 17.0 18.6 17.62 0.12
65700.0 376 19.61 0.1 24682 1438.7 0.36 15753 1717.79 0.2 1150080 304883.36 20.38 370 43.24 0.2 24496 6449.27 20.38 7 3 300 511 219 21900 17.0 18.6 17.62 0.12
66600.0 354 20.24 0.36 25036 1458.95 0.36 15716 1715.89 0.2 1165796 306599.25 20.38 350 43.29 0.2 24846 6492.56 20.38 7 3 300 518 222 22200 17.0 18.6 17.62 0.12
67500.0 310 19.46 0.1 25346 1478.41 0.36 15672 1709.16 0.2 1181468 308308.41 20.38 310 42.77 0.2 25156 6535.33 20.38 7 3 300 525 225 22500 17.0 18.6 17.6 0.12
68400.0 310 19.46 0.1 25656 1497.88 0.36 15677 1709.2 0.2 1197145 310017.61 20.38 310 42.76 0.2 25466 6578.09 20.38 7 3 300 532 228 22800 17.0 18.7 17.6 0.12
69300.0 376 19.61 0.1 26032 1517.49 0.36 15736 1709.46 0.2 1212881 311727.06 20.38 370 43.07 0.2 25836 6621.16 20.38 7 3 300 539 231 23100 17.0 18.7 17.6 0.12
70200.0 354 20.24 0.36 26386 1537.73 0.36 15705 1714.72 0.2 1228586 313441.79 20.38 350 43.27 0.2 26186 6664.43 20.38 7 3 300 546 234 23400 17.0 18.7 17.6 0.12
71100.0 310 19.47 0.1 26696 1557.2 0.36 15664 1715.1 0.2 1244250 315156.89 20.38 310 42.89 0.2 26496 6707.32 20.38 7 3 300 553 237 23700 17.0 18.7 17.59 0.12
72000.0 310 19.47 0.1 27006 1576.66 0.36 15675 1715.13 0.2 1259925 316872.02 20.38 310 42.88 0.2 26806 6750.2 20.38 7 3 300 560 240 24000 17.0 18.7 17.59 0.13
72900.0 376 19.61 0.1 27382 1596.27 0.36 15732 1715.4 0.2 1275657 318587.42 20.38 370 43.19 0.2 27176 6793.39 20.38 7 3 300 567 243 24300 17.0 18.7 17.58 0.13
73800.0 354 20.24 0.36 27736 1616.51 0.36 15706 1715.53 0.2 1291363 320302.95 20.38 350 43.29 0.2 27526 6836.68 20.38 7 3 300 574 246 24600 17.0 18.7 17.58 0.13
74700.0 310 19.47 0.1 28046 1635.98 0.36 15665 1720.57 0.2 1307028 322023.53 20.38 310 43.0 0.2 27836 6879.68 20.38 7 3 300 581 249 24900 17.0 18.7 17.58 0.13
75600.0 310 19.47 0.1 28356 1655.45 0.36 15661 1720.61 0.2 1322689 323744.14 20.38 310 42.99 0.2 28146 6922.67 20.38 7 3 300 588 252 25200 17.0 18.7 17.57 0.13
76500.0 376 19.61 0.1 28732 1675.07 0.36 15721 1720.88 0.2 1338410 325465.02 20.38 370 43.3 0.2 28516 6965.97 20.38 7 3 300 595 255 25500 17.0 18.7 17.57 0.13
77400.0 354 20.24 0.36 29086 1695.31 0.36 15689 1717.92 0.2 1354099 327182.94 20.38 350 43.33 0.2 28866 7009.3 20.38 7 3 300 602 258 25800 17.0 18.7 17.57 0.13
78300.0 310 19.47 0.1 29396 1714.78 0.36 15653 1717.48 0.2 1369752 328900.42 20.38 310 42.94 0.2 29176 7052.24 20.38 7 3 300 609 261 26100 17.0 18.7 17.57 0.13
79200.0 310 19.47 0.1 29706 1734.25 0.36 15655 1717.52 0.2 1385407 330617.94 20.38 310 42.93 0.2 29486 7095.17 20.38 7 3 300 616 264 26400 17.0 18.6 17.56 0.13
80100.0 376 19.61 0.1 30082 1753.85 0.36 15715 1717.79 0.2 1401122 332335.73 20.38 370 43.24 0.2 29856 7138.4 20.38 7 3 300 623 267 26700 17.0 18.6 17.56 0.13
81000.0 354 20.25 0.36 30436 1774.1 0.36 15682 1722.07 0.2 1416804 334057.8 20.38 350 43.41 0.2 30206 7181.82 20.38 7 3 300 630 270 27000 17.0 18.6 17.56 0.13
81900.0 310 19.47 0.1 30746 1793.57 0.36 15650 1726.07 0.21 1432454 335783.87 20.38 310 43.1 0.21 30516 7224.92 20.38 7 3 300 637 273 27300 17.0 18.6 17.56 0.13
82800.0 310 19.47 0.1 31056 1813.05 0.36 15651 1726.01 0.21 1448105 337509.88 20.38 310 43.09 0.21 30826 7268.01 20.38 7 3 300 644 276 27600 17.0 18.6 17.56 0.12
83700.0 376 19.62 0.1 31432 1832.66 0.36 15708 1726.38 0.21 1463813 339236.25 20.38 370 43.4 0.21 31196 7311.41 20.38 7 3 300 651 279 27900 17.0 18.6 17.56 0.12
84600.0 354 20.25 0.36 31786 1852.91 0.36 15678 1726.41 0.21 1479491 340962.66 20.38 350 43.49 0.21 31546 7354.9 20.38 7 3 300 658 282 28200 17.0 18.6 17.56 0.12
85500.0 310 19.47 0.1 32096 1872.38 0.36 15648 1719.86 0.2 1495139 342682.52 20.38 310 42.97 0.2 31856 7397.87 20.38 7 3 300 665 285 28500 17.0 18.6 17.57 0.12
86400.0 310 19.47 0.1 32406 1891.85 0.36 15651 1719.82 0.2 1510790 344402.34 20.38 310 42.97 0.2 32166 7440.84 20.38 7 3 300 672 288 28800 17.0 18.6 17.57 0.11
87300.0 376 19.61 0.1 32782 1911.46 0.36 15711 1720.16 0.2 1526501 346122.49 20.38 370 43.28 0.2 32536 7484.11 20.38 7 3 300 679 291 29100 17.0 18.6 17.57 0.11
88200.0 354 20.25 0.36 33136 1931.71 0.36 15674 1728.4 0.21 1542175 347850.89 20.38 350 43.53 0.21 32886 7527.65 20.38 7 3 300 686 294 29400 17.0 18.6 17.57 0.11
89100.0 310 19.48 0.1 33446 1951.19 0.36 15685 1734.13 0.21 1557860 349585.02 20.38 310 43.26 0.21 33196 7570.91 20.38 7 3 300 693 297 29700 17.1 18.6 17.61 0.09
90000.0 310 19.48 0.1 33756 1970.67 0.36 15728 1734.1 0.21 1573588 351319.12 20.38 310 43.25 0.21 33506 7614.16 20.38 7 3 300 700 300 30000 17.1 18.5 17.67 0.05
90900.0 376 19.62 0.1 34132 1990.28 0.36 15787 1734.44 0.21 1589375 353053.55 20.38 370 43.56 0.21 33876 7657.72 20.38 7 3 300 707 303 30300 17.1 18.5 17.67 0.05
91800.0 354 20.25 0.36 34486 2010.53 0.36 15740 1720.93 0.2 1605115 354774.48 20.38 350 43.39 0.2 34226 7701.11 20.38 7 3 300 714 306 30600 17.1 18.5 17.67 0.05
92700.0 310 19.46 0.1 34796 2030.0 0.36 15763 1707.87 0.2 1620878 356482.35 20.38 310 42.74 0.2 34536 7743.85 20.38 7 3 300 721 309 30900 17.2 23.8 19.48 2.18
93600.0 310 19.46 0.1 35106 2049.46 0.36 15757 1707.91 0.2 1636635 358190.26 20.38 310 42.74 0.2 34846 7786.59 20.38 7 3 300 728 312 31200 17.1 23.8 20.69 4.99
94500.0 376 19.61 0.1 35482 2069.07 0.36 15811 1708.16 0.2 1652446 359898.42 20.38 370 43.04 0.2 35216 7829.63 20.38 7 3 300 735 315 31500 17.1 23.8 20.72 5.03
95400.0 354 20.24 0.36 35836 2089.31 0.36 15789 1708.31 0.2 1668235 361606.72 20.38 350 43.14 0.2 35566 7872.77 20.38 7 3 300 742 318 31800 17.1 23.8 20.72 5.03
96300.0 310 19.46 0.1 36146 2108.77 0.36 15761 1707.86 0.2 1683996 363314.58 20.38 310 42.74 0.2 35876 7915.51 20.38 7 3 300 749 321 32100 17.1 24.0 21.04 4.98
97200.0 310 19.46 0.1 36456 2128.24 0.36 15760 1707.91 0.2 1699756 365022.49 20.38 310 42.74 0.2 36186 7958.25 20.38 7 3 300 756 324 32400 17.1 24.0 21.22 4.93
98100.0 376 19.61 0.1 36832 2147.85 0.36 15819 1708.16 0.2 1715575 366730.65 20.38 370 43.04 0.2 36556 8001.29 20.38 7 3 300 763 327 32700 17.4 24.0 21.22 4.92
99000.0 354 20.24 0.36 37186 2168.08 0.36 15796 1702.12 0.2 1731371 368432.77 20.38 350 43.01 0.2 36906 8044.31 20.38 7 3 300 770 330 33000 17.4 24.0 21.22 4.92
99900.0 310 19.46 0.1 37496 2187.54 0.36 15757 1701.67 0.2 1747128 370134.43 20.38 310 42.62 0.2 37216 8086.92 20.38 7 3 300 777 333 33300 17.4 24.0 21.42 4.36
100800.0 310 19.46 0.1 37806 2207.0 0.36 15752 1701.72 0.2 1762880 371836.15 20.38 310 42.61 0.2 37526 8129.54 20.38 7 3 300 784 336 33600 17.5 24.0 21.56 4.08
101700.0 376 19.6 0.1 38182 2226.61 0.36 15812 1701.97 0.2 1778692 373538.12 20.38 370 42.92 0.2 37896 8172.46 20.38 7 3 300 791 339 33900 17.8 24.0 21.56 4.06
102600.0 354 20.24 0.36 38536 2246.85 0.36 15790 1700.77 0.2 1794482 375238.89 20.38 350 42.99 0.2 38246 8215.44 20.38 7 3 300 798 342 34200 17.8 24.0 21.56 4.06
103500.0 310 19.46 0.1 38846 2266.31 0.36 15751 1700.34 0.2 1810233 376939.22 20.38 310 42.59 0.2 38556 8258.03 20.38 7 3 300 805 345 34500 17.8 24.0 21.69 3.51
104400.0 310 19.46 0.1 39156 2285.77 0.36 15753 1700.37 0.2 1825986 378639.59 20.38 310 42.59 0.2 38866 8300.62 20.38 7 3 300 812 348 34800 18.0 24.0 21.85 3.2
105300.0 376 19.6 0.1 39532 2305.37 0.36 15810 1700.64 0.2 1841796 380340.22 20.38 370 42.89 0.2 39236 8343.51 20.38 7 3 300 819 351 35100 18.5 24.0 21.86 3.17
106200.0 354 20.24 0.36 39886 2325.61 0.36 15788 1697.68 0.2 1857584 382037.9 20.38 350 42.92 0.2 39586 8386.44 20.38 7 3 300 826 354 35400 18.5 24.0 21.86 3.17
107100.0 310 19.45 0.1 40196 2345.06 0.36 15748 1685.25 0.2 1873332 383723.15 20.38 310 42.29 0.2 39896 8428.72 20.38 7 3 300 833 357 35700 18.5 24.0 21.85 2.98
108000.0 310 19.45 0.1 40506 2364.51 0.36 15746 1685.25 0.2 1889078 385408.4 20.38 310 42.28 0.2 40206 8471.01 20.38 7 3 300 840 360 36000 18.8 24.0 21.86 2.95
108900.0 376 19.6 0.1 40882 2384.11 0.36 15805 1685.54 0.2 1904883 387093.95 20.38 370 42.59 0.2 40576 8513.6 20.38 7 3 300 847 363 36300 18.9 24.0 21.86 2.95
109800.0 354 20.23 0.36 41236 2404.34 0.36 15782 1685.66 0.2 1920665 388779.6 20.38 350 42.68 0.2 40926 8556.28 20.38 7 3 300 854 366 36600 18.9 24.0 21.86 2.95
110700.0 310 19.45 0.1 41546 2423.8 0.36 15744 1685.24 0.2 1936409 390464.85 20.38 310 42.29 0.2 41236 8598.57 20.38 7 3 300 861 369 36900 18.9 24.0 21.75 2.87
111600.0 310 19.45 0.1 41856 2443.25 0.36 15737 1685.25 0.2 1952146 392150.1 20.38 310 42.28 0.2 41546 8640.85 20.38 7 3 300 868 372 37200 18.9 24.0 21.69 2.75
112500.0 376 19.6 0.1 42232 2462.85 0.36 15795 1685.54 0.2 1967941 393835.64 20.38 370 42.59 0.2 41916 8683.44 20.38 7 3 300 875 375 37500 18.9 23.9 21.69 2.75
113400.0 354 20.23 0.36 42586 2483.08 0.36 15770 1685.66 0.2 1983711 395521.3 20.38 350 42.68 0.2 42266 8726.13 20.38 7 3 300 882 378 37800 18.9 23.9 21.69 2.75
114300.0 310 19.45 0.1 42896 2502.53 0.36 15738 1685.24 0.2 1999449 397206.54 20.38 310 42.29 0.2 42576 8768.41 20.38 7 3 300 889 381 38100 18.9 23.9 22.83 1.06
115200.0 310 19.45 0.1 43206 2521.99 0.36 15737 1685.25 0.2 2015186 398891.8 20.38 310 42.28 0.2 42886 8810.7 20.38 7 3 300 896 384 38400 18.9 24.0 23.49 0.17
116100.0 376 19.6 0.1 43582 2541.58 0.36 15797 1685.54 0.2 2030983 400577.34 20.38 370 42.59 0.2 43256 8853.29 20.38 7 3 300 903 387 38700 22.6 24.0 23.52 0.04
117000.0 354 20.23 0.36 43936 2561.81 0.36 15776 1685.66 0.2 2046759 402262.99 20.38 350 42.68 0.2 43606 8895.97 20.38 7 3 300 910 390 39000 22.6 24.0 23.52 0.04
117900.0 310 19.45 0.1 44246 2581.27 0.36 15736 1685.24 0.2 2062495 403948.24 20.38 310 42.29 0.2 43916 8938.26 20.38 7 3 300 917 393 39300 22.6 24.0 23.56 0.02
118800.0 310 19.45 0.1 44556 2600.72 0.36 15735 1685.25 0.2 2078230 405633.49 20.38 310 42.28 0.2 44226 8980.54 20.38 7 3 300 924 396 39600 22.7 24.0 23.6 0.02
119700.0 376 19.6 0.1 44932 2620.32 0.36 15791 1685.54 0.2 2094021 407319.03 20.38 370 42.59 0.2 44596 9023.13 20.38 7 3 300 931 399 39900 22.7 24.0 23.6 0.02
120600.0 354 20.23 0.36 45286 2640.55 0.36 15771 1685.66 0.2 2109792 409004.69 20.38 350 42.68 0.2 44946 9065.82 20.38 7 3 300 938 402 40200 22.7 24.0 23.6 0.02
121500.0 310 19.45 0.1 45596 2660.0 0.36 15728 1685.24 0.2 2125520 410689.93 20.38 310 42.29 0.2 45256 9108.1 20.38 7 3 300 945 405 40500 22.8 24.0 23.64 0.01
122400.0 310 19.45 0.1 45906 2679.46 0.36 15727 1685.25 0.2 2141247 412375.18 20.38 310 42.28 0.2 45566 9150.39 20.38 7 3 300 952 408 40800 22.8 24.0 23.67 0.01
123300.0 376 19.6 0.1 46282 2699.05 0.36 15786 1685.54 0.2 2157033 414060.73 20.38 370 42.59 0.2 45936 9192.98 20.38 7 3 300 959 411 41100 22.8 24.0 23.67 0.01
124200.0 354 20.23 0.36 46636 2719.28 0.36 15765 1685.66 0.2 2172798 415746.38 20.38 350 42.68 0.2 46286 9235.66 20.38 7 3 300 966 414 41400 22.8 24.0 23.67 0.01
125100.0 310 19.45 0.1 46946 2738.74 0.36 15719 1685.24 0.2 2188517 417431.62 20.38 310 42.29 0.2 46596 9277.95 20.38 7 3 300 973 417 41700 22.9 24.0 23.7 0.01
126000.0 310 19.45 0.1 47256 2758.19 0.36 15719 1685.25 0.2 2204236 419116.88 20.38 310 42.28 0.2 46906 9320.23 20.38 7 3 300 980 420 42000 22.9 24.0 23.73 0.01
126900.0 376 19.6 0.1 47632 2777.79 0.36 15778 1685.54 0.2 2220014 420802.42 20.38 370 42.59 0.2 47276 9362.82 20.38 7 3 300 987 423 42300 22.9 24.0 23.73 0.01
127800.0 354 20.23 0.36 47986 2798.02 0.36 15755 1685.66 0.2 2235769 422488.08 20.38 350 42.68 0.2 47626 9405.51 20.38 7 3 300 994 426 42600 22.9 24.0 23.73 0.01
128700.0 310 19.45 0.1 48296 2817.47 0.36 15715 1685.24 0.2 2251484 424173.32 20.38 310 42.29 0.2 47936 9447.79 20.38 7 3 300 1001 429 42900 23.1 24.0 23.75 0.01
129600.0 310 19.45 0.1 48606 2836.93 0.36 15714 1685.25 0.2 2267198 425858.57 20.38 310 42.28 0.2 48246 9490.08 20.38 7 3 300 1008 432 43200 23.1 24.0 23.77 0.01
130500.0 376 19.6 0.1 48982 2856.53 0.36 15772 1685.54 0.2 2282970 427544.12 20.38 370 42.59 0.2 48616 9532.67 20.38 7 3 300 1015 435 43500 23.1 24.0 23.77 0.01
131400.0 354 20.23 0.36 49336 2876.76 0.36 15752 1685.66 0.2 2298722 429229.77 20.38 350 42.68 0.2 48966 9575.35 20.38 7 3 300 1022 438 43800 23.1 24.0 23.77 0.01
132300.0 310 19.45 0.1 49646 2896.21 0.36 15712 1685.24 0.2 2314434 430915.01 20.38 310 42.29 0.2 49276 9617.64 20.38 7 3 300 1029 441 44100 23.2 24.0 23.79 0.01
133200.0 310 19.45 0.1 49956 2915.66 0.36 15710 1685.25 0.2 2330144 432600.27 20.38 310 42.28 0.2 49586 9659.92 20.38 7 3 300 1036 444 44400 23.2 24.0 23.81 0.01
134100.0 376 19.6 0.1 50332 2935.26 0.36 15770 1685.54 0.2 2345914 434285.81 20.38 370 42.59 0.2 49956 9702.51 20.38 7 3 300 1043 447 44700 23.2 24.0 23.81 0.01
135000.0 354 20.23 0.36 50686 2955.49 0.36 15748 1685.66 0.2 2361662 435971.46 20.38 350 42.68 0.2 50306 9745.2 20.38 7 3 300 1050 450 45000 23.2 24.0 23.81 0.01
135900.0 310 19.45 0.1 50996 2974.95 0.36 15708 1685.24 0.2 2377370 437656.71 20.38 310 42.29 0.2 50616 9787.49 20.38 7 3 300 1057 453 45300 23.3 24.0 23.83 0.01
136800.0 310 19.45 0.1 51306 2994.4 0.36 15708 1685.25 0.2 2393078 439341.96 20.38 310 42.28 0.2 50926 9829.77 20.38 7 3 300 1064 456 45600 23.3 24.0 23.84 0.01
137700.0 376 19.6 0.1 51682 3014.0 0.36 15768 1685.54 0.2 2408846 441027.5 20.38 370 42.59 0.2 51296 9872.36 20.38 7 3 300 1071 459 45900 23.3 24.0 23.84 0.01
138600.0 354 20.23 0.36 52036 3034.23 0.36 15747 1685.66 0.2 2424593 442713.16 20.38 350 42.68 0.2 51646 9915.04 20.38 7 3 300 1078 462 46200 23.3 24.0 23.84 0.01
139500.0 310 19.45 0.1 52346 3053.68 0.36 15707 1685.24 0.2 2440300 444398.4 20.38 310 42.29 0.2 51956 9957.33 20.38 7 3 300 1085 465 46500 23.4 24.0 23.85 0.01
140400.0 310 19.45 0.1 52656 3073.13 0.36 15706 1685.25 0.2 2456006 446083.65 20.38 310 42.28 0.2 52266 9999.61 20.38 7 3 300 1092 468 46800 23.4 24.0 23.86 0.01
141300.0 376 19.6 0.1 53032 3092.73 0.36 15764 1685.54 0.2 2471770 447769.2 20.38 370 42.59 0.2 52636 10042.2 20.38 7 3 300 1099 471 47100 23.4 24.0 23.86 0.01
142200.0 354 20.23 0.36 53386 3112.96 0.36 15744 1685.66 0.2 2487514 449454.85 20.38 350 42.68 0.2 52986 10084.89 20.38 7 3 300 1106 474 47400 23.4 24.0 23.86 0.01
143100.0 310 19.45 0.1 53696 3132.42 0.36 15703 1685.24 0.2 2503217 451140.09 20.38 310 42.29 0.2 53296 10127.18 20.38 7 3 300 1113 477 47700 23.5 24.0 23.88 0.01
144000.0 310 19.45 0.1 54006 3151.87 0.36 15700 1685.25 0.2 2518917 452825.35 20.38 310 42.28 0.2 53606 10169.46 20.38 7 3 300 1120 480 48000 23.5 24.0 23.89 0.01
144900.0 376 19.6 0.1 54382 3171.47 0.36 15760 1685.54 0.2 2534677 454510.89 20.38 370 42.59 0.2 53976 10212.05 20.38 7 3 300 1127 483 48300 23.5 24.0 23.89 0.01
145800.0 354 20.23 0.36 54736 3191.7 0.36 15740 1685.66 0.2 2550417 456196.54 20.38 350 42.68 0.2 54326 10254.73 20.38 7 3 300 1134 486 48600 23.5 24.0 23.89 0.01
146700.0 310 19.45 0.1 55046 3211.15 0.36 15697 1685.24 0.2 2566114 457881.78 20.38 310 42.29 0.2 54636 10297.02 20.38 7 3 300 1141 489 48900 23.6 24.0 23.89 0.01
147600.0 310 19.45 0.1 55356 3230.61 0.36 15697 1685.25 0.2 2581811 459567.04 20.38 310 42.28 0.2 54946 10339.3 20.38 7 3 300 1148 492 49200 23.6 24.0 23.89 0.01
148500.0 376 19.6 0.1 55732 3250.2 0.36 15754 1685.54 0.2 2597565 461252.58 20.38 370 42.59 0.2 55316 10381.89 20.38 7 3 300 1155 495 49500 23.6 24.0 23.89 0.01
149400.0 354 20.23 0.36 56086 3270.43 0.36 15734 1685.66 0.2 2613299 462938.24 20.38 350 42.68 0.2 55666 10424.58 20.38 7 3 300 1162 498 49800 23.6 24.0 23.89 0.01
150300.0 310 19.45 0.1 56396 3289.89 0.36 15694 1685.24 0.2 2628993 464623.48 20.38 310 42.29 0.2 55976 10466.87 20.38 7 3 300 1169 501 50100 23.7 24.0 23.89 0.01
151200.0 310 19.45 0.1 56706 3309.34 0.36 15693 1685.25 0.2 2644686 466308.73 20.38 310 42.28 0.2 56286 10509.15 20.38 7 3 300 1176 504 50400 23.7 24.0 23.9 0.01
152100.0 376 19.6 0.1 57082 3328.94 0.36 15750 1685.54 0.2 2660436 467994.27 20.38 370 42.59 0.2 56656 10551.74 20.38 7 3 300 1183 507 50700 23.7 24.0 23.9 0.01
153000.0 354 20.23 0.36 57436 3349.17 0.36 15730 1685.66 0.2 2676166 469679.93 20.38 350 42.68 0.2 57006 10594.42 20.38 7 3 300 1190 510 51000 23.7 24.0 23.9 0.01
153900.0 310 19.45 0.1 57746 3368.62 0.36 15689 1685.24 0.2 2691855 471365.17 20.38 310 42.29 0.2 57316 10636.71 20.38 7 3 300 1197 513 51300 23.7 24.0 23.9 0.01
154800.0 310 19.45 0.1 58056 3388.08 0.36 15684 1685.25 0.2 2707539 473050.42 20.38 310 42.28 0.2 57626 10678.99 20.38 7 3 300 1204 516 51600 23.6 24.0 23.9 0.01
155700.0 376 19.6 0.1 58432 3407.67 0.36 15744 1685.54 0.2 2723283 474735.97 20.38 370 42.59 0.2 57996 10721.58 20.38 7 3 300 1211 519 51900 23.6 24.0 23.9 0.01
156600.0 354 20.23 0.36 58786 3427.91 0.36 15724 1685.66 0.2 2739007 476421.62 20.38 350 42.68 0.2 58346 10764.27 20.38 7 3 300 1218 522 52200 23.6 24.0 23.9 0.01
157500.0 310 19.45 0.1 59096 3447.36 0.36 15684 1685.24 0.2 2754691 478106.86 20.38 310 42.29 0.2 58656 10806.56 20.38 7 3 300 1225 525 52500 23.6 24.0 23.89 0.01
158400.0 310 19.45 0.1 59406 3466.81 0.36 15684 1685.25 0.2 2770375 479792.12 20.38 310 42.28 0.2 58966 10848.84 20.38 7 3 300 1232 528 52800 23.5 24.0 23.89 0.01
159300.0 376 19.6 0.1 59782 3486.41 0.36 15743 1685.54 0.2 2786118 481477.66 20.38 370 42.59 0.2 59336 10891.43 20.38 7 3 300 1239 531 53100 23.5 24.0 23.89 0.01
160200.0 354 20.23 0.36 60136 3506.64 0.36 15721 1685.66 0.2 2801839 483163.31 20.38 350 42.68 0.2 59686 10934.11 20.38 7 3 300 1246 534 53400 23.5 24.0 23.89 0.01
161100.0 310 19.45 0.1 60446 3526.09 0.36 15681 1685.24 0.2 2817520 484848.55 20.38 310 42.29 0.2 59996 10976.4 20.38 7 3 300 1253 537 53700 23.5 24.0 23.87 0.02
162000.0 310 19.45 0.1 60756 3545.55 0.36 15677 1685.25 0.2 2833197 486533.81 20.38 310 42.28 0.2 60306 11018.68 20.38 7 3 300 1260 540 54000 23.4 24.0 23.87 0.02
162900.0 376 19.59 0.1 61132 3565.14 0.36 15735 1685.54 0.2 2848932 488219.35 20.38 370 42.59 0.2 60676 11061.27 20.38 7 3 300 1267 543 54300 23.4 24.0 23.87 0.02
163800.0 354 20.23 0.36 61486 3585.37 0.36 15715 1685.66 0.2 2864647 489905.0 20.38 350 42.68 0.2 61026 11103.96 20.38 7 3 300 1274 546 54600 23.4 24.0 23.87 0.02
164700.0 310 19.45 0.1 61796 3604.83 0.36 15675 1685.24 0.2 2880322 491590.24 20.38 310 42.29 0.2 61336 11146.25 20.38 7 3 300 1281 549 54900 23.4 24.0 23.85 0.02
165600.0 310 19.45 0.1 62106 3624.28 0.36 15674 1685.25 0.2 2895996 493275.5 20.38 310 42.28 0.2 61646 11188.53 20.38 7 3 300 1288 552 55200 23.3 24.0 23.84 0.02
166500.0 376 19.6 0.1 62482 3643.88 0.36 15733 1685.54 0.2 2911729 494961.04 20.38 370 42.59 0.2 62016 11231.12 20.38 7 3 300 1295 555 55500 23.3 24.0 23.83 0.02
167400.0 354 20.23 0.36 62836 3664.11 0.36 15712 1685.66 0.2 2927441 496646.7 20.38 350 42.68 0.2 62366 11273.8 20.38 7 3 300 1302 558 55800 23.3 24.0 23.83 0.02
168300.0 310 19.45 0.1 63146 3683.56 0.36 15669 1685.24 0.2 2943110 498331.94 20.38 310 42.29 0.2 62676 11316.09 20.38 7 3 300 1309 561 56100 23.3 24.0 23.82 0.02
169200.0 310 19.45 0.1 63456 3703.02 0.36 15669 1685.25 0.2 2958779 500017.19 20.38 310 42.28 0.2 62986 11358.37 20.38 7 3 300 1316 564 56400 23.2 24.0 23.8 0.02
170100.0 376 19.59 0.1 63832 3722.61 0.36 15729 1685.54 0.2 2974508 501702.73 20.38 370 42.59 0.2 63356 11400.96 20.38 7 3 300 1323 567 56700 23.2 24.0 23.8 0.02
171000.0 354 20.23 0.36 64186 3742.84 0.36 15707 1685.66 0.2 2990215 503388.39 20.38 350 42.68 0.2 63706 11443.65 20.38 7 3 300 1330 570 57000 23.2 24.0 23.8 0.02
171900.0 310 19.45 0.1 64496 3762.29 0.36 15665 1685.24 0.2 3005880 505073.63 20.38 310 42.29 0.2 64016 11485.94 20.38 7 3 300 1337 573 57300 23.2 24.0 23.78 0.03
172800.0 310 19.45 0.1 64806 3781.75 0.36 15662 1685.25 0.2 3021542 506758.88 20.38 310 42.28 0.2 64326 11528.22 20.38 7 3 300 1344 576 57600 23.1 24.0 23.76 0.03
173700.0 376 19.6 0.1 65182 3801.34 0.36 15718 1685.54 0.2 3037260 508444.42 20.38 370 42.59 0.2 64696 11570.81 20.38 7 3 300 1351 579 57900 23.1 24.0 23.76 0.03
174600.0 354 20.23 0.36 65536 3821.58 0.36 15695 1685.65 0.2 3052955 510130.08 20.38 350 42.68 0.2 65046 11613.49 20.38 7 3 300 1358 582 58200 23.1 24.0 23.76 0.03
175500.0 310 19.45 0.1 65846 3841.03 0.36 15650 1685.24 0.2 3068605 511815.32 20.38 310 42.29 0.2 65356 11655.78 20.38 7 3 300 1365 585 58500 23.1 24.0 23.73 0.03
176400.0 310 19.45 0.1 66156 3860.48 0.36 15645 1685.25 0.2 3084250 513500.57 20.38 310 42.28 0.2 65666 11698.07 20.38 7 3 300 1372 588 58800 22.9 24.0 23.7 0.03
177300.0 376 19.6 0.1 66532 3880.08 0.36 15704 1685.54 0.2 3099954 515186.11 20.38 370 42.59 0.2 66036 11740.66 20.38 7 3 300 1379 591 59100 22.9 23.9 23.7 0.03
178200.0 354 20.23 0.36 66886 3900.31 0.36 15683 1685.65 0.2 3115637 516871.77 20.38 350 42.68 0.2 66386 11783.34 20.38 7 3 300 1386 594 59400 22.9 23.9 23.7 0.03
179100.0 310 19.45 0.1 67196 3919.76 0.36 15644 1685.24 0.2 3131281 518557.01 20.38 310 42.29 0.2 66696 11825.63 20.38 7 3 300 1393 597 59700 22.9 23.9 23.65 0.03
180000.0 310 19.45 0.1 67506 3939.22 0.36 15650 1685.25 0.2 3146931 520242.26 20.38 310 42.28 0.2 67006 11867.91 20.38 7 3 300 1400 600 60000 22.8 23.9 23.6 0.03
180900.0 376 19.6 0.1 67882 3958.82 0.36 15710 1685.54 0.2 3162641 521927.8 20.38 370 42.59 0.2 67376 11910.5 20.38 7 3 300 1407 603 60300 22.8 23.9 23.6 0.03
181800.0 354 20.23 0.36 68236 3979.05 0.36 15673 1685.65 0.2 3178314 523613.46 20.38 350 42.68 0.2 67726 11953.18 20.38 7 3 300 1414 606 60600 22.8 23.9 23.6 0.03
182700.0 310 19.45 0.1 68546 3998.5 0.36 15644 1685.24 0.2 3193958 525298.7 20.38 310 42.29 0.2 68036 11995.47 20.38 7 3 300 1421 609 60900 22.8 23.8 23.53 0.03
183600.0 310 19.45 0.1 68856 4017.95 0.36 15647 1685.25 0.2 3209605 526983.95 20.38 310 42.28 0.2 68346 12037.76 20.38 7 3 300 1428 612 61200 22.7 23.8 23.47 0.03
184500.0 376 19.6 0.1 69232 4037.55 0.36 15701 1685.54 0.2 3225306 528669.49 20.38 370 42.59 0.2 68716 12080.35 20.38 7 3 300 1435 615 61500 22.7 23.8 23.47 0.02
185400.0 354 20.23 0.36 69586 4057.78 0.36 15677 1685.65 0.2 3240983 530355.15 20.38 350 42.68 0.2 69066 12123.03 20.38 7 3 300 1442 618 61800 22.7 23.8 23.47 0.02
186300.0 310 19.45 0.1 69896 4077.24 0.36 15638 1685.24 0.2 3256621 532040.39 20.38 310 42.29 0.2 69376 12165.32 20.38 7 3 300 1449 621 62100 22.7 23.7 23.37 0.03
187200.0 310 19.45 0.1 70206 4096.69 0.36 15634 1685.25 0.2 3272255 533725.64 20.38 310 42.28 0.2 69686 12207.6 20.38 7 3 300 1456 624 62400 22.4 23.7 23.29 0.03
188100.0 376 19.6 0.1 70582 4116.29 0.36 15692 1685.54 0.2 3287947 535411.18 20.38 370 42.59 0.2 70056 12250.19 20.38 7 3 300 1463 627 62700 22.4 23.7 23.29 0.03
189000.0 354 20.23 0.36 70936 4136.52 0.36 15669 1685.65 0.2 3303616 537096.83 20.38 350 42.68 0.2 70406 12292.87 20.38 7 3 300 1470 630 63000 22.4 23.7 23.29 0.03
189900.0 310 19.45 0.1 71246 4155.97 0.36 15627 1685.24 0.2 3319243 538782.07 20.38 310 42.29 0.2 70716 12335.16 20.38 7 3 300 1477 633 63300 22.4 23.5 23.16 0.03
190800.0 310 19.45 0.1 71556 4175.43 0.36 15626 1685.25 0.2 3334869 540467.33 20.38 310 42.28 0.2 71026 12377.45 20.38 7 3 300 1484 636 63600 22.1 23.5 23.04 0.03
191700.0 376 19.6 0.1 71932 4195.02 0.36 15685 1685.54 0.2 3350554 542152.87 20.38 370 42.59 0.2 71396 12420.04 20.38 7 3 300 1491 639 63900 22.1 23.5 23.03 0.03
192600.0 354 20.23 0.36 72286 4215.25 0.36 15658 1685.65 0.2 3366212 543838.52 20.38 350 42.68 0.2 71746 12462.72 20.38 7 3 300 1498 642 64200 22.1 23.5 23.03 0.03
193500.0 310 19.45 0.1 72596 4234.71 0.36 15621 1685.24 0.2 3381833 545523.76 20.38 310 42.29 0.2 72056 12505.01 20.38 7 3 300 1505 645 64500 22.1 23.3 22.89 0.03
194400.0 310 19.45 0.1 72906 4254.16 0.36 15624 1685.25 0.2 3397457 547209.02 20.38 310 42.28 0.2 72366 12547.29 20.38 7 3 300 1512 648 64800 22.0 23.3 22.74 0.03
195300.0 376 19.6 0.1 73282 4273.76 0.36 15679 1685.54 0.2 3413136 548894.56 20.38 370 42.59 0.2 72736 12589.88 20.38 7 3 300 1519 651 65100 22.0 23.3 22.74 0.03
196200.0 354 20.23 0.36 73636 4293.99 0.36 15658 1685.65 0.2 3428794 550580.21 20.38 350 42.68 0.2 73086 12632.57 20.38 7 3 300 1526 654 65400 22.0 23.3 22.74 0.03
197100.0 310 19.45 0.1 73946 4313.44 0.36 15612 1685.24 0.2 3444406 552265.45 20.38 310 42.29 0.2 73396 12674.85 20.38 7 3 300 1533 657 65700 22.0 23.1 22.59 0.02
198000.0 310 19.45 0.1 74256 4332.9 0.36 15588 1685.25 0.2 3459994 553950.7 20.38 310 42.28 0.2 73706 12717.14 20.38 7 3 300 1540 660 66000 22.0 23.1 22.43 0.03
198900.0 376 19.6 0.1 74632 4352.49 0.36 15647 1685.54 0.2 3475641 555636.24 20.38 370 42.59 0.2 74076 12759.73 20.38 7 3 300 1547 663 66300 22.0 23.1 22.42 0.03
199800.0 354 20.23 0.36 74986 4372.73 0.36 15624 1685.65 0.2 3491265 557321.9 20.38 350 42.68 0.2 74426 12802.41 20.38 7 3 300 1554 666 66600 22.0 23.1 22.42 0.03
200700.0 310 19.45 0.1 75296 4392.18 0.36 15604 1685.24 0.2 3506869 559007.14 20.38 310 42.29 0.2 74736 12844.7 20.38 7 3 300 1561 669 66900 22.0 22.8 22.26 0.02
201600.0 310 19.45 0.1 75606 4411.63 0.36 15604 1685.25 0.2 3522473 560692.39 20.38 310 42.28 0.2 75046 12886.98 20.38 7 3 300 1568 672 67200 22.0 22.8 22.18 0.02
202500.0 376 19.6 0.1 75982 4431.23 0.36 15663 1685.54 0.2 3538136 562377.93 20.38 370 42.59 0.2 75416 12929.57 20.38 7 3 300 1575 675 67500 22.0 22.8 22.18 0.02
203400.0 354 20.23 0.36 76336 4451.46 0.36 15632 1685.65 0.2 3553768 564063.58 20.38 350 42.68 0.2 75766 12972.26 20.38 7 3 300 1582 678 67800 22.0 22.8 22.18 0.02
204300.0 310 19.45 0.1 76646 4470.91 0.36 15601 1685.24 0.2 3569369 565748.82 20.38 310 42.29 0.2 76076 13014.54 20.38 7 3 300 1589 681 68100 22.0 22.6 22.07 0.01
205200.0 310 19.45 0.1 76956 4490.37 0.36 15600 1685.25 0.2 3584969 567434.08 20.38 310 42.28 0.2 76386 13056.83 20.38 7 3 300 1596 684 68400 22.0 22.6 22.06 0.01
206100.0 376 19.59 0.1 77332 4509.96 0.36 15659 1685.54 0.2 3600628 569119.62 20.38 370 42.59 0.2 76756 13099.42 20.38 7 3 300 1603 687 68700 22.0 22.6 22.06 0.01
207000.0 354 20.23 0.36 77686 4530.19 0.36 15628 1685.65 0.2 3616256 570805.27 20.38 350 42.68 0.2 77106 13142.1 20.38 7 3 300 1610 690 69000 22.0 22.6 22.06 0.01
207900.0 310 19.45 0.1 77996 4549.65 0.36 15600 1685.24 0.2 3631856 572490.51 20.38 310 42.29 0.2 77416 13184.39 20.38 7 3 300 1617 693 69300 22.0 22.2 22.02 0.0
208800.0 310 19.45 0.1 78306 4569.1 0.36 15593 1685.25 0.2 3647449 574175.76 20.38 310 42.28 0.2 77726 13226.67 20.38 7 3 300 1624 696 69600 22.0 22.2 22.02 0.0
209700.0 376 19.6 0.1 78682 4588.7 0.36 15652 1685.54 0.2 3663101 575861.3 20.38 370 42.59 0.2 78096 13269.26 20.38 7 3 300 1631 699 69900 22.0 22.2 22.02 0.0
210600.0 354 20.23 0.36 79036 4608.93 0.36 15620 1685.65 0.2 3678721 577546.96 20.38 350 42.68 0.2 78446 13311.95 20.38 7 3 300 1638 702 70200 22.0 22.2 22.02 0.0
211500.0 310 19.45 0.1 79346 4628.38 0.36 15575 1685.24 0.2 3694296 579232.2 20.38 310 42.29 0.2 78756 13354.23 20.38 7 3 300 1645 705 70500 22.0 22.0 22.0 0.0
212400.0 310 19.45 0.1 79656 4647.84 0.36 15575 1685.25 0.2 3709871 580917.45 20.38 310 42.28 0.2 79066 13396.52 20.38 7 3 300 1652 708 70800 22.0 22.0 22.0 0.0
213300.0 376 19.59 0.1 80032 4667.43 0.36 15631 1685.54 0.2 3725502 582602.99 20.38 370 42.59 0.2 79436 13439.11 20.38 7 3 300 1659 711 71100 22.0 22.0 22.0 0.0
214200.0 354 20.23 0.36 80386 4687.66 0.36 15604 1685.65 0.2 3741106 584288.64 20.38 350 42.68 0.2 79786 13481.79 20.38 7 3 300 1666 714 71400 22.0 22.0 22.0 0.0
215100.0 310 19.45 0.1 80696 4707.11 0.36 15563 1685.24 0.2 3756669 585973.88 20.38 310 42.29 0.2 80096 13524.08 20.38 7 3 300 1673 717 71700 22.0 22.0 22.0 0.0
216000.0 310 19.45 0.1 81006 4726.57 0.36 15557 1685.25 0.2 3772226 587659.13 20.38 310 42.28 0.2 80406 13566.36 20.38 7 3 300 1680 720 72000 22.0 22.0 22.0 0.0
216900.0 376 19.6 0.1 81382 4746.16 0.36 15614 1685.54 0.2 3787840 589344.67 20.38 370 42.59 0.2 80776 13608.95 20.38 7 3 300 1687 723 72300 22.0 22.0 22.0 0.0
217800.0 354 20.23 0.36 81736 4766.4 0.36 15594 1685.65 0.2 3803434 591030.33 20.38 350 42.68 0.2 81126 13651.64 20.38 7 3 300 1694 726 72600 22.0 22.0 22.0 0.0
218700.0 310 19.45 0.1 82046 4785.85 0.36 15549 1685.24 0.2 3818983 592715.57 20.38 310 42.29 0.2 81436 13693.92 20.38 7 3 300 1701 729 72900 22.0 22.0 22.0 0.0
219600.0 310 19.45 0.1 82356 4805.3 0.36 15545 1685.25 0.2 3834528 594400.82 20.38 310 42.28 0.2 81746 13736.21 20.38 7 3 300 1708 732 73200 22.0 22.0 22.0 0.0
220500.0 376 19.6 0.1 82732 4824.9 0.36 15601 1685.54 0.2 3850129 596086.36 20.38 370 42.59 0.2 82116 13778.8 20.38 7 3 300 1715 735 73500 22.0 22.0 22.0 0.0
221400.0 354 20.23 0.36 83086 4845.13 0.36 15578 1689.04 0.2 3865707 597775.39 20.38 350 42.75 0.2 82466 13821.55 20.38 7 3 300 1722 738 73800 22.0 22.0 22.0 0.0
222300.0 310 19.46 0.1 83396 4864.59 0.36 15626 1691.5 0.2 3881333 599466.89 20.38 310 42.41 0.2 82776 13863.96 20.38 7 3 300 1729 741 74100 20.7 22.0 21.34 0.07
223200.0 310 19.46 0.1 83706 4884.05 0.36 15665 1691.52 0.2 3896998 601158.41 20.38 310 42.41 0.2 83086 13906.37 20.38 7 3 300 1736 744 74400 19.8 22.0 20.56 0.17
224100.0 376 19.6 0.1 84082 4903.65 0.36 15725 1691.81 0.2 3912723 602850.22 20.38 370 42.72 0.2 83456 13949.09 20.38 7 3 300 1743 747 74700 19.8 21.8 20.53 0.15
225000.0 354 20.23 0.36 84436 4923.88 0.36 15705 1690.63 0.2 3928428 604540.84 20.38 350 42.78 0.2 83806 13991.87 20.38 7 3 300 1750 750 75000 19.8 21.8 20.53 0.15
225900.0 310 19.46 0.1 84746 4943.33 0.36 15666 1691.18 0.2 3944094 606232.02 20.38 310 42.41 0.2 84116 14034.28 20.38 7 3 300 1757 753 75300 19.8 21.7 20.48 0.13
226800.0 310 19.46 0.1 85056 4962.79 0.36 15667 1691.19 0.2 3959761 607923.21 20.38 310 42.4 0.2 84426 14076.68 20.38 7 3 300 1764 756 75600 19.8 21.7 20.44 0.15
227700.0 376 19.6 0.1 85432 4982.39 0.36 15727 1691.48 0.2 3975488 609614.69 20.38 370 42.71 0.2 84796 14119.39 20.38 7 3 300 1771 759 75900 19.8 21.7 20.44 0.15
228600.0 354 20.23 0.36 85786 5002.62 0.36 15702 1692.81 0.2 3991190 611307.5 20.38 350 42.83 0.2 85146 14162.22 20.38 7 3 300 1778 762 76200 19.8 21.7 20.44 0.15
229500.0 310 19.46 0.1 86096 5022.08 0.36 15662 1690.45 0.2 4006852 612997.95 20.38 310 42.39 0.2 85456 14204.62 20.38 7 3 300 1785 765 76500 19.8 21.6 20.42 0.15
230400.0 310 19.46 0.1 86406 5041.54 0.36 15662 1690.46 0.2 4022514 614688.41 20.38 310 42.39 0.2 85766 14247.0 20.38 7 3 300 1792 768 76800 19.8 21.6 20.42 0.15
231300.0 376 19.6 0.1 86782 5061.13 0.36 15720 1690.75 0.2 4038234 616379.16 20.38 370 42.7 0.2 86136 14289.7 20.38 7 3 300 1799 771 77100 19.8 21.6 20.42 0.14
232200.0 354 20.23 0.36 87136 5081.37 0.36 15698 1690.08 0.2 4053932 618069.24 20.38 350 42.77 0.2 86486 14332.47 20.38 7 3 300 1806 774 77400 19.8 21.6 20.42 0.14
233100.0 310 19.46 0.1 87446 5100.82 0.36 15661 1691.6 0.2 4069593 619760.84 20.38 310 42.42 0.2 86796 14374.89 20.38 7 3 300 1813 777 77700 19.8 21.5 20.45 0.16
234000.0 310 19.46 0.1 87756 5120.28 0.36 15659 1691.62 0.2 4085252 621452.46 20.38 310 42.41 0.2 87106 14417.3 20.38 7 3 300 1820 780 78000 19.8 21.5 20.46 0.15
234900.0 376 19.6 0.1 88132 5139.88 0.36 15719 1691.9 0.2 4100971 623144.37 20.38 370 42.72 0.2 87476 14460.02 20.38 7 3 300 1827 783 78300 19.8 21.5 20.46 0.15
235800.0 354 20.23 0.36 88486 5160.11 0.36 15695 1690.77 0.2 4116666 624835.14 20.38 350 42.79 0.2 87826 14502.8 20.38 7 3 300 1834 786 78600 19.8 21.5 20.46 0.15
236700.0 310 19.45 0.1 88796 5179.57 0.36 15652 1687.52 0.2 4132318 626522.66 20.38 310 42.33 0.2 88136 14545.14 20.38 7 3 300 1841 789 78900 19.8 21.4 20.47 0.16
237600.0 310 19.45 0.1 89106 5199.02 0.36 15659 1687.53 0.2 4147977 628210.19 20.38 310 42.33 0.2 88446 14587.47 20.38 7 3 300 1848 792 79200 19.8 21.4 20.51 0.15
238500.0 376 19.59 0.1 89482 5218.61 0.36 15715 1687.82 0.2 4163692 629898.01 20.38 370 42.64 0.2 88816 14630.1 20.38 7 3 300 1855 795 79500 19.7 21.4 20.52 0.15
239400.0 354 20.23 0.36 89836 5238.85 0.36 15688 1689.58 0.2 4179380 631587.59 20.38 350 42.76 0.2 89166 14672.87 20.38 7 3 300 1862 798 79800 19.7 21.4 20.52 0.15
240300.0 310 19.46 0.1 90146 5258.3 0.36 15640 1689.16 0.2 4195020 633276.75 20.38 310 42.37 0.2 89476 14715.23 20.38 7 3 300 1869 801 80100 19.7 21.5 20.53 0.17
241200.0 310 19.46 0.1 90456 5277.76 0.36 15637 1689.18 0.2 4210657 634965.93 20.38 310 42.36 0.2 89786 14757.6 20.38 7 3 300 1876 804 80400 19.7 21.6 20.56 0.16
242100.0 376 19.6 0.1 90832 5297.36 0.36 15697 1689.47 0.2 4226354 636655.39 20.38 370 42.67 0.2 90156 14800.26 20.38 7 3 300 1883 807 80700 19.7 21.6 20.56 0.16
243000.0 354 20.23 0.36 91186 5317.59 0.36 15668 1688.99 0.2 4242022 638344.39 20.38 350 42.75 0.2 90506 14843.02 20.38 7 3 300 1890 810 81000 19.7 21.6 20.56 0.16
243900.0 310 19.46 0.1 91496 5337.05 0.36 15638 1690.4 0.2 4257660 640034.79 20.38 310 42.39 0.2 90816 14885.41 20.38 7 3 300 1897 813 81300 19.7 21.7 20.57 0.17
244800.0 310 19.46 0.1 91806 5356.5 0.36 15640 1690.42 0.2 4273300 641725.21 20.38 310 42.39 0.2 91126 14927.79 20.38 7 3 300 1904 816 81600 19.7 21.8 20.61 0.18
245700.0 376 19.6 0.1 92182 5376.1 0.36 15700 1690.7 0.2 4289000 643415.91 20.38 370 42.69 0.2 91496 14970.49 20.38 7 3 300 1911 819 81900 19.6 21.8 20.61 0.18
246600.0 354 20.23 0.36 92536 5396.33 0.36 15660 1691.56 0.2 4304660 645107.47 20.38 350 42.8 0.2 91846 15013.29 20.38 7 3 300 1918 822 82200 19.6 21.8 20.61 0.18
247500.0 310 19.46 0.1 92846 5415.79 0.36 15631 1689.71 0.2 4320291 646797.18 20.38 310 42.38 0.2 92156 15055.67 20.38 7 3 300 1925 825 82500 19.6 21.8 20.58 0.19
248400.0 310 19.46 0.1 93156 5435.25 0.36 15630 1689.72 0.2 4335921 648486.89 20.38 310 42.37 0.2 92466 15098.04 20.38 7 3 300 1932 828 82800 19.6 21.9 20.6 0.2
249300.0 376 19.6 0.1 93532 5454.85 0.36 15683 1690.01 0.2 4351604 650176.9 20.38 370 42.68 0.2 92836 15140.72 20.38 7 3 300 1939 831 83100 19.5 21.9 20.6 0.2
250200.0 354 20.23 0.36 93886 5475.08 0.36 15645 1689.72 0.2 4367249 651866.63 20.38 350 42.77 0.2 93186 15183.49 20.38 7 3 300 1946 834 83400 19.5 21.9 20.6 0.2
251100.0 310 19.46 0.1 94196 5494.53 0.36 15626 1689.78 0.2 4382875 653556.41 20.38 310 42.38 0.2 93496 15225.87 20.38 7 3 300 1953 837 83700 19.5 21.9 20.55 0.21
252000.0 310 19.46 0.1 94506 5513.99 0.36 15636 1689.8 0.2 4398511 655246.2 20.38 310 42.37 0.2 93806 15268.24 20.38 7 3 300 1960 840 84000 19.5 22.0 20.53 0.23
252900.0 376 19.6 0.1 94882 5533.59 0.36 15694 1690.08 0.2 4414205 656936.28 20.38 370 42.68 0.2 94176 15310.93 20.38 7 3 300 1967 843 84300 19.5 22.0 20.53 0.24
253800.0 354 20.23 0.36 95236 5553.82 0.36 15650 1689.88 0.2 4429855 658626.16 20.38 350 42.77 0.2 94526 15353.69 20.38 7 3 300 1974 846 84600 19.5 22.0 20.53 0.24
254700.0 310 19.46 0.1 95546 5573.28 0.36 15660 1689.93 0.2 4445515 660316.09 20.38 310 42.38 0.2 94836 15396.08 20.38 7 3 300 1981 849 84900 19.5 22.0 20.41 0.24
255600.0 310 19.46 0.1 95856 5592.73 0.36 15665 1689.94 0.2 4461180 662006.03 20.38 310 42.38 0.2 95146 15438.45 20.38 7 3 300 1988 852 85200 19.5 21.8 20.37 0.25
256500.0 376 19.6 0.1 96232 5612.33 0.36 15725 1690.23 0.2 4476905 663696.26 20.38 370 42.68 0.2 95516 15481.14 20.38 7 3 300 1995 855 85500 19.3 21.8 20.37 0.26
257400.0 354 20.23 0.36 96586 5632.56 0.36 15669 1689.52 0.2 4492574 665385.78 20.38 350 42.76 0.2 95866 15523.9 20.38 7 3 300 2002 858 85800 19.3 21.8 20.37 0.26
258300.0 310 19.46 0.1 96896 5652.02 0.36 15669 1690.62 0.2 4508243 667076.4 20.38 310 42.4 0.2 96176 15566.3 20.38 7 3 300 2009 861 86100 19.3 21.8 20.21 0.25
259200.0 310 19.46 0.1 97206 5671.48 0.36 15675 1690.64 0.2 4523918 668767.04 20.38 310 42.39 0.2 96486 15608.69 20.38 7 3 300 2016 864 86400 19.3 21.8 20.12 0.28
260100.0 376 19.6 0.1 97582 5691.08 0.36 15735 1690.92 0.2 4539653 670457.96 20.38 370 42.7 0.2 96856 15651.39 20.38 7 3 300 2023 867 86700 19.2 21.6 20.12 0.28
261000.0 356 20.4 0.36 97938 5711.47 0.36 16024 169640.99 20.37 4555677 840098.96 20.38 352 3317.57 20.37 97208 18968.96 20.38 7 3 300 2030 870 87000 19.2 21.6 20.12 0.28
261900.0 310 19.45 0.1 98248 5730.93 0.36 15684 1686.16 0.2 4571361 841785.11 20.38 310 42.32 0.2 97518 19011.28 20.38 7 3 300 2037 873 87300 18.9 21.6 19.79 0.27
262800.0 310 19.45 0.1 98558 5750.38 0.36 15690 1686.16 0.2 4587051 843471.27 20.38 310 42.31 0.2 97828 19053.59 20.38 7 3 300 2044 876 87600 18.9 21.6 19.6 0.25
263700.0 376 19.6 0.1 98934 5769.98 0.36 15750 1686.46 0.2 4602801 845157.73 20.38 370 42.62 0.2 98198 19096.21 20.38 7 3 300 2051 879 87900 18.9 20.8 19.59 0.24
264600.0 356 20.4 0.36 99290 5790.38 0.36 16041 169462.16 20.36 4618842 1014619.89 20.38 352 3314.69 20.36 98550 22410.9 20.38 7 3 300 2058 882 88200 18.9 20.8 19.59 0.24
265500.0 310 19.47 0.1 99600 5809.86 0.36 15723 1725.82 0.21 4634565 1016345.71 20.38 310 43.62 0.21 98860 22454.52 20.38 7 3 300 2065 885 88500 17.3 20.8 18.41 0.29
266400.0 310 19.47 0.1 99910 5829.33 0.36 15745 1725.76 0.21 4650310 1018071.47 20.38 310 43.61 0.21 99170 22498.13 20.38 7 3 300 2072 888 88800 17.3 20.2 17.82 0.07
267300.0 376 19.62 0.1 100286 5848.95 0.36 15805 1726.13 0.21 4666115 1019797.59 20.38 370 43.92 0.21 99540 22542.06 20.38 7 3 300 2079 891 89100 17.3 18.8 17.8 0.02
268200.0 356 20.42 0.36 100642 5869.37 0.36 16095 169316.02 20.36 4682210 1189113.61 20.38 352 3313.38 20.36 99892 25855.44 20.38 7 3 300 2086 894 89400 17.3 18.8 17.8 0.02
269100.0 310 19.47 0.1 100952 5888.84 0.36 15733 1722.74 0.21 4697943 1190836.35 20.38 310 43.65 0.21 100202 25899.09 20.38 7 3 300 2093 897 89700 17.3 18.8 17.77 0.02
270000.0 310 19.47 0.1 101262 5908.31 0.36 15734 1722.7 0.21 4713677 1192559.06 20.38 310 43.64 0.21 100512 25942.74 20.38 7 3 300 2100 900 90000 17.3 18.7 17.75 0.02
270900.0 376 19.62 0.1 101638 5927.93 0.36 15794 1723.04 0.21 4729471 1194282.1 20.38 370 43.95 0.21 100882 25986.69 20.38 7 3 300 2107 903 90300 17.3 18.7 17.75 0.02
271800.0 354 20.25 0.36 101992 5948.18 0.36 15772 1722.21 0.2 4745243 1196004.31 20.38 350 44.03 0.2 101232 26030.72 20.38 7 3 300 2114 906 90600 17.3 18.7 17.75 0.02
272700.0 310 19.47 0.1 102302 5967.65 0.36 15732 1721.84 0.2 4760975 1197726.15 20.38 310 43.63 0.2 101542 26074.35 20.38 7 3 300 2121 909 90900 17.3 18.7 17.74 0.02
273600.0 310 19.47 0.1 102612 5987.12 0.36 15732 1721.81 0.2 4776707 1199447.96 20.38 310 43.63 0.2 101852 26117.98 20.38 7 3 300 2128 912 91200 17.3 18.6 17.73 0.02
274500.0 376 19.62 0.1 102988 6006.74 0.36 15787 1722.14 0.2 4792494 1201170.09 20.38 370 43.94 0.2 102222 26161.92 20.38 7 3 300 2135 915 91500 17.3 18.6 17.73 0.02
275400.0 354 20.25 0.36 103342 6026.99 0.36 15766 1726.19 0.21 4808260 1202896.28 20.38 350 44.11 0.21 102572 26206.03 20.38 7 3 300 2142 918 91800 17.3 18.6 17.73 0.02
276300.0 310 19.47 0.1 103652 6046.46 0.36 15726 1722.0 0.2 4823986 1204618.29 20.38 310 43.64 0.2 102882 26249.66 20.38 7 3 300 2149 921 92100 17.3 18.6 17.71 0.02
277200.0 310 19.47 0.1 103962 6065.93 0.36 15726 1721.97 0.2 4839712 1206340.26 20.38 310 43.63 0.2 103192 26293.29 20.38 7 3 300 2156 924 92400 17.3 18.5 17.7 0.02
278100.0 376 19.61 0.1 104338 6085.55 0.36 15786 1722.3 0.2 4855498 1208062.57 20.38 370 43.94 0.2 103562 26337.23 20.38 7 3 300 2163 927 92700 17.3 18.5 17.7 0.02
279000.0 354 20.25 0.36 104692 6105.79 0.36 15764 1719.29 0.2 4871262 1209781.85 20.38 350 43.97 0.2 103912 26381.2 20.38 7 3 300 2170 930 93000 17.3 18.5 17.7 0.02
279900.0 310 19.47 0.1 105002 6125.27 0.36 15723 1722.74 0.21 4886985 1211504.59 20.38 310 43.65 0.21 104222 26424.85 20.38 7 3 300 2177 933 93300 17.3 18.5 17.69 0.02
280800.0 310 19.47 0.1 105312 6144.74 0.36 15725 1722.7 0.21 4902710 1213227.29 20.38 310 43.64 0.21 104532 26468.49 20.38 7 3 300 2184 936 93600 17.3 18.4 17.68 0.02
281700.0 376 19.62 0.1 105688 6164.36 0.36 15784 1723.04 0.21 4918494 1214950.33 20.38 370 43.95 0.21 104902 26512.45 20.38 7 3 300 2191 939 93900 17.3 18.4 17.68 0.02
282600.0 354 20.25 0.36 106042 6184.6 0.36 15758 1720.22 0.2 4934252 1216670.55 20.38 350 43.99 0.2 105252 26556.44 20.38 7 3 300 2198 942 94200 17.3 18.4 17.68 0.02
283500.0 310 19.47 0.1 106352 6204.07 0.36 15720 1713.36 0.2 4949972 1218383.91 20.38 310 43.46 0.2 105562 26599.9 20.38 7 3 300 2205 945 94500 17.3 18.4 17.67 0.01
284400.0 310 19.47 0.1 106662 6223.54 0.36 15719 1713.33 0.2 4965691 1220097.24 20.38 310 43.46 0.2 105872 26643.36 20.38 7 3 300 2212 948 94800 17.3 18.3 17.67 0.01
285300.0 376 19.61 0.1 107038 6243.15 0.36 15779 1713.65 0.2 4981470 1221810.89 20.38 370 43.77 0.2 106242 26687.12 20.38 7 3 300 2219 951 95100 17.3 18.3 17.67 0.01
286200.0 354 20.25 0.36 107392 6263.4 0.36 15756 1715.72 0.2 4997226 1223526.61 20.38 350 43.9 0.2 106592 26731.02 20.38 7 3 300 2226 954 95400 17.3 18.3 17.67 0.01
287100.0 310 19.47 0.1 107702 6282.87 0.36 15714 1718.01 0.2 5012940 1225244.62 20.38 310 43.56 0.2 106902 26774.58 20.38 7 3 300 2233 957 95700 17.3 18.3 17.66 0.01
288000.0 310 19.47 0.1 108012 6302.34 0.36 15710 1717.99 0.2 5028650 1226962.61 20.38 310 43.55 0.2 107212 26818.13 20.38 7 3 300 2240 960 96000 17.3 18.2 17.66 0.01
288900.0 376 19.61 0.1 108388 6321.96 0.36 15770 1718.32 0.2 5044420 1228680.93 20.38 370 43.86 0.2 107582 26861.99 20.38 7 3 300 2247 963 96300 17.3 18.2 17.66 0.01
289800.0 354 20.25 0.36 108742 6342.21 0.36 15746 1722.37 0.2 5060166 1230403.3 20.38 350 44.03 0.2 107932 26906.02 20.38 7 3 300 2254 966 96600 17.3 18.2 17.66 0.01
290700.0 310 19.47 0.1 109052 6361.68 0.36 15711 1725.82 0.21 5075877 1232129.13 20.38 310 43.71 0.21 108242 26949.73 20.38 7 3 300 2261 969 96900 17.3 18.2 17.65 0.01
291600.0 310 19.47 0.1 109362 6381.15 0.36 15716 1725.79 0.21 5091593 1233854.92 20.38 310 43.71 0.21 108552 26993.44 20.38 7 3 300 2268 972 97200 17.3 18.1 17.65 0.01
292500.0 376 19.62 0.1 109738 6400.77 0.36 15772 1726.13 0.21 5107365 1235581.05 20.38 370 44.02 0.21 108922 27037.46 20.38 7 3 300 2275 975 97500 17.3 18.1 17.65 0.01
293400.0 354 20.25 0.36 110092 6421.02 0.36 15748 1726.19 0.21 5123113 1237307.24 20.38 350 44.11 0.21 109272 27081.56 20.38 7 3 300 2282 978 97800 17.3 18.1 17.65 0.01
294300.0 310 19.47 0.1 110402 6440.5 0.36 15706 1719.49 0.2 5138819 1239026.73 20.38 310 43.59 0.2 109582 27125.15 20.38 7 3 300 2289 981 98100 17.4 18.1 17.66 0.01
295200.0 310 19.47 0.1 110712 6459.97 0.36 15704 1719.45 0.2 5154523 1240746.19 20.38 310 43.58 0.2 109892 27168.73 20.38 7 3 300 2296 984 98400 17.4 18.0 17.66 0.01
296100.0 376 19.62 0.1 111088 6479.58 0.36 15764 1719.79 0.2 5170287 1242465.98 20.38 370 43.89 0.2 110262 27212.62 20.38 7 3 300 2303 987 98700 17.4 18.0 17.66 0.01
297000.0 354 20.25 0.36 111442 6499.83 0.36 15740 1719.85 0.2 5186027 1244185.83 20.38 350 43.98 0.2 110612 27256.6 20.38 7 3 300 2310 990 99000 17.4 18.0 17.66 0.01
297900.0 310 19.47 0.1 111752 6519.3 0.36 15696 1725.82 0.21 5201723 1245911.66 20.38 310 43.71 0.21 110922 27300.32 20.38 7 3 300 2317 993 99300 17.4 18.0 17.66 0.01
298800.0 310 19.47 0.1 112062 6538.78 0.36 15697 1725.79 0.21 5217420 1247637.45 20.38 310 43.71 0.21 111232 27344.02 20.38 7 3 300 2324 996 99600 17.4 18.0 17.66 0.01
299700.0 376 19.62 0.1 112438 6558.4 0.36 15757 1726.13 0.21 5233177 1249363.58 20.38 370 44.02 0.21 111602 27388.04 20.38 7 3 300 2331 999 99900 17.4 18.0 17.66 0.01
300600.0 354 20.25 0.36 112792 6578.65 0.36 15734 1726.19 0.21 5248911 1251089.77 20.38 350 44.11 0.21 111952 27432.15 20.38 7 3 300 2338 1002 100200 17.4 18.0 17.66 0.01
301500.0 310 19.47 0.1 113102 6598.12 0.36 15698 1719.54 0.2 5264609 1252809.31 20.38 310 43.59 0.2 112262 27475.73 20.38 7 3 300 2345 1005 100500 17.4 18.0 17.66 0.01
302400.0 310 19.47 0.1 113412 6617.59 0.36 15700 1719.5 0.2 5280309 1254528.81 20.38 310 43.58 0.2 112572 27519.31 20.38 7 3 300 2352 1008 100800 17.4 17.9 17.67 0.01
303300.0 376 19.62 0.1 113788 6637.21 0.36 15755 1719.84 0.2 5296064 1256248.64 20.38 370 43.89 0.2 112942 27563.2 20.38 7 3 300 2359 1011 101100 17.4 17.9 17.67 0.01
304200.0 354 20.25 0.36 114142 6657.45 0.36 15729 1716.81 0.2 5311793 1257965.46 20.38 350 43.92 0.2 113292 27607.12 20.38 7 3 300 2366 1014 101400 17.4 17.9 17.67 0.01
305100.0 310 19.47 0.1 114452 6676.93 0.36 15688 1722.73 0.21 5327481 1259688.19 20.38 310 43.65 0.21 113602 27650.77 20.38 7 3 300 2373 1017 101700 17.4 17.9 17.67 0.01
306000.0 310 19.47 0.1 114762 6696.4 0.36 15691 1722.7 0.21 5343172 1261410.89 20.38 310 43.64 0.21 113912 27694.42 20.38 7 3 300 2380 1020 102000 17.4 17.8 17.67 0.01
306900.0 376 19.62 0.1 115138 6716.02 0.36 15751 1723.04 0.21 5358923 1263133.93 20.38 370 43.95 0.21 114282 27738.37 20.38 7 3 300 2387 1023 102300 17.4 17.9 17.67 0.01
307800.0 354 20.25 0.36 115492 6736.27 0.36 15729 1726.19 0.21 5374652 1264860.12 20.38 350 44.11 0.21 114632 27782.48 20.38 7 3 300 2394 1026 102600 17.4 17.9 17.67 0.01
308700.0 310 19.47 0.1 115802 6755.74 0.36 15691 1725.83 0.21 5390343 1266585.95 20.38 310 43.71 0.21 114942 27826.19 20.38 7 3 300 2401 1029 102900 17.4 17.9 17.68 0.01
309600.0 310 19.47 0.1 116112 6775.22 0.36 15703 1725.79 0.21 5406046 1268311.74 20.38 310 43.71 0.21 115252 27869.9 20.38 7 3 300 2408 1032 103200 17.4 17.9 17.69 0.01
310500.0 376 19.62 0.1 116488 6794.83 0.36 15762 1726.13 0.21 5421808 1270037.87 20.38 370 44.02 0.21 115622 27913.91 20.38 7 3 300 2415 1035 103500 17.4 17.9 17.69 0.01
311400.0 354 20.25 0.36 116842 6815.08 0.36 15732 1726.19 0.21 5437540 1271764.06 20.38 350 44.11 0.21 115972 27958.02 20.38 7 3 300 2422 1038 103800 17.4 17.9 17.69 0.01
312300.0 310 19.47 0.1 117152 6834.56 0.36 15689 1719.49 0.2 5453229 1273483.56 20.38 310 43.59 0.2 116282 28001.61 20.38 7 3 300 2429 1041 104100 17.4 17.9 17.68 0.01
313200.0 310 19.47 0.1 117462 6854.03 0.36 15685 1719.45 0.2 5468914 1275203.01 20.38 310 43.58 0.2 116592 28045.19 20.38 7 3 300 2436 1044 104400 17.4 18.0 17.7 0.01
314100.0 376 19.62 0.1 117838 6873.64 0.36 15742 1719.79 0.2 5484656 1276922.8 20.38 370 43.89 0.2 116962 28089.08 20.38 7 3 300 2443 1047 104700 17.3 18.0 17.7 0.01
315000.0 354 20.25 0.36 118192 6893.89 0.36 15715 1719.85 0.2 5500371 1278642.65 20.38 350 43.98 0.2 117312 28133.06 20.38 7 3 300 2450 1050 105000 17.3 18.0 17.7 0.01
315900.0 310 19.47 0.1 118502 6913.36 0.36 15673 1722.0 0.2 5516044 1280364.65 20.38 310 43.64 0.2 117622 28176.7 20.38 7 3 300 2457 1053 105300 17.3 18.0 17.71 0.01
316800.0 310 19.47 0.1 118812 6932.84 0.36 15674 1721.97 0.2 5531718 1282086.63 20.38 310 43.63 0.2 117932 28220.33 20.38 7 3 300 2464 1056 105600 17.3 18.1 17.72 0.02
317700.0 376 19.62 0.1 119188 6952.45 0.36 15732 1722.3 0.2 5547450 1283808.93 20.38 370 43.94 0.2 118302 28264.26 20.38 7 3 300 2471 1059 105900 17.3 18.1 17.72 0.02
318600.0 354 20.25 0.36 119542 6972.7 0.36 15703 1722.38 0.2 5563153 1285531.31 20.38 350 44.03 0.2 118652 28308.3 20.38 7 3 300 2478 1062 106200 17.3 18.1 17.72 0.02
319500.0 310 19.47 0.1 119852 6992.18 0.36 15657 1725.82 0.21 5578810 1287257.13 20.38 310 43.71 0.21 118962 28352.01 20.38 7 3 300 2485 1065 106500 17.3 18.1 17.72 0.02
320400.0 310 19.47 0.1 120162 7011.65 0.36 15661 1725.79 0.21 5594471 1288982.92 20.38 310 43.71 0.21 119272 28395.72 20.38 7 3 300 2492 1068 106800 17.3 18.2 17.73 0.02
321300.0 376 19.62 0.1 120538 7031.27 0.36 15717 1726.13 0.21 5610188 1290709.05 20.38 370 44.02 0.21 119642 28439.73 20.38 7 3 300 2499 1071 107100 17.3 18.2 17.73 0.02
322200.0 354 20.25 0.36 120892 7051.51 0.36 15690 1714.81 0.2 5625878 1292423.85 20.38 350 43.88 0.2 119992 28483.61 20.38 7 3 300 2506 1074 107400 17.3 18.2 17.73 0.02
323100.0 310 19.47 0.1 121202 7070.98 0.36 15650 1708.13 0.2 5641528 1294131.99 20.38 310 43.36 0.2 120302 28526.97 20.38 7 3 300 2513 1077 107700 17.3 18.2 17.73 0.02
324000.0 310 19.47 0.1 121512 7090.44 0.36 15657 1708.11 0.2 5657185 1295840.1 20.38 310 43.35 0.2 120612 28570.32 20.38 7 3 300 2520 1080 108000 17.3 18.2 17.74 0.02
324900.0 376 19.61 0.1 121888 7110.05 0.36 15714 1708.43 0.2 5672899 1297548.53 20.38 370 43.66 0.2 120982 28613.97 20.38 7 3 300 2527 1083 108300 17.3 18.2 17.74 0.02
325800.0 354 20.25 0.36 122242 7130.3 0.36 15690 1719.9 0.2 5688589 1299268.43 20.38 350 43.98 0.2 121332 28657.95 20.38 7 3 300 2534 1086 108600 17.3 18.2 17.74 0.02
326700.0 310 19.47 0.1 122552 7149.78 0.36 15647 1725.82 0.21 5704236 1300994.25 20.38 310 43.71 0.21 121642 28701.67 20.38 7 3 300 2541 1089 108900 17.3 18.2 17.75 0.02
327600.0 310 19.47 0.1 122862 7169.25 0.36 15654 1725.79 0.21 5719890 1302720.04 20.38 310 43.71 0.21 121952 28745.37 20.38 7 3 300 2548 1092 109200 17.3 18.3 17.76 0.03
328500.0 376 19.62 0.1 123238 7188.87 0.36 15709 1726.13 0.21 5735599 1304446.17 20.38 370 44.02 0.21 122322 28789.39 20.38 7 3 300 2555 1095 109500 17.2 18.3 17.76 0.03
329400.0 354 20.25 0.36 123592 7209.12 0.36 15679 1726.19 0.21 5751278 1306172.36 20.38 350 44.11 0.21 122672 28833.5 20.38 7 3 300 2562 1098 109800 17.2 18.3 17.76 0.03
330300.0 310 19.47 0.1 123902 7228.59 0.36 15630 1725.82 0.21 5766908 1307898.19 20.38 310 43.71 0.21 122982 28877.21 20.38 7 3 300 2569 1101 110100 17.2 18.3 17.77 0.03
331200.0 310 19.47 0.1 124212 7248.07 0.36 15633 1725.79 0.21 5782541 1309623.98 20.38 310 43.71 0.21 123292 28920.92 20.38 7 3 300 2576 1104 110400 17.2 18.4 17.77 0.03
332100.0 376 19.62 0.1 124588 7267.69 0.36 15690 1726.13 0.21 5798231 1311350.11 20.38 370 44.02 0.21 123662 28964.93 20.38 7 3 300 2583 1107 110700 17.2 18.4 17.77 0.04
333000.0 354 20.25 0.36 124942 7287.94 0.36 15642 1723.1 0.21 5813873 1313073.21 20.38 350 44.05 0.21 124012 29008.98 20.38 7 3 300 2590 1110 111000 17.2 18.4 17.77 0.04
333900.0 310 19.47 0.1 125252 7307.41 0.36 15596 1722.74 0.21 5829469 1314795.94 20.38 310 43.65 0.21 124322 29052.63 20.38 7 3 300 2597 1113 111300 17.2 18.4 17.77 0.04
334800.0 310 19.47 0.1 125562 7326.88 0.36 15596 1722.7 0.21 5845065 1316518.64 20.38 310 43.64 0.21 124632 29096.27 20.38 7 3 300 2604 1116 111600 17.2 18.5 17.78 0.04
335700.0 376 19.62 0.1 125938 7346.5 0.36 15650 1723.04 0.21 5860715 1318241.68 20.38 370 43.95 0.21 125002 29140.23 20.38 7 3 300 2611 1119 111900 17.2 18.5 17.78 0.04
336600.0 354 20.25 0.36 126292 7366.75 0.36 15619 1726.19 0.21 5876334 1319967.87 20.38 350 44.11 0.21 125352 29184.34 20.38 7 3 300 2618 1122 112200 17.2 18.5 17.78 0.04
337500.0 310 19.47 0.1 126602 7386.22 0.36 15566 1725.82 0.21 5891900 1321693.7 20.38 310 43.71 0.21 125662 29228.05 20.38 7 3 300 2625 1125 112500 17.2 18.5 17.79 0.04
338400.0 310 19.47 0.1 126912 7405.7 0.36 15579 1725.79 0.21 5907479 1323419.49 20.38 310 43.71 0.21 125972 29271.76 20.38 7 3 300 2632 1128 112800 17.2 18.5 17.8 0.05
339300.0 376 19.62 0.1 127288 7425.32 0.36 15631 1726.13 0.21 5923110 1325145.61 20.38 370 44.02 0.21 126342 29315.77 20.38 7 3 300 2639 1131 113100 17.2 18.5 17.8 0.05
340200.0 354 20.25 0.36 127642 7445.56 0.36 15597 1722.21 0.2 5938707 1326867.82 20.38 350 44.03 0.2 126692 29359.8 20.38 7 3 300 2646 1134 113400 17.2 18.5 17.8 0.05
341100.0 310 19.47 0.1 127952 7465.04 0.36 15534 1721.83 0.2 5954241 1328589.66 20.38 310 43.63 0.2 127002 29403.44 20.38 7 3 300 2653 1137 113700 17.2 18.5 17.8 0.05
342000.0 310 19.47 0.1 128262 7484.51 0.36 15533 1721.81 0.2 5969774 1330311.46 20.38 310 43.63 0.2 127312 29447.06 20.38 7 3 300 2660 1140 114000 17.2 18.5 17.8 0.05
342900.0 376 19.61 0.1 128638 7504.12 0.36 15587 1722.14 0.2 5985361 1332033.6 20.38 370 43.94 0.2 127682 29491.0 20.38 7 3 300 2667 1143 114300 17.2 18.5 17.8 0.05
343800.0 354 20.25 0.36 128992 7524.37 0.36 15555 1717.72 0.2 6000916 1333751.32 20.38 350 43.94 0.2 128032 29534.94 20.38 7 3 300 2674 1146 114600 17.2 18.5 17.8 0.05
344700.0 310 19.47 0.1 129302 7543.84 0.36 15505 1717.36 0.2 6016421 1335468.68 20.38 310 43.54 0.2 128342 29578.48 20.38 7 3 300 2681 1149 114900 17.2 18.5 17.8 0.05
345600.0 310 19.47 0.1 129612 7563.31 0.36 15510 1717.32 0.2 6031931 1337185.99 20.38 310 43.54 0.2 128652 29622.02 20.38 7 3 300 2688 1152 115200 17.2 18.6 17.81 0.05
