# seed = 5, gamma = 0.66, beta = 0.66, dee = 1.0, dcc = 25.0, dec = 50.0, dsCnd = 50.0, dLocalhost = 0.02, hostBroker = EDGE 
#
# The columns have the following meaning: 
# instant[SECONDS] commCountUploadPartial delaySumUploadPartial[SECONDS] delayMaxUploadPartial[SECONDS] commCountUploadTot delaySumUploadTot[SECONDS] delayMaxUploadTot[SECONDS] commCountDownloadPartial delaySumDownloadPartial[SECONDS] delayMaxDownloadPartial[SECONDS] commCountDownloadTot delaySumDownloadTot[SECONDS] delayMaxDownloadTot[SECONDS] commCountDownloadMaxPartial delaySumDownloadMaxPartial[SECONDS] delayMaxDownloadMaxPartial[SECONDS] commCountDownloadMaxTot delaySumDownloadMaxTot[SECONDS] delayMaxDownloadMaxTot[SECONDS] runOnCloudPartial runOnEdgePartial runOnSmartphonePartial runOnCloudTot runOnEdgeTot runOnSmartphoneTot minTemp maxTemp avgTemp varianceTemp
0.0 0 0.0 0.0 0 0.0 0.0 0 0.0 0.0 0 0.0 0.0 0 0.0 0.0 0 0.0 0.0 0 0 0 0 0 0 17.0 25.0 21.0 0.0
900.0 376 16.17 0.05 376 16.17 0.05 15873 1527.44 0.15 15873 1527.44 0.15 370 30.85 0.15 370 30.85 0.15 106 6 198 106 6 198 18.9 21.0 19.39 0.8
1800.0 356 16.94 0.36 732 33.11 0.36 16159 169462.47 20.37 32032 170989.91 20.37 352 3294.09 20.37 722 3324.94 20.37 106 6 198 212 12 396 18.9 18.9 18.9 0.0
2700.0 310 16.05 0.05 1042 49.16 0.36 15812 1583.01 0.16 47844 172572.92 20.37 310 31.91 0.16 1032 3356.84 20.37 106 6 198 318 18 594 17.7 18.9 18.41 0.03
3600.0 310 16.05 0.05 1352 65.21 0.36 15814 1583.4 0.16 63658 174156.32 20.37 310 31.92 0.16 1342 3388.76 20.37 106 6 198 424 24 792 17.6 18.9 18.23 0.05
4500.0 376 16.19 0.05 1728 81.41 0.36 15869 1583.17 0.16 79527 175739.49 20.37 370 31.96 0.16 1712 3420.72 20.37 106 6 198 530 30 990 17.6 18.7 18.23 0.05
5400.0 356 16.94 0.36 2084 98.35 0.36 16194 7934.81 20.47 95721 183674.3 20.47 352 52.61 20.47 2064 3473.34 20.47 106 6 198 636 36 1188 17.6 18.7 18.23 0.05
6300.0 310 16.06 0.05 2394 114.41 0.36 15880 1607.19 0.16 111601 185281.49 20.47 310 32.29 0.16 2374 3505.62 20.47 106 6 198 742 42 1386 17.6 18.7 18.23 0.05
7200.0 310 16.06 0.05 2704 130.46 0.36 15880 1607.3 0.16 127481 186888.79 20.47 310 32.29 0.16 2684 3537.92 20.47 106 6 198 848 48 1584 17.6 18.7 18.26 0.04
8100.0 376 16.2 0.05 3080 146.66 0.36 15939 1607.26 0.16 143420 188496.05 20.47 370 32.34 0.16 3054 3570.25 20.47 106 6 198 954 54 1782 17.6 18.7 18.26 0.04
9000.0 356 16.94 0.36 3436 163.61 0.36 16220 7935.43 20.45 159640 196431.48 20.47 352 52.68 20.45 3406 3622.93 20.47 106 6 198 1060 60 1980 17.6 18.7 18.26 0.04
9900.0 310 16.05 0.05 3746 179.66 0.36 15856 1595.03 0.16 175496 198026.51 20.47 310 32.07 0.16 3716 3655.0 20.47 106 6 198 1166 66 2178 17.6 18.7 18.24 0.04
10800.0 310 16.05 0.05 4056 195.71 0.36 15869 1595.81 0.16 191365 199622.32 20.47 310 32.08 0.16 4026 3687.08 20.47 106 6 198 1272 72 2376 17.6 18.7 18.15 0.05
11700.0 376 16.2 0.05 4432 211.91 0.36 15929 1595.69 0.16 207294 201218.01 20.47 370 32.12 0.16 4396 3719.2 20.47 106 6 198 1378 78 2574 17.6 18.7 18.15 0.05
12600.0 354 16.83 0.36 4786 228.74 0.36 15891 1601.14 0.16 223185 202819.15 20.47 350 32.35 0.16 4746 3751.55 20.47 106 6 198 1484 84 2772 17.6 18.7 18.15 0.05
13500.0 310 16.05 0.05 5096 244.79 0.36 15825 1600.11 0.16 239010 204419.26 20.47 310 32.18 0.16 5056 3783.73 20.47 106 6 198 1590 90 2970 17.6 18.7 18.14 0.04
14400.0 310 16.05 0.05 5406 260.85 0.36 15826 1600.19 0.16 254836 206019.45 20.47 310 32.19 0.16 5366 3815.92 20.47 106 6 198 1696 96 3168 17.6 18.7 18.13 0.05
15300.0 376 16.2 0.05 5782 277.04 0.36 15885 1600.06 0.16 270721 207619.51 20.47 370 32.23 0.16 5736 3848.15 20.47 106 6 198 1802 102 3366 17.6 18.7 18.13 0.04
16200.0 354 16.83 0.36 6136 293.88 0.36 15858 1599.41 0.16 286579 209218.92 20.47 350 32.33 0.16 6086 3880.49 20.47 106 6 198 1908 108 3564 17.6 18.7 18.13 0.04
17100.0 310 16.05 0.05 6446 309.93 0.36 15819 1590.13 0.16 302398 210809.05 20.47 310 31.99 0.16 6396 3912.47 20.47 106 6 198 2014 114 3762 17.6 18.7 18.11 0.04
18000.0 310 16.05 0.05 6756 325.98 0.36 15823 1590.48 0.16 318221 212399.53 20.47 310 32.0 0.16 6706 3944.47 20.47 106 6 198 2120 120 3960 17.6 18.7 18.1 0.04
18900.0 376 16.19 0.05 7132 342.17 0.36 15883 1590.38 0.16 334104 213989.91 20.47 370 32.04 0.16 7076 3976.51 20.47 106 6 198 2226 126 4158 17.6 18.6 18.1 0.04
19800.0 354 16.83 0.36 7486 359.0 0.36 15858 1590.69 0.16 349962 215580.6 20.47 350 32.16 0.16 7426 4008.67 20.47 106 6 198 2332 132 4356 17.6 18.6 18.1 0.04
20700.0 310 16.05 0.05 7796 375.05 0.36 15818 1595.56 0.16 365780 217176.16 20.47 310 32.1 0.16 7736 4040.77 20.47 106 6 198 2438 138 4554 17.6 18.6 18.08 0.03
21600.0 310 16.05 0.05 8106 391.11 0.36 15823 1595.94 0.16 381603 218772.1 20.47 310 32.11 0.16 8046 4072.88 20.47 106 6 198 2544 144 4752 17.6 18.6 18.07 0.03
22500.0 376 16.2 0.05 8482 407.3 0.36 15882 1595.71 0.16 397485 220367.82 20.47 370 32.15 0.16 8416 4105.04 20.47 106 6 198 2650 150 4950 17.6 18.6 18.07 0.03
23400.0 354 16.83 0.36 8836 424.13 0.36 15853 1600.36 0.16 413338 221968.18 20.47 350 32.36 0.16 8766 4137.39 20.47 106 6 198 2756 156 5148 17.6 18.6 18.07 0.03
24300.0 310 16.06 0.05 9146 440.19 0.36 15809 1603.59 0.16 429147 223571.77 20.47 310 32.27 0.16 9076 4169.66 20.47 106 6 198 2862 162 5346 17.5 18.6 18.05 0.03
25200.0 310 16.06 0.05 9456 456.25 0.36 15815 1604.07 0.16 444962 225175.84 20.47 310 32.28 0.16 9386 4201.94 20.47 106 6 198 2968 168 5544 17.5 18.6 18.04 0.03
26100.0 376 16.2 0.05 9832 472.45 0.36 15874 1603.95 0.16 460836 226779.79 20.47 370 32.32 0.16 9756 4234.25 20.47 106 6 198 3074 174 5742 17.5 18.6 18.04 0.03
27000.0 354 16.83 0.36 10186 489.28 0.36 15845 1604.03 0.16 476681 228383.82 20.47 350 32.43 0.16 10106 4266.68 20.47 106 6 198 3180 180 5940 17.5 18.6 18.04 0.03
27900.0 310 16.05 0.05 10496 505.33 0.36 15816 1598.82 0.16 492497 229982.63 20.47 310 32.16 0.16 10416 4298.84 20.47 106 6 198 3286 186 6138 17.5 18.6 18.0 0.03
28800.0 310 16.05 0.05 10806 521.39 0.36 15821 1599.08 0.16 508318 231581.71 20.47 310 32.17 0.16 10726 4331.02 20.47 106 6 198 3392 192 6336 17.5 18.6 17.99 0.03
29700.0 376 16.2 0.05 11182 537.59 0.36 15879 1598.86 0.16 524197 233180.58 20.47 370 32.21 0.16 11096 4363.23 20.47 106 6 198 3498 198 6534 17.5 18.6 17.99 0.03
30600.0 354 16.83 0.36 11536 554.42 0.36 15840 1598.53 0.16 540037 234779.11 20.47 350 32.33 0.16 11446 4395.56 20.47 106 6 198 3604 204 6732 17.5 18.6 17.99 0.03
31500.0 310 16.06 0.05 11846 570.47 0.36 15806 1603.59 0.16 555843 236382.7 20.47 310 32.27 0.16 11756 4427.82 20.47 106 6 198 3710 210 6930 17.4 18.6 17.97 0.03
32400.0 310 16.06 0.05 12156 586.53 0.36 15813 1604.07 0.16 571656 237986.77 20.47 310 32.28 0.16 12066 4460.1 20.47 106 6 198 3816 216 7128 17.4 18.6 17.95 0.03
33300.0 376 16.2 0.05 12532 602.73 0.36 15872 1603.95 0.16 587528 239590.72 20.47 370 32.32 0.16 12436 4492.42 20.47 106 6 198 3922 222 7326 17.4 18.5 17.95 0.03
34200.0 354 16.83 0.36 12886 619.56 0.36 15838 1603.83 0.16 603366 241194.55 20.47 350 32.43 0.16 12786 4524.85 20.47 106 6 198 4028 228 7524 17.4 18.5 17.95 0.03
35100.0 310 16.06 0.05 13196 635.62 0.36 15806 1603.5 0.16 619172 242798.04 20.47 310 32.27 0.16 13096 4557.11 20.47 106 6 198 4134 234 7722 17.4 18.5 17.92 0.03
36000.0 310 16.06 0.05 13506 651.68 0.36 15816 1604.17 0.16 634988 244402.22 20.47 310 32.28 0.16 13406 4589.39 20.47 106 6 198 4240 240 7920 17.4 18.5 17.91 0.03
36900.0 376 16.2 0.05 13882 667.88 0.36 15876 1604.05 0.16 650864 246006.27 20.47 370 32.32 0.16 13776 4621.71 20.47 106 6 198 4346 246 8118 17.4 18.5 17.91 0.03
37800.0 354 16.83 0.36 14236 684.71 0.36 15835 1594.93 0.16 666699 247601.19 20.47 350 32.25 0.16 14126 4653.96 20.47 106 6 198 4452 252 8316 17.4 18.5 17.91 0.03
38700.0 310 16.05 0.05 14546 700.76 0.36 15803 1594.5 0.16 682502 249195.69 20.47 310 32.09 0.16 14436 4686.04 20.47 106 6 198 4558 258 8514 17.3 18.5 17.88 0.03
39600.0 310 16.05 0.05 14856 716.81 0.36 15817 1595.17 0.16 698319 250790.86 20.47 310 32.1 0.16 14746 4718.14 20.47 106 6 198 4664 264 8712 17.3 18.5 17.87 0.04
40500.0 376 16.2 0.05 15232 733.01 0.36 15874 1594.95 0.16 714193 252385.82 20.47 370 32.14 0.16 15116 4750.28 20.47 106 6 198 4770 270 8910 17.3 18.5 17.87 0.04
41400.0 354 16.83 0.36 15586 749.84 0.36 15837 1603.82 0.16 730030 253989.64 20.47 350 32.43 0.16 15466 4782.71 20.47 106 6 198 4876 276 9108 17.3 18.5 17.87 0.04
42300.0 310 16.05 0.05 15896 765.89 0.36 15805 1600.14 0.16 745835 255589.78 20.47 310 32.19 0.16 15776 4814.9 20.47 106 6 198 4982 282 9306 17.3 18.5 17.84 0.04
43200.0 310 16.05 0.05 16206 781.95 0.36 15812 1600.51 0.16 761647 257190.29 20.47 310 32.21 0.16 16086 4847.11 20.47 106 6 198 5088 288 9504 17.3 18.5 17.82 0.04
44100.0 376 16.2 0.05 16582 798.15 0.36 15872 1600.39 0.16 777519 258790.68 20.47 370 32.24 0.16 16456 4879.35 20.47 106 6 198 5194 294 9702 17.2 18.4 17.82 0.04
45000.0 354 16.83 0.36 16936 814.98 0.36 15829 1599.86 0.16 793348 260390.54 20.47 350 32.36 0.16 16806 4911.71 20.47 106 6 198 5300 300 9900 17.2 18.4 17.82 0.04
45900.0 310 16.05 0.05 17246 831.03 0.36 15801 1597.55 0.16 809149 261988.09 20.47 310 32.15 0.16 17116 4943.86 20.47 106 6 198 5406 306 10098 17.2 18.5 17.8 0.05
46800.0 310 16.05 0.05 17556 847.09 0.36 15811 1597.94 0.16 824960 263586.03 20.47 310 32.16 0.16 17426 4976.01 20.47 106 6 198 5512 312 10296 17.2 18.5 17.78 0.05
47700.0 376 16.2 0.05 17932 863.29 0.36 15870 1597.7 0.16 840830 265183.73 20.47 370 32.2 0.16 17796 5008.21 20.47 106 6 198 5618 318 10494 17.2 18.5 17.78 0.05
48600.0 354 16.83 0.36 18286 880.12 0.36 15825 1597.19 0.16 856655 266780.92 20.47 350 32.31 0.16 18146 5040.52 20.47 106 6 198 5724 324 10692 17.2 18.5 17.78 0.05
49500.0 310 16.06 0.05 18596 896.17 0.36 15799 1603.19 0.16 872454 268384.12 20.47 310 32.27 0.16 18456 5072.79 20.47 106 6 198 5830 330 10890 17.1 18.5 17.75 0.06
50400.0 310 16.06 0.05 18906 912.23 0.36 15811 1603.67 0.16 888265 269987.79 20.47 310 32.28 0.16 18766 5105.07 20.47 106 6 198 5936 336 11088 17.1 18.5 17.74 0.07
51300.0 376 16.2 0.05 19282 928.43 0.36 15871 1603.55 0.16 904136 271591.34 20.47 370 32.32 0.16 19136 5137.38 20.47 106 6 198 6042 342 11286 17.1 18.5 17.74 0.07
52200.0 354 16.83 0.36 19636 945.26 0.36 15830 1603.53 0.16 919966 273194.86 20.47 350 32.43 0.16 19486 5169.81 20.47 106 6 198 6148 348 11484 17.1 18.5 17.74 0.07
53100.0 310 16.06 0.05 19946 961.32 0.36 15789 1603.2 0.16 935755 274798.06 20.47 310 32.27 0.16 19796 5202.08 20.47 106 6 198 6254 354 11682 17.1 18.6 17.72 0.07
54000.0 310 16.06 0.05 20256 977.37 0.36 15794 1603.47 0.16 951549 276401.53 20.47 310 32.28 0.16 20106 5234.36 20.47 106 6 198 6360 360 11880 17.1 18.6 17.72 0.07
54900.0 376 16.2 0.05 20632 993.57 0.36 15852 1603.25 0.16 967401 278004.78 20.47 370 32.32 0.16 20476 5266.67 20.47 106 6 198 6466 366 12078 17.1 18.6 17.72 0.07
55800.0 354 16.83 0.36 20986 1010.41 0.36 15821 1603.23 0.16 983222 279608.01 20.47 350 32.43 0.16 20826 5299.1 20.47 106 6 198 6572 372 12276 17.1 18.6 17.72 0.07
56700.0 310 16.06 0.05 21296 1026.46 0.36 15801 1603.5 0.16 999023 281211.5 20.47 310 32.27 0.16 21136 5331.37 20.47 106 6 198 6678 378 12474 17.1 18.6 17.68 0.08
57600.0 310 16.06 0.05 21606 1042.52 0.36 15808 1603.77 0.16 1014831 282815.28 20.47 310 32.28 0.16 21446 5363.65 20.47 106 6 198 6784 384 12672 17.1 18.6 17.67 0.08
58500.0 376 16.2 0.05 21982 1058.72 0.36 15868 1603.65 0.16 1030699 284418.92 20.47 370 32.32 0.16 21816 5395.96 20.47 106 6 198 6890 390 12870 17.1 18.6 17.67 0.08
59400.0 354 16.83 0.36 22336 1075.55 0.36 15813 1598.84 0.16 1046512 286017.77 20.47 350 32.35 0.16 22166 5428.31 20.47 106 6 198 6996 396 13068 17.1 18.6 17.67 0.08
60300.0 310 16.05 0.05 22646 1091.61 0.36 15787 1599.11 0.16 1062299 287616.88 20.47 310 32.18 0.16 22476 5460.49 20.47 106 6 198 7102 402 13266 17.0 18.6 17.65 0.09
61200.0 310 16.05 0.05 22956 1107.66 0.36 15798 1599.69 0.16 1078097 289216.57 20.47 310 32.19 0.16 22786 5492.69 20.47 106 6 198 7208 408 13464 17.0 18.6 17.64 0.1
62100.0 376 16.2 0.05 23332 1123.86 0.36 15857 1599.56 0.16 1093954 290816.13 20.47 370 32.23 0.16 23156 5524.92 20.47 106 6 198 7314 414 13662 17.0 18.6 17.64 0.1
63000.0 354 16.83 0.36 23686 1140.69 0.36 15816 1588.88 0.16 1109770 292405.01 20.47 350 32.14 0.16 23506 5557.06 20.47 106 6 198 7420 420 13860 17.0 18.6 17.64 0.1
63900.0 310 16.05 0.05 23996 1156.74 0.36 15774 1583.67 0.16 1125544 293988.68 20.47 310 31.88 0.16 23816 5588.95 20.47 106 6 198 7526 426 14058 17.0 18.6 17.62 0.1
64800.0 310 16.05 0.05 24306 1172.78 0.36 15779 1583.83 0.16 1141323 295572.5 20.47 310 31.9 0.16 24126 5620.84 20.47 106 6 198 7632 432 14256 17.0 18.6 17.62 0.11
65700.0 376 16.19 0.05 24682 1188.97 0.36 15838 1583.62 0.16 1157161 297156.12 20.47 370 31.94 0.16 24496 5652.78 20.47 106 6 198 7738 438 14454 17.0 18.6 17.62 0.11
66600.0 354 16.83 0.36 25036 1205.8 0.36 15806 1583.05 0.16 1172967 298739.17 20.47 350 32.04 0.16 24846 5684.82 20.47 106 6 198 7844 444 14652 17.0 18.6 17.62 0.11
67500.0 310 16.05 0.05 25346 1221.85 0.36 15771 1576.65 0.16 1188738 300315.82 20.47 310 31.75 0.16 25156 5716.57 20.47 106 6 198 7950 450 14850 17.0 18.7 17.61 0.11
68400.0 310 16.05 0.05 25656 1237.89 0.36 15771 1576.9 0.16 1204509 301892.72 20.47 310 31.77 0.16 25466 5748.34 20.47 106 6 198 8056 456 15048 17.0 18.7 17.6 0.11
69300.0 376 16.19 0.05 26032 1254.08 0.36 15830 1576.7 0.16 1220339 303469.42 20.47 370 31.81 0.16 25836 5780.14 20.47 106 6 198 8162 462 15246 17.0 18.7 17.6 0.11
70200.0 354 16.83 0.36 26386 1270.91 0.36 15792 1581.71 0.16 1236131 305051.13 20.47 350 32.02 0.16 26186 5812.16 20.47 106 6 198 8268 468 15444 17.0 18.7 17.6 0.11
71100.0 310 16.05 0.05 26696 1286.96 0.36 15766 1584.08 0.16 1251897 306635.21 20.47 310 31.9 0.16 26496 5844.06 20.47 106 6 198 8374 474 15642 17.0 18.7 17.59 0.11
72000.0 310 16.05 0.05 27006 1303.01 0.36 15775 1584.53 0.16 1267672 308219.74 20.47 310 31.91 0.16 26806 5875.98 20.47 106 6 198 8480 480 15840 17.0 18.7 17.59 0.12
72900.0 376 16.19 0.05 27382 1319.2 0.36 15833 1584.34 0.16 1283505 309804.08 20.47 370 31.95 0.16 27176 5907.93 20.47 106 6 198 8586 486 16038 17.0 18.7 17.59 0.12
73800.0 354 16.83 0.36 27736 1336.03 0.36 15799 1584.18 0.16 1299304 311388.25 20.47 350 32.07 0.16 27526 5940.0 20.47 106 6 198 8692 492 16236 17.0 18.7 17.59 0.12
74700.0 310 16.05 0.05 28046 1352.08 0.36 15759 1587.54 0.16 1315063 312975.79 20.47 310 31.98 0.16 27836 5971.97 20.47 106 6 198 8798 498 16434 17.0 18.7 17.58 0.12
75600.0 310 16.05 0.05 28356 1368.13 0.36 15758 1587.69 0.16 1330821 314563.48 20.47 310 31.99 0.16 28146 6003.96 20.47 106 6 198 8904 504 16632 17.0 18.7 17.58 0.12
76500.0 376 16.19 0.05 28732 1384.32 0.36 15818 1587.59 0.16 1346639 316151.08 20.47 370 32.03 0.16 28516 6035.99 20.47 106 6 198 9010 510 16830 17.0 18.7 17.58 0.12
77400.0 354 16.83 0.36 29086 1401.15 0.36 15786 1582.98 0.16 1362425 317734.05 20.47 350 32.05 0.16 28866 6068.04 20.47 106 6 198 9116 516 17028 17.0 18.7 17.58 0.12
78300.0 310 16.05 0.05 29396 1417.2 0.36 15747 1582.67 0.16 1378172 319316.72 20.47 310 31.88 0.16 29176 6099.92 20.47 106 6 198 9222 522 17226 17.0 18.6 17.57 0.12
79200.0 310 16.05 0.05 29706 1433.25 0.36 15752 1582.83 0.16 1393924 320899.54 20.47 310 31.9 0.16 29486 6131.82 20.47 106 6 198 9328 528 17424 17.0 18.6 17.56 0.12
80100.0 376 16.19 0.05 30082 1449.44 0.36 15812 1582.72 0.16 1409736 322482.26 20.47 370 31.94 0.16 29856 6163.75 20.47 106 6 198 9434 534 17622 17.0 18.6 17.56 0.12
81000.0 354 16.83 0.36 30436 1466.26 0.36 15780 1584.16 0.16 1425516 324066.42 20.47 350 32.08 0.16 30206 6195.84 20.47 106 6 198 9540 540 17820 17.0 18.6 17.56 0.12
81900.0 310 16.05 0.05 30746 1482.32 0.36 15744 1588.94 0.16 1441260 325655.36 20.47 310 32.01 0.16 30516 6227.85 20.47 106 6 198 9646 546 18018 17.0 18.6 17.56 0.11
82800.0 310 16.05 0.05 31056 1498.37 0.36 15750 1589.31 0.16 1457010 327244.66 20.47 310 32.03 0.16 30826 6259.88 20.47 106 6 198 9752 552 18216 17.0 18.6 17.56 0.11
83700.0 376 16.2 0.05 31432 1514.56 0.36 15807 1589.19 0.16 1472817 328833.86 20.47 370 32.07 0.16 31196 6291.94 20.47 106 6 198 9858 558 18414 17.0 18.6 17.56 0.11
84600.0 354 16.83 0.36 31786 1531.39 0.36 15777 1589.06 0.16 1488594 330422.91 20.47 350 32.18 0.16 31546 6324.12 20.47 106 6 198 9964 564 18612 17.0 18.6 17.56 0.11
85500.0 310 16.05 0.05 32096 1547.44 0.36 15743 1583.0 0.16 1504337 332005.91 20.47 310 31.9 0.16 31856 6356.02 20.47 106 6 198 10070 570 18810 17.0 18.6 17.57 0.1
86400.0 310 16.05 0.05 32406 1563.49 0.36 15745 1583.17 0.16 1520082 333589.08 20.47 310 31.91 0.16 32166 6387.93 20.47 106 6 198 10176 576 19008 17.0 18.6 17.57 0.1
87300.0 376 16.19 0.05 32782 1579.69 0.36 15805 1583.05 0.16 1535887 335172.13 20.47 370 31.95 0.16 32536 6419.87 20.47 106 6 198 10282 582 19206 17.0 18.6 17.57 0.1
88200.0 354 16.83 0.36 33136 1596.52 0.36 15774 1595.38 0.16 1551661 336767.51 20.47 350 32.31 0.16 32886 6452.18 20.47 106 6 198 10388 588 19404 17.0 18.6 17.57 0.1
89100.0 310 16.06 0.05 33446 1612.57 0.36 15780 1602.59 0.16 1567441 338370.1 20.47 310 32.27 0.16 33196 6484.45 20.47 106 6 198 10494 594 19602 17.0 18.5 17.61 0.08
90000.0 310 16.06 0.05 33756 1628.63 0.36 15815 1604.17 0.16 1583256 339974.28 20.47 310 32.28 0.16 33506 6516.73 20.47 106 6 198 10600 600 19800 17.1 18.5 17.67 0.05
90900.0 376 16.2 0.05 34132 1644.83 0.36 15874 1603.95 0.16 1599130 341578.23 20.47 370 32.32 0.16 33876 6549.04 20.47 106 6 198 10706 606 19998 17.1 18.5 17.67 0.05
91800.0 354 16.83 0.36 34486 1661.66 0.36 15824 1587.64 0.16 1614954 343165.86 20.47 350 32.12 0.16 34226 6581.16 20.47 106 6 198 10812 612 20196 17.1 18.5 17.67 0.05
92700.0 310 16.05 0.05 34796 1677.7 0.36 15854 1578.44 0.16 1630808 344744.3 20.47 310 31.73 0.16 34536 6612.89 20.47 106 6 198 10918 618 20394 17.1 23.8 19.44 2.2
93600.0 310 16.05 0.05 35106 1693.75 0.36 15857 1578.58 0.16 1646665 346322.89 20.47 310 31.74 0.16 34846 6644.63 20.47 106 6 198 11024 624 20592 17.1 23.8 20.62 4.79
94500.0 376 16.19 0.05 35482 1709.94 0.36 15914 1578.49 0.16 1662579 347901.38 20.47 370 31.78 0.16 35216 6676.42 20.47 106 6 198 11130 630 20790 17.1 23.8 20.66 4.81
95400.0 354 16.82 0.36 35836 1726.76 0.36 15894 1578.74 0.16 1678473 349480.11 20.47 350 31.89 0.16 35566 6708.31 20.47 106 6 198 11236 636 20988 17.1 23.8 20.66 4.81
96300.0 310 16.05 0.05 36146 1742.81 0.36 15853 1578.04 0.16 1694326 351058.15 20.47 310 31.73 0.16 35876 6740.04 20.47 106 6 198 11342 642 21186 17.1 24.0 21.01 4.65
97200.0 310 16.05 0.05 36456 1758.86 0.36 15851 1578.08 0.16 1710177 352636.23 20.47 310 31.74 0.16 36186 6771.78 20.47 106 6 198 11448 648 21384 17.4 24.0 21.17 4.68
98100.0 376 16.19 0.05 36832 1775.05 0.36 15908 1577.89 0.16 1726085 354214.12 20.47 370 31.78 0.16 36556 6803.56 20.47 106 6 198 11554 654 21582 17.4 24.0 21.17 4.68
99000.0 354 16.82 0.36 37186 1791.87 0.36 15887 1569.44 0.16 1741972 355783.56 20.47 350 31.72 0.16 36906 6835.28 20.47 106 6 198 11660 660 21780 17.4 24.0 21.17 4.68
99900.0 310 16.04 0.05 37496 1807.91 0.36 15850 1569.42 0.16 1757822 357352.98 20.47 310 31.55 0.16 37216 6866.83 20.47 106 6 198 11766 666 21978 17.5 24.0 21.4 4.01
100800.0 310 16.04 0.05 37806 1823.95 0.36 15849 1569.59 0.16 1773671 358922.57 20.47 310 31.57 0.16 37526 6898.4 20.47 106 6 198 11872 672 22176 17.7 24.0 21.53 3.84
101700.0 376 16.19 0.05 38182 1840.14 0.36 15909 1569.47 0.16 1789580 360492.04 20.47 370 31.61 0.16 37896 6930.01 20.47 106 6 198 11978 678 22374 17.8 24.0 21.53 3.83
102600.0 354 16.82 0.36 38536 1856.96 0.36 15881 1566.73 0.16 1805461 362058.76 20.47 350 31.67 0.16 38246 6961.67 20.47 106 6 198 12084 684 22572 17.8 24.0 21.53 3.83
103500.0 310 16.04 0.05 38846 1873.0 0.36 15846 1566.53 0.16 1821307 363625.29 20.47 310 31.5 0.16 38556 6993.18 20.47 106 6 198 12190 690 22770 18.0 24.0 21.68 3.21
104400.0 310 16.04 0.05 39156 1889.04 0.36 15847 1566.58 0.16 1837154 365191.87 20.47 310 31.51 0.16 38866 7024.69 20.47 106 6 198 12296 696 22968 18.2 24.0 21.82 3.02
105300.0 376 16.19 0.05 39532 1905.23 0.36 15904 1566.28 0.16 1853058 366758.16 20.47 370 31.55 0.16 39236 7056.24 20.47 106 6 198 12402 702 23166 18.5 24.0 21.83 3.01
106200.0 354 16.82 0.36 39886 1922.05 0.36 15882 1561.96 0.16 1868940 368320.12 20.47 350 31.57 0.16 39586 7087.82 20.47 106 6 198 12508 708 23364 18.5 24.0 21.83 3.01
107100.0 310 16.04 0.05 40196 1938.08 0.36 15842 1552.71 0.15 1884782 369872.83 20.47 310 31.23 0.15 39896 7119.05 20.47 106 6 198 12614 714 23562 18.8 24.0 21.82 2.81
108000.0 310 16.04 0.05 40506 1954.12 0.36 15839 1552.88 0.15 1900621 371425.72 20.47 310 31.24 0.15 40206 7150.29 20.47 106 6 198 12720 720 23760 18.8 24.0 21.83 2.79
108900.0 376 16.18 0.05 40882 1970.3 0.36 15893 1552.66 0.15 1916514 372978.38 20.47 370 31.28 0.15 40576 7181.57 20.47 106 6 198 12826 726 23958 18.9 24.0 21.83 2.79
109800.0 354 16.81 0.36 41236 1987.12 0.36 15872 1552.84 0.15 1932386 374531.21 20.47 350 31.39 0.15 40926 7212.97 20.47 106 6 198 12932 732 24156 18.9 24.0 21.83 2.79
110700.0 310 16.04 0.05 41546 2003.15 0.36 15837 1552.81 0.15 1948223 376084.02 20.47 310 31.23 0.15 41236 7244.2 20.47 106 6 198 13038 738 24354 18.9 24.0 21.71 2.74
111600.0 310 16.04 0.05 41856 2019.19 0.36 15829 1552.68 0.15 1964052 377636.71 20.47 310 31.24 0.15 41546 7275.44 20.47 106 6 198 13144 744 24552 18.9 24.0 21.65 2.61
112500.0 376 16.18 0.05 42232 2035.37 0.36 15886 1552.36 0.15 1979938 379189.07 20.47 370 31.28 0.15 41916 7306.72 20.47 106 6 198 13250 750 24750 18.9 23.9 21.65 2.61
113400.0 354 16.81 0.36 42586 2052.19 0.36 15860 1552.34 0.15 1995798 380741.4 20.47 350 31.39 0.15 42266 7338.12 20.47 106 6 198 13356 756 24948 18.9 23.9 21.65 2.61
114300.0 310 16.04 0.05 42896 2068.22 0.36 15832 1552.71 0.15 2011630 382294.11 20.47 310 31.23 0.15 42576 7369.35 20.47 106 6 198 13462 762 25146 18.9 24.0 22.98 0.58
115200.0 310 16.04 0.05 43206 2084.26 0.36 15832 1552.88 0.15 2027462 383847.0 20.47 310 31.24 0.15 42886 7400.59 20.47 106 6 198 13568 768 25344 18.9 24.0 23.5 0.1
116100.0 376 16.18 0.05 43582 2100.44 0.36 15892 1552.76 0.15 2043354 385399.76 20.47 370 31.28 0.15 43256 7431.87 20.47 106 6 198 13674 774 25542 22.6 24.0 23.51 0.04
117000.0 354 16.81 0.36 43936 2117.25 0.36 15869 1552.84 0.15 2059223 386952.59 20.47 350 31.39 0.15 43606 7463.27 20.47 106 6 198 13780 780 25740 22.6 24.0 23.51 0.04
117900.0 310 16.04 0.05 44246 2133.29 0.36 15829 1552.51 0.15 2075052 388505.1 20.47 310 31.23 0.15 43916 7494.49 20.47 106 6 198 13886 786 25938 22.7 24.0 23.56 0.02
118800.0 310 16.04 0.05 44556 2149.33 0.36 15828 1552.68 0.15 2090880 390057.79 20.47 310 31.24 0.15 44226 7525.74 20.47 106 6 198 13992 792 26136 22.7 24.0 23.6 0.02
119700.0 376 16.18 0.05 44932 2165.51 0.36 15886 1552.56 0.15 2106766 391610.35 20.47 370 31.28 0.15 44596 7557.02 20.47 106 6 198 14098 798 26334 22.7 24.0 23.6 0.02
120600.0 354 16.81 0.36 45286 2182.32 0.36 15866 1552.84 0.15 2122632 393163.18 20.47 350 31.39 0.15 44946 7588.41 20.47 106 6 198 14204 804 26532 22.7 24.0 23.6 0.02
121500.0 310 16.04 0.05 45596 2198.36 0.36 15824 1552.51 0.15 2138456 394715.69 20.47 310 31.23 0.15 45256 7619.64 20.47 106 6 198 14310 810 26730 22.7 24.0 23.64 0.01
122400.0 310 16.04 0.05 45906 2214.4 0.36 15822 1552.58 0.15 2154278 396268.27 20.47 310 31.24 0.15 45566 7650.89 20.47 106 6 198 14416 816 26928 22.8 24.0 23.66 0.01
123300.0 376 16.18 0.05 46282 2230.58 0.36 15882 1552.46 0.15 2170160 397820.73 20.47 370 31.28 0.15 45936 7682.17 20.47 106 6 198 14522 822 27126 22.8 24.0 23.66 0.01
124200.0 354 16.81 0.36 46636 2247.39 0.36 15862 1552.74 0.15 2186022 399373.47 20.47 350 31.39 0.15 46286 7713.56 20.47 106 6 198 14628 828 27324 22.8 24.0 23.66 0.01
125100.0 310 16.04 0.05 46946 2263.43 0.36 15818 1552.21 0.15 2201840 400925.68 20.47 310 31.23 0.15 46596 7744.79 20.47 106 6 198 14734 834 27522 22.8 24.0 23.69 0.01
126000.0 310 16.04 0.05 47256 2279.47 0.36 15818 1552.38 0.15 2217658 402478.06 20.47 310 31.24 0.15 46906 7776.04 20.47 106 6 198 14840 840 27720 22.9 24.0 23.72 0.01
126900.0 376 16.18 0.05 47632 2295.65 0.36 15877 1552.16 0.15 2233535 404030.22 20.47 370 31.28 0.15 47276 7807.32 20.47 106 6 198 14946 846 27918 22.9 24.0 23.72 0.01
127800.0 354 16.81 0.36 47986 2312.46 0.36 15857 1552.44 0.15 2249392 405582.66 20.47 350 31.39 0.15 47626 7838.71 20.47 106 6 198 15052 852 28116 22.9 24.0 23.72 0.01
128700.0 310 16.04 0.05 48296 2328.5 0.36 15817 1552.11 0.15 2265209 407134.77 20.47 310 31.23 0.15 47936 7869.94 20.47 106 6 198 15158 858 28314 22.9 24.0 23.75 0.01
129600.0 310 16.04 0.05 48606 2344.54 0.36 15817 1552.28 0.15 2281026 408687.05 20.47 310 31.24 0.15 48246 7901.19 20.47 106 6 198 15264 864 28512 23.1 24.0 23.77 0.01
130500.0 376 16.18 0.05 48982 2360.72 0.36 15873 1551.96 0.15 2296899 410239.01 20.47 370 31.28 0.15 48616 7932.47 20.47 106 6 198 15370 870 28710 23.1 24.0 23.77 0.01
131400.0 354 16.81 0.36 49336 2377.53 0.36 15853 1552.24 0.15 2312752 411791.25 20.47 350 31.39 0.15 48966 7963.86 20.47 106 6 198 15476 876 28908 23.1 24.0 23.77 0.01
132300.0 310 16.04 0.05 49646 2393.57 0.36 15813 1551.91 0.15 2328565 413343.16 20.47 310 31.23 0.15 49276 7995.09 20.47 106 6 198 15582 882 29106 23.1 24.0 23.78 0.01
133200.0 310 16.04 0.05 49956 2409.6 0.36 15812 1552.08 0.15 2344377 414895.24 20.47 310 31.24 0.15 49586 8026.34 20.47 106 6 198 15688 888 29304 23.2 24.0 23.8 0.01
134100.0 376 16.18 0.05 50332 2425.79 0.36 15872 1551.96 0.15 2360249 416447.2 20.47 370 31.28 0.15 49956 8057.62 20.47 106 6 198 15794 894 29502 23.2 24.0 23.8 0.01
135000.0 354 16.81 0.36 50686 2442.6 0.36 15852 1552.24 0.15 2376101 417999.44 20.47 350 31.39 0.15 50306 8089.01 20.47 106 6 198 15900 900 29700 23.2 24.0 23.8 0.01
135900.0 310 16.04 0.05 50996 2458.64 0.36 15807 1551.71 0.15 2391908 419551.15 20.47 310 31.23 0.15 50616 8120.24 20.47 106 6 198 16006 906 29898 23.2 24.0 23.83 0.01
136800.0 310 16.04 0.05 51306 2474.67 0.36 15807 1551.88 0.15 2407715 421103.03 20.47 310 31.24 0.15 50926 8151.49 20.47 106 6 198 16112 912 30096 23.3 24.0 23.84 0.01
137700.0 376 16.18 0.05 51682 2490.85 0.36 15867 1551.76 0.15 2423582 422654.79 20.47 370 31.28 0.15 51296 8182.77 20.47 106 6 198 16218 918 30294 23.3 24.0 23.84 0.01
138600.0 354 16.81 0.36 52036 2507.67 0.36 15844 1551.94 0.15 2439426 424206.73 20.47 350 31.39 0.15 51646 8214.16 20.47 106 6 198 16324 924 30492 23.3 24.0 23.84 0.01
139500.0 310 16.04 0.05 52346 2523.7 0.36 15804 1551.61 0.15 2455230 425758.33 20.47 310 31.23 0.15 51956 8245.39 20.47 106 6 198 16430 930 30690 23.3 24.0 23.85 0.01
140400.0 310 16.04 0.05 52656 2539.74 0.36 15803 1551.78 0.15 2471033 427310.12 20.47 310 31.24 0.15 52266 8276.63 20.47 106 6 198 16536 936 30888 23.4 24.0 23.86 0.01
141300.0 376 16.18 0.05 53032 2555.92 0.36 15860 1551.36 0.15 2486893 428861.48 20.47 370 31.28 0.15 52636 8307.92 20.47 106 6 198 16642 942 31086 23.4 24.0 23.86 0.01
142200.0 354 16.81 0.36 53386 2572.74 0.36 15840 1551.64 0.15 2502733 430413.12 20.47 350 31.39 0.15 52986 8339.31 20.47 106 6 198 16748 948 31284 23.4 24.0 23.86 0.01
143100.0 310 16.04 0.05 53696 2588.77 0.36 15799 1551.31 0.15 2518532 431964.42 20.47 310 31.23 0.15 53296 8370.54 20.47 106 6 198 16854 954 31482 23.4 24.0 23.87 0.01
144000.0 310 16.04 0.05 54006 2604.81 0.36 15793 1551.38 0.15 2534325 433515.81 20.47 310 31.24 0.15 53606 8401.78 20.47 106 6 198 16960 960 31680 23.5 24.0 23.88 0.01
144900.0 376 16.18 0.05 54382 2620.99 0.36 15853 1551.26 0.15 2550178 435067.07 20.47 370 31.28 0.15 53976 8433.07 20.47 106 6 198 17066 966 31878 23.5 24.0 23.88 0.01
145800.0 354 16.81 0.36 54736 2637.81 0.36 15833 1551.54 0.15 2566011 436618.6 20.47 350 31.39 0.15 54326 8464.46 20.47 106 6 198 17172 972 32076 23.5 24.0 23.88 0.01
146700.0 310 16.04 0.05 55046 2653.84 0.36 15791 1551.21 0.15 2581802 438169.81 20.47 310 31.23 0.15 54636 8495.69 20.47 106 6 198 17278 978 32274 23.5 24.0 23.88 0.01
147600.0 310 16.04 0.05 55356 2669.88 0.36 15791 1551.38 0.15 2597593 439721.2 20.47 310 31.24 0.15 54946 8526.93 20.47 106 6 198 17384 984 32472 23.6 24.0 23.88 0.01
148500.0 376 16.18 0.05 55732 2686.06 0.36 15849 1551.26 0.15 2613442 441272.46 20.47 370 31.28 0.15 55316 8558.22 20.47 106 6 198 17490 990 32670 23.6 24.0 23.88 0.01
149400.0 354 16.81 0.36 56086 2702.87 0.36 15829 1551.54 0.15 2629271 442823.99 20.47 350 31.39 0.15 55666 8589.61 20.47 106 6 198 17596 996 32868 23.6 24.0 23.88 0.01
150300.0 310 16.04 0.05 56396 2718.91 0.36 15789 1551.21 0.15 2645060 444375.2 20.47 310 31.23 0.15 55976 8620.84 20.47 106 6 198 17702 1002 33066 23.6 24.0 23.89 0.01
151200.0 310 16.04 0.05 56706 2734.95 0.36 15789 1551.38 0.15 2660849 445926.58 20.47 310 31.24 0.15 56286 8652.08 20.47 106 6 198 17808 1008 33264 23.7 24.0 23.9 0.01
152100.0 376 16.18 0.05 57082 2751.13 0.36 15847 1551.26 0.15 2676696 447477.84 20.47 370 31.28 0.15 56656 8683.36 20.47 106 6 198 17914 1014 33462 23.7 24.0 23.9 0.01
153000.0 354 16.81 0.36 57436 2767.94 0.36 15827 1551.54 0.15 2692523 449029.38 20.47 350 31.39 0.15 57006 8714.76 20.47 106 6 198 18020 1020 33660 23.7 24.0 23.9 0.01
153900.0 310 16.04 0.05 57746 2783.98 0.36 15786 1551.11 0.15 2708309 450580.49 20.47 310 31.23 0.15 57316 8745.99 20.47 106 6 198 18126 1026 33858 23.6 24.0 23.89 0.01
154800.0 310 16.04 0.05 58056 2800.02 0.36 15785 1551.28 0.15 2724094 452131.77 20.47 310 31.24 0.15 57626 8777.23 20.47 106 6 198 18232 1032 34056 23.6 24.0 23.89 0.01
155700.0 376 16.18 0.05 58432 2816.2 0.36 15845 1551.16 0.15 2739939 453682.93 20.47 370 31.28 0.15 57996 8808.51 20.47 106 6 198 18338 1038 34254 23.6 24.0 23.89 0.01
156600.0 354 16.81 0.36 58786 2833.01 0.36 15824 1551.44 0.15 2755763 455234.37 20.47 350 31.39 0.15 58346 8839.91 20.47 106 6 198 18444 1044 34452 23.6 24.0 23.89 0.01
157500.0 310 16.04 0.05 59096 2849.05 0.36 15781 1551.01 0.15 2771544 456785.37 20.47 310 31.23 0.15 58656 8871.14 20.47 106 6 198 18550 1050 34650 23.5 24.0 23.88 0.01
158400.0 310 16.04 0.05 59406 2865.09 0.36 15781 1551.18 0.15 2787325 458336.56 20.47 310 31.24 0.15 58966 8902.38 20.47 106 6 198 18656 1056 34848 23.5 24.0 23.88 0.01
159300.0 376 16.18 0.05 59782 2881.27 0.36 15841 1551.06 0.15 2803166 459887.62 20.47 370 31.28 0.15 59336 8933.66 20.47 106 6 198 18762 1062 35046 23.5 24.0 23.88 0.01
160200.0 354 16.81 0.36 60136 2898.08 0.36 15818 1551.34 0.15 2818984 461438.95 20.47 350 31.39 0.15 59686 8965.06 20.47 106 6 198 18868 1068 35244 23.5 24.0 23.88 0.01
161100.0 310 16.04 0.05 60446 2914.12 0.36 15778 1551.01 0.15 2834762 462989.96 20.47 310 31.23 0.15 59996 8996.29 20.47 106 6 198 18974 1074 35442 23.4 24.0 23.86 0.01
162000.0 310 16.04 0.05 60756 2930.16 0.36 15776 1551.08 0.15 2850538 464541.05 20.47 310 31.24 0.15 60306 9027.53 20.47 106 6 198 19080 1080 35640 23.4 24.0 23.86 0.01
162900.0 376 16.18 0.05 61132 2946.33 0.36 15835 1550.96 0.15 2866373 466092.01 20.47 370 31.28 0.15 60676 9058.81 20.47 106 6 198 19186 1086 35838 23.4 24.0 23.86 0.01
163800.0 354 16.81 0.36 61486 2963.15 0.36 15814 1551.14 0.15 2882187 467643.14 20.47 350 31.39 0.15 61026 9090.21 20.47 106 6 198 19292 1092 36036 23.4 24.0 23.86 0.01
164700.0 310 16.04 0.05 61796 2979.18 0.36 15773 1550.81 0.15 2897960 469193.95 20.47 310 31.23 0.15 61336 9121.44 20.47 106 6 198 19398 1098 36234 23.3 24.0 23.82 0.02
165600.0 310 16.04 0.05 62106 2995.22 0.36 15766 1550.78 0.15 2913726 470744.73 20.47 310 31.24 0.15 61646 9152.68 20.47 106 6 198 19504 1104 36432 23.3 24.0 23.82 0.02
166500.0 376 16.18 0.05 62482 3011.4 0.36 15826 1550.66 0.15 2929552 472295.39 20.47 370 31.28 0.15 62016 9183.96 20.47 106 6 198 19610 1110 36630 23.3 24.0 23.82 0.02
167400.0 354 16.81 0.36 62836 3028.22 0.36 15805 1550.94 0.15 2945357 473846.33 20.47 350 31.39 0.15 62366 9215.36 20.47 106 6 198 19716 1116 36828 23.3 24.0 23.82 0.02
168300.0 310 16.04 0.05 63146 3044.25 0.36 15765 1550.61 0.15 2961122 475396.94 20.47 310 31.23 0.15 62676 9246.59 20.47 106 6 198 19822 1122 37026 23.2 24.0 23.8 0.02
169200.0 310 16.04 0.05 63456 3060.29 0.36 15764 1550.78 0.15 2976886 476947.72 20.47 310 31.24 0.15 62986 9277.83 20.47 106 6 198 19928 1128 37224 23.2 24.0 23.79 0.02
170100.0 376 16.18 0.05 63832 3076.47 0.36 15821 1550.56 0.15 2992707 478498.28 20.47 370 31.28 0.15 63356 9309.11 20.47 106 6 198 20034 1134 37422 23.2 24.0 23.79 0.02
171000.0 354 16.81 0.36 64186 3093.28 0.36 15798 1550.54 0.15 3008505 480048.82 20.47 350 31.39 0.15 63706 9340.51 20.47 106 6 198 20140 1140 37620 23.2 24.0 23.79 0.02
171900.0 310 16.04 0.05 64496 3109.32 0.36 15758 1550.21 0.15 3024263 481599.02 20.47 310 31.23 0.15 64016 9371.74 20.47 106 6 198 20246 1146 37818 23.1 24.0 23.76 0.03
172800.0 310 16.04 0.05 64806 3125.35 0.36 15758 1550.48 0.15 3040021 483149.51 20.47 310 31.24 0.15 64326 9402.98 20.47 106 6 198 20352 1152 38016 23.1 24.0 23.74 0.02
173700.0 376 16.18 0.05 65182 3141.54 0.36 15811 1550.06 0.15 3055832 484699.57 20.47 370 31.28 0.15 64696 9434.26 20.47 106 6 198 20458 1158 38214 23.1 24.0 23.74 0.02
174600.0 354 16.81 0.36 65536 3158.35 0.36 15789 1550.24 0.15 3071621 486249.8 20.47 350 31.39 0.15 65046 9465.66 20.47 106 6 198 20564 1164 38412 23.1 24.0 23.74 0.02
175500.0 310 16.04 0.05 65846 3174.39 0.36 15747 1549.81 0.15 3087368 487799.61 20.47 310 31.23 0.15 65356 9496.89 20.47 106 6 198 20670 1170 38610 22.9 24.0 23.7 0.03
176400.0 310 16.04 0.05 66156 3190.42 0.36 15744 1549.78 0.15 3103112 489349.39 20.47 310 31.24 0.15 65666 9528.13 20.47 106 6 198 20776 1176 38808 22.9 23.9 23.68 0.03
177300.0 376 16.18 0.05 66532 3206.6 0.36 15803 1549.66 0.15 3118915 490899.05 20.47 370 31.28 0.15 66036 9559.41 20.47 106 6 198 20882 1182 39006 22.9 23.9 23.67 0.03
178200.0 354 16.81 0.36 66886 3223.42 0.36 15779 1549.74 0.15 3134694 492448.79 20.47 350 31.39 0.15 66386 9590.81 20.47 106 6 198 20988 1188 39204 22.9 23.9 23.67 0.03
179100.0 310 16.04 0.05 67196 3239.46 0.36 15735 1549.01 0.15 3150429 493997.8 20.47 310 31.23 0.15 66696 9622.04 20.47 106 6 198 21094 1194 39402 22.8 23.9 23.62 0.03
180000.0 310 16.04 0.05 67506 3255.49 0.36 15740 1549.38 0.15 3166169 495547.18 20.47 310 31.24 0.15 67006 9653.28 20.47 106 6 198 21200 1200 39600 22.8 23.9 23.58 0.02
180900.0 376 16.18 0.05 67882 3271.67 0.36 15797 1549.16 0.15 3181966 497096.34 20.47 370 31.28 0.15 67376 9684.56 20.47 106 6 198 21306 1206 39798 22.8 23.9 23.58 0.02
181800.0 354 16.81 0.36 68236 3288.49 0.36 15765 1548.64 0.15 3197731 498644.97 20.47 350 31.39 0.15 67726 9715.95 20.47 106 6 198 21412 1212 39996 22.8 23.9 23.58 0.02
182700.0 310 16.04 0.05 68546 3304.52 0.36 15730 1549.01 0.15 3213461 500193.98 20.47 310 31.23 0.15 68036 9747.18 20.47 106 6 198 21518 1218 40194 22.7 23.8 23.5 0.03
183600.0 310 16.04 0.05 68856 3320.56 0.36 15733 1548.98 0.15 3229194 501742.97 20.47 310 31.24 0.15 68346 9778.43 20.47 106 6 198 21624 1224 40392 22.7 23.8 23.44 0.02
184500.0 376 16.18 0.05 69232 3336.74 0.36 15787 1548.86 0.15 3244981 503291.82 20.47 370 31.28 0.15 68716 9809.71 20.47 106 6 198 21730 1230 40590 22.7 23.8 23.44 0.02
185400.0 354 16.81 0.36 69586 3353.56 0.36 15761 1548.94 0.15 3260742 504840.76 20.47 350 31.39 0.15 69066 9841.1 20.47 106 6 198 21836 1236 40788 22.7 23.8 23.44 0.02
186300.0 310 16.04 0.05 69896 3369.59 0.36 15728 1548.91 0.15 3276470 506389.67 20.47 310 31.23 0.15 69376 9872.33 20.47 106 6 198 21942 1242 40986 22.4 23.7 23.35 0.03
187200.0 310 16.04 0.05 70206 3385.63 0.36 15725 1549.08 0.15 3292195 507938.75 20.47 310 31.24 0.15 69686 9903.58 20.47 106 6 198 22048 1248 41184 22.4 23.7 23.26 0.02
188100.0 376 16.18 0.05 70582 3401.81 0.36 15784 1548.96 0.15 3307979 509487.71 20.47 370 31.28 0.15 70056 9934.86 20.47 106 6 198 22154 1254 41382 22.4 23.7 23.26 0.02
189000.0 354 16.81 0.36 70936 3418.62 0.36 15759 1548.94 0.15 3323738 511036.65 20.47 350 31.39 0.15 70406 9966.25 20.47 106 6 198 22260 1260 41580 22.4 23.7 23.26 0.02
189900.0 310 16.04 0.05 71246 3434.66 0.36 15720 1548.51 0.15 3339458 512585.15 20.47 310 31.23 0.15 70716 9997.48 20.47 106 6 198 22366 1266 41778 22.1 23.6 23.13 0.03
190800.0 310 16.04 0.05 71556 3450.7 0.36 15720 1548.88 0.15 3355178 514134.04 20.47 310 31.24 0.15 71026 10028.73 20.47 106 6 198 22472 1272 41976 22.1 23.5 23.02 0.03
191700.0 376 16.18 0.05 71932 3466.88 0.36 15778 1548.76 0.15 3370956 515682.8 20.47 370 31.28 0.15 71396 10060.01 20.47 106 6 198 22578 1278 42174 22.1 23.5 23.02 0.02
192600.0 354 16.81 0.36 72286 3483.69 0.36 15741 1548.24 0.15 3386697 517231.03 20.47 350 31.39 0.15 71746 10091.4 20.47 106 6 198 22684 1284 42372 22.1 23.5 23.02 0.02
193500.0 310 16.04 0.05 72596 3499.73 0.36 15708 1548.51 0.15 3402405 518779.54 20.47 310 31.23 0.15 72056 10122.63 20.47 106 6 198 22790 1290 42570 22.0 23.4 22.87 0.03
194400.0 310 16.04 0.05 72906 3515.77 0.36 15713 1548.78 0.15 3418118 520328.32 20.47 310 31.24 0.15 72366 10153.88 20.47 106 6 198 22896 1296 42768 22.0 23.3 22.74 0.03
195300.0 376 16.18 0.05 73282 3531.95 0.36 15765 1548.46 0.15 3433883 521876.78 20.47 370 31.28 0.15 72736 10185.16 20.47 106 6 198 23002 1302 42966 22.0 23.3 22.73 0.03
196200.0 354 16.81 0.36 73636 3548.76 0.36 15745 1548.73 0.15 3449628 523425.52 20.47 350 31.39 0.15 73086 10216.55 20.47 106 6 198 23108 1308 43164 22.0 23.3 22.73 0.03
197100.0 310 16.04 0.05 73946 3564.8 0.36 15709 1548.61 0.15 3465337 524974.12 20.47 310 31.23 0.15 73396 10247.78 20.47 106 6 198 23214 1314 43362 22.0 23.1 22.57 0.02
198000.0 310 16.04 0.05 74256 3580.84 0.36 15689 1548.18 0.15 3481026 526522.31 20.47 310 31.24 0.15 73706 10279.03 20.47 106 6 198 23320 1320 43560 22.0 23.1 22.42 0.03
198900.0 376 16.18 0.05 74632 3597.02 0.36 15749 1548.06 0.15 3496775 528070.36 20.47 370 31.28 0.15 74076 10310.31 20.47 106 6 198 23426 1326 43758 22.0 23.1 22.42 0.03
199800.0 354 16.81 0.36 74986 3613.83 0.36 15728 1548.33 0.15 3512503 529618.7 20.47 350 31.39 0.15 74426 10341.7 20.47 106 6 198 23532 1332 43956 22.0 23.1 22.42 0.03
200700.0 310 16.04 0.05 75296 3629.87 0.36 15692 1547.91 0.15 3528195 531166.61 20.47 310 31.23 0.15 74736 10372.93 20.47 106 6 198 23638 1338 44154 22.0 22.8 22.26 0.02
201600.0 310 16.04 0.05 75606 3645.91 0.36 15693 1548.18 0.15 3543888 532714.79 20.47 310 31.24 0.15 75046 10404.17 20.47 106 6 198 23744 1344 44352 22.0 22.8 22.19 0.02
202500.0 376 16.18 0.05 75982 3662.09 0.36 15751 1547.96 0.15 3559639 534262.75 20.47 370 31.28 0.15 75416 10435.46 20.47 106 6 198 23850 1350 44550 22.0 22.8 22.19 0.02
203400.0 354 16.81 0.36 76336 3678.9 0.36 15729 1548.23 0.15 3575368 535810.98 20.47 350 31.39 0.15 75766 10466.85 20.47 106 6 198 23956 1356 44748 22.0 22.8 22.19 0.02
204300.0 310 16.04 0.05 76646 3694.94 0.36 15692 1547.81 0.15 3591060 537358.79 20.47 310 31.23 0.15 76076 10498.08 20.47 106 6 198 24062 1362 44946 22.0 22.6 22.07 0.01
205200.0 310 16.04 0.05 76956 3710.97 0.36 15692 1547.88 0.15 3606752 538906.67 20.47 310 31.24 0.15 76386 10529.32 20.47 106 6 198 24168 1368 45144 22.0 22.6 22.06 0.01
206100.0 376 16.18 0.05 77332 3727.15 0.36 15752 1547.76 0.15 3622504 540454.43 20.47 370 31.28 0.15 76756 10560.61 20.47 106 6 198 24274 1374 45342 22.0 22.6 22.06 0.01
207000.0 354 16.81 0.36 77686 3743.97 0.36 15727 1547.93 0.15 3638231 542002.37 20.47 350 31.39 0.15 77106 10592.0 20.47 106 6 198 24380 1380 45540 22.0 22.6 22.06 0.01
207900.0 310 16.04 0.05 77996 3760.0 0.36 15689 1547.71 0.15 3653920 543550.07 20.47 310 31.23 0.15 77416 10623.23 20.47 106 6 198 24486 1386 45738 22.0 22.2 22.02 0.0
208800.0 310 16.04 0.05 78306 3776.04 0.36 15686 1547.88 0.15 3669606 545097.96 20.47 310 31.24 0.15 77726 10654.47 20.47 106 6 198 24592 1392 45936 22.0 22.2 22.02 0.0
209700.0 376 16.18 0.05 78682 3792.22 0.36 15745 1547.76 0.15 3685351 546645.72 20.47 370 31.28 0.15 78096 10685.76 20.47 106 6 198 24698 1398 46134 22.0 22.2 22.02 0.0
210600.0 354 16.81 0.36 79036 3809.03 0.36 15719 1547.83 0.15 3701070 548193.55 20.47 350 31.39 0.15 78446 10717.15 20.47 106 6 198 24804 1404 46332 22.0 22.2 22.02 0.0
211500.0 310 16.04 0.05 79346 3825.07 0.36 15675 1547.61 0.15 3716745 549741.16 20.47 310 31.23 0.15 78756 10748.38 20.47 106 6 198 24910 1410 46530 22.0 22.0 22.0 0.0
212400.0 310 16.04 0.05 79656 3841.11 0.36 15673 1547.78 0.15 3732418 551288.94 20.47 310 31.24 0.15 79066 10779.62 20.47 106 6 198 25016 1416 46728 22.0 22.0 22.0 0.0
213300.0 376 16.18 0.05 80032 3857.29 0.36 15730 1547.56 0.15 3748148 552836.5 20.47 370 31.28 0.15 79436 10810.91 20.47 106 6 198 25122 1422 46926 22.0 22.0 22.0 0.0
214200.0 354 16.81 0.36 80386 3874.1 0.36 15703 1547.73 0.15 3763851 554384.23 20.47 350 31.39 0.15 79786 10842.3 20.47 106 6 198 25228 1428 47124 22.0 22.0 22.0 0.0
215100.0 310 16.04 0.05 80696 3890.14 0.36 15661 1547.31 0.15 3779512 555931.54 20.47 310 31.23 0.15 80096 10873.53 20.47 106 6 198 25334 1434 47322 22.0 22.0 22.0 0.0
216000.0 310 16.04 0.05 81006 3906.17 0.36 15655 1547.38 0.15 3795167 557478.92 20.47 310 31.24 0.15 80406 10904.77 20.47 106 6 198 25440 1440 47520 22.0 22.0 22.0 0.0
216900.0 376 16.18 0.05 81382 3922.35 0.36 15711 1547.06 0.15 3810878 559025.98 20.47 370 31.28 0.15 80776 10936.05 20.47 106 6 198 25546 1446 47718 22.0 22.0 22.0 0.0
217800.0 354 16.81 0.36 81736 3939.17 0.36 15687 1547.13 0.15 3826565 560573.12 20.47 350 31.39 0.15 81126 10967.45 20.47 106 6 198 25652 1452 47916 22.0 22.0 22.0 0.0
218700.0 310 16.04 0.05 82046 3955.21 0.36 15641 1546.81 0.15 3842206 562119.92 20.47 310 31.23 0.15 81436 10998.68 20.47 106 6 198 25758 1458 48114 22.0 22.0 22.0 0.0
219600.0 310 16.04 0.05 82356 3971.24 0.36 15638 1546.88 0.15 3857844 563666.81 20.47 310 31.24 0.15 81746 11029.92 20.47 106 6 198 25864 1464 48312 22.0 22.0 22.0 0.0
220500.0 376 16.18 0.05 82732 3987.42 0.36 15692 1546.66 0.15 3873536 565213.46 20.47 370 31.28 0.15 82116 11061.2 20.47 106 6 198 25970 1470 48510 22.0 22.0 22.0 0.0
221400.0 354 16.82 0.36 83086 4004.24 0.36 15668 1550.73 0.15 3889204 566764.2 20.47 350 31.47 0.15 82466 11092.68 20.47 106 6 198 26076 1476 48708 22.0 22.0 22.0 0.0
222300.0 310 16.04 0.05 83396 4020.28 0.36 15720 1554.71 0.15 3904924 568318.91 20.47 310 31.35 0.15 82776 11124.03 20.47 106 6 198 26182 1482 48906 20.4 22.0 21.29 0.06
223200.0 310 16.04 0.05 83706 4036.32 0.36 15752 1556.29 0.15 3920676 569875.2 20.47 310 31.36 0.15 83086 11155.39 20.47 106 6 198 26288 1488 49104 19.8 22.0 20.58 0.15
224100.0 376 16.18 0.05 84082 4052.5 0.36 15812 1556.16 0.15 3936488 571431.36 20.47 370 31.4 0.15 83456 11186.8 20.47 106 6 198 26394 1494 49302 19.8 21.8 20.56 0.13
225000.0 354 16.82 0.36 84436 4069.32 0.36 15792 1554.93 0.15 3952280 572986.29 20.47 350 31.49 0.15 83806 11218.28 20.47 106 6 198 26500 1500 49500 19.8 21.8 20.56 0.13
225900.0 310 16.04 0.05 84746 4085.36 0.36 15755 1555.63 0.15 3968035 574541.92 20.47 310 31.34 0.15 84116 11249.62 20.47 106 6 198 26606 1506 49698 19.8 21.7 20.5 0.12
226800.0 310 16.04 0.05 85056 4101.4 0.36 15756 1555.91 0.15 3983791 576097.83 20.47 310 31.35 0.15 84426 11280.97 20.47 106 6 198 26712 1512 49896 19.8 21.7 20.46 0.14
227700.0 376 16.18 0.05 85432 4117.58 0.36 15816 1555.78 0.15 3999607 577653.62 20.47 370 31.39 0.15 84796 11312.36 20.47 106 6 198 26818 1518 50094 19.8 21.7 20.46 0.14
228600.0 354 16.82 0.36 85786 4134.39 0.36 15792 1557.69 0.15 4015399 579211.3 20.47 350 31.54 0.15 85146 11343.9 20.47 106 6 198 26924 1524 50292 19.8 21.7 20.46 0.14
229500.0 310 16.04 0.05 86096 4150.43 0.36 15755 1555.93 0.15 4031154 580767.23 20.47 310 31.34 0.15 85456 11375.25 20.47 106 6 198 27030 1530 50490 19.8 21.6 20.45 0.14
230400.0 310 16.04 0.05 86406 4166.47 0.36 15757 1556.11 0.15 4046911 582323.34 20.47 310 31.36 0.15 85766 11406.6 20.47 106 6 198 27136 1536 50688 19.9 21.6 20.45 0.14
231300.0 376 16.18 0.05 86782 4182.65 0.36 15813 1555.88 0.15 4062724 583879.22 20.47 370 31.4 0.15 86136 11438.0 20.47 106 6 198 27242 1542 50886 19.8 21.6 20.45 0.14
232200.0 354 16.82 0.36 87136 4199.47 0.36 15789 1555.2 0.15 4078513 585434.41 20.47 350 31.49 0.15 86486 11469.49 20.47 106 6 198 27348 1548 51084 19.8 21.6 20.45 0.14
233100.0 310 16.04 0.05 87446 4215.51 0.36 15753 1556.59 0.15 4094266 586991.0 20.47 310 31.36 0.15 86796 11500.85 20.47 106 6 198 27454 1554 51282 19.8 21.5 20.48 0.15
234000.0 310 16.04 0.05 87756 4231.55 0.36 15752 1556.77 0.15 4110018 588547.77 20.47 310 31.37 0.15 87106 11532.22 20.47 106 6 198 27560 1560 51480 19.8 21.5 20.48 0.15
234900.0 376 16.18 0.05 88132 4247.73 0.36 15812 1556.64 0.15 4125830 590104.42 20.47 370 31.41 0.15 87476 11563.63 20.47 106 6 198 27666 1566 51678 19.8 21.5 20.48 0.15
235800.0 354 16.82 0.36 88486 4264.55 0.36 15784 1554.5 0.15 4141614 591658.91 20.47 350 31.48 0.15 87826 11595.11 20.47 106 6 198 27772 1572 51876 19.8 21.5 20.48 0.15
236700.0 310 16.04 0.05 88796 4280.58 0.36 15740 1551.49 0.15 4157354 593210.4 20.47 310 31.27 0.15 88136 11626.38 20.47 106 6 198 27878 1578 52074 19.8 21.4 20.5 0.16
237600.0 310 16.04 0.05 89106 4296.62 0.36 15743 1551.97 0.15 4173097 594762.37 20.47 310 31.28 0.15 88446 11657.66 20.47 106 6 198 27984 1584 52272 19.8 21.4 20.54 0.15
238500.0 376 16.18 0.05 89482 4312.8 0.36 15801 1551.84 0.15 4188898 596314.21 20.47 370 31.32 0.15 88816 11688.98 20.47 106 6 198 28090 1590 52470 19.7 21.4 20.54 0.15
239400.0 354 16.82 0.36 89836 4329.62 0.36 15772 1554.38 0.15 4204670 597868.59 20.47 350 31.48 0.15 89166 11720.47 20.47 106 6 198 28196 1596 52668 19.7 21.4 20.54 0.15
240300.0 310 16.04 0.05 90146 4345.65 0.36 15730 1553.65 0.15 4220400 599422.25 20.47 310 31.32 0.15 89476 11751.78 20.47 106 6 198 28302 1602 52866 19.7 21.6 20.57 0.16
241200.0 310 16.04 0.05 90456 4361.69 0.36 15729 1554.03 0.15 4236129 600976.28 20.47 310 31.33 0.15 89786 11783.11 20.47 106 6 198 28408 1608 53064 19.7 21.6 20.59 0.16
242100.0 376 16.18 0.05 90832 4377.88 0.36 15789 1553.91 0.15 4251918 602530.18 20.47 370 31.37 0.15 90156 11814.48 20.47 106 6 198 28514 1614 53262 19.7 21.6 20.59 0.16
243000.0 354 16.82 0.36 91186 4394.69 0.36 15765 1553.38 0.15 4267683 604083.57 20.47 350 31.47 0.15 90506 11845.94 20.47 106 6 198 28620 1620 53460 19.7 21.6 20.59 0.16
243900.0 310 16.04 0.05 91496 4410.73 0.36 15718 1554.13 0.15 4283401 605637.7 20.47 310 31.33 0.15 90816 11877.27 20.47 106 6 198 28726 1626 53658 19.7 21.8 20.61 0.18
244800.0 310 16.04 0.05 91806 4426.77 0.36 15725 1554.51 0.15 4299126 607192.21 20.47 310 31.34 0.15 91126 11908.62 20.47 106 6 198 28832 1632 53856 19.7 21.8 20.64 0.17
245700.0 376 16.18 0.05 92182 4442.95 0.36 15785 1554.38 0.15 4314911 608746.59 20.47 370 31.38 0.15 91496 11940.0 20.47 106 6 198 28938 1638 54054 19.6 21.8 20.64 0.17
246600.0 354 16.82 0.36 92536 4459.77 0.36 15753 1555.63 0.15 4330664 610302.22 20.47 350 31.52 0.15 91846 11971.52 20.47 106 6 198 29044 1644 54252 19.6 21.8 20.64 0.17
247500.0 310 16.04 0.05 92846 4475.81 0.36 15726 1554.28 0.15 4346390 611856.49 20.47 310 31.33 0.15 92156 12002.85 20.47 106 6 198 29150 1650 54450 19.6 21.9 20.6 0.18
248400.0 310 16.04 0.05 93156 4491.85 0.36 15728 1554.65 0.15 4362118 613411.14 20.47 310 31.35 0.15 92466 12034.2 20.47 106 6 198 29256 1656 54648 19.6 21.9 20.62 0.19
249300.0 376 16.18 0.05 93532 4508.03 0.36 15783 1554.53 0.15 4377901 614965.67 20.47 370 31.39 0.15 92836 12065.59 20.47 106 6 198 29362 1662 54846 19.5 21.9 20.62 0.19
250200.0 354 16.82 0.36 93886 4524.84 0.36 15739 1552.86 0.15 4393640 616518.53 20.47 350 31.48 0.15 93186 12097.07 20.47 106 6 198 29468 1668 55044 19.5 21.9 20.62 0.19
251100.0 310 16.04 0.05 94196 4540.88 0.36 15722 1553.09 0.15 4409362 618071.62 20.47 310 31.31 0.15 93496 12128.38 20.47 106 6 198 29574 1674 55242 19.5 22.0 20.58 0.2
252000.0 310 16.04 0.05 94506 4556.92 0.36 15723 1553.18 0.15 4425085 619624.8 20.47 310 31.33 0.15 93806 12159.71 20.47 106 6 198 29680 1680 55440 19.5 22.0 20.56 0.22
252900.0 376 16.18 0.05 94882 4573.1 0.36 15779 1552.75 0.15 4440864 621177.55 20.47 370 31.37 0.15 94176 12191.07 20.47 106 6 198 29786 1686 55638 19.5 22.0 20.56 0.22
253800.0 354 16.82 0.36 95236 4589.92 0.36 15737 1552.5 0.15 4456601 622730.05 20.47 350 31.48 0.15 94526 12222.56 20.47 106 6 198 29892 1692 55836 19.5 22.0 20.56 0.22
254700.0 310 16.04 0.05 95546 4605.96 0.36 15756 1555.11 0.15 4472357 624285.16 20.47 310 31.33 0.15 94836 12253.89 20.47 106 6 198 29998 1698 56034 19.5 21.8 20.43 0.22
255600.0 310 16.04 0.05 95856 4622.0 0.36 15761 1555.59 0.15 4488118 625840.75 20.47 310 31.34 0.15 95146 12285.23 20.47 106 6 198 30104 1704 56232 19.5 21.8 20.4 0.23
256500.0 376 16.18 0.05 96232 4638.18 0.36 15821 1555.47 0.15 4503939 627396.22 20.47 370 31.38 0.15 95516 12316.61 20.47 106 6 198 30210 1710 56430 19.3 21.8 20.39 0.23
257400.0 354 16.82 0.36 96586 4655.0 0.36 15767 1553.24 0.15 4519706 628949.46 20.47 350 31.46 0.15 95866 12348.07 20.47 106 6 198 30316 1716 56628 19.3 21.8 20.39 0.23
258300.0 310 16.04 0.05 96896 4671.03 0.36 15767 1555.23 0.15 4535473 630504.7 20.47 310 31.32 0.15 96176 12379.4 20.47 106 6 198 30422 1722 56826 19.3 21.8 20.23 0.22
259200.0 310 16.04 0.05 97206 4687.07 0.36 15771 1555.61 0.15 4551244 632060.31 20.47 310 31.34 0.15 96486 12410.73 20.47 106 6 198 30528 1728 57024 19.3 21.6 20.14 0.26
260100.0 376 16.18 0.05 97582 4703.26 0.36 15831 1555.49 0.15 4567075 633615.8 20.47 370 31.38 0.15 96856 12442.11 20.47 106 6 198 30634 1734 57222 19.2 21.6 20.14 0.26
261000.0 356 16.93 0.36 97938 4720.19 0.36 16120 171704.09 20.5 4583195 805319.88 20.5 352 3332.45 20.5 97208 15774.56 20.5 106 6 198 30740 1740 57420 19.2 21.6 20.14 0.26
261900.0 310 16.04 0.05 98248 4736.23 0.36 15822 1564.93 0.16 4599017 806884.82 20.5 310 31.45 0.16 97518 15806.01 20.5 106 6 198 30846 1746 57618 18.9 21.6 19.8 0.23
262800.0 310 16.04 0.05 98558 4752.27 0.36 15826 1565.23 0.16 4614843 808450.05 20.5 310 31.47 0.16 97828 15837.48 20.5 106 6 198 30952 1752 57816 18.9 20.8 19.62 0.23
263700.0 376 16.18 0.05 98934 4768.45 0.36 15886 1565.09 0.16 4630729 810015.14 20.5 370 31.51 0.16 98198 15868.99 20.5 106 6 198 31058 1758 58014 18.9 20.8 19.62 0.24
264600.0 356 16.94 0.36 99290 4785.39 0.36 16177 171890.44 20.5 4646906 981905.58 20.5 352 3331.97 20.5 98550 19200.96 20.5 106 6 198 31164 1764 58212 18.9 20.8 19.62 0.24
265500.0 310 16.06 0.05 99600 4801.45 0.36 15871 1613.49 0.16 4662777 983519.07 20.5 310 32.39 0.16 98860 19233.35 20.5 106 6 198 31270 1770 58410 17.3 20.2 18.35 0.22
266400.0 310 16.06 0.05 99910 4817.51 0.36 15889 1614.29 0.16 4678666 985133.36 20.5 310 32.4 0.16 99170 19265.75 20.5 106 6 198 31376 1776 58608 17.3 20.2 17.82 0.05
267300.0 376 16.2 0.05 100286 4833.71 0.36 15949 1614.15 0.16 4694615 986747.51 20.5 370 32.44 0.16 99540 19298.19 20.5 106 6 198 31482 1782 58806 17.3 18.8 17.81 0.03
268200.0 356 16.95 0.36 100642 4850.66 0.36 16239 171786.37 20.49 4710854 1158533.89 20.5 352 3330.32 20.49 99892 22628.51 20.5 106 6 198 31588 1788 59004 17.3 18.8 17.81 0.03
269100.0 310 16.06 0.05 100952 4866.72 0.36 15877 1608.39 0.16 4726731 1160142.28 20.5 310 32.28 0.16 100202 22660.79 20.5 106 6 198 31694 1794 59202 17.3 18.7 17.78 0.02
270000.0 310 16.06 0.05 101262 4882.77 0.36 15877 1608.59 0.16 4742608 1161750.87 20.5 310 32.3 0.16 100512 22693.08 20.5 106 6 198 31800 1800 59400 17.3 18.7 17.76 0.03
270900.0 376 16.2 0.05 101638 4898.97 0.36 15937 1608.44 0.16 4758545 1163359.31 20.5 370 32.33 0.16 100882 22725.42 20.5 106 6 198 31906 1806 59598 17.3 18.7 17.76 0.03
271800.0 354 16.83 0.36 101992 4915.81 0.36 15916 1607.44 0.16 4774461 1164966.75 20.5 350 32.42 0.16 101232 22757.84 20.5 106 6 198 32012 1812 59796 17.3 18.7 17.76 0.03
272700.0 310 16.06 0.05 102302 4931.86 0.36 15876 1607.1 0.16 4790337 1166573.85 20.5 310 32.26 0.16 101542 22790.1 20.5 106 6 198 32118 1818 59994 17.3 18.6 17.75 0.02
273600.0 310 16.06 0.05 102612 4947.92 0.36 15879 1607.39 0.16 4806216 1168181.23 20.5 310 32.27 0.16 101852 22822.37 20.5 106 6 198 32224 1824 60192 17.3 18.6 17.74 0.02
274500.0 376 16.2 0.05 102988 4964.12 0.36 15939 1607.25 0.16 4822155 1169788.48 20.5 370 32.31 0.16 102222 22854.68 20.5 106 6 198 32330 1830 60390 17.3 18.6 17.74 0.02
275400.0 354 16.84 0.36 103342 4980.95 0.36 15919 1613.32 0.16 4838074 1171401.8 20.5 350 32.54 0.16 102572 22887.22 20.5 106 6 198 32436 1836 60588 17.3 18.6 17.74 0.02
276300.0 310 16.06 0.05 103652 4997.01 0.36 15876 1607.94 0.16 4853950 1173009.74 20.5 310 32.28 0.16 102882 22919.5 20.5 106 6 198 32542 1842 60786 17.3 18.5 17.72 0.02
277200.0 310 16.06 0.05 103962 5013.07 0.36 15873 1608.02 0.16 4869823 1174617.76 20.5 310 32.29 0.16 103192 22951.79 20.5 106 6 198 32648 1848 60984 17.3 18.5 17.71 0.02
278100.0 376 16.2 0.05 104338 5029.26 0.36 15933 1607.89 0.16 4885756 1176225.65 20.5 370 32.33 0.16 103562 22984.12 20.5 106 6 198 32754 1854 61182 17.3 18.5 17.71 0.02
279000.0 354 16.83 0.36 104692 5046.09 0.36 15910 1603.6 0.16 4901666 1177829.25 20.5 350 32.35 0.16 103912 23016.47 20.5 106 6 198 32860 1860 61380 17.3 18.5 17.71 0.02
279900.0 310 16.06 0.05 105002 5062.15 0.36 15872 1608.28 0.16 4917538 1179437.53 20.5 310 32.28 0.16 104222 23048.75 20.5 106 6 198 32966 1866 61578 17.3 18.4 17.69 0.02
280800.0 310 16.06 0.05 105312 5078.21 0.36 15873 1608.59 0.16 4933411 1181046.12 20.5 310 32.3 0.16 104532 23081.04 20.5 106 6 198 33072 1872 61776 17.3 18.4 17.69 0.02
281700.0 376 16.2 0.05 105688 5094.41 0.36 15930 1608.34 0.16 4949341 1182654.45 20.5 370 32.33 0.16 104902 23113.38 20.5 106 6 198 33178 1878 61974 17.3 18.4 17.69 0.02
282600.0 354 16.83 0.36 106042 5111.24 0.36 15903 1608.25 0.16 4965244 1184262.7 20.5 350 32.44 0.16 105252 23145.82 20.5 106 6 198 33284 1884 62172 17.3 18.4 17.69 0.02
283500.0 310 16.05 0.05 106352 5127.29 0.36 15864 1602.67 0.16 4981108 1185865.37 20.5 310 32.18 0.16 105562 23178.0 20.5 106 6 198 33390 1890 62370 17.3 18.3 17.68 0.02
284400.0 310 16.05 0.05 106662 5143.35 0.36 15866 1602.94 0.16 4996974 1187468.31 20.5 310 32.19 0.16 105872 23210.19 20.5 106 6 198 33496 1896 62568 17.3 18.3 17.67 0.02
285300.0 376 16.2 0.05 107038 5159.55 0.36 15925 1602.82 0.16 5012899 1189071.14 20.5 370 32.23 0.16 106242 23242.42 20.5 106 6 198 33602 1902 62766 17.3 18.3 17.67 0.02
286200.0 354 16.83 0.36 107392 5176.38 0.36 15903 1602.09 0.16 5028802 1190673.22 20.5 350 32.32 0.16 106592 23274.74 20.5 106 6 198 33708 1908 62964 17.3 18.3 17.67 0.02
287100.0 310 16.05 0.05 107702 5192.43 0.36 15861 1601.86 0.16 5044663 1192275.08 20.5 310 32.16 0.16 106902 23306.9 20.5 106 6 198 33814 1914 63162 17.3 18.2 17.67 0.01
288000.0 310 16.05 0.05 108012 5208.49 0.36 15855 1601.74 0.16 5060518 1193876.82 20.5 310 32.18 0.16 107212 23339.07 20.5 106 6 198 33920 1920 63360 17.3 18.2 17.66 0.01
288900.0 376 16.2 0.05 108388 5224.68 0.36 15915 1601.61 0.16 5076433 1195478.44 20.5 370 32.21 0.16 107582 23371.29 20.5 106 6 198 34026 1926 63558 17.3 18.2 17.66 0.01
289800.0 354 16.83 0.36 108742 5241.52 0.36 15892 1607.67 0.16 5092325 1197086.11 20.5 350 32.44 0.16 107932 23403.73 20.5 106 6 198 34132 1932 63756 17.3 18.2 17.66 0.01
290700.0 310 16.06 0.05 109052 5257.58 0.36 15856 1612.37 0.16 5108181 1198698.48 20.5 310 32.37 0.16 108242 23436.1 20.5 106 6 198 34238 1938 63954 17.3 18.2 17.66 0.01
291600.0 310 16.06 0.05 109362 5273.63 0.36 15855 1612.47 0.16 5124036 1200310.95 20.5 310 32.39 0.16 108552 23468.49 20.5 106 6 198 34344 1944 64152 17.3 18.1 17.66 0.01
292500.0 376 16.2 0.05 109738 5289.84 0.36 15910 1612.13 0.16 5139946 1201923.08 20.5 370 32.43 0.16 108922 23500.92 20.5 106 6 198 34450 1950 64350 17.3 18.1 17.66 0.01
293400.0 354 16.84 0.36 110092 5306.67 0.36 15887 1612.42 0.16 5155833 1203535.5 20.5 350 32.54 0.16 109272 23533.46 20.5 106 6 198 34556 1956 64548 17.3 18.1 17.66 0.01
294300.0 310 16.06 0.05 110402 5322.73 0.36 15853 1606.84 0.16 5171686 1205142.34 20.5 310 32.26 0.16 109582 23565.72 20.5 106 6 198 34662 1962 64746 17.3 18.1 17.66 0.01
295200.0 310 16.06 0.05 110712 5338.78 0.36 15855 1607.04 0.16 5187541 1206749.38 20.5 310 32.28 0.16 109892 23598.0 20.5 106 6 198 34768 1968 64944 17.4 18.0 17.66 0.01
296100.0 376 16.2 0.05 111088 5354.98 0.36 15915 1606.89 0.16 5203456 1208356.27 20.5 370 32.32 0.16 110262 23630.32 20.5 106 6 198 34874 1974 65142 17.4 18.0 17.66 0.01
297000.0 354 16.83 0.36 111442 5371.82 0.36 15889 1606.99 0.16 5219345 1209963.26 20.5 350 32.43 0.16 110612 23662.75 20.5 106 6 198 34980 1980 65340 17.4 18.0 17.66 0.01
297900.0 310 16.06 0.05 111752 5387.87 0.36 15845 1611.97 0.16 5235190 1211575.23 20.5 310 32.37 0.16 110922 23695.12 20.5 106 6 198 35086 1986 65538 17.4 18.0 17.66 0.01
298800.0 310 16.06 0.05 112062 5403.93 0.36 15848 1612.37 0.16 5251038 1213187.6 20.5 310 32.39 0.16 111232 23727.51 20.5 106 6 198 35192 1992 65736 17.4 18.0 17.66 0.01
299700.0 376 16.2 0.05 112438 5420.13 0.36 15908 1612.23 0.16 5266946 1214799.83 20.5 370 32.43 0.16 111602 23759.93 20.5 106 6 198 35298 1998 65934 17.4 18.0 17.66 0.01
300600.0 354 16.84 0.36 112792 5436.97 0.36 15887 1612.52 0.16 5282833 1216412.35 20.5 350 32.54 0.16 111952 23792.47 20.5 106 6 198 35404 2004 66132 17.4 18.0 17.66 0.01
301500.0 310 16.06 0.05 113102 5453.03 0.36 15847 1605.78 0.16 5298680 1218018.12 20.5 310 32.25 0.16 112262 23824.73 20.5 106 6 198 35510 2010 66330 17.4 18.0 17.66 0.01
302400.0 310 16.06 0.05 113412 5469.08 0.36 15848 1606.08 0.16 5314528 1219624.2 20.5 310 32.27 0.16 112572 23856.99 20.5 106 6 198 35616 2016 66528 17.4 17.9 17.66 0.01
303300.0 376 16.2 0.05 113788 5485.28 0.36 15904 1605.82 0.16 5330432 1221230.02 20.5 370 32.3 0.16 112942 23889.3 20.5 106 6 198 35722 2022 66726 17.4 17.9 17.66 0.01
304200.0 354 16.83 0.36 114142 5502.11 0.36 15880 1601.55 0.16 5346312 1222831.57 20.5 350 32.33 0.16 113292 23921.62 20.5 106 6 198 35828 2028 66924 17.4 17.9 17.66 0.01
305100.0 310 16.06 0.05 114452 5518.17 0.36 15844 1607.28 0.16 5362156 1224438.85 20.5 310 32.28 0.16 113602 23953.9 20.5 106 6 198 35934 2034 67122 17.4 17.9 17.66 0.01
306000.0 310 16.06 0.05 114762 5534.23 0.36 15845 1607.59 0.16 5378001 1226046.44 20.5 310 32.3 0.16 113912 23986.2 20.5 106 6 198 36040 2040 67320 17.4 17.8 17.66 0.01
306900.0 376 16.2 0.05 115138 5550.43 0.36 15905 1607.44 0.16 5393906 1227653.88 20.5 370 32.33 0.16 114282 24018.53 20.5 106 6 198 36146 2046 67518 17.4 17.9 17.66 0.01
307800.0 354 16.84 0.36 115492 5567.26 0.36 15881 1612.22 0.16 5409787 1229266.1 20.5 350 32.54 0.16 114632 24051.07 20.5 106 6 198 36252 2052 67716 17.4 17.9 17.66 0.01
308700.0 310 16.06 0.05 115802 5583.32 0.36 15843 1611.87 0.16 5425630 1230877.97 20.5 310 32.37 0.16 114942 24083.45 20.5 106 6 198 36358 2058 67914 17.4 17.9 17.67 0.01
309600.0 310 16.06 0.05 116112 5599.38 0.36 15841 1611.97 0.16 5441471 1232489.94 20.5 310 32.39 0.16 115252 24115.84 20.5 106 6 198 36464 2064 68112 17.4 17.9 17.68 0.01
310500.0 376 16.2 0.05 116488 5615.58 0.36 15901 1611.83 0.16 5457372 1234101.77 20.5 370 32.43 0.16 115622 24148.26 20.5 106 6 198 36570 2070 68310 17.4 17.9 17.68 0.01
311400.0 354 16.84 0.36 116842 5632.42 0.36 15872 1611.82 0.16 5473244 1235713.59 20.5 350 32.54 0.16 115972 24180.8 20.5 106 6 198 36676 2076 68508 17.4 17.9 17.68 0.01
312300.0 310 16.06 0.05 117152 5648.47 0.36 15832 1605.94 0.16 5489076 1237319.53 20.5 310 32.26 0.16 116282 24213.06 20.5 106 6 198 36782 2082 68706 17.4 17.9 17.68 0.01
313200.0 310 16.06 0.05 117462 5664.53 0.36 15832 1606.24 0.16 5504908 1238925.77 20.5 310 32.28 0.16 116592 24245.34 20.5 106 6 198 36888 2088 68904 17.4 18.0 17.69 0.01
314100.0 376 16.2 0.05 117838 5680.73 0.36 15887 1605.89 0.16 5520795 1240531.66 20.5 370 32.32 0.16 116962 24277.66 20.5 106 6 198 36994 2094 69102 17.3 18.0 17.69 0.01
315000.0 354 16.83 0.36 118192 5697.56 0.36 15862 1606.09 0.16 5536657 1242137.75 20.5 350 32.43 0.16 117312 24310.09 20.5 106 6 198 37100 2100 69300 17.3 18.0 17.69 0.01
315900.0 310 16.06 0.05 118502 5713.62 0.36 15825 1606.34 0.16 5552482 1243744.08 20.5 310 32.28 0.16 117622 24342.37 20.5 106 6 198 37206 2106 69498 17.3 18.0 17.69 0.01
316800.0 310 16.06 0.05 118812 5729.67 0.36 15823 1606.32 0.16 5568305 1245350.41 20.5 310 32.29 0.16 117932 24374.66 20.5 106 6 198 37312 2112 69696 17.3 18.1 17.7 0.01
317700.0 376 16.2 0.05 119188 5745.87 0.36 15883 1606.19 0.16 5584188 1246956.59 20.5 370 32.33 0.16 118302 24406.99 20.5 106 6 198 37418 2118 69894 17.3 18.1 17.7 0.01
318600.0 354 16.83 0.36 119542 5762.71 0.36 15852 1606.17 0.16 5600040 1248562.77 20.5 350 32.44 0.16 118652 24439.43 20.5 106 6 198 37524 2124 70092 17.3 18.1 17.7 0.01
319500.0 310 16.06 0.05 119852 5778.76 0.36 15811 1610.87 0.16 5615851 1250173.64 20.5 310 32.37 0.16 118962 24471.8 20.5 106 6 198 37630 2130 70290 17.3 18.1 17.71 0.01
320400.0 310 16.06 0.05 120162 5794.82 0.36 15812 1611.07 0.16 5631663 1251784.71 20.5 310 32.39 0.16 119272 24504.19 20.5 106 6 198 37736 2136 70488 17.3 18.2 17.71 0.02
321300.0 376 16.2 0.05 120538 5811.02 0.36 15869 1610.83 0.16 5647532 1253395.54 20.5 370 32.43 0.16 119642 24536.61 20.5 106 6 198 37842 2142 70686 17.3 18.2 17.71 0.02
322200.0 354 16.83 0.36 120892 5827.85 0.36 15840 1596.87 0.16 5663372 1254992.41 20.5 350 32.26 0.16 119992 24568.88 20.5 106 6 198 37948 2148 70884 17.3 18.2 17.71 0.02
323100.0 310 16.05 0.05 121202 5843.9 0.36 15795 1590.17 0.16 5679167 1256582.57 20.5 310 31.98 0.16 120302 24600.85 20.5 106 6 198 38054 2154 71082 17.3 18.2 17.72 0.02
324000.0 310 16.05 0.05 121512 5859.96 0.36 15801 1590.48 0.16 5694968 1258173.05 20.5 310 31.99 0.16 120612 24632.84 20.5 106 6 198 38160 2160 71280 17.3 18.2 17.72 0.02
324900.0 376 16.19 0.05 121888 5876.15 0.36 15859 1590.32 0.16 5710827 1259763.37 20.5 370 32.03 0.16 120982 24664.87 20.5 106 6 198 38266 2166 71478 17.3 18.2 17.72 0.02
325800.0 354 16.83 0.36 122242 5892.98 0.36 15831 1604.22 0.16 5726658 1261367.59 20.5 350 32.42 0.16 121332 24697.29 20.5 106 6 198 38372 2172 71676 17.3 18.2 17.72 0.02
326700.0 310 16.06 0.05 122552 5909.04 0.36 15782 1609.77 0.16 5742440 1262977.36 20.5 310 32.37 0.16 121642 24729.66 20.5 106 6 198 38478 2178 71874 17.3 18.2 17.73 0.02
327600.0 310 16.06 0.05 122862 5925.1 0.36 15786 1610.37 0.16 5758226 1264587.73 20.5 310 32.39 0.16 121952 24762.05 20.5 106 6 198 38584 2184 72072 17.3 18.3 17.73 0.02
328500.0 376 16.2 0.05 123238 5941.3 0.36 15843 1610.03 0.16 5774069 1266197.75 20.5 370 32.43 0.16 122322 24794.48 20.5 106 6 198 38690 2190 72270 17.2 18.3 17.73 0.02
329400.0 354 16.84 0.36 123592 5958.14 0.36 15815 1610.02 0.16 5789884 1267807.78 20.5 350 32.54 0.16 122672 24827.01 20.5 106 6 198 38796 2196 72468 17.2 18.3 17.73 0.02
330300.0 310 16.06 0.05 123902 5974.19 0.36 15774 1609.37 0.16 5805658 1269417.15 20.5 310 32.37 0.16 122982 24859.39 20.5 106 6 198 38902 2202 72666 17.2 18.3 17.74 0.02
331200.0 310 16.06 0.05 124212 5990.25 0.36 15783 1609.87 0.16 5821441 1271027.02 20.5 310 32.39 0.16 123292 24891.78 20.5 106 6 198 39008 2208 72864 17.2 18.4 17.75 0.03
332100.0 376 16.2 0.05 124588 6006.45 0.36 15839 1609.63 0.16 5837280 1272636.64 20.5 370 32.43 0.16 123662 24924.2 20.5 106 6 198 39114 2214 73062 17.2 18.4 17.75 0.03
333000.0 354 16.83 0.36 124942 6023.29 0.36 15798 1604.94 0.16 5853078 1274241.58 20.5 350 32.45 0.16 124012 24956.65 20.5 106 6 198 39220 2220 73260 17.2 18.4 17.75 0.03
333900.0 310 16.06 0.05 125252 6039.34 0.36 15754 1604.58 0.16 5868832 1275846.17 20.5 310 32.28 0.16 124322 24988.93 20.5 106 6 198 39326 2226 73458 17.2 18.4 17.75 0.03
334800.0 310 16.06 0.05 125562 6055.4 0.36 15756 1605.09 0.16 5884588 1277451.25 20.5 310 32.3 0.16 124632 25021.23 20.5 106 6 198 39432 2232 73656 17.2 18.5 17.76 0.03
335700.0 376 16.2 0.05 125938 6071.6 0.36 15800 1604.44 0.16 5900388 1279055.69 20.5 370 32.33 0.16 125002 25053.56 20.5 106 6 198 39538 2238 73854 17.2 18.5 17.76 0.03
336600.0 354 16.84 0.36 126292 6088.44 0.36 15765 1608.82 0.16 5916153 1280664.51 20.5 350 32.54 0.16 125352 25086.1 20.5 106 6 198 39644 2244 74052 17.2 18.5 17.76 0.03
337500.0 310 16.06 0.05 126602 6104.49 0.36 15723 1608.47 0.16 5931876 1282272.98 20.5 310 32.37 0.16 125662 25118.47 20.5 106 6 198 39750 2250 74250 17.2 18.5 17.77 0.03
338400.0 310 16.06 0.05 126912 6120.55 0.36 15726 1608.47 0.16 5947602 1283881.45 20.5 310 32.39 0.16 125972 25150.86 20.5 106 6 198 39856 2256 74448 17.2 18.5 17.77 0.04
339300.0 376 16.2 0.05 127288 6136.75 0.36 15774 1607.93 0.16 5963376 1285489.38 20.5 370 32.43 0.16 126342 25183.29 20.5 106 6 198 39962 2262 74646 17.2 18.5 17.77 0.04
340200.0 354 16.83 0.36 127642 6153.59 0.36 15728 1601.44 0.16 5979104 1287090.82 20.5 350 32.42 0.16 126692 25215.71 20.5 106 6 198 40068 2268 74844 17.2 18.5 17.77 0.04
341100.0 310 16.06 0.05 127952 6169.64 0.36 15675 1600.7 0.16 5994779 1288691.51 20.5 310 32.26 0.16 127002 25247.97 20.5 106 6 198 40174 2274 75042 17.2 18.5 17.78 0.04
342000.0 310 16.06 0.05 128262 6185.7 0.36 15671 1600.49 0.16 6010450 1290292.0 20.5 310 32.27 0.16 127312 25280.24 20.5 106 6 198 40280 2280 75240 17.2 18.5 17.78 0.04
342900.0 376 16.2 0.05 128638 6201.9 0.36 15724 1599.95 0.16 6026174 1291891.95 20.5 370 32.31 0.16 127682 25312.55 20.5 106 6 198 40386 2286 75438 17.2 18.5 17.78 0.04
343800.0 354 16.83 0.36 128992 6218.73 0.36 15695 1592.8 0.16 6041869 1293484.75 20.5 350 32.28 0.16 128032 25344.83 20.5 106 6 198 40492 2292 75636 17.2 18.5 17.78 0.04
344700.0 310 16.05 0.05 129302 6234.78 0.36 15651 1592.17 0.16 6057520 1295076.91 20.5 310 32.11 0.16 128342 25376.95 20.5 106 6 198 40598 2298 75834 17.2 18.5 17.78 0.04
345600.0 310 16.05 0.05 129612 6250.83 0.36 15651 1592.25 0.16 6073171 1296669.16 20.5 310 32.13 0.16 128652 25409.08 20.5 106 6 198 40704 2304 76032 17.2 18.6 17.78 0.04
